1880000 115
1880010 115
1880020 115
1880030 115
1880040 115
1880050 115
1880060 115
1880070 115
1880080 115
1880090 115
1880100 115
1880110 115
1880120 115
1880130 115
1880140 115
1880150 115
1880160 115
1880170 115
1880180 115
1880190 115
1880200 115
1880210 115
1880220 115
1880230 115
1880240 115
1880250 115
1880260 115
1880270 115
1880280 115
1880290 115
1880300 115
1880310 115
1880320 115
1880330 115
1880340 115
1880350 115
1880360 115
1880370 115
1880380 115
1880390 115
1880400 115
1880410 115
1880420 115
1880430 115
1880440 115
1880450 115
1880460 115
1880470 115
1880480 115
1880490 115
1880500 115
1880510 115
1880520 115
1880530 115
1880540 115
1880550 115
1880560 115
1880570 115
1880580 115
1880590 115
1880600 115
1880610 115
1880620 115
1880630 115
1880640 115
1880650 115
1880660 115
1880670 115
1880680 115
1880690 115
1880700 115
1880710 115
1880720 115
1880730 115
1880740 115
1880750 115
1880760 115
1880770 115
1880780 115
1880790 115
1880800 115
1880810 115
1880820 115
1880830 115
1880840 115
1880850 115
1880860 115
1880870 115
1880880 115
1880890 115
1880900 115
1880910 115
1880920 115
1880930 115
1880940 115
1880950 116
1880960 115
1880970 115
1880980 115
1880990 115
1881000 115
1881010 115
1881020 116
1881030 116
1881040 116
1881050 116
1881060 116
1881070 116
1881080 116
1881090 116
1881100 116
1881110 116
1881120 116
1881130 116
1881140 115
1881150 115
1881160 115
1881170 115
1881180 115
1881190 115
1881200 115
1881210 115
1881220 115
1881230 115
1881240 115
1881250 115
1881260 115
1881270 115
1881280 115
1881290 116
1881300 115
1881310 115
1881320 115
1881330 115
1881340 115
1881350 116
1881360 116
1881370 116
1881380 115
1881390 115
1881400 115
1881410 115
1881420 115
1881430 115
1881440 115
1881450 115
1881460 115
1881470 115
1881480 115
1881490 115
1881500 115
1881510 115
1881520 115
1881530 115
1881540 115
1881550 115
1881560 115
1881570 116
1881580 116
1881590 116
1881600 116
1881610 116
1881620 115
1881630 115
1881640 116
1881650 116
1881660 116
1881670 116
1881680 116
1881690 116
1881700 116
1881710 116
1881720 116
1881730 116
1881740 116
1881750 116
1881760 116
1881770 116
1881780 116
1881790 116
1881800 116
1881810 116
1881820 116
1881830 116
1881840 116
1881850 116
1881860 116
1881870 116
1881880 116
1881890 116
1881900 116
1881910 116
1881920 116
1881930 116
1881940 116
1881950 116
1881960 116
1881970 116
1881980 116
1881990 116
1882000 116
1882010 116
1882020 116
1882030 116
1882040 116
1882050 116
1882060 116
1882070 116
1882080 116
1882090 116
1882100 116
1882110 116
1882120 116
1882130 116
1882140 116
1882150 116
1882160 116
1882170 116
1882180 116
1882190 116
1882200 116
1882210 116
1882220 116
1882230 116
1882240 116
1882250 115
1882260 115
1882270 115
1882280 115
1882290 115
1882300 115
1882310 115
1882320 115
1882330 116
1882340 116
1882350 116
1882360 116
1882370 115
1882380 115
1882390 115
1882400 115
1882410 115
1882420 115
1882430 115
1882440 115
1882450 115
1882460 115
1882470 115
1882480 115
1882490 116
1882500 116
1882510 115
1882520 115
1882530 115
1882540 116
1882550 116
1882560 116
1882570 116
1882580 116
1882590 116
1882600 116
1882610 116
1882620 117
1882630 117
1882640 117
1882650 116
1882660 116
1882670 116
1882680 116
1882690 116
1882700 116
1882710 116
1882720 116
1882730 116
1882740 116
1882750 116
1882760 116
1882770 116
1882780 116
1882790 116
1882800 116
1882810 116
1882820 116
1882830 116
1882840 116
1882850 116
1882860 115
1882870 115
1882880 115
1882890 116
1882900 115
1882910 115
1882920 116
1882930 116
1882940 115
1882950 115
1882960 115
1882970 116
1882980 115
1882990 115
1883000 115
1883010 115
1883020 115
1883030 115
1883040 115
1883050 115
1883060 115
1883070 115
1883080 115
1883090 115
1883100 115
1883110 115
1883120 115
1883130 115
1883140 115
1883150 115
1883160 115
1883170 115
1883180 115
1883190 115
1883200 115
1883210 115
1883220 115
1883230 115
1883240 115
1883250 115
1883260 116
1883270 116
1883280 116
1883290 116
1883300 116
1883310 116
1883320 116
1883330 116
1883340 115
1883350 115
1883360 115
1883370 115
1883380 115
1883390 115
1883400 115
1883410 115
1883420 115
1883430 116
1883440 115
1883450 115
1883460 115
1883470 115
1883480 115
1883490 115
1883500 115
1883510 115
1883520 115
1883530 115
1883540 115
1883550 115
1883560 115
1883570 115
1883580 115
1883590 115
1883600 115
1883610 115
1883620 115
1883630 115
1883640 115
1883650 115
1883660 115
1883670 115
1883680 115
1883690 115
1883700 115
1883710 115
1883720 115
1883730 115
1883740 115
1883750 115
1883760 115
1883770 115
1883780 115
1883790 115
1883800 115
1883810 115
1883820 115
1883830 115
1883840 115
1883850 115
1883860 115
1883870 115
1883880 115
1883890 115
1883900 115
1883910 115
1883920 115
1883930 115
1883940 115
1883950 115
1883960 115
1883970 115
1883980 115
1883990 115
1884000 115
1884010 115
1884020 115
1884030 115
1884040 115
1884050 115
1884060 115
1884070 115
1884080 115
1884090 115
1884100 115
1884110 115
1884120 115
1884130 115
1884140 115
1884150 115
1884160 115
1884170 115
1884180 115
1884190 115
1884200 115
1884210 115
1884220 115
1884230 115
1884240 115
1884250 115
1884260 115
1884270 115
1884280 115
1884290 115
1884300 116
1884310 116
1884320 116
1884330 116
1884340 116
1884350 117
1884360 117
1884370 117
1884380 117
1884390 118
1884400 118
1884410 118
1884420 118
1884430 118
1884440 117
1884450 117
1884460 117
1884470 117
1884480 116
1884490 116
1884500 118
1884510 118
1884520 118
1884530 117
1884540 116
1884550 116
1884560 116
1884570 116
1884580 116
1884590 116
1884600 115
1884610 115
1884620 115
1884630 115
1884640 115
1884650 115
1884660 115
1884670 115
1884680 115
1884690 115
1884700 114
1884710 114
1884720 114
1884730 113
1884740 113
1884750 113
1884760 112
1884770 112
1884780 112
1884790 112
1884800 112
1884810 112
1884820 112
1884830 112
1884840 112
1884850 112
1884860 112
1884870 112
1884880 112
1884890 112
1884900 112
1884910 112
1884920 112
1884930 113
1884940 113
1884950 113
1884960 113
1884970 114
1884980 114
1884990 115
1885000 115
1885010 115
1885020 116
1885030 117
1885040 117
1885050 117
1885060 117
1885070 117
1885080 118
1885090 118
1885100 118
1885110 118
1885120 118
1885130 118
1885140 118
1885150 117
1885160 117
1885170 117
1885180 117
1885190 117
1885200 117
1885210 117
1885220 118
1885230 118
1885240 118
1885250 118
1885260 118
1885270 117
1885280 117
1885290 117
1885300 117
1885310 117
1885320 117
1885330 116
1885340 115
1885350 115
1885360 115
1885370 114
1885380 114
1885390 114
1885400 114
1885410 114
1885420 114
1885430 114
1885440 114
1885450 114
1885460 115
1885470 114
1885480 114
1885490 114
1885500 114
1885510 114
1885520 114
1885530 114
1885540 115
1885550 115
1885560 115
1885570 115
1885580 115
1885590 115
1885600 115
1885610 115
1885620 114
1885630 114
1885640 114
1885650 114
1885660 114
1885670 114
1885680 114
1885690 114
1885700 114
1885710 114
1885720 114
1885730 114
1885740 115
1885750 115
1885760 115
1885770 115
1885780 115
1885790 115
1885800 115
1885810 115
1885820 115
1885830 115
1885840 115
1885850 115
1885860 115
1885870 115
1885880 115
1885890 115
1885900 115
1885910 115
1885920 115
1885930 115
1885940 115
1885950 115
1885960 115
1885970 115
1885980 115
1885990 115
1886000 115
1886010 115
1886020 115
1886030 115
1886040 115
1886050 115
1886060 115
1886070 115
1886080 115
1886090 115
1886100 115
1886110 115
1886120 115
1886130 115
1886140 115
1886150 115
1886160 115
1886170 115
1886180 115
1886190 115
1886200 115
1886210 115
1886220 115
1886230 115
1886240 115
1886250 115
1886260 115
1886270 115
1886280 115
1886290 115
1886300 115
1886310 115
1886320 115
1886330 115
1886340 115
1886350 115
1886360 115
1886370 115
1886380 115
1886390 115
1886400 115
1886410 115
1886420 115
1886430 115
1886440 115
1886450 115
1886460 115
1886470 115
1886480 115
1886490 114
1886500 114
1886510 114
1886520 114
1886530 114
1886540 114
1886550 114
1886560 114
1886570 114
1886580 114
1886590 114
1886600 114
1886610 114
1886620 114
1886630 114
1886640 114
1886650 114
1886660 114
1886670 114
1886680 114
1886690 114
1886700 114
1886710 114
1886720 114
1886730 114
1886740 114
1886750 114
1886760 114
1886770 114
1886780 114
1886790 114
1886800 114
1886810 114
1886820 114
1886830 114
1886840 114
1886850 114
1886860 114
1886870 114
1886880 114
1886890 114
1886900 114
1886910 114
1886920 114
1886930 114
1886940 114
1886950 114
1886960 114
1886970 114
1886980 114
1886990 114
1887000 114
1887010 114
1887020 114
1887030 114
1887040 114
1887050 114
1887060 114
1887070 114
1887080 114
1887090 114
1887100 114
1887110 114
1887120 114
1887130 114
1887140 114
1887150 114
1887160 114
1887170 114
1887180 114
1887190 114
1887200 114
1887210 114
1887220 114
1887230 115
1887240 115
1887250 115
1887260 115
1887270 114
1887280 114
1887290 114
1887300 114
1887310 114
1887320 115
1887330 115
1887340 115
1887350 115
1887360 115
1887370 115
1887380 115
1887390 115
1887400 115
1887410 115
1887420 115
1887430 115
1887440 115
1887450 115
1887460 115
1887470 115
1887480 115
1887490 115
1887500 115
1887510 115
1887520 115
1887530 115
1887540 115
1887550 115
1887560 115
1887570 115
1887580 115
1887590 115
1887600 115
1887610 115
1887620 115
1887630 115
1887640 115
1887650 115
1887660 115
1887670 115
1887680 115
1887690 115
1887700 115
1887710 115
1887720 116
1887730 115
1887740 115
1887750 113
1887760 114
1887770 114
1887780 116
1887790 116
1887800 116
1887810 115
1887820 115
1887830 115
1887840 115
1887850 115
1887860 115
1887870 115
1887880 115
1887890 115
1887900 115
1887910 115
1887920 115
1887930 115
1887940 115
1887950 115
1887960 115
1887970 115
1887980 115
1887990 115
1888000 115
1888010 115
1888020 115
1888030 115
1888040 115
1888050 115
1888060 115
1888070 115
1888080 115
1888090 115
1888100 115
1888110 115
1888120 115
1888130 115
1888140 115
1888150 115
1888160 114
1888170 114
1888180 115
1888190 115
1888200 115
1888210 115
1888220 115
1888230 115
1888240 115
1888250 115
1888260 115
1888270 115
1888280 115
1888290 115
1888300 115
1888310 115
1888320 115
1888330 115
1888340 115
1888350 115
1888360 115
1888370 115
1888380 115
1888390 115
1888400 115
1888410 115
1888420 115
1888430 115
1888440 115
1888450 115
1888460 115
1888470 115
1888480 115
1888490 115
1888500 115
1888510 115
1888520 115
1888530 115
1888540 115
1888550 115
1888560 115
1888570 115
1888580 115
1888590 115
1888600 115
1888610 115
1888620 115
1888630 115
1888640 115
1888650 115
1888660 115
1888670 115
1888680 115
1888690 115
1888700 115
1888710 115
1888720 115
1888730 115
1888740 116
1888750 116
1888760 116
1888770 116
1888780 116
1888790 116
1888800 116
1888810 116
1888820 116
1888830 115
1888840 115
1888850 115
1888860 115
1888870 115
1888880 115
1888890 115
1888900 115
1888910 115
1888920 115
1888930 115
1888940 115
1888950 115
1888960 115
1888970 115
1888980 115
1888990 115
1889000 115
1889010 115
1889020 115
1889030 115
1889040 115
1889050 115
1889060 115
1889070 115
1889080 115
1889090 115
1889100 115
1889110 115
1889120 115
1889130 115
1889140 115
1889150 115
1889160 115
1889170 115
1889180 115
1889190 115
1889200 115
1889210 115
1889220 115
1889230 115
1889240 115
1889250 115
1889260 115
1889270 115
1889280 115
1889290 115
1889300 115
1889310 115
1889320 115
1889330 115
1889340 115
1889350 115
1889360 115
1889370 115
1889380 115
1889390 115
1889400 115
1889410 115
1889420 115
1889430 115
1889440 115
1889450 115
1889460 115
1889470 115
1889480 115
1889490 115
1889500 115
1889510 115
1889520 115
1889530 115
1889540 115
1889550 115
1889560 115
1889570 115
1889580 115
1889590 115
1889600 115
1889610 115
1889620 115
1889630 115
1889640 115
1889650 115
1889660 115
1889670 115
1889680 115
1889690 115
1889700 115
1889710 115
1889720 115
1889730 115
1889740 115
1889750 115
1889760 115
1889770 115
1889780 115
1889790 115
1889800 115
1889810 115
1889820 115
1889830 115
1889840 115
1889850 115
1889860 115
1889870 115
1889880 115
1889890 115
1889900 115
1889910 115
1889920 115
1889930 115
1889940 115
1889950 115
1889960 115
1889970 115
1889980 115
