1880000 113
1880010 113
1880020 113
1880030 113
1880040 113
1880050 113
1880060 113
1880070 113
1880080 113
1880090 113
1880100 113
1880110 113
1880120 113
1880130 113
1880140 113
1880150 113
1880160 113
1880170 113
1880180 112
1880190 113
1880200 113
1880210 112
1880220 112
1880230 112
1880240 116
1880250 116
1880260 116
1880270 115
1880280 116
1880290 116
1880300 115
1880310 115
1880320 115
1880330 115
1880340 116
1880350 116
1880360 115
1880370 115
1880380 115
1880390 115
1880400 115
1880410 115
1880420 115
1880430 115
1880440 115
1880450 115
1880460 114
1880470 114
1880480 114
1880490 115
1880500 115
1880510 114
1880520 114
1880530 115
1880540 115
1880550 114
1880560 114
1880570 117
1880580 117
1880590 117
1880600 117
1880610 117
1880620 117
1880630 117
1880640 117
1880650 117
1880660 117
1880670 117
1880680 117
1880690 117
1880700 117
1880710 117
1880720 117
1880730 117
1880740 117
1880750 117
1880760 117
1880770 117
1880780 117
1880790 116
1880800 117
1880810 117
1880820 116
1880830 117
1880840 117
1880850 116
1880860 116
1880870 116
1880880 116
1880890 117
1880900 117
1880910 117
1880920 117
1880930 117
1880940 117
1880950 117
1880960 117
1880970 117
1880980 117
1880990 117
1881000 117
1881010 118
1881020 118
1881030 118
1881040 118
1881050 118
1881060 118
1881070 118
1881080 118
1881090 118
1881100 118
1881110 118
1881120 118
1881130 118
1881140 118
1881150 118
1881160 118
1881170 118
1881180 118
1881190 118
1881200 118
1881210 118
1881220 118
1881230 118
1881240 118
1881250 118
1881260 117
1881270 117
1881280 118
1881290 117
1881300 117
1881310 117
1881320 117
1881330 117
1881340 117
1881350 117
1881360 117
1881370 117
1881380 117
1881390 117
1881400 117
1881410 117
1881420 117
1881430 117
1881440 117
1881450 117
1881460 117
1881470 117
1881480 117
1881490 117
1881500 118
1881510 118
1881520 118
1881530 118
1881540 116
1881550 116
1881560 116
1881570 116
1881580 116
1881590 116
1881600 116
1881610 116
1881620 116
1881630 116
1881640 116
1881650 116
1881660 116
1881670 116
1881680 116
1881690 116
1881700 116
1881710 116
1881720 116
1881730 116
1881740 116
1881750 116
1881760 116
1881770 116
1881780 116
1881790 116
1881800 116
1881810 116
1881820 116
1881830 116
1881840 116
1881850 116
1881860 116
1881870 116
1881880 116
1881890 116
1881900 116
1881910 116
1881920 116
1881930 116
1881940 116
1881950 116
1881960 116
1881970 116
1881980 116
1881990 116
1882000 116
1882010 116
1882020 116
1882030 116
1882040 116
1882050 116
1882060 116
1882070 116
1882080 116
1882090 116
1882100 116
1882110 116
1882120 116
1882130 116
1882140 116
1882150 116
1882160 116
1882170 116
1882180 116
1882190 116
1882200 116
1882210 116
1882220 116
1882230 116
1882240 116
1882250 116
1882260 116
1882270 116
1882280 116
1882290 116
1882300 116
1882310 116
1882320 116
1882330 116
1882340 116
1882350 116
1882360 116
1882370 116
1882380 116
1882390 116
1882400 116
1882410 116
1882420 116
1882430 116
1882440 116
1882450 115
1882460 115
1882470 115
1882480 115
1882490 115
1882500 115
1882510 115
1882520 115
1882530 115
1882540 115
1882550 115
1882560 115
1882570 115
1882580 115
1882590 115
1882600 115
1882610 115
1882620 115
1882630 115
1882640 115
1882650 115
1882660 115
1882670 115
1882680 115
1882690 116
1882700 117
1882710 117
1882720 117
1882730 116
1882740 116
1882750 116
1882760 116
1882770 116
1882780 116
1882790 117
1882800 117
1882810 118
1882820 117
1882830 116
1882840 117
1882850 117
1882860 117
1882870 118
1882880 118
1882890 118
1882900 118
1882910 117
1882920 117
1882930 117
1882940 117
1882950 117
1882960 117
1882970 117
1882980 116
1882990 116
1883000 116
1883010 116
1883020 116
1883030 116
1883040 116
1883050 116
1883060 116
1883070 115
1883080 115
1883090 114
1883100 114
1883110 114
1883120 113
1883130 113
1883140 113
1883150 115
1883160 115
1883170 115
1883180 114
1883190 113
1883200 113
1883210 113
1883220 112
1883230 112
1883240 112
1883250 112
1883260 112
1883270 112
1883280 112
1883290 112
1883300 112
1883310 112
1883320 112
1883330 113
1883340 114
1883350 114
1883360 114
1883370 115
1883380 115
1883390 116
1883400 116
1883410 116
1883420 117
1883430 117
1883440 117
1883450 117
1883460 118
1883470 116
1883480 116
1883490 116
1883500 117
1883510 117
1883520 118
1883530 118
1883540 118
1883550 118
1883560 118
1883570 118
1883580 118
1883590 118
1883600 118
1883610 118
1883620 118
1883630 118
1883640 118
1883650 118
1883660 118
1883670 118
1883680 117
1883690 117
1883700 117
1883710 116
1883720 116
1883730 116
1883740 115
1883750 115
1883760 115
1883770 114
1883780 114
1883790 116
1883800 116
1883810 116
1883820 115
1883830 115
1883840 115
1883850 114
1883860 114
1883870 114
1883880 115
1883890 115
1883900 115
1883910 115
1883920 115
1883930 115
1883940 115
1883950 115
1883960 115
1883970 115
1883980 115
1883990 115
1884000 115
1884010 115
1884020 115
1884030 115
1884040 115
1884050 115
1884060 115
1884070 115
1884080 115
1884090 115
1884100 115
1884110 115
1884120 115
1884130 115
1884140 115
1884150 115
1884160 115
1884170 115
1884180 115
1884190 115
1884200 115
1884210 115
1884220 115
1884230 115
1884240 115
1884250 115
1884260 115
1884270 115
1884280 115
1884290 115
1884300 115
1884310 115
1884320 115
1884330 115
1884340 115
1884350 115
1884360 115
1884370 115
1884380 115
1884390 115
1884400 115
1884410 115
1884420 115
1884430 115
1884440 115
1884450 115
1884460 115
1884470 115
1884480 115
1884490 115
1884500 115
1884510 115
1884520 115
1884530 115
1884540 115
1884550 115
1884560 115
1884570 115
1884580 115
1884590 115
1884600 115
1884610 115
1884620 115
1884630 115
1884640 115
1884650 115
1884660 115
1884670 115
1884680 115
1884690 115
1884700 115
1884710 115
1884720 115
1884730 115
1884740 115
1884750 115
1884760 115
1884770 115
1884780 115
1884790 115
1884800 115
1884810 115
1884820 115
1884830 115
1884840 115
1884850 115
1884860 115
1884870 115
1884880 115
1884890 115
1884900 115
1884910 115
1884920 115
1884930 115
1884940 115
1884950 115
1884960 115
1884970 115
1884980 115
1884990 115
1885000 115
1885010 115
1885020 115
1885030 115
1885040 115
1885050 115
1885060 115
1885070 115
1885080 115
1885090 115
1885100 115
1885110 115
1885120 115
1885130 115
1885140 115
1885150 115
1885160 115
1885170 115
1885180 115
1885190 115
1885200 115
1885210 115
1885220 115
1885230 115
1885240 115
1885250 115
1885260 115
1885270 115
1885280 115
1885290 115
1885300 115
1885310 115
1885320 115
1885330 115
1885340 115
1885350 115
1885360 115
1885370 115
1885380 115
1885390 115
1885400 115
1885410 115
1885420 115
1885430 115
1885440 115
1885450 115
1885460 115
1885470 115
1885480 115
1885490 115
1885500 115
1885510 115
1885520 115
1885530 115
1885540 115
1885550 115
1885560 115
1885570 115
1885580 115
1885590 115
1885600 115
1885610 115
1885620 115
1885630 115
1885640 115
1885650 115
1885660 115
1885670 115
1885680 115
1885690 115
1885700 115
1885710 115
1885720 115
1885730 115
1885740 115
1885750 115
1885760 115
1885770 115
1885780 115
1885790 115
1885800 115
1885810 115
1885820 115
1885830 115
1885840 115
1885850 115
1885860 115
1885870 115
1885880 115
1885890 115
1885900 115
1885910 115
1885920 115
1885930 115
1885940 115
1885950 115
1885960 115
1885970 115
1885980 115
1885990 115
1886000 115
1886010 115
1886020 115
1886030 115
1886040 115
1886050 115
1886060 115
1886070 115
1886080 115
1886090 115
1886100 115
1886110 115
1886120 115
1886130 115
1886140 115
1886150 115
1886160 115
1886170 115
1886180 115
1886190 115
1886200 115
1886210 115
1886220 115
1886230 115
1886240 115
1886250 115
1886260 115
1886270 115
1886280 115
1886290 115
1886300 115
1886310 115
1886320 115
1886330 115
1886340 115
1886350 115
1886360 115
1886370 115
1886380 115
1886390 115
1886400 115
1886410 115
1886420 115
1886430 115
1886440 115
1886450 115
1886460 115
1886470 115
1886480 115
1886490 115
1886500 115
1886510 115
1886520 115
1886530 115
1886540 115
1886550 115
1886560 115
1886570 115
1886580 114
1886590 115
1886600 115
1886610 115
1886620 115
1886630 115
1886640 114
1886650 115
1886660 115
1886670 115
1886680 115
1886690 115
1886700 115
1886710 115
1886720 115
1886730 115
1886740 114
1886750 114
1886760 114
1886770 114
1886780 114
1886790 115
1886800 115
1886810 115
1886820 115
1886830 115
1886840 115
1886850 114
1886860 114
1886870 114
1886880 114
1886890 114
1886900 114
1886910 114
1886920 114
1886930 115
1886940 115
1886950 115
1886960 115
1886970 115
1886980 115
1886990 115
1887000 115
1887010 115
1887020 115
1887030 115
1887040 115
1887050 115
1887060 115
1887070 115
1887080 114
1887090 114
1887100 114
1887110 114
1887120 114
1887130 114
1887140 114
1887150 114
1887160 114
1887170 114
1887180 114
1887190 114
1887200 114
1887210 114
1887220 114
1887230 114
1887240 114
1887250 114
1887260 114
1887270 114
1887280 114
1887290 114
1887300 114
1887310 114
1887320 114
1887330 114
1887340 114
1887350 114
1887360 114
1887370 114
1887380 114
1887390 114
1887400 114
1887410 114
1887420 115
1887430 115
1887440 115
1887450 115
1887460 115
1887470 115
1887480 115
1887490 115
1887500 115
1887510 115
1887520 115
1887530 115
1887540 115
1887550 115
1887560 115
1887570 115
1887580 115
1887590 115
1887600 115
1887610 115
1887620 116
1887630 116
1887640 116
1887650 114
1887660 113
1887670 113
1887680 115
1887690 117
1887700 117
1887710 115
1887720 115
1887730 115
1887740 115
1887750 115
1887760 115
1887770 115
1887780 115
1887790 115
1887800 115
1887810 115
1887820 115
1887830 115
1887840 115
1887850 115
1887860 115
1887870 115
1887880 115
1887890 115
1887900 115
1887910 115
1887920 115
1887930 114
1887940 114
1887950 114
1887960 114
1887970 114
1887980 114
1887990 114
1888000 114
1888010 114
1888020 115
1888030 114
1888040 114
1888050 114
1888060 115
1888070 115
1888080 115
1888090 115
1888100 115
1888110 115
1888120 116
1888130 116
1888140 116
1888150 116
1888160 116
1888170 115
1888180 115
1888190 115
1888200 115
1888210 115
1888220 115
1888230 115
1888240 115
1888250 115
1888260 116
1888270 115
1888280 115
1888290 115
1888300 115
1888310 115
1888320 115
1888330 115
1888340 115
1888350 115
1888360 115
1888370 115
1888380 115
1888390 115
1888400 115
1888410 115
1888420 115
1888430 115
1888440 115
1888450 115
1888460 115
1888470 115
1888480 115
1888490 115
1888500 115
1888510 115
1888520 115
1888530 115
1888540 115
1888550 115
1888560 115
1888570 115
1888580 115
1888590 115
1888600 115
1888610 115
1888620 115
1888720 115
1888730 115
1888740 115
1888750 115
1888760 115
1888770 115
1888780 115
1888790 115
1888800 115
1888810 115
1888820 115
1888830 115
1888840 115
1888850 115
1888860 115
1888870 115
1888900 115
1889000 115
1889010 115
1889020 115
1889030 115
1889040 115
1889050 115
1889060 115
1889070 115
1889080 115
1889090 115
1889100 115
1889110 115
