1880000 116
1880010 116
1880020 116
1880030 116
1880040 116
1880050 116
1880060 115
1880070 116
1880080 116
1880090 116
1880100 115
1880110 115
1880120 115
1880130 115
1880140 115
1880150 115
1880160 115
1880170 115
1880180 115
1880190 115
1880200 115
1880210 115
1880220 115
1880230 115
1880240 115
1880250 116
1880260 116
1880270 116
1880280 116
1880290 116
1880300 116
1880310 116
1880320 116
1880330 116
1880340 116
1880350 116
1880360 116
1880370 116
1880380 116
1880390 116
1880400 116
1880410 116
1880420 116
1880430 116
1880440 116
1880450 116
1880460 116
1880470 116
1880480 116
1880490 116
1880500 116
1880510 116
1880520 116
1880530 116
1880540 116
1880550 116
1880560 116
1880570 117
1880580 117
1880590 116
1880600 116
1880610 116
1880620 116
1880630 116
1880640 116
1880650 116
1880660 116
1880670 116
1880680 117
1880690 117
1880700 117
1880710 116
1880720 116
1880730 116
1880740 116
1880750 117
1880760 117
1880770 117
1880780 117
1880790 117
1880800 117
1880810 117
1880820 117
1880830 117
1880840 117
1880850 117
1880860 117
1880870 118
1880880 118
1880890 117
1880900 116
1880910 116
1880920 116
1880930 116
1880940 116
1880950 116
1880960 116
1880970 116
1880980 116
1880990 116
1881000 116
1881010 116
1881020 116
1881030 116
1881040 117
1881050 117
1881060 117
1881070 117
1881080 117
1881090 117
1881100 117
1881110 117
1881120 117
1881130 117
1881140 117
1881150 117
1881160 118
1881170 118
1881180 118
1881190 118
1881200 118
1881210 118
1881220 114
1881230 114
1881240 114
1881250 114
1881260 114
1881270 115
1881280 115
1881290 115
1881300 115
1881310 115
1881320 115
1881330 115
1881340 115
1881350 115
1881360 114
1881370 114
1881380 114
1881390 115
1881400 115
1881410 115
1881420 115
1881430 115
1881440 115
1881450 115
1881460 115
1881470 115
1881480 115
1881490 115
1881500 115
1881510 115
1881520 115
1881530 116
1881540 116
1881550 113
1881560 113
1881570 113
1881580 113
1881590 113
1881600 113
1881610 113
1881620 113
1881630 113
1881640 113
1881650 113
1881660 113
1881670 113
1881680 113
1881690 113
1881700 113
1881710 113
1881720 113
1881730 113
1881740 113
1881750 113
1881760 113
1881770 113
1881780 113
1881790 113
1881800 113
1881810 113
1881820 113
1881830 113
1881840 113
1881850 113
1881860 113
1881870 112
1881880 113
1881890 113
1881900 112
1881910 112
1881920 112
1881930 112
1881940 112
1881950 112
1881960 112
1881970 112
1881980 112
1881990 112
1882000 112
1882010 112
1882020 112
1882030 112
1882040 112
1882050 112
1882060 112
1882070 112
1882080 112
1882090 112
1882100 112
1882110 112
1882120 112
1882130 112
1882140 112
1882150 112
1882160 112
1882170 112
1882180 112
1882190 114
1882200 114
1882210 114
1882220 114
1882230 114
1882240 113
1882250 113
1882260 113
1882270 114
1882280 114
1882290 114
1882300 113
1882310 113
1882320 113
1882330 114
1882340 113
1882350 113
1882360 113
1882370 113
1882380 113
1882390 113
1882400 113
1882410 113
1882420 113
1882430 113
1882440 113
1882450 113
1882460 113
1882470 113
1882480 113
1882490 113
1882500 113
1882510 116
1882520 116
1882530 116
1882540 116
1882550 116
1882560 116
1882570 116
1882580 116
1882590 116
1882600 116
1882610 116
1882620 116
1882630 115
1882640 116
1882650 116
1882660 116
1882670 116
1882680 116
1882690 116
1882700 115
1882710 115
1882720 115
1882730 115
1882740 115
1882750 115
1882760 114
1882770 113
1882780 113
1882790 112
1882800 112
1882810 112
1882820 112
1882830 112
1882840 113
1882850 112
1882860 112
1882870 112
1882880 112
1882890 112
1882900 112
1882910 112
1882920 112
1882930 112
1882940 113
1882950 113
1882960 113
1882970 113
1882980 114
1882990 114
1883000 114
1883010 115
1883020 115
1883030 116
1883040 116
1883050 116
1883060 116
1883070 118
1883080 118
1883090 118
1883100 118
1883110 118
1883120 118
1883130 118
1883140 118
1883150 118
1883160 117
1883170 117
1883180 117
1883190 118
1883200 118
1883210 118
1883220 118
1883230 118
1883240 118
1883250 118
1883260 117
1883270 117
1883280 117
1883290 117
1883300 117
1883310 117
1883320 117
1883330 117
1883340 116
1883350 116
1883360 116
1883370 115
1883380 115
1883390 115
1883400 114
1883410 115
1883420 115
1883430 115
1883440 115
1883450 115
1883460 115
1883470 116
1883480 114
1883490 114
1883500 114
1883510 114
1883520 115
1883530 115
1883540 115
1883550 115
1883560 115
1883570 115
1883580 115
1883590 115
1883600 115
1883610 115
1883620 115
1883630 115
1883640 115
1883650 115
1883660 115
1883670 115
1883680 115
1883690 115
1883700 115
1883710 116
1883720 116
1883730 116
1883740 116
1883750 116
1883760 116
1883770 116
1883780 116
1883790 116
1883800 115
1883810 115
1883820 115
1883830 115
1883840 115
1883850 115
1883860 115
1883870 115
1883880 115
1883890 115
1883900 115
1883910 115
1883920 115
1883930 115
1883940 115
1883950 115
1883960 115
1883970 115
1883980 115
1883990 115
1884000 115
1884010 115
1884020 115
1884030 115
1884040 115
1884050 116
1884060 116
1884070 116
1884080 116
1884090 116
1884100 116
1884110 115
1884120 115
1884130 115
1884140 115
1884150 115
1884160 115
1884170 116
1884180 116
1884190 116
1884200 116
1884210 115
1884220 115
1884230 115
1884240 115
1884250 115
1884260 115
1884270 115
1884280 115
1884290 115
1884300 115
1884310 115
1884320 115
1884330 115
1884340 115
1884350 115
1884360 115
1884370 115
1884380 115
1884390 115
1884400 115
1884410 115
1884420 115
1884430 115
1884440 115
1884450 115
1884460 115
1884470 115
1884480 115
1884490 115
1884500 115
1884510 115
1884520 115
1884530 115
1884540 115
1884550 115
1884560 115
1884570 115
1884580 115
1884590 115
1884600 115
1884610 115
1884620 115
1884630 115
1884640 115
1884650 115
1884660 115
1884670 115
1884680 115
1884690 115
1884700 115
1884710 115
1884720 115
1884730 115
1884740 115
1884750 115
1884760 115
1884770 115
1884780 115
1884790 115
1884800 115
1884810 115
1884820 115
1884830 115
1884840 115
1884850 115
1884860 115
1884870 115
1884880 115
1884890 115
1884900 115
1884910 115
1884920 115
1884930 115
1884940 115
1884950 115
1884960 115
1884970 115
1884980 115
1884990 115
1885000 115
1885010 115
1885020 115
1885030 115
1885040 115
1885050 115
1885060 115
1885070 115
1885080 115
1885090 115
1885100 115
1885110 115
1885120 115
1885130 115
1885140 115
1885150 115
1885160 115
1885170 115
1885180 115
1885190 115
1885200 115
1885210 114
1885220 115
1885230 115
1885240 115
1885250 115
1885260 115
1885270 115
1885280 115
1885290 115
1885300 115
1885310 115
1885320 115
1885330 115
1885340 115
1885350 115
1885360 115
1885370 115
1885380 115
1885390 115
1885400 115
1885410 115
1885420 115
1885430 115
1885440 115
1885450 115
1885460 115
1885470 115
1885480 115
1885490 115
1885500 115
1885510 115
1885520 115
1885530 115
1885540 115
1885550 115
1885560 115
1885570 115
1885580 115
1885590 115
1885600 115
1885610 115
1885620 115
1885630 115
1885640 115
1885650 115
1885660 115
1885670 115
1885680 115
1885690 115
1885700 115
1885710 115
1885720 115
1885730 115
1885740 115
1885750 115
1885760 115
1885770 115
1885780 115
1885790 115
1885800 115
1885810 115
1885820 115
1885830 115
1885840 115
1885850 115
1885860 115
1885870 115
1885880 115
1885890 115
1885900 115
1885910 115
1885920 115
1885930 115
1885940 115
1885950 115
1885960 115
1885970 115
1885980 115
1885990 115
1886000 115
1886010 115
1886020 115
1886030 115
1886040 115
1886050 115
1886060 115
1886070 115
1886080 115
1886090 115
1886100 115
1886110 115
1886120 115
1886130 115
1886140 115
1886150 115
1886160 115
1886170 115
1886180 115
1886190 115
1886200 115
1886210 115
1886220 115
1886230 115
1886240 115
1886250 115
1886260 115
1886270 115
1886280 115
1886290 115
1886300 115
1886310 115
1886320 115
1886330 115
1886340 115
1886350 115
1886360 115
1886370 115
1886380 115
1886390 115
1886400 115
1886410 115
1886420 115
1886430 115
1886440 115
1886450 115
1886460 115
1886470 115
1886480 115
1886490 115
1886500 115
1886510 115
1886520 115
1886530 115
1886540 115
1886550 115
1886560 115
1886570 115
1886580 115
1886590 115
1886600 115
1886610 115
1886620 115
1886630 115
1886640 115
1886650 115
1886660 115
1886670 115
1886680 115
1886690 115
1886700 115
1886710 115
1886720 115
1886730 115
1886740 115
1886750 115
1886760 115
1886770 115
1886780 115
1886790 115
1886800 115
1886810 115
1886820 115
1886830 115
1886840 115
1886850 115
1886860 115
1886870 115
1886880 115
1886890 115
1886900 115
1886910 115
1886920 115
1886930 115
1886940 115
1886950 115
1886960 115
1886970 115
1886980 115
1886990 115
1887000 115
1887010 114
1887020 114
1887030 114
1887040 114
1887050 114
1887060 114
1887070 114
1887080 114
1887090 114
1887100 114
1887110 114
1887120 114
1887130 114
1887140 114
1887150 114
1887160 114
1887170 114
1887180 114
1887190 114
1887200 114
1887210 114
1887220 114
1887230 114
1887240 114
1887250 114
1887260 114
1887270 114
1887280 114
1887290 114
1887300 114
1887310 114
1887320 114
1887330 114
1887340 114
1887350 114
1887360 114
1887370 114
1887380 114
1887390 114
1887400 114
1887410 114
1887420 114
1887430 114
1887440 114
1887450 114
1887460 114
1887470 114
1887480 114
1887490 114
1887500 115
1887510 115
1887520 115
1887530 115
1887540 115
1887550 115
1887560 115
1887570 115
1887580 115
1887590 115
1887600 116
1887610 115
1887620 115
1887630 113
1887640 113
1887650 113
1887660 115
1887670 117
1887680 117
1887690 116
1887700 115
1887710 115
1887720 115
1887730 115
1887740 115
1887750 115
1887760 115
1887770 115
1887780 115
1887790 115
1887800 115
1887810 115
1887820 115
1887830 115
1887840 115
1887850 115
1887860 115
1887870 115
1887880 115
1887890 115
1887900 115
1887910 115
1887920 115
1887930 114
1887940 114
1887950 114
1887960 114
1887970 114
1887980 114
1887990 115
1888000 115
1888010 115
1888020 115
1888030 115
1888040 115
1888050 115
1888060 115
1888070 115
1888080 115
1888090 115
1888100 116
1888110 116
1888120 116
1888130 116
1888140 116
1888150 115
1888160 115
1888170 115
1888180 115
1888190 115
1888200 115
1888210 115
1888220 115
1888230 115
1888240 115
1888250 115
1888260 115
1888270 115
1888280 116
1888290 116
1888300 114
1888310 115
1888320 115
1888330 115
1888340 115
1888350 115
