1880000 116
1880010 116
1880020 116
1880030 116
1880040 116
1880050 116
1880060 116
1880070 116
1880080 116
1880090 116
1880100 116
1880110 116
1880120 116
1880130 116
1880140 116
1880150 116
1880160 116
1880170 116
1880180 116
1880190 116
1880200 116
1880210 116
1880220 116
1880230 117
1880240 117
1880250 117
1880260 117
1880270 117
1880280 116
1880290 116
1880300 116
1880310 117
1880320 117
1880330 117
1880340 117
1880350 117
1880360 117
1880370 117
1880380 117
1880390 117
1880400 117
1880410 117
1880420 117
1880430 117
1880440 117
1880450 117
1880460 117
1880470 117
1880480 117
1880490 117
1880500 117
1880510 117
1880520 117
1880530 117
1880540 117
1880550 117
1880560 117
1880570 117
1880580 117
1880590 117
1880600 117
1880610 117
1880620 117
1880630 117
1880640 117
1880650 117
1880660 118
1880670 118
1880680 117
1880690 118
1880700 118
1880710 118
1880720 118
1880730 118
1880740 118
1880750 118
1880760 118
1880770 118
1880780 118
1880790 118
1880800 118
1880810 117
1880820 117
1880830 117
1880840 117
1880850 117
1880860 117
1880870 117
1880880 117
1880890 117
1880900 117
1880910 117
1880920 117
1880930 117
1880940 117
1880950 117
1880960 117
1880970 117
1880980 117
1880990 117
1881000 117
1881010 117
1881020 117
1881030 117
1881040 117
1881050 117
1881060 117
1881070 117
1881080 117
1881090 117
1881100 117
1881110 117
1881120 117
1881130 117
1881140 117
1881150 117
1881160 117
1881170 118
1881180 118
1881190 118
1881200 117
1881210 117
1881220 117
1881230 117
1881240 118
1881250 118
1881260 118
1881270 118
1881280 118
1881290 118
1881300 118
1881310 117
1881320 117
1881330 118
1881340 118
1881350 118
1881360 118
1881370 118
1881380 118
1881390 118
1881400 118
1881410 118
1881420 118
1881430 118
1881440 118
1881450 118
1881460 118
1881470 118
1881480 118
1881490 118
1881500 118
1881510 118
1881520 118
1881530 118
1881540 119
1881550 119
1881560 119
1881570 119
1881580 119
1881590 119
1881600 120
1881610 120
1881620 120
1881630 120
1881640 120
1881650 120
1881660 120
1881670 120
1881680 120
1881690 120
1881700 120
1881710 120
1881720 120
1881730 120
1881740 120
1881750 120
1881760 120
1881770 120
1881780 120
1881790 120
1881800 120
1881810 120
1881820 120
1881830 120
1881840 120
1881850 120
1881860 120
1881870 120
1881880 120
1881890 120
1881900 120
1881910 120
1881920 120
1881930 120
1881940 120
1881950 120
1881960 120
1881970 120
1881980 120
1881990 120
1882000 120
1882010 120
1882020 120
1882030 119
1882040 119
1882050 119
1882060 120
1882070 120
1882080 120
1882090 120
1882100 120
1882110 120
1882120 121
1882130 121
1882140 121
1882150 121
1882160 121
1882170 121
1882180 121
1882190 121
1882200 121
1882210 121
1882220 121
1882230 121
1882240 121
1882250 121
1882260 121
1882270 120
1882280 120
1882290 120
1882300 120
1882310 120
1882320 120
1882330 120
1882340 120
1882350 120
1882360 120
1882370 121
1882380 121
1882390 121
1882400 121
1882410 121
1882420 121
1882430 120
1882440 120
1882450 120
1882460 121
1882470 121
1882480 121
1882490 121
1882500 121
1882510 121
1882520 121
1882530 121
1882540 121
1882550 121
1882560 121
1882570 121
1882580 120
1882590 120
1882600 120
1882610 120
1882620 120
1882630 120
1882640 120
1882650 120
1882660 120
1882670 120
1882680 119
1882690 119
1882700 119
1882710 119
1882720 119
1882730 119
1882740 119
1882750 119
1882760 119
1882770 119
1882780 119
1882790 119
1882800 119
1882810 119
1882820 119
1882830 119
1882840 119
1882850 118
1882860 119
1882870 119
1882880 119
1882890 118
1882900 118
1882910 118
1882920 118
1882930 118
1882940 118
1882950 118
1882960 118
1882970 118
1882980 119
1882990 119
1883000 119
1883010 119
1883020 119
1883030 118
1883040 118
1883050 118
1883060 118
1883070 118
1883080 118
1883090 118
1883100 118
1883110 118
1883120 118
1883130 118
1883140 118
1883150 118
1883160 118
1883170 118
1883180 118
1883190 118
1883200 118
1883210 118
1883220 119
1883230 119
1883240 119
1883250 119
1883260 119
1883270 119
1883280 119
1883290 119
1883300 119
1883310 119
1883320 119
1883330 119
1883340 119
1883350 119
1883360 119
1883370 119
1883380 119
1883390 119
1883400 119
1883410 119
1883420 119
1883430 119
1883440 119
1883450 119
1883460 119
1883470 119
1883480 119
1883490 119
1883500 119
1883510 119
1883520 119
1883530 118
1883540 118
1883550 118
1883560 118
1883570 118
1883580 118
1883590 118
1883600 118
1883610 118
1883620 118
1883630 118
1883640 118
1883650 118
1883660 118
1883670 118
1883680 118
1883690 118
1883700 118
1883710 118
1883720 118
1883730 118
1883740 118
1883750 118
1883760 118
1883770 117
1883780 117
1883790 117
1883800 117
1883810 117
1883820 117
1883830 117
1883840 117
1883850 117
1883860 117
1883870 117
1883880 117
1883890 117
1883900 117
1883910 117
1883920 117
1883930 117
1883940 117
1883950 117
1883960 117
1883970 117
1883980 117
1883990 117
1884000 117
1884010 116
1884020 116
1884030 116
1884040 116
1884050 116
1884060 116
1884070 116
1884080 116
1884090 116
1884100 116
1884110 116
1884120 116
1884130 116
1884140 116
1884150 116
1884160 116
1884170 116
1884180 116
1884190 116
1884200 116
1884210 116
1884220 116
1884230 116
1884240 116
1884250 116
1884260 116
1884270 116
1884280 116
1884290 116
1884300 116
1884310 116
1884320 116
1884330 116
1884340 116
1884350 116
1884360 117
1884370 117
1884380 117
1884390 117
1884400 117
1884410 117
1884420 117
1884430 117
1884440 117
1884450 117
1884460 117
1884470 117
1884480 117
1884490 117
1884500 117
1884510 117
1884520 117
1884530 117
1884540 117
1884550 117
1884560 116
1884570 116
1884580 116
1884590 116
1884600 116
1884610 116
1884620 116
1884630 116
1884640 116
1884650 116
1884660 116
1884670 115
1884680 115
1884690 116
1884700 115
1884710 115
1884720 115
1884730 115
1884740 115
1884750 115
1884760 115
1884770 115
1884780 115
1884790 115
1884800 115
1884810 115
1884820 115
1884830 115
1884840 115
1884850 115
1884860 115
1884870 115
1884880 115
1884890 115
1884900 115
1884910 115
1884920 115
1884930 115
1884940 115
1884950 115
1884960 115
1884970 115
1884980 115
1884990 115
1885000 115
1885010 115
1885020 115
1885030 115
1885040 115
1885050 115
1885060 115
1885070 115
1885080 115
1885090 115
1885100 115
1885110 115
1885120 115
1885130 115
1885140 115
1885150 115
1885160 115
1885170 115
1885180 115
1885190 115
1885200 115
1885210 115
1885220 115
1885230 115
1885240 115
1885250 115
1885260 115
1885270 115
1885280 115
1885290 115
1885300 115
1885310 115
1885320 115
1885330 115
1885340 115
1885350 115
1885360 115
1885370 115
1885380 115
1885390 115
1885400 115
1885410 115
1885420 115
1885430 115
1885440 115
1885450 115
1885460 115
1885470 115
1885480 115
1885490 115
1885500 115
1885510 115
1885520 115
1885530 115
1885540 116
1885550 116
1885560 116
1885570 116
1885580 116
1885590 116
1885600 116
1885610 116
1885620 116
1885630 116
1885640 116
1885650 116
1885660 116
1885670 116
1885680 116
1885690 116
1885700 116
1885710 117
1885720 117
1885730 117
1885740 117
1885750 117
1885760 117
1885770 117
1885780 117
1885790 117
1885800 117
1885810 117
1885820 117
1885830 117
1885840 117
1885850 117
1885860 117
1885870 117
1885880 117
1885890 117
1885900 117
1885910 117
1885920 117
1885930 117
1885940 117
1885950 117
1885960 117
1885970 118
1885980 118
1885990 118
1886000 118
1886010 118
1886020 118
1886030 118
1886040 118
1886050 118
1886060 118
1886070 118
1886080 118
1886090 116
1886100 114
1886110 114
1886120 114
1886130 114
1886140 114
1886150 114
1886160 114
1886170 114
1886180 114
1886190 114
1886200 114
1886210 114
1886220 114
1886230 114
1886240 114
1886250 114
1886260 115
1886270 115
1886280 115
1886290 115
1886300 115
1886310 115
1886320 117
1886330 117
1886340 120
1886350 120
1886360 120
1886370 120
1886380 120
1886390 120
1886400 120
1886410 120
1886420 120
1886430 120
1886440 120
1886450 120
1886460 120
1886470 120
1886480 120
1886490 120
1886500 120
1886510 120
1886520 120
1886530 120
1886540 120
1886550 120
1886560 120
1886570 120
1886580 120
1886590 120
1886600 120
1886610 120
1886620 120
1886630 120
1886640 120
1886650 120
1886660 120
1886670 120
1886680 120
1886690 120
1886700 120
1886710 120
1886720 120
1886730 120
1886740 120
1886750 120
1886760 120
1886770 120
1886780 120
1886790 120
1886800 120
1886810 120
1886820 120
1886830 120
1886840 120
1886850 120
1886860 120
1886870 119
1886880 119
1886890 119
1886900 119
1886910 119
1886920 119
1886930 119
1886940 119
1886950 119
1886960 119
1886970 119
1886980 119
1886990 119
1887000 119
1887010 119
1887020 119
1887030 119
1887040 119
1887050 119
1887060 119
1887070 119
1887080 119
1887090 119
1887100 119
1887110 119
1887120 119
1887130 119
1887140 119
1887150 119
1887160 119
1887170 119
1887180 119
1887190 119
1887200 119
1887210 118
1887220 118
1887230 118
1887240 118
1887250 118
1887260 118
1887270 117
1887280 117
1887290 117
1887300 117
1887310 117
1887320 117
1887330 117
1887340 117
1887350 117
1887360 117
1887370 117
1887380 117
1887390 117
1887400 117
1887410 117
1887420 117
1887430 117
1887440 117
1887450 117
1887460 117
1887470 117
1887480 117
1887490 117
1887500 117
1887510 117
1887520 117
1887530 117
1887540 116
1887550 116
1887560 116
1887570 116
1887580 116
1887590 116
1887600 116
1887610 116
1887620 116
1887630 116
1887640 116
1887650 116
1887660 116
1887670 116
1887680 116
1887690 116
1887700 116
1887710 116
1887720 116
1887730 116
1887740 116
1887750 116
1887760 116
1887770 116
1887780 116
1887790 116
1887800 116
1887810 116
1887820 116
1887830 116
1887840 116
1887850 116
1887860 116
1887870 116
1887880 116
1887890 116
1887900 116
1887910 116
1887920 116
1887930 116
1887940 116
1887950 116
1887960 116
1887970 116
1887980 116
1887990 116
1888000 116
1888010 116
1888020 116
1888030 116
1888040 116
1888050 116
1888060 116
1888070 116
1888080 116
1888090 116
1888100 116
1888110 116
1888120 116
1888130 116
1888140 116
1888150 116
1888160 116
1888170 116
1888180 116
1888190 116
1888200 116
1888210 116
1888220 116
1888230 116
1888240 116
1888250 116
1888260 116
1888270 116
1888280 116
1888290 116
1888300 116
1888310 116
1888320 116
1888330 116
1888340 116
1888350 116
1888360 116
1888370 116
1888380 116
1888390 116
1888400 116
1888410 116
1888420 116
1888430 116
1888440 116
1888450 116
1888460 116
1888470 116
1888480 117
1888490 117
1888500 117
1888510 117
1888520 116
1888530 116
1888540 116
1888550 116
1888560 116
1888570 116
1888580 116
1888590 116
1888600 116
1888610 116
1888620 116
1888630 116
1888640 116
1888650 116
1888660 116
1888670 116
1888680 116
1888690 116
1888700 116
1888710 116
1888720 116
1888730 116
1888740 116
1888750 116
1888760 116
1888770 116
1888780 116
1888790 116
1888800 116
1888810 116
1888820 116
1888830 116
1888840 116
1888850 117
1888860 117
1888870 117
1888880 117
1888890 117
1888900 117
1888910 117
1888920 117
1888930 117
1888940 117
1888950 117
1888960 117
1888970 117
1888980 117
1888990 117
1889000 117
1889010 117
1889020 117
1889030 117
1889040 117
1889050 117
1889060 117
1889070 117
1889080 117
1889090 117
1889100 117
1889110 117
1889120 117
1889130 117
1889140 117
1889150 117
1889160 117
1889170 117
1889180 117
1889190 117
1889200 117
1889210 117
1889220 117
1889230 117
1889240 117
1889250 117
1889260 117
1889270 117
1889280 117
1889290 117
1889300 117
1889310 117
1889320 117
1889330 117
1889340 117
1889350 117
1889360 117
1889370 117
1889380 116
1889390 116
1889400 116
1889410 116
1889420 116
1889430 116
1889440 116
1889450 116
1889460 116
1889470 116
1889480 116
1889490 116
1889500 115
1889510 115
1889520 115
1889530 115
1889540 115
1889550 114
1889560 114
1889570 114
1889580 114
1889590 114
1889600 114
1889610 114
1889620 114
1889630 114
1889640 114
1889650 114
1889660 114
1889670 114
1889680 114
1889690 114
1889700 114
1889710 114
1889720 114
1889730 114
1889740 114
1889750 114
1889760 114
1889770 114
1889780 114
1889790 114
1889800 114
1889810 114
1889820 114
1889830 114
1889840 114
1889850 114
1889860 114
1889870 114
1889880 114
1889890 114
1889900 114
1889910 114
1889920 114
1889930 114
1889940 114
1889950 114
1889960 114
1889970 114
1889980 114
1889990 114
1890000 114
1890010 114
1890020 114
1890030 114
1890040 114
1890050 114
1890060 114
1890070 114
1890080 114
1890090 114
1890100 114
1890110 114
1890120 114
1890130 114
1890140 114
1890150 114
1890160 114
1890170 114
1890180 114
1890190 114
1890200 114
1890210 114
1890220 114
1890230 114
1890240 114
1890250 114
1890260 114
1890270 114
1890280 114
1890290 114
1890300 114
1890310 114
1890320 114
1890330 114
1890340 114
1890350 114
1890360 114
1890370 114
1890380 114
1890390 114
1890400 114
1890410 113
1890420 114
1890430 114
1890440 114
1890450 114
1890460 114
1890470 114
1890480 114
1890490 114
1890500 114
1890510 114
1890520 114
1890530 114
1890540 114
1890550 114
1890560 114
1890570 114
1890580 114
1890590 114
1890600 114
1890610 114
1890620 114
1890630 114
1890640 114
1890650 114
1890660 114
1890670 114
1890680 114
1890690 114
1890700 114
1890710 114
1890720 114
1890730 114
1890740 114
1890750 114
1890760 114
1890770 114
1890780 114
1890790 114
1890800 114
1890810 114
1890820 114
1890830 114
1890840 114
1890850 114
1890860 114
1890870 114
1890880 114
1890890 114
1890900 114
1890910 114
1890920 114
1890930 114
1890940 114
1890950 114
1890960 114
1890970 114
1890980 114
1890990 114
1891000 114
1891010 114
1891020 114
1891030 114
1891040 114
1891050 114
1891060 114
1891070 114
1891080 114
1891090 114
1891100 114
1891110 114
1891120 114
1891130 114
1891140 114
1891150 114
1891160 114
1891170 114
1891180 114
1891190 114
1891200 114
1891210 114
1891220 114
1891230 114
1891240 114
1891250 114
1891260 114
1891270 114
1891280 114
1891290 114
1891300 114
1891310 114
1891320 114
1891330 114
1891340 114
1891350 114
1891360 114
1891370 114
1891380 114
1891390 114
1891400 114
1891410 114
1891420 114
1891430 114
1891440 114
1891450 114
1891460 114
1891470 114
1891480 114
1891490 114
1891500 114
1891510 114
1891520 114
1891530 114
1891540 114
1891550 114
1891560 114
1891570 114
1891580 114
1891590 114
1891600 115
1891610 115
1891620 115
1891630 116
1891640 116
1891650 116
1891660 116
1891670 116
1891680 116
1891690 116
1891700 116
1891710 116
1891720 116
1891730 116
1891740 116
1891750 116
1891760 116
1891770 116
1891780 116
1891790 116
1891800 115
1891810 115
1891820 115
1891830 115
1891840 115
1891850 115
1891860 115
1891870 115
1891880 115
1891890 115
1891900 115
1891910 115
1891920 115
1891930 115
1891940 115
1891950 115
1891960 115
1891970 115
1891980 115
1891990 115
1892000 115
1892010 115
1892020 115
1892030 115
1892040 115
1892050 115
1892060 115
1892070 115
1892080 115
1892090 115
1892100 115
1892110 115
1892120 115
1892130 115
1892140 115
1892150 115
1892160 115
1892170 115
1892180 115
1892190 115
1892200 115
1892210 115
1892220 115
1892230 115
1892240 115
1892250 115
1892260 115
1892270 115
1892280 115
1892290 115
1892300 115
1892310 115
1892320 115
1892330 115
1892340 115
1892350 115
1892360 115
1892370 115
1892380 115
1892390 115
1892400 115
1892410 115
1892420 115
1892430 115
1892440 115
1892450 115
1892460 115
1892470 115
1892480 115
1892490 115
1892500 115
1892510 115
1892520 115
1892530 115
1892540 115
1892550 115
1892560 115
1892570 115
1892580 115
1892590 115
1892600 115
1892610 115
1892620 115
1892630 115
1892640 115
1892650 115
1892660 115
1892670 115
1892680 115
1892690 115
1892700 115
1892710 115
1892720 115
1892730 115
1892740 115
1892750 115
1892760 115
1892770 115
1892780 115
1892790 115
1892800 115
1892810 115
1892820 115
1892830 115
1892840 115
1892850 115
1892860 115
1892870 115
1892880 115
1892890 115
1892900 115
1892910 115
1892920 115
1892930 115
1892940 115
1892950 115
1892960 115
1892970 115
1892980 115
1892990 115
1893000 115
1893010 115
1893020 115
1893030 115
1893040 115
1893050 115
1893060 115
1893070 115
1893080 115
1893090 115
1893100 115
1893110 115
1893120 115
1893130 115
1893140 115
1893150 115
1893160 115
1893170 115
1893180 115
1893190 115
1893200 115
1893210 115
1893220 115
1893230 115
1893240 115
1893250 115
1893260 115
1893270 115
1893280 115
1893290 115
1893300 115
1893310 115
1893320 115
1893330 115
1893340 115
1893350 115
1893360 115
1893370 115
1893380 115
1893390 115
1893400 115
1893410 115
1893420 115
1893430 115
1893440 115
1893450 115
1893460 115
1893470 115
1893480 115
1893490 115
1893500 115
1893510 115
1893520 115
1893530 115
1893540 115
1893550 115
1893560 115
1893570 115
1893580 115
1893590 115
1893600 115
1893610 115
1893620 115
1893630 115
1893640 115
1893650 115
1893660 114
1893670 114
1893680 115
1893690 115
1893700 115
1893710 115
1893720 114
1893730 115
1893740 114
1893750 114
1893760 114
1893770 114
1893780 114
1893790 114
1893800 114
1893810 114
1893820 114
1893830 114
1893840 114
1893850 114
1893860 114
1893870 114
1893880 114
1893890 114
1893900 114
1893910 114
1893920 114
1893930 114
1893940 114
1893950 114
1893960 114
1893970 114
1893980 114
1893990 115
1894000 114
1894010 114
1894020 114
1894030 114
1894040 114
1894050 114
1894060 114
1894070 114
1894080 114
1894090 114
1894100 114
1894110 114
1894120 114
1894130 114
1894140 114
1894150 114
1894160 114
1894170 114
1894180 114
1894190 114
1894200 114
1894210 114
1894220 114
1894230 114
1894240 114
1894250 114
1894260 114
1894270 114
1894280 114
1894290 114
1894300 114
1894310 114
1894320 114
1894330 114
1894340 114
1894350 114
1894360 114
1894370 114
1894380 114
1894390 114
1894400 114
1894410 114
1894420 114
1894430 114
1894440 114
1894450 114
1894460 114
1894470 114
1894480 114
1894490 114
1894500 114
1894510 114
1894520 114
1894530 114
1894540 114
1894550 114
1894560 114
1894570 114
1894580 115
1894590 115
1894600 115
1894610 116
1894620 116
1894630 116
1894640 116
1894650 116
1894660 116
1894670 116
1894680 116
1894690 116
1894700 116
1894710 116
1894720 116
1894730 115
1894740 115
1894750 115
1894760 115
1894770 115
1894780 115
1894790 115
1894800 115
1894810 115
1894820 115
1894830 115
1894840 115
1894850 115
1894860 114
1894870 114
1894880 113
1894890 112
1894900 112
1894910 112
1894920 112
1894930 112
1894940 112
1894950 112
1894960 112
1894970 112
1894980 112
1894990 112
1895000 112
1895010 112
1895020 112
1895030 112
1895040 112
1895050 112
1895060 113
1895070 113
1895080 113
1895090 114
1895100 114
1895110 114
1895120 114
1895130 114
1895140 114
1895150 114
1895160 114
1895170 114
1895180 115
1895190 115
1895200 115
1895210 116
1895220 116
1895230 116
1895240 116
1895250 115
1895260 115
1895270 115
1895280 114
1895290 114
1895300 115
1895310 115
1895320 115
1895330 115
1895340 114
1895350 114
1895360 114
1895370 114
1895380 114
1895390 114
1895400 114
1895410 114
1895420 114
1895430 114
1895440 114
1895450 114
1895460 114
1895470 114
1895480 114
1895490 114
1895500 114
1895510 114
1895520 113
1895530 113
1895540 113
1895550 113
1895560 114
1895570 114
1895580 114
1895590 114
1895600 114
1895610 114
1895620 114
1895630 114
1895640 114
1895650 113
1895660 113
1895670 113
1895680 113
1895690 113
1895700 113
1895710 113
1895720 113
1895730 114
1895740 114
1895750 114
1895760 114
1895770 113
1895780 113
1895790 113
1895800 114
1895810 114
1895820 114
1895830 114
1895840 114
1895850 114
1895860 114
1895870 114
1895880 114
1895890 114
1895900 114
1895910 114
1895920 114
1895930 114
1895940 114
1895950 114
1895960 114
1895970 114
1895980 114
1895990 114
1896000 114
1896010 114
1896020 114
1896030 114
1896040 114
1896050 114
1896060 114
1896070 114
1896080 114
1896090 114
1896100 113
1896110 113
1896120 113
1896130 113
1896140 113
1896150 113
1896160 113
1896170 113
1896180 113
1896190 113
1896200 113
1896210 113
1896220 113
1896230 113
1896240 113
1896250 113
1896260 113
1896270 113
1896280 113
1896290 113
1896300 113
1896310 113
1896320 113
1896330 113
1896340 113
1896350 113
1896360 113
1896370 113
1896380 113
1896390 113
1896400 113
1896410 113
1896420 113
1896430 113
1896440 113
1896450 113
1896460 113
1896470 113
1896480 113
1896490 113
1896500 113
1896510 113
1896520 113
1896530 113
1896540 113
1896550 113
1896560 113
1896570 113
1896580 113
1896590 114
1896600 113
1896610 113
1896620 114
1896630 114
1896640 114
1896650 114
1896660 113
1896670 113
1896680 113
1896690 114
1896700 114
1896710 114
1896720 114
1896730 114
1896740 114
1896750 113
1896760 113
1896770 113
1896780 113
1896790 113
1896800 113
1896810 113
1896820 113
1896830 113
1896840 113
1896850 113
1896860 113
1896870 113
1896880 113
1896890 113
1896900 113
1896910 114
1896920 114
1896930 113
1896940 113
1896950 113
1896960 113
1896970 113
1896980 113
1896990 113
1897000 113
1897010 113
1897020 114
1897030 114
1897040 114
1897050 114
1897060 113
1897070 113
1897080 113
1897090 113
1897100 113
1897110 113
1897120 113
1897130 113
1897140 114
1897150 113
1897160 113
1897170 113
1897180 113
1897190 113
1897200 113
1897210 113
1897220 113
1897230 114
1897240 114
1897250 114
1897260 113
1897270 113
1897280 113
1897290 113
1897300 113
1897310 113
1897320 113
1897330 113
1897340 114
1897350 114
1897360 113
1897370 113
1897380 113
1897390 113
1897400 113
1897410 113
1897420 113
1897430 113
1897440 113
1897450 113
1897460 113
1897470 113
1897480 113
1897490 113
1897500 113
1897510 113
1897520 113
1897530 113
1897540 113
1897550 113
1897560 113
1897570 113
1897580 113
1897590 113
1897600 113
1897610 113
1897620 113
1897630 113
1897640 113
1897650 113
1897660 113
1897670 113
1897680 113
1897690 113
1897700 113
1897710 113
1897720 113
1897730 113
1897740 113
1897750 113
1897760 113
1897770 113
1897780 113
1897790 113
1897800 113
1897810 113
1897820 113
1897830 113
1897840 113
1897850 113
1897860 113
1897870 113
1897880 113
1897890 113
1897900 113
1897910 113
1897920 113
1897930 113
1897940 113
1897950 113
1897960 113
1897970 113
1897980 113
1897990 113
1898000 113
1898010 113
1898020 113
1898030 113
1898040 113
1898050 113
1898060 113
1898070 113
1898080 113
1898090 113
1898100 113
1898110 113
1898120 113
1898130 113
1898140 113
1898150 113
1898160 113
1898170 113
1898180 113
1898190 113
1898200 113
1898210 113
1898220 113
1898230 113
1898240 113
1898250 113
1898260 113
1898270 113
1898280 113
1898290 113
1898300 113
1898310 113
1898320 113
1898330 113
1898340 113
1898350 113
1898360 113
1898370 113
1898380 113
1898390 113
1898400 113
1898410 113
1898420 113
1898430 113
1898440 113
1898450 113
1898460 113
1898470 113
1898480 113
1898490 113
1898500 113
1898510 113
1898520 113
1898530 113
1898540 113
1898550 113
1898560 113
1898570 113
1898580 113
1898590 113
1898600 113
1898610 113
1898620 113
1898630 113
1898640 113
1898650 113
1898660 113
1898670 113
1898680 113
1898690 113
1898700 113
1898710 113
1898720 113
1898730 113
1898740 113
1898750 113
1898760 113
1898770 113
1898780 113
1898790 113
1898800 112
1898810 112
1898820 113
1898830 113
1898840 113
1898850 113
1898860 113
1898870 113
1898880 113
1898890 112
1898900 112
1898910 112
1898920 112
1898930 112
1898940 112
1898950 113
1898960 113
1898970 113
1898980 113
1898990 113
1899000 113
1899010 112
1899020 113
1899030 113
1899040 113
1899050 113
1899060 113
1899070 113
1899080 113
1899090 113
1899100 113
1899110 113
1899120 113
1899130 113
1899140 113
1899150 113
1899160 113
1899170 113
1899180 113
1899190 113
1899200 113
1899210 113
1899220 113
1899230 113
1899240 113
1899250 113
1899260 113
1899270 113
1899280 113
1899290 113
1899300 113
1899310 113
1899320 113
1899330 113
1899340 113
1899350 113
1899360 113
1899370 113
1899380 113
1899390 113
1899400 113
1899410 113
1899420 113
1899430 113
1899440 113
1899450 113
1899460 113
1899470 113
1899480 113
1899490 113
1899500 113
1899510 113
1899520 113
1899530 113
1899540 113
1899550 113
1899560 113
1899570 113
1899580 113
1899590 113
1899600 113
1899610 113
1899620 113
1899630 113
1899640 113
1899650 113
1899660 113
1899670 113
1899680 113
1899690 113
1899700 113
1899710 113
1899720 113
1899730 113
1899740 113
1899750 113
1899760 113
1899770 113
1899780 113
1899790 113
1899800 113
1899810 113
1899820 113
1899830 113
1899840 113
1899850 113
1899860 113
1899870 113
1899880 113
1899890 113
1899900 113
1899910 113
1899920 113
1899930 113
1899940 113
1899950 113
1899960 113
1899970 113
1899980 113
1899990 113
