1880000 116
1880010 116
1880020 116
1880030 116
1880040 116
1880050 116
1880060 116
1880070 116
1880080 116
1880090 116
1880100 116
1880110 116
1880120 116
1880130 116
1880140 116
1880150 116
1880160 116
1880170 116
1880180 116
1880190 116
1880200 116
1880210 115
1880220 116
1880230 116
1880240 116
1880250 116
1880260 116
1880270 116
1880280 115
1880290 115
1880300 115
1880310 115
1880320 115
1880330 115
1880340 115
1880350 115
1880360 115
1880370 115
1880380 115
1880390 115
1880400 115
1880410 115
1880420 115
1880430 115
1880440 115
1880450 115
1880460 115
1880470 115
1880480 115
1880490 115
1880500 115
1880510 115
1880520 115
1880530 115
1880540 115
1880550 116
1880560 116
1880570 116
1880580 115
1880590 115
1880600 115
1880610 115
1880620 115
1880630 115
1880640 115
1880650 115
1880660 115
1880670 115
1880680 115
1880690 115
1880700 115
1880710 115
1880720 115
1880730 115
1880740 115
1880750 115
1880760 115
1880770 115
1880780 115
1880790 115
1880800 115
1880810 115
1880820 115
1880830 115
1880840 115
1880850 115
1880860 116
1880870 116
1880880 116
1880890 116
1880900 116
1880910 116
1880920 116
1880930 116
1880940 116
1880950 116
1880960 116
1880970 116
1880980 116
1880990 116
1881000 116
1881010 116
1881020 116
1881030 116
1881040 116
1881050 116
1881060 116
1881070 116
1881080 116
1881090 116
1881100 116
1881110 116
1881120 116
1881130 116
1881140 116
1881150 116
1881160 116
1881170 116
1881180 116
1881190 116
1881200 116
1881210 116
1881220 116
1881230 116
1881240 116
1881250 117
1881260 117
1881270 117
1881280 117
1881290 117
1881300 117
1881310 117
1881320 117
1881330 117
1881340 117
1881350 117
1881360 117
1881370 117
1881380 116
1881390 116
1881400 116
1881410 116
1881420 116
1881430 116
1881440 116
1881450 115
1881460 115
1881470 115
1881480 115
1881490 115
1881500 115
1881510 115
1881520 115
1881530 115
1881540 115
1881550 115
1881560 115
1881570 116
1881580 116
1881590 116
1881600 117
1881610 117
1881620 117
1881630 117
1881640 117
1881650 117
1881660 117
1881670 117
1881680 117
1881690 117
1881700 117
1881710 117
1881720 117
1881730 117
1881740 117
1881750 117
1881760 117
1881770 117
1881780 117
1881790 117
1881800 117
1881810 117
1881820 117
1881830 117
1881840 117
1881850 117
1881860 117
1881870 117
1881880 117
1881890 117
1881900 117
1881910 118
1881920 118
1881930 117
1881940 117
1881950 117
1881960 118
1881970 118
1881980 118
1881990 118
1882000 118
1882010 118
1882020 118
1882030 118
1882040 118
1882050 118
1882060 118
1882070 118
1882080 118
1882090 118
1882100 118
1882110 118
1882120 118
1882130 118
1882140 118
1882150 118
1882160 118
1882170 118
1882180 119
1882190 119
1882200 119
1882210 119
1882220 119
1882230 119
1882240 119
1882250 119
1882260 119
1882270 120
1882280 120
1882290 120
1882300 120
1882310 120
1882320 120
1882330 120
1882340 120
1882350 120
1882360 120
1882370 120
1882380 120
1882390 120
1882400 120
1882410 120
1882420 120
1882430 119
1882440 119
1882450 119
1882460 119
1882470 119
1882480 119
1882490 119
1882500 119
1882510 119
1882520 119
1882530 119
1882540 119
1882550 119
1882560 119
1882570 119
1882580 119
1882590 119
1882600 119
1882610 119
1882620 119
1882630 119
1882640 119
1882650 119
1882660 119
1882670 119
1882680 119
1882690 119
1882700 119
1882710 119
1882720 119
1882730 119
1882740 119
1882750 119
1882760 119
1882770 119
1882780 119
1882790 119
1882800 119
1882810 119
1882820 119
1882830 119
1882840 119
1882850 119
1882860 119
1882870 119
1882880 120
1882890 120
1882900 120
1882910 120
1882920 120
1882930 120
1882940 120
1882950 120
1882960 120
1882970 120
1882980 121
1882990 121
1883000 121
1883010 121
1883020 121
1883030 121
1883040 121
1883050 121
1883060 121
1883070 121
1883080 121
1883090 121
1883100 121
1883110 121
1883120 121
1883130 121
1883140 121
1883150 121
1883160 121
1883170 121
1883180 121
1883190 121
1883200 121
1883210 121
1883220 121
1883230 121
1883240 121
1883250 120
1883260 120
1883270 120
1883280 120
1883290 120
1883300 120
1883310 120
1883320 120
1883330 120
1883340 120
1883350 120
1883360 120
1883370 120
1883380 120
1883390 120
1883400 120
1883410 120
1883420 120
1883430 120
1883440 120
1883450 120
1883460 120
1883470 120
1883480 120
1883490 120
1883500 120
1883510 120
1883520 120
1883530 120
1883540 120
1883550 120
1883560 120
1883570 120
1883580 120
1883590 119
1883600 119
1883610 119
1883620 119
1883630 119
1883640 119
1883650 119
1883660 119
1883670 119
1883680 119
1883690 119
1883700 119
1883710 119
1883720 119
1883730 119
1883740 119
1883750 119
1883760 119
1883770 119
1883780 119
1883790 119
1883800 119
1883810 119
1883820 119
1883830 119
1883840 119
1883850 119
1883860 120
1883870 119
1883880 119
1883890 119
1883900 119
1883910 119
1883920 119
1883930 119
1883940 119
1883950 119
1883960 119
1883970 119
1883980 119
1883990 119
1884000 119
1884010 119
1884020 119
1884030 119
1884040 118
1884050 118
1884060 118
1884070 118
1884080 118
1884090 118
1884100 118
1884110 118
1884120 118
1884130 118
1884140 118
1884150 118
1884160 118
1884170 118
1884180 118
1884190 118
1884200 118
1884210 118
1884220 118
1884230 118
1884240 118
1884250 118
1884260 118
1884270 118
1884280 118
1884290 118
1884300 118
1884310 118
1884320 118
1884330 118
1884340 118
1884350 118
1884360 118
1884370 118
1884380 118
1884390 119
1884400 119
1884410 119
1884420 119
1884430 119
1884440 119
1884450 119
1884460 119
1884470 119
1884480 119
1884490 119
1884500 119
1884510 119
1884520 119
1884530 119
1884540 119
1884550 119
1884560 119
1884570 119
1884580 119
1884590 119
1884600 119
1884610 119
1884620 119
1884630 119
1884640 119
1884650 119
1884660 119
1884670 119
1884680 119
1884690 119
1884700 119
1884710 118
1884720 118
1884730 118
1884740 118
1884750 118
1884760 118
1884770 118
1884780 118
1884790 118
1884800 118
1884810 118
1884820 118
1884830 118
1884840 118
1884850 118
1884860 118
1884870 118
1884880 118
1884890 118
1884900 118
1884910 118
1884920 118
1884930 118
1884940 118
1884950 118
1884960 118
1884970 118
1884980 118
1884990 118
1885000 118
1885010 118
1885020 118
1885030 118
1885040 118
1885050 118
1885060 118
1885070 118
1885080 118
1885090 118
1885100 118
1885110 118
1885120 118
1885130 118
1885140 118
1885150 118
1885160 118
1885170 118
1885180 118
1885190 118
1885200 118
1885210 118
1885220 118
1885230 118
1885240 118
1885250 118
1885260 118
1885270 119
1885280 119
1885290 118
1885300 118
1885310 118
1885320 118
1885330 119
1885340 119
1885350 119
1885360 119
1885370 119
1885380 119
1885390 119
1885400 119
1885410 119
1885420 119
1885430 119
1885440 119
1885450 119
1885460 119
1885470 119
1885480 119
1885490 119
1885500 119
1885510 119
1885520 119
1885530 119
1885540 119
1885550 119
1885560 119
1885570 119
1885580 119
1885590 119
1885600 119
1885610 119
1885620 119
1885630 119
1885640 119
1885650 119
1885660 119
1885670 119
1885680 119
1885690 119
1885700 119
1885710 119
1885720 119
1885730 120
1885740 120
1885750 120
1885760 120
1885770 120
1885780 119
1885790 119
1885800 119
1885810 119
1885820 119
1885830 119
1885840 119
1885850 119
1885860 119
1885870 119
1885880 118
1885890 118
1885900 118
1885910 118
1885920 118
1885930 118
1885940 118
1885950 118
1885960 118
1885970 117
1885980 117
1885990 117
1886000 117
1886010 117
1886020 117
1886030 117
1886040 117
1886050 117
1886060 117
1886070 117
1886080 117
1886090 117
1886100 117
1886110 117
1886120 117
1886130 117
1886140 117
1886150 117
1886160 117
1886170 117
1886180 118
1886190 119
1886200 119
1886210 119
1886220 118
1886230 118
1886240 117
1886250 117
1886260 117
1886270 117
1886280 117
1886290 117
1886300 117
1886310 117
1886320 117
1886330 117
1886340 117
1886350 117
1886360 117
1886370 117
1886380 117
1886390 117
1886400 117
1886410 117
1886420 117
1886430 117
1886440 117
1886450 117
1886460 117
1886470 117
1886480 117
1886490 117
1886500 117
1886510 117
1886520 117
1886530 117
1886540 117
1886550 117
1886560 117
1886570 117
1886580 117
1886590 117
1886600 117
1886610 117
1886620 117
1886630 117
1886640 117
1886650 117
1886660 117
1886670 117
1886680 117
1886690 117
1886700 117
1886710 117
1886720 117
1886730 117
1886740 117
1886750 117
1886760 116
1886770 116
1886780 116
1886790 116
1886800 116
1886810 116
1886820 116
1886830 116
1886840 116
1886850 116
1886860 116
1886870 116
1886880 116
1886890 116
1886900 116
1886910 116
1886920 116
1886930 116
1886940 116
1886950 116
1886960 116
1886970 116
1886980 116
1886990 116
1887000 116
1887010 116
1887020 117
1887030 117
1887040 116
1887050 116
1887060 116
1887070 116
1887080 116
1887090 116
1887100 116
1887110 116
1887120 116
1887130 116
1887140 116
1887150 116
1887160 116
1887170 116
1887180 116
1887190 116
1887200 116
1887210 116
1887220 116
1887230 116
1887240 116
1887250 116
1887260 116
1887270 116
1887280 116
1887290 116
1887300 116
1887310 116
1887320 116
1887330 116
1887340 116
1887350 116
1887360 116
1887370 117
1887380 117
1887390 117
1887400 117
1887410 117
1887420 117
1887430 117
1887440 117
1887450 117
1887460 117
1887470 117
1887480 117
1887490 117
1887500 117
1887510 117
1887520 117
1887530 117
1887540 117
1887550 117
1887560 117
1887570 117
1887580 117
1887590 117
1887600 117
1887610 117
1887620 117
1887630 117
1887640 117
1887650 117
1887660 117
1887670 117
1887680 118
1887690 119
1887700 119
1887710 119
1887720 119
1887730 119
1887740 119
1887750 119
1887760 119
1887770 119
1887780 119
1887790 119
1887800 119
1887810 119
1887820 119
1887830 119
1887840 119
1887850 119
1887860 119
1887870 119
1887880 119
1887890 119
1887900 119
1887910 119
1887920 119
1887930 119
1887940 119
1887950 119
1887960 118
1887970 118
1887980 118
1887990 118
1888000 118
1888010 118
1888020 118
1888030 118
1888040 118
1888050 118
1888060 118
1888070 118
1888080 118
1888090 117
1888100 117
1888110 117
1888120 117
1888130 117
1888140 117
1888150 117
1888160 117
1888170 117
1888180 117
1888190 117
1888200 116
1888210 116
1888220 116
1888230 116
1888240 116
1888250 116
1888260 116
1888270 116
1888280 116
1888290 116
1888300 116
1888310 116
1888320 116
1888330 116
1888340 116
1888350 115
1888360 115
1888370 115
1888380 115
1888390 115
1888400 115
1888410 115
1888420 115
1888430 115
1888440 115
1888450 115
1888460 115
1888470 115
1888480 115
1888490 115
1888500 115
1888510 115
1888520 115
1888530 115
1888540 115
1888550 115
1888560 115
1888570 115
1888580 115
1888590 115
1888600 115
1888610 115
1888620 115
1888630 115
1888640 116
1888650 116
1888660 116
1888670 116
1888680 116
1888690 116
1888700 116
1888710 116
1888720 116
1888730 116
1888740 116
1888750 116
1888760 116
1888770 116
1888780 116
1888790 116
1888800 116
1888810 116
1888820 116
1888830 116
1888840 116
1888850 116
1888860 116
1888870 116
1888880 116
1888890 116
1888900 116
1888910 116
1888920 116
1888930 116
1888940 116
1888950 116
1888960 116
1888970 116
1888980 116
1888990 116
1889000 116
1889010 116
1889020 116
1889030 116
1889040 116
1889050 116
1889060 116
1889070 116
1889080 116
1889090 116
1889100 116
1889110 116
1889120 116
1889130 116
1889140 116
1889150 116
1889160 116
1889170 116
1889180 116
1889190 116
1889200 116
1889210 116
1889220 116
1889230 116
1889240 116
1889250 116
1889260 116
1889270 116
1889280 116
1889290 116
1889300 116
1889310 116
1889320 116
1889330 116
1889340 116
1889350 116
1889360 116
1889370 115
1889380 115
1889390 115
1889400 116
1889410 116
1889420 116
1889430 116
1889440 116
1889450 116
1889460 116
1889470 116
1889480 116
1889490 116
1889500 116
1889510 116
1889520 115
1889530 115
1889540 116
1889550 116
1889560 116
1889570 116
1889580 116
1889590 116
1889600 116
1889610 116
1889620 116
1889630 116
1889640 116
1889650 116
1889660 116
1889670 116
1889680 116
1889690 116
1889700 116
1889710 116
1889720 116
1889730 116
1889740 116
1889750 116
1889760 116
1889770 116
1889780 116
1889790 116
1889800 116
1889810 116
1889820 116
1889830 116
1889840 116
1889850 116
1889860 116
1889870 116
1889880 116
1889890 116
1889900 116
1889910 116
1889920 116
1889930 116
1889940 116
1889950 116
1889960 116
1889970 116
1889980 116
1889990 116
1890000 116
1890010 116
1890020 116
1890030 116
1890040 116
1890050 116
1890060 116
1890070 116
1890080 116
1890090 116
1890100 116
1890110 116
1890120 116
1890130 116
1890140 116
1890150 116
1890160 116
1890170 116
1890180 116
1890190 116
1890200 116
1890210 116
1890220 116
1890230 116
1890240 116
1890250 116
1890260 116
1890270 116
1890280 116
1890290 116
1890300 116
1890310 116
1890320 116
1890330 116
1890340 116
1890350 116
1890360 116
1890370 116
1890380 116
1890390 116
1890400 116
1890410 116
1890420 116
1890430 116
1890440 116
1890450 116
1890460 116
1890470 116
1890480 116
1890490 116
1890500 116
1890510 116
1890520 116
1890530 116
1890540 116
1890550 116
1890560 116
1890570 116
1890580 116
1890590 116
1890600 116
1890610 116
1890620 116
1890630 116
1890640 116
1890650 116
1890660 116
1890670 116
1890680 116
1890690 116
1890700 116
1890710 116
1890720 116
1890730 116
1890740 116
1890750 116
1890760 116
1890770 116
1890780 116
1890790 116
1890800 116
1890810 116
1890820 116
1890830 116
1890840 116
1890850 116
1890860 116
1890870 116
1890880 116
1890890 116
1890900 116
1890910 116
1890920 115
1890930 115
1890940 115
1890950 115
1890960 115
1890970 115
1890980 115
1890990 116
1891000 116
1891010 116
1891020 115
1891030 115
1891040 115
1891050 115
1891060 115
1891070 115
1891080 115
1891090 115
1891100 115
1891110 115
1891120 115
1891130 115
1891140 115
1891150 115
1891160 115
1891170 115
1891180 115
1891190 115
1891200 115
1891210 115
1891220 115
1891230 115
1891240 115
1891250 115
1891260 115
1891270 115
1891280 115
1891290 115
1891300 115
1891310 115
1891320 115
1891330 115
1891340 115
1891350 115
1891360 115
1891370 115
1891380 115
1891390 115
1891400 115
1891410 115
1891420 115
1891430 115
1891440 115
1891450 115
1891460 115
1891470 115
1891480 115
1891490 115
1891500 115
1891510 115
1891520 115
1891530 115
1891540 115
1891550 115
1891560 115
1891570 115
1891580 115
1891590 115
1891600 115
1891610 115
1891620 115
1891630 115
1891640 115
1891650 115
1891660 115
1891670 115
1891680 115
1891690 115
1891700 115
1891710 115
1891720 115
1891730 115
1891740 115
1891750 115
1891760 115
1891770 115
1891780 115
1891790 116
1891800 116
1891810 115
1891820 115
1891830 115
1891840 115
1891850 115
1891860 115
1891870 115
1891880 115
1891890 115
1891900 115
1891910 115
1891920 115
1891930 115
1891940 115
1891950 115
1891960 115
1891970 115
1891980 115
1891990 115
1892000 115
1892010 115
1892020 115
1892030 115
1892040 115
1892050 115
1892060 115
1892070 115
1892080 115
1892090 115
1892100 115
1892110 114
1892120 114
1892130 114
1892140 114
1892150 114
1892160 114
1892170 114
1892180 114
1892190 114
1892200 114
1892210 114
1892220 114
1892230 114
1892240 114
1892250 114
1892260 114
1892270 114
1892280 114
1892290 114
1892300 114
1892310 114
1892320 114
1892330 114
1892340 114
1892350 114
1892360 114
1892370 114
1892380 114
1892390 114
1892400 114
1892410 114
1892420 114
1892430 114
1892440 114
1892450 114
1892460 114
1892470 114
1892480 114
1892490 114
1892500 114
1892510 114
1892520 114
1892530 114
1892540 114
1892550 114
1892560 114
1892570 114
1892580 114
1892590 114
1892600 114
1892610 113
1892620 113
1892630 113
1892640 113
1892650 113
1892660 113
1892670 113
1892680 113
1892690 113
1892700 113
1892710 113
1892720 113
1892730 113
1892740 113
1892750 113
1892760 113
1892770 114
1892780 114
1892790 114
1892800 114
1892810 114
1892820 114
1892830 114
1892840 114
1892850 113
1892860 113
1892870 113
1892880 113
1892890 113
1892900 113
1892910 113
1892920 113
1892930 113
1892940 113
1892950 113
1892960 113
1892970 113
1892980 113
1892990 113
1893000 113
1893010 113
1893020 113
1893030 113
1893040 113
1893050 113
1893060 113
1893070 113
1893080 113
1893090 113
1893100 113
1893110 113
1893120 113
1893130 113
1893140 113
1893150 113
1893160 113
1893170 113
1893180 113
1893190 113
1893200 113
1893210 113
1893220 113
1893230 113
1893240 113
1893250 113
1893260 113
1893270 113
1893280 113
1893290 113
1893300 113
1893310 113
1893320 113
1893330 113
1893340 113
1893350 113
1893360 113
1893370 113
1893380 113
1893390 113
1893400 113
1893410 113
1893420 113
1893430 113
1893440 113
1893450 113
1893460 113
1893470 113
1893480 113
1893490 113
1893500 113
1893510 113
1893520 113
1893530 113
1893540 113
1893550 113
1893560 113
1893570 113
1893580 113
1893590 113
1893600 113
1893610 113
1893620 113
1893630 113
1893640 113
1893650 113
1893660 113
1893670 113
1893680 113
1893690 113
1893700 113
1893710 113
1893720 113
1893730 113
1893740 113
1893750 113
1893760 113
1893770 113
1893780 113
1893790 113
1893800 113
1893810 113
1893820 113
1893830 113
1893840 113
1893850 113
1893860 113
1893870 113
1893880 113
1893890 113
1893900 113
1893910 113
1893920 113
1893930 113
1893940 113
1893950 113
1893960 113
1893970 113
1893980 113
1893990 113
1894000 113
1894010 113
1894020 113
1894030 113
1894040 113
1894050 113
1894060 113
1894070 113
1894080 113
1894090 113
1894100 113
1894110 113
1894120 113
1894130 113
1894140 113
1894150 113
1894160 113
1894170 113
1894180 113
1894190 113
1894200 113
1894210 113
1894220 113
1894230 113
1894240 113
1894250 113
1894260 113
1894270 113
1894280 113
1894290 113
1894300 113
1894310 113
1894320 113
1894330 113
1894340 113
1894350 113
1894360 113
1894370 113
1894380 113
1894390 113
1894400 113
1894410 113
1894420 113
1894430 113
1894440 113
1894450 114
1894460 114
1894470 113
1894480 113
1894490 113
1894500 113
1894510 113
1894520 113
1894530 113
1894540 113
1894550 113
1894560 113
1894570 113
1894580 113
1894590 113
1894600 113
1894610 113
1894620 113
1894630 113
1894640 113
1894650 113
1894660 113
1894670 113
1894680 113
1894690 113
1894700 113
1894710 113
1894720 113
1894730 113
1894740 113
1894750 113
1894760 113
1894770 113
1894780 113
1894790 113
1894800 113
1894810 113
1894820 113
1894830 113
1894840 113
1894850 113
1894860 113
1894870 113
1894880 113
1894890 113
1894900 113
1894910 113
1894920 113
1894930 113
1894940 113
1894950 113
1894960 113
1894970 113
1894980 113
1894990 113
1895000 113
1895010 113
1895020 113
1895030 113
1895040 113
1895050 113
1895060 113
1895070 113
1895080 113
1895090 113
1895100 113
1895110 113
1895120 113
1895130 113
1895140 113
1895150 113
1895160 113
1895170 113
1895180 113
1895190 113
1895200 113
1895210 113
1895220 113
1895230 113
1895240 113
1895250 113
1895260 113
1895270 113
1895280 113
1895290 113
1895300 113
1895310 113
1895320 113
1895330 113
1895340 113
1895350 113
1895360 113
1895370 113
1895380 113
1895390 113
1895400 113
1895410 113
1895420 113
1895430 113
1895440 113
1895450 113
1895460 113
1895470 113
1895480 113
1895490 113
1895500 113
1895510 113
1895520 113
1895530 113
1895540 113
1895550 113
1895560 113
1895570 113
1895580 113
1895590 113
1895600 113
1895610 113
1895620 113
1895630 113
1895640 113
1895650 113
1895660 113
1895670 113
1895680 113
1895690 113
1895700 113
1895710 113
1895720 113
1895730 113
1895740 113
1895750 113
1895760 113
1895770 113
1895780 113
1895790 113
1895800 113
1895810 113
1895820 113
1895830 113
1895840 113
1895850 113
1895860 113
1895870 113
1895880 113
1895890 113
1895900 113
1895910 113
1895920 113
1895930 113
1895940 113
1895950 113
1895960 113
1895970 113
1895980 113
1895990 113
1896000 113
1896010 113
1896020 113
1896030 113
1896040 113
1896050 113
1896060 113
1896070 113
1896080 113
1896090 113
1896100 113
1896110 113
1896120 113
1896130 113
1896140 113
1896150 114
1896160 113
1896170 113
1896180 113
1896190 114
1896200 114
1896210 114
1896220 113
1896230 113
1896240 114
1896250 114
1896260 114
1896270 113
1896280 113
1896290 113
1896300 113
1896310 113
1896320 113
1896330 113
1896340 113
1896350 113
1896360 113
1896370 113
1896380 113
1896390 113
1896400 113
1896410 114
1896420 114
1896430 113
1896440 113
1896450 113
1896460 113
1896470 113
1896480 113
1896490 113
1896500 113
1896510 113
1896520 113
1896530 113
1896540 113
1896550 113
1896560 113
1896570 113
1896580 113
1896590 113
1896600 113
1896610 113
1896620 113
1896630 113
1896640 113
1896650 113
1896660 113
1896670 113
1896680 113
1896690 113
1896700 113
1896710 113
1896720 113
1896730 113
1896740 113
1896750 113
1896760 113
1896770 113
1896780 113
1896790 114
1896800 113
1896810 113
1896820 114
1896830 114
1896840 114
1896850 114
1896860 114
1896870 114
1896880 114
1896890 114
1896900 114
1896910 114
1896920 113
1896930 113
1896940 113
1896950 113
1896960 113
1896970 113
1896980 113
1896990 113
1897000 113
1897010 113
1897020 113
1897030 113
1897040 113
1897050 113
1897060 113
1897070 113
1897080 113
1897090 113
1897100 113
1897110 113
1897120 113
1897130 113
1897140 113
1897150 113
1897160 113
1897170 113
1897180 113
1897190 113
1897200 113
1897210 113
1897220 113
1897230 113
1897240 113
1897250 113
1897260 113
1897270 113
1897280 113
1897290 113
1897300 113
1897310 113
1897320 113
1897330 113
1897340 113
1897350 113
1897360 113
1897370 113
1897380 113
1897390 113
1897400 113
1897410 113
1897420 113
1897430 113
1897440 113
1897450 113
1897460 113
1897470 113
1897480 113
1897490 113
1897500 113
1897510 113
1897520 113
1897530 113
1897540 113
1897550 113
1897560 113
1897570 113
1897580 113
1897590 113
1897600 113
1897610 113
1897620 113
1897630 113
1897640 113
1897650 113
1897660 113
1897670 113
1897680 113
1897690 113
1897700 113
1897710 113
1897720 113
1897730 113
1897740 113
1897750 113
1897760 113
1897770 113
1897780 113
1897790 113
1897800 113
1897810 113
1897820 113
1897830 113
1897840 113
1897850 113
1897860 113
1897870 113
1897880 113
1897890 113
1897900 113
1897910 113
1897920 113
1897930 113
1897940 113
1897950 113
1897960 113
1897970 113
1897980 113
1897990 113
1898000 113
1898010 113
1898020 113
1898030 113
1898040 113
1898050 113
1898060 113
1898070 113
1898080 113
1898090 113
1898100 113
1898110 113
1898120 113
1898130 113
1898140 113
1898150 113
1898160 113
1898170 113
1898180 113
1898190 113
1898200 113
1898210 114
1898220 114
1898230 114
1898240 113
1898250 113
1898260 113
1898270 113
1898280 113
1898290 113
1898300 113
1898310 113
1898320 113
1898330 113
1898340 113
1898350 113
1898360 113
1898370 113
1898380 113
1898390 113
1898400 113
1898410 113
1898420 113
1898430 113
1898440 113
1898450 113
1898460 113
1898470 113
1898480 113
1898490 113
1898500 113
1898510 113
1898520 113
1898530 113
1898540 114
1898550 114
1898560 114
1898570 114
1898580 114
1898590 114
1898600 114
1898610 114
1898620 114
1898630 114
1898640 114
1898650 114
1898660 114
1898670 114
1898680 114
1898690 114
1898700 114
1898710 114
1898720 113
1898730 114
1898740 114
1898750 114
1898760 114
1898770 114
1898780 114
1898790 114
1898800 114
1898810 114
1898820 114
1898830 114
1898840 114
1898850 114
1898860 114
1898870 114
1898880 114
1898890 114
1898900 113
1898910 113
1898920 113
1898930 113
1898940 113
1898950 113
1898960 113
1898970 113
1898980 113
1898990 113
1899000 113
1899010 113
1899020 113
1899030 113
1899040 113
1899050 113
1899060 113
1899070 113
1899080 113
1899090 113
1899100 113
1899110 113
1899120 113
1899130 113
1899140 113
1899150 113
1899160 113
1899170 113
1899180 113
1899190 113
1899200 113
1899210 113
1899220 113
1899230 113
1899240 113
1899250 113
1899260 113
1899270 113
1899280 113
1899290 113
1899300 113
1899310 113
1899320 113
1899330 113
1899340 113
1899350 113
1899360 113
1899370 113
1899380 113
1899390 113
1899400 113
1899410 113
1899420 113
1899430 113
1899440 113
1899450 113
1899460 113
1899470 113
1899480 113
1899490 113
1899500 113
1899510 113
1899520 113
1899530 113
1899540 113
1899550 113
1899560 113
1899570 113
1899580 113
1899590 113
1899600 113
1899610 113
1899620 113
1899630 113
1899640 113
1899650 113
1899660 113
1899670 113
1899680 113
1899690 113
1899700 113
1899710 113
1899720 113
1899730 113
1899740 113
1899750 113
1899760 113
1899770 113
1899780 113
1899790 113
1899800 113
1899810 113
1899820 113
1899830 113
1899840 113
1899850 113
1899860 113
1899870 113
1899880 113
1899890 113
1899900 113
1899910 113
1899920 113
1899930 113
1899940 113
1899950 113
1899960 113
1899970 113
1899980 113
1899990 113
