1880000 115
1880010 116
1880020 116
1880030 116
1880040 116
1880050 116
1880060 116
1880070 116
1880080 116
1880090 116
1880100 116
1880110 116
1880120 116
1880130 116
1880140 116
1880150 116
1880160 116
1880170 116
1880180 116
1880190 116
1880200 116
1880210 116
1880220 117
1880230 117
1880240 117
1880250 117
1880260 117
1880270 117
1880280 117
1880290 117
1880300 117
1880310 117
1880320 116
1880330 116
1880340 116
1880350 116
1880360 116
1880370 116
1880380 116
1880390 116
1880400 116
1880410 116
1880420 116
1880430 116
1880440 116
1880450 116
1880460 116
1880470 116
1880480 116
1880490 116
1880500 116
1880510 116
1880520 116
1880530 116
1880540 116
1880550 116
1880560 116
1880570 116
1880580 116
1880590 116
1880600 116
1880610 116
1880620 116
1880630 116
1880640 116
1880650 116
1880660 116
1880670 116
1880680 116
1880690 116
1880700 116
1880710 116
1880720 116
1880730 116
1880740 116
1880750 116
1880760 116
1880770 116
1880780 116
1880790 116
1880800 116
1880810 116
1880820 116
1880830 116
1880840 116
1880850 116
1880860 116
1880870 116
1880880 116
1880890 116
1880900 116
1880910 116
1880920 116
1880930 116
1880940 116
1880950 116
1880960 116
1880970 116
1880980 116
1880990 116
1881000 116
1881010 116
1881020 116
1881030 116
1881040 116
1881050 116
1881060 116
1881070 116
1881080 116
1881090 116
1881100 116
1881110 116
1881120 116
1881130 116
1881140 116
1881150 116
1881160 116
1881170 116
1881180 116
1881190 116
1881200 116
1881210 116
1881220 116
1881230 116
1881240 116
1881250 116
1881260 116
1881270 116
1881280 116
1881290 116
1881300 116
1881310 116
1881320 116
1881330 117
1881340 117
1881350 117
1881360 117
1881370 117
1881380 117
1881390 117
1881400 117
1881410 117
1881420 117
1881430 117
1881440 117
1881450 117
1881460 117
1881470 117
1881480 117
1881490 117
1881500 118
1881510 118
1881520 118
1881530 118
1881540 118
1881550 118
1881560 118
1881570 118
1881580 118
1881590 118
1881600 118
1881610 118
1881620 118
1881630 118
1881640 118
1881650 118
1881660 118
1881670 118
1881680 118
1881690 118
1881700 118
1881710 118
1881720 118
1881730 118
1881740 118
1881750 118
1881760 118
1881770 118
1881780 118
1881790 118
1881800 118
1881810 118
1881820 118
1881830 118
1881840 118
1881850 118
1881860 118
1881870 118
1881880 118
1881890 118
1881900 118
1881910 118
1881920 118
1881930 118
1881940 118
1881950 118
1881960 118
1881970 118
1881980 118
1881990 118
1882000 118
1882010 118
1882020 118
1882030 118
1882040 118
1882050 118
1882060 118
1882070 118
1882080 118
1882090 118
1882100 118
1882110 118
1882120 118
1882130 118
1882140 118
1882150 118
1882160 118
1882170 118
1882180 118
1882190 119
1882200 119
1882210 119
1882220 119
1882230 119
1882240 119
1882250 119
1882260 119
1882270 119
1882280 119
1882290 119
1882300 119
1882310 119
1882320 119
1882330 119
1882340 119
1882350 119
1882360 120
1882370 120
1882380 120
1882390 120
1882400 120
1882410 120
1882420 120
1882430 120
1882440 120
1882450 120
1882460 120
1882470 120
1882480 120
1882490 120
1882500 120
1882510 120
1882520 120
1882530 120
1882540 120
1882550 120
1882560 120
1882570 120
1882580 121
1882590 121
1882600 121
1882610 121
1882620 121
1882630 121
1882640 121
1882650 121
1882660 121
1882670 121
1882680 121
1882690 121
1882700 121
1882710 121
1882720 121
1882730 121
1882740 121
1882750 121
1882760 121
1882770 121
1882780 121
1882790 121
1882800 120
1882810 120
1882820 120
1882830 121
1882840 121
1882850 121
1882860 121
1882870 121
1882880 121
1882890 120
1882900 120
1882910 120
1882920 120
1882930 120
1882940 120
1882950 121
1882960 121
1882970 121
1882980 121
1882990 121
1883000 121
1883010 121
1883020 121
1883030 121
1883040 121
1883050 121
1883060 121
1883070 121
1883080 121
1883090 121
1883100 121
1883110 121
1883120 121
1883130 121
1883140 121
1883150 121
1883160 121
1883170 121
1883180 121
1883190 121
1883200 121
1883210 121
1883220 121
1883230 121
1883240 121
1883250 121
1883260 121
1883270 121
1883280 121
1883290 121
1883300 121
1883310 121
1883320 121
1883330 121
1883340 121
1883350 121
1883360 121
1883370 121
1883380 121
1883390 121
1883400 122
1883410 121
1883420 121
1883430 121
1883440 121
1883450 121
1883460 121
1883470 121
1883480 121
1883490 121
1883500 121
1883510 121
1883520 121
1883530 121
1883540 121
1883550 121
1883560 121
1883570 121
1883580 121
1883590 121
1883600 121
1883610 121
1883620 121
1883630 121
1883640 121
1883650 121
1883660 121
1883670 121
1883680 121
1883690 121
1883700 121
1883710 121
1883720 120
1883730 120
1883740 120
1883750 120
1883760 120
1883770 120
1883780 120
1883790 120
1883800 120
1883810 120
1883820 120
1883830 120
1883840 120
1883850 120
1883860 120
1883870 119
1883880 119
1883890 119
1883900 119
1883910 119
1883920 119
1883930 119
1883940 119
1883950 119
1883960 119
1883970 119
1883980 119
1883990 119
1884000 119
1884010 119
1884020 119
1884030 119
1884040 119
1884050 119
1884060 119
1884070 119
1884080 119
1884090 119
1884100 120
1884110 120
1884120 120
1884130 120
1884140 120
1884150 120
1884160 120
1884170 120
1884180 120
1884190 120
1884200 120
1884210 120
1884220 120
1884230 120
1884240 120
1884250 120
1884260 120
1884270 120
1884280 120
1884290 120
1884300 120
1884310 120
1884320 120
1884330 120
1884340 120
1884350 120
1884360 120
1884370 120
1884380 120
1884390 121
1884400 121
1884410 121
1884420 120
1884430 120
1884440 120
1884450 120
1884460 120
1884470 120
1884480 120
1884490 120
1884500 120
1884510 120
1884520 120
1884530 120
1884540 120
1884550 120
1884560 119
1884570 119
1884580 119
1884590 119
1884600 119
1884610 119
1884620 119
1884630 119
1884640 119
1884650 119
1884660 119
1884670 119
1884680 119
1884690 119
1884700 119
1884710 119
1884720 119
1884730 119
1884740 119
1884750 119
1884760 119
1884770 119
1884780 119
1884790 119
1884800 119
1884810 119
1884820 119
1884830 119
1884840 119
1884850 119
1884860 119
1884870 119
1884880 119
1884890 119
1884900 119
1884910 119
1884920 119
1884930 119
1884940 119
1884950 119
1884960 119
1884970 119
1884980 119
1884990 119
1885000 119
1885010 119
1885020 119
1885030 119
1885040 119
1885050 119
1885060 119
1885070 119
1885080 119
1885090 119
1885100 119
1885110 118
1885120 118
1885130 118
1885140 117
1885150 117
1885160 117
1885170 117
1885180 116
1885190 116
1885200 116
1885210 116
1885220 116
1885230 116
1885240 116
1885250 116
1885260 116
1885270 116
1885280 116
1885290 116
1885300 117
1885310 117
1885320 117
1885330 117
1885340 117
1885350 117
1885360 117
1885370 117
1885380 117
1885390 117
1885400 117
1885410 117
1885420 117
1885430 117
1885440 117
1885450 117
1885460 118
1885470 118
1885480 118
1885490 118
1885500 118
1885510 118
1885520 118
1885530 118
1885540 118
1885550 118
1885560 118
1885570 118
1885580 118
1885590 118
1885600 118
1885610 118
1885620 118
1885630 118
1885640 119
1885650 119
1885660 119
1885670 119
1885680 119
1885690 118
1885700 119
1885710 119
1885720 119
1885730 119
1885740 119
1885750 119
1885760 118
1885770 118
1885780 119
1885790 119
1885800 119
1885810 119
1885820 119
1885830 119
1885840 119
1885850 119
1885860 119
1885870 119
1885880 119
1885890 119
1885900 119
1885910 119
1885920 119
1885930 119
1885940 118
1885950 118
1885960 118
1885970 118
1885980 118
1885990 118
1886000 118
1886010 118
1886020 118
1886030 118
1886040 118
1886050 118
1886060 118
1886070 118
1886080 118
1886090 118
1886100 118
1886110 118
1886250 117
1886260 117
1886270 117
1886280 117
1886290 117
1886300 117
1886310 117
1886320 117
1886330 117
1886340 117
1886350 117
1886360 118
1886370 117
1886380 117
1886390 117
1886400 117
1886410 117
1886420 117
1886430 117
1886440 117
1886450 117
1886460 117
1886470 117
1886480 117
1886490 117
1886500 117
1886510 117
1886520 117
1886530 116
1886540 116
1886550 116
1886560 116
1886570 116
1886580 116
1886590 116
1886600 116
1886610 116
1886620 116
1886630 116
1886640 116
1886650 116
1886660 116
1886670 116
1886680 116
1886690 116
1886700 116
1886710 116
1886720 116
1886730 116
1886740 115
1886750 115
1886760 115
1886770 115
1886780 115
1886790 115
1886800 115
1886810 115
1886820 115
1886830 116
1886840 116
1886850 116
1886860 116
1886870 116
1886880 116
1886890 116
1886900 116
1886910 116
1886920 115
1886930 115
1886940 115
1886950 115
1886960 116
1886970 116
1886980 116
1886990 115
1887000 115
1887010 115
1887020 115
1887030 115
1887040 115
1887050 115
1887060 115
1887070 115
1887080 115
1887090 115
1887100 115
1887110 116
1887120 116
1887130 117
1887140 117
1887150 117
1887160 117
1887170 117
1887180 117
1887190 118
1887200 118
1887210 118
1887220 118
1887230 118
1887240 118
1887250 118
1887260 118
1887270 118
1887280 118
1887290 118
1887300 118
1887310 118
1887320 118
1887330 118
1887340 118
1887350 118
1887360 118
1887370 118
1887380 118
1887390 118
1887400 118
1887410 118
1887420 118
1887430 118
1887440 118
1887450 118
1887460 118
1887470 118
1887480 118
1887490 118
1887500 118
1887510 117
1887520 117
1887530 118
1887540 118
1887550 118
1887560 118
1887570 118
1887580 118
1887590 118
1887600 118
1887610 118
1887620 117
1887630 117
1887640 117
1887650 117
1887660 117
1887670 117
1887680 117
1887690 117
1887700 117
1887710 117
1887720 118
1887730 118
1887740 118
1887750 117
1887760 117
1887770 117
1887780 117
1887790 117
1887800 117
1887810 117
1887820 117
1887830 117
1887840 117
1887850 117
1887860 117
1887870 117
1887880 117
1887890 117
1887900 117
1887910 117
1887920 117
1887930 117
1887940 117
1887950 117
1887960 117
1887970 117
1887980 117
1887990 117
1888000 117
1888010 117
1888020 117
1888030 117
1888040 117
1888050 117
1888060 117
1888070 117
1888080 117
1888090 117
1888100 117
1888110 117
1888120 117
1888130 117
1888140 117
1888150 117
1888160 117
1888170 117
1888180 117
1888190 117
1888200 116
1888210 117
1888220 117
1888230 116
1888240 116
1888250 116
1888260 116
1888270 116
1888280 116
1888290 116
1888300 116
1888310 116
1888320 116
1888330 116
1888340 116
1888350 116
1888360 116
1888370 116
1888380 116
1888390 116
1888400 116
1888410 116
1888420 116
1888430 116
1888440 116
1888450 116
1888460 115
1888470 115
1888480 115
1888490 115
1888500 115
1888510 115
1888520 115
1888530 115
1888540 116
1888550 116
1888560 116
1888570 116
1888580 116
1888590 116
1888600 116
1888610 116
1888620 116
1888630 116
1888640 116
1888650 116
1888660 116
1888670 116
1888680 116
1888690 116
1888700 116
1888710 116
1888720 116
1888730 116
1888740 116
1888750 116
1888760 116
1888770 116
1888780 116
1888790 116
1888800 116
1888810 115
1888820 116
1888830 116
1888840 116
1888850 116
1888860 116
1888870 116
1888880 115
1888890 115
1888900 115
1888910 115
1888920 115
1888930 115
1888940 115
1888950 115
1888960 115
1888970 115
1888980 115
1888990 115
1889000 115
1889010 115
1889020 115
1889030 115
1889040 115
1889050 115
1889060 115
1889070 115
1889080 115
1889090 115
1889100 115
1889110 115
1889120 115
1889130 115
1889140 115
1889150 115
1889160 115
1889170 115
1889180 115
1889190 115
1889200 115
1889210 115
1889220 115
1889230 115
1889240 115
1889250 115
1889260 115
1889270 115
1889280 115
1889290 115
1889300 115
1889310 115
1889320 115
1889330 115
1889340 115
1889350 115
1889360 115
1889370 115
1889380 115
1889390 116
1889400 116
1889410 116
1889420 116
1889430 116
1889440 116
1889450 116
1889460 116
1889470 116
1889480 116
1889490 116
1889500 116
1889510 116
1889520 115
1889530 115
1889540 115
1889550 115
1889560 115
1889570 115
1889580 115
1889590 115
1889600 115
1889610 115
1889620 116
1889630 116
1889640 116
1889650 116
1889660 116
1889670 116
1889680 115
1889690 115
1889700 115
1889710 115
1889720 115
1889730 115
1889740 115
1889750 115
1889760 115
1889770 116
1889780 116
1889790 116
1889800 115
1889810 115
1889820 115
1889830 115
1889840 115
1889850 115
1889860 116
1889870 116
1889880 116
1889890 116
1889900 116
1889910 116
1889920 116
1889930 116
1889940 116
1889950 116
1889960 115
1889970 115
1889980 115
1889990 115
1890000 115
1890010 115
1890020 115
1890030 115
1890040 115
1890050 115
1890060 115
1890070 115
1890080 115
1890090 115
1890100 115
1890110 115
1890120 115
1890130 115
1890140 115
1890150 115
1890160 115
1890170 115
1890180 115
1890190 116
1890200 116
1890210 116
1890220 116
1890230 116
1890240 116
1890250 116
1890260 116
1890270 116
1890280 116
1890290 116
1890300 116
1890310 116
1890320 116
1890330 116
1890340 116
1890350 116
1890360 116
1890370 116
1890380 116
1890390 116
1890400 116
1890410 116
1890420 116
1890430 116
1890440 116
1890450 116
1890460 115
1890470 116
1890480 116
1890490 116
1890500 115
1890510 115
1890520 115
1890530 115
1890540 116
1890550 116
1890560 115
1890570 115
1890580 115
1890590 115
1890600 115
1890610 115
1890620 116
1890630 116
1890640 116
1890650 116
1890660 116
1890670 116
1890680 116
1890690 116
1890700 116
1890710 116
1890720 116
1890730 116
1890740 116
1890750 116
1890760 116
1890770 116
1890780 116
1890790 116
1890800 115
1890810 115
1890820 115
1890830 115
1890840 115
1890850 115
1890860 115
1890870 115
1890880 115
1890890 115
1890900 115
1890910 115
1890920 115
1890930 115
1890940 115
1890950 115
1890960 115
1890970 115
1890980 115
1890990 115
1891000 115
1891010 115
1891020 115
1891030 115
1891040 115
1891050 115
1891060 115
1891070 115
1891080 115
1891090 115
1891100 115
1891110 115
1891120 115
1891130 115
1891140 115
1891150 115
1891160 115
1891170 115
1891180 115
1891190 115
1891200 115
1891210 115
1891220 115
1891230 115
1891240 115
1891250 115
1891260 115
1891270 115
1891280 115
1891290 115
1891300 115
1891310 115
1891320 115
1891330 115
1891340 115
1891350 115
1891360 115
1891370 115
1891380 115
1891390 115
1891400 115
1891410 115
1891420 115
1891430 115
1891440 115
1891450 115
1891460 115
1891470 115
1891480 115
1891490 115
1891500 115
1891510 115
1891520 115
1891530 115
1891540 115
1891550 115
1891560 115
1891570 115
1891580 115
1891590 115
1891600 115
1891610 115
1891620 115
1891630 115
1891640 115
1891650 115
1891660 115
1891670 115
1891680 115
1891690 115
1891700 115
1891710 115
1891720 115
1891730 115
1891740 115
1891750 115
1891760 115
1891770 115
1891780 115
1891790 115
1891800 115
1891810 115
1891820 115
1891830 115
1891840 115
1891850 115
1891860 115
1891870 114
1891880 114
1891890 114
1891900 114
1891910 114
1891920 114
1891930 114
1891940 114
1891950 114
1891960 114
1891970 114
1891980 114
1891990 114
1892000 114
1892010 114
1892020 114
1892030 114
1892040 114
1892050 114
1892060 114
1892070 114
1892080 114
1892090 114
1892100 114
1892110 114
1892120 114
1892130 114
1892140 114
1892150 114
1892160 114
1892170 114
1892180 113
1892190 113
1892200 113
1892210 113
1892220 113
1892230 113
1892240 113
1892250 113
1892260 113
1892270 114
1892280 113
1892290 113
1892300 113
1892310 114
1892320 114
1892330 114
1892340 114
1892350 114
1892360 114
1892370 114
1892380 114
1892390 114
1892400 114
1892410 114
1892420 114
1892430 113
1892440 113
1892450 113
1892460 113
1892470 113
1892480 113
1892490 113
1892500 113
1892510 113
1892520 113
1892530 113
1892540 113
1892550 113
1892560 113
1892570 113
1892580 113
1892590 113
1892600 113
1892610 113
1892620 113
1892630 113
1892640 113
1892650 113
1892660 113
1892670 113
1892680 113
1892690 113
1892700 113
1892710 113
1892720 113
1892730 113
1892740 113
1892750 113
1892760 113
1892770 113
1892780 113
1892790 114
1892800 113
1892810 113
1892820 113
1892830 113
1892840 113
1892850 113
1892860 113
1892870 113
1892880 113
1892890 113
1892900 113
1892910 113
1892920 113
1892930 113
1892940 113
1892950 113
1892960 113
1892970 113
1892980 113
1892990 113
1893000 113
1893010 113
1893020 113
1893030 113
1893040 113
1893050 113
1893060 113
1893070 113
1893080 113
1893090 113
1893100 113
1893110 113
1893120 113
1893130 113
1893140 113
1893150 113
1893160 113
1893170 113
1893180 113
1893190 113
1893200 113
1893210 113
1893220 113
1893230 113
1893240 113
1893250 113
1893260 113
1893270 113
1893280 113
1893290 113
1893300 113
1893310 113
1893320 113
1893330 113
1893340 113
1893350 113
1893360 113
1893370 113
1893380 113
1893390 113
1893400 113
1893410 113
1893420 113
1893430 113
1893440 113
1893450 113
1893460 113
1893470 113
1893480 113
1893490 113
1893500 113
1893510 113
1893520 113
1893530 113
1893540 113
1893550 113
1893560 113
1893570 113
1893580 113
1893590 113
1893600 113
1893610 113
1893620 113
1893630 113
1893640 113
1893650 113
1893660 113
1893670 113
1893680 113
1893690 113
1893700 113
1893710 113
1893720 113
1893730 113
1893740 113
1893750 113
1893760 113
1893770 113
1893780 113
1893790 113
1893800 113
1893810 113
1893820 113
1893830 113
1893840 113
1893850 113
1893860 113
1893870 113
1893880 113
1893890 113
1893900 113
1893910 113
1893920 113
1893930 113
1893940 113
1893950 113
1893960 113
1893970 113
1893980 113
1893990 113
1894000 113
1894010 113
1894020 113
1894030 113
1894040 113
1894050 113
1894060 113
1894070 113
1894080 113
1894090 113
1894100 113
1894110 113
1894120 113
1894130 113
1894140 113
1894150 113
1894160 113
1894170 113
1894180 113
1894190 113
1894200 113
1894210 113
1894220 113
1894230 113
1894240 113
1894250 113
1894260 113
1894270 113
1894280 113
1894290 113
1894300 113
1894310 113
1894320 113
1894330 113
1894340 113
1894350 113
1894360 113
1894370 113
1894380 113
1894390 113
1894400 113
1894410 113
1894420 113
1894430 113
1894440 113
1894450 113
1894460 113
1894470 113
1894480 113
1894490 113
1894500 113
1894510 113
1894520 113
1894530 113
1894540 113
1894550 113
1894560 113
1894570 113
1894580 113
1894590 113
1894600 113
1894610 113
1894620 113
1894630 113
1894640 113
1894650 113
1894660 113
1894670 113
1894680 113
1894690 113
1894700 113
1894710 113
1894720 113
1894730 113
1894740 113
1894750 113
1894760 113
1894770 113
1894780 113
1894790 113
1894800 113
1894810 113
1894820 113
1894830 113
1894840 113
1894850 113
1894860 113
1894870 113
1894880 113
1894890 113
1894900 113
1894910 113
1894920 113
1894930 113
1894940 113
1894950 113
1894960 113
1894970 113
1894980 113
1894990 113
1895000 113
1895010 113
1895020 113
1895030 113
1895040 113
1895050 113
1895060 113
1895070 113
1895080 113
1895090 113
1895100 113
1895110 113
1895120 113
1895130 113
1895140 113
1895150 113
1895160 113
1895170 113
1895180 113
1895190 113
1895200 113
1895210 113
1895220 113
1895230 113
1895240 113
1895250 113
1895260 113
1895270 113
1895280 113
1895290 113
1895300 113
1895310 113
1895320 113
1895330 113
1895340 113
1895350 113
1895360 113
1895370 113
1895380 113
1895390 113
1895400 113
1895410 113
1895420 113
1895430 113
1895440 113
1895450 113
1895460 113
1895470 113
1895480 113
1895490 113
1895500 113
1895510 113
1895520 113
1895530 113
1895540 113
1895550 113
1895560 113
1895570 113
1895580 113
1895590 113
1895600 113
1895610 113
1895620 113
1895630 113
1895640 113
1895650 113
1895660 113
1895670 113
1895680 113
1895690 113
1895700 113
1895710 113
1895720 113
1895730 113
1895740 113
1895750 113
1895760 113
1895770 113
1895780 113
1895790 113
1895800 113
1895810 113
1895820 113
1895830 113
1895840 113
1895850 113
1895860 113
1895870 113
1895880 113
1895890 113
1895900 113
1895910 113
1895920 113
1895930 113
1895940 113
1895950 113
1895960 113
1895970 113
1895980 113
1895990 113
1896000 113
1896010 113
1896020 113
1896030 113
1896040 113
1896050 113
1896060 113
1896070 113
1896080 113
1896090 113
1896100 113
1896110 113
1896120 113
1896130 113
1896140 113
1896150 113
1896160 113
1896170 113
1896180 113
1896190 113
1896200 113
1896210 113
1896220 113
1896230 113
1896240 113
1896250 113
1896260 113
1896270 113
1896280 113
1896290 113
1896300 113
1896310 113
1896320 113
1896330 113
1896340 113
1896350 113
1896360 113
1896370 113
1896380 113
1896390 113
1896400 113
1896410 113
1896420 113
1896430 113
1896440 113
1896450 113
1896460 113
1896470 113
1896480 113
1896490 113
1896500 113
1896510 113
1896520 113
1896530 113
1896540 113
1896550 113
1896560 113
1896570 113
1896580 113
1896590 113
1896600 113
1896610 113
1896620 113
1896630 113
1896640 114
1896650 114
1896660 114
1896670 114
1896680 114
1896690 114
1896700 114
1896710 114
1896720 114
1896730 114
1896740 114
1896750 114
1896760 114
1896770 114
1896780 114
1896790 114
1896800 114
1896810 114
1896820 114
1896830 114
1896840 114
1896850 114
1896860 114
1896870 113
1896880 113
1896890 113
1896900 114
1896910 114
1896920 114
1896930 114
1896940 114
1896950 114
1896960 114
1896970 114
1896980 114
1896990 114
1897000 114
1897010 114
1897020 113
1897030 113
1897040 113
1897050 113
1897060 113
1897070 113
1897080 113
1897090 113
1897100 113
1897110 113
1897120 113
1897130 113
1897140 113
1897150 113
1897160 113
1897170 113
1897180 113
1897190 113
1897200 113
1897210 113
1897220 113
1897230 113
1897240 113
1897250 113
1897260 113
1897270 113
1897280 113
1897290 113
1897300 113
1897310 113
1897320 113
1897330 113
1897340 113
1897350 113
1897360 113
1897370 113
1897380 113
1897390 113
1897400 113
1897410 113
1897420 113
1897430 113
1897440 113
1897450 113
1897460 113
1897470 113
1897480 113
1897490 113
1897500 113
1897510 113
1897520 113
1897530 113
1897540 113
1897550 113
1897560 114
1897570 114
1897580 114
1897590 113
1897600 113
1897610 113
1897620 113
1897630 113
1897640 113
1897650 113
1897660 113
1897670 113
1897680 113
1897690 113
1897700 113
1897710 113
1897720 113
1897730 113
1897740 113
1897750 113
1897760 113
1897770 113
1897780 113
1897790 113
1897800 113
1897810 113
1897820 113
1897830 113
1897840 113
1897850 113
1897860 113
1897870 113
1897880 113
1897890 113
1897900 113
1897910 114
1897920 114
1897930 113
1897940 113
1897950 113
1897960 113
1897970 114
1897980 114
1897990 113
1898000 113
1898010 113
1898020 113
1898030 113
1898040 113
1898050 113
1898060 113
1898070 113
1898080 113
1898090 113
1898100 113
1898110 113
1898120 113
1898130 113
1898140 113
1898150 113
1898160 113
1898170 113
1898180 113
1898190 113
1898200 113
1898210 113
1898220 113
1898230 114
1898240 113
1898250 113
1898260 113
1898270 114
1898280 114
1898290 113
1898300 113
1898310 113
1898320 113
1898330 114
1898340 114
1898350 114
1898360 113
1898370 113
1898380 113
1898390 114
1898400 114
1898410 114
1898420 114
1898430 114
1898440 114
1898450 114
1898460 114
1898470 114
1898480 114
1898490 114
1898500 114
1898510 114
1898520 114
1898530 114
1898540 114
1898550 114
1898560 114
1898570 114
1898580 114
1898590 114
1898600 114
1898610 114
1898620 114
1898630 114
1898640 114
1898650 114
1898660 114
1898670 114
1898680 114
1898690 114
1898700 114
1898710 114
1898720 114
1898730 114
1898740 114
1898750 114
1898760 114
1898770 114
1898780 114
1898790 114
1898800 114
1898810 114
1898820 114
1898830 114
1898840 114
1898850 114
1898860 114
1898870 114
1898880 114
1898890 114
1898900 114
1898910 114
1898920 114
1898930 114
1898940 114
1898950 114
1898960 114
1898970 114
1898980 114
1898990 114
1899000 114
1899010 114
1899020 114
1899030 114
1899040 114
1899050 114
1899060 114
1899070 114
1899080 114
1899090 114
1899100 114
1899110 114
1899120 114
1899130 114
1899140 114
1899150 114
1899160 114
1899170 114
1899180 114
1899190 114
1899200 114
1899210 114
1899220 114
1899230 114
1899240 114
1899250 114
1899260 114
1899270 114
1899280 114
1899290 114
1899300 114
1899310 114
1899320 114
1899330 114
1899340 113
1899350 113
1899360 113
1899370 113
1899380 113
1899390 113
1899400 113
1899410 113
1899420 113
1899430 113
1899440 113
1899450 113
1899460 113
1899470 113
1899480 113
1899490 113
1899500 113
1899510 113
1899520 113
1899530 114
1899540 114
1899550 113
1899560 113
1899570 113
1899580 113
1899590 113
1899600 113
1899610 113
1899620 113
1899630 113
1899640 113
1899650 113
1899660 113
1899670 113
1899680 113
1899690 113
1899700 113
1899710 113
1899720 113
1899730 114
1899740 114
1899750 114
1899760 113
1899770 113
1899780 113
1899790 113
1899800 113
1899810 113
1899820 113
1899830 113
1899840 113
1899850 113
1899860 113
1899870 113
1899880 113
1899890 113
1899900 113
1899910 113
1899920 113
1899930 113
1899940 113
1899950 113
1899960 113
1899970 113
1899980 113
1899990 113
