1880000 116
1880010 116
1880020 116
1880030 116
1880040 116
1880050 116
1880060 116
1880070 116
1880080 116
1880090 116
1880100 116
1880110 116
1880120 116
1880130 116
1880140 116
1880150 115
1880160 115
1880170 115
1880180 115
1880190 115
1880200 115
1880210 115
1880220 115
1880230 115
1880240 115
1880250 116
1880260 116
1880270 115
1880280 115
1880290 115
1880300 115
1880310 115
1880320 115
1880330 115
1880340 115
1880350 115
1880360 116
1880370 116
1880380 116
1880390 116
1880400 116
1880410 116
1880420 116
1880430 116
1880440 116
1880450 116
1880460 116
1880470 116
1880480 116
1880490 116
1880500 116
1880510 116
1880520 116
1880530 116
1880540 116
1880550 116
1880560 116
1880570 116
1880580 116
1880590 116
1880600 116
1880610 116
1880620 116
1880630 116
1880640 116
1880650 116
1880660 116
1880670 116
1880680 116
1880690 116
1880700 116
1880710 116
1880720 116
1880730 116
1880740 116
1880750 116
1880760 115
1880770 115
1880780 115
1880790 115
1880800 115
1880810 115
1880820 115
1880830 115
1880840 115
1880850 115
1880860 115
1880870 115
1880880 115
1880890 115
1880900 115
1880910 115
1880920 116
1880930 116
1880940 116
1880950 115
1880960 115
1880970 115
1880980 115
1880990 115
1881000 115
1881010 115
1881020 115
1881030 115
1881040 115
1881050 116
1881060 116
1881070 116
1881080 116
1881090 116
1881100 116
1881110 116
1881120 116
1881130 116
1881140 116
1881150 116
1881160 116
1881170 116
1881180 116
1881190 116
1881200 116
1881210 116
1881220 116
1881230 116
1881240 116
1881250 116
1881260 116
1881270 116
1881280 116
1881290 116
1881300 116
1881310 116
1881320 116
1881330 116
1881340 116
1881350 116
1881360 116
1881370 116
1881380 116
1881390 116
1881400 117
1881410 116
1881420 117
1881430 117
1881440 117
1881450 117
1881460 117
1881470 117
1881480 117
1881490 117
1881500 117
1881510 117
1881520 117
1881530 117
1881540 117
1881550 117
1881560 117
1881570 118
1881580 118
1881590 117
1881600 117
1881610 117
1881620 117
1881630 117
1881640 117
1881650 117
1881660 117
1881670 117
1881680 117
1881690 117
1881700 117
1881710 117
1881720 117
1881730 117
1881740 117
1881750 117
1881760 117
1881770 117
1881780 117
1881790 117
1881800 117
1881810 117
1881820 117
1881830 117
1881840 117
1881850 117
1881860 117
1881870 117
1881880 117
1881890 117
1881900 117
1881910 117
1881920 117
1881930 117
1881940 117
1881950 117
1881960 117
1881970 117
1881980 117
1881990 118
1882000 118
1882010 118
1882020 118
1882030 118
1882040 118
1882050 118
1882060 118
1882070 118
1882080 118
1882090 118
1882100 118
1882110 118
1882120 118
1882130 118
1882140 118
1882150 118
1882160 118
1882170 118
1882180 118
1882190 118
1882200 118
1882210 118
1882220 118
1882230 118
1882240 118
1882250 118
1882260 118
1882270 118
1882280 118
1882290 118
1882300 118
1882310 118
1882320 118
1882330 118
1882340 118
1882350 118
1882360 118
1882370 118
1882380 118
1882390 118
1882400 118
1882410 118
1882420 118
1882430 118
1882440 118
1882450 118
1882460 119
1882470 119
1882480 119
1882490 119
1882500 119
1882510 119
1882520 119
1882530 119
1882540 119
1882550 119
1882560 119
1882570 119
1882580 119
1882590 119
1882600 119
1882610 120
1882620 120
1882630 120
1882640 120
1882650 120
1882660 120
1882670 120
1882680 120
1882690 120
1882700 120
1882710 120
1882720 120
1882730 120
1882740 120
1882750 120
1882760 120
1882770 120
1882780 120
1882790 120
1882800 120
1882810 120
1882820 120
1882830 120
1882840 120
1882850 120
1882860 120
1882870 120
1882880 121
1882890 121
1882900 121
1882910 121
1882920 121
1882930 121
1882940 121
1882950 121
1882960 121
1882970 121
1882980 121
1882990 121
1883000 121
1883010 121
1883020 121
1883030 121
1883040 121
1883050 121
1883060 121
1883070 121
1883080 121
1883090 121
1883100 121
1883110 121
1883120 121
1883130 120
1883140 120
1883150 120
1883160 120
1883170 120
1883180 120
1883190 120
1883200 120
1883210 120
1883220 120
1883230 120
1883240 120
1883250 120
1883260 120
1883270 120
1883280 120
1883290 120
1883300 120
1883310 121
1883320 121
1883330 121
1883340 121
1883350 121
1883360 121
1883370 121
1883380 121
1883390 121
1883400 121
1883410 121
1883420 121
1883430 121
1883440 121
1883450 121
1883460 121
1883470 121
1883480 121
1883490 121
1883500 121
1883510 121
1883520 121
1883530 121
1883540 121
1883550 121
1883560 121
1883570 121
1883580 121
1883590 121
1883600 121
1883610 121
1883620 121
1883630 121
1883640 121
1883650 121
1883660 121
1883670 121
1883680 121
1883690 121
1883700 121
1883710 121
1883720 121
1883730 121
1883740 121
1883750 121
1883760 121
1883770 121
1883780 121
1883790 121
1883800 121
1883810 121
1883820 120
1883830 120
1883840 120
1883850 120
1883860 120
1883870 120
1883880 120
1883890 120
1883900 120
1883910 120
1883920 120
1883930 120
1883940 120
1883950 120
1883960 120
1883970 120
1883980 120
1883990 120
1884000 120
1884010 120
1884020 120
1884030 120
1884040 120
1884050 120
1884060 120
1884070 120
1884080 119
1884090 119
1884100 119
1884110 119
1884120 119
1884130 119
1884140 119
1884150 119
1884160 119
1884170 119
1884180 119
1884190 120
1884200 120
1884210 120
1884220 120
1884230 120
1884240 120
1884250 120
1884260 120
1884270 120
1884280 120
1884290 120
1884300 120
1884310 120
1884320 120
1884330 120
1884340 120
1884350 120
1884360 120
1884370 120
1884380 120
1884390 120
1884400 120
1884410 121
1884420 121
1884430 121
1884440 121
1884450 121
1884460 120
1884470 120
1884480 120
1884490 120
1884500 120
1884510 120
1884520 120
1884530 120
1884540 120
1884550 120
1884560 120
1884570 120
1884580 120
1884590 121
1884600 121
1884610 121
1884620 120
1884630 121
1884640 121
1884650 121
1884660 121
1884670 121
1884680 121
1884690 121
1884700 121
1884710 121
1884720 121
1884730 121
1884740 121
1884750 121
1884760 121
1884770 121
1884780 121
1884790 121
1884800 121
1884810 121
1884820 121
1884830 121
1884840 121
1884850 121
1884860 120
1884870 120
1884880 120
1884890 120
1884900 120
1884910 120
1884920 119
1884930 119
1884940 119
1884950 119
1884960 119
1884970 119
1884980 119
1884990 119
1885000 119
1885010 119
1885020 119
1885030 119
1885040 119
1885050 119
1885060 119
1885070 119
1885080 119
1885090 119
1885100 119
1885110 119
1885120 119
1885130 119
1885140 119
1885150 118
1885160 118
1885170 119
1885180 119
1885190 119
1885200 118
1885210 119
1885220 119
1885230 119
1885240 119
1885250 119
1885260 119
1885270 119
1885280 119
1885290 119
1885300 119
1885310 119
1885320 119
1885330 119
1885340 119
1885350 119
1885360 118
1885370 118
1885380 118
1885390 118
1885400 118
1885410 118
1885420 118
1885430 118
1885440 118
1885450 118
1885460 118
1885470 118
1885480 118
1885490 118
1885500 118
1885510 118
1885520 118
1885530 118
1885540 118
1885550 118
1885560 118
1885570 118
1885580 118
1885590 118
1885600 118
1885610 118
1885620 118
1885630 118
1885640 118
1885650 118
1885660 118
1885670 118
1885680 118
1885690 118
1885700 117
1885710 117
1885720 117
1885730 117
1885740 117
1885750 118
1885760 118
1885770 118
1885780 117
1885790 117
1885800 117
1885810 117
1885820 117
1885830 117
1885840 117
1885850 117
1885860 117
1885870 117
1885880 117
1885890 117
1885900 117
1885910 117
1885920 117
1885930 117
1885940 117
1885950 117
1885960 118
1885970 118
1885980 118
1885990 118
1886000 118
1886010 118
1886020 118
1886030 118
1886040 118
1886050 118
1886060 118
1886070 118
1886080 118
1886090 118
1886100 118
1886110 118
1886120 118
1886130 118
1886140 118
1886150 118
1886160 118
1886170 118
1886180 118
1886190 118
1886200 118
1886210 118
1886220 118
1886230 118
1886240 118
1886250 118
1886260 118
1886270 118
1886280 118
1886290 118
1886300 118
1886310 118
1886320 118
1886330 118
1886340 117
1886350 117
1886360 117
1886370 117
1886380 117
1886390 117
1886400 117
1886410 117
1886420 117
1886430 117
1886440 117
1886450 117
1886460 117
1886470 117
1886480 117
1886490 117
1886500 117
1886510 117
1886520 117
1886530 117
1886540 117
1886550 117
1886560 117
1886570 117
1886580 117
1886590 117
1886600 117
1886610 117
1886620 117
1886630 117
1886640 117
1886650 117
1886660 117
1886670 117
1886680 117
1886690 117
1886700 117
1886710 116
1886720 116
1886730 116
1886740 116
1886750 116
1886760 116
1886770 116
1886780 116
1886790 116
1886800 117
1886810 117
1886820 117
1886830 117
1886840 117
1886850 117
1886860 117
1886870 117
1886880 117
1886890 117
1886900 117
1886910 117
1886920 118
1886930 118
1886940 118
1886950 118
1886960 118
1886970 118
1886980 118
1886990 118
1887000 118
1887010 118
1887020 118
1887030 118
1887040 118
1887050 118
1887060 118
1887070 118
1887080 118
1887090 118
1887100 118
1887110 118
1887120 118
1887130 118
1887140 118
1887150 118
1887160 118
1887170 118
1887180 118
1887190 118
1887200 118
1887210 118
1887220 118
1887230 118
1887240 118
1887250 118
1887260 118
1887270 118
1887280 118
1887290 118
1887300 118
1887310 118
1887320 118
1887330 118
1887340 118
1887350 118
1887360 118
1887370 118
1887380 118
1887390 118
1887400 118
1887410 118
1887420 118
1887430 118
1887440 118
1887450 118
1887460 118
1887470 118
1887480 118
1887490 118
1887500 118
1887510 118
1887520 118
1887530 118
1887540 118
1887550 118
1887560 118
1887570 118
1887580 118
1887590 118
1887600 118
1887610 118
1887620 118
1887630 118
1887640 117
1887650 117
1887660 117
1887670 117
1887680 117
1887690 117
1887700 117
1887710 117
1887720 117
1887730 117
1887740 116
1887750 116
1887760 116
1887770 116
1887780 116
1887790 116
1887800 116
1887810 116
1887820 116
1887830 116
1887840 116
1887850 116
1887860 116
1887870 116
1887880 116
1887890 116
1887900 116
1887910 116
1887920 116
1887930 116
1887940 116
1887950 115
1887960 115
1887970 115
1887980 115
1887990 115
1888000 115
1888010 115
1888020 115
1888030 115
1888040 115
1888050 115
1888060 115
1888070 115
1888080 115
1888090 115
1888100 115
1888110 115
1888120 115
1888130 115
1888140 114
1888150 114
1888160 115
1888170 115
1888180 115
1888190 115
1888200 115
1888210 115
1888220 115
1888230 115
1888240 114
1888250 114
1888260 114
1888270 114
1888280 114
1888290 114
1888300 114
1888310 114
1888320 114
1888330 114
1888340 114
1888350 114
1888360 114
1888370 114
1888380 114
1888390 114
1888400 114
1888410 114
1888420 114
1888430 114
1888440 114
1888450 114
1888460 114
1888470 114
1888480 114
1888490 114
1888500 114
1888510 114
1888520 114
1888530 114
1888540 114
1888550 114
1888560 114
1888570 114
1888580 114
1888590 114
1888600 114
1888610 114
1888620 114
1888630 114
1888640 114
1888650 114
1888660 114
1888670 114
1888680 114
1888690 114
1888700 114
1888710 114
1888720 114
1888730 114
1888740 114
1888750 114
1888760 114
1888770 114
1888780 114
1888790 114
1888800 114
1888810 114
1888820 114
1888830 114
1888840 114
1888850 114
1888860 114
1888870 114
1888880 114
1888890 114
1888900 114
1888910 114
1888920 114
1888930 114
1888940 114
1888950 114
1888960 114
1888970 114
1888980 114
1888990 114
1889000 114
1889010 114
1889020 114
1889030 114
1889040 114
1889050 114
1889060 114
1889070 114
1889080 115
1889090 115
1889100 115
1889110 115
1889120 115
1889130 115
1889140 115
1889150 115
1889160 115
1889170 115
1889180 115
1889190 115
1889200 115
1889210 115
1889220 115
1889230 115
1889240 116
1889250 116
1889260 116
1889270 116
1889280 116
1889290 116
1889300 115
1889310 115
1889320 115
1889330 115
1889340 115
1889350 115
1889360 115
1889370 115
1889380 115
1889390 115
1889400 115
1889410 115
1889420 115
1889430 115
1889440 115
1889450 115
1889460 115
1889470 115
1889480 115
1889490 115
1889500 115
1889510 115
1889520 115
1889530 115
1889540 115
1889550 115
1889560 115
1889570 115
1889580 115
1889590 115
1889600 115
1889610 115
1889620 115
1889630 115
1889640 115
1889650 115
1889660 115
1889670 115
1889680 115
1889690 115
1889700 115
1889710 115
1889720 115
1889730 115
1889740 115
1889750 115
1889760 115
1889770 115
1889780 115
1889790 115
1889800 115
1889810 115
1889820 115
1889830 115
1889840 115
1889850 115
1889860 115
1889870 115
1889880 115
1889890 115
1889900 115
1889910 115
1889920 115
1889930 115
1889940 115
1889950 115
1889960 115
1889970 115
1889980 115
1889990 115
1890000 115
1890010 115
1890020 115
1890030 115
1890040 115
1890050 115
1890060 115
1890070 115
1890080 115
1890090 115
1890100 115
1890110 115
1890120 115
1890130 115
1890140 115
1890150 115
1890160 115
1890170 115
1890180 115
1890190 115
1890200 115
1890210 115
1890220 115
1890230 115
1890240 115
1890250 115
1890260 115
1890270 115
1890280 115
1890290 115
1890300 115
1890310 115
1890320 115
1890330 115
1890340 115
1890350 115
1890360 115
1890370 115
1890380 115
1890390 115
1890400 115
1890410 115
1890420 115
1890430 115
1890440 115
1890450 115
1890460 115
1890470 115
1890480 115
1890490 115
1890500 115
1890510 115
1890520 115
1890530 115
1890540 115
1890550 115
1890560 115
1890570 115
1890580 115
1890590 115
1890600 115
1890610 115
1890620 115
1890630 115
1890640 115
1890650 115
1890660 115
1890670 115
1890680 115
1890690 115
1890700 115
1890710 115
1890720 115
1890730 115
1890740 115
1890750 115
1890760 115
1890770 115
1890780 115
1890790 115
1890800 115
1890810 115
1890820 115
1890830 115
1890840 115
1890850 115
1890860 115
1890870 115
1890880 115
1890890 115
1890900 115
1890910 115
1890920 115
1890930 115
1890940 115
1890950 115
1890960 115
1890970 115
1890980 115
1890990 115
1891000 115
1891010 115
1891020 115
1891030 115
1891040 115
1891050 115
1891060 115
1891070 115
1891080 115
1891090 115
1891100 115
1891110 115
1891120 115
1891130 115
1891140 115
1891150 115
1891160 115
1891170 115
1891180 115
1891190 115
1891200 115
1891210 115
1891220 115
1891230 115
1891240 115
1891250 115
1891260 115
1891270 115
1891280 115
1891290 115
1891300 115
1891310 115
1891320 115
1891330 115
1891340 115
1891350 115
1891360 115
1891370 115
1891380 115
1891390 115
1891400 115
1891410 115
1891420 115
1891430 115
1891440 115
1891450 115
1891460 115
1891470 115
1891480 115
1891490 115
1891500 115
1891510 115
1891520 115
1891530 115
1891540 115
1891550 115
1891560 115
1891570 115
1891580 115
1891590 115
1891600 115
1891610 115
1891620 115
1891630 115
1891640 115
1891650 115
1891660 115
1891670 115
1891680 115
1891690 115
1891700 115
1891710 115
1891720 115
1891730 115
1891740 115
1891750 115
1891760 115
1891770 115
1891780 114
1891790 114
1891800 114
1891810 114
1891820 114
1891830 114
1891840 114
1891850 114
1891860 114
1891870 114
1891880 114
1891890 114
1891900 114
1891910 114
1891920 114
1891930 114
1891940 114
1891950 114
1891960 114
1891970 114
1891980 114
1891990 114
1892000 114
1892010 114
1892020 113
1892030 113
1892040 113
1892050 113
1892060 113
1892070 113
1892080 114
1892090 114
1892100 114
1892110 114
1892120 114
1892130 114
1892140 114
1892150 114
1892160 114
1892170 114
1892180 114
1892190 114
1892200 114
1892210 114
1892220 114
1892230 114
1892240 114
1892250 114
1892260 114
1892270 114
1892280 114
1892290 114
1892300 113
1892310 113
1892320 113
1892330 113
1892340 113
1892350 113
1892360 114
1892370 114
1892380 114
1892390 114
1892400 114
1892410 114
1892420 113
1892430 113
1892440 113
1892450 113
1892460 113
1892470 113
1892480 113
1892490 113
1892500 113
1892510 113
1892520 113
1892530 113
1892540 113
1892550 113
1892560 113
1892570 113
1892580 113
1892590 113
1892600 113
1892610 113
1892620 113
1892630 113
1892640 113
1892650 113
1892660 113
1892670 114
1892680 114
1892690 114
1892700 113
1892710 113
1892720 113
1892730 113
1892740 113
1892750 113
1892760 113
1892770 113
1892780 113
1892790 113
1892800 113
1892810 113
1892820 113
1892830 113
1892840 113
1892850 113
1892860 113
1892870 113
1892880 113
1892890 113
1892900 113
1892910 113
1892920 113
1892930 113
1892940 113
1892950 113
1892960 113
1892970 113
1892980 113
1892990 113
1893000 113
1893010 113
1893020 113
1893030 113
1893040 113
1893050 113
1893060 113
1893070 113
1893080 113
1893090 113
1893100 113
1893110 113
1893120 113
1893130 113
1893140 113
1893150 113
1893160 113
1893170 113
1893180 113
1893190 114
1893200 114
1893210 114
1893220 114
1893230 114
1893240 114
1893250 114
1893260 114
1893270 114
1893280 114
1893290 114
1893300 114
1893310 114
1893320 114
1893330 114
1893340 114
1893350 114
1893360 114
1893370 114
1893380 114
1893390 114
1893400 114
1893410 114
1893420 114
1893430 114
1893440 114
1893450 114
1893460 113
1893470 113
1893480 113
1893490 113
1893500 113
1893510 113
1893520 113
1893530 113
1893540 113
1893550 113
1893560 113
1893570 113
1893580 113
1893590 113
1893600 113
1893610 113
1893620 113
1893630 113
1893640 113
1893650 113
1893660 113
1893670 113
1893680 113
1893690 113
1893700 113
1893710 113
1893720 113
1893730 113
1893740 113
1893750 113
1893760 113
1893770 113
1893780 113
1893790 113
1893800 113
1893810 113
1893820 113
1893830 113
1893840 113
1893850 113
1893860 113
1893870 113
1893880 113
1893890 113
1893900 113
1893910 113
1893920 113
1893930 113
1893940 113
1893950 113
1893960 113
1893970 113
1893980 113
1893990 113
1894000 113
1894010 113
1894020 113
1894030 113
1894040 113
1894050 113
1894060 113
1894070 113
1894080 113
1894090 113
1894100 113
1894110 113
1894120 113
1894130 113
1894140 113
1894150 113
1894160 114
1894170 113
1894180 113
1894190 113
1894200 113
1894210 113
1894220 113
1894230 113
1894240 113
1894250 113
1894260 113
1894270 113
1894280 113
1894290 113
1894300 113
1894310 113
1894320 113
1894330 113
1894340 113
1894350 113
1894360 113
1894370 113
1894380 113
1894390 113
1894400 113
1894410 113
1894420 113
1894430 113
1894440 113
1894450 113
1894460 113
1894470 113
1894480 113
1894490 113
1894500 113
1894510 113
1894520 113
1894530 113
1894540 113
1894550 113
1894560 113
1894570 113
1894580 113
1894590 113
1894600 113
1894610 113
1894620 114
1894630 114
1894640 114
1894650 114
1894660 113
1894670 113
1894680 114
1894690 113
1894700 113
1894710 113
1894720 114
1894730 114
1894740 113
1894750 113
1894760 113
1894770 113
1894780 113
1894790 113
1894800 113
1894810 113
1894820 113
1894830 113
1894840 113
1894850 113
1894860 113
1894870 113
1894880 113
1894890 113
1894900 113
1894910 113
1894920 113
1894930 113
1894940 113
1894950 113
1894960 113
1894970 113
1894980 113
1894990 113
1895000 113
1895010 113
1895020 113
1895030 113
1895040 113
1895050 113
1895060 113
1895070 113
1895080 113
1895090 113
1895100 113
1895110 113
1895120 113
1895130 113
1895140 113
1895150 114
1895160 114
1895170 114
1895180 114
1895190 114
1895200 113
1895210 113
1895220 113
1895230 113
1895240 113
1895250 113
1895260 113
1895270 113
1895280 113
1895290 113
1895300 113
1895310 113
1895320 113
1895330 113
1895340 113
1895350 113
1895360 113
1895370 113
1895380 113
1895390 113
1895400 113
1895410 113
1895420 113
1895430 113
1895440 113
1895450 113
1895460 113
1895470 113
1895480 113
1895490 113
1895500 113
1895510 113
1895520 113
1895530 113
1895540 113
1895550 113
1895560 113
1895570 113
1895580 113
1895590 113
1895600 113
1895610 113
1895620 113
1895630 113
1895640 113
1895650 113
1895660 113
1895670 113
1895680 113
1895690 113
1895700 113
1895710 113
1895720 113
1895730 113
1895740 113
1895750 113
1895760 113
1895770 113
1895780 113
1895790 113
1895800 113
1895810 113
1895820 113
1895830 113
1895840 113
1895850 113
1895860 113
1895870 113
1895880 113
1895890 113
1895900 113
1895910 113
1895920 113
1895930 113
1895940 113
1895950 113
1895960 113
1895970 113
1895980 113
1895990 113
1896000 113
1896010 113
1896020 113
1896030 113
1896040 113
1896050 113
1896060 113
1896070 113
1896080 113
1896090 113
1896100 113
1896110 113
1896120 113
1896130 113
1896140 113
1896150 113
1896160 113
1896170 113
1896180 113
1896190 113
1896200 113
1896210 113
1896220 113
1896230 113
1896240 113
1896250 113
1896260 113
1896270 113
1896280 113
1896290 113
1896300 113
1896310 113
1896320 113
1896330 113
1896340 113
1896350 113
1896360 113
1896370 113
1896380 113
1896390 113
1896400 113
1896410 113
1896420 113
1896430 113
1896440 113
1896450 113
1896460 113
1896470 113
1896480 113
1896490 113
1896500 113
1896510 113
1896520 113
1896530 113
1896540 113
1896550 113
1896560 113
1896570 113
1896580 113
1896590 113
1896600 113
1896610 113
1896620 113
1896630 113
1896640 113
1896650 113
1896660 113
1896670 114
1896680 113
1896690 113
1896700 113
1896710 113
1896720 113
1896730 113
1896740 114
1896750 114
1896760 114
1896770 113
1896780 113
1896790 113
1896800 114
1896810 114
1896820 114
1896830 114
1896840 114
1896850 113
1896860 114
1896870 114
1896880 114
1896890 113
1896900 113
1896910 113
1896920 113
1896930 113
1896940 113
1896950 113
1896960 113
1896970 113
1896980 113
1896990 113
1897000 114
1897010 114
1897020 114
1897030 114
1897040 114
1897050 114
1897060 114
1897070 113
1897080 113
1897090 113
1897100 113
1897110 113
1897120 113
1897130 114
1897140 114
1897150 114
1897160 114
1897170 113
1897180 113
1897190 113
1897200 113
1897210 113
1897220 113
1897230 113
1897240 113
1897250 113
1897260 113
1897270 113
1897280 113
1897290 113
1897300 113
1897310 113
1897320 113
1897330 113
1897340 113
1897350 113
1897360 113
1897370 113
1897380 113
1897390 113
1897400 113
1897410 113
1897420 113
1897430 113
1897440 113
1897450 113
1897460 113
1897470 113
1897480 113
1897490 113
1897500 113
1897510 113
1897520 113
1897530 113
1897540 113
1897550 113
1897560 113
1897570 113
1897580 113
1897590 113
1897600 113
1897610 113
1897620 113
1897630 113
1897640 113
1897650 113
1897660 113
1897670 113
1897680 113
1897690 113
1897700 113
1897710 113
1897720 113
1897730 113
1897740 113
1897750 113
1897760 113
1897770 113
1897780 113
1897790 113
1897800 113
1897810 114
1897820 114
1897830 113
1897840 114
1897850 114
1897860 114
1897870 113
1897880 113
1897890 113
1897900 113
1897910 113
1897920 113
1897930 114
1897940 114
1897950 114
1897960 114
1897970 114
1897980 114
1897990 114
1898000 114
1898010 114
1898020 113
1898030 113
1898040 113
1898050 114
1898060 114
1898070 114
1898080 114
1898090 114
1898100 114
1898110 114
1898120 114
1898130 114
1898140 114
1898150 114
1898160 114
1898170 114
1898180 114
1898190 114
1898200 114
1898210 114
1898220 114
1898230 114
1898240 114
1898250 114
1898260 114
1898270 114
1898280 114
1898290 114
1898300 114
1898310 114
1898320 114
1898330 114
1898340 114
1898350 114
1898360 114
1898370 114
1898380 114
1898390 114
1898400 114
1898410 114
1898420 114
1898430 114
1898440 114
1898450 114
1898460 114
1898470 114
1898480 114
1898490 114
1898500 114
1898510 114
1898520 114
1898530 114
1898540 114
1898550 114
1898560 114
1898570 114
1898580 114
1898590 114
1898600 114
1898610 114
1898620 114
1898630 114
1898640 114
1898650 114
1898660 114
1898670 114
1898680 114
1898690 114
1898700 114
1898710 114
1898720 114
1898730 114
1898740 114
1898750 114
1898760 114
1898770 114
1898780 114
1898790 114
1898800 114
1898810 114
1898820 114
1898830 114
1898840 114
1898850 114
1898860 114
1898870 114
1898880 114
1898890 114
1898900 114
1898910 114
1898920 114
1898930 114
1898940 114
1898950 114
1898960 114
1898970 114
1898980 114
1898990 114
1899000 114
1899010 114
1899020 114
1899030 114
1899040 114
1899050 114
1899060 113
1899070 113
1899080 113
1899090 113
1899100 113
1899110 113
1899120 113
1899130 113
1899140 113
1899150 113
1899160 113
1899170 113
1899180 113
1899190 113
1899200 113
1899210 114
1899220 114
1899230 114
1899240 114
1899250 114
1899260 114
1899270 114
1899280 114
1899290 114
1899300 114
1899310 114
1899320 114
1899330 114
1899340 114
1899350 114
1899360 114
1899370 114
1899380 114
1899390 114
1899400 114
1899410 114
1899420 114
1899430 114
1899440 114
1899450 114
1899460 114
1899470 114
1899480 114
1899490 114
1899500 114
1899510 113
1899520 113
1899530 113
1899540 113
1899550 113
1899560 113
1899570 113
1899580 113
1899590 113
1899600 113
1899610 113
1899620 113
1899630 113
1899640 113
1899650 113
1899660 113
1899670 113
1899680 113
1899690 113
1899700 113
1899710 113
1899720 113
1899730 113
1899740 113
1899750 113
1899760 113
1899770 113
1899780 113
1899790 113
1899800 113
1899810 113
1899820 113
1899830 113
1899840 113
1899850 113
1899860 113
1899870 113
1899880 113
1899890 113
1899900 113
1899910 113
1899920 113
1899930 113
1899940 113
1899950 113
1899960 113
1899970 113
1899980 113
1899990 113
