1880000 117
1880010 117
1880020 117
1880030 117
1880040 117
1880050 117
1880060 117
1880070 116
1880080 116
1880090 116
1880100 116
1880110 116
1880120 116
1880130 116
1880140 116
1880150 116
1880160 116
1880170 116
1880180 116
1880190 116
1880200 116
1880210 116
1880220 116
1880230 116
1880240 116
1880250 115
1880260 115
1880270 115
1880280 115
1880290 115
1880300 115
1880310 115
1880320 115
1880330 115
1880340 115
1880350 115
1880360 115
1880370 115
1880380 115
1880390 115
1880400 115
1880410 115
1880420 115
1880430 115
1880440 115
1880450 115
1880460 115
1880470 115
1880480 115
1880490 115
1880500 115
1880510 115
1880520 115
1880530 115
1880540 115
1880550 115
1880560 115
1880570 115
1880580 115
1880590 115
1880600 115
1880610 116
1880620 116
1880630 116
1880640 115
1880650 116
1880660 116
1880670 116
1880680 116
1880690 116
1880700 116
1880710 116
1880720 116
1880730 116
1880740 116
1880750 116
1880760 116
1880770 116
1880780 116
1880790 116
1880800 116
1880810 116
1880820 116
1880830 116
1880840 116
1880850 116
1880860 115
1880870 115
1880880 115
1880890 115
1880900 115
1880910 115
1880920 115
1880930 115
1880940 116
1880950 116
1880960 116
1880970 115
1880980 115
1880990 115
1881000 116
1881010 116
1881020 116
1881030 116
1881040 115
1881050 116
1881060 116
1881070 115
1881080 115
1881090 115
1881100 116
1881110 115
1881120 115
1881130 115
1881140 115
1881150 115
1881160 115
1881170 115
1881180 115
1881190 115
1881200 115
1881210 115
1881220 115
1881230 115
1881240 115
1881250 115
1881260 115
1881270 115
1881280 115
1881290 115
1881300 115
1881310 115
1881320 115
1881330 115
1881340 115
1881350 115
1881360 115
1881370 115
1881380 115
1881390 115
1881400 115
1881410 115
1881420 115
1881430 115
1881440 115
1881450 115
1881460 115
1881470 115
1881480 115
1881490 115
1881500 115
1881510 115
1881520 115
1881530 115
1881540 115
1881550 115
1881560 115
1881570 115
1881580 115
1881590 115
1881600 115
1881610 115
1881620 115
1881630 115
1881640 115
1881650 115
1881660 115
1881670 115
1881680 115
1881690 115
1881700 115
1881710 115
1881720 115
1881730 115
1881740 115
1881750 115
1881760 115
1881770 115
1881780 115
1881790 115
1881800 115
1881810 115
1881820 115
1881830 115
1881840 115
1881850 115
1881860 115
1881870 115
1881880 115
1881890 115
1881900 115
1881910 115
1881920 115
1881930 115
1881940 115
1881950 115
1881960 115
1881970 115
1881980 115
1881990 115
1882000 115
1882010 115
1882020 115
1882030 115
1882040 115
1882050 116
1882060 115
1882070 115
1882080 116
1882090 116
1882100 116
1882110 116
1882120 115
1882130 115
1882140 115
1882150 116
1882160 116
1882170 116
1882180 116
1882190 116
1882200 116
1882210 116
1882220 116
1882230 116
1882240 116
1882250 116
1882260 116
1882270 116
1882280 116
1882290 117
1882300 117
1882310 117
1882320 117
1882330 117
1882340 117
1882350 117
1882360 117
1882370 117
1882380 117
1882390 117
1882400 117
1882410 117
1882420 117
1882430 117
1882440 117
1882450 117
1882460 117
1882470 117
1882480 117
1882490 117
1882500 117
1882510 117
1882520 117
1882530 117
1882540 117
1882550 117
1882560 117
1882570 117
1882580 117
1882590 118
1882600 118
1882610 118
1882620 118
1882630 118
1882640 118
1882650 118
1882660 118
1882670 118
1882680 118
1882690 118
1882700 118
1882710 118
1882720 118
1882730 118
1882740 118
1882750 118
1882760 118
1882770 118
1882780 118
1882790 118
1882800 118
1882810 118
1882820 118
1882830 118
1882840 118
1882850 118
1882860 118
1882870 118
1882880 118
1882890 118
1882900 118
1882910 118
1882920 118
1882930 118
1882940 118
1882950 118
1882960 118
1882970 118
1882980 118
1882990 118
1883000 118
1883010 118
1883020 118
1883030 118
1883040 118
1883050 118
1883060 118
1883070 118
1883080 118
1883090 118
1883100 118
1883110 118
1883120 118
1883130 118
1883140 118
1883150 118
1883160 118
1883170 118
1883180 118
1883190 118
1883200 118
1883210 118
1883220 118
1883230 118
1883240 119
1883250 119
1883260 119
1883270 119
1883280 119
1883290 119
1883300 119
1883310 119
1883320 119
1883330 119
1883340 119
1883350 119
1883360 120
1883370 120
1883380 120
1883390 120
1883400 120
1883410 120
1883420 120
1883430 120
1883440 120
1883450 121
1883460 120
1883470 120
1883480 120
1883490 120
1883500 120
1883510 121
1883520 122
1883530 122
1883540 122
1883550 121
1883560 121
1883570 121
1883580 122
1883590 122
1883600 122
1883610 122
1883620 122
1883630 122
1883640 122
1883650 122
1883660 122
1883670 121
1883680 121
1883690 121
1883700 121
1883710 121
1883720 121
1883730 121
1883740 121
1883750 121
1883760 121
1883770 121
1883780 121
1883790 121
1883800 121
1883810 121
1883820 121
1883830 121
1883840 121
1883850 121
1883860 121
1883870 121
1883880 121
1883890 121
1883900 121
1883910 121
1883920 121
1883930 121
1883940 121
1883950 121
1883960 121
1883970 121
1883980 121
1883990 121
1884000 121
1884010 121
1884020 121
1884030 121
1884040 121
1884050 121
1884060 121
1884070 121
1884080 121
1884090 121
1884100 121
1884110 121
1884120 121
1884130 121
1884140 121
1884150 121
1884160 121
1884170 121
1884180 121
1884190 121
1884200 121
1884210 121
1884220 121
1884230 121
1884240 121
1884250 121
1884260 121
1884270 121
1884280 121
1884290 120
1884300 120
1884310 120
1884320 120
1884330 120
1884340 120
1884350 120
1884360 120
1884370 121
1884380 121
1884390 121
1884400 120
1884410 120
1884420 120
1884430 120
1884440 120
1884450 120
1884460 120
1884470 120
1884480 120
1884490 120
1884500 120
1884510 120
1884520 120
1884530 120
1884540 120
1884550 120
1884560 120
1884570 120
1884580 120
1884590 121
1884600 121
1884610 120
1884620 121
1884630 121
1884640 121
1884650 121
1884660 121
1884670 120
1884680 120
1884690 120
1884700 120
1884710 120
1884720 120
1884730 120
1884740 120
1884750 120
1884760 120
1884770 120
1884780 120
1884790 120
1884800 120
1884810 120
1884820 120
1884830 120
1884840 120
1884850 120
1884860 119
1884870 119
1884880 119
1884890 119
1884900 119
1884910 119
1884920 119
1884930 119
1884940 119
1884950 119
1884960 119
1884970 119
1884980 119
1884990 119
1885000 119
1885010 119
1885020 119
1885030 119
1885040 119
1885050 119
1885060 119
1885070 119
1885080 119
1885090 119
1885100 119
1885110 119
1885120 119
1885130 119
1885140 119
1885150 119
1885160 119
1885170 119
1885180 119
1885190 119
1885200 119
1885210 119
1885220 119
1885230 119
1885240 119
1885250 119
1885260 119
1885270 119
1885280 119
1885290 119
1885300 119
1885310 119
1885320 119
1885330 119
1885340 119
1885350 119
1885360 119
1885370 119
1885380 119
1885390 119
1885400 119
1885410 120
1885420 120
1885430 120
1885440 119
1885450 119
1885460 119
1885470 119
1885480 119
1885490 119
1885500 119
1885510 119
1885520 119
1885530 119
1885540 119
1885550 119
1885560 119
1885570 119
1885580 119
1885590 119
1885600 119
1885610 119
1885620 119
1885630 119
1885640 119
1885650 119
1885660 119
1885670 119
1885680 119
1885690 119
1885700 119
1885710 119
1885720 119
1885730 119
1885740 120
1885750 120
1885760 120
1885770 119
1885780 119
1885790 119
1885800 119
1885810 119
1885820 119
1885830 119
1885840 119
1885850 118
1885860 118
1885870 118
1885880 118
1885890 118
1885900 118
1885910 117
1885920 117
1885930 117
1885940 117
1885950 117
1885960 117
1885970 117
1885980 117
1885990 117
1886000 117
1886010 117
1886020 117
1886030 117
1886040 117
1886050 117
1886060 117
1886070 117
1886080 117
1886090 117
1886100 117
1886110 117
1886120 118
1886130 118
1886140 118
1886150 118
1886160 118
1886170 118
1886180 118
1886190 118
1886200 118
1886210 118
1886220 118
1886230 118
1886240 118
1886250 118
1886260 118
1886270 118
1886280 118
1886290 118
1886300 118
1886310 118
1886320 118
1886330 118
1886340 118
1886350 118
1886360 118
1886370 118
1886380 118
1886390 118
1886400 118
1886410 118
1886420 118
1886430 117
1886440 117
1886450 117
1886460 117
1886470 117
1886480 117
1886490 117
1886500 117
1886510 116
1886520 116
1886530 116
1886540 116
1886550 116
1886560 116
1886570 116
1886580 116
1886590 116
1886600 116
1886610 117
1886620 117
1886630 117
1886640 116
1886650 116
1886660 116
1886670 116
1886680 116
1886690 116
1886700 116
1886710 116
1886720 116
1886730 116
1886740 116
1886750 117
1886760 117
1886770 117
1886780 116
1886790 116
1886800 116
1886810 116
1886820 116
1886830 116
1886840 116
1886850 116
1886860 116
1886870 116
1886880 116
1886890 117
1886900 117
1886910 117
1886920 117
1886930 117
1886940 116
1886950 116
1886960 116
1886970 116
1886980 116
1886990 116
1887000 116
1887010 116
1887020 116
1887030 117
1887040 117
1887050 117
1887060 117
1887070 117
1887080 117
1887090 117
1887100 117
1887110 117
1887120 117
1887130 117
1887140 117
1887150 117
1887160 117
1887170 117
1887180 117
1887190 117
1887200 117
1887210 117
1887220 117
1887230 117
1887240 117
1887250 117
1887260 117
1887270 117
1887280 117
1887290 117
1887300 117
1887310 117
1887320 117
1887330 117
1887340 117
1887350 117
1887360 117
1887370 117
1887380 117
1887390 117
1887400 117
1887410 117
1887420 117
1887430 117
1887440 117
1887450 117
1887460 117
1887470 117
1887480 117
1887490 117
1887500 117
1887510 117
1887520 117
1887530 117
1887540 117
1887550 117
1887560 117
1887570 117
1887580 117
1887590 117
1887600 117
1887610 117
1887620 117
1887630 117
1887640 117
1887650 117
1887660 117
1887670 117
1887680 118
1887690 118
1887700 118
1887710 118
1887720 118
1887730 118
1887740 118
1887750 118
1887760 118
1887770 118
1887780 118
1887790 118
1887800 118
1887810 118
1887820 118
1887830 118
1887840 118
1887850 118
1887860 118
1887870 118
1887880 118
1887890 118
1887900 118
1887910 118
1887920 118
1887930 118
1887940 118
1887950 118
1887960 118
1887970 118
1887980 117
1887990 117
1888000 117
1888010 117
1888020 117
1888030 117
1888040 117
1888050 117
1888060 117
1888070 117
1888080 117
1888090 117
1888100 117
1888110 117
1888120 117
1888130 117
1888140 116
1888150 116
1888160 116
1888170 116
1888180 116
1888190 116
1888200 116
1888210 116
1888220 116
1888230 115
1888240 115
1888250 115
1888260 116
1888270 116
1888280 116
1888290 115
1888300 115
1888310 116
1888320 116
1888330 116
1888340 116
1888350 115
1888360 115
1888370 115
1888380 115
1888390 115
1888400 115
1888410 115
1888420 115
1888430 115
1888440 115
1888450 115
1888460 115
1888470 115
1888480 115
1888490 115
1888500 115
1888510 115
1888520 115
1888530 115
1888540 115
1888550 115
1888560 115
1888570 115
1888580 115
1888590 115
1888600 115
1888610 115
1888620 115
1888630 115
1888640 115
1888650 115
1888660 115
1888670 115
1888680 115
1888690 115
1888700 115
1888710 115
1888720 115
1888730 115
1888740 115
1888750 115
1888760 115
1888770 115
1888780 115
1888790 115
1888800 115
1888810 115
1888820 115
1888830 115
1888840 114
1888850 114
1888860 114
1888870 114
1888880 114
1888890 114
1888900 114
1888910 114
1888920 114
1888930 114
1888940 114
1888950 114
1888960 114
1888970 114
1888980 114
1888990 114
1889000 114
1889010 114
1889020 114
1889030 114
1889040 114
1889050 114
1889060 114
1889070 114
1889080 115
1889090 114
1889100 114
1889110 114
1889120 114
1889130 114
1889140 114
1889150 114
1889160 114
1889170 114
1889180 114
1889190 114
1889200 114
1889210 114
1889220 114
1889230 114
1889240 114
1889250 114
1889260 114
1889270 114
1889280 114
1889290 114
1889300 114
1889310 114
1889320 114
1889330 114
1889340 114
1889350 114
1889360 114
1889370 114
1889380 114
1889390 114
1889400 114
1889410 114
1889420 114
1889430 114
1889440 114
1889450 114
1889460 114
1889470 114
1889480 114
1889490 114
1889500 114
1889510 114
1889520 114
1889530 114
1889540 115
1889550 114
1889560 114
1889570 114
1889580 115
1889590 115
1889600 115
1889610 115
1889620 115
1889630 115
1889640 115
1889650 115
1889660 115
1889670 116
1889680 116
1889690 116
1889700 116
1889710 116
1889720 116
1889730 116
1889740 116
1889750 116
1889760 116
1889770 116
1889780 116
1889790 116
1889800 116
1889810 116
1889820 116
1889830 116
1889840 116
1889850 116
1889860 116
1889870 116
1889880 116
1889890 116
1889900 116
1889910 116
1889920 116
1889930 116
1889940 116
1889950 116
1889960 116
1889970 116
1889980 116
1889990 116
1890000 116
1890010 116
1890020 116
1890030 116
1890040 116
1890050 116
1890060 116
1890070 116
1890080 116
1890090 116
1890100 116
1890110 116
1890120 116
1890130 116
1890140 116
1890150 116
1890160 116
1890170 116
1890180 116
1890190 116
1890200 116
1890210 116
1890220 116
1890230 116
1890240 116
1890250 116
1890260 116
1890270 116
1890280 116
1890290 116
1890300 116
1890310 116
1890320 116
1890330 116
1890340 116
1890350 116
1890360 116
1890370 116
1890380 116
1890390 116
1890400 116
1890410 116
1890420 116
1890430 116
1890440 116
1890450 116
1890460 116
1890470 116
1890480 116
1890490 116
1890500 116
1890510 116
1890520 116
1890530 116
1890540 116
1890550 116
1890560 116
1890570 116
1890580 116
1890590 116
1890600 116
1890610 116
1890620 115
1890630 115
1890640 115
1890650 115
1890660 115
1890670 115
1890680 115
1890690 115
1890700 115
1890710 115
1890720 115
1890730 115
1890740 115
1890750 115
1890760 115
1890770 115
1890780 115
1890790 115
1890800 115
1890810 115
1890820 115
1890830 115
1890840 115
1890850 115
1890860 116
1890870 116
1890880 116
1890890 116
1890900 116
1890910 116
1890920 116
1890930 116
1890940 116
1890950 116
1890960 116
1890970 116
1890980 116
1890990 116
1891000 116
1891010 115
1891020 115
1891030 115
1891040 115
1891050 115
1891060 115
1891070 115
1891080 115
1891090 115
1891100 115
1891110 115
1891120 115
1891130 115
1891140 115
1891150 115
1891160 115
1891170 115
1891180 115
1891190 115
1891200 115
1891210 115
1891220 115
1891230 115
1891240 115
1891250 115
1891260 114
1891270 114
1891280 114
1891290 114
1891300 114
1891310 114
1891320 114
1891330 114
1891340 114
1891350 114
1891360 114
1891370 114
1891380 114
1891390 114
1891400 114
1891410 114
1891420 114
1891430 114
1891440 114
1891450 114
1891460 114
1891470 114
1891480 114
1891490 114
1891500 114
1891510 114
1891520 114
1891530 114
1891540 114
1891550 114
1891560 114
1891570 114
1891580 114
1891590 114
1891600 114
1891610 114
1891620 114
1891630 114
1891640 114
1891650 114
1891660 114
1891670 114
1891680 114
1891690 114
1891700 114
1891710 114
1891720 114
1891730 114
1891740 114
1891750 114
1891760 114
1891770 114
1891780 114
1891790 114
1891800 114
1891810 114
1891820 114
1891830 114
1891840 114
1891850 114
1891860 114
1891870 114
1891880 114
1891890 114
1891900 114
1891910 114
1891920 114
1891930 114
1891940 114
1891950 114
1891960 114
1891970 114
1891980 114
1891990 114
1892000 114
1892010 114
1892020 114
1892030 114
1892040 114
1892050 114
1892060 114
1892070 114
1892080 114
1892090 114
1892100 114
1892110 114
1892120 114
1892130 114
1892140 114
1892150 114
1892160 114
1892170 114
1892180 114
1892190 114
1892200 114
1892210 114
1892220 114
1892230 114
1892240 114
1892250 114
1892260 114
1892270 114
1892280 114
1892290 114
1892300 114
1892310 114
1892320 114
1892330 114
1892340 114
1892350 114
1892360 114
1892370 114
1892380 113
1892390 114
1892400 114
1892410 114
1892420 114
1892430 114
1892440 114
1892450 114
1892460 114
1892470 114
1892480 114
1892490 114
1892500 114
1892510 114
1892520 114
1892530 114
1892540 114
1892550 114
1892560 114
1892570 114
1892580 114
1892590 114
1892600 114
1892610 114
1892620 114
1892630 114
1892640 114
1892650 114
1892660 114
1892670 114
1892680 114
1892690 114
1892700 114
1892710 114
1892720 114
1892730 114
1892740 114
1892750 114
1892760 114
1892770 114
1892780 114
1892790 114
1892800 114
1892810 114
1892820 114
1892830 114
1892840 114
1892850 114
1892860 114
1892870 114
1892880 114
1892890 114
1892900 114
1892910 114
1892920 114
1892930 114
1892940 114
1892950 114
1892960 114
1892970 114
1892980 114
1892990 114
1893000 114
1893010 114
1893020 114
1893030 114
1893040 114
1893050 114
1893060 114
1893070 114
1893080 114
1893090 114
1893100 114
1893110 114
1893120 114
1893130 114
1893140 113
1893150 113
1893160 113
1893170 113
1893180 113
1893190 113
1893200 113
1893210 113
1893220 113
1893230 113
1893240 114
1893250 114
1893260 114
1893270 114
1893280 114
1893290 114
1893300 114
1893310 114
1893320 114
1893330 114
1893340 114
1893350 114
1893360 114
1893370 114
1893380 114
1893390 114
1893400 114
1893410 114
1893420 114
1893430 114
1893440 114
1893450 114
1893460 114
1893470 114
1893480 114
1893490 113
1893500 113
1893510 113
1893520 113
1893530 113
1893540 113
1893550 113
1893560 113
1893570 113
1893580 113
1893590 113
1893600 113
1893610 113
1893620 113
1893630 113
1893640 114
1893650 114
1893660 113
1893670 114
1893680 114
1893690 114
1893700 114
1893710 114
1893720 113
1893730 113
1893740 113
1893750 113
1893760 113
1893770 113
1893780 113
1893790 113
1893800 113
1893810 113
1893820 113
1893830 113
1893840 113
1893850 113
1893860 113
1893870 113
1893880 113
1893890 113
1893900 113
1893910 113
1893920 113
1893930 113
1893940 113
1893950 113
1893960 113
1893970 113
1893980 113
1893990 113
1894000 113
1894010 113
1894020 113
1894030 113
1894040 113
1894050 113
1894060 113
1894070 113
1894080 113
1894090 113
1894100 113
1894110 113
1894120 113
1894130 113
1894140 113
1894150 113
1894160 113
1894170 113
1894180 114
1894190 114
1894200 114
1894210 113
1894220 113
1894230 113
1894240 113
1894250 113
1894260 113
1894270 113
1894280 113
1894290 113
1894300 113
1894310 113
1894320 113
1894330 113
1894340 113
1894350 113
1894360 113
1894370 114
1894380 113
1894390 113
1894400 113
1894410 113
1894420 113
1894430 113
1894440 113
1894450 113
1894460 113
1894470 113
1894480 113
1894490 113
1894500 113
1894510 113
1894520 113
1894530 113
1894540 113
1894550 114
1894560 114
1894570 114
1894580 113
1894590 113
1894600 113
1894610 113
1894620 114
1894630 114
1894640 114
1894650 114
1894660 114
1894670 114
1894680 114
1894690 114
1894700 114
1894710 114
1894720 114
1894730 114
1894740 114
1894750 114
1894760 114
1894770 114
1894780 114
1894790 114
1894800 114
1894810 114
1894820 114
1894830 114
1894840 114
1894850 114
1894860 114
1894870 114
1894880 114
1894890 114
1894900 114
1894910 114
1894920 114
1894930 113
1894940 113
1894950 113
1894960 113
1894970 113
1894980 113
1894990 113
1895000 113
1895010 113
1895020 113
1895030 113
1895040 113
1895050 113
1895060 113
1895070 113
1895080 113
1895090 113
1895100 113
1895110 113
1895120 113
1895130 113
1895140 113
1895150 113
1895160 113
1895170 113
1895180 113
1895190 113
1895200 113
1895210 113
1895220 113
1895230 113
1895240 113
1895250 113
1895260 113
1895270 113
1895280 113
1895290 113
1895300 113
1895310 113
1895320 113
1895330 113
1895340 113
1895350 113
1895360 113
1895370 113
1895380 113
1895390 113
1895400 113
1895410 113
1895420 113
1895430 113
1895440 113
1895450 113
1895460 113
1895470 113
1895480 113
1895490 113
1895500 113
1895510 113
1895520 113
1895530 113
1895540 113
1895550 113
1895560 113
1895570 113
1895580 113
1895590 113
1895600 113
1895610 113
1895620 113
1895630 113
1895640 113
1895650 113
1895660 113
1895670 113
1895680 113
1895690 113
1895700 113
1895710 113
1895720 113
1895730 113
1895740 114
1895750 114
1895760 114
1895770 113
1895780 113
1895790 113
1895800 113
1895810 113
1895820 113
1895830 113
1895840 113
1895850 113
1895860 113
1895870 113
1895880 113
1895890 113
1895900 113
1895910 113
1895920 113
1895930 113
1895940 113
1895950 113
1895960 113
1895970 113
1895980 113
1895990 113
1896000 113
1896010 113
1896020 113
1896030 113
1896040 113
1896050 113
1896060 113
1896070 113
1896080 114
1896090 114
1896100 114
1896110 113
1896120 113
1896130 113
1896140 113
1896150 113
1896160 113
1896170 113
1896180 113
1896190 113
1896200 113
1896210 113
1896220 113
1896230 113
1896240 113
1896250 113
1896260 113
1896270 113
1896280 113
1896290 113
1896300 113
1896310 113
1896320 113
1896330 113
1896340 113
1896350 113
1896360 113
1896370 113
1896380 113
1896390 113
1896400 113
1896410 113
1896420 113
1896430 113
1896440 113
1896450 113
1896460 113
1896470 113
1896480 113
1896490 113
1896500 113
1896510 113
1896520 113
1896530 113
1896540 113
1896550 113
1896560 113
1896570 113
1896580 113
1896590 113
1896600 113
1896610 113
1896620 113
1896630 113
1896640 113
1896650 113
1896660 113
1896670 113
1896680 113
1896690 113
1896700 113
1896710 113
1896720 113
1896730 113
1896740 113
1896750 113
1896760 113
1896770 113
1896780 113
1896790 113
1896800 113
1896810 113
1896820 113
1896830 113
1896840 113
1896850 113
1896860 113
1896870 113
1896880 113
1896890 113
1896900 113
1896910 113
1896920 113
1896930 113
1896940 113
1896950 113
1896960 113
1896970 113
1896980 113
1896990 113
1897000 113
1897010 113
1897020 113
1897030 113
1897040 113
1897050 113
1897060 113
1897070 113
1897080 113
1897090 113
1897100 113
1897110 113
1897120 113
1897130 113
1897140 113
1897150 113
1897160 113
1897170 113
1897180 113
1897190 114
1897200 114
1897210 114
1897220 114
1897230 114
1897240 114
1897250 114
1897260 114
1897270 114
1897280 114
1897290 114
1897300 114
1897310 114
1897320 114
1897330 114
1897340 114
1897350 114
1897360 114
1897370 114
1897380 114
1897390 114
1897400 114
1897410 114
1897420 113
1897430 113
1897440 113
1897450 113
1897460 113
1897470 113
1897480 113
1897490 113
1897500 113
1897510 113
1897520 113
1897530 113
1897540 113
1897550 113
1897560 113
1897570 113
1897580 113
1897590 113
1897600 113
1897610 113
1897620 114
1897630 114
1897640 114
1897650 114
1897660 114
1897670 114
1897680 114
1897690 114
1897700 114
1897710 114
1897720 114
1897730 114
1897740 114
1897750 114
1897760 114
1897770 113
1897780 113
1897790 113
1897800 113
1897810 113
1897820 113
1897830 113
1897840 113
1897850 113
1897860 113
1897870 113
1897880 113
1897890 114
1897900 114
1897910 114
1897920 113
1897930 113
1897940 113
1897950 113
1897960 113
1897970 113
1897980 113
1897990 113
1898000 113
1898010 113
1898020 114
1898030 114
1898040 114
1898050 114
1898060 114
1898070 114
1898080 114
1898090 114
1898100 114
1898110 114
1898120 114
1898130 114
1898140 114
1898150 114
1898160 114
1898170 114
1898180 114
1898190 114
1898200 114
1898210 114
1898220 114
1898230 114
1898240 114
1898250 114
1898260 114
1898270 114
1898280 114
1898290 114
1898300 114
1898310 114
1898320 114
1898330 114
1898340 114
1898350 114
1898360 114
1898370 114
1898380 114
1898390 114
1898400 114
1898410 114
1898420 114
1898430 114
1898440 114
1898450 114
1898460 114
1898470 114
1898480 114
1898490 114
1898500 114
1898510 114
1898520 114
1898530 114
1898540 114
1898550 114
1898560 114
1898570 114
1898580 114
1898590 114
1898600 114
1898610 114
1898620 114
1898630 114
1898640 114
1898650 114
1898660 114
1898670 114
1898680 114
1898690 114
1898700 114
1898710 114
1898720 114
1898730 114
1898740 114
1898750 114
1898760 114
1898770 114
1898780 114
1898790 114
1898800 114
1898810 114
1898820 114
1898830 114
1898840 114
1898850 114
1898860 114
1898870 114
1898880 114
1898890 114
1898900 113
1898910 113
1898920 113
1898930 114
1898940 114
1898950 114
1898960 114
1898970 114
1898980 114
1898990 114
1899000 114
1899010 114
1899020 114
1899030 114
1899040 114
1899050 114
1899060 114
1899070 114
1899080 114
1899090 114
1899100 114
1899110 114
1899120 114
1899130 114
1899140 114
1899150 114
1899160 114
1899170 114
1899180 114
1899190 114
1899200 114
1899210 114
1899220 114
1899230 114
1899240 114
1899250 114
1899260 114
1899270 114
1899280 114
1899290 114
1899300 114
1899310 114
1899320 114
1899330 114
1899340 114
1899350 114
1899360 114
1899370 114
1899380 114
1899390 114
1899400 114
1899410 114
1899420 114
1899430 114
1899440 114
1899450 114
1899460 114
1899470 114
1899480 114
1899490 114
1899500 114
1899510 114
1899520 114
1899530 114
1899540 114
1899550 114
1899560 114
1899570 114
1899580 114
1899590 114
1899600 114
1899610 114
1899620 114
1899630 114
1899640 114
1899650 114
1899660 114
1899670 114
1899680 114
1899690 114
1899700 114
1899710 114
1899720 114
1899730 114
1899740 114
1899750 114
1899760 114
1899770 114
1899780 114
1899790 114
1899800 114
1899810 114
1899820 114
1899830 114
1899840 114
1899850 114
1899860 114
1899870 114
1899880 114
1899890 114
1899900 113
1899910 113
1899920 113
1899930 114
1899940 113
1899950 113
1899960 113
1899970 113
1899980 113
1899990 113
