1880000 117
1880010 117
1880020 117
1880030 117
1880040 118
1880050 118
1880060 118
1880070 118
1880080 118
1880090 118
1880100 118
1880110 118
1880120 118
1880130 119
1880140 119
1880150 119
1880160 119
1880170 119
1880180 119
1880190 118
1880200 118
1880210 118
1880220 118
1880230 118
1880240 118
1880250 118
1880260 118
1880270 118
1880280 118
1880290 118
1880300 118
1880310 118
1880320 118
1880330 118
1880340 118
1880350 118
1880360 118
1880370 118
1880380 118
1880390 118
1880400 118
1880410 118
1880420 118
1880430 118
1880440 118
1880450 118
1880460 118
1880470 118
1880480 118
1880490 118
1880500 118
1880510 118
1880520 118
1880530 118
1880540 118
1880550 118
1880560 118
1880570 118
1880580 118
1880590 118
1880600 118
1880610 118
1880620 118
1880630 118
1880640 118
1880650 118
1880660 118
1880670 118
1880680 118
1880690 118
1880700 118
1880710 118
1880720 118
1880730 118
1880740 118
1880750 118
1880760 118
1880770 118
1880780 118
1880790 118
1880800 118
1880810 118
1880820 118
1880830 118
1880840 118
1880850 118
1880860 118
1880870 118
1880880 118
1880890 118
1880900 118
1880910 118
1880920 118
1880930 118
1880940 118
1880950 118
1880960 118
1880970 117
1880980 117
1880990 117
1881000 117
1881010 117
1881020 117
1881030 117
1881040 117
1881050 117
1881060 117
1881070 117
1881080 117
1881090 117
1881100 117
1881110 117
1881120 117
1881130 117
1881140 117
1881150 117
1881160 117
1881170 117
1881180 117
1881190 117
1881200 117
1881210 117
1881220 117
1881230 117
1881240 117
1881250 117
1881260 117
1881270 117
1881280 117
1881290 117
1881300 117
1881310 117
1881320 117
1881330 117
1881340 117
1881350 117
1881360 117
1881370 117
1881380 117
1881390 117
1881400 117
1881410 117
1881420 117
1881430 117
1881440 117
1881450 117
1881460 117
1881470 117
1881480 117
1881490 117
1881500 117
1881510 117
1881520 117
1881530 117
1881540 117
1881550 117
1881560 117
1881570 117
1881580 117
1881590 117
1881600 117
1881610 117
1881620 117
1881630 117
1881640 117
1881650 117
1881660 117
1881670 117
1881680 117
1881690 117
1881700 117
1881710 117
1881720 117
1881730 117
1881740 117
1881750 117
1881760 117
1881770 117
1881780 117
1881790 117
1881800 117
1881810 117
1881820 117
1881830 117
1881840 117
1881850 117
1881860 117
1881870 117
1881880 117
1881890 117
1881900 117
1881910 117
1881920 117
1881930 117
1881940 117
1881950 117
1881960 117
1881970 117
1881980 117
1881990 117
1882000 118
1882010 118
1882020 118
1882030 118
1882040 118
1882050 118
1882060 118
1882070 118
1882080 118
1882090 118
1882100 118
1882110 118
1882120 118
1882130 118
1882140 118
1882150 118
1882160 118
1882170 118
1882180 118
1882190 118
1882200 118
1882210 118
1882220 118
1882230 118
1882240 118
1882250 118
1882260 118
1882270 118
1882280 118
1882290 118
1882300 118
1882310 118
1882320 118
1882330 118
1882340 118
1882350 118
1882360 118
1882370 118
1882380 118
1882390 118
1882400 118
1882410 118
1882420 118
1882430 118
1882440 118
1882450 118
1882460 118
1882470 118
1882480 118
1882490 118
1882500 118
1882510 118
1882520 118
1882530 118
1882540 118
1882550 118
1882560 118
1882570 118
1882580 118
1882590 117
1882600 117
1882610 117
1882620 117
1882630 117
1882640 117
1882650 117
1882660 117
1882670 117
1882680 117
1882690 117
1882700 117
1882710 117
1882720 117
1882730 117
1882740 117
1882750 117
1882760 117
1882770 117
1882780 117
1882790 117
1882800 117
1882810 117
1882820 117
1882830 117
1882840 117
1882850 117
1882860 117
1882870 117
1882880 117
1882890 117
1882900 117
1882910 117
1882920 117
1882930 117
1882940 118
1882950 118
1882960 118
1882970 118
1882980 118
1882990 118
1883000 118
1883010 118
1883020 118
1883030 118
1883040 118
1883050 118
1883060 118
1883070 118
1883080 118
1883090 118
1883100 118
1883110 118
1883120 119
1883130 119
1883140 118
1883150 118
1883160 118
1883170 118
1883180 118
1883190 118
1883200 119
1883210 119
1883220 119
1883230 119
1883240 119
1883250 119
1883260 119
1883270 119
1883280 119
1883290 119
1883300 119
1883310 119
1883320 119
1883330 119
1883340 119
1883350 119
1883360 119
1883370 119
1883380 119
1883390 119
1883400 119
1883410 119
1883420 119
1883430 119
1883440 119
1883450 119
1883460 119
1883470 119
1883480 119
1883490 119
1883500 119
1883510 119
1883520 119
1883530 119
1883540 119
1883550 119
1883560 119
1883570 119
1883580 119
1883590 119
1883600 119
1883610 119
1883620 119
1883630 119
1883640 119
1883650 119
1883660 119
1883670 119
1883680 119
1883690 119
1883700 119
1883710 119
1883720 120
1883730 120
1883740 120
1883750 120
1883760 120
1883770 119
1883780 119
1883790 119
1883800 119
1883810 119
1883820 119
1883830 119
1883840 119
1883850 119
1883860 119
1883870 119
1883880 119
1883890 119
1883900 119
1883910 119
1883920 119
1883930 119
1883940 119
1883950 119
1883960 119
1883970 119
1883980 119
1883990 119
1884000 119
1884010 119
1884020 119
1884030 119
1884040 119
1884050 119
1884060 119
1884070 120
1884080 120
1884090 120
1884100 120
1884110 120
1884120 120
1884130 120
1884140 120
1884150 120
1884160 120
1884170 120
1884180 120
1884190 120
1884200 120
1884210 120
1884220 120
1884230 120
1884240 120
1884250 120
1884260 120
1884270 120
1884280 120
1884290 120
1884300 121
1884310 121
1884320 121
1884330 121
1884340 121
1884350 121
1884360 121
1884370 121
1884380 121
1884390 122
1884400 122
1884410 122
1884420 122
1884430 122
1884440 122
1884450 121
1884460 121
1884470 121
1884480 121
1884490 121
1884500 121
1884510 121
1884520 121
1884530 121
1884540 121
1884550 121
1884560 121
1884570 121
1884580 121
1884590 121
1884600 121
1884610 121
1884620 121
1884630 121
1884640 121
1884650 121
1884660 121
1884670 121
1884680 121
1884690 121
1884700 121
1884710 121
1884720 121
1884730 121
1884740 121
1884750 121
1884760 121
1884770 121
1884780 121
1884790 121
1884800 121
1884810 121
1884820 120
1884830 120
1884840 120
1884850 120
1884860 120
1884870 120
1884880 120
1884890 120
1884900 119
1884910 119
1884920 119
1884930 119
1884940 119
1884950 119
1884960 119
1884970 118
1884980 118
1884990 118
1885000 118
1885010 118
1885020 118
1885030 118
1885040 118
1885050 118
1885060 118
1885070 118
1885080 118
1885090 117
1885100 117
1885110 117
1885120 117
1885130 117
1885140 117
1885150 117
1885160 117
1885170 117
1885180 117
1885190 117
1885200 117
1885210 117
1885220 117
1885230 117
1885240 117
1885250 117
1885260 117
1885270 117
1885280 117
1885290 117
1885300 117
1885310 117
1885320 117
1885330 117
1885340 117
1885350 117
1885360 117
1885370 117
1885380 117
1885390 117
1885400 117
1885410 117
1885420 117
1885430 117
1885440 117
1885450 117
1885460 117
1885470 117
1885480 117
1885490 117
1885500 117
1885510 117
1885520 117
1885530 117
1885540 117
1885550 117
1885560 117
1885570 117
1885580 117
1885590 117
1885600 117
1885610 117
1885620 117
1885630 117
1885640 117
1885650 117
1885660 117
1885670 117
1885680 117
1885690 117
1885700 117
1885710 117
1885720 117
1885730 117
1885740 117
1885750 117
1885760 117
1885770 117
1885780 117
1885790 117
1885800 117
1885810 117
1885820 118
1885830 118
1885840 118
1885850 118
1885860 118
1885870 118
1885880 118
1885890 118
1885900 118
1885910 118
1885920 118
1885930 118
1885940 118
1885950 119
1885960 119
1885970 119
1885980 119
1885990 119
1886000 119
1886010 118
1886020 118
1886030 119
1886040 119
1886050 119
1886060 119
1886070 118
1886080 118
1886090 118
1886100 118
1886110 118
1886120 118
1886130 118
1886140 118
1886150 118
1886160 119
1886170 119
1886180 119
1886190 119
1886200 119
1886210 119
1886220 119
1886230 119
1886240 119
1886250 119
1886260 119
1886270 119
1886280 119
1886290 119
1886300 119
1886310 119
1886320 119
1886330 119
1886340 118
1886350 118
1886360 118
1886370 118
1886380 118
1886390 118
1886400 118
1886410 118
1886420 118
1886430 118
1886440 118
1886450 118
1886460 118
1886470 118
1886480 118
1886490 118
1886500 118
1886510 118
1886520 118
1886530 118
1886540 118
1886550 118
1886560 118
1886570 118
1886580 118
1886590 118
1886600 118
1886610 118
1886620 118
1886630 118
1886640 118
1886650 119
1886660 119
1886670 119
1886680 119
1886690 119
1886700 119
1886710 119
1886720 119
1886730 119
1886740 119
1886750 119
1886760 119
1886770 119
1886780 119
1886790 119
1886800 119
1886810 119
1886820 119
1886830 119
1886840 119
1886850 116
1886860 115
1886870 115
1886880 115
1886890 115
1886900 115
1886910 115
1886920 115
1886930 115
1886940 115
1886950 116
1886960 115
1886970 115
1886980 115
1886990 115
1887000 115
1887010 115
1887020 115
1887030 115
1887040 115
1887050 115
1887060 115
1887070 115
1887080 116
1887090 116
1887100 116
1887110 118
1887120 118
1887130 119
1887140 120
1887150 120
1887160 118
1887170 116
1887180 116
1887190 115
1887200 118
1887210 118
1887220 120
1887230 120
1887240 120
1887250 120
1887260 120
1887270 120
1887280 120
1887290 120
1887300 120
1887310 120
1887320 120
1887330 120
1887340 120
1887350 119
1887360 119
1887370 119
1887380 119
1887390 119
1887400 119
1887410 119
1887420 119
1887430 119
1887440 119
1887450 119
1887460 119
1887470 119
1887480 119
1887490 119
1887500 119
1887510 119
1887520 119
1887530 119
1887540 118
1887550 118
1887560 118
1887570 118
1887580 118
1887590 118
1887600 118
1887610 118
1887620 118
1887630 118
1887640 118
1887650 118
1887660 119
1887670 119
1887680 119
1887690 119
1887700 119
1887710 119
1887720 119
1887730 119
1887740 119
1887750 119
1887760 119
1887770 119
1887780 119
1887790 119
1887800 119
1887810 119
1887820 119
1887830 119
1887840 119
1887850 119
1887860 118
1887870 118
1887880 118
1887890 118
1887900 118
1887910 118
1887920 118
1887930 117
1887940 117
1887950 117
1887960 117
1887970 117
1887980 117
1887990 117
1888000 117
1888010 117
1888020 117
1888030 117
1888040 117
1888050 117
1888060 117
1888070 117
1888080 116
1888090 116
1888100 116
1888110 116
1888120 116
1888130 116
1888140 116
1888150 116
1888160 116
1888170 116
1888180 116
1888190 116
1888200 116
1888210 116
1888220 116
1888230 116
1888240 116
1888250 116
1888260 116
1888270 116
1888280 116
1888290 116
1888300 116
1888310 116
1888320 116
1888330 116
1888340 116
1888350 116
1888360 116
1888370 116
1888380 116
1888390 116
1888400 116
1888410 116
1888420 116
1888430 116
1888440 116
1888450 115
1888460 115
1888470 115
1888480 115
1888490 115
1888500 115
1888510 115
1888520 115
1888530 115
1888540 115
1888550 115
1888560 115
1888570 115
1888580 115
1888590 115
1888600 115
1888610 115
1888620 115
1888630 115
1888640 115
1888650 115
1888660 115
1888670 115
1888680 115
1888690 115
1888700 115
1888710 115
1888720 115
1888730 115
1888740 115
1888750 115
1888760 115
1888770 115
1888780 115
1888790 115
1888800 115
1888810 115
1888820 115
1888830 115
1888840 115
1888850 115
1888860 115
1888870 115
1888880 115
1888890 115
1888900 115
1888910 115
1888920 115
1888930 115
1888940 115
1888950 115
1888960 115
1888970 115
1888980 115
1888990 115
1889000 115
1889010 115
1889020 115
1889030 115
1889040 115
1889050 115
1889060 115
1889070 115
1889080 115
1889090 115
1889100 115
1889110 115
1889120 115
1889130 115
1889140 115
1889150 115
1889160 115
1889170 115
1889180 115
1889190 115
1889200 115
1889210 115
1889220 115
1889230 115
1889240 115
1889250 115
1889260 115
1889270 115
1889280 115
1889290 115
1889300 115
1889310 115
1889320 115
1889330 114
1889340 115
1889350 115
1889360 114
1889370 115
1889380 115
1889390 115
1889400 115
1889410 115
1889420 115
1889430 115
1889440 115
1889450 115
1889460 115
1889470 115
1889480 115
1889490 115
1889500 115
1889510 115
1889520 115
1889530 115
1889540 115
1889550 115
1889560 115
1889570 115
1889580 115
1889590 115
1889600 115
1889610 115
1889620 115
1889630 115
1889640 115
1889650 115
1889660 115
1889670 115
1889680 115
1889690 115
1889700 115
1889710 115
1889720 115
1889730 115
1889740 115
1889750 115
1889760 115
1889770 115
1889780 115
1889790 115
1889800 115
1889810 115
1889820 115
1889830 115
1889840 115
1889850 115
1889860 115
1889870 115
1889880 115
1889890 115
1889900 115
1889910 115
1889920 115
1889930 115
1889940 115
1889950 115
1889960 115
1889970 115
1889980 115
1889990 115
1890000 115
1890010 115
1890020 115
1890030 115
1890040 115
1890050 115
1890060 115
1890070 115
1890080 115
1890090 115
1890100 115
1890110 115
1890120 115
1890130 115
1890140 115
1890150 116
1890160 116
1890170 116
1890180 116
1890190 116
1890200 116
1890210 116
1890220 116
1890230 116
1890240 116
1890250 116
1890260 116
1890270 116
1890280 116
1890290 116
1890300 116
1890310 116
1890320 116
1890330 116
1890340 116
1890350 116
1890360 116
1890370 116
1890380 116
1890390 116
1890400 116
1890410 116
1890420 116
1890430 116
1890440 116
1890450 116
1890460 116
1890470 116
1890480 116
1890490 116
1890500 116
1890510 116
1890520 116
1890530 116
1890540 116
1890550 116
1890560 116
1890570 116
1890580 116
1890590 116
1890600 116
1890610 116
1890620 116
1890630 116
1890640 116
1890650 116
1890660 116
1890670 116
1890680 116
1890690 116
1890700 116
1890710 116
1890720 116
1890730 116
1890740 116
1890750 116
1890760 116
1890770 116
1890780 116
1890790 116
1890800 116
1890810 116
1890820 116
1890830 116
1890840 116
1890850 116
1890860 116
1890870 116
1890880 116
1890890 116
1890900 116
1890910 116
1890920 116
1890930 116
1890940 116
1890950 116
1890960 116
1890970 116
1890980 116
1890990 116
1891000 116
1891010 116
1891020 116
1891030 116
1891040 116
1891050 116
1891060 116
1891070 116
1891080 116
1891090 116
1891100 116
1891110 115
1891120 115
1891130 115
1891140 115
1891150 115
1891160 115
1891170 115
1891180 115
1891190 115
1891200 115
1891210 115
1891220 115
1891230 115
1891240 115
1891250 115
1891260 115
1891270 116
1891280 116
1891290 116
1891300 115
1891310 115
1891320 115
1891330 115
1891340 115
1891350 115
1891360 115
1891370 115
1891380 115
1891390 115
1891400 115
1891410 115
1891420 115
1891430 115
1891440 115
1891450 115
1891460 115
1891470 115
1891480 115
1891490 115
1891500 115
1891510 114
1891520 114
1891530 114
1891540 114
1891550 114
1891560 114
1891570 114
1891580 114
1891590 114
1891600 114
1891610 114
1891620 114
1891630 114
1891640 114
1891650 114
1891660 114
1891670 114
1891680 114
1891690 114
1891700 114
1891710 114
1891720 114
1891730 114
1891740 114
1891750 114
1891760 114
1891770 114
1891780 114
1891790 114
1891800 114
1891810 114
1891820 114
1891830 114
1891840 114
1891850 114
1891860 114
1891870 114
1891880 114
1891890 114
1891900 114
1891910 114
1891920 114
1891930 114
1891940 114
1891950 114
1891960 114
1891970 114
1891980 114
1891990 114
1892000 114
1892010 114
1892020 114
1892030 114
1892040 114
1892050 114
1892060 114
1892070 114
1892080 114
1892090 114
1892100 114
1892110 114
1892120 114
1892130 114
1892140 114
1892150 114
1892160 114
1892170 114
1892180 114
1892190 114
1892200 114
1892210 114
1892220 114
1892230 114
1892240 114
1892250 114
1892260 114
1892270 114
1892280 114
1892290 114
1892300 114
1892310 114
1892320 114
1892330 114
1892340 114
1892350 114
1892360 114
1892370 114
1892380 114
1892390 114
1892400 114
1892410 114
1892420 114
1892430 114
1892440 114
1892450 114
1892460 114
1892470 114
1892480 114
1892490 114
1892500 114
1892510 114
1892520 114
1892530 114
1892540 114
1892550 114
1892560 114
1892570 114
1892580 114
1892590 114
1892600 114
1892610 114
1892620 114
1892630 114
1892640 114
1892650 114
1892660 114
1892670 114
1892680 114
1892690 114
1892700 114
1892710 114
1892720 114
1892730 114
1892740 114
1892750 114
1892760 114
1892770 114
1892780 114
1892790 114
1892800 114
1892810 114
1892820 114
1892830 114
1892840 114
1892850 114
1892860 114
1892870 114
1892880 114
1892890 114
1892900 114
1892910 114
1892920 114
1892930 114
1892940 114
1892950 114
1892960 114
1892970 114
1892980 114
1892990 114
1893000 114
1893010 114
1893020 114
1893030 114
1893040 114
1893050 114
1893060 114
1893070 114
1893080 114
1893090 114
1893100 114
1893110 114
1893120 114
1893130 114
1893140 114
1893150 114
1893160 114
1893170 114
1893180 114
1893190 114
1893200 114
1893210 114
1893220 114
1893230 114
1893240 114
1893250 114
1893260 114
1893270 114
1893280 114
1893290 114
1893300 114
1893310 114
1893320 114
1893330 114
1893340 114
1893350 114
1893360 114
1893370 114
1893380 114
1893390 114
1893400 114
1893410 114
1893420 114
1893430 114
1893440 114
1893450 114
1893460 114
1893470 114
1893480 114
1893490 114
1893500 114
1893510 114
1893520 114
1893530 114
1893540 114
1893550 114
1893560 114
1893570 114
1893580 114
1893590 114
1893600 114
1893610 114
1893620 114
1893630 114
1893640 114
1893650 114
1893660 114
1893670 114
1893680 114
1893690 114
1893700 114
1893710 114
1893720 114
1893730 114
1893740 114
1893750 114
1893760 114
1893770 114
1893780 114
1893790 114
1893800 114
1893810 114
1893820 114
1893830 114
1893840 114
1893850 114
1893860 114
1893870 114
1893880 114
1893890 114
1893900 114
1893910 114
1893920 114
1893930 114
1893940 114
1893950 114
1893960 114
1893970 114
1893980 114
1893990 114
1894000 114
1894010 114
1894020 114
1894030 114
1894040 113
1894050 113
1894060 113
1894070 113
1894080 113
1894090 113
1894100 114
1894110 114
1894120 114
1894130 114
1894140 114
1894150 114
1894160 114
1894170 114
1894180 114
1894190 114
1894200 114
1894210 114
1894220 114
1894230 114
1894240 114
1894250 114
1894260 114
1894270 114
1894280 114
1894290 114
1894300 114
1894310 114
1894320 114
1894330 114
1894340 114
1894350 114
1894360 114
1894370 114
1894380 114
1894390 114
1894400 114
1894410 114
1894420 114
1894430 114
1894440 114
1894450 114
1894460 114
1894470 114
1894480 114
1894490 114
1894500 114
1894510 114
1894520 114
1894530 114
1894540 114
1894550 114
1894560 114
1894570 114
1894580 114
1894590 114
1894600 113
1894610 113
1894620 113
1894630 113
1894640 113
1894650 113
1894660 113
1894670 113
1894680 113
1894690 113
1894700 113
1894710 113
1894720 113
1894730 113
1894740 113
1894750 113
1894760 113
1894770 113
1894780 113
1894790 113
1894800 113
1894810 113
1894820 113
1894830 113
1894840 113
1894850 113
1894860 113
1894870 113
1894880 113
1894890 113
1894900 113
1894910 113
1894920 113
1894930 114
1894940 114
1894950 114
1894960 114
1894970 114
1894980 114
1894990 114
1895000 114
1895010 114
1895020 114
1895030 114
1895040 114
1895050 114
1895060 114
1895070 114
1895080 114
1895090 114
1895100 114
1895110 114
1895120 114
1895130 114
1895140 113
1895150 113
1895160 113
1895170 114
1895180 114
1895190 114
1895200 114
1895210 114
1895220 114
1895230 114
1895240 114
1895250 114
1895260 114
1895270 114
1895280 114
1895290 114
1895300 114
1895310 114
1895320 114
1895330 113
1895340 113
1895350 113
1895360 113
1895370 113
1895380 113
1895390 113
1895400 113
1895410 113
1895420 113
1895430 113
1895440 113
1895450 113
1895460 113
1895470 113
1895480 113
1895490 113
1895500 113
1895510 113
1895520 113
1895530 113
1895540 113
1895550 113
1895560 113
1895570 113
1895580 113
1895590 113
1895600 113
1895610 113
1895620 113
1895630 113
1895640 113
1895650 113
1895660 113
1895670 113
1895680 113
1895690 114
1895700 114
1895710 114
1895720 114
1895730 114
1895740 114
1895750 114
1895760 114
1895770 114
1895780 114
1895790 114
1895800 114
1895810 114
1895820 114
1895830 114
1895840 114
1895850 114
1895860 114
1895870 114
1895880 114
1895890 114
1895900 114
1895910 114
1895920 114
1895930 114
1895940 114
1895950 114
1895960 114
1895970 114
1895980 114
1895990 114
1896000 114
1896010 114
1896020 114
1896030 114
1896040 114
1896050 114
1896060 114
1896070 114
1896080 114
1896090 114
1896100 114
1896110 114
1896120 114
1896130 114
1896140 114
1896150 114
1896160 114
1896170 114
1896180 114
1896190 114
1896200 114
1896210 114
1896220 114
1896230 114
1896240 114
1896250 114
1896260 114
1896270 114
1896280 114
1896290 114
1896300 113
1896310 113
1896320 113
1896330 113
1896340 113
1896350 113
1896360 113
1896370 113
1896380 113
1896390 113
1896400 113
1896410 113
1896420 113
1896430 113
1896440 113
1896450 113
1896460 113
1896470 113
1896480 113
1896490 113
1896500 113
1896510 113
1896520 113
1896530 113
1896540 113
1896550 113
1896560 113
1896570 113
1896580 113
1896590 113
1896600 113
1896610 113
1896620 113
1896630 113
1896640 113
1896650 113
1896660 113
1896670 113
1896680 113
1896690 113
1896700 113
1896710 113
1896720 113
1896730 113
1896740 113
1896750 113
1896760 113
1896770 113
1896780 113
1896790 113
1896800 114
1896810 114
1896820 114
1896830 114
1896840 114
1896850 114
1896860 114
1896870 114
1896880 114
1896890 114
1896900 114
1896910 114
1896920 114
1896930 114
1896940 114
1896950 114
1896960 114
1896970 114
1896980 114
1896990 114
1897000 114
1897010 114
1897020 114
1897030 114
1897040 114
1897050 114
1897060 114
1897070 114
1897080 114
1897090 114
1897100 114
1897110 114
1897120 114
1897130 114
1897140 114
1897150 114
1897160 114
1897170 114
1897180 114
1897190 114
1897200 114
1897210 114
1897220 114
1897230 114
1897240 114
1897250 114
1897260 114
1897270 114
1897280 114
1897290 114
1897300 114
1897310 114
1897320 114
1897330 114
1897340 114
1897350 114
1897360 114
1897370 114
1897380 114
1897390 114
1897400 114
1897410 114
1897420 114
1897430 114
1897440 114
1897450 114
1897460 114
1897470 114
1897480 114
1897490 114
1897500 114
1897510 114
1897520 114
1897530 114
1897540 114
1897550 114
1897560 114
1897570 114
1897580 114
1897590 114
1897600 114
1897610 114
1897620 114
1897630 114
1897640 114
1897650 114
1897660 114
1897670 114
1897680 114
1897690 114
1897700 114
1897710 114
1897720 114
1897730 114
1897740 114
1897750 114
1897760 114
1897770 114
1897780 114
1897790 114
1897800 114
1897810 114
1897820 114
1897830 114
1897840 114
1897850 114
1897860 114
1897870 114
1897880 114
1897890 115
1897900 114
1897910 114
1897920 114
1897930 114
1897940 114
1897950 114
1897960 114
1897970 114
1897980 114
1897990 114
1898000 114
1898010 114
1898020 114
1898030 114
1898040 114
1898050 114
1898060 114
1898070 114
1898080 114
1898090 114
1898100 114
1898110 114
1898120 114
1898130 114
1898140 114
1898150 114
1898160 114
1898170 114
1898180 114
1898190 114
1898200 114
1898210 114
1898220 114
1898230 114
1898240 114
1898250 114
1898260 114
1898270 114
1898280 114
1898290 114
1898300 114
1898310 114
1898320 114
1898330 114
1898340 114
1898350 114
1898360 115
1898370 115
1898380 115
1898390 115
1898400 115
1898410 115
1898420 115
1898430 115
1898440 115
1898450 115
1898460 115
1898470 115
1898480 115
1898490 115
1898500 115
1898510 115
1898520 115
1898530 115
1898540 115
1898550 115
1898560 115
1898570 115
1898580 115
1898590 115
1898600 115
1898610 115
1898620 115
1898630 115
1898640 115
1898650 115
1898660 115
1898670 115
1898680 115
1898690 115
1898700 115
1898710 115
1898720 115
1898730 115
1898740 115
1898750 115
1898760 115
1898770 115
1898780 115
1898790 115
1898800 115
1898810 115
1898820 115
1898830 115
1898840 115
1898850 115
1898860 115
1898870 115
1898880 114
1898890 114
1898900 114
1898910 114
1898920 114
1898930 114
1898940 114
1898950 114
1898960 114
1898970 114
1898980 114
1898990 114
1899000 114
1899010 114
1899020 114
1899030 114
1899040 114
1899050 114
1899060 114
1899070 114
1899080 114
1899090 114
1899100 114
1899110 114
1899120 114
1899130 114
1899140 114
1899150 114
1899160 114
1899170 114
1899180 114
1899190 114
1899200 114
1899210 114
1899220 114
1899230 114
1899240 114
1899250 114
1899260 114
1899270 114
1899280 114
1899290 114
1899300 114
1899310 114
1899320 114
1899330 114
1899340 114
1899350 114
1899360 114
1899370 114
1899380 114
1899390 114
1899400 114
1899410 114
1899420 114
1899430 114
1899440 114
1899450 114
1899460 114
1899470 114
1899480 114
1899490 114
1899500 114
1899510 114
1899520 114
1899530 114
1899540 114
1899550 114
1899560 114
1899570 114
1899580 114
1899590 114
1899600 114
1899610 114
1899620 114
1899630 114
1899640 114
1899650 114
1899660 114
1899670 114
1899680 114
1899690 114
1899700 114
1899710 114
1899720 114
1899730 114
1899740 114
1899750 114
1899760 114
1899770 114
1899780 114
1899790 114
1899800 114
1899810 114
1899820 114
1899830 114
1899840 114
1899850 114
1899860 114
1899870 114
1899880 114
1899890 114
1899900 114
1899910 114
1899920 114
1899930 114
1899940 114
1899950 114
1899960 114
1899970 114
1899980 114
1899990 114
