1880000 119
1880010 119
1880020 119
1880030 119
1880040 119
1880050 119
1880060 119
1880070 119
1880080 119
1880090 119
1880100 119
1880110 119
1880120 119
1880130 119
1880140 119
1880150 118
1880160 118
1880170 118
1880180 118
1880190 118
1880200 118
1880210 118
1880220 118
1880230 118
1880240 118
1880250 118
1880260 118
1880270 118
1880280 118
1880290 118
1880300 118
1880310 118
1880320 118
1880330 118
1880340 118
1880350 117
1880360 117
1880370 117
1880380 117
1880390 117
1880400 117
1880410 117
1880420 117
1880430 117
1880440 117
1880450 117
1880460 117
1880470 117
1880480 117
1880490 117
1880500 117
1880510 117
1880520 117
1880530 117
1880540 117
1880550 117
1880560 117
1880570 117
1880580 117
1880590 117
1880600 117
1880610 117
1880620 117
1880630 117
1880640 117
1880650 117
1880660 117
1880670 117
1880680 117
1880690 117
1880700 117
1880710 117
1880720 117
1880730 117
1880740 117
1880750 117
1880760 117
1880770 117
1880780 117
1880790 117
1880800 117
1880810 117
1880820 117
1880830 117
1880840 117
1880850 117
1880860 117
1880870 117
1880880 117
1880890 117
1880900 117
1880910 117
1880920 117
1880930 117
1880940 117
1880950 117
1880960 117
1880970 117
1880980 117
1880990 117
1881000 117
1881010 117
1881020 117
1881030 117
1881040 117
1881050 117
1881060 117
1881070 117
1881080 117
1881090 117
1881100 117
1881110 117
1881120 117
1881130 117
1881140 117
1881150 117
1881160 117
1881170 117
1881180 117
1881190 117
1881200 117
1881210 117
1881220 117
1881230 117
1881240 118
1881250 118
1881260 118
1881270 118
1881280 118
1881290 118
1881300 118
1881310 118
1881320 118
1881330 118
1881340 118
1881350 118
1881360 118
1881370 118
1881380 118
1881390 118
1881400 118
1881410 118
1881420 118
1881430 118
1881440 118
1881450 118
1881460 118
1881470 118
1881480 118
1881490 118
1881500 118
1881510 119
1881520 119
1881530 119
1881540 119
1881550 119
1881560 119
1881570 119
1881580 119
1881590 119
1881600 119
1881610 119
1881620 119
1881630 119
1881640 119
1881650 119
1881660 119
1881670 119
1881680 119
1881690 119
1881700 119
1881710 119
1881720 119
1881730 119
1881740 119
1881750 119
1881760 119
1881770 119
1881780 119
1881790 119
1881800 119
1881810 119
1881820 119
1881830 119
1881840 119
1881850 119
1881860 119
1881870 119
1881880 119
1881890 119
1881900 119
1881910 119
1881920 119
1881930 119
1881940 119
1881950 119
1881960 119
1881970 119
1881980 119
1881990 119
1882000 119
1882010 119
1882020 119
1882030 119
1882040 119
1882050 119
1882060 119
1882070 119
1882080 119
1882090 119
1882100 119
1882110 119
1882120 119
1882130 119
1882140 119
1882150 119
1882160 119
1882170 119
1882180 119
1882190 119
1882200 119
1882210 119
1882220 119
1882230 119
1882240 119
1882250 119
1882260 119
1882270 119
1882280 119
1882290 119
1882300 119
1882310 119
1882320 119
1882330 119
1882340 120
1882350 120
1882360 120
1882370 119
1882380 119
1882390 119
1882400 119
1882410 119
1882420 119
1882430 120
1882440 120
1882450 120
1882460 120
1882470 120
1882480 120
1882490 120
1882500 120
1882510 120
1882520 120
1882530 120
1882540 120
1882550 120
1882560 120
1882570 120
1882580 119
1882590 120
1882600 120
1882610 120
1882620 120
1882630 120
1882640 120
1882650 120
1882660 120
1882670 120
1882680 120
1882690 120
1882700 120
1882710 119
1882720 119
1882730 119
1882740 119
1882750 119
1882760 119
1882770 119
1882780 119
1882790 120
1882800 120
1882810 120
1882820 120
1882830 120
1882840 120
1882850 120
1882860 120
1882870 120
1882880 120
1882890 120
1882900 120
1882910 120
1882920 120
1882930 120
1882940 120
1882950 120
1882960 120
1882970 120
1882980 120
1882990 120
1883000 120
1883010 120
1883020 120
1883030 120
1883040 120
1883050 120
1883060 120
1883070 120
1883080 120
1883090 120
1883100 120
1883110 120
1883120 120
1883130 120
1883140 120
1883150 120
1883160 120
1883170 120
1883180 120
1883190 120
1883200 120
1883210 120
1883220 120
1883230 120
1883240 120
1883250 120
1883260 120
1883270 120
1883280 120
1883290 120
1883300 120
1883310 120
1883320 120
1883330 120
1883340 120
1883350 120
1883360 120
1883370 120
1883380 120
1883390 120
1883400 120
1883410 120
1883420 120
1883430 120
1883440 120
1883450 120
1883460 120
1883470 120
1883480 120
1883490 120
1883500 120
1883510 120
1883520 120
1883530 120
1883540 120
1883550 120
1883560 120
1883570 119
1883580 119
1883590 119
1883600 119
1883610 119
1883620 119
1883630 119
1883640 119
1883650 119
1883660 119
1883670 119
1883680 119
1883690 119
1883700 119
1883710 119
1883720 119
1883730 119
1883740 119
1883750 119
1883760 119
1883770 119
1883780 119
1883790 119
1883800 119
1883810 119
1883820 119
1883830 119
1883840 119
1883850 119
1883860 119
1883870 119
1883880 119
1883890 119
1883900 118
1883910 118
1883920 118
1883930 118
1883940 118
1883950 118
1883960 118
1883970 118
1883980 118
1883990 118
1884000 118
1884010 118
1884020 118
1884030 118
1884040 118
1884050 118
1884060 118
1884070 118
1884080 118
1884090 118
1884100 118
1884110 118
1884120 118
1884130 118
1884140 118
1884150 118
1884160 118
1884170 118
1884180 118
1884190 118
1884200 118
1884210 118
1884220 118
1884230 118
1884240 118
1884250 118
1884260 118
1884270 118
1884280 118
1884290 119
1884300 119
1884310 119
1884320 119
1884330 119
1884340 119
1884350 119
1884360 119
1884370 119
1884380 119
1884390 119
1884400 119
1884410 119
1884420 120
1884430 120
1884440 120
1884450 120
1884460 120
1884470 120
1884480 120
1884490 120
1884500 120
1884510 120
1884520 120
1884530 121
1884540 121
1884550 121
1884560 121
1884570 121
1884580 120
1884590 120
1884600 120
1884610 120
1884620 120
1884630 120
1884640 120
1884650 120
1884660 120
1884670 120
1884680 120
1884690 120
1884700 120
1884710 120
1884720 120
1884730 120
1884740 120
1884750 120
1884760 120
1884770 120
1884780 121
1884790 121
1884800 121
1884810 121
1884820 120
1884830 120
1884840 120
1884850 120
1884860 120
1884870 120
1884880 120
1884890 120
1884900 121
1884910 121
1884920 121
1884930 121
1884940 121
1884950 121
1884960 121
1884970 121
1884980 121
1884990 121
1885000 121
1885010 121
1885020 121
1885030 121
1885040 121
1885050 121
1885060 121
1885070 121
1885080 121
1885090 121
1885100 121
1885110 121
1885120 121
1885130 121
1885140 121
1885150 121
1885160 121
1885170 121
1885180 121
1885190 121
1885200 121
1885210 121
1885220 121
1885230 121
1885240 121
1885250 121
1885260 121
1885270 121
1885280 121
1885290 121
1885300 121
1885310 121
1885320 121
1885330 121
1885340 121
1885350 121
1885360 121
1885370 121
1885380 121
1885390 121
1885400 121
1885410 121
1885420 121
1885430 121
1885440 121
1885450 121
1885460 121
1885470 121
1885480 121
1885490 121
1885500 121
1885510 121
1885520 121
1885530 121
1885540 121
1885550 121
1885560 121
1885570 121
1885580 122
1885590 122
1885600 121
1885610 121
1885620 121
1885630 121
1885640 121
1885650 121
1885660 121
1885670 121
1885680 121
1885690 121
1885700 121
1885710 121
1885720 121
1885730 121
1885740 121
1885750 121
1885760 121
1885770 121
1885780 121
1885790 121
1885800 121
1885810 121
1885820 121
1885830 121
1885840 121
1885850 121
1885860 121
1885870 121
1885880 121
1885890 120
1885900 120
1885910 120
1885920 120
1885930 120
1885940 120
1885950 120
1885960 120
1885970 120
1885980 120
1885990 120
1886000 120
1886010 120
1886020 120
1886030 120
1886040 120
1886050 120
1886060 120
1886070 120
1886080 120
1886090 120
1886100 120
1886110 120
1886120 120
1886130 120
1886140 120
1886150 120
1886160 120
1886170 120
1886180 119
1886190 119
1886200 119
1886210 119
1886220 119
1886230 119
1886240 119
1886250 119
1886260 119
1886270 119
1886280 119
1886290 120
1886300 120
1886310 120
1886320 120
1886330 120
1886340 120
1886350 120
1886360 120
1886370 120
1886380 120
1886390 120
1886400 120
1886410 120
1886420 120
1886430 120
1886440 120
1886450 120
1886460 120
1886470 119
1886480 119
1886490 119
1886500 119
1886510 119
1886520 119
1886530 119
1886540 119
1886550 119
1886560 120
1886570 120
1886580 119
1886590 119
1886600 119
1886610 119
1886620 119
1886630 119
1886640 119
1886650 119
1886660 119
1886670 119
1886680 119
1886690 119
1886700 119
1886710 119
1886720 119
1886730 119
1886740 119
1886750 119
1886760 119
1886770 119
1886780 119
1886790 119
1886800 119
1886810 119
1886820 119
1886830 119
1886840 119
1886850 119
1886860 119
1886870 119
1886880 119
1886890 119
1886900 118
1886910 118
1886920 118
1886930 118
1886940 118
1886950 118
1886960 118
1886970 118
1886980 118
1886990 118
1887000 118
1887010 118
1887020 118
1887030 118
1887040 118
1887050 118
1887060 118
1887070 117
1887080 117
1887090 117
1887100 117
1887110 117
1887120 117
1887130 117
1887140 117
1887150 117
1887160 117
1887170 117
1887180 117
1887190 117
1887200 117
1887210 117
1887220 117
1887230 117
1887240 117
1887250 117
1887260 117
1887270 117
1887280 117
1887290 117
1887300 117
1887310 117
1887320 117
1887330 117
1887340 117
1887350 117
1887360 117
1887370 117
1887380 117
1887390 117
1887400 117
1887410 117
1887420 117
1887430 117
1887440 117
1887450 117
1887460 117
1887470 117
1887480 117
1887490 117
1887500 117
1887510 117
1887520 117
1887530 117
1887540 117
1887550 117
1887560 117
1887570 117
1887580 117
1887590 117
1887600 117
1887610 117
1887620 117
1887630 117
1887640 117
1887650 117
1887660 117
1887670 117
1887680 117
1887690 117
1887700 117
1887710 117
1887720 117
1887730 117
1887740 117
1887750 117
1887760 117
1887770 117
1887780 117
1887790 117
1887800 117
1887810 117
1887820 117
1887830 117
1887840 117
1887850 117
1887860 117
1887870 117
1887880 117
1887890 117
1887900 117
1887910 117
1887920 117
1887930 117
1887940 117
1887950 117
1887960 117
1887970 117
1887980 117
1887990 117
1888000 117
1888010 117
1888020 117
1888030 117
1888040 117
1888050 117
1888060 117
1888070 117
1888080 117
1888090 117
1888100 117
1888110 117
1888120 117
1888130 117
1888140 117
1888150 117
1888160 117
1888170 117
1888180 117
1888190 117
1888200 116
1888210 116
1888220 116
1888230 117
1888240 117
1888250 117
1888260 117
1888270 117
1888280 117
1888290 116
1888300 116
1888310 116
1888320 116
1888330 116
1888340 116
1888350 116
1888360 116
1888370 116
1888380 116
1888390 116
1888400 116
1888410 116
1888420 116
1888430 116
1888440 116
1888450 116
1888460 116
1888470 117
1888480 116
1888490 116
1888500 116
1888510 116
1888520 116
1888530 116
1888540 117
1888550 117
1888560 117
1888570 117
1888580 117
1888590 117
1888600 117
1888610 117
1888620 117
1888630 117
1888640 117
1888650 117
1888660 117
1888670 117
1888680 117
1888690 117
1888700 117
1888710 117
1888720 117
1888730 117
1888740 117
1888750 117
1888760 117
1888770 117
1888780 117
1888790 117
1888800 117
1888810 117
1888820 117
1888830 117
1888840 117
1888850 117
1888860 117
1888870 117
1888880 117
1888890 117
1888900 117
1888910 117
1888920 117
1888930 117
1888940 117
1888950 117
1888960 117
1888970 117
1888980 117
1888990 117
1889000 117
1889010 117
1889020 117
1889030 117
1889040 117
1889050 117
1889060 117
1889070 117
1889080 117
1889090 117
1889100 117
1889110 117
1889120 117
1889130 117
1889140 117
1889150 117
1889160 117
1889170 117
1889180 117
1889190 117
1889200 117
1889210 117
1889220 117
1889230 117
1889240 117
1889250 117
1889260 117
1889270 117
1889280 117
1889290 117
1889300 117
1889310 117
1889320 117
1889330 117
1889340 117
1889350 117
1889360 117
1889370 117
1889380 117
1889390 117
1889400 117
1889410 117
1889420 117
1889430 117
1889440 117
1889450 117
1889460 117
1889470 117
1889480 117
1889490 117
1889500 117
1889510 118
1889520 118
1889530 118
1889540 118
1889550 118
1889560 118
1889570 118
1889580 118
1889590 118
1889600 118
1889610 118
1889620 118
1889630 118
1889640 118
1889650 118
1889660 118
1889670 118
1889680 118
1889690 118
1889700 119
1889710 119
1889720 119
1889730 118
1889740 118
1889750 118
1889760 118
1889770 118
1889780 118
1889790 119
1889800 119
1889810 119
1889820 119
1889830 119
1889840 119
1889850 119
1889860 119
1889870 119
1889880 119
1889890 119
1889900 119
1889910 119
1889920 119
1889930 119
1889940 119
1889950 119
1889960 119
1889970 119
1889980 119
1889990 119
1890000 119
1890010 119
1890020 119
1890030 119
1890040 119
1890050 119
1890060 119
1890070 119
1890080 119
1890090 119
1890100 119
1890110 119
1890120 119
1890130 119
1890140 119
1890150 118
1890160 118
1890170 118
1890180 118
1890190 118
1890200 118
1890210 118
1890220 118
1890230 118
1890240 118
1890250 118
1890260 118
1890270 118
1890280 118
1890290 118
1890300 118
1890310 118
1890320 118
1890330 118
1890340 118
1890350 118
1890360 118
1890370 118
1890380 118
1890390 118
1890400 118
1890410 118
1890420 118
1890430 118
1890440 118
1890450 118
1890460 117
1890470 117
1890480 117
1890490 117
1890500 117
1890510 117
1890520 116
1890530 116
1890540 116
1890550 116
1890560 116
1890570 116
1890580 116
1890590 116
1890600 116
1890610 116
1890620 116
1890630 116
1890640 116
1890650 116
1890660 116
1890670 116
1890680 116
1890690 116
1890700 116
1890710 116
1890720 116
1890730 116
1890740 116
1890750 116
1890760 116
1890770 116
1890780 116
1890790 116
1890800 116
1890810 116
1890820 116
1890830 116
1890840 116
1890850 116
1890860 116
1890870 116
1890880 116
1890890 116
1890900 116
1890910 116
1890920 116
1890930 116
1890940 116
1890950 116
1890960 116
1890970 116
1890980 116
1890990 116
1891000 116
1891010 116
1891020 116
1891030 116
1891040 116
1891050 116
1891060 116
1891070 116
1891080 116
1891090 116
1891100 116
1891110 116
1891120 116
1891130 116
1891140 116
1891150 116
1891160 117
1891170 117
1891180 117
1891190 117
1891200 117
1891210 117
1891220 117
1891230 117
1891240 117
1891250 117
1891260 117
1891270 117
1891280 117
1891290 117
1891300 117
1891310 117
1891320 117
1891330 117
1891340 117
1891350 116
1891360 116
1891370 116
1891380 116
1891390 116
1891400 116
1891410 116
1891420 116
1891430 116
1891440 116
1891450 116
1891460 116
1891470 116
1891480 116
1891490 116
1891500 116
1891510 116
1891520 116
1891530 116
1891540 116
1891550 116
1891560 116
1891570 116
1891580 116
1891590 116
1891600 116
1891610 116
1891620 116
1891630 116
1891640 116
1891650 115
1891660 115
1891670 115
1891680 116
1891690 115
1891700 115
1891710 115
1891720 115
1891730 115
1891740 116
1891750 115
1891760 115
1891770 116
1891780 116
1891790 116
1891800 116
1891810 116
1891820 116
1891830 116
1891840 116
1891850 116
1891860 116
1891870 116
1891880 115
1891890 115
1891900 115
1891910 115
1891920 115
1891930 115
1891940 115
1891950 115
1891960 115
1891970 115
1891980 115
1891990 115
1892000 115
1892010 115
1892020 115
1892030 115
1892040 115
1892050 115
1892060 115
1892070 115
1892080 115
1892090 115
1892100 115
1892110 115
1892120 115
1892130 115
1892140 115
1892150 115
1892160 115
1892170 115
1892180 115
1892190 115
1892200 115
1892210 115
1892220 115
1892230 115
1892240 115
1892250 115
1892260 115
1892270 115
1892280 115
1892290 115
1892300 115
1892310 115
1892320 115
1892330 115
1892340 115
1892350 115
1892360 115
1892370 115
1892380 115
1892390 115
1892400 115
1892410 115
1892420 115
1892430 115
1892440 115
1892450 115
1892460 115
1892470 115
1892480 115
1892490 115
1892500 115
1892510 115
1892520 115
1892530 115
1892540 115
1892550 115
1892560 115
1892570 115
1892580 115
1892590 115
1892600 115
1892610 115
1892620 115
1892630 115
1892640 115
1892650 115
1892660 115
1892670 115
1892680 115
1892690 115
1892700 115
1892710 115
1892720 115
1892730 115
1892740 115
1892750 115
1892760 115
1892770 115
1892780 115
1892790 115
1892800 115
1892810 115
1892820 115
1892830 115
1892840 115
1892850 115
1892860 115
1892870 115
1892880 115
1892890 115
1892900 115
1892910 115
1892920 115
1892930 115
1892940 115
1892950 115
1892960 115
1892970 115
1892980 115
1892990 115
1893000 115
1893010 115
1893020 115
1893030 115
1893040 115
1893050 115
1893060 115
1893070 116
1893080 116
1893090 115
1893100 115
1893110 115
1893120 115
1893130 115
1893140 115
1893150 115
1893160 115
1893170 115
1893180 115
1893190 115
1893200 115
1893210 115
1893220 115
1893230 115
1893240 115
1893250 116
1893260 116
1893270 116
1893280 116
1893290 116
1893300 116
1893310 116
1893320 116
1893330 116
1893340 116
1893350 116
1893360 116
1893370 116
1893380 116
1893390 116
1893400 116
1893410 116
1893420 116
1893430 116
1893440 116
1893450 116
1893460 116
1893470 116
1893480 116
1893490 116
1893500 116
1893510 116
1893520 116
1893530 116
1893540 116
1893550 116
1893560 116
1893570 116
1893580 116
1893590 116
1893600 116
1893610 116
1893620 116
1893630 116
1893640 116
1893650 116
1893660 116
1893670 116
1893680 116
1893690 116
1893700 116
1893710 116
1893720 116
1893730 116
1893740 116
1893750 116
1893760 116
1893770 116
1893780 116
1893790 116
1893800 116
1893810 116
1893820 116
1893830 116
1893840 116
1893850 116
1893860 116
1893870 116
1893880 116
1893890 116
1893900 116
1893910 116
1893920 116
1893930 116
1893940 116
1893950 116
1893960 116
1893970 116
1893980 116
1893990 116
1894000 116
1894010 116
1894020 116
1894030 116
1894040 116
1894050 116
1894060 116
1894070 116
1894080 116
1894090 116
1894100 116
1894110 116
1894120 116
1894130 116
1894140 115
1894150 115
1894160 115
1894170 115
1894180 115
1894190 116
1894200 116
1894210 116
1894220 116
1894230 115
1894240 115
1894250 115
1894260 116
1894270 116
1894280 116
1894290 116
1894300 116
1894310 116
1894320 116
1894330 116
1894340 116
1894350 116
1894360 116
1894370 116
1894380 116
1894390 116
1894400 116
1894410 116
1894420 116
1894430 116
1894440 116
1894450 116
1894460 116
1894470 116
1894480 116
1894490 116
1894500 116
1894510 116
1894520 116
1894530 116
1894540 116
1894550 116
1894560 116
1894570 116
1894580 116
1894590 116
1894600 116
1894610 116
1894620 116
1894630 116
1894640 116
1894650 116
1894660 116
1894670 116
1894680 116
1894690 116
1894700 116
1894710 116
1894720 116
1894730 116
1894740 116
1894750 116
1894760 116
1894770 116
1894780 116
1894790 116
1894800 116
1894810 116
1894820 116
1894830 116
1894840 116
1894850 116
1894860 116
1894870 116
1894880 116
1894890 116
1894900 116
1894910 116
1894920 116
1894930 116
1894940 116
1894950 116
1894960 116
1894970 116
1894980 116
1894990 116
1895000 116
1895010 116
1895020 116
1895030 116
1895040 116
1895050 116
1895060 116
1895070 115
1895080 115
1895090 115
1895100 115
1895110 115
1895120 115
1895130 115
1895140 115
1895150 115
1895160 115
1895170 115
1895180 115
1895190 115
1895200 115
1895210 115
1895220 115
1895230 115
1895240 115
1895250 115
1895260 115
1895270 115
1895280 115
1895290 115
1895300 115
1895310 115
1895320 115
1895330 115
1895340 115
1895350 115
1895360 115
1895370 115
1895380 115
1895390 115
1895400 115
1895410 115
1895420 115
1895430 115
1895440 115
1895450 115
1895460 115
1895470 115
1895480 115
1895490 115
1895500 115
1895510 115
1895520 115
1895530 115
1895540 115
1895550 115
1895560 115
1895570 115
1895580 115
1895590 116
1895600 116
1895610 116
1895620 116
1895630 116
1895640 116
1895650 116
1895660 116
1895670 116
1895680 116
1895690 116
1895700 116
1895710 116
1895720 116
1895730 116
1895740 116
1895750 115
1895760 115
1895770 115
1895780 115
1895790 115
1895800 115
1895810 115
1895820 115
1895830 115
1895840 115
1895850 115
1895860 115
1895870 115
1895880 115
1895890 115
1895900 115
1895910 115
1895920 115
1895930 115
1895940 115
1895950 115
1895960 115
1895970 116
1895980 116
1895990 116
1896000 116
1896010 116
1896020 116
1896030 116
1896040 116
1896050 116
1896060 116
1896070 116
1896080 116
1896090 116
1896100 116
1896110 116
1896120 116
1896130 116
1896140 116
1896150 116
1896160 116
1896170 116
1896180 116
1896190 116
1896200 116
1896210 116
1896220 116
1896230 116
1896240 116
1896250 116
1896260 117
1896270 117
1896280 117
1896290 117
1896300 117
1896310 117
1896320 117
1896330 117
1896340 117
1896350 117
1896360 117
1896370 117
1896380 117
1896390 117
1896400 117
1896410 117
1896420 117
1896430 117
1896440 117
1896450 117
1896460 117
1896470 117
1896480 116
1896490 116
1896500 116
1896510 116
1896520 116
1896530 116
1896540 116
1896550 116
1896560 116
1896570 116
1896580 116
1896590 116
1896600 115
1896610 115
1896620 115
1896630 115
1896640 115
1896650 115
1896660 115
1896670 115
1896680 115
1896690 115
1896700 115
1896710 115
1896720 115
1896730 115
1896740 115
1896750 115
1896760 115
1896770 115
1896780 115
1896790 115
1896800 115
1896810 115
1896820 115
1896830 115
1896840 115
1896850 115
1896860 115
1896870 115
1896880 115
1896890 115
1896900 115
1896910 115
1896920 115
1896930 115
1896940 115
1896950 115
1896960 115
1896970 115
1896980 115
1896990 115
1897000 115
1897010 115
1897020 115
1897030 115
1897040 115
1897050 115
1897060 115
1897070 115
1897080 115
1897090 115
1897100 115
1897110 115
1897120 115
1897130 115
1897140 115
1897150 115
1897160 115
1897170 115
1897180 115
1897190 115
1897200 115
1897210 115
1897220 115
1897230 115
1897240 115
1897250 115
1897260 115
1897270 115
1897280 115
1897290 115
1897300 115
1897310 115
1897320 115
1897330 115
1897340 115
1897350 115
1897360 115
1897370 115
1897380 115
1897390 115
1897400 115
1897410 115
1897420 115
1897430 115
1897440 115
1897450 115
1897460 115
1897470 115
1897480 115
1897490 115
1897500 115
1897510 115
1897520 115
1897530 115
1897540 115
1897550 115
1897560 115
1897570 115
1897580 115
1897590 115
1897600 115
1897610 115
1897620 115
1897630 115
1897640 115
1897650 115
1897660 115
1897670 115
1897680 115
1897690 115
1897700 115
1897710 115
1897720 115
1897730 115
1897740 114
1897750 114
1897760 114
1897770 114
1897780 114
1897790 114
1897800 114
1897810 114
1897820 114
1897830 114
1897840 114
1897850 114
1897860 114
1897870 114
1897880 114
1897890 114
1897900 114
1897910 114
1897920 114
1897930 114
1897940 114
1897950 114
1897960 114
1897970 114
1897980 115
1897990 115
1898000 115
1898010 115
1898020 115
1898030 115
1898040 115
1898050 115
1898060 115
1898070 115
1898080 115
1898090 115
1898100 115
1898110 115
1898120 115
1898130 115
1898140 115
1898150 115
1898160 115
1898170 115
1898180 115
1898190 115
1898200 115
1898210 115
1898220 115
1898230 115
1898240 115
1898250 115
1898260 115
1898270 115
1898280 115
1898290 115
1898300 115
1898310 115
1898320 115
1898330 115
1898340 115
1898350 115
1898360 115
1898370 115
1898380 116
1898390 116
1898400 116
1898410 116
1898420 116
1898430 116
1898440 116
1898450 116
1898460 116
1898470 116
1898480 116
1898490 116
1898500 116
1898510 116
1898520 116
1898530 116
1898540 116
1898550 116
1898560 116
1898570 116
1898580 116
1898590 116
1898600 115
1898610 115
1898620 115
1898630 115
1898640 115
1898650 115
1898660 115
1898670 115
1898680 115
1898690 115
1898700 115
1898710 115
1898720 115
1898730 115
1898740 115
1898750 115
1898760 115
1898770 115
1898780 115
1898790 115
1898800 115
1898810 115
1898820 115
1898830 115
1898840 115
1898850 115
1898860 115
1898870 115
1898880 115
1898890 115
1898900 115
1898910 115
1898920 115
1898930 115
1898940 115
1898950 115
1898960 115
1898970 115
1898980 115
1898990 115
1899000 115
1899010 115
1899020 115
1899030 115
1899040 115
1899050 115
1899060 115
1899070 115
1899080 115
1899090 115
1899100 115
1899110 115
1899120 115
1899130 115
1899140 115
1899150 115
1899160 115
1899170 115
1899180 115
1899190 115
1899200 115
1899210 115
1899220 115
1899230 115
1899240 115
1899250 115
1899260 115
1899270 115
1899280 115
1899290 115
1899300 115
1899310 115
1899320 115
1899330 115
1899340 115
1899350 115
1899360 115
1899370 115
1899380 115
1899390 115
1899400 115
1899410 115
1899420 115
1899430 115
1899440 115
1899450 115
1899460 115
1899470 115
1899480 115
1899490 115
1899500 115
1899510 115
1899520 115
1899530 115
1899540 115
1899550 115
1899560 115
1899570 115
1899580 115
1899590 115
1899600 115
1899610 115
1899620 115
1899630 115
1899640 115
1899650 115
1899660 115
1899670 115
1899680 115
1899690 115
1899700 115
1899710 115
1899720 115
1899730 115
1899740 115
1899750 115
1899760 115
1899770 115
1899780 115
1899790 115
1899800 115
1899810 115
1899820 115
1899830 115
1899840 115
1899850 115
1899860 115
1899870 115
1899880 115
1899890 115
1899900 115
1899910 115
1899920 115
1899930 115
1899940 115
1899950 115
1899960 115
1899970 115
1899980 115
1899990 115
