1880000 120
1880010 120
1880020 120
1880030 120
1880040 120
1880050 120
1880060 120
1880070 120
1880080 120
1880090 120
1880100 120
1880110 121
1880120 121
1880130 121
1880140 120
1880150 120
1880160 120
1880170 120
1880180 120
1880190 120
1880200 120
1880210 120
1880220 120
1880230 120
1880240 120
1880250 120
1880260 120
1880270 120
1880280 120
1880290 120
1880300 120
1880310 120
1880320 120
1880330 120
1880340 120
1880350 120
1880360 120
1880370 120
1880380 120
1880390 120
1880400 120
1880410 120
1880420 120
1880430 120
1880440 120
1880450 120
1880460 120
1880470 120
1880480 120
1880490 119
1880500 119
1880510 119
1880520 121
1880530 121
1880540 122
1880550 122
1880560 122
1880570 122
1880580 121
1880590 121
1880600 121
1880610 122
1880620 122
1880630 121
1880640 121
1880650 121
1880660 121
1880670 121
1880680 121
1880690 121
1880700 121
1880710 121
1880720 121
1880730 122
1880740 122
1880750 122
1880760 121
1880770 121
1880780 121
1880790 121
1880800 121
1880810 121
1880820 121
1880830 121
1880840 121
1880850 121
1880860 121
1880870 121
1880880 121
1880890 121
1880900 121
1880910 121
1880920 121
1880930 121
1880940 121
1880950 121
1880960 121
1880970 121
1880980 121
1880990 121
1881000 121
1881010 121
1881020 121
1881030 122
1881040 122
1881050 122
1881060 122
1881070 122
1881080 122
1881090 121
1881100 122
1881110 122
1881120 122
1881130 122
1881140 122
1881150 122
1881160 122
1881170 122
1881180 122
1881190 122
1881200 122
1881210 122
1881220 122
1881230 122
1881240 122
1881250 122
1881260 122
1881270 122
1881280 122
1881290 122
1881300 122
1881310 122
1881320 122
1881330 122
1881340 122
1881350 122
1881360 122
1881370 122
1881380 122
1881390 122
1881400 122
1881410 122
1881420 122
1881430 122
1881440 122
1881450 122
1881460 122
1881470 122
1881480 122
1881490 122
1881500 122
1881510 122
1881520 122
1881530 122
1881540 122
1881550 122
1881560 122
1881570 122
1881580 122
1881590 122
1881600 122
1881610 122
1881620 122
1881630 122
1881640 122
1881650 121
1881660 121
1881670 121
1881680 122
1881690 122
1881700 122
1881710 122
1881720 122
1881730 122
1881740 122
1881750 122
1881760 122
1881770 122
1881780 122
1881790 122
1881800 122
1881810 122
1881820 122
1881830 122
1881840 122
1881850 122
1881860 122
1881870 122
1881880 122
1881890 122
1881900 122
1881910 122
1881920 122
1881930 122
1881940 122
1881950 122
1881960 122
1881970 122
1881980 121
1881990 121
1882000 122
1882010 122
1882020 122
1882030 122
1882040 122
1882050 122
1882060 122
1882070 122
1882080 122
1882090 122
1882100 122
1882110 122
1882120 122
1882130 122
1882140 122
1882150 122
1882160 122
1882170 122
1882180 122
1882190 122
1882200 122
1882210 122
1882220 122
1882230 122
1882240 122
1882250 122
1882260 122
1882270 122
1882280 122
1882290 122
1882300 122
1882310 122
1882320 122
1882330 122
1882340 122
1882350 122
1882360 122
1882370 122
1882380 122
1882390 122
1882400 122
1882410 122
1882420 122
1882430 122
1882440 122
1882450 122
1882460 122
1882470 122
1882480 122
1882490 122
1882500 122
1882510 122
1882520 122
1882530 122
1882540 122
1882550 122
1882560 122
1882570 122
1882580 122
1882590 122
1882600 122
1882610 122
1882620 122
1882630 122
1882640 122
1882650 122
1882660 122
1882670 122
1882680 122
1882690 122
1882700 122
1882710 122
1882720 122
1882730 122
1882740 121
1882750 121
1882760 121
1882770 121
1882780 121
1882790 121
1882800 121
1882810 121
1882820 121
1882830 121
1882840 121
1882850 121
1882860 121
1882870 121
1882880 121
1882890 121
1882900 121
1882910 121
1882920 121
1882930 121
1882940 121
1882950 120
1882960 120
1882970 120
1882980 120
1882990 120
1883000 120
1883010 120
1883020 120
1883030 120
1883040 120
1883050 121
1883060 121
1883070 120
1883080 120
1883090 120
1883100 120
1883110 120
1883120 120
1883130 120
1883140 120
1883150 120
1883160 120
1883170 120
1883180 120
1883190 120
1883200 121
1883210 121
1883220 121
1883230 121
1883240 121
1883250 121
1883260 121
1883270 121
1883280 121
1883290 121
1883300 121
1883310 121
1883320 121
1883330 121
1883340 121
1883350 120
1883360 120
1883370 120
1883380 120
1883390 120
1883400 120
1883410 120
1883420 120
1883430 120
1883440 120
1883450 120
1883460 120
1883470 120
1883480 120
1883490 120
1883500 120
1883510 120
1883520 120
1883530 120
1883540 120
1883550 120
1883560 120
1883570 120
1883580 120
1883590 120
1883600 120
1883610 120
1883620 120
1883630 120
1883640 120
1883650 120
1883660 120
1883670 120
1883680 120
1883690 120
1883700 120
1883710 120
1883720 120
1883730 120
1883740 120
1883750 120
1883760 120
1883770 120
1883780 120
1883790 120
1883800 120
1883810 119
1883820 119
1883830 120
1883840 119
1883850 120
1883860 120
1883870 120
1883880 120
1883890 120
1883900 120
1883910 120
1883920 120
1883930 120
1883940 120
1883950 120
1883960 120
1883970 120
1883980 120
1883990 120
1884000 120
1884010 120
1884020 120
1884030 120
1884040 120
1884050 120
1884060 120
1884070 120
1884080 120
1884090 120
1884100 120
1884110 120
1884120 120
1884130 120
1884140 120
1884150 120
1884160 120
1884170 120
1884180 120
1884190 120
1884200 120
1884210 120
1884220 120
1884230 120
1884240 120
1884250 120
1884260 120
1884270 120
1884280 120
1884290 120
1884300 120
1884310 119
1884320 119
1884330 119
1884340 119
1884350 120
1884360 120
1884370 120
1884380 120
1884390 120
1884400 120
1884410 120
1884420 120
1884430 121
1884440 121
1884450 121
1884460 121
1884470 121
1884480 121
1884490 120
1884500 120
1884510 119
1884520 120
1884530 120
1884540 119
1884550 119
1884560 119
1884570 119
1884580 119
1884590 119
1884600 119
1884610 119
1884620 119
1884630 120
1884640 120
1884650 120
1884660 120
1884670 120
1884680 120
1884690 120
1884700 120
1884710 120
1884720 120
1884730 120
1884740 120
1884750 120
1884760 120
1884770 120
1884780 120
1884790 121
1884800 121
1884810 120
1884820 120
1884830 120
1884840 120
1884850 120
1884860 120
1884870 120
1884880 120
1884890 120
1884900 120
1884910 120
1884920 120
1884930 120
1884940 120
1884950 120
1884960 120
1884970 120
1884980 120
1884990 120
1885000 120
1885010 120
1885020 120
1885030 119
1885040 119
1885050 119
1885060 119
1885070 119
1885080 119
1885090 120
1885100 119
1885110 119
1885120 119
1885130 119
1885140 119
1885150 119
1885160 119
1885170 119
1885180 119
1885190 119
1885200 119
1885210 119
1885220 119
1885230 119
1885240 119
1885250 119
1885260 119
1885270 119
1885280 119
1885290 119
1885300 119
1885310 119
1885320 119
1885330 120
1885340 120
1885350 120
1885360 120
1885370 120
1885380 120
1885390 121
1885400 120
1885410 120
1885420 120
1885430 120
1885440 120
1885450 120
1885460 120
1885470 120
1885480 120
1885490 120
1885500 120
1885510 120
1885520 121
1885530 121
1885540 120
1885550 121
1885560 121
1885570 121
1885580 121
1885590 121
1885600 121
1885610 121
1885620 121
1885630 121
1885640 121
1885650 121
1885660 121
1885670 121
1885680 121
1885690 121
1885700 121
1885710 121
1885720 121
1885730 121
1885740 121
1885750 121
1885760 121
1885770 121
1885780 121
1885790 121
1885800 121
1885810 121
1885820 121
1885830 121
1885840 121
1885850 121
1885860 121
1885870 121
1885880 121
1885890 121
1885900 121
1885910 122
1885920 122
1885930 122
1885940 122
1885950 122
1885960 122
1885970 122
1885980 122
1885990 122
1886000 122
1886010 122
1886020 122
1886030 122
1886040 122
1886050 122
1886060 122
1886070 122
1886080 122
1886090 121
1886100 122
1886110 122
1886120 122
1886130 122
1886140 122
1886150 122
1886160 122
1886170 122
1886180 122
1886190 122
1886200 122
1886210 122
1886220 122
1886230 122
1886240 122
1886250 122
1886260 122
1886270 122
1886280 122
1886290 122
1886300 122
1886310 122
1886320 122
1886330 122
1886340 122
1886350 122
1886360 122
1886370 122
1886380 123
1886390 123
1886400 123
1886410 123
1886420 123
1886430 123
1886440 123
1886450 123
1886460 123
1886470 123
1886480 123
1886490 123
1886500 122
1886510 122
1886520 122
1886530 123
1886540 123
1886550 123
1886560 123
1886570 123
1886580 121
1886590 120
1886600 120
1886610 120
1886620 120
1886630 120
1886640 120
1886650 119
1886660 119
1886670 119
1886680 121
1886690 121
1886700 122
1886710 122
1886720 122
1886730 121
1886740 121
1886750 121
1886760 121
1886770 121
1886780 121
1886790 121
1886800 121
1886810 121
1886820 121
1886830 121
1886840 121
1886850 121
1886860 121
1886870 120
1886880 120
1886890 120
1886900 120
1886910 120
1886920 120
1886930 120
1886940 120
1886950 120
1886960 120
1886970 120
1886980 120
1886990 120
1887000 120
1887010 120
1887020 120
1887030 120
1887040 120
1887050 120
1887060 120
1887070 120
1887080 120
1887090 120
1887100 120
1887110 120
1887120 120
1887130 120
1887140 120
1887150 120
1887160 120
1887170 120
1887180 120
1887190 120
1887200 120
1887210 120
1887220 120
1887230 120
1887240 120
1887250 120
1887260 120
1887270 120
1887280 120
1887290 119
1887300 119
1887310 119
1887320 119
1887330 119
1887340 119
1887350 119
1887360 119
1887370 120
1887380 120
1887390 120
1887400 120
1887410 120
1887420 120
1887430 120
1887440 120
1887450 120
1887460 120
1887470 121
1887480 121
1887490 121
1887500 121
1887510 121
1887520 121
1887530 121
1887540 121
1887550 121
1887560 121
1887570 121
1887580 121
1887590 121
1887600 121
1887610 121
1887620 121
1887630 121
1887640 121
1887650 121
1887660 121
1887670 121
1887680 121
1887690 121
1887700 121
1887710 121
1887720 121
1887730 121
1887740 121
1887750 121
1887760 121
1887770 121
1887780 121
1887790 121
1887800 121
1887810 121
1887820 121
1887830 121
1887840 121
1887850 121
1887860 121
1887870 121
1887880 121
1887890 121
1887900 121
1887910 121
1887920 121
1887930 121
1887940 121
1887950 121
1887960 121
1887970 121
1887980 121
1887990 121
1888000 121
1888010 121
1888020 121
1888030 121
1888040 121
1888050 121
1888060 121
1888070 121
1888080 121
1888090 121
1888100 121
1888110 121
1888120 121
1888130 121
1888140 121
1888150 121
1888160 121
1888170 121
1888180 121
1888190 121
1888200 121
1888210 121
1888220 121
1888230 121
1888240 121
1888250 121
1888260 121
1888270 121
1888280 121
1888290 121
1888300 121
1888310 121
1888320 121
1888330 121
1888340 121
1888350 121
1888360 121
1888370 121
1888380 121
1888390 121
1888400 121
1888410 121
1888420 121
1888430 121
1888440 121
1888450 121
1888460 121
1888470 121
1888480 121
1888490 121
1888500 121
1888510 121
1888520 121
1888530 121
1888540 121
1888550 121
1888560 121
1888570 121
1888580 121
1888590 121
1888600 120
1888610 120
1888620 120
1888630 120
1888640 120
1888650 120
1888660 120
1888670 120
1888680 120
1888690 120
1888700 120
1888710 120
1888720 120
1888730 120
1888740 120
1888750 120
1888760 120
1888770 120
1888780 120
1888790 120
1888800 120
1888810 120
1888820 120
1888830 120
1888840 119
1888850 119
1888860 119
1888870 119
1888880 119
1888890 119
1888900 119
1888910 119
1888920 119
1888930 119
1888940 119
1888950 119
1888960 119
1888970 119
1888980 119
1888990 119
1889000 119
1889010 119
1889020 119
1889030 119
1889040 119
1889050 119
1889060 119
1889070 119
1889080 119
1889090 119
1889100 119
1889110 119
1889120 120
1889130 120
1889140 120
1889150 120
1889160 120
1889170 119
1889180 119
1889190 119
1889200 119
1889210 119
1889220 119
1889230 119
1889240 119
1889250 119
1889260 119
1889270 119
1889280 119
1889290 119
1889300 119
1889310 119
1889320 119
1889330 119
1889340 119
1889350 119
1889360 119
1889370 119
1889380 119
1889390 119
1889400 119
1889410 119
1889420 120
1889430 119
1889440 119
1889450 119
1889460 120
1889470 120
1889480 120
1889490 120
1889500 120
1889510 120
1889520 120
1889530 120
1889540 120
1889550 120
1889560 120
1889570 120
1889580 120
1889590 120
1889600 120
1889610 120
1889620 120
1889630 120
1889640 120
1889650 120
1889660 120
1889670 120
1889680 120
1889690 120
1889700 120
1889710 120
1889720 120
1889730 119
1889740 120
1889750 119
1889760 119
1889770 119
1889780 119
1889790 119
1889800 119
1889810 119
1889820 119
1889830 119
1889840 119
1889850 119
1889860 119
1889870 119
1889880 119
1889890 119
1889900 119
1889910 119
1889920 119
1889930 119
1889940 119
1889950 119
1889960 119
1889970 119
1889980 119
1889990 119
1890000 119
1890010 119
1890020 119
1890030 119
1890040 119
1890050 119
1890060 119
1890070 119
1890080 119
1890090 119
1890100 119
1890110 119
1890120 119
1890130 119
1890140 119
1890150 119
1890160 119
1890170 119
1890180 119
1890190 119
1890200 119
1890210 119
1890220 119
1890230 119
1890240 119
1890250 119
1890260 119
1890270 119
1890280 119
1890290 119
1890300 118
1890310 118
1890320 118
1890330 119
1890340 119
1890350 119
1890360 118
1890370 118
1890380 119
1890390 118
1890400 118
1890410 118
1890420 118
1890430 118
1890440 118
1890450 118
1890460 118
1890470 118
1890480 118
1890490 118
1890500 118
1890510 118
1890520 118
1890530 118
1890540 118
1890550 118
1890560 118
1890570 118
1890580 118
1890590 118
1890600 118
1890610 118
1890620 118
1890630 118
1890640 118
1890650 118
1890660 118
1890670 118
1890680 118
1890690 118
1890700 118
1890710 118
1890720 118
1890730 118
1890740 118
1890750 118
1890760 118
1890770 118
1890780 118
1890790 118
1890800 118
1890810 118
1890820 118
1890830 118
1890840 118
1890850 118
1890860 118
1890870 118
1890880 118
1890890 118
1890900 118
1890910 118
1890920 118
1890930 118
1890940 118
1890950 118
1890960 118
1890970 118
1890980 118
1890990 118
1891000 118
1891010 119
1891020 118
1891030 118
1891040 118
1891050 119
1891060 119
1891070 119
1891080 119
1891090 119
1891100 119
1891110 119
1891120 119
1891130 119
1891140 119
1891150 119
1891160 120
1891170 120
1891180 120
1891190 120
1891200 120
1891210 120
1891220 119
1891230 120
1891240 120
1891250 120
1891260 120
1891270 120
1891280 120
1891290 120
1891300 120
1891310 120
1891320 120
1891330 120
1891340 120
1891350 120
1891360 120
1891370 120
1891380 120
1891390 120
1891400 120
1891410 120
1891420 120
1891430 120
1891440 120
1891450 120
1891460 120
1891470 120
1891480 120
1891490 120
1891500 120
1891510 120
1891520 120
1891530 120
1891540 120
1891550 120
1891560 120
1891570 120
1891580 121
1891590 121
1891600 121
1891610 121
1891620 121
1891630 121
1891640 121
1891650 121
1891660 121
1891670 121
1891680 121
1891690 121
1891700 121
1891710 121
1891720 121
1891730 121
1891740 121
1891750 121
1891760 121
1891770 121
1891780 121
1891790 121
1891800 121
1891810 121
1891820 121
1891830 121
1891840 121
1891850 121
1891860 121
1891870 121
1891880 121
1891890 121
1891900 121
1891910 121
1891920 121
1891930 121
1891940 121
1891950 121
1891960 121
1891970 121
1891980 121
1891990 121
1892000 121
1892010 121
1892020 121
1892030 121
1892040 121
1892050 121
1892060 121
1892070 121
1892080 121
1892090 121
1892100 121
1892110 121
1892120 121
1892130 121
1892140 121
1892150 121
1892160 121
1892170 121
1892180 121
1892190 121
1892200 121
1892210 121
1892220 121
1892230 121
1892240 121
1892250 121
1892260 120
1892270 120
1892280 120
1892290 120
1892300 120
1892310 120
1892320 120
1892330 120
1892340 120
1892350 120
1892360 120
1892370 120
1892380 120
1892390 120
1892400 120
1892410 120
1892420 120
1892430 120
1892440 120
1892450 120
1892460 120
1892470 120
1892480 120
1892490 120
1892500 120
1892510 120
1892520 120
1892530 120
1892540 120
1892550 120
1892560 120
1892570 120
1892580 120
1892590 120
1892600 120
1892610 120
1892620 120
1892630 120
1892640 120
1892650 120
1892660 120
1892670 120
1892680 120
1892690 120
1892700 120
1892710 120
1892720 119
1892730 119
1892740 119
1892750 119
1892760 119
1892770 119
1892780 119
1892790 119
1892800 119
1892810 119
1892820 119
1892830 119
1892840 119
1892850 119
1892860 119
1892870 119
1892880 119
1892890 119
1892900 119
1892910 119
1892920 119
1892930 119
1892940 119
1892950 119
1892960 119
1892970 119
1892980 119
1892990 119
1893000 119
1893010 119
1893020 119
1893030 119
1893040 119
1893050 119
1893060 119
1893070 119
1893080 119
1893090 119
1893100 119
1893110 120
1893120 120
1893130 120
1893140 120
1893150 119
1893160 119
1893170 119
1893180 119
1893190 119
1893200 119
1893210 119
1893220 119
1893230 119
1893240 119
1893250 119
1893260 119
1893270 119
1893280 119
1893290 119
1893300 119
1893310 119
1893320 119
1893330 119
1893340 119
1893350 119
1893360 119
1893370 119
1893380 119
1893390 119
1893400 119
1893410 119
1893420 119
1893430 119
1893440 119
1893450 119
1893460 119
1893470 119
1893480 119
1893490 119
1893500 119
1893510 119
1893520 119
1893530 119
1893540 119
1893550 119
1893560 119
1893570 119
1893580 119
1893590 119
1893600 119
1893610 119
1893620 119
1893630 119
1893640 119
1893650 119
1893660 119
1893670 119
1893680 119
1893690 119
1893700 119
1893710 119
1893720 119
1893730 119
1893740 119
1893750 120
1893760 120
1893770 120
1893780 119
1893790 119
1893800 119
1893810 119
1893820 119
1893830 119
1893840 119
1893850 119
1893860 119
1893870 119
1893880 119
1893890 119
1893900 119
1893910 119
1893920 119
1893930 119
1893940 119
1893950 119
1893960 119
1893970 119
1893980 119
1893990 119
1894000 119
1894010 119
1894020 119
1894030 119
1894040 119
1894050 119
1894060 119
1894070 119
1894080 119
1894090 119
1894100 119
1894110 119
1894120 119
1894130 119
1894140 119
1894150 119
1894160 119
1894170 119
1894180 119
1894190 119
1894200 119
1894210 119
1894220 119
1894230 119
1894240 119
1894250 119
1894260 119
1894270 119
1894280 119
1894290 119
1894300 118
1894310 118
1894320 118
1894330 118
1894340 118
1894350 118
1894360 118
1894370 118
1894380 118
1894390 118
1894400 118
1894410 118
1894420 118
1894430 118
1894440 118
1894450 118
1894460 118
1894470 118
1894480 118
1894490 118
1894500 118
1894510 118
1894520 118
1894530 118
1894540 117
1894550 117
1894560 117
1894570 117
1894580 117
1894590 117
1894600 117
1894610 117
1894620 117
1894630 117
1894640 117
1894650 117
1894660 117
1894670 117
1894680 117
1894690 117
1894700 117
1894710 117
1894720 117
1894730 117
1894740 117
1894750 117
1894760 117
1894770 117
1894780 117
1894790 117
1894800 117
1894810 117
1894820 117
1894830 117
1894840 117
1894850 117
1894860 117
1894870 117
1894880 117
1894890 117
1894900 117
1894910 117
1894920 117
1894930 117
1894940 117
1894950 117
1894960 117
1894970 117
1894980 117
1894990 117
1895000 117
1895010 117
1895020 117
1895030 117
1895040 117
1895050 117
1895060 117
1895070 117
1895080 117
1895090 117
1895100 117
1895110 117
1895120 117
1895130 117
1895140 117
1895150 117
1895160 117
1895170 117
1895180 117
1895190 118
1895200 117
1895210 117
1895220 118
1895230 117
1895240 117
1895250 117
1895260 117
1895270 117
1895280 117
1895290 117
1895300 117
1895310 117
1895320 117
1895330 117
1895340 118
1895350 118
1895360 118
1895370 118
1895380 118
1895390 118
1895400 118
1895410 118
1895420 118
1895430 118
1895440 118
1895450 118
1895460 118
1895470 118
1895480 118
1895490 118
1895500 118
1895510 118
1895520 118
1895530 118
1895540 118
1895550 118
1895560 118
1895570 118
1895580 119
1895590 119
1895600 119
1895610 118
1895620 118
1895630 118
1895640 118
1895650 118
1895660 118
1895670 118
1895680 118
1895690 118
1895700 118
1895710 118
1895720 118
1895730 118
1895740 118
1895750 118
1895760 118
1895770 118
1895780 118
1895790 118
1895800 118
1895810 118
1895820 118
1895830 118
1895840 118
1895850 118
1895860 119
1895870 119
1895880 119
1895890 119
1895900 119
1895910 119
1895920 119
1895930 118
1895940 118
1895950 118
1895960 118
1895970 118
1895980 118
1895990 118
1896000 118
1896010 118
1896020 118
1896030 118
1896040 118
1896050 118
1896060 118
1896070 118
1896080 118
1896090 118
1896100 118
1896110 118
1896120 118
1896130 118
1896140 117
1896150 117
1896160 117
1896170 117
1896180 117
1896190 117
1896200 118
1896210 118
1896220 118
1896230 118
1896240 118
1896250 118
1896260 118
1896270 118
1896280 118
1896290 118
1896300 118
1896310 118
1896320 118
1896330 118
1896340 118
1896350 118
1896360 118
1896370 118
1896380 118
1896390 118
1896400 118
1896410 118
1896420 118
1896430 118
1896440 118
1896450 118
1896460 118
1896470 118
1896480 118
1896490 118
1896500 118
1896510 118
1896520 118
1896530 118
1896540 118
1896550 118
1896560 118
1896570 118
1896580 118
1896590 118
1896600 118
1896610 118
1896620 118
1896630 118
1896640 118
1896650 118
1896660 118
1896670 118
1896680 118
1896690 118
1896700 118
1896710 118
1896720 118
1896730 118
1896740 118
1896750 118
1896760 118
1896770 118
1896780 118
1896790 118
1896800 118
1896810 118
1896820 118
1896830 118
1896840 118
1896850 118
1896860 118
1896870 118
1896880 118
1896890 118
1896900 118
1896910 118
1896920 118
1896930 118
1896940 118
1896950 118
1896960 118
1896970 118
1896980 118
1896990 118
1897000 118
1897010 118
1897020 117
1897030 117
1897040 117
1897050 117
1897060 117
1897070 117
1897080 117
1897090 118
1897100 118
1897110 118
1897120 118
1897130 118
1897140 118
1897150 117
1897160 117
1897170 117
1897180 117
1897190 117
1897200 117
1897210 117
1897220 117
1897230 117
1897240 117
1897250 117
1897260 117
1897270 117
1897280 117
1897290 117
1897300 117
1897310 117
1897320 117
1897330 117
1897340 117
1897350 117
1897360 117
1897370 117
1897380 117
1897390 117
1897400 117
1897410 117
1897420 117
1897430 117
1897440 117
1897450 117
1897460 117
1897470 117
1897480 117
1897490 117
1897500 117
1897510 117
1897520 117
1897530 117
1897540 117
1897550 117
1897560 117
1897570 117
1897580 117
1897590 116
1897600 116
1897610 116
1897620 116
1897630 116
1897640 116
1897650 116
1897660 116
1897670 116
1897680 116
1897690 116
1897700 116
1897710 116
1897720 116
1897730 116
1897740 116
1897750 116
1897760 116
1897770 116
1897780 116
1897790 116
1897800 116
1897810 116
1897820 116
1897830 116
1897840 116
1897850 117
1897860 117
1897870 117
1897880 117
1897890 117
1897900 117
1897910 117
1897920 117
1897930 117
1897940 117
1897950 117
1897960 117
1897970 117
1897980 117
1897990 117
1898000 117
1898010 117
1898020 117
1898030 117
1898040 117
1898050 117
1898060 117
1898070 117
1898080 117
1898090 117
1898100 117
1898110 117
1898120 117
1898130 117
1898140 117
1898150 117
1898160 117
1898170 117
1898180 117
1898190 117
1898200 117
1898210 117
1898220 117
1898230 117
1898240 117
1898250 117
1898260 117
1898270 117
1898280 116
1898290 116
1898300 116
1898310 116
1898320 116
1898330 116
1898340 116
1898350 116
1898360 116
1898370 116
1898380 116
1898390 116
1898400 116
1898410 116
1898420 116
1898430 116
1898440 116
1898450 116
1898460 117
1898470 117
1898480 117
1898490 117
1898500 117
1898510 117
1898520 117
1898530 117
1898540 117
1898550 117
1898560 117
1898570 117
1898580 117
1898590 117
1898600 117
1898610 117
1898620 117
1898630 117
1898640 117
1898650 117
1898660 117
1898670 117
1898680 117
1898690 117
1898700 117
1898710 117
1898720 117
1898730 117
1898740 117
1898750 117
1898760 117
1898770 117
1898780 116
1898790 116
1898800 116
1898810 116
1898820 116
1898830 116
1898840 116
1898850 116
1898860 117
1898870 117
1898880 117
1898890 117
1898900 117
1898910 117
1898920 117
1898930 117
1898940 117
1898950 117
1898960 117
1898970 117
1898980 117
1898990 117
1899000 117
1899010 117
1899020 117
1899030 117
1899040 117
1899050 117
1899060 116
1899070 116
1899080 116
1899090 117
1899100 117
1899110 117
1899120 117
1899130 117
1899140 117
1899150 116
1899160 116
1899170 116
1899180 116
1899190 116
1899200 116
1899210 116
1899220 116
1899230 116
1899240 116
1899250 116
1899260 116
1899270 116
1899280 116
1899290 116
1899300 116
1899310 116
1899320 116
1899330 116
1899340 116
1899350 116
1899360 116
1899370 116
1899380 116
1899390 116
1899400 116
1899410 116
1899420 116
1899430 116
1899440 116
1899450 116
1899460 116
1899470 116
1899480 116
1899490 116
1899500 117
1899510 117
1899520 117
1899530 117
1899540 117
1899550 117
1899560 117
1899570 117
1899580 117
1899590 117
1899600 117
1899610 117
1899620 117
1899630 117
1899640 117
1899650 117
1899660 117
1899670 117
1899680 117
1899690 117
1899700 117
1899710 117
1899720 117
1899730 117
1899740 117
1899750 117
1899760 117
1899770 117
1899780 117
1899790 117
1899800 117
1899810 117
1899820 117
1899830 117
1899840 117
1899850 117
1899860 117
1899870 117
1899880 117
1899890 117
1899900 117
1899910 117
1899920 117
1899930 117
1899940 117
1899950 117
1899960 117
1899970 117
1899980 117
1899990 117
