1880000 120
1880010 120
1880020 120
1880030 120
1880040 121
1880050 121
1880060 121
1880070 121
1880080 121
1880090 121
1880100 121
1880110 121
1880120 121
1880130 121
1880140 121
1880150 121
1880160 121
1880170 121
1880180 121
1880190 121
1880200 121
1880210 121
1880220 121
1880230 121
1880240 121
1880250 121
1880260 121
1880270 121
1880280 121
1880290 121
1880300 121
1880310 121
1880320 121
1880330 121
1880340 121
1880350 121
1880360 121
1880370 121
1880380 121
1880390 121
1880400 121
1880410 121
1880420 121
1880430 121
1880440 121
1880450 121
1880460 121
1880470 120
1880480 120
1880490 120
1880500 120
1880510 120
1880520 120
1880530 120
1880540 119
1880550 119
1880560 119
1880570 119
1880580 119
1880590 119
1880600 119
1880610 119
1880620 119
1880630 119
1880640 119
1880650 119
1880660 119
1880670 119
1880680 119
1880690 119
1880700 119
1880710 119
1880720 119
1880730 119
1880740 119
1880750 119
1880760 119
1880770 119
1880780 119
1880790 119
1880800 119
1880810 119
1880820 119
1880830 119
1880840 119
1880850 119
1880860 119
1880870 119
1880880 119
1880890 119
1880900 119
1880910 119
1880920 119
1880930 119
1880940 119
1880950 119
1880960 119
1880970 119
1880980 119
1880990 119
1881000 119
1881010 119
1881020 119
1881030 119
1881040 119
1881050 119
1881060 119
1881070 119
1881080 119
1881090 119
1881100 119
1881110 119
1881120 119
1881130 119
1881140 119
1881150 119
1881160 119
1881170 119
1881180 119
1881190 119
1881200 119
1881210 119
1881220 119
1881230 119
1881240 119
1881250 119
1881260 119
1881270 119
1881280 119
1881290 119
1881300 119
1881310 119
1881320 119
1881330 119
1881340 119
1881350 119
1881360 119
1881370 119
1881380 119
1881390 119
1881400 119
1881410 119
1881420 119
1881430 119
1881440 119
1881450 119
1881460 119
1881470 119
1881480 119
1881490 119
1881500 119
1881510 119
1881520 119
1881530 119
1881540 119
1881550 119
1881560 119
1881570 119
1881580 119
1881590 119
1881600 119
1881610 119
1881620 119
1881630 119
1881640 119
1881650 119
1881660 119
1881670 119
1881680 119
1881690 119
1881700 119
1881710 119
1881720 119
1881730 119
1881740 119
1881750 119
1881760 119
1881770 119
1881780 119
1881790 119
1881800 119
1881810 119
1881820 119
1881830 119
1881840 119
1881850 119
1881860 119
1881870 119
1881880 119
1881890 119
1881900 119
1881910 119
1881920 119
1881930 119
1881940 119
1881950 119
1881960 119
1881970 119
1881980 119
1881990 119
1882000 119
1882010 119
1882020 119
1882030 120
1882040 120
1882050 120
1882060 120
1882070 121
1882080 121
1882090 121
1882100 121
1882110 121
1882120 121
1882130 121
1882140 121
1882150 122
1882160 122
1882170 122
1882180 122
1882190 122
1882200 122
1882210 122
1882220 122
1882230 122
1882240 122
1882250 122
1882260 122
1882270 122
1882280 122
1882290 122
1882300 121
1882310 122
1882320 122
1882330 122
1882340 122
1882350 122
1882360 122
1882370 122
1882380 122
1882390 122
1882400 122
1882410 122
1882420 122
1882430 122
1882440 122
1882450 122
1882460 122
1882470 122
1882480 122
1882490 122
1882500 122
1882510 122
1882520 122
1882530 122
1882540 122
1882550 122
1882560 122
1882570 122
1882580 122
1882590 122
1882600 122
1882610 122
1882620 122
1882630 122
1882640 122
1882650 122
1882660 122
1882670 122
1882680 123
1882690 123
1882700 122
1882710 122
1882720 122
1882730 122
1882740 122
1882750 122
1882760 122
1882770 122
1882780 122
1882790 122
1882800 122
1882810 122
1882820 122
1882830 122
1882840 122
1882850 122
1882860 122
1882870 122
1882880 122
1882890 122
1882900 122
1882910 122
1882920 122
1882930 122
1882940 122
1882950 122
1882960 122
1882970 122
1882980 122
1882990 122
1883000 122
1883010 122
1883020 122
1883030 122
1883040 122
1883050 122
1883060 122
1883070 122
1883080 122
1883090 122
1883100 123
1883110 123
1883120 123
1883130 123
1883140 123
1883150 123
1883160 123
1883170 123
1883180 123
1883190 123
1883200 123
1883210 122
1883220 121
1883230 121
1883240 121
1883250 120
1883260 120
1883270 120
1883280 120
1883290 120
1883300 120
1883310 120
1883320 120
1883330 120
1883340 120
1883350 120
1883360 120
1883370 120
1883380 120
1883390 120
1883400 120
1883410 120
1883420 120
1883430 120
1883440 121
1883450 121
1883460 122
1883470 123
1883480 123
1883490 124
1883500 123
1883510 123
1883520 122
1883530 121
1883540 121
1883550 122
1883560 122
1883570 122
1883580 122
1883590 122
1883600 122
1883610 122
1883620 122
1883630 122
1883640 122
1883650 122
1883660 122
1883670 122
1883680 122
1883690 122
1883700 122
1883710 122
1883720 122
1883730 123
1883740 123
1883750 123
1883760 123
1883770 123
1883780 123
1883790 123
1883800 123
1883810 123
1883820 123
1883830 123
1883840 122
1883850 122
1883860 122
1883870 122
1883880 122
1883890 122
1883900 122
1883910 122
1883920 122
1883930 122
1883940 122
1883950 122
1883960 122
1883970 122
1883980 122
1883990 122
1884000 122
1884010 122
1884020 122
1884030 122
1884040 121
1884050 121
1884060 121
1884070 121
1884080 121
1884090 121
1884100 121
1884110 121
1884120 121
1884130 121
1884140 120
1884150 120
1884160 120
1884170 120
1884180 120
1884190 120
1884200 120
1884210 120
1884220 120
1884230 121
1884240 121
1884250 121
1884260 121
1884270 121
1884280 121
1884290 121
1884300 121
1884310 121
1884320 121
1884330 121
1884340 121
1884350 121
1884360 121
1884370 121
1884380 121
1884390 121
1884400 120
1884410 121
1884420 121
1884430 121
1884440 121
1884450 121
1884460 121
1884470 121
1884480 121
1884490 121
1884500 121
1884510 121
1884520 121
1884530 121
1884540 121
1884550 121
1884560 121
1884570 121
1884580 121
1884590 121
1884600 121
1884610 121
1884620 121
1884630 121
1884640 121
1884650 121
1884660 121
1884670 121
1884680 121
1884690 121
1884700 121
1884710 121
1884720 120
1884730 120
1884740 120
1884750 120
1884760 120
1884770 120
1884780 120
1884790 120
1884800 120
1884810 120
1884820 120
1884830 120
1884840 120
1884850 120
1884860 120
1884870 121
1884880 121
1884890 120
1884900 120
1884910 120
1884920 120
1884930 121
1884940 121
1884950 121
1884960 121
1884970 121
1884980 121
1884990 121
1885000 121
1885010 121
1885020 121
1885030 122
1885040 122
1885050 122
1885060 122
1885070 122
1885080 122
1885090 123
1885100 123
1885110 123
1885120 123
1885130 123
1885140 123
1885150 123
1885160 123
1885170 123
1885180 123
1885190 123
1885200 123
1885210 123
1885220 123
1885230 123
1885240 122
1885250 122
1885260 122
1885270 122
1885280 122
1885290 122
1885300 122
1885310 122
1885320 122
1885330 122
1885340 122
1885350 122
1885360 122
1885370 122
1885380 122
1885390 123
1885400 123
1885410 123
1885420 123
1885430 123
1885440 123
1885450 123
1885460 123
1885470 123
1885480 124
1885490 124
1885500 124
1885510 123
1885520 123
1885530 123
1885540 123
1885550 123
1885560 123
1885570 123
1885580 123
1885590 123
1885600 123
1885610 123
1885620 123
1885630 123
1885640 123
1885650 123
1885660 123
1885670 123
1885680 123
1885690 123
1885700 123
1885710 123
1885720 123
1885730 123
1885740 123
1885750 123
1885760 123
1885770 123
1885780 123
1885790 123
1885800 123
1885810 123
1885820 123
1885830 123
1885840 123
1885850 123
1885860 123
1885870 123
1885880 123
1885890 123
1885900 123
1885910 123
1885920 123
1885930 123
1885940 123
1885950 123
1885960 123
1885970 123
1885980 123
1885990 123
1886000 123
1886010 123
1886020 123
1886030 123
1886040 123
1886050 123
1886060 123
1886070 123
1886080 123
1886090 123
1886100 123
1886110 123
1886120 123
1886130 123
1886140 123
1886150 123
1886160 123
1886170 123
1886180 123
1886190 123
1886200 123
1886210 123
1886220 123
1886230 123
1886240 123
1886250 123
1886260 123
1886270 123
1886280 123
1886290 123
1886300 123
1886310 123
1886320 123
1886330 123
1886340 123
1886350 123
1886360 123
1886370 123
1886380 123
1886390 123
1886400 123
1886410 123
1886420 123
1886430 123
1886440 123
1886450 123
1886460 123
1886470 123
1886480 123
1886490 123
1886500 123
1886510 122
1886520 122
1886530 122
1886540 123
1886550 123
1886560 123
1886570 122
1886580 122
1886590 122
1886600 122
1886610 122
1886620 122
1886630 121
1886640 121
1886650 121
1886660 121
1886670 121
1886680 121
1886690 121
1886700 121
1886710 121
1886720 121
1886730 121
1886740 121
1886750 121
1886760 120
1886770 120
1886780 120
1886790 120
1886800 120
1886810 120
1886820 120
1886830 120
1886840 120
1886850 120
1886860 120
1886870 120
1886880 121
1886890 121
1886900 121
1886910 121
1886920 121
1886930 121
1886940 121
1886950 121
1886960 121
1886970 121
1886980 121
1886990 121
1887000 121
1887010 121
1887020 121
1887030 121
1887040 121
1887050 121
1887060 121
1887070 121
1887080 121
1887090 121
1887100 121
1887110 121
1887120 121
1887130 121
1887140 121
1887150 121
1887160 121
1887170 121
1887180 122
1887190 122
1887200 122
1887210 122
1887220 122
1887230 122
1887240 122
1887250 122
1887260 122
1887270 122
1887280 122
1887290 122
1887300 122
1887310 122
1887320 122
1887330 122
1887340 122
1887350 122
1887360 122
1887370 122
1887380 122
1887390 121
1887400 121
1887410 121
1887420 121
1887430 122
1887440 122
1887450 122
1887460 122
1887470 122
1887480 122
1887490 121
1887500 121
1887510 121
1887520 121
1887530 122
1887540 122
1887550 122
1887560 122
1887570 122
1887580 121
1887590 121
1887600 121
1887610 122
1887620 122
1887630 122
1887640 122
1887650 122
1887660 122
1887670 122
1887680 122
1887690 122
1887700 122
1887710 121
1887720 121
1887730 121
1887740 121
1887750 122
1887760 122
1887770 122
1887780 122
1887790 122
1887800 122
1887810 122
1887820 122
1887830 122
1887840 122
1887850 121
1887860 121
1887870 121
1887880 121
1887890 121
1887900 121
1887910 121
1887920 121
1887930 121
1887940 121
1887950 121
1887960 121
1887970 121
1887980 121
1887990 121
1888000 121
1888010 121
1888020 121
1888030 121
1888040 121
1888050 121
1888060 121
1888070 121
1888080 121
1888090 121
1888100 121
1888110 121
1888120 121
1888130 121
1888140 121
1888150 121
1888160 121
1888170 121
1888180 121
1888190 121
1888200 121
1888210 121
1888220 121
1888230 121
1888240 121
1888250 121
1888260 121
1888270 121
1888280 121
1888290 121
1888300 121
1888310 121
1888320 122
1888330 122
1888340 122
1888350 121
1888360 121
1888370 121
1888380 121
1888390 122
1888400 122
1888410 122
1888420 122
1888430 121
1888440 121
1888450 121
1888460 121
1888470 121
1888480 121
1888490 121
1888500 121
1888510 121
1888520 121
1888530 121
1888540 121
1888550 121
1888560 121
1888570 121
1888580 121
1888590 121
1888600 121
1888610 121
1888620 121
1888630 121
1888640 121
1888650 121
1888660 121
1888670 121
1888680 121
1888690 121
1888700 121
1888710 121
1888720 120
1888730 120
1888740 120
1888750 120
1888760 120
1888770 120
1888780 120
1888790 120
1888800 120
1888810 120
1888820 120
1888830 120
1888840 120
1888850 120
1888860 120
1888870 120
1888880 120
1888890 120
1888900 120
1888910 120
1888920 120
1888930 120
1888940 120
1888950 120
1888960 120
1888970 120
1888980 120
1888990 120
1889000 120
1889010 120
1889020 120
1889030 120
1889040 120
1889050 120
1889060 120
1889070 120
1889080 120
1889090 120
1889100 120
1889110 120
1889120 120
1889130 120
1889140 120
1889150 120
1889160 120
1889170 120
1889180 120
1889190 120
1889200 120
1889210 120
1889220 120
1889230 120
1889240 120
1889250 120
1889260 120
1889270 121
1889280 121
1889290 121
1889300 121
1889310 121
1889320 121
1889330 121
1889340 121
1889350 121
1889360 121
1889370 121
1889380 121
1889390 121
1889400 121
1889410 121
1889420 121
1889430 121
1889440 121
1889450 121
1889460 121
1889470 121
1889480 121
1889490 121
1889500 121
1889510 121
1889520 121
1889530 121
1889540 121
1889550 121
1889560 121
1889570 121
1889580 121
1889590 121
1889600 121
1889610 121
1889620 121
1889630 121
1889640 121
1889650 121
1889660 121
1889670 121
1889680 121
1889690 120
1889700 120
1889710 120
1889720 120
1889730 120
1889740 120
1889750 120
1889760 120
1889770 120
1889780 120
1889790 120
1889800 120
1889810 120
1889820 120
1889830 120
1889840 120
1889850 120
1889860 120
1889870 120
1889880 120
1889890 120
1889900 120
1889910 120
1889920 120
1889930 120
1889940 120
1889950 120
1889960 120
1889970 120
1889980 120
1889990 120
1890000 120
1890010 120
1890020 120
1890030 120
1890040 120
1890050 120
1890060 120
1890070 120
1890080 120
1890090 120
1890100 120
1890110 120
1890120 120
1890130 120
1890140 120
1890150 120
1890160 120
1890170 120
1890180 120
1890190 120
1890200 120
1890210 120
1890220 120
1890230 120
1890240 120
1890250 120
1890260 120
1890270 120
1890280 120
1890290 120
1890300 120
1890310 120
1890320 119
1890330 119
1890340 119
1890350 119
1890360 119
1890370 119
1890380 119
1890390 119
1890400 119
1890410 119
1890420 119
1890430 119
1890440 119
1890450 119
1890460 119
1890470 119
1890480 119
1890490 119
1890500 119
1890510 119
1890520 119
1890530 119
1890540 119
1890550 120
1890560 120
1890570 120
1890580 120
1890590 120
1890600 120
1890610 120
1890620 120
1890630 120
1890640 120
1890650 120
1890660 120
1890670 120
1890680 120
1890690 120
1890700 120
1890710 120
1890720 120
1890730 120
1890740 120
1890750 120
1890760 120
1890770 120
1890780 120
1890790 120
1890800 120
1890810 121
1890820 121
1890830 121
1890840 121
1890850 121
1890860 121
1890870 121
1890880 121
1890890 121
1890900 121
1890910 121
1890920 121
1890930 121
1890940 121
1890950 121
1890960 121
1890970 121
1890980 121
1890990 121
1891000 121
1891010 121
1891020 121
1891030 121
1891040 121
1891050 121
1891060 121
1891070 121
1891080 121
1891090 121
1891100 121
1891110 121
1891120 122
1891130 122
1891140 122
1891150 122
1891160 122
1891170 122
1891180 122
1891190 122
1891200 122
1891210 122
1891220 121
1891230 121
1891240 121
1891250 121
1891260 121
1891270 121
1891280 121
1891290 121
1891300 121
1891310 121
1891320 121
1891330 121
1891340 121
1891350 121
1891360 121
1891370 121
1891380 121
1891390 121
1891400 121
1891410 121
1891420 121
1891430 121
1891440 121
1891450 121
1891460 121
1891470 121
1891480 121
1891490 121
1891500 121
1891510 121
1891520 121
1891530 121
1891540 121
1891550 121
1891560 122
1891570 122
1891580 121
1891590 121
1891600 121
1891610 121
1891620 121
1891630 121
1891640 121
1891650 121
1891660 121
1891670 121
1891680 121
1891690 121
1891700 121
1891710 121
1891720 121
1891730 121
1891740 121
1891750 121
1891760 121
1891770 121
1891780 121
1891790 121
1891800 121
1891810 121
1891820 121
1891830 121
1891840 121
1891850 121
1891860 121
1891870 121
1891880 121
1891890 121
1891900 121
1891910 121
1891920 121
1891930 121
1891940 121
1891950 121
1891960 121
1891970 121
1891980 121
1891990 121
1892000 121
1892010 121
1892020 121
1892030 121
1892040 121
1892050 121
1892060 121
1892070 121
1892080 121
1892090 121
1892100 120
1892110 120
1892120 120
1892130 120
1892140 120
1892150 120
1892160 120
1892170 120
1892180 120
1892190 120
1892200 120
1892210 120
1892220 120
1892230 120
1892240 120
1892250 120
1892260 120
1892270 120
1892280 120
1892290 120
1892300 120
1892310 120
1892320 120
1892330 120
1892340 120
1892350 120
1892360 120
1892370 120
1892380 120
1892390 120
1892400 120
1892410 120
1892420 120
1892430 120
1892440 120
1892450 120
1892460 120
1892470 120
1892480 120
1892490 120
1892500 120
1892510 120
1892520 120
1892530 120
1892540 120
1892550 120
1892560 120
1892570 120
1892580 120
1892590 120
1892600 120
1892610 120
1892620 120
1892630 120
1892640 120
1892650 120
1892660 120
1892670 120
1892680 120
1892690 120
1892700 120
1892710 120
1892720 120
1892730 120
1892740 120
1892750 120
1892760 120
1892770 120
1892780 120
1892790 120
1892800 120
1892810 120
1892820 121
1892830 121
1892840 121
1892850 121
1892860 121
1892870 121
1892880 121
1892890 120
1892900 120
1892910 120
1892920 120
1892930 120
1892940 120
1892950 120
1892960 120
1892970 120
1892980 120
1892990 120
1893000 120
1893010 120
1893020 119
1893030 119
1893040 119
1893050 119
1893060 119
1893070 119
1893080 119
1893090 119
1893100 119
1893110 119
1893120 119
1893130 119
1893140 119
1893150 119
1893160 119
1893170 119
1893180 119
1893190 119
1893200 119
1893210 119
1893220 119
1893230 119
1893240 119
1893250 119
1893260 119
1893270 119
1893280 119
1893290 119
1893300 119
1893310 119
1893320 119
1893330 119
1893340 119
1893350 119
1893360 119
1893370 119
1893380 119
1893390 119
1893400 119
1893410 119
1893420 119
1893430 120
1893440 120
1893450 119
1893460 119
1893470 119
1893480 119
1893490 119
1893500 119
1893510 119
1893520 119
1893530 119
1893540 119
1893550 119
1893560 119
1893570 119
1893580 119
1893590 119
1893600 120
1893610 120
1893620 120
1893630 120
1893640 120
1893650 120
1893660 120
1893670 120
1893680 120
1893690 120
1893700 120
1893710 119
1893720 119
1893730 119
1893740 119
1893750 119
1893760 119
1893770 119
1893780 119
1893790 119
1893800 119
1893810 120
1893820 120
1893830 120
1893840 119
1893850 119
1893860 119
1893870 119
1893880 119
1893890 119
1893900 119
1893910 119
1893920 119
1893930 119
1893940 119
1893950 119
1893960 119
1893970 119
1893980 119
1893990 119
1894000 119
1894010 119
1894020 119
1894030 119
1894040 119
1894050 119
1894060 119
1894070 120
1894080 120
1894090 120
1894100 120
1894110 119
1894120 119
1894130 119
1894140 119
1894150 119
1894160 119
1894170 119
1894180 119
1894190 119
1894200 119
1894210 119
1894220 119
1894230 119
1894240 119
1894250 119
1894260 119
1894270 120
1894280 120
1894290 120
1894300 120
1894310 120
1894320 120
1894330 120
1894340 120
1894350 120
1894360 120
1894370 120
1894380 120
1894390 120
1894400 120
1894410 120
1894420 120
1894430 120
1894440 120
1894450 120
1894460 120
1894470 120
1894480 120
1894490 120
1894500 120
1894510 120
1894520 120
1894530 120
1894540 119
1894550 119
1894560 119
1894570 119
1894580 119
1894590 119
1894600 119
1894610 119
1894620 119
1894630 119
1894640 119
1894650 118
1894660 118
1894670 118
1894680 118
1894690 118
1894700 118
1894710 118
1894720 118
1894730 118
1894740 118
1894750 118
1894760 117
1894770 117
1894780 117
1894790 117
1894800 117
1894810 117
1894820 117
1894830 117
1894840 117
1894850 117
1894860 117
1894870 117
1894880 117
1894890 117
1894900 117
1894910 117
1894920 117
1894930 117
1894940 117
1894950 117
1894960 117
1894970 117
1894980 117
1894990 117
1895000 117
1895010 117
1895020 117
1895030 117
1895040 117
1895050 117
1895060 117
1895070 117
1895080 117
1895090 117
1895100 117
1895110 117
1895120 117
1895130 117
1895140 117
1895150 117
1895160 117
1895170 117
1895180 117
1895190 117
1895200 117
1895210 117
1895220 117
1895230 117
1895240 117
1895250 117
1895260 117
1895270 117
1895280 117
1895290 117
1895300 118
1895310 118
1895320 118
1895330 118
1895340 118
1895350 118
1895360 118
1895370 119
1895380 119
1895390 119
1895400 119
1895410 119
1895420 119
1895430 119
1895440 119
1895450 119
1895460 119
1895470 119
1895480 119
1895490 119
1895500 119
1895510 119
1895520 119
1895530 119
1895540 119
1895550 119
1895560 119
1895570 119
1895580 119
1895590 119
1895600 119
1895610 119
1895620 119
1895630 119
1895640 119
1895650 119
1895660 119
1895670 119
1895680 119
1895690 118
1895700 118
1895710 118
1895720 118
1895730 118
1895740 118
1895750 118
1895760 118
1895770 118
1895780 118
1895790 118
1895800 118
1895810 118
1895820 118
1895830 118
1895840 118
1895850 118
1895860 118
1895870 118
1895880 118
1895890 118
1895900 118
1895910 118
1895920 118
1895930 118
1895940 118
1895950 118
1895960 118
1895970 118
1895980 118
1895990 118
1896000 118
1896010 118
1896020 118
1896030 118
1896040 118
1896050 118
1896060 118
1896070 118
1896080 118
1896090 118
1896100 118
1896110 118
1896120 118
1896130 118
1896140 118
1896150 118
1896160 118
1896170 118
1896180 118
1896190 118
1896200 118
1896210 117
1896220 117
1896230 117
1896240 117
1896250 117
1896260 117
1896270 118
1896280 118
1896290 118
1896300 118
1896310 118
1896320 118
1896330 118
1896340 118
1896350 118
1896360 117
1896370 118
1896380 118
1896390 118
1896400 118
1896410 118
1896420 118
1896430 118
1896440 118
1896450 117
1896460 117
1896470 117
1896480 117
1896490 117
1896500 117
1896510 117
1896520 118
1896530 117
1896540 117
1896550 117
1896560 117
1896570 117
1896580 117
1896590 117
1896600 117
1896610 117
1896620 117
1896630 117
1896640 117
1896650 117
1896660 117
1896670 117
1896680 117
1896690 117
1896700 117
1896710 117
1896720 117
1896730 117
1896740 117
1896750 117
1896760 117
1896770 117
1896780 117
1896790 117
1896800 117
1896810 117
1896820 117
1896830 117
1896840 117
1896850 117
1896860 117
1896870 117
1896880 117
1896890 117
1896900 117
1896910 117
1896920 117
1896930 117
1896940 118
1896950 118
1896960 118
1896970 118
1896980 118
1896990 118
1897000 118
1897010 118
1897020 118
1897030 118
1897040 118
1897050 118
1897060 118
1897070 118
1897080 118
1897090 118
1897100 118
1897110 118
1897120 118
1897130 118
1897140 118
1897150 118
1897160 118
1897170 118
1897180 118
1897190 118
1897200 118
1897210 118
1897220 118
1897230 118
1897240 118
1897250 118
1897260 118
1897270 118
1897280 117
1897290 117
1897300 117
1897310 117
1897320 117
1897330 117
1897340 117
1897350 117
1897360 117
1897370 117
1897380 117
1897390 117
1897400 117
1897410 117
1897420 117
1897430 117
1897440 117
1897450 117
1897460 117
1897470 117
1897480 117
1897490 117
1897500 117
1897510 118
1897520 118
1897530 118
1897540 118
1897550 118
1897560 118
1897570 118
1897580 118
1897590 118
1897600 118
1897610 118
1897620 118
1897630 118
1897640 117
1897650 117
1897660 117
1897670 117
1897680 117
1897690 117
1897700 117
1897710 117
1897720 117
1897730 117
1897740 117
1897750 117
1897760 117
1897770 117
1897780 117
1897790 117
1897800 117
1897810 117
1897820 117
1897830 117
1897840 117
1897850 117
1897860 117
1897870 117
1897880 117
1897890 117
1897900 117
1897910 117
1897920 117
1897930 117
1897940 117
1897950 117
1897960 117
1897970 117
1897980 117
1897990 117
1898000 117
1898010 117
1898020 117
1898030 117
1898040 117
1898050 117
1898060 117
1898070 117
1898080 117
1898090 117
1898100 117
1898110 117
1898120 117
1898130 117
1898140 117
1898150 117
1898160 117
1898170 117
1898180 117
1898190 117
1898200 117
1898210 117
1898220 117
1898230 117
1898240 117
1898250 117
1898260 117
1898270 117
1898280 117
1898290 117
1898300 117
1898310 117
1898320 117
1898330 117
1898340 117
1898350 116
1898360 116
1898370 116
1898380 116
1898390 116
1898400 116
1898410 116
1898420 116
1898430 116
1898440 116
1898450 116
1898460 116
1898470 116
1898480 116
1898490 116
1898500 116
1898510 116
1898520 116
1898530 116
1898540 116
1898550 116
1898560 116
1898570 117
1898580 117
1898590 117
1898600 117
1898610 117
1898620 117
1898630 117
1898640 117
1898650 117
1898660 117
1898670 117
1898680 117
1898690 117
1898700 117
1898710 117
1898720 117
1898730 117
1898740 117
1898750 117
1898760 117
1898770 117
1898780 117
1898790 117
1898800 117
1898810 117
1898820 117
1898830 117
1898840 117
1898850 117
1898860 117
1898870 117
1898880 117
1898890 117
1898900 117
1898910 117
1898920 117
1898930 117
1898940 117
1898950 117
1898960 117
1898970 117
1898980 117
1898990 117
1899000 117
1899010 117
1899020 116
1899030 117
1899040 117
1899050 117
1899060 117
1899070 117
1899080 117
1899090 117
1899100 117
1899110 117
1899120 117
1899130 117
1899140 117
1899150 117
1899160 117
1899170 117
1899180 117
1899190 117
1899200 117
1899210 117
1899220 117
1899230 117
1899240 117
1899250 117
1899260 117
1899270 117
1899280 117
1899290 117
1899300 117
1899310 117
1899320 117
1899330 117
1899340 117
1899350 117
1899360 117
1899370 117
1899380 117
1899390 117
1899400 117
1899410 117
1899420 117
1899430 117
1899440 117
1899450 117
1899460 117
1899470 117
1899480 117
1899490 117
1899500 117
1899510 117
1899520 117
1899530 117
1899540 117
1899550 117
1899560 117
1899570 117
1899580 117
1899590 117
1899600 117
1899610 117
1899620 117
1899630 117
1899640 117
1899650 117
1899660 117
1899670 117
1899680 117
1899690 117
1899700 117
1899710 117
1899720 117
1899730 117
1899740 117
1899750 117
1899760 117
1899770 117
1899780 117
1899790 117
1899800 117
1899810 117
1899820 117
1899830 117
1899840 117
1899850 117
1899860 117
1899870 117
1899880 117
1899890 117
1899900 117
1899910 117
1899920 117
1899930 117
1899940 117
1899950 117
1899960 117
1899970 117
1899980 117
1899990 117
