1880000 123
1880010 123
1880020 123
1880030 123
1880040 123
1880050 123
1880060 123
1880070 123
1880080 122
1880090 122
1880100 122
1880110 122
1880120 122
1880130 122
1880140 122
1880150 122
1880160 122
1880170 122
1880180 122
1880190 122
1880200 122
1880210 122
1880220 122
1880230 122
1880240 122
1880250 122
1880260 122
1880270 122
1880280 122
1880290 122
1880300 122
1880310 122
1880320 122
1880330 122
1880340 122
1880350 122
1880360 122
1880370 122
1880380 122
1880390 122
1880400 122
1880410 122
1880420 122
1880430 122
1880440 122
1880450 122
1880460 122
1880470 122
1880480 122
1880490 122
1880500 122
1880510 122
1880520 122
1880530 123
1880540 123
1880550 123
1880560 123
1880570 123
1880580 123
1880590 123
1880600 123
1880610 123
1880620 123
1880630 123
1880640 123
1880650 123
1880660 123
1880670 123
1880680 123
1880690 123
1880700 123
1880710 122
1880720 122
1880730 122
1880740 122
1880750 122
1880760 122
1880770 122
1880780 122
1880790 122
1880800 122
1880810 122
1880820 122
1880830 122
1880840 122
1880850 122
1880860 122
1880870 122
1880880 122
1880890 122
1880900 122
1880910 122
1880920 122
1880930 123
1880940 122
1880950 122
1880960 122
1880970 122
1880980 122
1880990 122
1881000 122
1881010 122
1881020 122
1881030 122
1881040 122
1881050 122
1881060 122
1881070 122
1881080 122
1881090 122
1881100 122
1881110 122
1881120 122
1881130 122
1881140 122
1881150 122
1881160 122
1881170 122
1881180 122
1881190 122
1881200 122
1881210 122
1881220 122
1881230 122
1881240 122
1881250 122
1881260 122
1881270 122
1881280 122
1881290 122
1881300 122
1881310 122
1881320 122
1881330 122
1881340 122
1881350 122
1881360 122
1881370 122
1881380 122
1881390 122
1881400 122
1881410 122
1881420 122
1881430 122
1881440 122
1881450 122
1881460 122
1881470 122
1881480 122
1881490 122
1881500 122
1881510 123
1881520 123
1881530 123
1881540 123
1881550 123
1881560 123
1881570 122
1881580 122
1881590 122
1881600 123
1881610 123
1881620 123
1881630 122
1881640 123
1881650 123
1881660 123
1881670 123
1881680 123
1881690 122
1881700 123
1881710 123
1881720 123
1881730 123
1881740 123
1881750 123
1881760 123
1881770 123
1881780 123
1881790 122
1881800 122
1881810 122
1881820 122
1881830 122
1881840 122
1881850 122
1881860 122
1881870 122
1881880 122
1881890 122
1881900 122
1881910 122
1881920 122
1881930 122
1881940 122
1881950 122
1881960 122
1881970 122
1881980 122
1881990 122
1882000 122
1882010 122
1882020 122
1882030 122
1882040 122
1882050 122
1882060 122
1882070 122
1882080 122
1882090 122
1882100 122
1882110 121
1882120 121
1882130 121
1882140 121
1882150 121
1882160 121
1882170 121
1882180 121
1882190 121
1882200 121
1882210 121
1882220 121
1882230 121
1882240 121
1882250 121
1882260 121
1882270 121
1882280 121
1882290 121
1882300 121
1882310 121
1882320 121
1882330 121
1882340 121
1882350 121
1882360 121
1882370 120
1882380 120
1882390 120
1882400 120
1882410 120
1882420 120
1882430 120
1882440 120
1882450 120
1882460 120
1882470 120
1882480 120
1882490 120
1882500 120
1882510 120
1882520 120
1882530 120
1882540 120
1882550 120
1882560 120
1882570 120
1882580 120
1882590 120
1882600 120
1882610 120
1882620 120
1882630 120
1882640 120
1882650 120
1882660 120
1882670 120
1882680 120
1882690 120
1882700 120
1882710 120
1882720 120
1882730 120
1882740 120
1882750 120
1882760 120
1882770 120
1882780 120
1882790 120
1882800 120
1882810 120
1882820 120
1882830 120
1882840 120
1882850 120
1882860 120
1882870 120
1882880 120
1882890 120
1882900 120
1882910 120
1882920 121
1882930 121
1882940 121
1882950 121
1882960 121
1882970 121
1882980 121
1882990 121
1883000 121
1883010 121
1883020 121
1883030 121
1883040 121
1883050 121
1883060 121
1883070 121
1883080 121
1883090 121
1883100 121
1883110 121
1883120 122
1883130 122
1883140 122
1883150 122
1883160 122
1883170 122
1883180 121
1883190 121
1883200 121
1883210 121
1883220 121
1883230 121
1883240 121
1883250 121
1883260 121
1883270 121
1883280 121
1883290 121
1883300 121
1883310 121
1883320 121
1883330 120
1883340 120
1883350 120
1883360 119
1883370 119
1883380 119
1883390 119
1883400 119
1883410 119
1883420 119
1883430 119
1883440 119
1883450 119
1883460 119
1883470 119
1883480 119
1883490 119
1883500 119
1883510 119
1883520 119
1883530 119
1883540 119
1883550 119
1883560 119
1883570 119
1883580 119
1883590 119
1883600 119
1883610 119
1883620 119
1883630 119
1883640 119
1883650 119
1883660 119
1883670 119
1883680 119
1883690 119
1883700 119
1883710 119
1883720 119
1883730 120
1883740 121
1883750 121
1883760 121
1883770 121
1883780 121
1883790 121
1883800 121
1883810 121
1883820 120
1883830 120
1883840 120
1883850 120
1883860 121
1883870 121
1883880 121
1883890 121
1883900 121
1883910 121
1883920 121
1883930 121
1883940 121
1883950 121
1883960 121
1883970 121
1883980 121
1883990 121
1884000 121
1884010 120
1884020 120
1884030 120
1884040 120
1884050 120
1884060 121
1884070 121
1884080 121
1884090 121
1884100 121
1884110 121
1884120 121
1884130 121
1884140 121
1884150 121
1884160 121
1884170 121
1884180 121
1884190 121
1884200 121
1884210 121
1884220 121
1884230 121
1884240 121
1884250 121
1884260 121
1884270 121
1884280 121
1884290 121
1884300 121
1884310 121
1884320 121
1884330 121
1884340 121
1884350 121
1884360 121
1884370 121
1884380 121
1884390 121
1884400 121
1884410 121
1884420 121
1884430 121
1884440 121
1884450 121
1884460 121
1884470 121
1884480 121
1884490 121
1884500 121
1884510 121
1884520 122
1884530 122
1884540 122
1884550 122
1884560 123
1884570 123
1884580 123
1884590 123
1884600 123
1884610 123
1884620 123
1884630 123
1884640 123
1884650 123
1884660 123
1884670 123
1884680 123
1884690 123
1884700 123
1884710 123
1884720 122
1884730 122
1884740 122
1884750 122
1884760 122
1884770 122
1884780 123
1884790 123
1884800 123
1884810 123
1884820 123
1884830 123
1884840 123
1884850 123
1884860 123
1884870 123
1884880 123
1884890 123
1884900 123
1884910 123
1884920 123
1884930 123
1884940 123
1884950 123
1884960 123
1884970 123
1884980 123
1884990 123
1885000 123
1885010 123
1885020 123
1885030 123
1885040 123
1885050 123
1885060 123
1885070 123
1885080 123
1885090 123
1885100 123
1885110 123
1885120 123
1885130 123
1885140 123
1885150 123
1885160 123
1885170 123
1885180 123
1885190 123
1885200 123
1885210 123
1885220 122
1885230 122
1885240 122
1885250 122
1885260 122
1885270 122
1885280 122
1885290 122
1885300 122
1885310 122
1885320 121
1885330 121
1885340 122
1885350 122
1885360 122
1885370 122
1885380 121
1885390 121
1885400 121
1885410 121
1885420 121
1885430 121
1885440 121
1885450 122
1885460 122
1885470 122
1885480 122
1885490 122
1885500 122
1885510 122
1885520 122
1885530 122
1885540 122
1885550 122
1885560 123
1885570 123
1885580 123
1885590 123
1885600 123
1885610 123
1885620 123
1885630 123
1885640 123
1885650 123
1885660 123
1885670 123
1885680 123
1885690 123
1885700 123
1885710 123
1885720 123
1885730 123
1885740 123
1885750 123
1885760 123
1885770 123
1885780 123
1885790 123
1885800 123
1885810 123
1885820 123
1885830 123
1885840 123
1885850 123
1885860 123
1885870 123
1885880 123
1885890 123
1885900 123
1885910 123
1885920 123
1885930 123
1885940 123
1885950 123
1885960 123
1885970 123
1885980 123
1885990 123
1886000 123
1886010 123
1886020 123
1886030 123
1886040 123
1886050 123
1886060 123
1886070 123
1886080 123
1886090 123
1886100 123
1886110 123
1886120 123
1886130 123
1886140 123
1886150 123
1886160 123
1886170 123
1886180 123
1886190 123
1886200 123
1886210 123
1886220 123
1886230 122
1886240 122
1886250 122
1886260 122
1886270 122
1886280 122
1886290 122
1886300 122
1886310 122
1886320 122
1886330 122
1886340 122
1886350 122
1886360 122
1886370 122
1886380 121
1886390 121
1886400 121
1886410 121
1886420 121
1886430 121
1886440 121
1886450 121
1886460 121
1886470 121
1886480 121
1886490 121
1886500 121
1886510 121
1886520 121
1886530 121
1886540 121
1886550 121
1886560 121
1886570 121
1886580 121
1886590 121
1886600 121
1886610 121
1886620 121
1886630 121
1886640 121
1886650 121
1886660 121
1886670 121
1886680 121
1886690 121
1886700 121
1886710 121
1886720 121
1886730 121
1886740 121
1886750 121
1886760 121
1886770 121
1886780 121
1886790 121
1886800 121
1886810 121
1886820 121
1886830 121
1886840 121
1886850 121
1886860 121
1886870 121
1886880 122
1886890 122
1886900 122
1886910 122
1886920 122
1886930 122
1886940 122
1886950 122
1886960 122
1886970 122
1886980 122
1886990 122
1887000 122
1887010 122
1887020 122
1887030 122
1887040 122
1887050 123
1887060 123
1887070 123
1887080 123
1887090 123
1887100 123
1887110 123
1887120 123
1887130 123
1887140 123
1887150 123
1887160 123
1887170 123
1887180 122
1887190 122
1887200 122
1887210 122
1887220 122
1887230 122
1887240 122
1887250 122
1887260 122
1887270 121
1887280 121
1887290 121
1887300 121
1887310 121
1887320 121
1887330 121
1887340 121
1887350 121
1887360 121
1887370 121
1887380 121
1887390 121
1887400 121
1887410 121
1887420 121
1887430 121
1887440 121
1887450 121
1887460 121
1887470 121
1887480 121
1887490 121
1887500 121
1887510 121
1887520 121
1887530 121
1887540 121
1887550 121
1887560 121
1887570 121
1887580 121
1887590 121
1887600 121
1887610 121
1887620 121
1887630 121
1887640 121
1887650 121
1887660 121
1887670 121
1887680 121
1887690 121
1887700 121
1887710 121
1887720 121
1887730 121
1887740 121
1887750 121
1887760 121
1887770 121
1887780 121
1887790 121
1887800 121
1887810 121
1887820 121
1887830 121
1887840 121
1887850 121
1887860 121
1887870 121
1887880 121
1887890 121
1887900 121
1887910 121
1887920 121
1887930 121
1887940 121
1887950 121
1887960 121
1887970 121
1887980 121
1887990 121
1888000 122
1888010 122
1888020 122
1888030 122
1888040 122
1888050 122
1888060 122
1888070 122
1888080 122
1888090 122
1888100 122
1888110 122
1888120 122
1888130 122
1888140 122
1888150 121
1888160 121
1888170 121
1888180 121
1888190 121
1888200 121
1888210 121
1888220 121
1888230 121
1888240 121
1888250 121
1888260 121
1888270 121
1888280 121
1888290 121
1888300 121
1888310 121
1888320 121
1888330 121
1888340 121
1888350 121
1888360 121
1888370 121
1888380 121
1888390 121
1888400 121
1888410 121
1888420 121
1888430 121
1888440 121
1888450 121
1888460 121
1888470 121
1888480 121
1888490 121
1888500 121
1888510 121
1888520 121
1888530 121
1888540 121
1888550 121
1888560 121
1888570 121
1888580 121
1888590 120
1888600 120
1888610 120
1888620 120
1888630 120
1888640 120
1888650 120
1888660 120
1888670 120
1888680 120
1888690 120
1888700 121
1888710 121
1888720 121
1888730 121
1888740 121
1888750 121
1888760 121
1888770 121
1888780 121
1888790 121
1888800 122
1888810 122
1888820 122
1888830 122
1888840 122
1888850 122
1888860 122
1888870 122
1888880 122
1888890 122
1888900 122
1888910 122
1888920 122
1888930 122
1888940 122
1888950 122
1888960 122
1888970 122
1888980 122
1888990 122
1889000 122
1889010 122
1889020 122
1889030 122
1889040 122
1889050 122
1889060 122
1889070 122
1889080 122
1889090 122
1889100 122
1889110 122
1889120 122
1889130 122
1889140 122
1889150 122
1889160 122
1889170 122
1889180 123
1889190 123
1889200 123
1889210 123
1889220 123
1889230 123
1889240 123
1889250 123
1889260 124
1889270 124
1889280 123
1889290 123
1889300 123
1889310 123
1889320 123
1889330 123
1889340 123
1889350 123
1889360 123
1889370 123
1889380 123
1889390 123
1889400 122
1889410 122
1889420 122
1889430 122
1889440 122
1889450 122
1889460 122
1889470 122
1889480 122
1889490 122
1889500 122
1889510 122
1889520 122
1889530 122
1889540 122
1889550 122
1889560 122
1889570 122
1889580 122
1889590 122
1889600 122
1889610 122
1889620 122
1889630 122
1889640 122
1889650 122
1889660 122
1889670 122
1889680 122
1889690 122
1889700 122
1889710 122
1889720 122
1889730 122
1889740 122
1889750 122
1889760 122
1889770 122
1889780 122
1889790 121
1889800 121
1889810 121
1889820 121
1889830 121
1889840 122
1889850 122
1889860 122
1889870 122
1889880 122
1889890 122
1889900 122
1889910 122
1889920 122
1889930 122
1889940 122
1889950 122
1889960 122
1889970 122
1889980 122
1889990 122
1890000 122
1890010 122
1890020 122
1890030 122
1890040 122
1890050 122
1890060 122
1890070 122
1890080 122
1890090 122
1890100 122
1890110 122
1890120 122
1890130 122
1890140 122
1890150 122
1890160 123
1890170 123
1890180 123
1890190 123
1890200 123
1890210 123
1890220 122
1890230 122
1890240 122
1890250 122
1890260 123
1890270 123
1890280 123
1890290 123
1890300 123
1890310 123
1890320 123
1890330 123
1890340 123
1890350 123
1890360 123
1890370 123
1890380 122
1890390 122
1890400 122
1890410 123
1890420 123
1890430 122
1890440 122
1890450 122
1890460 122
1890470 122
1890480 122
1890490 122
1890500 122
1890510 122
1890520 122
1890530 122
1890540 122
1890550 122
1890560 122
1890570 122
1890580 122
1890590 122
1890600 122
1890610 122
1890620 122
1890630 122
1890640 122
1890650 121
1890660 121
1890670 121
1890680 121
1890690 121
1890700 121
1890710 121
1890720 121
1890730 121
1890740 121
1890750 121
1890760 121
1890770 122
1890780 122
1890790 122
1890800 122
1890810 122
1890820 122
1890830 122
1890840 122
1890850 122
1890860 122
1890870 122
1890880 122
1890890 122
1890900 123
1890910 123
1890920 123
1890930 123
1890940 123
1890950 123
1890960 123
1890970 123
1890980 123
1890990 123
1891000 123
1891010 123
1891020 124
1891030 124
1891040 123
1891050 123
1891060 123
1891070 123
1891080 123
1891090 123
1891100 124
1891110 124
1891120 124
1891130 124
1891140 124
1891150 124
1891160 124
1891170 124
1891180 124
1891190 124
1891200 124
1891210 124
1891220 124
1891230 124
1891240 124
1891250 124
1891260 124
1891270 124
1891280 124
1891290 124
1891300 124
1891310 124
1891320 124
1891330 124
1891340 124
1891350 124
1891360 124
1891370 124
1891380 124
1891390 124
1891400 124
1891410 124
1891420 124
1891430 124
1891440 124
1891450 124
1891460 124
1891470 121
1891480 120
1891490 120
1891500 120
1891510 120
1891520 120
1891530 119
1891540 119
1891550 119
1891560 119
1891570 119
1891580 119
1891590 120
1891600 123
1891610 123
1891620 123
1891630 122
1891640 122
1891650 122
1891660 122
1891670 122
1891680 122
1891690 121
1891700 121
1891710 121
1891720 121
1891730 121
1891740 121
1891750 121
1891760 121
1891770 121
1891780 121
1891790 121
1891800 121
1891810 121
1891820 121
1891830 121
1891840 121
1891850 121
1891860 121
1891870 121
1891880 121
1891890 121
1891900 121
1891910 121
1891920 121
1891930 121
1891940 121
1891950 121
1891960 121
1891970 121
1891980 121
1891990 121
1892000 121
1892010 121
1892020 121
1892030 121
1892040 121
1892050 121
1892060 121
1892070 121
1892080 121
1892090 121
1892100 121
1892110 121
1892120 121
1892130 121
1892140 121
1892150 121
1892160 121
1892170 121
1892180 121
1892190 121
1892200 121
1892210 121
1892220 121
1892230 121
1892240 121
1892250 121
1892260 121
1892270 121
1892280 121
1892290 121
1892300 121
1892310 121
1892320 121
1892330 121
1892340 121
1892350 121
1892360 120
1892370 120
1892380 120
1892390 120
1892400 120
1892410 120
1892420 120
1892430 120
1892440 120
1892450 120
1892460 120
1892470 120
1892480 120
1892490 120
1892500 120
1892510 120
1892520 120
1892530 120
1892540 120
1892550 120
1892560 120
1892570 120
1892580 120
1892590 120
1892600 120
1892610 120
1892620 120
1892630 120
1892640 121
1892650 121
1892660 121
1892670 121
1892680 121
1892690 121
1892700 121
1892710 121
1892720 121
1892730 121
1892740 121
1892750 121
1892760 121
1892770 121
1892780 121
1892790 121
1892800 121
1892810 121
1892820 121
1892830 121
1892840 121
1892850 121
1892860 121
1892870 121
1892880 121
1892890 121
1892900 121
1892910 122
1892920 122
1892930 121
1892940 121
1892950 121
1892960 121
1892970 121
1892980 121
1892990 121
1893000 121
1893010 121
1893020 121
1893030 121
1893040 121
1893050 121
1893060 121
1893070 121
1893080 121
1893090 121
1893100 121
1893110 121
1893120 122
1893130 121
1893140 121
1893150 121
1893160 121
1893170 121
1893180 122
1893190 122
1893200 122
1893210 122
1893220 122
1893230 122
1893240 122
1893250 122
1893260 122
1893270 122
1893280 122
1893290 122
1893300 122
1893310 122
1893320 122
1893330 122
1893340 122
1893350 122
1893360 122
1893370 122
1893380 122
1893390 122
1893400 122
1893410 122
1893420 122
1893430 122
1893440 122
1893450 122
1893460 122
1893470 122
1893480 122
1893490 122
1893500 122
1893510 121
1893520 121
1893530 121
1893540 121
1893550 121
1893560 121
1893570 121
1893580 121
1893590 121
1893600 121
1893610 121
1893620 121
1893630 121
1893640 121
1893650 121
1893660 121
1893670 121
1893680 121
1893690 121
1893700 121
1893710 121
1893720 121
1893730 121
1893740 121
1893750 121
1893760 121
1893770 122
1893780 122
1893790 122
1893800 122
1893810 122
1893820 122
1893830 122
1893840 122
1893850 122
1893860 122
1893870 122
1893880 122
1893890 122
1893900 122
1893910 122
1893920 121
1893930 121
1893940 121
1893950 121
1893960 121
1893970 121
1893980 121
1893990 121
1894000 121
1894010 121
1894020 121
1894030 121
1894040 121
1894050 121
1894060 121
1894070 121
1894080 121
1894090 121
1894100 121
1894110 121
1894120 121
1894130 121
1894140 121
1894150 121
1894160 121
1894170 121
1894180 121
1894190 121
1894200 121
1894210 121
1894220 121
1894230 121
1894240 121
1894250 121
1894260 121
1894270 121
1894280 121
1894290 121
1894300 121
1894310 121
1894320 121
1894330 121
1894340 122
1894350 122
1894360 122
1894370 122
1894380 122
1894390 122
1894400 122
1894410 122
1894420 122
1894430 122
1894440 122
1894450 122
1894460 122
1894470 122
1894480 122
1894490 122
1894500 122
1894510 122
1894520 122
1894530 122
1894540 122
1894550 122
1894560 122
1894570 122
1894580 122
1894590 122
1894600 122
1894610 122
1894620 122
1894630 122
1894640 122
1894650 122
1894660 122
1894670 122
1894680 122
1894690 122
1894700 122
1894710 122
1894720 122
1894730 122
1894740 122
1894750 122
1894760 122
1894770 122
1894780 122
1894790 122
1894800 122
1894810 122
1894820 122
1894830 122
1894840 122
1894850 122
1894860 122
1894870 122
1894880 122
1894890 122
1894900 122
1894910 122
1894920 122
1894930 122
1894940 122
1894950 122
1894960 122
1894970 122
1894980 122
1894990 121
1895000 121
1895010 121
1895020 121
1895030 121
1895040 121
1895050 121
1895060 121
1895070 121
1895080 120
1895090 120
1895100 120
1895110 120
1895120 120
1895130 120
1895140 120
1895150 120
1895160 120
1895170 120
1895180 120
1895190 120
1895200 120
1895210 120
1895220 120
1895230 120
1895240 120
1895250 120
1895260 120
1895270 120
1895280 120
1895290 120
1895300 120
1895310 120
1895320 121
1895330 121
1895340 121
1895350 121
1895360 121
1895370 121
1895380 121
1895390 121
1895400 121
1895410 121
1895420 121
1895430 121
1895440 121
1895450 121
1895460 121
1895470 121
1895480 121
1895490 121
1895500 121
1895510 121
1895520 121
1895530 121
1895540 121
1895550 121
1895560 121
1895570 121
1895580 120
1895590 120
1895600 120
1895610 120
1895620 120
1895630 120
1895640 120
1895650 120
1895660 120
1895670 120
1895680 120
1895690 120
1895700 120
1895710 120
1895720 120
1895730 120
1895740 120
1895750 120
1895760 120
1895770 120
1895780 120
1895790 120
1895800 120
1895810 120
1895820 120
1895830 120
1895840 120
1895850 120
1895860 120
1895870 120
1895880 120
1895890 120
1895900 120
1895910 120
1895920 120
1895930 120
1895940 120
1895950 120
1895960 120
1895970 120
1895980 120
1895990 120
1896000 120
1896010 120
1896020 120
1896030 120
1896040 120
1896050 120
1896060 120
1896070 120
1896080 120
1896090 120
1896100 120
1896110 120
1896120 120
1896130 120
1896140 120
1896150 120
1896160 120
1896170 120
1896180 120
1896190 120
1896200 120
1896210 120
1896220 120
1896230 120
1896240 120
1896250 120
1896260 120
1896270 120
1896280 120
1896290 120
1896300 120
1896310 120
1896320 120
1896330 120
1896340 120
1896350 120
1896360 120
1896370 120
1896380 120
1896390 120
1896400 120
1896410 120
1896420 120
1896430 120
1896440 120
1896450 120
1896460 120
1896470 120
1896480 120
1896490 120
1896500 120
1896510 120
1896520 120
1896530 120
1896540 120
1896550 120
1896560 120
1896570 120
1896580 120
1896590 120
1896600 120
1896610 120
1896620 119
1896630 119
1896640 119
1896650 119
1896660 119
1896670 119
1896680 119
1896690 119
1896700 119
1896710 120
1896720 120
1896730 120
1896740 119
1896750 119
1896760 119
1896770 119
1896780 119
1896790 119
1896800 119
1896810 119
1896820 119
1896830 119
1896840 119
1896850 119
1896860 119
1896870 119
1896880 119
1896890 119
1896900 119
1896910 119
1896920 119
1896930 119
1896940 119
1896950 119
1896960 119
1896970 119
1896980 119
1896990 119
1897000 119
1897010 119
1897020 119
1897030 119
1897040 119
1897050 119
1897060 119
1897070 119
1897080 119
1897090 119
1897100 119
1897110 120
1897120 120
1897130 120
1897140 120
1897150 120
1897160 120
1897170 120
1897180 120
1897190 120
1897200 120
1897210 120
1897220 120
1897230 120
1897240 120
1897250 120
1897260 120
1897270 120
1897280 120
1897290 120
1897300 120
1897310 120
1897320 120
1897330 121
1897340 121
1897350 121
1897360 121
1897370 121
1897380 121
1897390 121
1897400 121
1897410 121
1897420 121
1897430 121
1897440 121
1897450 121
1897460 121
1897470 121
1897480 121
1897490 121
1897500 121
1897510 121
1897520 121
1897530 121
1897540 121
1897550 121
1897560 121
1897570 121
1897580 121
1897590 121
1897600 121
1897610 121
1897620 121
1897630 121
1897640 121
1897650 121
1897660 120
1897670 120
1897680 120
1897690 120
1897700 120
1897710 120
1897720 120
1897730 119
1897740 119
1897750 119
1897760 119
1897770 119
1897780 119
1897790 119
1897800 119
1897810 119
1897820 119
1897830 119
1897840 119
1897850 119
1897860 119
1897870 119
1897880 119
1897890 119
1897900 119
1897910 119
1897920 119
1897930 119
1897940 119
1897950 119
1897960 119
1897970 119
1897980 119
1897990 119
1898000 119
1898010 119
1898020 118
1898030 118
1898040 118
1898050 118
1898060 119
1898070 119
1898080 118
1898090 118
1898100 118
1898110 118
1898120 118
1898130 118
1898140 119
1898150 119
1898160 119
1898170 119
1898180 119
1898190 119
1898200 119
1898210 119
1898220 119
1898230 119
1898240 119
1898250 119
1898260 119
1898270 119
1898280 119
1898290 119
1898300 119
1898310 118
1898320 118
1898330 118
1898340 119
1898350 119
1898360 119
1898370 119
1898380 119
1898390 118
1898400 118
1898410 118
1898420 118
1898430 118
1898440 118
1898450 119
1898460 119
1898470 119
1898480 119
1898490 119
1898500 119
1898510 119
1898520 119
1898530 119
1898540 119
1898550 119
1898560 119
1898570 119
1898580 119
1898590 119
1898600 119
1898610 119
1898620 119
1898630 119
1898640 119
1898650 119
1898660 119
1898670 119
1898680 119
1898690 119
1898700 119
1898710 119
1898720 119
1898730 119
1898740 119
1898750 119
1898760 119
1898770 119
1898780 119
1898790 119
1898800 119
1898810 119
1898820 119
1898830 119
1898840 119
1898850 119
1898860 119
1898870 119
1898880 119
1898890 119
1898900 119
1898910 119
1898920 119
1898930 119
1898940 119
1898950 119
1898960 119
1898970 119
1898980 119
1898990 119
1899000 119
1899010 119
1899020 119
1899030 119
1899040 119
1899050 119
1899060 119
1899070 119
1899080 119
1899090 119
1899100 119
1899110 119
1899120 119
1899130 119
1899140 119
1899150 119
1899160 119
1899170 119
1899180 119
1899190 119
1899200 119
1899210 119
1899220 119
1899230 119
1899240 119
1899250 119
1899260 119
1899270 119
1899280 119
1899290 119
1899300 119
1899310 119
1899320 119
1899330 119
1899340 119
1899350 119
1899360 119
1899370 119
1899380 119
1899390 119
1899400 119
1899410 119
1899420 119
1899430 119
1899440 119
1899450 119
1899460 119
1899470 119
1899480 119
1899490 119
1899500 119
1899510 119
1899520 119
1899530 119
1899540 119
1899550 119
1899560 119
1899570 119
1899580 119
1899590 119
1899600 119
1899610 119
1899620 119
1899630 119
1899640 119
1899650 119
1899660 119
1899670 119
1899680 119
1899690 119
1899700 119
1899710 119
1899720 119
1899730 119
1899740 119
1899750 119
1899760 119
1899770 120
1899780 120
1899790 119
1899800 119
1899810 119
1899820 119
1899830 119
1899840 119
1899850 119
1899860 119
1899870 119
1899880 119
1899890 119
1899900 119
1899910 120
1899920 120
1899930 120
1899940 119
1899950 119
1899960 119
1899970 119
1899980 119
1899990 119
