1880000 122
1880010 122
1880020 122
1880030 122
1880040 122
1880050 122
1880060 122
1880070 122
1880080 122
1880090 122
1880100 122
1880110 122
1880120 122
1880130 122
1880140 122
1880150 122
1880160 122
1880170 122
1880180 122
1880190 122
1880200 122
1880210 123
1880220 123
1880230 123
1880240 122
1880250 122
1880260 122
1880270 122
1880280 122
1880290 122
1880300 122
1880310 122
1880320 122
1880330 122
1880340 122
1880350 122
1880360 122
1880370 122
1880380 122
1880390 122
1880400 122
1880410 122
1880420 122
1880430 122
1880440 122
1880450 122
1880460 122
1880470 122
1880480 122
1880490 122
1880500 122
1880510 122
1880520 122
1880530 122
1880540 122
1880550 122
1880560 122
1880570 122
1880580 122
1880590 122
1880600 122
1880610 123
1880620 123
1880630 123
1880640 123
1880650 123
1880660 123
1880670 123
1880680 123
1880690 123
1880700 123
1880710 123
1880720 123
1880730 123
1880740 123
1880750 123
1880760 123
1880770 123
1880780 123
1880790 123
1880800 123
1880810 123
1880820 123
1880830 123
1880840 123
1880850 123
1880860 123
1880870 123
1880880 123
1880890 123
1880900 123
1880910 123
1880920 123
1880930 123
1880940 123
1880950 123
1880960 123
1880970 123
1880980 123
1880990 123
1881000 123
1881010 123
1881020 123
1881030 123
1881040 123
1881050 123
1881060 123
1881070 123
1881080 123
1881090 123
1881100 123
1881110 123
1881120 123
1881130 123
1881140 123
1881150 123
1881160 123
1881170 123
1881180 123
1881190 123
1881200 123
1881210 123
1881220 123
1881230 123
1881240 123
1881250 123
1881260 123
1881270 123
1881280 123
1881290 123
1881300 123
1881310 123
1881320 123
1881330 123
1881340 123
1881350 124
1881360 124
1881370 124
1881380 124
1881390 124
1881400 124
1881410 124
1881420 124
1881430 124
1881440 124
1881450 124
1881460 124
1881470 124
1881480 124
1881490 124
1881500 123
1881510 123
1881520 123
1881530 123
1881540 123
1881550 123
1881560 123
1881570 123
1881580 123
1881590 123
1881600 123
1881610 123
1881620 123
1881630 123
1881640 123
1881650 123
1881660 123
1881670 123
1881680 123
1881690 123
1881700 123
1881710 123
1881720 123
1881730 123
1881740 123
1881750 123
1881760 123
1881770 123
1881780 123
1881790 123
1881800 123
1881810 123
1881820 123
1881830 123
1881840 123
1881850 123
1881860 124
1881870 124
1881880 124
1881890 125
1881900 125
1881910 125
1881920 125
1881930 125
1881940 125
1881950 125
1881960 125
1881970 125
1881980 125
1881990 125
1882000 125
1882010 125
1882020 125
1882030 125
1882040 125
1882050 125
1882060 125
1882070 125
1882080 125
1882090 125
1882100 125
1882110 125
1882120 125
1882130 125
1882140 125
1882150 125
1882160 125
1882170 125
1882180 125
1882190 125
1882200 125
1882210 125
1882220 125
1882230 125
1882240 125
1882250 125
1882260 124
1882270 124
1882280 124
1882290 124
1882300 124
1882310 124
1882320 124
1882330 124
1882340 124
1882350 124
1882360 124
1882370 124
1882380 124
1882390 124
1882400 124
1882410 124
1882420 125
1882430 125
1882440 125
1882450 124
1882460 124
1882470 124
1882480 124
1882490 124
1882500 124
1882510 123
1882520 123
1882530 123
1882540 122
1882550 122
1882560 122
1882570 122
1882580 122
1882590 121
1882600 121
1882610 121
1882620 121
1882630 121
1882640 121
1882650 121
1882660 121
1882670 121
1882680 121
1882690 121
1882700 121
1882710 120
1882720 120
1882730 120
1882740 121
1882750 121
1882760 121
1882770 120
1882780 120
1882790 120
1882800 120
1882810 120
1882820 120
1882830 120
1882840 120
1882850 120
1882860 120
1882870 120
1882880 120
1882890 120
1882900 120
1882910 120
1882920 120
1882930 120
1882940 120
1882950 120
1882960 120
1882970 120
1882980 120
1882990 120
1883000 120
1883010 120
1883020 120
1883030 120
1883040 120
1883050 120
1883060 120
1883070 120
1883080 120
1883090 120
1883100 120
1883110 120
1883120 120
1883130 120
1883140 120
1883150 120
1883160 120
1883170 120
1883180 120
1883190 120
1883200 120
1883210 120
1883220 120
1883230 120
1883240 120
1883250 120
1883260 120
1883270 120
1883280 120
1883290 120
1883300 120
1883310 120
1883320 120
1883330 120
1883340 120
1883350 120
1883360 120
1883370 120
1883380 120
1883390 120
1883400 120
1883410 120
1883420 120
1883430 120
1883440 121
1883450 121
1883460 121
1883470 121
1883480 121
1883490 121
1883500 121
1883510 121
1883520 121
1883530 121
1883540 121
1883550 121
1883560 121
1883570 121
1883580 121
1883590 121
1883600 121
1883610 121
1883620 121
1883630 121
1883640 121
1883650 121
1883660 121
1883670 121
1883680 121
1883690 121
1883700 121
1883710 121
1883720 121
1883730 121
1883740 121
1883750 121
1883760 121
1883770 121
1883780 121
1883790 121
1883800 121
1883810 121
1883820 121
1883830 121
1883840 120
1883850 120
1883860 120
1883870 120
1883880 121
1883890 121
1883900 121
1883910 121
1883920 121
1883930 121
1883940 121
1883950 121
1883960 121
1883970 121
1883980 121
1883990 121
1884000 121
1884010 121
1884020 121
1884030 121
1884040 121
1884050 121
1884060 121
1884070 121
1884080 121
1884090 121
1884100 121
1884110 122
1884120 122
1884130 122
1884140 122
1884150 122
1884160 122
1884170 122
1884180 122
1884190 122
1884200 122
1884210 122
1884220 122
1884230 122
1884240 122
1884250 122
1884260 122
1884270 122
1884280 122
1884290 122
1884300 122
1884310 122
1884320 122
1884330 122
1884340 122
1884350 122
1884360 123
1884370 123
1884380 123
1884390 123
1884400 123
1884410 123
1884420 123
1884430 123
1884440 123
1884450 123
1884460 123
1884470 123
1884480 123
1884490 123
1884500 123
1884510 123
1884520 123
1884530 123
1884540 123
1884550 123
1884560 123
1884570 122
1884580 122
1884590 122
1884600 122
1884610 122
1884620 122
1884630 122
1884640 122
1884650 122
1884660 122
1884670 122
1884680 122
1884690 122
1884700 122
1884710 122
1884720 122
1884730 122
1884740 122
1884750 122
1884760 122
1884770 122
1884780 122
1884790 122
1884800 122
1884810 122
1884820 122
1884830 122
1884840 122
1884850 122
1884860 122
1884870 122
1884880 122
1884890 123
1884900 123
1884910 123
1884920 123
1884930 123
1884940 123
1884950 123
1884960 123
1884970 123
1884980 123
1884990 123
1885000 123
1885010 123
1885020 123
1885030 123
1885040 123
1885050 123
1885060 123
1885070 123
1885080 123
1885090 123
1885100 123
1885110 123
1885120 123
1885130 123
1885140 123
1885150 123
1885160 123
1885170 123
1885180 123
1885190 123
1885200 123
1885210 123
1885220 123
1885230 123
1885240 123
1885250 123
1885260 123
1885270 123
1885280 123
1885290 123
1885300 123
1885310 123
1885320 123
1885330 123
1885340 123
1885350 123
1885360 123
1885370 122
1885380 122
1885390 122
1885400 122
1885410 122
1885420 121
1885430 121
1885440 121
1885450 121
1885460 121
1885470 121
1885480 121
1885490 121
1885500 121
1885510 121
1885520 121
1885530 121
1885540 121
1885550 121
1885560 121
1885570 121
1885580 121
1885590 121
1885600 121
1885610 121
1885620 121
1885630 121
1885640 121
1885650 121
1885660 121
1885670 121
1885680 121
1885690 121
1885700 121
1885710 121
1885720 121
1885730 121
1885740 121
1885750 121
1885760 121
1885770 121
1885780 121
1885790 121
1885800 121
1885810 121
1885820 121
1885830 121
1885840 121
1885850 121
1885860 121
1885870 121
1885880 121
1885890 121
1885900 121
1885910 121
1885920 121
1885930 121
1885940 121
1885950 123
1885960 123
1885970 122
1885980 121
1885990 121
1886000 121
1886010 121
1886020 121
1886030 121
1886040 121
1886050 121
1886060 121
1886070 121
1886080 121
1886090 121
1886100 121
1886110 121
1886120 121
1886130 121
1886140 121
1886150 121
1886160 122
1886170 122
1886180 122
1886190 122
1886200 122
1886210 122
1886220 122
1886230 122
1886240 122
1886250 122
1886260 122
1886270 122
1886280 122
1886290 122
1886300 122
1886310 122
1886320 122
1886330 122
1886340 122
1886350 122
1886360 122
1886370 122
1886380 122
1886390 122
1886400 122
1886410 122
1886420 122
1886430 122
1886440 122
1886450 122
1886460 122
1886470 122
1886480 122
1886490 123
1886500 123
1886510 123
1886520 123
1886530 123
1886540 123
1886550 123
1886560 123
1886570 123
1886580 123
1886590 123
1886600 123
1886610 123
1886620 123
1886630 123
1886640 123
1886650 123
1886660 123
1886670 124
1886680 124
1886690 124
1886700 124
1886710 124
1886720 124
1886730 124
1886740 123
1886750 123
1886760 123
1886770 123
1886780 123
1886790 123
1886800 123
1886810 122
1886820 122
1886830 122
1886840 122
1886850 122
1886860 122
1886870 122
1886880 122
1886890 122
1886900 122
1886910 122
1886920 122
1886930 122
1886940 122
1886950 123
1886960 123
1886970 123
1886980 123
1886990 123
1887000 123
1887010 123
1887020 123
1887030 123
1887040 123
1887050 123
1887060 123
1887070 123
1887080 123
1887090 123
1887100 123
1887110 123
1887120 123
1887130 122
1887140 122
1887150 122
1887160 122
1887170 122
1887180 122
1887190 122
1887200 122
1887210 122
1887220 122
1887230 122
1887240 122
1887250 122
1887260 122
1887270 122
1887280 122
1887290 122
1887300 122
1887310 122
1887320 122
1887330 122
1887340 122
1887350 122
1887360 122
1887370 122
1887380 122
1887390 122
1887400 122
1887410 122
1887420 122
1887430 122
1887440 123
1887450 123
1887460 123
1887470 123
1887480 123
1887490 123
1887500 122
1887510 122
1887520 122
1887530 122
1887540 122
1887550 122
1887560 122
1887570 122
1887580 122
1887590 122
1887600 122
1887610 122
1887620 122
1887630 122
1887640 122
1887650 123
1887660 123
1887670 123
1887680 123
1887690 123
1887700 123
1887710 123
1887720 123
1887730 123
1887740 123
1887750 123
1887760 123
1887770 123
1887780 123
1887790 123
1887800 123
1887810 123
1887820 123
1887830 123
1887840 123
1887850 123
1887860 123
1887870 123
1887880 123
1887890 123
1887900 123
1887910 123
1887920 123
1887930 123
1887940 123
1887950 123
1887960 123
1887970 123
1887980 123
1887990 123
1888000 123
1888010 123
1888020 123
1888030 123
1888040 123
1888050 123
1888060 123
1888070 123
1888080 123
1888090 123
1888100 123
1888110 123
1888120 123
1888130 123
1888140 123
1888150 123
1888160 123
1888170 122
1888180 122
1888190 122
1888200 122
1888210 123
1888220 123
1888230 122
1888240 122
1888250 122
1888260 122
1888270 122
1888280 122
1888290 122
1888300 123
1888310 123
1888320 123
1888330 122
1888340 122
1888350 122
1888360 122
1888370 122
1888380 123
1888390 123
1888400 123
1888410 123
1888420 123
1888430 123
1888440 123
1888450 123
1888460 123
1888470 123
1888480 123
1888490 123
1888500 123
1888510 123
1888520 123
1888530 123
1888540 123
1888550 123
1888560 123
1888570 123
1888580 123
1888590 123
1888600 123
1888610 123
1888620 123
1888630 123
1888640 123
1888650 123
1888660 123
1888670 123
1888680 123
1888690 123
1888700 123
1888710 123
1888720 123
1888730 123
1888740 123
1888750 123
1888760 123
1888770 123
1888780 124
1888790 123
1888800 123
1888810 123
1888820 123
1888830 123
1888840 122
1888850 122
1888860 122
1888870 122
1888880 122
1888890 122
1888900 122
1888910 122
1888920 122
1888930 122
1888940 122
1888950 122
1888960 122
1888970 122
1888980 122
1888990 122
1889000 122
1889010 122
1889020 122
1889030 122
1889040 122
1889050 122
1889060 122
1889070 122
1889080 122
1889090 122
1889100 122
1889110 122
1889120 122
1889130 122
1889140 122
1889150 122
1889160 122
1889170 122
1889180 122
1889190 122
1889200 122
1889210 122
1889220 122
1889230 122
1889240 122
1889250 122
1889260 122
1889270 123
1889280 123
1889290 123
1889300 123
1889310 123
1889320 123
1889330 123
1889340 123
1889350 123
1889360 123
1889370 123
1889380 123
1889390 123
1889400 123
1889410 123
1889420 123
1889430 123
1889440 123
1889450 123
1889460 123
1889470 123
1889480 123
1889490 123
1889500 123
1889510 123
1889520 123
1889530 123
1889540 123
1889550 123
1889560 123
1889570 123
1889580 123
1889590 123
1889600 123
1889610 122
1889620 122
1889630 122
1889640 122
1889650 122
1889660 122
1889670 122
1889680 122
1889690 122
1889700 122
1889710 122
1889720 122
1889730 122
1889740 122
1889750 122
1889760 122
1889770 122
1889780 122
1889790 122
1889800 122
1889810 122
1889820 121
1889830 121
1889840 121
1889850 121
1889860 121
1889870 121
1889880 121
1889890 121
1889900 121
1889910 121
1889920 121
1889930 121
1889940 121
1889950 121
1889960 121
1889970 121
1889980 121
1889990 121
1890000 121
1890010 121
1890020 121
1890030 121
1890040 121
1890050 121
1890060 121
1890070 121
1890080 121
1890090 121
1890100 121
1890110 121
1890120 121
1890130 121
1890140 121
1890150 121
1890160 121
1890170 121
1890180 121
1890190 121
1890200 121
1890210 121
1890220 121
1890230 121
1890240 121
1890250 121
1890260 121
1890270 121
1890280 121
1890290 121
1890300 121
1890310 121
1890320 121
1890330 121
1890340 121
1890350 121
1890360 121
1890370 121
1890380 121
1890390 121
1890400 121
1890410 121
1890420 121
1890430 121
1890440 121
1890450 121
1890460 121
1890470 121
1890480 121
1890490 120
1890500 120
1890510 120
1890520 121
1890530 121
1890540 121
1890550 121
1890560 121
1890570 121
1890580 121
1890590 121
1890600 121
1890610 121
1890620 121
1890630 121
1890640 121
1890650 121
1890660 121
1890670 121
1890680 121
1890690 121
1890700 121
1890710 121
1890720 121
1890730 122
1890740 122
1890750 122
1890760 122
1890770 122
1890780 122
1890790 122
1890800 122
1890810 122
1890820 122
1890830 122
1890840 122
1890850 122
1890860 123
1890870 123
1890880 123
1890890 123
1890900 123
1890910 123
1890920 123
1890930 123
1890940 123
1890950 123
1890960 123
1890970 123
1890980 123
1890990 123
1891000 123
1891010 123
1891020 123
1891030 123
1891040 123
1891050 123
1891060 123
1891070 122
1891080 122
1891090 122
1891100 122
1891110 122
1891120 122
1891130 122
1891140 122
1891150 122
1891160 122
1891170 122
1891180 122
1891190 122
1891200 122
1891210 122
1891220 122
1891230 122
1891240 122
1891250 122
1891260 122
1891270 122
1891280 122
1891290 123
1891300 123
1891310 123
1891320 123
1891330 123
1891340 122
1891350 123
1891360 123
1891370 123
1891380 123
1891390 123
1891400 123
1891410 123
1891420 123
1891430 123
1891440 123
1891450 123
1891460 123
1891470 122
1891480 122
1891490 123
1891500 123
1891510 123
1891520 123
1891530 123
1891540 123
1891550 123
1891560 123
1891570 123
1891580 123
1891590 123
1891600 123
1891610 123
1891620 123
1891630 123
1891640 123
1891650 123
1891660 123
1891670 123
1891680 123
1891690 123
1891700 123
1891710 123
1891720 123
1891730 123
1891740 123
1891750 123
1891760 123
1891770 123
1891780 123
1891790 123
1891800 123
1891810 123
1891820 123
1891830 123
1891840 123
1891850 123
1891860 123
1891870 123
1891880 123
1891890 123
1891900 123
1891910 123
1891920 123
1891930 123
1891940 123
1891950 123
1891960 123
1891970 123
1891980 123
1891990 123
1892000 123
1892010 123
1892020 123
1892030 123
1892040 123
1892050 123
1892060 123
1892070 123
1892080 123
1892090 123
1892100 123
1892110 122
1892120 122
1892130 122
1892140 122
1892150 122
1892160 122
1892170 122
1892180 122
1892190 122
1892200 122
1892210 122
1892220 122
1892230 122
1892240 122
1892250 122
1892260 122
1892270 122
1892280 121
1892290 121
1892300 121
1892310 121
1892320 121
1892330 121
1892340 121
1892350 121
1892360 121
1892370 121
1892380 121
1892390 121
1892400 121
1892410 121
1892420 121
1892430 121
1892440 122
1892450 122
1892460 122
1892470 122
1892480 122
1892490 122
1892500 122
1892510 122
1892520 121
1892530 122
1892540 122
1892550 122
1892560 122
1892570 122
1892580 122
1892590 122
1892600 122
1892610 122
1892620 122
1892630 122
1892640 122
1892650 122
1892660 122
1892670 122
1892680 122
1892690 122
1892700 122
1892710 122
1892720 122
1892730 122
1892740 123
1892750 122
1892760 122
1892770 122
1892780 122
1892790 122
1892800 122
1892810 122
1892820 122
1892830 122
1892840 122
1892850 122
1892860 122
1892870 122
1892880 122
1892890 121
1892900 122
1892910 122
1892920 122
1892930 122
1892940 122
1892950 122
1892960 122
1892970 122
1892980 122
1892990 122
1893000 122
1893010 122
1893020 122
1893030 122
1893040 122
1893050 122
1893060 122
1893070 122
1893080 122
1893090 122
1893100 122
1893110 122
1893120 122
1893130 122
1893140 122
1893150 122
1893160 122
1893170 122
1893180 122
1893190 123
1893200 123
1893210 123
1893220 122
1893230 122
1893240 122
1893250 122
1893260 122
1893270 122
1893280 122
1893290 122
1893300 122
1893310 122
1893320 122
1893330 122
1893340 122
1893350 122
1893360 122
1893370 122
1893380 122
1893390 121
1893400 121
1893410 121
1893420 122
1893430 122
1893440 122
1893450 122
1893460 122
1893470 122
1893480 122
1893490 122
1893500 122
1893510 122
1893520 122
1893530 122
1893540 121
1893550 121
1893560 121
1893570 121
1893580 121
1893590 121
1893600 121
1893610 121
1893620 122
1893630 122
1893640 122
1893650 122
1893660 122
1893670 122
1893680 122
1893690 122
1893700 122
1893710 121
1893720 121
1893730 121
1893740 121
1893750 122
1893760 122
1893770 122
1893780 122
1893790 122
1893800 122
1893810 122
1893820 122
1893830 122
1893840 122
1893850 122
1893860 122
1893870 122
1893880 122
1893890 122
1893900 122
1893910 122
1893920 122
1893930 122
1893940 122
1893950 122
1893960 122
1893970 122
1893980 122
1893990 122
1894000 122
1894010 122
1894020 122
1894030 121
1894040 121
1894050 120
1894060 119
1894070 119
1894080 120
1894090 121
1894100 121
1894110 121
1894120 122
1894130 122
1894140 122
1894150 122
1894160 122
1894170 122
1894180 122
1894190 122
1894200 122
1894210 122
1894220 122
1894230 122
1894240 122
1894250 122
1894260 121
1894270 121
1894280 121
1894290 121
1894300 121
1894310 121
1894320 121
1894330 121
1894340 121
1894350 122
1894360 122
1894370 122
1894380 122
1894390 122
1894400 122
1894410 122
1894420 122
1894430 122
1894440 122
1894450 122
1894460 122
1894470 122
1894480 122
1894490 122
1894500 121
1894510 121
1894520 121
1894530 121
1894540 121
1894550 121
1894560 121
1894570 121
1894580 121
1894590 121
1894600 121
1894610 121
1894620 121
1894630 121
1894640 121
1894650 121
1894660 121
1894670 121
1894680 121
1894690 121
1894700 121
1894710 121
1894720 121
1894730 121
1894740 121
1894750 121
1894760 121
1894770 121
1894780 121
1894790 121
1894800 121
1894810 121
1894820 121
1894830 121
1894840 121
1894850 121
1894860 121
1894870 121
1894880 122
1894890 122
1894900 122
1894910 121
1894920 121
1894930 121
1894940 121
1894950 121
1894960 121
1894970 121
1894980 121
1894990 121
1895000 121
1895010 121
1895020 121
1895030 121
1895040 121
1895050 121
1895060 121
1895070 121
1895080 121
1895090 121
1895100 121
1895110 121
1895120 121
1895130 121
1895140 121
1895150 121
1895160 121
1895170 122
1895180 122
1895190 122
1895200 122
1895210 122
1895220 122
1895230 122
1895240 122
1895250 121
1895260 121
1895270 121
1895280 121
1895290 121
1895300 121
1895310 121
1895320 121
1895330 121
1895340 121
1895350 121
1895360 121
1895370 121
1895380 121
1895390 121
1895400 121
1895410 121
1895420 121
1895430 121
1895440 121
1895450 121
1895460 121
1895470 121
1895480 121
1895490 121
1895500 121
1895510 121
1895520 121
1895530 121
1895540 121
1895550 121
1895560 121
1895570 121
1895580 121
1895590 121
1895600 121
1895610 121
1895620 121
1895630 121
1895640 121
1895650 121
1895660 121
1895670 121
1895680 121
1895690 121
1895700 121
1895710 121
1895720 121
1895730 121
1895740 121
1895750 121
1895760 121
1895770 121
1895780 121
1895790 121
1895800 121
1895810 121
1895820 121
1895830 121
1895840 121
1895850 121
1895860 121
1895870 121
1895880 121
1895890 121
1895900 121
1895910 121
1895920 121
1895930 121
1895940 121
1895950 121
1895960 121
1895970 122
1895980 122
1895990 122
1896000 122
1896010 122
1896020 122
1896030 122
1896040 122
1896050 122
1896060 122
1896070 122
1896080 122
1896090 122
1896100 122
1896110 122
1896120 122
1896130 121
1896140 121
1896150 121
1896160 121
1896170 121
1896180 121
1896190 121
1896200 121
1896210 121
1896220 121
1896230 121
1896240 121
1896250 121
1896260 121
1896270 121
1896280 121
1896290 121
1896300 121
1896310 121
1896320 121
1896330 120
1896340 120
1896350 120
1896360 120
1896370 120
1896380 121
1896390 120
1896400 121
1896410 121
1896420 121
1896430 121
1896440 121
1896450 121
1896460 121
1896470 121
1896480 121
1896490 122
1896500 122
1896510 122
1896520 121
1896530 121
1896540 121
1896550 121
1896560 121
1896570 121
1896580 121
1896590 121
1896600 121
1896610 121
1896620 121
1896630 121
1896640 121
1896650 121
1896660 121
1896670 121
1896680 121
1896690 121
1896700 121
1896710 121
1896720 121
1896730 121
1896740 121
1896750 121
1896760 121
1896770 121
1896780 121
1896790 121
1896800 121
1896810 121
1896820 121
1896830 122
1896840 122
1896850 122
1896860 122
1896870 122
1896880 122
1896890 122
1896900 122
1896910 122
1896920 122
1896930 122
1896940 122
1896950 122
1896960 122
1896970 122
1896980 122
1896990 122
1897000 122
1897010 122
1897020 122
1897030 122
1897040 122
1897050 122
1897060 122
1897070 122
1897080 122
1897090 122
1897100 122
1897110 122
1897120 122
1897130 122
1897140 122
1897150 121
1897160 121
1897170 121
1897180 121
1897190 121
1897200 121
1897210 121
1897220 121
1897230 121
1897240 121
1897250 121
1897260 121
1897270 121
1897280 121
1897290 121
1897300 121
1897310 121
1897320 121
1897330 121
1897340 121
1897350 121
1897360 121
1897370 121
1897380 121
1897390 121
1897400 121
1897410 121
1897420 121
1897430 121
1897440 121
1897450 121
1897460 120
1897470 120
1897480 120
1897490 120
1897500 120
1897510 120
1897520 120
1897530 120
1897540 120
1897550 120
1897560 120
1897570 120
1897580 120
1897590 119
1897600 119
1897610 119
1897620 119
1897630 119
1897640 119
1897650 119
1897660 119
1897670 119
1897680 119
1897690 119
1897700 119
1897710 119
1897720 119
1897730 119
1897740 120
1897750 120
1897760 120
1897770 120
1897780 120
1897790 120
1897800 121
1897810 121
1897820 121
1897830 121
1897840 121
1897850 121
1897860 121
1897870 121
1897880 121
1897890 121
1897900 121
1897910 121
1897920 122
1897930 122
1897940 122
1897950 122
1897960 122
1897970 122
1897980 122
1897990 122
1898000 122
1898010 122
1898020 122
1898030 122
1898040 121
1898050 121
1898060 121
1898070 122
1898080 122
1898090 122
1898100 121
1898110 121
1898120 121
1898130 122
1898140 122
1898150 122
1898160 122
1898170 122
1898180 122
1898190 122
1898200 121
1898210 121
1898220 121
1898230 121
1898240 121
1898250 120
1898260 120
1898270 120
1898280 120
1898290 120
1898300 120
1898310 120
1898320 120
1898330 120
1898340 120
1898350 120
1898360 120
1898370 120
1898380 120
1898390 120
1898400 120
1898410 119
1898420 119
1898430 119
1898440 119
1898450 119
1898460 119
1898470 120
1898480 120
1898490 120
1898500 119
1898510 120
1898520 120
1898530 120
1898540 120
1898550 120
1898560 120
1898570 119
1898580 119
1898590 119
1898600 120
1898610 120
1898620 120
1898630 120
1898640 120
1898650 120
1898660 120
1898670 120
1898680 120
1898690 120
1898700 120
1898710 120
1898720 120
1898730 120
1898740 120
1898750 120
1898760 120
1898770 120
1898780 120
1898790 120
1898800 120
1898810 120
1898820 120
1898830 120
1898840 120
1898850 120
1898860 120
1898870 120
1898880 120
1898890 120
1898900 120
1898910 120
1898920 120
1898930 120
1898940 120
1898950 120
1898960 120
1898970 120
1898980 120
1898990 120
1899000 120
1899010 120
1899020 120
1899030 120
1899040 120
1899050 120
1899060 120
1899070 120
1899080 120
1899090 120
1899100 120
1899110 120
1899120 120
1899130 120
1899140 120
1899150 120
1899160 120
1899170 120
1899180 120
1899190 120
1899200 120
1899210 120
1899220 120
1899230 120
1899240 120
1899250 120
1899260 120
1899270 120
1899280 120
1899290 120
1899300 120
1899310 120
1899320 120
1899330 120
1899340 120
1899350 120
1899360 120
1899370 120
1899380 120
1899390 120
1899400 120
1899410 120
1899420 120
1899430 120
1899440 120
1899450 120
1899460 120
1899470 120
1899480 120
1899490 120
1899500 120
1899510 120
1899520 120
1899530 121
1899540 121
1899550 121
1899560 120
1899570 120
1899580 120
1899590 120
1899600 120
1899610 120
1899620 120
1899630 121
1899640 121
1899650 121
1899660 120
1899670 120
1899680 120
1899690 120
1899700 120
1899710 120
1899720 121
1899730 121
1899740 120
1899750 120
1899760 120
1899770 120
1899780 120
1899790 120
1899800 120
1899810 120
1899820 120
1899830 120
1899840 120
1899850 120
1899860 120
1899870 120
1899880 120
1899890 120
1899900 120
1899910 120
1899920 120
1899930 120
1899940 120
1899950 120
1899960 120
1899970 120
1899980 120
1899990 120
