1880000 122
1880010 122
1880020 122
1880030 122
1880040 122
1880050 123
1880060 123
1880070 123
1880080 123
1880090 124
1880100 124
1880110 124
1880120 124
1880130 124
1880140 124
1880150 123
1880160 123
1880170 123
1880180 123
1880190 123
1880200 123
1880210 123
1880220 123
1880230 123
1880240 123
1880250 123
1880260 123
1880270 123
1880280 123
1880290 123
1880300 123
1880310 123
1880320 123
1880330 123
1880340 123
1880350 123
1880360 123
1880370 123
1880380 124
1880390 124
1880400 124
1880410 124
1880420 124
1880430 124
1880440 124
1880450 124
1880460 124
1880470 124
1880480 124
1880490 124
1880500 124
1880510 123
1880520 123
1880530 123
1880540 123
1880550 123
1880560 123
1880570 123
1880580 123
1880590 123
1880600 122
1880610 122
1880620 122
1880630 122
1880640 122
1880650 122
1880660 122
1880670 122
1880680 122
1880690 122
1880700 122
1880710 122
1880720 122
1880730 122
1880740 122
1880750 122
1880760 122
1880770 122
1880780 122
1880790 122
1880800 122
1880810 122
1880820 122
1880830 122
1880840 122
1880850 122
1880860 122
1880870 122
1880880 122
1880890 122
1880900 122
1880910 122
1880920 122
1880930 122
1880940 122
1880950 122
1880960 122
1880970 122
1880980 122
1880990 122
1881000 122
1881010 122
1881020 122
1881030 122
1881040 122
1881050 122
1881060 122
1881070 122
1881080 122
1881090 122
1881100 122
1881110 122
1881120 122
1881130 122
1881140 122
1881150 122
1881160 122
1881170 122
1881180 122
1881190 122
1881200 122
1881210 122
1881220 123
1881230 123
1881240 123
1881250 123
1881260 123
1881270 123
1881280 123
1881290 123
1881300 123
1881310 123
1881320 123
1881330 123
1881340 123
1881350 123
1881360 123
1881370 123
1881380 123
1881390 123
1881400 123
1881410 123
1881420 123
1881430 123
1881440 123
1881450 123
1881460 124
1881470 124
1881480 124
1881490 124
1881500 124
1881510 124
1881520 124
1881530 124
1881540 124
1881550 124
1881560 124
1881570 124
1881580 124
1881590 124
1881600 124
1881610 124
1881620 124
1881630 124
1881640 124
1881650 124
1881660 124
1881670 124
1881680 124
1881690 124
1881700 124
1881710 124
1881720 123
1881730 123
1881740 123
1881750 123
1881760 123
1881770 123
1881780 123
1881790 123
1881800 123
1881810 123
1881820 123
1881830 123
1881840 123
1881850 123
1881860 123
1881870 123
1881880 123
1881890 123
1881900 123
1881910 123
1881920 123
1881930 123
1881940 123
1881950 123
1881960 123
1881970 123
1881980 123
1881990 123
1882000 124
1882010 124
1882020 124
1882030 124
1882040 124
1882050 124
1882060 124
1882070 123
1882080 123
1882090 123
1882100 123
1882110 123
1882120 123
1882130 123
1882140 123
1882150 123
1882160 123
1882170 123
1882180 123
1882190 122
1882200 122
1882210 122
1882220 122
1882230 122
1882240 122
1882250 122
1882260 122
1882270 122
1882280 122
1882290 122
1882300 122
1882310 122
1882320 122
1882330 123
1882340 123
1882350 123
1882360 122
1882370 123
1882380 123
1882390 123
1882400 123
1882410 123
1882420 123
1882430 123
1882440 123
1882450 123
1882460 123
1882470 123
1882480 123
1882490 124
1882500 124
1882510 124
1882520 124
1882530 124
1882540 124
1882550 124
1882560 124
1882570 124
1882580 124
1882590 124
1882600 124
1882610 124
1882620 124
1882630 124
1882640 124
1882650 125
1882660 125
1882670 125
1882680 125
1882690 125
1882700 125
1882710 124
1882720 124
1882730 124
1882740 124
1882750 124
1882760 124
1882770 124
1882780 124
1882790 124
1882800 124
1882810 124
1882820 124
1882830 124
1882840 124
1882850 124
1882860 124
1882870 124
1882880 124
1882890 124
1882900 124
1882910 124
1882920 124
1882930 124
1882940 124
1882950 124
1882960 124
1882970 124
1882980 123
1882990 123
1883000 123
1883010 123
1883020 123
1883030 123
1883040 123
1883050 123
1883060 123
1883070 123
1883080 123
1883090 123
1883100 123
1883110 123
1883120 123
1883130 123
1883140 123
1883150 123
1883160 123
1883170 123
1883180 123
1883190 123
1883200 123
1883210 123
1883220 123
1883230 123
1883240 123
1883250 123
1883260 123
1883270 123
1883280 123
1883290 123
1883300 123
1883310 123
1883320 122
1883330 122
1883340 122
1883350 122
1883360 122
1883370 122
1883380 122
1883390 122
1883400 122
1883410 122
1883420 122
1883430 122
1883440 122
1883450 122
1883460 121
1883470 121
1883480 121
1883490 121
1883500 121
1883510 121
1883520 121
1883530 121
1883540 121
1883550 121
1883560 121
1883570 121
1883580 121
1883590 122
1883600 122
1883610 122
1883620 121
1883630 121
1883640 122
1883650 122
1883660 122
1883670 122
1883680 122
1883690 122
1883700 123
1883710 122
1883720 122
1883730 122
1883740 122
1883750 122
1883760 122
1883770 122
1883780 122
1883790 122
1883800 122
1883810 122
1883820 122
1883830 122
1883840 122
1883850 122
1883860 122
1883870 122
1883880 122
1883890 122
1883900 122
1883910 122
1883920 122
1883930 122
1883940 122
1883950 122
1883960 122
1883970 122
1883980 122
1883990 122
1884000 122
1884010 122
1884020 122
1884030 122
1884040 122
1884050 122
1884060 122
1884070 122
1884080 122
1884090 122
1884100 122
1884110 122
1884120 122
1884130 122
1884140 123
1884150 123
1884160 123
1884170 123
1884180 123
1884190 123
1884200 123
1884210 123
1884220 122
1884230 122
1884240 122
1884250 122
1884260 122
1884270 122
1884280 122
1884290 122
1884300 122
1884310 122
1884320 122
1884330 122
1884340 122
1884350 122
1884360 122
1884370 122
1884380 122
1884390 122
1884400 122
1884410 122
1884420 122
1884430 122
1884440 122
1884450 122
1884460 122
1884470 122
1884480 122
1884490 122
1884500 122
1884510 122
1884520 122
1884530 122
1884540 122
1884550 122
1884560 122
1884570 122
1884580 122
1884590 122
1884600 122
1884610 122
1884620 122
1884630 122
1884640 122
1884650 122
1884660 122
1884670 122
1884680 122
1884690 122
1884700 122
1884710 122
1884720 122
1884730 122
1884740 122
1884750 122
1884760 122
1884770 122
1884780 122
1884790 122
1884800 122
1884810 122
1884820 122
1884830 122
1884840 122
1884850 122
1884860 122
1884870 121
1884880 121
1884890 121
1884900 122
1884910 122
1884920 122
1884930 122
1884940 122
1884950 121
1884960 121
1884970 121
1884980 122
1884990 122
1885000 122
1885010 122
1885020 122
1885030 122
1885040 122
1885050 122
1885060 122
1885070 122
1885080 122
1885090 122
1885100 122
1885110 122
1885120 122
1885130 122
1885140 122
1885150 122
1885160 122
1885170 123
1885180 123
1885190 122
1885200 122
1885210 122
1885220 122
1885230 122
1885240 122
1885250 122
1885260 122
1885270 122
1885280 122
1885290 122
1885300 122
1885310 122
1885320 122
1885330 122
1885340 122
1885350 122
1885360 122
1885370 122
1885380 122
1885390 122
1885400 122
1885410 122
1885420 122
1885430 122
1885440 122
1885450 122
1885460 122
1885470 122
1885480 122
1885490 122
1885500 122
1885510 122
1885520 122
1885530 122
1885540 122
1885550 122
1885560 122
1885570 122
1885580 122
1885590 122
1885600 122
1885610 122
1885620 122
1885630 122
1885640 122
1885650 122
1885660 123
1885670 123
1885680 123
1885690 123
1885700 123
1885710 123
1885720 123
1885730 123
1885740 123
1885750 123
1885760 123
1885770 123
1885780 123
1885790 123
1885800 123
1885810 123
1885820 123
1885830 123
1885840 123
1885850 123
1885860 123
1885870 123
1885880 123
1885890 123
1885900 123
1885910 123
1885920 123
1885930 123
1885940 123
1885950 123
1885960 123
1885970 123
1885980 123
1885990 123
1886000 123
1886010 123
1886020 123
1886030 123
1886040 123
1886050 123
1886060 123
1886070 123
1886080 123
1886090 123
1886100 123
1886110 123
1886120 123
1886130 123
1886140 123
1886150 123
1886160 123
1886170 123
1886180 123
1886190 123
1886200 123
1886210 123
1886220 123
1886230 123
1886240 123
1886250 123
1886260 123
1886270 123
1886280 123
1886290 124
1886300 123
1886310 123
1886320 123
1886330 123
1886340 123
1886350 123
1886360 123
1886370 123
1886380 123
1886390 123
1886400 123
1886410 123
1886420 123
1886430 123
1886440 123
1886450 123
1886460 123
1886470 123
1886480 123
1886490 123
1886500 123
1886510 123
1886520 123
1886530 123
1886540 123
1886550 123
1886560 123
1886570 123
1886580 123
1886590 123
1886600 123
1886610 123
1886620 123
1886630 123
1886640 123
1886650 123
1886660 123
1886670 123
1886680 123
1886690 123
1886700 123
1886710 123
1886720 123
1886730 123
1886740 123
1886750 122
1886760 122
1886770 122
1886780 122
1886790 122
1886800 122
1886810 122
1886820 123
1886830 123
1886840 123
1886850 122
1886860 122
1886870 123
1886880 123
1886890 123
1886900 123
1886910 123
1886920 123
1886930 123
1886940 123
1886950 123
1886960 123
1886970 123
1886980 123
1886990 123
1887000 123
1887010 123
1887020 123
1887030 123
1887040 123
1887050 123
1887060 123
1887070 123
1887080 123
1887090 123
1887100 123
1887110 123
1887120 124
1887130 124
1887140 124
1887150 124
1887160 124
1887170 124
1887180 124
1887190 124
1887200 124
1887210 123
1887220 123
1887230 123
1887240 123
1887250 123
1887260 123
1887270 122
1887280 122
1887290 122
1887300 122
1887310 122
1887320 122
1887330 122
1887340 122
1887350 122
1887360 122
1887370 122
1887380 122
1887390 122
1887400 122
1887410 122
1887420 123
1887430 123
1887440 123
1887450 123
1887460 123
1887470 123
1887480 123
1887490 124
1887500 124
1887510 124
1887520 125
1887530 125
1887540 125
1887550 125
1887560 125
1887570 125
1887580 125
1887590 125
1887600 125
1887610 125
1887620 125
1887630 125
1887640 125
1887650 125
1887660 125
1887670 125
1887680 125
1887690 125
1887700 125
1887710 125
1887720 125
1887730 125
1887740 125
1887750 125
1887760 125
1887770 125
1887780 125
1887790 125
1887800 125
1887810 125
1887820 124
1887830 124
1887840 124
1887850 124
1887860 124
1887870 124
1887880 124
1887890 124
1887900 124
1887910 124
1887920 123
1887930 123
1887940 123
1887950 123
1887960 123
1887970 123
1887980 123
1887990 123
1888000 123
1888010 123
1888020 123
1888030 123
1888040 123
1888050 123
1888060 123
1888070 123
1888080 123
1888090 123
1888100 123
1888110 123
1888120 123
1888130 123
1888140 123
1888150 124
1888160 124
1888170 124
1888180 124
1888190 124
1888200 124
1888210 123
1888220 123
1888230 123
1888240 123
1888250 123
1888260 123
1888270 123
1888280 123
1888290 123
1888300 123
1888310 123
1888320 123
1888330 123
1888340 123
1888350 123
1888360 123
1888370 123
1888380 123
1888390 123
1888400 123
1888410 123
1888420 123
1888430 123
1888440 123
1888450 123
1888460 123
1888470 123
1888480 122
1888490 122
1888500 122
1888510 122
1888520 122
1888530 122
1888540 122
1888550 122
1888560 122
1888570 122
1888580 122
1888590 122
1888600 122
1888610 122
1888620 122
1888630 122
1888640 122
1888650 122
1888660 122
1888670 122
1888680 122
1888690 122
1888700 122
1888710 122
1888720 122
1888730 122
1888740 122
1888750 122
1888760 122
1888770 122
1888780 122
1888790 122
1888800 122
1888810 122
1888820 122
1888830 122
1888840 122
1888850 123
1888860 123
1888870 123
1888880 123
1888890 124
1888900 124
1888910 124
1888920 124
1888930 124
1888940 124
1888950 124
1888960 124
1888970 124
1888980 124
1888990 124
1889000 124
1889010 123
1889020 123
1889030 123
1889040 123
1889050 123
1889060 123
1889070 123
1889080 123
1889090 123
1889100 123
1889110 123
1889120 123
1889130 123
1889140 123
1889150 123
1889160 123
1889170 123
1889180 123
1889190 123
1889200 123
1889210 123
1889220 123
1889230 123
1889240 123
1889250 123
1889260 123
1889270 123
1889280 123
1889290 122
1889300 122
1889310 122
1889320 122
1889330 122
1889340 122
1889350 122
1889360 122
1889370 122
1889380 122
1889390 122
1889400 122
1889410 122
1889420 122
1889430 122
1889440 122
1889450 122
1889460 122
1889470 122
1889480 122
1889490 122
1889500 122
1889510 122
1889520 122
1889530 122
1889540 122
1889550 122
1889560 122
1889570 122
1889580 122
1889590 122
1889600 122
1889610 122
1889620 122
1889630 122
1889640 122
1889650 122
1889660 122
1889670 121
1889680 121
1889690 121
1889700 121
1889710 121
1889720 121
1889730 121
1889740 121
1889750 121
1889760 122
1889770 121
1889780 121
1889790 121
1889800 121
1889810 121
1889820 121
1889830 121
1889840 121
1889850 121
1889860 121
1889870 121
1889880 121
1889890 121
1889900 121
1889910 121
1889920 121
1889930 121
1889940 121
1889950 121
1889960 121
1889970 121
1889980 121
1889990 121
1890000 121
1890010 121
1890020 121
1890030 121
1890040 121
1890050 121
1890060 121
1890070 121
1890080 121
1890090 121
1890100 121
1890110 121
1890120 121
1890130 121
1890140 121
1890150 121
1890160 121
1890170 121
1890180 121
1890190 121
1890200 121
1890210 121
1890220 121
1890230 121
1890240 121
1890250 121
1890260 121
1890270 121
1890280 121
1890290 121
1890300 121
1890310 121
1890320 121
1890330 121
1890340 121
1890350 121
1890360 121
1890370 121
1890380 121
1890390 121
1890400 121
1890410 121
1890420 121
1890430 121
1890440 121
1890450 121
1890460 121
1890470 121
1890480 121
1890490 121
1890500 121
1890510 121
1890520 121
1890530 121
1890540 121
1890550 121
1890560 121
1890570 121
1890580 121
1890590 121
1890600 121
1890610 121
1890620 121
1890630 121
1890640 121
1890650 121
1890660 121
1890670 121
1890680 121
1890690 121
1890700 121
1890710 121
1890720 121
1890730 121
1890740 121
1890750 121
1890760 121
1890770 121
1890780 121
1890790 121
1890800 121
1890810 121
1890820 121
1890830 121
1890840 121
1890850 121
1890860 121
1890870 121
1890880 121
1890890 121
1890900 121
1890910 121
1890920 121
1890930 121
1890940 121
1890950 121
1890960 121
1890970 121
1890980 121
1890990 121
1891000 121
1891010 121
1891020 121
1891030 121
1891040 121
1891050 121
1891060 121
1891070 121
1891080 121
1891090 121
1891100 121
1891110 121
1891120 121
1891130 121
1891140 121
1891150 121
1891160 121
1891170 121
1891180 121
1891190 121
1891200 121
1891210 121
1891220 121
1891230 121
1891240 121
1891250 121
1891260 121
1891270 121
1891280 121
1891290 121
1891300 121
1891310 121
1891320 121
1891330 121
1891340 121
1891350 121
1891360 121
1891370 121
1891380 121
1891390 121
1891400 121
1891410 121
1891420 121
1891430 121
1891440 121
1891450 121
1891460 121
1891470 121
1891480 121
1891490 121
1891500 121
1891510 121
1891520 121
1891530 122
1891540 122
1891550 122
1891560 122
1891570 122
1891580 122
1891590 122
1891600 122
1891610 122
1891620 122
1891630 122
1891640 122
1891650 123
1891660 122
1891670 122
1891680 122
1891690 122
1891700 122
1891710 122
1891720 122
1891730 122
1891740 122
1891750 122
1891760 122
1891770 122
1891780 122
1891790 122
1891800 122
1891810 122
1891820 122
1891830 122
1891840 122
1891850 122
1891860 122
1891870 122
1891880 122
1891890 122
1891900 122
1891910 122
1891920 121
1891930 121
1891940 121
1891950 121
1891960 121
1891970 121
1891980 121
1891990 121
1892000 121
1892010 121
1892020 121
1892030 121
1892040 121
1892050 121
1892060 121
1892070 121
1892080 121
1892090 121
1892100 121
1892110 121
1892120 121
1892130 121
1892140 121
1892150 121
1892160 121
1892170 121
1892180 121
1892190 121
1892200 121
1892210 121
1892220 121
1892230 121
1892240 121
1892250 121
1892260 121
1892270 121
1892280 121
1892290 121
1892300 121
1892310 121
1892320 121
1892330 121
1892340 121
1892350 121
1892360 121
1892370 121
1892380 121
1892390 121
1892400 121
1892410 121
1892420 121
1892430 121
1892440 121
1892450 121
1892460 121
1892470 121
1892480 121
1892490 121
1892500 121
1892510 121
1892520 121
1892530 121
1892540 121
1892550 121
1892560 121
1892570 121
1892580 121
1892590 121
1892600 121
1892610 121
1892620 121
1892630 122
1892640 122
1892650 122
1892660 122
1892670 123
1892680 123
1892690 123
1892700 123
1892710 123
1892720 123
1892730 123
1892740 123
1892750 123
1892760 123
1892770 123
1892780 123
1892790 123
1892800 123
1892810 123
1892820 123
1892830 123
1892840 123
1892850 123
1892860 123
1892870 123
1892880 123
1892890 123
1892900 124
1892910 124
1892920 124
1892930 124
1892940 124
1892950 124
1892960 124
1892970 124
1892980 124
1892990 124
1893000 124
1893010 124
1893020 124
1893030 124
1893040 124
1893050 124
1893060 124
1893070 124
1893080 124
1893090 123
1893100 123
1893110 123
1893120 123
1893130 123
1893140 123
1893150 123
1893160 123
1893170 123
1893180 123
1893190 123
1893200 123
1893210 123
1893220 123
1893230 123
1893240 123
1893250 123
1893260 123
1893270 123
1893280 123
1893290 123
1893300 123
1893310 123
1893320 123
1893330 123
1893340 123
1893350 123
1893360 123
1893370 123
1893380 123
1893390 123
1893400 123
1893410 123
1893420 122
1893430 122
1893440 122
1893450 122
1893460 122
1893470 122
1893480 122
1893490 122
1893500 122
1893510 122
1893520 122
1893530 122
1893540 122
1893550 122
1893560 122
1893570 123
1893580 123
1893590 123
1893600 123
1893610 123
1893620 123
1893630 123
1893640 123
1893650 123
1893660 122
1893670 122
1893680 122
1893690 122
1893700 122
1893710 122
1893720 122
1893730 122
1893740 122
1893750 122
1893760 122
1893770 122
1893780 122
1893790 122
1893800 122
1893810 123
1893820 123
1893830 123
1893840 123
1893850 123
1893860 123
1893870 123
1893880 123
1893890 123
1893900 123
1893910 123
1893920 123
1893930 123
1893940 123
1893950 123
1893960 123
1893970 123
1893980 123
1893990 122
1894000 122
1894010 122
1894020 122
1894030 122
1894040 122
1894050 122
1894060 122
1894070 122
1894080 122
1894090 122
1894100 122
1894110 122
1894120 122
1894130 122
1894140 122
1894150 122
1894160 122
1894170 122
1894180 122
1894190 122
1894200 122
1894210 122
1894220 122
1894230 122
1894240 122
1894250 122
1894260 122
1894270 122
1894280 121
1894290 121
1894300 121
1894310 121
1894320 121
1894330 122
1894340 122
1894350 122
1894360 122
1894370 122
1894380 122
1894390 122
1894400 122
1894410 122
1894420 121
1894430 121
1894440 121
1894450 121
1894460 121
1894470 121
1894480 121
1894490 122
1894500 122
1894510 122
1894520 122
1894530 122
1894540 121
1894550 121
1894560 121
1894570 121
1894580 121
1894590 121
1894600 121
1894610 121
1894620 121
1894630 121
1894640 121
1894650 121
1894660 121
1894670 121
1894680 121
1894690 121
1894700 121
1894710 121
1894720 121
1894730 121
1894740 121
1894750 121
1894760 121
1894770 121
1894780 121
1894790 121
1894800 121
1894810 121
1894820 121
1894830 121
1894840 121
1894850 121
1894860 121
1894870 121
1894880 121
1894890 121
1894900 121
1894910 121
1894920 121
1894930 121
1894940 121
1894950 121
1894960 121
1894970 121
1894980 121
1894990 121
1895000 121
1895010 121
1895020 121
1895030 121
1895040 121
1895050 121
1895060 121
1895070 121
1895080 121
1895090 121
1895100 121
1895110 121
1895120 121
1895130 121
1895140 121
1895150 121
1895160 121
1895170 121
1895180 121
1895190 122
1895200 122
1895210 122
1895220 122
1895230 122
1895240 122
1895250 122
1895260 122
1895270 122
1895280 122
1895290 122
1895300 122
1895310 122
1895320 122
1895330 122
1895340 122
1895350 122
1895360 122
1895370 122
1895380 122
1895390 122
1895400 122
1895410 122
1895420 122
1895430 122
1895440 122
1895450 122
1895460 122
1895470 122
1895480 122
1895490 122
1895500 122
1895510 122
1895520 122
1895530 122
1895540 122
1895550 122
1895560 122
1895570 122
1895580 122
1895590 122
1895600 122
1895610 122
1895620 122
1895630 122
1895640 122
1895650 122
1895660 122
1895670 122
1895680 122
1895690 122
1895700 122
1895710 122
1895720 122
1895730 122
1895740 122
1895750 122
1895760 122
1895770 122
1895780 122
1895790 122
1895800 122
1895810 122
1895820 122
1895830 122
1895840 122
1895850 122
1895860 122
1895870 122
1895880 122
1895890 122
1895900 122
1895910 122
1895920 122
1895930 122
1895940 122
1895950 122
1895960 122
1895970 122
1895980 122
1895990 122
1896000 122
1896010 122
1896020 122
1896030 122
1896040 122
1896050 122
1896060 122
1896070 122
1896080 122
1896090 122
1896100 122
1896110 122
1896120 122
1896130 122
1896140 122
1896150 122
1896160 122
1896170 122
1896180 122
1896190 122
1896200 122
1896210 122
1896220 122
1896230 122
1896240 122
1896250 122
1896260 122
1896270 122
1896280 122
1896290 122
1896300 122
1896310 122
1896320 122
1896330 122
1896340 122
1896350 122
1896360 122
1896370 122
1896380 122
1896390 122
1896400 122
1896410 122
1896420 122
1896430 122
1896440 122
1896450 122
1896460 122
1896470 122
1896480 122
1896490 122
1896500 122
1896510 122
1896520 122
1896530 122
1896540 122
1896550 122
1896560 122
1896570 122
1896580 122
1896590 122
1896600 122
1896610 122
1896620 122
1896630 122
1896640 122
1896650 122
1896660 122
1896670 122
1896680 122
1896690 122
1896700 122
1896710 122
1896720 122
1896730 122
1896740 122
1896750 122
1896760 122
1896770 122
1896780 122
1896790 122
1896800 122
1896810 122
1896820 122
1896830 122
1896840 122
1896850 122
1896860 122
1896870 122
1896880 122
1896890 122
1896900 122
1896910 122
1896920 122
1896930 122
1896940 122
1896950 122
1896960 122
1896970 122
1896980 122
1896990 122
1897000 122
1897010 122
1897020 122
1897030 122
1897040 122
1897050 122
1897060 122
1897070 122
1897080 122
1897090 122
1897100 122
1897110 122
1897120 122
1897130 122
1897140 122
1897150 122
1897160 122
1897170 122
1897180 122
1897190 122
1897200 122
1897210 122
1897220 122
1897230 122
1897240 122
1897250 122
1897260 122
1897270 122
1897280 122
1897290 122
1897300 122
1897310 123
1897320 123
1897330 123
1897340 123
1897350 123
1897360 123
1897370 122
1897380 122
1897390 122
1897400 122
1897410 122
1897420 122
1897430 122
1897440 122
1897450 122
1897460 122
1897470 122
1897480 122
1897490 122
1897500 122
1897510 122
1897520 122
1897530 122
1897540 122
1897550 122
1897560 122
1897570 122
1897580 122
1897590 122
1897600 122
1897610 122
1897620 122
1897630 122
1897640 122
1897650 122
1897660 122
1897670 122
1897680 122
1897690 123
1897700 123
1897710 123
1897720 123
1897730 123
1897740 123
1897750 123
1897760 123
1897770 123
1897780 123
1897790 123
1897800 123
1897810 123
1897820 123
1897830 123
1897840 123
1897850 123
1897860 123
1897870 123
1897880 123
1897890 123
1897900 123
1897910 123
1897920 123
1897930 123
1897940 123
1897950 123
1897960 123
1897970 123
1897980 123
1897990 123
1898000 123
1898010 123
1898020 123
1898030 123
1898040 123
1898050 123
1898060 123
1898070 123
1898080 123
1898090 123
1898100 123
1898110 123
1898120 123
1898130 123
1898140 123
1898150 123
1898160 123
1898170 123
1898180 123
1898190 123
1898200 123
1898210 123
1898220 123
1898230 123
1898240 123
1898250 123
1898260 123
1898270 122
1898280 122
1898290 122
1898300 122
1898310 122
1898320 122
1898330 122
1898340 122
1898350 122
1898360 122
1898370 122
1898380 122
1898390 122
1898400 122
1898410 122
1898420 122
1898430 122
1898440 122
1898450 122
1898460 122
1898470 122
1898480 122
1898490 122
1898500 122
1898510 122
1898520 122
1898530 122
1898540 121
1898550 121
1898560 121
1898570 121
1898580 121
1898590 121
1898600 121
1898610 121
1898620 121
1898630 121
1898640 121
1898650 121
1898660 121
1898670 121
1898680 121
1898690 122
1898700 122
1898710 122
1898720 122
1898730 122
1898740 122
1898750 122
1898760 122
1898770 122
1898780 122
1898790 122
1898800 122
1898810 122
1898820 122
1898830 122
1898840 122
1898850 122
1898860 122
1898870 122
1898880 122
1898890 122
1898900 122
1898910 123
1898920 123
1898930 123
1898940 123
1898950 123
1898960 124
1898970 124
1898980 124
1898990 124
1899000 124
1899010 124
1899020 124
1899030 124
1899040 124
1899050 124
1899060 124
1899070 124
1899080 124
1899090 124
1899100 124
1899110 124
1899120 124
1899130 124
1899140 124
1899150 124
1899160 124
1899170 124
1899180 124
1899190 124
1899200 124
1899210 124
1899220 124
1899230 124
1899240 124
1899250 124
1899260 124
1899270 124
1899280 124
1899290 124
1899300 124
1899310 124
1899320 124
1899330 124
1899340 124
1899350 124
1899360 123
1899370 123
1899380 123
1899390 123
1899400 123
1899410 123
1899420 123
1899430 123
1899440 123
1899450 123
1899460 123
1899470 123
1899480 123
1899490 123
1899500 123
1899510 123
1899520 123
1899530 123
1899540 123
1899550 123
1899560 123
1899570 123
