1880000 123
1880010 123
1880020 123
1880030 123
1880040 123
1880050 123
1880060 123
1880070 123
1880080 123
1880090 123
1880100 123
1880110 123
1880120 123
1880130 123
1880140 123
1880150 123
1880160 123
1880170 123
1880180 123
1880190 123
1880200 123
1880210 123
1880220 123
1880230 123
1880240 123
1880250 123
1880260 122
1880270 122
1880280 122
1880290 122
1880300 122
1880310 122
1880320 122
1880330 122
1880340 122
1880350 121
1880360 121
1880370 121
1880380 121
1880390 122
1880400 122
1880410 122
1880420 121
1880430 121
1880440 121
1880450 121
1880460 121
1880470 121
1880480 121
1880490 121
1880500 121
1880510 121
1880520 121
1880530 121
1880540 121
1880550 121
1880560 121
1880570 121
1880580 121
1880590 121
1880600 121
1880610 121
1880620 121
1880630 121
1880640 121
1880650 121
1880660 121
1880670 121
1880680 121
1880690 121
1880700 121
1880710 121
1880720 121
1880730 121
1880740 121
1880750 121
1880760 121
1880770 121
1880780 122
1880790 122
1880800 122
1880810 122
1880820 122
1880830 122
1880840 122
1880850 122
1880860 122
1880870 122
1880880 123
1880890 123
1880900 123
1880910 123
1880920 123
1880930 123
1880940 123
1880950 123
1880960 123
1880970 123
1880980 123
1880990 123
1881000 123
1881010 123
1881020 123
1881030 123
1881040 123
1881050 123
1881060 124
1881070 124
1881080 124
1881090 124
1881100 124
1881110 124
1881120 124
1881130 124
1881140 124
1881150 124
1881160 124
1881170 124
1881180 124
1881190 124
1881200 124
1881210 124
1881220 124
1881230 124
1881240 124
1881250 124
1881260 124
1881270 124
1881280 124
1881290 124
1881300 123
1881310 123
1881320 123
1881330 123
1881340 123
1881350 123
1881360 123
1881370 123
1881380 123
1881390 123
1881400 123
1881410 123
1881420 123
1881430 124
1881440 124
1881450 124
1881460 124
1881470 124
1881480 124
1881490 124
1881500 124
1881510 124
1881520 124
1881530 124
1881540 124
1881550 124
1881560 124
1881570 124
1881580 124
1881590 124
1881600 124
1881610 124
1881620 124
1881630 124
1881640 124
1881650 124
1881660 124
1881670 124
1881680 124
1881690 124
1881700 124
1881710 124
1881720 124
1881730 124
1881740 124
1881750 124
1881760 124
1881770 124
1881780 124
1881790 124
1881800 124
1881810 124
1881820 124
1881830 124
1881840 124
1881850 124
1881860 124
1881870 124
1881880 124
1881890 124
1881900 124
1881910 124
1881920 124
1881930 124
1881940 124
1881950 124
1881960 124
1881970 124
1881980 124
1881990 124
1882000 124
1882010 124
1882020 124
1882030 124
1882040 124
1882050 124
1882060 124
1882070 124
1882080 124
1882090 124
1882100 124
1882110 124
1882120 124
1882130 124
1882140 124
1882150 124
1882160 124
1882170 124
1882180 124
1882190 124
1882200 124
1882210 124
1882220 124
1882230 124
1882240 124
1882250 124
1882260 124
1882270 125
1882280 125
1882290 125
1882300 124
1882310 124
1882320 124
1882330 124
1882340 124
1882350 124
1882360 124
1882370 124
1882380 124
1882390 124
1882400 124
1882410 124
1882420 124
1882430 124
1882440 124
1882450 124
1882460 124
1882470 124
1882480 124
1882490 124
1882500 124
1882510 124
1882520 124
1882530 124
1882540 124
1882550 124
1882560 124
1882570 124
1882580 124
1882590 124
1882600 124
1882610 124
1882620 124
1882630 124
1882640 124
1882650 124
1882660 124
1882670 124
1882680 124
1882690 124
1882700 124
1882710 124
1882720 124
1882730 124
1882740 124
1882750 124
1882760 124
1882770 124
1882780 124
1882790 124
1882800 124
1882810 124
1882820 124
1882830 124
1882840 124
1882850 125
1882860 125
1882870 125
1882880 124
1882890 124
1882900 124
1882910 124
1882920 124
1882930 124
1882940 124
1882950 124
1882960 124
1882970 124
1882980 124
1882990 124
1883000 124
1883010 124
1883020 124
1883030 124
1883040 124
1883050 124
1883060 124
1883070 124
1883080 124
1883090 124
1883100 123
1883110 123
1883120 123
1883130 123
1883140 123
1883150 123
1883160 123
1883170 123
1883180 123
1883190 123
1883200 122
1883210 122
1883220 122
1883230 123
1883240 123
1883250 123
1883260 123
1883270 123
1883280 123
1883290 123
1883300 123
1883310 123
1883320 122
1883330 122
1883340 122
1883350 122
1883360 122
1883370 122
1883380 122
1883390 122
1883400 122
1883410 122
1883420 122
1883430 121
1883440 121
1883450 121
1883460 121
1883470 121
1883480 121
1883490 121
1883500 121
1883510 121
1883520 120
1883530 121
1883540 121
1883550 121
1883560 121
1883570 121
1883580 121
1883590 121
1883600 121
1883610 121
1883620 121
1883630 121
1883640 121
1883650 121
1883660 121
1883670 121
1883680 121
1883690 121
1883700 121
1883710 121
1883720 121
1883730 121
1883740 121
1883750 122
1883760 122
1883770 122
1883780 122
1883790 122
1883800 122
1883810 122
1883820 122
1883830 122
1883840 122
1883850 122
1883860 122
1883870 122
1883880 122
1883890 122
1883900 122
1883910 122
1883920 122
1883930 121
1883940 121
1883950 121
1883960 121
1883970 121
1883980 121
1883990 121
1884000 121
1884010 121
1884020 121
1884030 121
1884040 121
1884050 121
1884060 121
1884070 121
1884080 121
1884090 121
1884100 121
1884110 121
1884120 121
1884130 121
1884140 121
1884150 121
1884160 121
1884170 121
1884180 121
1884190 121
1884200 121
1884210 121
1884220 121
1884230 121
1884240 121
1884250 121
1884260 121
1884270 121
1884280 121
1884290 122
1884300 122
1884310 121
1884320 121
1884330 121
1884340 121
1884350 121
1884360 121
1884370 121
1884380 121
1884390 121
1884400 121
1884410 121
1884420 121
1884430 121
1884440 121
1884450 121
1884460 121
1884470 121
1884480 121
1884490 121
1884500 121
1884510 121
1884520 121
1884530 121
1884540 121
1884550 121
1884560 121
1884570 121
1884580 121
1884590 121
1884600 121
1884610 121
1884620 121
1884630 121
1884640 121
1884650 121
1884660 121
1884670 121
1884680 121
1884690 121
1884700 121
1884710 121
1884720 121
1884730 121
1884740 121
1884750 121
1884760 121
1884770 121
1884780 121
1884790 121
1884800 121
1884810 121
1884820 121
1884830 121
1884840 121
1884850 121
1884860 121
1884870 121
1884880 121
1884890 121
1884900 121
1884910 121
1884920 121
1884930 121
1884940 121
1884950 121
1884960 121
1884970 121
1884980 121
1884990 121
1885000 121
1885010 121
1885020 122
1885030 122
1885040 122
1885050 122
1885060 122
1885070 122
1885080 122
1885090 122
1885100 122
1885110 122
1885120 122
1885130 122
1885140 122
1885150 122
1885160 122
1885170 122
1885180 122
1885190 122
1885200 122
1885210 122
1885220 122
1885230 122
1885240 122
1885250 122
1885260 122
1885270 122
1885280 122
1885290 122
1885300 122
1885310 122
1885320 122
1885330 122
1885340 122
1885350 122
1885360 122
1885370 122
1885380 122
1885390 122
1885400 122
1885410 122
1885420 122
1885430 122
1885440 122
1885450 122
1885460 122
1885470 122
1885480 122
1885490 122
1885500 122
1885510 122
1885520 122
1885530 122
1885540 122
1885550 122
1885560 122
1885570 122
1885580 122
1885590 122
1885600 122
1885610 122
1885620 122
1885630 122
1885640 122
1885650 122
1885660 122
1885670 122
1885680 122
1885690 122
1885700 122
1885710 122
1885720 122
1885730 122
1885740 122
1885750 122
1885760 122
1885770 122
1885780 122
1885790 122
1885800 122
1885810 122
1885820 122
1885830 122
1885840 122
1885850 122
1885860 122
1885870 122
1885880 122
1885890 122
1885900 122
1885910 122
1885920 122
1885930 122
1885940 122
1885950 122
1885960 122
1885970 122
1885980 122
1885990 122
1886000 122
1886010 122
1886020 122
1886030 122
1886040 122
1886050 123
1886060 122
1886070 122
1886080 123
1886090 123
1886100 123
1886110 123
1886120 123
1886130 123
1886140 123
1886150 123
1886160 123
1886170 123
1886180 123
1886190 123
1886200 123
1886210 123
1886220 123
1886230 123
1886240 123
1886250 123
1886260 123
1886270 123
1886280 123
1886290 123
1886300 123
1886310 123
1886320 122
1886330 122
1886340 122
1886350 122
1886360 122
1886370 122
1886380 122
1886390 122
1886400 122
1886410 122
1886420 122
1886430 122
1886440 122
1886450 122
1886460 122
1886470 122
1886480 122
1886490 122
1886500 122
1886510 122
1886520 122
1886530 122
1886540 122
1886550 122
1886560 122
1886570 122
1886580 122
1886590 122
1886600 122
1886610 122
1886620 122
1886630 122
1886640 122
1886650 122
1886660 122
1886670 122
1886680 122
1886690 122
1886700 122
1886710 122
1886720 122
1886730 122
1886740 122
1886750 123
1886760 123
1886770 123
1886780 123
1886790 123
1886800 123
1886810 123
1886820 123
1886830 123
1886840 123
1886850 123
1886860 123
1886870 123
1886880 123
1886890 123
1886900 123
1886910 123
1886920 123
1886930 123
1886940 123
1886950 123
1886960 123
1886970 123
1886980 123
1886990 123
1887000 123
1887010 123
1887020 123
1887030 123
1887040 123
1887050 123
1887060 123
1887070 123
1887080 123
1887090 123
1887100 123
1887110 123
1887120 123
1887130 123
1887140 123
1887150 123
1887160 123
1887170 123
1887180 123
1887190 123
1887200 123
1887210 123
1887220 123
1887230 123
1887240 123
1887250 124
1887260 124
1887270 124
1887280 124
1887290 124
1887300 124
1887310 124
1887320 124
1887330 124
1887340 124
1887350 124
1887360 124
1887370 124
1887380 124
1887390 124
1887400 124
1887410 124
1887420 124
1887430 124
1887440 124
1887450 124
1887460 124
1887470 124
1887480 124
1887490 124
1887500 124
1887510 124
1887520 124
1887530 124
1887540 124
1887550 124
1887560 124
1887570 124
1887580 124
1887590 124
1887600 124
1887610 124
1887620 124
1887630 124
1887640 124
1887650 124
1887660 124
1887670 124
1887680 124
1887690 124
1887700 124
1887710 124
1887720 124
1887730 124
1887740 124
1887750 124
1887760 124
1887770 124
1887780 124
1887790 124
1887800 124
1887810 124
1887820 124
1887830 124
1887840 124
1887850 123
1887860 123
1887870 123
1887880 123
1887890 123
1887900 123
1887910 123
1887920 123
1887930 123
1887940 123
1887950 123
1887960 123
1887970 123
1887980 123
1887990 123
1888000 123
1888010 123
1888020 123
1888030 123
1888040 123
1888050 123
1888060 123
1888070 123
1888080 123
1888090 123
1888100 123
1888110 123
1888120 123
1888130 123
1888140 123
1888150 123
1888160 123
1888170 123
1888180 123
1888190 123
1888200 123
1888210 123
1888220 123
1888230 123
1888240 123
1888250 123
1888260 123
1888270 123
1888280 123
1888290 123
1888300 123
1888310 123
1888320 123
1888330 122
1888340 122
1888350 122
1888360 122
1888370 122
1888380 122
1888390 122
1888400 122
1888410 122
1888420 122
1888430 122
1888440 122
1888450 122
1888460 121
1888470 121
1888480 121
1888490 122
1888500 122
1888510 122
1888520 122
1888530 121
1888540 121
1888550 121
1888560 121
1888570 121
1888580 121
1888590 121
1888600 121
1888610 121
1888620 122
1888630 122
1888640 121
1888650 121
1888660 121
1888670 121
1888680 121
1888690 121
1888700 121
1888710 122
1888720 122
1888730 122
1888740 122
1888750 122
1888760 122
1888770 122
1888780 122
1888790 123
1888800 123
1888810 123
1888820 123
1888830 124
1888840 124
1888850 124
1888860 124
1888870 124
1888880 124
1888890 124
1888900 124
1888910 124
1888920 124
1888930 124
1888940 124
1888950 124
1888960 124
1888970 124
1888980 123
1888990 123
1889000 123
1889010 123
1889020 123
1889030 123
1889040 123
1889050 123
1889060 123
1889070 123
1889080 123
1889090 123
1889100 123
1889110 123
1889120 123
1889130 123
1889140 122
1889150 122
1889160 122
1889170 122
1889180 122
1889190 122
1889200 122
1889210 122
1889220 122
1889230 122
1889240 122
1889250 122
1889260 121
1889270 121
1889280 121
1889290 121
1889300 121
1889310 121
1889320 121
1889330 121
1889340 121
1889350 121
1889360 121
1889370 121
1889380 121
1889390 121
1889400 121
1889410 121
1889420 121
1889430 121
1889440 121
1889450 121
1889460 121
1889470 121
1889480 121
1889490 121
1889500 121
1889510 121
1889520 121
1889530 121
1889540 121
1889550 121
1889560 121
1889570 121
1889580 121
1889590 121
1889600 121
1889610 121
1889620 121
1889630 121
1889640 121
1889650 121
1889660 121
1889670 121
1889680 121
1889690 121
1889700 121
1889710 121
1889720 121
1889730 121
1889740 121
1889750 121
1889760 121
1889770 121
1889780 121
1889790 121
1889800 121
1889810 121
1889820 121
1889830 121
1889840 121
1889850 121
1889860 121
1889870 121
1889880 121
1889890 121
1889900 121
1889910 121
1889920 121
1889930 121
1889940 121
1889950 121
1889960 121
1889970 121
1889980 121
1889990 121
1890000 121
1890010 121
1890020 121
1890030 121
1890040 121
1890050 121
1890060 121
1890070 121
1890080 121
1890090 121
1890100 121
1890110 121
1890120 121
1890130 121
1890140 121
1890150 121
1890160 121
1890170 121
1890180 121
1890190 121
1890200 121
1890210 121
1890220 121
1890230 121
1890240 121
1890250 121
1890260 121
1890270 121
1890280 121
1890290 121
1890300 121
1890310 121
1890320 121
1890330 121
1890340 121
1890350 121
1890360 121
1890370 121
1890380 121
1890390 121
1890400 121
1890410 121
1890420 121
1890430 121
1890440 121
1890450 121
1890460 121
1890470 121
1890480 121
1890490 121
1890500 121
1890510 121
1890520 121
1890530 121
1890540 121
1890550 121
1890560 121
1890570 121
1890580 121
1890590 121
1890600 121
1890610 121
1890620 121
1890630 121
1890640 121
1890650 121
1890660 121
1890670 121
1890680 121
1890690 122
1890700 122
1890710 122
1890720 121
1890730 121
1890740 121
1890750 121
1890760 121
1890770 121
1890780 121
1890790 121
1890800 121
1890810 121
1890820 121
1890830 121
1890840 122
1890850 122
1890860 122
1890870 122
1890880 122
1890890 121
1890900 121
1890910 121
1890920 121
1890930 121
1890940 121
1890950 121
1890960 121
1890970 121
1890980 121
1890990 121
1891000 121
1891010 121
1891020 121
1891030 121
1891040 121
1891050 121
1891060 121
1891070 121
1891080 121
1891090 121
1891100 121
1891110 121
1891120 121
1891130 121
1891140 121
1891150 121
1891160 121
1891170 121
1891180 121
1891190 121
1891200 121
1891210 121
1891220 121
1891230 121
1891240 121
1891250 121
1891260 121
1891270 121
1891280 121
1891290 121
1891300 121
1891310 121
1891320 121
1891330 121
1891340 121
1891350 121
1891360 121
1891370 121
1891380 121
1891390 121
1891400 121
1891410 121
1891420 121
1891430 121
1891440 121
1891450 121
1891460 121
1891470 121
1891480 121
1891490 121
1891500 121
1891510 121
1891520 121
1891530 121
1891540 121
1891550 121
1891560 121
1891570 121
1891580 121
1891590 121
1891600 121
1891610 121
1891620 121
1891630 121
1891640 121
1891650 121
1891660 122
1891670 122
1891680 123
1891690 122
1891700 122
1891710 122
1891720 122
1891730 122
1891740 122
1891750 122
1891760 122
1891770 122
1891780 122
1891790 122
1891800 122
1891810 122
1891820 122
1891830 122
1891840 123
1891850 123
1891860 123
1891870 123
1891880 123
1891890 123
1891900 123
1891910 122
1891920 122
1891930 122
1891940 122
1891950 122
1891960 122
1891970 122
1891980 122
1891990 122
1892000 123
1892010 123
1892020 123
1892030 122
1892040 122
1892050 122
1892060 123
1892070 123
1892080 123
1892090 123
1892100 123
1892110 123
1892120 123
1892130 123
1892140 123
1892150 123
1892160 123
1892170 123
1892180 122
1892190 122
1892200 122
1892210 122
1892220 122
1892230 122
1892240 122
1892250 122
1892260 123
1892270 123
1892280 123
1892290 123
1892300 123
1892310 123
1892320 122
1892330 123
1892340 123
1892350 123
1892360 123
1892370 123
1892380 123
1892390 123
1892400 123
1892410 123
1892420 123
1892430 123
1892440 123
1892450 123
1892460 123
1892470 123
1892480 123
1892490 123
1892500 123
1892510 123
1892520 123
1892530 123
1892540 123
1892550 123
1892560 123
1892570 123
1892580 123
1892590 123
1892600 123
1892610 123
1892620 123
1892630 123
1892640 123
1892650 123
1892660 123
1892670 123
1892680 123
1892690 123
1892700 123
1892710 123
1892720 123
1892730 123
1892740 123
1892750 124
1892760 124
1892770 124
1892780 124
1892790 124
1892800 124
1892810 124
1892820 124
1892830 124
1892840 124
1892850 124
1892860 124
1892870 124
1892880 124
1892890 124
1892900 124
1892910 124
1892920 124
1892930 124
1892940 124
1892950 124
1892960 123
1892970 123
1892980 123
1892990 123
1893000 123
1893010 123
1893020 123
1893030 123
1893040 123
1893050 123
1893060 123
1893070 123
1893080 123
1893090 123
1893100 123
1893110 123
1893120 123
1893130 123
1893140 123
1893150 123
1893160 123
1893170 123
1893180 123
1893190 123
1893200 123
1893210 123
1893220 123
1893230 123
1893240 123
1893250 123
1893260 123
1893270 123
1893280 123
1893290 123
1893300 123
1893310 123
1893320 123
1893330 123
1893340 123
1893350 123
1893360 123
1893370 123
1893380 123
1893390 123
1893400 123
1893410 123
1893420 123
1893430 123
1893440 123
1893450 123
1893460 123
1893470 123
1893480 123
1893490 123
1893500 123
1893510 123
1893520 123
1893530 123
1893540 123
1893550 123
1893560 123
1893570 123
1893580 123
1893590 123
1893600 124
1893610 124
1893620 124
1893630 124
1893640 124
1893650 124
1893660 124
1893670 124
1893680 124
1893690 124
1893700 124
1893710 124
1893720 124
1893730 124
1893740 124
1893750 124
1893760 124
1893770 124
1893780 124
1893790 124
1893800 124
1893810 124
1893820 124
1893830 124
1893840 124
1893850 123
1893860 123
1893870 123
1893880 123
1893890 123
1893900 123
1893910 123
1893920 123
1893930 123
1893940 123
1893950 123
1893960 123
1893970 123
1893980 123
1893990 123
1894000 123
1894010 122
1894020 122
1894030 122
1894040 122
1894050 122
1894060 122
1894070 122
1894080 122
1894090 122
1894100 123
1894110 123
1894120 123
1894130 123
1894140 123
1894150 123
1894160 123
1894170 123
1894180 122
1894190 123
1894200 123
1894210 123
1894220 123
1894230 123
1894240 123
1894250 123
1894260 123
1894270 123
1894280 123
1894290 123
1894300 123
1894310 123
1894320 123
1894330 123
1894340 123
1894350 123
1894360 123
1894370 123
1894380 122
1894390 122
1894400 122
1894410 122
1894420 122
1894430 122
1894440 122
1894450 122
1894460 122
1894470 122
1894480 122
1894490 122
1894500 122
1894510 122
1894520 122
1894530 122
1894540 122
1894550 122
1894560 122
1894570 122
1894580 122
1894590 122
1894600 122
1894610 122
1894620 122
1894630 122
1894640 122
1894650 122
1894660 122
1894670 122
1894680 122
1894690 122
1894700 121
1894710 121
1894720 121
1894730 121
1894740 121
1894750 121
1894760 121
1894770 121
1894780 121
1894790 121
1894800 121
1894810 121
1894820 121
1894830 121
1894840 121
1894850 121
1894860 121
1894870 121
1894880 121
1894890 121
1894900 121
1894910 121
1894920 121
1894930 121
1894940 121
1894950 121
1894960 121
1894970 121
1894980 121
1894990 121
1895000 121
1895010 121
1895020 121
1895030 121
1895040 121
1895050 121
1895060 121
1895070 121
1895080 121
1895090 121
1895100 120
1895110 120
1895120 120
1895130 120
1895140 120
1895150 120
1895160 121
1895170 121
1895180 121
1895190 121
1895200 121
1895210 121
1895220 121
1895230 121
1895240 121
1895250 121
1895260 121
1895270 121
1895280 121
1895290 121
1895300 121
1895310 121
1895320 121
1895330 121
1895340 121
1895350 121
1895360 121
1895370 121
1895380 121
1895390 121
1895400 121
1895410 121
1895420 121
1895430 121
1895440 121
1895450 121
1895460 121
1895470 121
1895480 121
1895490 121
1895500 121
1895510 121
1895520 121
1895530 121
1895540 121
1895550 121
1895560 121
1895570 121
1895580 122
1895590 122
1895600 122
1895610 122
1895620 122
1895630 122
1895640 122
1895650 122
1895660 122
1895670 122
1895680 122
1895690 122
1895700 122
1895710 122
1895720 122
1895730 122
1895740 122
1895750 122
1895760 122
1895770 122
1895780 122
1895790 122
1895800 122
1895810 122
1895820 122
1895830 122
1895840 122
1895850 122
1895860 122
1895870 122
1895880 122
1895890 122
1895900 122
1895910 122
1895920 122
1895930 122
1895940 122
1895950 122
1895960 122
1895970 122
1895980 122
1895990 122
1896000 122
1896010 122
1896020 122
1896030 122
1896040 122
1896050 122
1896060 122
1896070 122
1896080 122
1896090 122
1896100 122
1896110 122
1896120 122
1896130 122
1896140 122
1896150 122
1896160 122
1896170 122
1896180 122
1896190 122
1896200 122
1896210 122
1896220 122
1896230 122
1896240 122
1896250 122
1896260 122
1896270 122
1896280 122
1896290 122
1896300 122
1896310 122
1896320 122
1896330 122
1896340 122
1896350 122
1896360 122
1896370 122
1896380 122
1896390 122
1896400 122
1896410 122
1896420 122
1896430 122
1896440 122
1896450 122
1896460 122
1896470 122
1896480 122
1896490 122
1896500 122
1896510 122
1896520 122
1896530 122
1896540 122
1896550 122
1896560 122
1896570 122
1896580 122
1896590 122
1896600 122
1896610 122
1896620 122
1896630 122
1896640 122
1896650 122
1896660 122
1896670 122
1896680 122
1896690 122
1896700 122
1896710 122
1896720 122
1896730 122
1896740 122
1896750 122
1896760 122
1896770 122
1896780 122
1896790 122
1896800 122
1896810 122
1896820 122
1896830 122
1896840 122
1896850 122
1896860 122
1896870 122
1896880 122
1896890 122
1896900 122
1896910 122
1896920 122
1896930 122
1896940 122
1896950 122
1896960 122
1896970 122
1896980 122
1896990 122
1897000 122
1897010 122
1897020 122
1897030 122
1897040 122
1897050 122
1897060 122
1897070 122
1897080 122
1897090 122
1897100 122
1897110 122
1897120 122
1897130 122
1897140 122
1897150 122
1897160 122
1897170 122
1897180 122
1897190 122
1897200 122
1897210 122
1897220 122
1897230 122
1897240 122
1897250 122
1897260 122
1897270 123
1897280 123
1897290 123
1897300 123
1897310 123
1897320 123
1897330 123
1897340 123
1897350 123
1897360 123
1897370 123
1897380 123
1897390 123
1897400 123
1897410 123
1897420 123
1897430 123
1897440 122
1897450 123
1897460 123
1897470 123
1897480 123
1897490 123
1897500 122
1897510 122
1897520 122
1897530 122
1897540 122
1897550 122
1897560 122
1897570 122
1897580 122
1897590 122
1897600 122
1897610 122
1897620 122
1897630 122
1897640 122
1897650 122
1897660 122
1897670 122
1897680 122
1897690 122
1897700 122
1897710 122
1897720 122
1897730 122
1897740 123
1897750 123
1897760 123
1897770 123
1897780 123
1897790 123
1897800 123
1897810 123
1897820 123
1897830 124
1897840 124
1897850 124
1897860 124
1897870 124
1897880 124
1897890 124
1897900 124
1897910 124
1897920 124
1897930 124
1897940 124
1897950 124
1897960 124
1897970 124
1897980 124
1897990 124
1898000 124
1898010 124
1898020 124
1898030 124
1898040 124
1898050 124
1898060 124
1898070 124
1898080 124
1898090 123
1898100 123
1898110 123
1898120 123
1898130 123
1898140 123
1898150 123
1898160 123
1898170 123
1898180 123
1898190 123
1898200 123
1898210 123
1898220 123
1898230 123
1898240 123
1898250 123
1898260 123
1898270 123
1898280 123
1898290 123
1898300 123
1898310 123
1898320 123
1898330 123
1898340 123
1898350 123
1898360 123
1898370 123
1898380 123
1898390 123
1898400 123
1898410 123
1898420 123
1898430 123
1898440 123
1898450 123
1898460 123
1898470 124
1898480 124
1898490 124
1898500 124
1898510 123
1898520 123
1898530 123
1898540 124
1898550 124
1898560 124
1898570 124
1898580 124
1898590 124
1898600 124
1898610 124
1898620 124
1898630 124
1898640 124
1898650 124
1898660 124
1898670 124
1898680 124
1898690 124
1898700 124
1898710 124
1898720 124
1898730 124
1898740 124
1898750 124
1898760 124
1898770 124
1898780 124
1898790 124
1898800 124
1898810 124
1898820 124
1898830 124
1898840 124
1898850 124
1898860 124
1898870 124
1898880 124
1898890 124
1898900 124
1898910 124
1898920 124
1898930 124
1898940 124
1898950 124
1898960 124
1898970 124
1898980 124
1898990 124
1899000 124
1899010 124
1899020 125
1899030 124
1899040 124
1899050 124
1899060 124
1899070 124
1899080 125
1899090 125
1899100 125
1899110 125
1899120 125
1899130 125
1899140 125
1899150 125
1899160 125
1899170 125
1899180 125
1899190 125
1899200 125
1899210 125
1899220 125
1899230 125
1899240 124
1899250 124
1899260 124
1899270 124
1899280 124
1899290 124
1899300 124
1899310 124
1899320 124
1899330 124
1899340 124
1899350 124
1899360 123
1899370 123
1899380 123
1899390 123
1899400 123
1899410 123
1899420 123
1899430 123
1899440 123
1899450 123
1899460 124
1899470 124
1899480 124
1899490 124
1899500 124
1899510 123
1899520 123
1899530 123
1899540 123
1899550 123
1899560 123
1899570 123
1899580 123
1899590 123
1899600 123
1899610 123
1899620 123
1899630 123
1899640 123
1899650 123
1899660 122
1899670 122
1899680 122
1899690 122
1899700 122
1899710 122
1899720 122
1899730 122
1899740 122
1899750 122
1899760 122
1899770 122
1899780 122
1899790 122
1899800 122
1899810 122
1899820 122
1899830 122
1899840 122
1899850 122
1899860 122
1899870 122
