1880000 122
1880010 122
1880020 122
1880030 122
1880040 122
1880050 122
1880060 122
1880070 121
1880080 121
1880090 121
1880100 121
1880110 121
1880120 121
1880130 121
1880140 121
1880150 121
1880160 121
1880170 121
1880180 121
1880190 121
1880200 121
1880210 121
1880220 121
1880230 121
1880240 121
1880250 121
1880260 121
1880270 121
1880280 121
1880290 121
1880300 121
1880310 121
1880320 121
1880330 121
1880340 121
1880350 122
1880360 122
1880370 121
1880380 121
1880390 121
1880400 121
1880410 121
1880420 121
1880430 121
1880440 121
1880450 121
1880460 121
1880470 121
1880480 121
1880490 121
1880500 121
1880510 121
1880520 121
1880530 121
1880540 121
1880550 121
1880560 121
1880570 121
1880580 121
1880590 121
1880600 121
1880610 121
1880620 121
1880630 121
1880640 121
1880650 121
1880660 121
1880670 121
1880680 121
1880690 121
1880700 121
1880710 122
1880720 122
1880730 122
1880740 122
1880750 122
1880760 122
1880770 123
1880780 123
1880790 123
1880800 123
1880810 123
1880820 123
1880830 123
1880840 123
1880850 123
1880860 123
1880870 123
1880880 123
1880890 123
1880900 123
1880910 123
1880920 123
1880930 123
1880940 123
1880950 123
1880960 123
1880970 123
1880980 123
1880990 123
1881000 123
1881010 123
1881020 123
1881030 123
1881040 123
1881050 124
1881060 124
1881070 124
1881080 124
1881090 124
1881100 123
1881110 123
1881120 123
1881130 123
1881140 123
1881150 123
1881160 123
1881170 123
1881180 123
1881190 123
1881200 123
1881210 123
1881220 123
1881230 123
1881240 123
1881250 123
1881260 123
1881270 123
1881280 124
1881290 124
1881300 124
1881310 124
1881320 124
1881330 124
1881340 124
1881350 124
1881360 124
1881370 124
1881380 124
1881390 124
1881400 124
1881410 124
1881420 124
1881430 124
1881440 124
1881450 124
1881460 124
1881470 124
1881480 124
1881490 124
1881500 124
1881510 124
1881520 124
1881530 124
1881540 124
1881550 124
1881560 124
1881570 124
1881580 124
1881590 124
1881600 124
1881610 124
1881620 123
1881630 123
1881640 123
1881650 123
1881660 123
1881670 123
1881680 123
1881690 123
1881700 123
1881710 123
1881720 123
1881730 123
1881740 123
1881750 123
1881760 123
1881770 123
1881780 123
1881790 123
1881800 123
1881810 124
1881820 124
1881830 124
1881840 124
1881850 124
1881860 124
1881870 124
1881880 124
1881890 124
1881900 124
1881910 124
1881920 124
1881930 124
1881940 124
1881950 124
1881960 124
1881970 124
1881980 124
1881990 124
1882000 124
1882010 124
1882020 124
1882030 124
1882040 124
1882050 124
1882060 124
1882070 124
1882080 124
1882090 123
1882100 123
1882110 123
1882120 123
1882130 123
1882140 123
1882150 123
1882160 123
1882170 123
1882180 123
1882190 123
1882200 124
1882210 124
1882220 124
1882230 124
1882240 124
1882250 124
1882260 124
1882270 124
1882280 124
1882290 124
1882300 124
1882310 124
1882320 124
1882330 124
1882340 124
1882350 124
1882360 124
1882370 124
1882380 124
1882390 124
1882400 124
1882410 124
1882420 124
1882430 124
1882440 124
1882450 124
1882460 124
1882470 124
1882480 124
1882490 124
1882500 124
1882510 124
1882520 124
1882530 124
1882540 124
1882550 124
1882560 124
1882570 124
1882580 124
1882590 124
1882600 124
1882610 124
1882620 124
1882630 124
1882640 124
1882650 124
1882660 124
1882670 124
1882680 124
1882690 124
1882700 124
1882710 124
1882720 124
1882730 124
1882740 124
1882750 124
1882760 124
1882770 124
1882780 124
1882790 124
1882800 124
1882810 123
1882820 124
1882830 124
1882840 123
1882850 123
1882860 123
1882870 123
1882880 123
1882890 123
1882900 123
1882910 123
1882920 123
1882930 123
1882940 123
1882950 123
1882960 123
1882970 123
1882980 123
1882990 123
1883000 123
1883010 123
1883020 123
1883030 123
1883040 123
1883050 123
1883060 123
1883070 123
1883080 123
1883090 123
1883100 123
1883110 123
1883120 123
1883130 123
1883140 123
1883150 123
1883160 123
1883170 123
1883180 123
1883190 123
1883200 123
1883210 123
1883220 123
1883230 123
1883240 123
1883250 123
1883260 123
1883270 123
1883280 123
1883290 123
1883300 123
1883310 123
1883320 123
1883330 123
1883340 123
1883350 122
1883360 122
1883370 122
1883380 122
1883390 122
1883400 123
1883410 123
1883420 123
1883430 123
1883440 123
1883450 123
1883460 123
1883470 123
1883480 123
1883490 123
1883500 123
1883510 123
1883520 123
1883530 123
1883540 123
1883550 123
1883560 123
1883570 123
1883580 123
1883590 123
1883600 123
1883610 123
1883620 123
1883630 123
1883640 123
1883650 123
1883660 123
1883670 123
1883680 123
1883690 123
1883700 123
1883710 123
1883720 123
1883730 123
1883740 123
1883750 123
1883760 123
1883770 123
1883780 123
1883790 123
1883800 123
1883810 124
1883820 123
1883830 123
1883840 123
1883850 123
1883860 123
1883870 123
1883880 123
1883890 123
1883900 123
1883910 123
1883920 123
1883930 123
1883940 123
1883950 123
1883960 123
1883970 123
1883980 123
1883990 123
1884000 123
1884010 123
1884020 123
1884030 123
1884040 123
1884050 123
1884060 123
1884070 124
1884080 124
1884090 124
1884100 124
1884110 124
1884120 124
1884130 124
1884140 124
1884150 124
1884160 124
1884170 124
1884180 124
1884190 124
1884200 124
1884210 124
1884220 124
1884230 124
1884240 124
1884250 124
1884260 124
1884270 124
1884280 124
1884290 124
1884300 123
1884310 123
1884320 123
1884330 124
1884340 124
1884350 124
1884360 124
1884370 124
1884380 124
1884390 124
1884400 124
1884410 124
1884420 124
1884430 124
1884440 124
1884450 124
1884460 124
1884470 124
1884480 124
1884490 124
1884500 124
1884510 124
1884520 124
1884530 124
1884540 124
1884550 124
1884560 124
1884570 124
1884580 124
1884590 124
1884600 124
1884610 124
1884620 124
1884630 124
1884640 124
1884650 124
1884660 124
1884670 124
1884680 124
1884690 124
1884700 124
1884710 123
1884720 123
1884730 123
1884740 123
1884750 123
1884760 123
1884770 122
1884780 122
1884790 122
1884800 122
1884810 122
1884820 122
1884830 122
1884840 122
1884850 122
1884860 122
1884870 122
1884880 122
1884890 122
1884900 122
1884910 122
1884920 122
1884930 122
1884940 122
1884950 122
1884960 122
1884970 122
1884980 122
1884990 122
1885000 122
1885010 122
1885020 122
1885030 122
1885040 122
1885050 122
1885060 122
1885070 122
1885080 122
1885090 122
1885100 122
1885110 122
1885120 122
1885130 122
1885140 122
1885150 122
1885160 122
1885170 122
1885180 122
1885190 123
1885200 123
1885210 123
1885220 123
1885230 123
1885240 123
1885250 123
1885260 123
1885270 123
1885280 124
1885290 124
1885300 124
1885310 123
1885320 123
1885330 123
1885340 123
1885350 123
1885360 123
1885370 123
1885380 123
1885390 123
1885400 123
1885410 123
1885420 123
1885430 123
1885440 123
1885450 123
1885460 123
1885470 123
1885480 123
1885490 123
1885500 123
1885510 123
1885520 123
1885530 123
1885540 123
1885550 123
1885560 123
1885570 123
1885580 123
1885590 123
1885600 123
1885610 123
1885620 123
1885630 123
1885640 123
1885650 123
1885660 123
1885670 123
1885680 123
1885690 123
1885700 123
1885710 123
1885720 123
1885730 123
1885740 123
1885750 123
1885760 123
1885770 123
1885780 123
1885790 123
1885800 123
1885810 123
1885820 123
1885830 123
1885840 123
1885850 123
1885860 123
1885870 123
1885880 123
1885890 123
1885900 123
1885910 123
1885920 123
1885930 123
1885940 123
1885950 123
1885960 123
1885970 123
1885980 123
1885990 123
1886000 123
1886010 123
1886020 123
1886030 123
1886040 123
1886050 123
1886060 123
1886070 123
1886080 123
1886090 123
1886100 123
1886110 123
1886120 123
1886130 123
1886140 123
1886150 123
1886160 123
1886170 123
1886180 123
1886190 123
1886200 123
1886210 123
1886220 123
1886230 124
1886240 124
1886250 123
1886260 123
1886270 123
1886280 124
1886290 124
1886300 124
1886310 124
1886320 124
1886330 124
1886340 124
1886350 124
1886360 124
1886370 124
1886380 124
1886390 124
1886400 124
1886410 124
1886420 124
1886430 123
1886440 123
1886450 123
1886460 124
1886470 124
1886480 124
1886490 124
1886500 123
1886510 123
1886520 123
1886530 123
1886540 123
1886550 123
1886560 123
1886570 123
1886580 123
1886590 123
1886600 123
1886610 123
1886620 124
1886630 124
1886640 123
1886650 123
1886660 123
1886670 123
1886680 123
1886690 123
1886700 122
1886710 122
1886720 122
1886730 122
1886740 122
1886750 122
1886760 122
1886770 122
1886780 122
1886790 122
1886800 122
1886810 122
1886820 122
1886830 122
1886840 122
1886850 122
1886860 122
1886870 122
1886880 122
1886890 122
1886900 122
1886910 122
1886920 122
1886930 122
1886940 122
1886950 122
1886960 122
1886970 122
1886980 122
1886990 122
1887000 122
1887010 122
1887020 122
1887030 122
1887040 122
1887050 122
1887060 122
1887070 122
1887080 122
1887090 122
1887100 122
1887110 122
1887120 122
1887130 122
1887140 122
1887150 122
1887160 122
1887170 122
1887180 122
1887190 122
1887200 122
1887210 122
1887220 122
1887230 122
1887240 122
1887250 122
1887260 122
1887270 122
1887280 122
1887290 122
1887300 122
1887310 122
1887320 122
1887330 122
1887340 122
1887350 122
1887360 122
1887370 122
1887380 122
1887390 122
1887400 122
1887410 122
1887420 122
1887430 122
1887440 122
1887450 122
1887460 122
1887470 122
1887480 122
1887490 122
1887500 122
1887510 122
1887520 122
1887530 122
1887540 123
1887550 123
1887560 123
1887570 123
1887580 123
1887590 123
1887600 123
1887610 123
1887620 123
1887630 123
1887640 123
1887650 123
1887660 123
1887670 123
1887680 123
1887690 123
1887700 123
1887710 123
1887720 124
1887730 124
1887740 124
1887750 124
1887760 124
1887770 124
1887780 124
1887790 124
1887800 124
1887810 124
1887820 124
1887830 124
1887840 124
1887850 124
1887860 124
1887870 124
1887880 124
1887890 124
1887900 124
1887910 124
1887920 124
1887930 124
1887940 124
1887950 123
1887960 123
1887970 123
1887980 123
1887990 123
1888000 123
1888010 123
1888020 123
1888030 123
1888040 122
1888050 122
1888060 122
1888070 122
1888080 122
1888090 122
1888100 122
1888110 122
1888120 122
1888130 122
1888140 122
1888150 122
1888160 122
1888170 123
1888180 123
1888190 122
1888200 123
1888210 122
1888220 122
1888230 123
1888240 123
1888250 123
1888260 123
1888270 123
1888280 123
1888290 123
1888300 123
1888310 123
1888320 123
1888330 123
1888340 123
1888350 123
1888360 123
1888370 123
1888380 123
1888390 123
1888400 123
1888410 123
1888420 123
1888430 123
1888440 123
1888450 123
1888460 123
1888470 123
1888480 123
1888490 123
1888500 123
1888510 123
1888520 123
1888530 123
1888540 123
1888550 123
1888560 123
1888570 123
1888580 123
1888590 123
1888600 124
1888610 124
1888620 124
1888630 124
1888640 124
1888650 124
1888660 124
1888670 124
1888680 124
1888690 124
1888700 124
1888710 124
1888720 124
1888730 124
1888740 124
1888750 124
1888760 124
1888770 124
1888780 124
1888790 124
1888800 124
1888810 124
1888820 124
1888830 124
1888840 124
1888850 124
1888860 124
1888870 124
1888880 123
1888890 123
1888900 124
1888910 124
1888920 124
1888930 124
1888940 124
1888950 124
1888960 124
1888970 124
1888980 124
1888990 124
1889000 124
1889010 124
1889020 124
1889030 124
1889040 124
1889050 124
1889060 124
1889070 124
1889080 124
1889090 124
1889100 124
1889110 124
1889120 124
1889130 124
1889140 124
1889150 124
1889160 124
1889170 124
1889180 124
1889190 124
1889200 124
1889210 124
1889220 124
1889230 124
1889240 124
1889250 124
1889260 124
1889270 124
1889280 124
1889290 125
1889300 124
1889310 124
1889320 124
1889330 124
1889340 124
1889350 124
1889360 124
1889370 124
1889380 124
1889390 124
1889400 124
1889410 124
1889420 124
1889430 124
1889440 124
1889450 124
1889460 124
1889470 124
1889480 124
1889490 124
1889500 124
1889510 124
1889520 124
1889530 124
1889540 124
1889550 124
1889560 124
1889570 124
1889580 124
1889590 124
1889600 124
1889610 123
1889620 123
1889630 123
1889640 123
1889650 123
1889660 123
1889670 123
1889680 123
1889690 123
1889700 123
1889710 123
1889720 123
1889730 123
1889740 123
1889750 123
1889760 123
1889770 123
1889780 123
1889790 123
1889800 123
1889810 124
1889820 124
1889830 124
1889840 124
1889850 124
1889860 124
1889870 124
1889880 124
1889890 124
1889900 124
1889910 124
1889920 124
1889930 124
1889940 124
1889950 124
1889960 124
1889970 124
1889980 124
1889990 124
1890000 124
1890010 124
1890020 124
1890030 124
1890040 124
1890050 123
1890060 123
1890070 123
1890080 123
1890090 123
1890100 123
1890110 123
1890120 123
1890130 123
1890140 123
1890150 122
1890160 122
1890170 122
1890180 122
1890190 122
1890200 122
1890210 122
1890220 122
1890230 122
1890240 122
1890250 122
1890260 122
1890270 122
1890280 122
1890290 122
1890300 122
1890310 122
1890320 122
1890330 122
1890340 122
1890350 122
1890360 122
1890370 122
1890380 122
1890390 122
1890400 122
1890410 122
1890420 122
1890430 122
1890440 122
1890450 122
1890460 122
1890470 122
1890480 122
1890490 122
1890500 122
1890510 122
1890520 122
1890530 122
1890540 122
1890550 122
1890560 122
1890570 122
1890580 122
1890590 122
1890600 122
1890610 122
1890620 122
1890630 122
1890640 122
1890650 122
1890660 122
1890670 122
1890680 122
1890690 122
1890700 122
1890710 122
1890720 122
1890730 122
1890740 122
1890750 122
1890760 122
1890770 122
1890780 122
1890790 122
1890800 122
1890810 122
1890820 122
1890830 122
1890840 122
1890850 122
1890860 122
1890870 122
1890880 122
1890890 122
1890900 122
1890910 122
1890920 122
1890930 122
1890940 122
1890950 122
1890960 122
1890970 121
1890980 121
1890990 121
1891000 121
1891010 121
1891020 121
1891030 121
1891040 121
1891050 121
1891060 121
1891070 121
1891080 121
1891090 121
1891100 121
1891110 121
1891120 121
1891130 121
1891140 121
1891150 121
1891160 121
1891170 121
1891180 121
1891190 121
1891200 121
1891210 121
1891220 121
1891230 121
1891240 121
1891250 121
1891260 121
1891270 121
1891280 121
1891290 121
1891300 121
1891310 121
1891320 121
1891330 121
1891340 121
1891350 121
1891360 121
1891370 121
1891380 121
1891390 121
1891400 121
1891410 121
1891420 121
1891430 121
1891440 121
1891450 121
1891460 121
1891470 121
1891480 121
1891490 121
1891500 121
1891510 121
1891520 121
1891530 121
1891540 121
1891550 121
1891560 121
1891570 121
1891580 121
1891590 121
1891600 121
1891610 122
1891620 122
1891630 122
1891640 122
1891650 121
1891660 121
1891670 122
1891680 121
1891690 121
1891700 122
1891710 122
1891720 122
1891730 122
1891740 122
1891750 122
1891760 122
1891770 122
1891780 122
1891790 122
1891800 122
1891810 122
1891820 122
1891830 122
1891840 122
1891850 122
1891860 122
1891870 122
1891880 122
1891890 122
1891900 122
1891910 122
1891920 122
1891930 122
1891940 122
1891950 122
1891960 122
1891970 122
1891980 122
1891990 122
1892000 122
1892010 122
1892020 122
1892030 122
1892040 122
1892050 122
1892060 122
1892070 122
1892080 122
1892090 122
1892100 122
1892110 122
1892120 122
1892130 122
1892140 122
1892150 122
1892160 122
1892170 122
1892180 122
1892190 121
1892200 121
1892210 121
1892220 121
1892230 121
1892240 121
1892250 121
1892260 121
1892270 121
1892280 121
1892290 121
1892300 121
1892310 121
1892320 121
1892330 121
1892340 121
1892350 121
1892360 121
1892370 121
1892380 121
1892390 121
1892400 121
1892410 121
1892420 121
1892430 121
1892440 121
1892450 121
1892460 121
1892470 121
1892480 121
1892490 121
1892500 121
1892510 121
1892520 121
1892530 121
1892540 121
1892550 121
1892560 121
1892570 121
1892580 121
1892590 121
1892600 121
1892610 120
1892620 120
1892630 120
1892640 120
1892650 120
1892660 120
1892670 120
1892680 120
1892690 120
1892700 120
1892710 120
1892720 120
1892730 121
1892740 120
1892750 120
1892760 121
1892770 121
1892780 121
1892790 121
1892800 121
1892810 121
1892820 121
1892830 122
1892840 122
1892850 122
1892860 122
1892870 122
1892880 122
1892890 122
1892900 122
1892910 122
1892920 123
1892930 123
1892940 123
1892950 123
1892960 123
1892970 123
1892980 124
1892990 124
1893000 124
1893010 124
1893020 124
1893030 124
1893040 124
1893050 124
1893060 124
1893070 124
1893080 124
1893090 124
1893100 124
1893110 124
1893120 124
1893130 124
1893140 124
1893150 124
1893160 124
1893170 124
1893180 124
1893190 124
1893200 124
1893210 124
1893220 124
1893230 124
1893240 124
1893250 124
1893260 124
1893270 124
1893280 124
1893290 124
1893300 124
1893310 124
1893320 124
1893330 124
1893340 124
1893350 124
1893360 124
1893370 123
1893380 123
1893390 123
1893400 123
1893410 123
1893420 123
1893430 123
1893440 123
1893450 123
1893460 123
1893470 123
1893480 123
1893490 123
1893500 123
1893510 123
1893520 123
1893530 123
1893540 123
1893550 123
1893560 123
1893570 123
1893580 123
1893590 123
1893600 123
1893610 123
1893620 123
1893630 123
1893640 123
1893650 122
1893660 123
1893670 123
1893680 123
1893690 123
1893700 123
1893710 123
1893720 122
1893730 122
1893740 122
1893750 122
1893760 122
1893770 122
1893780 122
1893790 122
1893800 122
1893810 122
1893820 122
1893830 122
1893840 122
1893850 122
1893860 122
1893870 122
1893880 122
1893890 122
1893900 122
1893910 122
1893920 122
1893930 121
1893940 121
1893950 122
1893960 122
1893970 122
1893980 122
1893990 122
1894000 122
1894010 122
1894020 122
1894030 122
1894040 122
1894050 122
1894060 122
1894070 122
1894080 122
1894090 122
1894100 122
1894110 122
1894120 122
1894130 122
1894140 122
1894150 122
1894160 122
1894170 122
1894180 122
1894190 122
1894200 122
1894210 122
1894220 122
1894230 122
1894240 122
1894250 122
1894260 122
1894270 122
1894280 122
1894290 122
1894300 122
1894310 122
1894320 122
1894330 122
1894340 122
1894350 122
1894360 122
1894370 122
1894380 122
1894390 122
1894400 122
1894410 122
1894420 122
1894430 122
1894440 122
1894450 122
1894460 122
1894470 122
1894480 122
1894490 122
1894500 122
1894510 122
1894520 123
1894530 123
1894540 123
1894550 123
1894560 123
1894570 123
1894580 123
1894590 123
1894600 123
1894610 123
1894620 123
1894630 123
1894640 123
1894650 123
1894660 123
1894670 123
1894680 123
1894690 123
1894700 123
1894710 122
1894720 122
1894730 122
1894740 122
1894750 122
1894760 122
1894770 122
1894780 122
1894790 122
1894800 122
1894810 122
1894820 122
1894830 122
1894840 122
1894850 122
1894860 122
1894870 122
1894880 122
1894890 122
1894900 122
1894910 122
1894920 122
1894930 122
1894940 122
1894950 122
1894960 122
1894970 122
1894980 122
1894990 122
1895000 122
1895010 122
1895020 122
1895030 122
1895040 122
1895050 122
1895060 123
1895070 123
1895080 122
1895090 123
1895100 123
1895110 123
1895120 123
1895130 123
1895140 123
1895150 123
1895160 123
1895170 123
1895180 123
1895190 123
1895200 123
1895210 123
1895220 123
1895230 123
1895240 123
1895250 123
1895260 123
1895270 123
1895280 123
1895290 123
1895300 123
1895310 123
1895320 123
1895330 122
1895340 122
1895350 122
1895360 123
1895370 123
1895380 123
1895390 123
1895400 123
1895410 123
1895420 123
1895430 123
1895440 123
1895450 123
1895460 123
1895470 123
1895480 123
1895490 123
1895500 123
1895510 123
1895520 123
1895530 123
1895540 123
1895550 123
1895560 123
1895570 123
1895580 123
1895590 123
1895600 124
1895610 124
1895620 124
1895630 124
1895640 124
1895650 124
1895660 124
1895670 124
1895680 124
1895690 124
1895700 124
1895710 124
1895720 124
1895730 124
1895740 124
1895750 124
1895760 124
1895770 124
1895780 124
1895790 124
1895800 124
1895810 124
1895820 124
1895830 124
1895840 124
1895850 124
1895860 124
1895870 124
1895880 124
1895890 124
1895900 124
1895910 124
1895920 124
1895930 124
1895940 124
1895950 124
1895960 123
1895970 123
1895980 123
1895990 123
1896000 123
1896010 123
1896020 123
1896030 123
1896040 123
1896050 123
1896060 123
1896070 123
1896080 123
1896090 123
1896100 123
1896110 123
1896120 123
1896130 123
1896140 123
1896150 123
1896160 123
1896170 123
1896180 123
1896190 123
1896200 123
1896210 123
1896220 123
1896230 123
1896240 123
1896250 123
1896260 123
1896270 123
1896280 123
1896290 123
1896300 123
1896310 123
1896320 122
1896330 122
1896340 122
1896350 122
1896360 122
1896370 122
1896380 122
1896390 122
1896400 122
1896410 122
1896420 121
1896430 121
1896440 121
1896450 121
1896460 121
1896470 121
1896480 121
1896490 121
1896500 121
1896510 122
1896520 122
1896530 122
1896540 122
1896550 122
1896560 122
1896570 122
1896580 122
1896590 122
1896600 122
1896610 122
1896620 122
1896630 122
1896640 122
1896650 122
1896660 122
1896670 122
1896680 122
1896690 122
1896700 122
1896710 122
1896720 122
1896730 122
1896740 122
1896750 122
1896760 122
1896770 122
1896780 122
1896790 122
1896800 122
1896810 122
1896820 122
1896830 122
1896840 122
1896850 122
1896860 122
1896870 122
1896880 122
1896890 122
1896900 122
1896910 122
1896920 122
1896930 122
1896940 122
1896950 122
1896960 122
1896970 122
1896980 122
1896990 122
1897000 122
1897010 122
1897020 122
1897030 122
1897040 122
1897050 122
1897060 122
1897070 122
1897080 122
1897090 122
1897100 122
1897110 122
1897120 122
1897130 122
1897140 122
1897150 122
1897160 122
1897170 122
1897180 123
1897190 123
1897200 123
1897210 123
1897220 123
1897230 123
1897240 123
1897250 123
1897260 123
1897270 123
1897280 123
1897290 123
1897300 123
1897310 123
1897320 123
1897330 123
1897340 123
1897350 123
1897360 123
1897370 123
1897380 123
1897390 123
1897400 123
1897410 123
1897420 123
1897430 123
1897440 123
1897450 123
1897460 122
1897470 122
1897480 122
1897490 123
1897500 123
1897510 123
1897520 123
1897530 123
1897540 123
1897550 123
1897560 123
1897570 123
1897580 123
1897590 123
1897600 123
1897610 123
1897620 123
1897630 123
1897640 123
1897650 123
1897660 123
1897670 123
1897680 123
1897690 123
1897700 123
1897710 123
1897720 123
1897730 123
1897740 123
1897750 123
1897760 123
1897770 123
1897780 123
1897790 123
1897800 123
1897810 123
1897820 123
1897830 123
1897840 123
1897850 123
1897860 122
1897870 122
1897880 122
1897890 123
1897900 123
1897910 123
1897920 123
1897930 123
1897940 123
1897950 123
1897960 123
1897970 123
1897980 123
1897990 123
1898000 123
1898010 123
1898020 123
1898030 123
1898040 123
1898050 123
1898060 123
1898070 123
1898080 123
1898090 123
1898100 123
1898110 123
1898120 123
1898130 123
1898140 123
1898150 123
1898160 123
1898170 123
1898180 123
1898190 122
1898200 122
1898210 122
1898220 122
1898230 122
1898240 122
1898250 123
1898260 122
1898270 123
1898280 123
1898290 123
1898300 123
1898310 122
1898320 122
1898330 122
1898340 123
1898350 123
1898360 123
1898370 123
1898380 123
1898390 123
1898400 123
1898410 122
1898420 122
1898430 122
1898440 122
1898450 122
1898460 123
1898470 122
1898480 122
1898490 122
1898500 122
1898510 122
1898520 122
1898530 123
1898540 123
1898550 123
1898560 122
1898570 122
1898580 122
1898590 122
1898600 122
1898610 122
1898620 122
1898630 122
1898640 122
1898650 122
1898660 122
1898670 122
1898680 122
1898690 122
1898700 122
1898710 122
1898720 122
1898730 122
1898740 122
1898750 122
1898760 122
1898770 122
1898780 122
1898790 122
1898800 122
1898810 122
1898820 122
1898830 122
1898840 122
1898850 123
1898860 123
1898870 123
1898880 124
1898890 124
1898900 124
1898910 124
1898920 124
1898930 124
1898940 124
1898950 124
1898960 124
1898970 124
1898980 124
1898990 124
1899000 124
1899010 124
1899020 124
1899030 124
1899040 123
1899050 123
1899060 123
1899070 122
1899080 122
1899090 122
1899100 122
1899110 122
1899120 122
1899130 122
1899140 122
1899150 122
1899160 122
1899170 122
1899180 122
1899190 122
1899200 122
1899210 122
1899220 122
1899230 122
1899240 122
1899250 121
1899260 121
1899270 121
1899280 122
1899290 121
1899300 121
1899310 121
1899320 121
1899330 121
1899340 121
1899350 121
1899360 121
1899370 121
1899380 121
1899390 121
1899400 122
1899410 122
1899420 122
1899430 122
1899440 122
1899450 122
1899460 122
1899470 122
1899480 122
1899490 122
1899500 122
1899510 122
1899520 122
1899530 122
1899540 122
