1880000 123
1880010 123
1880020 122
1880030 122
1880040 122
1880050 122
1880060 122
1880070 122
1880080 122
1880090 122
1880100 122
1880110 122
1880120 122
1880130 122
1880140 122
1880150 122
1880160 122
1880170 122
1880180 122
1880190 122
1880200 122
1880210 122
1880220 122
1880230 122
1880240 122
1880250 122
1880260 122
1880270 122
1880280 122
1880290 122
1880300 122
1880310 122
1880320 122
1880330 122
1880340 122
1880350 122
1880360 122
1880370 122
1880380 122
1880390 122
1880400 123
1880410 123
1880420 123
1880430 123
1880440 123
1880450 123
1880460 123
1880470 123
1880480 123
1880490 123
1880500 123
1880510 123
1880520 123
1880530 123
1880540 122
1880550 122
1880560 122
1880570 122
1880580 122
1880590 122
1880600 122
1880610 121
1880620 121
1880630 121
1880640 121
1880650 121
1880660 121
1880670 121
1880680 121
1880690 121
1880700 121
1880710 121
1880720 121
1880730 121
1880740 121
1880750 121
1880760 121
1880770 121
1880780 121
1880790 121
1880800 121
1880810 121
1880820 121
1880830 122
1880840 122
1880850 122
1880860 122
1880870 122
1880880 121
1880890 121
1880900 121
1880910 121
1880920 122
1880930 122
1880940 122
1880950 122
1880960 122
1880970 122
1880980 122
1880990 122
1881000 122
1881010 122
1881020 122
1881030 122
1881040 122
1881050 122
1881060 122
1881070 122
1881080 122
1881090 122
1881100 122
1881110 122
1881120 122
1881130 122
1881140 122
1881150 122
1881160 122
1881170 122
1881180 122
1881190 122
1881200 122
1881210 122
1881220 122
1881230 122
1881240 122
1881250 122
1881260 122
1881270 122
1881280 122
1881290 122
1881300 122
1881310 122
1881320 122
1881330 122
1881340 122
1881350 122
1881360 122
1881370 122
1881380 122
1881390 122
1881400 123
1881410 123
1881420 123
1881430 123
1881440 123
1881450 123
1881460 123
1881470 123
1881480 123
1881490 123
1881500 123
1881510 123
1881520 123
1881530 123
1881540 123
1881550 123
1881560 123
1881570 123
1881580 123
1881590 123
1881600 123
1881610 123
1881620 123
1881630 123
1881640 123
1881650 123
1881660 123
1881670 123
1881680 123
1881690 123
1881700 123
1881710 123
1881720 123
1881730 123
1881740 124
1881750 124
1881760 124
1881770 124
1881780 124
1881790 124
1881800 124
1881810 124
1881820 124
1881830 124
1881840 124
1881850 124
1881860 124
1881870 124
1881880 124
1881890 123
1881900 123
1881910 123
1881920 123
1881930 123
1881940 123
1881950 123
1881960 123
1881970 123
1881980 123
1881990 123
1882000 123
1882010 122
1882020 122
1882030 122
1882040 122
1882050 122
1882060 122
1882070 122
1882080 122
1882090 122
1882100 122
1882110 122
1882120 122
1882130 122
1882140 122
1882150 122
1882160 123
1882170 123
1882180 123
1882190 123
1882200 123
1882210 123
1882220 123
1882230 123
1882240 123
1882250 123
1882260 124
1882270 124
1882280 124
1882290 124
1882300 124
1882310 124
1882320 124
1882330 124
1882340 124
1882350 124
1882360 124
1882370 124
1882380 124
1882390 124
1882400 124
1882410 123
1882420 123
1882430 123
1882440 123
1882450 123
1882460 123
1882470 123
1882480 123
1882490 123
1882500 123
1882510 123
1882520 123
1882530 123
1882540 123
1882550 123
1882560 123
1882570 123
1882580 123
1882590 123
1882600 123
1882610 123
1882620 122
1882630 122
1882640 123
1882650 122
1882660 122
1882670 122
1882680 122
1882690 122
1882700 123
1882710 123
1882720 123
1882730 123
1882740 123
1882750 123
1882760 123
1882770 123
1882780 123
1882790 123
1882800 123
1882810 123
1882820 123
1882830 123
1882840 123
1882850 123
1882860 123
1882870 123
1882880 123
1882890 123
1882900 123
1882910 123
1882920 123
1882930 123
1882940 123
1882950 123
1882960 122
1882970 122
1882980 122
1882990 123
1883000 123
1883010 123
1883020 123
1883030 123
1883040 123
1883050 123
1883060 123
1883070 123
1883080 123
1883090 123
1883100 123
1883110 123
1883120 123
1883130 123
1883140 123
1883150 123
1883160 123
1883170 123
1883180 123
1883190 123
1883200 123
1883210 123
1883220 123
1883230 123
1883240 123
1883250 123
1883260 123
1883270 123
1883280 123
1883290 123
1883300 123
1883310 122
1883320 122
1883330 122
1883340 122
1883350 122
1883360 122
1883370 122
1883380 122
1883390 122
1883400 122
1883410 122
1883420 122
1883430 122
1883440 122
1883450 122
1883460 122
1883470 122
1883480 122
1883490 122
1883500 122
1883510 122
1883520 122
1883530 122
1883540 122
1883550 122
1883560 122
1883570 122
1883580 122
1883590 122
1883600 122
1883610 122
1883620 122
1883630 122
1883640 122
1883650 122
1883660 122
1883670 122
1883680 123
1883690 123
1883700 123
1883710 123
1883720 123
1883730 123
1883740 122
1883750 122
1883760 122
1883770 122
1883780 122
1883790 122
1883800 122
1883810 123
1883820 123
1883830 123
1883840 123
1883850 123
1883860 123
1883870 123
1883880 123
1883890 123
1883900 123
1883910 123
1883920 123
1883930 123
1883940 123
1883950 123
1883960 123
1883970 123
1883980 122
1883990 122
1884000 122
1884010 122
1884020 122
1884030 122
1884040 122
1884050 122
1884060 122
1884070 122
1884080 122
1884090 122
1884100 123
1884110 124
1884120 124
1884130 123
1884140 123
1884150 123
1884160 123
1884170 123
1884180 123
1884190 123
1884200 123
1884210 123
1884220 123
1884230 123
1884240 123
1884250 123
1884260 123
1884270 123
1884280 123
1884290 123
1884300 123
1884310 123
1884320 123
1884330 123
1884340 123
1884350 123
1884360 123
1884370 123
1884380 123
1884390 123
1884400 123
1884410 123
1884420 122
1884430 122
1884440 122
1884450 122
1884460 122
1884470 122
1884480 122
1884490 122
1884500 122
1884510 122
1884520 122
1884530 122
1884540 122
1884550 122
1884560 122
1884570 122
1884580 122
1884590 122
1884600 122
1884610 122
1884620 122
1884630 122
1884640 122
1884650 122
1884660 122
1884670 122
1884680 122
1884690 122
1884700 122
1884710 122
1884720 122
1884730 122
1884740 122
1884750 122
1884760 122
1884770 123
1884780 123
1884790 123
1884800 123
1884810 123
1884820 123
1884830 123
1884840 123
1884850 123
1884860 123
1884870 123
1884880 123
1884890 123
1884900 122
1884910 122
1884920 122
1884930 122
1884940 123
1884950 123
1884960 123
1884970 122
1884980 122
1884990 122
1885000 122
1885010 122
1885020 122
1885030 123
1885040 123
1885050 123
1885060 123
1885070 123
1885080 123
1885090 123
1885100 123
1885110 123
1885120 123
1885130 123
1885140 123
1885150 123
1885160 123
1885170 123
1885180 123
1885190 123
1885200 123
1885210 123
1885220 123
1885230 123
1885240 123
1885250 123
1885260 123
1885270 123
1885280 123
1885290 123
1885300 123
1885310 123
1885320 123
1885330 123
1885340 123
1885350 123
1885360 123
1885370 123
1885380 123
1885390 123
1885400 123
1885410 123
1885420 123
1885430 123
1885440 123
1885450 123
1885460 123
1885470 123
1885480 123
1885490 123
1885500 123
1885510 123
1885520 123
1885530 123
1885540 123
1885550 123
1885560 123
1885570 123
1885580 123
1885590 123
1885600 123
1885610 123
1885620 123
1885630 123
1885640 123
1885650 123
1885660 123
1885670 123
1885680 123
1885690 123
1885700 123
1885710 123
1885720 123
1885730 123
1885740 123
1885750 123
1885760 123
1885770 123
1885780 123
1885790 123
1885800 123
1885810 123
1885820 123
1885830 123
1885840 123
1885850 123
1885860 123
1885870 123
1885880 123
1885890 123
1885900 123
1885910 123
1885920 123
1885930 123
1885940 123
1885950 123
1885960 123
1885970 123
1885980 123
1885990 123
1886000 123
1886010 123
1886020 123
1886030 123
1886040 123
1886050 123
1886060 123
1886070 123
1886080 123
1886090 123
1886100 123
1886110 123
1886120 123
1886130 123
1886140 123
1886150 123
1886160 123
1886170 123
1886180 123
1886190 123
1886200 123
1886210 123
1886220 123
1886230 123
1886240 123
1886250 123
1886260 123
1886270 123
1886280 123
1886290 123
1886300 123
1886310 123
1886320 123
1886330 123
1886340 123
1886350 123
1886360 123
1886370 123
1886380 123
1886390 123
1886400 123
1886410 123
1886420 123
1886430 123
1886440 123
1886450 123
1886460 123
1886470 123
1886480 123
1886490 123
1886500 123
1886510 123
1886520 123
1886530 123
1886540 123
1886550 123
1886560 123
1886570 123
1886580 123
1886590 123
1886600 123
1886610 123
1886620 123
1886630 123
1886640 122
1886650 122
1886660 122
1886670 122
1886680 122
1886690 122
1886700 122
1886710 122
1886720 122
1886730 122
1886740 122
1886750 122
1886760 122
1886770 122
1886780 122
1886790 122
1886800 122
1886810 122
1886820 122
1886830 122
1886840 122
1886850 122
1886860 122
1886870 122
1886880 122
1886890 122
1886900 122
1886910 122
1886920 122
1886930 122
1886940 122
1886950 122
1886960 122
1886970 122
1886980 122
1886990 122
1887000 122
1887010 122
1887020 122
1887030 122
1887040 122
1887050 122
1887060 122
1887070 122
1887080 122
1887090 122
1887100 122
1887110 122
1887120 122
1887130 122
1887140 122
1887150 122
1887160 122
1887170 122
1887180 122
1887190 122
1887200 122
1887210 122
1887220 122
1887230 122
1887240 122
1887250 122
1887260 122
1887270 122
1887280 122
1887290 122
1887300 122
1887310 122
1887320 122
1887330 122
1887340 122
1887350 122
1887360 122
1887370 122
1887380 122
1887390 122
1887400 123
1887410 123
1887420 123
1887430 123
1887440 123
1887450 123
1887460 123
1887470 123
1887480 123
1887490 124
1887500 124
1887510 124
1887520 124
1887530 124
1887540 124
1887550 124
1887560 124
1887570 124
1887580 124
1887590 124
1887600 124
1887610 125
1887620 125
1887630 125
1887640 125
1887650 125
1887660 125
1887670 124
1887680 124
1887690 124
1887700 124
1887710 124
1887720 124
1887730 124
1887740 124
1887750 124
1887760 124
1887770 124
1887780 124
1887790 124
1887800 124
1887810 124
1887820 124
1887830 124
1887840 124
1887850 124
1887860 124
1887870 124
1887880 124
1887890 124
1887900 124
1887910 124
1887920 124
1887930 124
1887940 124
1887950 124
1887960 124
1887970 124
1887980 124
1887990 124
1888000 124
1888010 124
1888020 124
1888030 124
1888040 124
1888050 124
1888060 124
1888070 124
1888080 124
1888090 124
1888100 124
1888110 124
1888120 124
1888130 124
1888140 124
1888150 124
1888160 124
1888170 124
1888180 124
1888190 124
1888200 124
1888210 124
1888220 124
1888230 124
1888240 124
1888250 124
1888260 124
1888270 124
1888280 124
1888290 124
1888300 124
1888310 124
1888320 124
1888330 124
1888340 124
1888350 124
1888360 124
1888370 124
1888380 124
1888390 124
1888400 124
1888410 124
1888420 124
1888430 124
1888440 124
1888450 124
1888460 124
1888470 124
1888480 124
1888490 124
1888500 124
1888510 124
1888520 124
1888530 124
1888540 124
1888550 124
1888560 124
1888570 124
1888580 124
1888590 123
1888600 123
1888610 123
1888620 124
1888630 124
1888640 124
1888650 124
1888660 124
1888670 124
1888680 124
1888690 124
1888700 124
1888710 124
1888720 124
1888730 124
1888740 124
1888750 124
1888760 124
1888770 124
1888780 124
1888790 124
1888800 124
1888810 124
1888820 123
1888830 123
1888840 123
1888850 123
1888860 123
1888870 123
1888880 123
1888890 123
1888900 123
1888910 123
1888920 123
1888930 123
1888940 123
1888950 123
1888960 123
1888970 123
1888980 123
1888990 123
1889000 123
1889010 123
1889020 123
1889030 123
1889040 123
1889050 123
1889060 123
1889070 123
1889080 123
1889090 123
1889100 123
1889110 123
1889120 123
1889130 124
1889140 124
1889150 124
1889160 124
1889170 124
1889180 124
1889190 124
1889200 124
1889210 124
1889220 124
1889230 124
1889240 124
1889250 124
1889260 124
1889270 124
1889280 124
1889290 124
1889300 124
1889310 124
1889320 124
1889330 124
1889340 124
1889350 124
1889360 124
1889370 124
1889380 124
1889390 124
1889400 124
1889410 124
1889420 124
1889430 124
1889440 124
1889450 124
1889460 124
1889470 124
1889480 124
1889490 124
1889500 124
1889510 124
1889520 124
1889530 124
1889540 124
1889550 124
1889560 124
1889570 124
1889580 124
1889590 124
1889600 124
1889610 124
1889620 124
1889630 124
1889640 124
1889650 124
1889660 124
1889670 124
1889680 124
1889690 124
1889700 124
1889710 123
1889720 123
1889730 123
1889740 123
1889750 123
1889760 123
1889770 123
1889780 123
1889790 123
1889800 123
1889810 123
1889820 123
1889830 123
1889840 123
1889850 123
1889860 123
1889870 122
1889880 122
1889890 122
1889900 123
1889910 123
1889920 123
1889930 123
1889940 123
1889950 123
1889960 123
1889970 123
1889980 123
1889990 123
1890000 123
1890010 123
1890020 123
1890030 123
1890040 123
1890050 122
1890060 122
1890070 122
1890080 122
1890090 122
1890100 122
1890110 122
1890120 122
1890130 122
1890140 122
1890150 122
1890160 122
1890170 122
1890180 122
1890190 122
1890200 122
1890210 122
1890220 122
1890230 122
1890240 121
1890250 121
1890260 122
1890270 121
1890280 121
1890290 121
1890300 121
1890310 121
1890320 121
1890330 121
1890340 121
1890350 121
1890360 121
1890370 121
1890380 122
1890390 121
1890400 121
1890410 121
1890420 121
1890430 121
1890440 121
1890450 121
1890460 121
1890470 121
1890480 121
1890490 121
1890500 121
1890510 121
1890520 121
1890530 121
1890540 121
1890550 121
1890560 121
1890570 121
1890580 121
1890590 121
1890600 121
1890610 121
1890620 121
1890630 121
1890640 121
1890650 121
1890660 121
1890670 121
1890680 121
1890690 121
1890700 121
1890710 121
1890720 121
1890730 121
1890740 121
1890750 121
1890760 121
1890770 121
1890780 121
1890790 121
1890800 121
1890810 121
1890820 121
1890830 121
1890840 121
1890850 121
1890860 121
1890870 121
1890880 121
1890890 121
1890900 121
1890910 121
1890920 121
1890930 121
1890940 121
1890950 121
1890960 121
1890970 121
1890980 121
1890990 121
1891000 121
1891010 121
1891020 121
1891030 121
1891040 121
1891050 121
1891060 121
1891070 121
1891080 121
1891090 121
1891100 121
1891110 121
1891120 121
1891130 121
1891140 121
1891150 121
1891160 121
1891170 121
1891180 121
1891190 121
1891200 121
1891210 121
1891220 121
1891230 121
1891240 121
1891250 121
1891260 121
1891270 121
1891280 121
1891290 121
1891300 121
1891310 121
1891320 121
1891330 121
1891340 121
1891350 121
1891360 121
1891370 121
1891380 121
1891390 121
1891400 121
1891410 121
1891420 121
1891430 121
1891440 121
1891450 121
1891460 121
1891470 121
1891480 121
1891490 121
1891500 121
1891510 121
1891520 121
1891530 121
1891540 121
1891550 121
1891560 121
1891570 122
1891580 122
1891590 122
1891600 122
1891610 122
1891620 122
1891630 122
1891640 122
1891650 122
1891660 122
1891670 122
1891680 122
1891690 122
1891700 122
1891710 122
1891720 122
1891730 122
1891740 122
1891750 122
1891760 122
1891770 122
1891780 122
1891790 122
1891800 122
1891810 122
1891820 122
1891830 122
1891840 122
1891850 122
1891860 122
1891870 122
1891880 122
1891890 122
1891900 122
1891910 122
1891920 122
1891930 122
1891940 122
1891950 122
1891960 122
1891970 122
1891980 122
1891990 122
1892000 122
1892010 122
1892020 121
1892030 121
1892040 121
1892050 121
1892060 121
1892070 121
1892080 121
1892090 121
1892100 121
1892110 121
1892120 121
1892130 121
1892140 121
1892150 121
1892160 121
1892170 121
1892180 121
1892190 121
1892200 121
1892210 121
1892220 121
1892230 121
1892240 121
1892250 121
1892260 121
1892270 121
1892280 121
1892290 121
1892300 121
1892310 121
1892320 121
1892330 121
1892340 121
1892350 121
1892360 121
1892370 121
1892380 121
1892390 121
1892400 121
1892410 121
1892420 121
1892430 121
1892440 121
1892450 121
1892460 121
1892470 121
1892480 121
1892490 121
1892500 121
1892510 121
1892520 121
1892530 121
1892540 121
1892550 121
1892560 121
1892570 121
1892580 121
1892590 121
1892600 121
1892610 121
1892620 121
1892630 121
1892640 121
1892650 121
1892660 121
1892670 121
1892680 121
1892690 121
1892700 121
1892710 121
1892720 121
1892730 121
1892740 121
1892750 121
1892760 121
1892770 121
1892780 121
1892790 121
1892800 121
1892810 121
1892820 122
1892830 122
1892840 122
1892850 122
1892860 122
1892870 123
1892880 123
1892890 123
1892900 123
1892910 123
1892920 123
1892930 123
1892940 124
1892950 124
1892960 124
1892970 124
1892980 124
1892990 124
1893000 124
1893010 124
1893020 124
1893030 124
1893040 124
1893050 124
1893060 124
1893070 124
1893080 124
1893090 124
1893100 124
1893110 124
1893120 124
1893130 124
1893140 124
1893150 124
1893160 124
1893170 124
1893180 124
1893190 124
1893200 124
1893210 124
1893220 124
1893230 124
1893240 124
1893250 124
1893260 124
1893270 124
1893280 124
1893290 124
1893300 124
1893310 124
1893320 124
1893330 124
1893340 124
1893350 124
1893360 123
1893370 123
1893380 124
1893390 124
1893400 124
1893410 124
1893420 123
1893430 123
1893440 123
1893450 123
1893460 123
1893470 123
1893480 123
1893490 123
1893500 123
1893510 123
1893520 123
1893530 123
1893540 123
1893550 123
1893560 123
1893570 123
1893580 122
1893590 122
1893600 122
1893610 122
1893620 122
1893630 122
1893640 122
1893650 122
1893660 122
1893670 122
1893680 122
1893690 122
1893700 122
1893710 122
1893720 122
1893730 122
1893740 122
1893750 122
1893760 122
1893770 122
1893780 122
1893790 122
1893800 122
1893810 122
1893820 122
1893830 122
1893840 122
1893850 122
1893860 122
1893870 122
1893880 122
1893890 122
1893900 122
1893910 122
1893920 122
1893930 122
1893940 122
1893950 122
1893960 122
1893970 122
1893980 122
1893990 122
1894000 122
1894010 122
1894020 122
1894030 122
1894040 122
1894050 122
1894060 122
1894070 121
1894080 121
1894090 121
1894100 121
1894110 121
1894120 121
1894130 121
1894140 121
1894150 121
1894160 121
1894170 121
1894180 121
1894190 121
1894200 121
1894210 121
1894220 121
1894230 121
1894240 121
1894250 121
1894260 121
1894270 121
1894280 121
1894290 121
1894300 121
1894310 121
1894320 121
1894330 121
1894340 121
1894350 121
1894360 121
1894370 121
1894380 122
1894390 122
1894400 122
1894410 122
1894420 122
1894430 122
1894440 121
1894450 121
1894460 121
1894470 121
1894480 121
1894490 121
1894500 121
1894510 121
1894520 122
1894530 122
1894540 122
1894550 122
1894560 122
1894570 122
1894580 122
1894590 122
1894600 122
1894610 122
1894620 122
1894630 122
1894640 122
1894650 122
1894660 122
1894670 122
1894680 122
1894690 122
1894700 123
1894710 123
1894720 123
1894730 123
1894740 122
1894750 122
1894760 122
1894770 122
1894780 122
1894790 122
1894800 122
1894810 122
1894820 122
1894830 122
1894840 122
1894850 122
1894860 122
1894870 122
1894880 122
1894890 121
1894900 121
1894910 122
1894920 122
1894930 122
1894940 122
1894950 122
1894960 122
1894970 122
1894980 122
1894990 122
1895000 122
1895010 123
1895020 123
1895030 123
1895040 123
1895050 123
1895060 123
1895070 123
1895080 123
1895090 123
1895100 123
1895110 123
1895120 123
1895130 123
1895140 123
1895150 123
1895160 123
1895170 123
1895180 123
1895190 123
1895200 122
1895210 122
1895220 122
1895230 122
1895240 122
1895250 122
1895260 122
1895270 122
1895280 122
1895290 122
1895300 122
1895310 122
1895320 122
1895330 122
1895340 122
1895350 122
1895360 122
1895370 122
1895380 122
1895390 122
1895400 122
1895410 122
1895420 122
1895430 122
1895440 122
1895450 122
1895460 122
1895470 122
1895480 122
1895490 122
1895500 122
1895510 122
1895520 122
1895530 122
1895540 122
1895550 122
1895560 122
1895570 122
1895580 122
1895590 122
1895600 122
1895610 122
1895620 122
1895630 122
1895640 122
1895650 122
1895660 122
1895670 122
1895680 122
1895690 122
1895700 122
1895710 122
1895720 122
1895730 122
1895740 122
1895750 122
1895760 122
1895770 121
1895780 121
1895790 121
1895800 121
1895810 121
1895820 121
1895830 122
1895840 122
1895850 122
1895860 122
1895870 122
1895880 122
1895890 122
1895900 122
1895910 122
1895920 122
1895930 122
1895940 122
1895950 122
1895960 122
1895970 122
1895980 123
1895990 123
1896000 123
1896010 123
1896020 122
1896030 122
1896040 122
1896050 123
1896060 123
1896070 123
1896080 123
1896090 123
1896100 123
1896110 123
1896120 123
1896130 123
1896140 123
1896150 123
1896160 123
1896170 123
1896180 123
1896190 123
1896200 123
1896210 123
1896220 122
1896230 122
1896240 122
1896250 122
1896260 122
1896270 122
1896280 123
1896290 123
1896300 123
1896310 123
1896320 122
1896330 122
1896340 122
1896350 122
1896360 122
1896370 122
1896380 122
1896390 122
1896400 122
1896410 122
1896420 122
1896430 122
1896440 122
1896450 122
1896460 122
1896470 122
1896480 122
1896490 122
1896500 122
1896510 123
1896520 123
1896530 123
1896540 123
1896550 123
1896560 123
1896570 123
1896580 123
1896590 123
1896600 123
1896610 123
1896620 123
1896630 123
1896640 123
1896650 122
1896660 122
1896670 122
1896680 123
1896690 123
1896700 123
1896710 123
1896720 123
1896730 123
1896740 123
1896750 122
1896760 122
1896770 122
1896780 122
1896790 122
1896800 122
1896810 122
1896820 122
1896830 122
1896840 122
1896850 122
1896860 122
1896870 122
1896880 122
1896890 122
1896900 122
1896910 122
1896920 122
1896930 122
1896940 122
1896950 122
1896960 122
1896970 122
1896980 122
1896990 122
1897000 122
1897010 122
1897020 122
1897030 122
1897040 122
1897050 122
1897060 122
1897070 122
1897080 122
1897090 122
1897100 122
1897110 122
1897120 122
1897130 122
1897140 122
1897150 122
1897160 122
1897170 122
1897180 122
1897190 122
1897200 123
1897210 123
1897220 123
1897230 123
1897240 123
1897250 123
1897260 123
1897270 123
1897280 123
1897290 123
1897300 123
1897310 123
1897320 123
1897330 123
1897340 123
1897350 123
1897360 123
1897370 123
1897380 123
1897390 123
1897400 123
1897410 123
1897420 123
1897430 123
1897440 123
1897450 123
1897460 123
1897470 123
1897480 123
1897490 123
1897500 123
1897510 123
1897520 123
1897530 123
1897540 123
1897550 123
1897560 123
1897570 123
1897580 123
1897590 123
1897600 123
1897610 123
1897620 123
1897630 123
1897640 123
1897650 122
1897660 122
1897670 122
1897680 123
1897690 123
1897700 123
1897710 122
1897720 122
1897730 122
1897740 122
1897750 122
1897760 122
1897770 122
1897780 122
1897790 122
1897800 122
1897810 122
1897820 122
1897830 122
1897840 123
1897850 123
1897860 123
1897870 123
1897880 123
1897890 123
1897900 122
1897910 122
1897920 122
1897930 122
1897940 122
1897950 122
1897960 122
1897970 122
1897980 122
1897990 123
1898000 123
1898010 123
1898020 123
1898030 123
1898040 123
1898050 123
1898060 123
1898070 123
1898080 123
1898090 123
1898100 123
1898110 123
1898120 123
1898130 123
1898140 123
1898150 123
1898160 123
1898170 123
1898180 122
1898190 122
1898200 122
1898210 122
1898220 122
1898230 122
1898240 123
1898250 123
1898260 122
1898270 122
1898280 122
1898290 122
1898300 122
1898310 122
1898320 122
1898330 122
1898340 122
1898350 122
1898360 122
1898370 122
1898380 122
1898390 122
1898400 122
1898410 122
1898420 122
1898430 122
1898440 122
1898450 122
1898460 122
1898470 122
1898480 122
1898490 122
1898500 122
1898510 122
1898520 122
1898530 122
1898540 122
1898550 123
1898560 123
1898570 122
1898580 122
1898590 122
1898600 122
1898610 122
1898620 122
1898630 122
1898640 122
1898650 122
1898660 122
1898670 122
1898680 122
1898690 122
1898700 122
1898710 122
1898720 122
1898730 122
1898740 122
1898750 122
1898760 122
1898770 122
1898780 122
1898790 122
1898800 122
1898810 122
1898820 122
1898830 122
1898840 122
1898850 122
1898860 122
1898870 122
1898880 123
1898890 123
1898900 123
1898910 123
1898920 123
1898930 123
1898940 123
1898950 123
1898960 124
1898970 124
1898980 124
1898990 124
1899000 124
1899010 124
1899020 124
1899030 124
1899040 124
1899050 124
1899060 124
1899070 124
1899080 124
1899090 124
1899100 124
1899110 123
1899120 123
1899130 123
1899140 123
1899150 123
1899160 122
1899170 122
1899180 122
1899190 122
1899200 122
1899210 122
1899220 122
1899230 122
1899240 122
1899250 122
1899260 122
1899270 122
1899280 122
1899290 122
1899300 122
1899310 122
1899320 122
1899330 122
1899340 122
1899350 122
1899360 122
1899370 121
1899380 121
1899390 122
1899400 122
1899410 122
1899420 122
1899430 122
1899440 122
