1880000 124
1880010 123
1880020 123
1880030 123
1880040 123
1880050 123
1880060 123
1880070 123
1880080 123
1880090 123
1880100 123
1880110 123
1880120 123
1880130 123
1880140 123
1880150 124
1880160 124
1880170 124
1880180 124
1880190 124
1880200 124
1880210 124
1880220 124
1880230 124
1880240 124
1880250 124
1880260 124
1880270 124
1880280 124
1880290 124
1880300 124
1880310 124
1880320 124
1880330 124
1880340 124
1880350 124
1880360 124
1880370 124
1880380 124
1880390 124
1880400 123
1880410 123
1880420 123
1880430 123
1880440 123
1880450 123
1880460 123
1880470 123
1880480 123
1880490 123
1880500 123
1880510 123
1880520 123
1880530 122
1880540 122
1880550 122
1880560 122
1880570 122
1880580 122
1880590 122
1880600 122
1880610 122
1880620 122
1880630 122
1880640 122
1880650 122
1880660 122
1880670 122
1880680 122
1880690 122
1880700 122
1880710 122
1880720 122
1880730 122
1880740 122
1880750 122
1880760 122
1880770 122
1880780 122
1880790 122
1880800 122
1880810 122
1880820 122
1880830 122
1880840 122
1880850 122
1880860 122
1880870 122
1880880 122
1880890 122
1880900 122
1880910 122
1880920 122
1880930 122
1880940 122
1880950 122
1880960 122
1880970 122
1880980 122
1880990 122
1881000 122
1881010 122
1881020 122
1881030 122
1881040 122
1881050 122
1881060 122
1881070 122
1881080 122
1881090 122
1881100 122
1881110 122
1881120 122
1881130 122
1881140 122
1881150 122
1881160 122
1881170 122
1881180 122
1881190 122
1881200 122
1881210 122
1881220 122
1881230 122
1881240 122
1881250 122
1881260 122
1881270 122
1881280 122
1881290 122
1881300 122
1881310 122
1881320 122
1881330 122
1881340 122
1881350 122
1881360 122
1881370 122
1881380 122
1881390 122
1881400 122
1881410 122
1881420 122
1881430 122
1881440 122
1881450 122
1881460 122
1881470 122
1881480 122
1881490 122
1881500 122
1881510 122
1881520 122
1881530 122
1881540 122
1881550 122
1881560 122
1881570 122
1881580 122
1881590 122
1881600 122
1881610 122
1881620 122
1881630 122
1881640 122
1881650 122
1881660 122
1881670 122
1881680 122
1881690 122
1881700 122
1881710 122
1881720 122
1881730 122
1881740 122
1881750 122
1881760 122
1881770 122
1881780 122
1881790 122
1881800 122
1881810 122
1881820 122
1881830 122
1881840 122
1881850 122
1881860 122
1881870 122
1881880 122
1881890 122
1881900 123
1881910 123
1881920 122
1881930 122
1881940 122
1881950 122
1881960 123
1881970 123
1881980 123
1881990 123
1882000 123
1882010 123
1882020 123
1882030 123
1882040 123
1882050 123
1882060 123
1882070 123
1882080 123
1882090 123
1882100 123
1882110 123
1882120 123
1882130 123
1882140 123
1882150 123
1882160 123
1882170 123
1882180 123
1882190 123
1882200 123
1882210 123
1882220 123
1882230 124
1882240 124
1882250 124
1882260 124
1882270 124
1882280 124
1882290 124
1882300 124
1882310 124
1882320 124
1882330 124
1882340 124
1882350 124
1882360 124
1882370 124
1882380 124
1882390 124
1882400 124
1882410 124
1882420 124
1882430 124
1882440 124
1882450 124
1882460 124
1882470 124
1882480 124
1882490 124
1882500 124
1882510 124
1882520 124
1882530 124
1882540 124
1882550 123
1882560 123
1882570 123
1882580 123
1882590 123
1882600 123
1882610 123
1882620 123
1882630 123
1882640 123
1882650 123
1882660 123
1882670 123
1882680 123
1882690 124
1882700 124
1882710 124
1882720 123
1882730 123
1882740 123
1882750 124
1882760 124
1882770 124
1882780 124
1882790 124
1882800 124
1882810 124
1882820 124
1882830 124
1882840 124
1882850 124
1882860 124
1882870 124
1882880 124
1882890 124
1882900 124
1882910 124
1882920 124
1882930 124
1882940 124
1882950 124
1882960 124
1882970 124
1882980 124
1882990 123
1883000 123
1883010 123
1883020 124
1883030 124
1883040 124
1883050 124
1883060 124
1883070 124
1883080 124
1883090 124
1883100 124
1883110 124
1883120 124
1883130 124
1883140 124
1883150 124
1883160 124
1883170 124
1883180 124
1883190 124
1883200 124
1883210 124
1883220 124
1883230 124
1883240 124
1883250 124
1883260 124
1883270 124
1883280 124
1883290 124
1883300 124
1883310 124
1883320 124
1883330 124
1883340 124
1883350 124
1883360 124
1883370 124
1883380 124
1883390 124
1883400 124
1883410 124
1883420 124
1883430 124
1883440 124
1883450 124
1883460 124
1883470 124
1883480 124
1883490 124
1883500 124
1883510 124
1883520 124
1883530 124
1883540 124
1883550 124
1883560 124
1883570 124
1883580 124
1883590 124
1883600 124
1883610 124
1883620 124
1883630 124
1883640 124
1883650 123
1883660 123
1883670 123
1883680 123
1883690 123
1883700 123
1883710 123
1883720 123
1883730 123
1883740 123
1883750 122
1883760 122
1883770 122
1883780 122
1883790 122
1883800 122
1883810 123
1883820 123
1883830 123
1883840 123
1883850 123
1883860 123
1883870 123
1883880 123
1883890 123
1883900 123
1883910 123
1883920 123
1883930 123
1883940 123
1883950 123
1883960 123
1883970 123
1883980 123
1883990 122
1884000 122
1884010 122
1884020 122
1884030 122
1884040 122
1884050 123
1884060 122
1884070 122
1884080 122
1884090 122
1884100 122
1884110 122
1884120 122
1884130 122
1884140 122
1884150 122
1884160 122
1884170 122
1884180 122
1884190 122
1884200 122
1884210 122
1884220 122
1884230 122
1884240 122
1884250 122
1884260 122
1884270 122
1884280 122
1884290 122
1884300 122
1884310 122
1884320 122
1884330 122
1884340 122
1884350 122
1884360 122
1884370 122
1884380 122
1884390 122
1884400 122
1884410 122
1884420 123
1884430 123
1884440 123
1884450 122
1884460 122
1884470 122
1884480 122
1884490 122
1884500 122
1884510 122
1884520 122
1884530 123
1884540 123
1884550 123
1884560 123
1884570 123
1884580 123
1884590 122
1884600 122
1884610 122
1884620 122
1884630 122
1884640 122
1884650 122
1884660 122
1884670 122
1884680 122
1884690 122
1884700 122
1884710 122
1884720 122
1884730 123
1884740 123
1884750 123
1884760 122
1884770 122
1884780 122
1884790 122
1884800 122
1884810 122
1884820 122
1884830 122
1884840 122
1884850 122
1884860 122
1884870 122
1884880 122
1884890 122
1884900 122
1884910 122
1884920 122
1884930 123
1884940 122
1884950 122
1884960 122
1884970 122
1884980 122
1884990 122
1885000 123
1885010 123
1885020 122
1885030 122
1885040 122
1885050 122
1885060 122
1885070 122
1885080 122
1885090 122
1885100 122
1885110 122
1885120 122
1885130 122
1885140 122
1885150 122
1885160 122
1885170 122
1885180 122
1885190 122
1885200 122
1885210 122
1885220 122
1885230 122
1885240 122
1885250 122
1885260 122
1885270 122
1885280 122
1885290 122
1885300 122
1885310 122
1885320 122
1885330 122
1885340 122
1885350 122
1885360 122
1885370 122
1885380 122
1885390 122
1885400 122
1885410 122
1885420 122
1885430 122
1885440 122
1885450 122
1885460 122
1885470 122
1885480 122
1885490 122
1885500 122
1885510 122
1885520 122
1885530 122
1885540 122
1885550 122
1885560 122
1885570 122
1885580 122
1885590 122
1885600 122
1885610 122
1885620 122
1885630 122
1885640 122
1885650 122
1885660 122
1885670 122
1885680 122
1885690 122
1885700 122
1885710 122
1885720 123
1885730 122
1885740 122
1885750 122
1885760 122
1885770 122
1885780 122
1885790 122
1885800 122
1885810 122
1885820 122
1885830 122
1885840 122
1885850 122
1885860 122
1885870 122
1885880 122
1885890 122
1885900 123
1885910 123
1885920 123
1885930 123
1885940 124
1885950 124
1885960 124
1885970 124
1885980 124
1885990 124
1886000 124
1886010 124
1886020 124
1886030 124
1886040 123
1886050 123
1886060 123
1886070 123
1886080 123
1886090 123
1886100 123
1886110 123
1886120 123
1886130 123
1886140 123
1886150 123
1886160 123
1886170 123
1886180 123
1886190 123
1886200 123
1886210 123
1886220 123
1886230 123
1886240 123
1886250 123
1886260 123
1886270 123
1886280 123
1886290 123
1886300 123
1886310 123
1886320 123
1886330 123
1886340 123
1886350 123
1886360 123
1886370 123
1886380 123
1886390 123
1886400 123
1886410 123
1886420 123
1886430 123
1886440 123
1886450 123
1886460 123
1886470 123
1886480 123
1886490 123
1886500 123
1886510 123
1886520 123
1886530 123
1886540 123
1886550 123
1886560 123
1886570 124
1886580 124
1886590 124
1886600 124
1886610 124
1886620 124
1886630 124
1886640 124
1886650 124
1886660 124
1886670 124
1886680 124
1886690 124
1886700 124
1886710 124
1886720 124
1886730 124
1886740 124
1886750 124
1886760 124
1886770 124
1886780 124
1886790 124
1886800 124
1886810 124
1886820 124
1886830 124
1886840 124
1886850 124
1886860 124
1886870 124
1886880 124
1886890 124
1886900 124
1886910 124
1886920 123
1886930 123
1886940 123
1886950 123
1886960 123
1886970 123
1886980 123
1886990 123
1887000 123
1887010 123
1887020 123
1887030 123
1887040 123
1887050 123
1887060 123
1887070 122
1887080 122
1887090 122
1887100 122
1887110 122
1887120 122
1887130 122
1887140 122
1887150 122
1887160 122
1887170 122
1887180 122
1887190 122
1887200 122
1887210 122
1887220 122
1887230 122
1887240 122
1887250 122
1887260 122
1887270 122
1887280 122
1887290 122
1887300 122
1887310 122
1887320 122
1887330 122
1887340 122
1887350 122
1887360 122
1887370 122
1887380 122
1887390 122
1887400 122
1887410 122
1887420 122
1887430 122
1887440 123
1887450 123
1887460 123
1887470 123
1887480 123
1887490 124
1887500 124
1887510 124
1887520 124
1887530 124
1887540 124
1887550 124
1887560 124
1887570 124
1887580 124
1887590 124
1887600 124
1887610 121
1887620 120
1887630 120
1887640 120
1887650 120
1887660 120
1887670 122
1887680 122
1887690 122
1887700 122
1887710 124
1887720 124
1887730 126
1887740 127
1887750 127
1887760 127
1887770 126
1887780 126
1887790 125
1887800 125
1887810 125
1887820 125
1887830 125
1887840 125
1887850 125
1887860 125
1887870 125
1887880 125
1887890 125
1887900 125
1887910 125
1887920 125
1887930 125
1887940 125
1887950 125
1887960 125
1887970 125
1887980 125
1887990 125
1888000 124
1888010 124
1888020 124
1888030 124
1888040 124
1888050 124
1888060 124
1888070 124
1888080 124
1888090 124
1888100 124
1888110 124
1888120 124
1888130 124
1888140 124
1888150 124
1888160 124
1888170 124
1888180 124
1888190 124
1888200 124
1888210 124
1888220 124
1888230 124
1888240 124
1888250 124
1888260 124
1888270 124
1888280 124
1888290 124
1888300 124
1888310 124
1888320 124
1888330 124
1888340 124
1888350 124
1888360 124
1888370 124
1888380 124
1888390 124
1888400 124
1888410 124
1888420 124
1888430 124
1888440 124
1888450 124
1888460 124
1888470 124
1888480 124
1888490 124
1888500 124
1888510 124
1888520 124
1888530 124
1888540 124
1888550 124
1888560 124
1888570 124
1888580 124
1888590 124
1888600 124
1888610 124
1888620 124
1888630 124
1888640 124
1888650 124
1888660 124
1888670 124
1888680 124
1888690 124
1888700 124
1888710 124
1888720 124
1888730 124
1888740 124
1888750 124
1888760 124
1888770 124
1888780 124
1888790 124
1888800 125
1888810 125
1888820 125
1888830 125
1888840 125
1888850 125
1888860 125
1888870 125
1888880 125
1888890 125
1888900 125
1888910 125
1888920 125
1888930 125
1888940 125
1888950 125
1888960 125
1888970 125
1888980 125
1888990 125
1889000 125
1889010 125
1889020 125
1889030 125
1889040 125
1889050 125
1889060 125
1889070 125
1889080 125
1889090 125
1889100 125
1889110 125
1889120 125
1889130 125
1889140 125
1889150 125
1889160 125
1889170 125
1889180 125
1889190 125
1889200 125
1889210 125
1889220 125
1889230 125
1889240 125
1889250 125
1889260 125
1889270 125
1889280 125
1889290 125
1889300 125
1889310 125
1889320 125
1889330 125
1889340 125
1889350 125
1889360 125
1889370 125
1889380 125
1889390 125
1889400 125
1889410 125
1889420 125
1889430 125
1889440 125
1889450 125
1889460 125
1889470 125
1889480 125
1889490 125
1889500 125
1889510 125
1889520 125
1889530 125
1889540 125
1889550 125
1889560 124
1889570 124
1889580 124
1889590 124
1889600 124
1889610 124
1889620 124
1889630 124
1889640 124
1889650 124
1889660 124
1889670 124
1889680 124
1889690 124
1889700 124
1889710 124
1889720 124
1889730 124
1889740 124
1889750 124
1889760 124
1889770 124
1889780 124
1889790 124
1889800 124
1889810 124
1889820 124
1889830 124
1889840 124
1889850 124
1889860 124
1889870 124
1889880 124
1889890 124
1889900 124
1889910 124
1889920 124
1889930 124
1889940 124
1889950 124
1889960 124
1889970 124
1889980 125
1889990 125
1890000 125
1890010 125
1890020 125
1890030 125
1890040 125
1890050 125
1890060 125
1890070 125
1890080 125
1890090 125
1890100 125
1890110 125
1890120 125
1890130 125
1890140 125
1890150 125
1890160 125
1890170 125
1890180 125
1890190 125
1890200 125
1890210 124
1890220 124
1890230 124
1890240 124
1890250 124
1890260 124
1890270 124
1890280 124
1890290 124
1890300 124
1890310 124
1890320 124
1890330 125
1890340 125
1890350 125
1890360 125
1890370 125
1890380 125
1890390 125
1890400 125
1890410 125
1890420 125
1890430 125
1890440 125
1890450 125
1890460 125
1890470 125
1890480 125
1890490 125
1890500 125
1890510 125
1890520 125
1890530 125
1890540 125
1890550 125
1890560 124
1890570 124
1890580 124
1890590 124
1890600 124
1890610 124
1890620 124
1890630 124
1890640 124
1890650 124
1890660 124
1890670 124
1890680 124
1890690 124
1890700 124
1890710 124
1890720 124
1890730 124
1890740 124
1890750 124
1890760 124
1890770 124
1890780 124
1890790 124
1890800 124
1890810 124
1890820 124
1890830 124
1890840 124
1890850 124
1890860 124
1890870 124
1890880 124
1890890 124
1890900 124
1890910 124
1890920 124
1890930 124
1890940 124
1890950 124
1890960 124
1890970 124
1890980 124
1890990 124
1891000 124
1891010 124
1891020 124
1891030 124
1891040 124
1891050 124
1891060 124
1891070 124
1891080 124
1891090 124
1891100 124
1891110 124
1891120 124
1891130 124
1891140 124
1891150 124
1891160 124
1891170 124
1891180 124
1891190 124
1891200 124
1891210 124
1891220 124
1891230 124
1891240 124
1891250 124
1891260 124
1891270 124
1891280 124
1891290 124
1891300 124
1891310 124
1891320 124
1891330 124
1891340 124
1891350 124
1891360 124
1891370 124
1891380 124
1891390 124
1891400 124
1891410 124
1891420 124
1891430 124
1891440 124
1891450 124
1891460 124
1891470 124
1891480 124
1891490 124
1891500 124
1891510 124
1891520 124
1891530 123
1891540 123
1891550 123
1891560 123
1891570 124
1891580 123
1891590 123
1891600 123
1891610 123
1891620 123
1891630 123
1891640 123
1891650 123
1891660 123
1891670 123
1891680 123
1891690 123
1891700 123
1891710 123
1891720 123
1891730 123
1891740 123
1891750 123
1891760 123
1891770 123
1891780 123
1891790 123
1891800 123
1891810 123
1891820 123
1891830 123
1891840 123
1891850 124
1891860 124
1891870 124
1891880 124
1891890 124
1891900 124
1891910 124
1891920 124
1891930 124
1891940 124
1891950 124
1891960 124
1891970 124
1891980 124
1891990 124
1892000 124
1892010 124
1892020 124
1892030 124
1892040 124
1892050 124
1892060 124
1892070 124
1892080 124
1892090 124
1892100 124
1892110 124
1892120 124
1892130 124
1892140 124
1892150 123
1892160 123
1892170 123
1892180 123
1892190 123
1892200 123
1892210 123
1892220 123
1892230 123
1892240 123
1892250 123
1892260 123
1892270 123
1892280 123
1892290 123
1892300 123
1892310 123
1892320 123
1892330 123
1892340 123
1892350 123
1892360 123
1892370 123
1892380 123
1892390 123
1892400 123
1892410 123
1892420 124
1892430 124
1892440 124
1892450 124
1892460 124
1892470 124
1892480 124
1892490 124
1892500 124
1892510 124
1892520 124
1892530 124
1892540 124
1892550 124
1892560 124
1892570 124
1892580 124
1892590 124
1892600 124
1892610 124
1892620 124
1892630 124
1892640 124
1892650 124
1892660 124
1892670 124
1892680 124
1892690 124
1892700 124
1892710 124
1892720 124
1892730 124
1892740 124
1892750 124
1892760 124
1892770 124
1892780 124
1892790 124
1892800 124
1892810 124
1892820 124
1892830 124
1892840 124
1892850 124
1892860 124
1892870 124
1892880 124
1892890 124
1892900 124
1892910 124
1892920 124
1892930 124
1892940 124
1892950 124
1892960 124
1892970 123
1892980 123
1892990 123
1893000 123
1893010 123
1893020 123
1893030 123
1893040 123
1893050 123
1893060 123
1893070 123
1893080 123
1893090 123
1893100 123
1893110 123
1893120 123
1893130 123
1893140 123
1893150 123
1893160 123
1893170 123
1893180 123
1893190 123
1893200 123
1893210 123
1893220 123
1893230 123
1893240 123
1893250 123
1893260 123
1893270 123
1893280 123
1893290 123
1893300 123
1893310 123
1893320 123
1893330 123
1893340 123
1893350 123
1893360 123
1893370 123
1893380 123
1893390 122
1893400 123
1893410 123
1893420 123
1893430 123
1893440 123
1893450 123
1893460 123
1893470 123
1893480 123
1893490 123
1893500 123
1893510 123
1893520 123
1893530 123
1893540 123
1893550 123
1893560 123
1893570 123
1893580 123
1893590 123
1893600 123
1893610 123
1893620 123
1893630 123
1893640 123
1893650 123
1893660 123
1893670 123
1893680 122
1893690 122
1893700 122
1893710 122
1893720 122
1893730 122
1893740 122
1893750 122
1893760 122
1893770 122
1893780 122
1893790 122
1893800 122
1893810 122
1893820 122
1893830 122
1893840 122
1893850 122
1893860 123
1893870 123
1893880 123
1893890 123
1893900 123
1893910 123
1893920 123
1893930 123
1893940 123
1893950 123
1893960 123
1893970 124
1893980 124
1893990 124
1894000 124
1894010 124
1894020 124
1894030 124
1894040 125
1894050 125
1894060 125
1894070 125
1894080 125
1894090 125
1894100 125
1894110 125
1894120 125
1894130 125
1894140 125
1894150 125
1894160 125
1894170 125
1894180 125
1894190 125
1894200 125
1894210 125
1894220 125
1894230 125
1894240 125
1894250 125
1894260 125
1894270 125
1894280 125
1894290 125
1894300 125
1894310 125
1894320 125
1894330 125
1894340 125
1894350 124
1894360 124
1894370 124
1894380 124
1894390 124
1894400 124
1894410 124
1894420 124
1894430 124
1894440 124
1894450 124
1894460 124
1894470 124
1894480 124
1894490 124
1894500 124
1894510 124
1894520 124
1894530 124
1894540 124
1894550 124
1894560 123
1894570 123
1894580 122
1894590 121
1894600 121
1894610 120
1894620 119
1894630 119
1894640 119
1894650 119
1894660 119
1894670 119
1894680 119
1894690 119
1894700 119
1894710 119
1894720 119
1894730 119
1894740 119
1894750 119
1894760 119
1894770 119
1894780 119
1894790 119
1894800 119
1894810 119
1894820 119
1894830 119
1894840 119
1894850 119
1894860 119
1894870 119
1894880 119
1894890 119
1894900 119
1894910 119
1894920 119
1894930 119
1894940 119
1894950 119
1894960 119
1894970 119
1894980 119
1894990 119
1895000 119
1895010 119
1895020 119
1895030 119
1895040 119
1895050 119
1895060 119
1895070 119
1895080 120
1895090 120
1895100 123
1895110 120
1895120 120
1895130 121
1895140 122
1895150 122
1895160 123
1895170 126
1895180 126
1895190 126
1895200 126
1895210 126
1895220 125
1895230 125
1895240 125
1895250 124
1895260 124
1895270 124
1895280 124
1895290 124
1895300 124
1895310 124
1895320 124
1895330 124
1895340 124
1895350 124
1895360 124
1895370 124
1895380 124
1895390 124
1895400 124
1895410 124
1895420 124
1895430 124
1895440 124
1895450 124
1895460 124
1895470 124
1895480 124
1895490 124
1895500 124
1895510 124
1895520 124
1895530 124
1895540 124
1895550 124
1895560 124
1895570 124
1895580 124
1895590 124
1895600 124
1895610 124
1895620 124
1895630 124
1895640 125
1895650 125
1895660 125
1895670 126
1895680 126
1895690 126
1895700 126
1895710 126
1895720 126
1895730 126
1895740 126
1895750 126
1895760 126
1895770 126
1895780 126
1895790 126
1895800 126
1895810 126
1895820 126
1895830 126
1895840 126
1895850 126
1895860 126
1895870 126
1895880 126
1895890 126
1895900 126
1895910 126
1895920 125
1895930 125
1895940 125
1895950 125
1895960 125
1895970 125
1895980 125
1895990 125
1896000 125
1896010 125
1896020 125
1896030 125
1896040 125
1896050 125
1896060 125
1896070 125
1896080 125
1896090 125
1896100 125
1896110 125
1896120 125
1896130 125
1896140 125
1896150 125
1896160 125
1896170 125
1896180 125
1896190 125
1896200 126
1896210 126
1896220 126
1896230 126
1896240 126
1896250 126
1896260 126
1896270 126
1896280 126
1896290 126
1896300 126
1896310 126
1896320 126
1896330 126
1896340 126
1896350 126
1896360 126
1896370 125
1896380 125
1896390 125
1896400 125
1896410 125
1896420 125
1896430 125
1896440 125
1896450 125
1896460 125
1896470 125
1896480 125
1896490 125
1896500 125
1896510 126
1896520 126
1896530 126
1896540 125
1896550 125
1896560 125
1896570 126
1896580 126
1896590 126
1896600 125
1896610 125
1896620 125
1896630 125
1896640 125
1896650 125
1896660 125
1896670 125
1896680 125
1896690 125
1896700 125
1896710 125
1896720 125
1896730 125
1896740 124
1896750 124
1896760 124
1896770 124
1896780 124
1896790 124
1896800 124
1896810 124
1896820 124
1896830 124
1896840 124
1896850 124
1896860 124
1896870 123
1896880 123
1896890 123
1896900 123
1896910 123
1896920 123
1896930 123
1896940 123
1896950 123
1896960 123
1896970 123
1896980 123
1896990 123
1897000 123
1897010 123
1897020 123
1897030 123
1897040 123
1897050 123
1897060 123
1897070 123
1897080 123
1897090 123
1897100 123
1897110 123
1897120 123
1897130 123
1897140 123
1897150 122
1897160 122
1897170 122
1897180 123
1897190 123
1897200 123
1897210 123
1897220 123
1897230 123
1897240 123
1897250 123
1897260 123
1897270 123
1897280 123
1897290 122
1897300 122
1897310 122
1897320 122
1897330 122
1897340 122
1897350 122
1897360 122
1897370 122
1897380 122
1897390 122
1897400 122
1897410 122
1897420 122
1897430 122
1897440 122
1897450 122
1897460 122
1897470 122
1897480 122
1897490 122
1897500 122
1897510 122
1897520 122
1897530 122
1897540 122
1897550 122
1897560 122
1897570 122
1897580 122
1897590 122
1897600 122
1897610 122
1897620 122
1897630 122
1897640 122
1897650 122
1897660 122
1897670 122
1897680 122
1897690 122
1897700 122
1897710 122
1897720 122
1897730 122
1897740 122
1897750 122
1897760 122
1897770 122
1897780 122
1897790 122
1897800 122
1897810 122
1897820 122
1897830 122
1897840 122
1897850 122
1897860 122
1897870 122
1897880 122
1897890 122
1897900 122
1897910 122
1897920 122
1897930 122
1897940 122
1897950 122
1897960 122
1897970 122
1897980 122
1897990 122
1898000 122
1898010 122
1898020 122
1898030 122
1898040 122
1898050 122
1898060 122
1898070 122
1898080 122
1898090 122
1898100 122
1898110 122
1898120 122
1898130 122
1898140 122
1898150 122
1898160 122
1898170 122
1898180 122
1898190 122
1898200 122
1898210 122
1898220 122
1898230 122
1898240 122
1898250 122
1898260 122
1898270 122
1898280 122
1898290 122
1898300 122
1898310 122
1898320 122
1898330 122
1898340 122
1898350 123
1898360 123
1898370 123
1898380 124
1898390 124
1898400 124
1898410 124
1898420 124
1898430 124
1898440 124
1898450 124
1898460 124
1898470 124
1898480 124
1898490 124
1898500 124
1898510 124
1898520 124
1898530 124
1898540 124
1898550 123
1898560 123
1898570 124
1898580 124
1898590 124
1898600 124
1898610 124
1898620 124
1898630 124
1898640 124
1898650 124
1898660 124
1898670 124
1898680 124
1898690 124
1898700 124
1898710 124
1898720 124
1898730 124
1898740 124
1898750 124
1898760 124
1898770 124
1898780 124
1898790 124
1898800 124
1898810 124
1898820 124
1898830 124
1898840 124
1898850 124
1898860 124
1898870 124
1898880 124
1898890 124
1898900 124
1898910 124
1898920 124
1898930 124
1898940 124
1898950 124
1898960 124
1898970 124
1898980 124
1898990 124
1899000 124
1899010 124
1899020 124
1899030 124
1899040 124
1899050 124
1899060 124
1899070 124
1899080 124
1899090 124
1899100 124
1899110 124
1899120 124
1899130 124
1899140 124
1899150 124
1899160 124
1899170 124
1899180 124
1899190 124
1899200 124
1899210 124
1899220 124
1899230 124
1899240 124
1899250 124
1899260 124
1899270 124
1899280 124
1899290 124
1899300 124
1899310 124
1899320 124
1899330 124
1899340 123
1899350 123
1899360 123
1899370 123
1899380 123
1899390 123
1899400 123
1899410 123
1899420 123
1899430 123
1899440 123
1899450 123
1899460 123
1899470 123
1899480 123
1899490 123
1899500 123
1899510 123
1899520 123
1899530 123
1899540 123
1899550 123
1899560 123
1899570 123
1899580 123
1899590 123
1899600 123
1899610 123
1899620 123
1899630 123
1899640 123
