1880000 124
1880010 124
1880020 124
1880030 124
1880040 124
1880050 124
1880060 124
1880070 124
1880080 124
1880090 124
1880100 124
1880110 124
1880120 124
1880130 124
1880140 124
1880150 124
1880160 124
1880170 124
1880180 124
1880190 124
1880200 124
1880210 124
1880220 124
1880230 124
1880240 124
1880250 124
1880260 124
1880270 124
1880280 124
1880290 124
1880300 123
1880310 123
1880320 123
1880330 123
1880340 123
1880350 123
1880360 123
1880370 123
1880380 123
1880390 123
1880400 123
1880410 124
1880420 123
1880430 123
1880440 123
1880450 124
1880460 124
1880470 124
1880480 124
1880490 124
1880500 124
1880510 124
1880520 124
1880530 124
1880540 124
1880550 124
1880560 124
1880570 124
1880580 124
1880590 124
1880600 124
1880610 124
1880620 124
1880630 124
1880640 124
1880650 124
1880660 124
1880670 124
1880680 124
1880690 124
1880700 124
1880710 124
1880720 124
1880730 124
1880740 125
1880750 125
1880760 125
1880770 125
1880780 125
1880790 125
1880800 125
1880810 125
1880820 125
1880830 125
1880840 125
1880850 125
1880860 125
1880870 125
1880880 125
1880890 125
1880900 125
1880910 125
1880920 125
1880930 125
1880940 125
1880950 125
1880960 125
1880970 125
1880980 125
1880990 125
1881000 125
1881010 125
1881020 125
1881030 125
1881040 125
1881050 125
1881060 125
1881070 125
1881080 125
1881090 125
1881100 125
1881110 125
1881120 125
1881130 125
1881140 125
1881150 125
1881160 125
1881170 124
1881180 124
1881190 124
1881200 124
1881210 124
1881220 124
1881230 124
1881240 124
1881250 124
1881260 124
1881270 124
1881280 124
1881290 124
1881300 124
1881310 124
1881320 124
1881330 124
1881340 124
1881350 124
1881360 124
1881370 124
1881380 124
1881390 124
1881400 124
1881410 124
1881420 124
1881430 124
1881440 124
1881450 124
1881460 124
1881470 124
1881480 124
1881490 124
1881500 124
1881510 124
1881520 124
1881530 124
1881540 124
1881550 124
1881560 124
1881570 124
1881580 124
1881590 124
1881600 124
1881610 124
1881620 124
1881630 124
1881640 124
1881650 124
1881660 124
1881670 124
1881680 124
1881690 124
1881700 124
1881710 124
1881720 124
1881730 124
1881740 124
1881750 124
1881760 124
1881770 124
1881780 124
1881790 124
1881800 124
1881810 124
1881820 124
1881830 124
1881840 124
1881850 124
1881860 124
1881870 124
1881880 124
1881890 124
1881900 124
1881910 124
1881920 124
1881930 124
1881940 124
1881950 124
1881960 124
1881970 124
1881980 124
1881990 124
1882000 124
1882010 124
1882020 124
1882030 124
1882040 124
1882050 124
1882060 124
1882070 124
1882080 124
1882090 124
1882100 124
1882110 124
1882120 124
1882130 124
1882140 124
1882150 124
1882160 124
1882170 124
1882180 124
1882190 124
1882200 124
1882210 124
1882220 124
1882230 124
1882240 125
1882250 125
1882260 124
1882270 124
1882280 124
1882290 124
1882300 124
1882310 124
1882320 124
1882330 124
1882340 125
1882350 125
1882360 125
1882370 125
1882380 125
1882390 125
1882400 125
1882410 125
1882420 124
1882430 124
1882440 124
1882450 124
1882460 124
1882470 124
1882480 124
1882490 124
1882500 124
1882510 125
1882520 125
1882530 125
1882540 125
1882550 125
1882560 125
1882570 125
1882580 125
1882590 125
1882600 125
1882610 125
1882620 125
1882630 125
1882640 125
1882650 125
1882660 125
1882670 125
1882680 125
1882690 125
1882700 125
1882710 125
1882720 124
1882730 124
1882740 124
1882750 124
1882760 124
1882770 124
1882780 124
1882790 124
1882800 124
1882810 124
1882820 124
1882830 124
1882840 124
1882850 124
1882860 124
1882870 124
1882880 124
1882890 124
1882900 124
1882910 124
1882920 124
1882930 124
1882940 124
1882950 124
1882960 124
1882970 124
1882980 124
1882990 124
1883000 124
1883010 124
1883020 124
1883030 124
1883040 124
1883050 124
1883060 124
1883070 124
1883080 124
1883090 124
1883100 124
1883110 124
1883120 124
1883130 125
1883140 125
1883150 124
1883160 124
1883170 124
1883180 124
1883190 124
1883200 124
1883210 124
1883220 124
1883230 124
1883240 124
1883250 124
1883260 124
1883270 124
1883280 124
1883290 124
1883300 124
1883310 124
1883320 124
1883330 124
1883340 124
1883350 124
1883360 124
1883370 124
1883380 124
1883390 124
1883400 124
1883410 124
1883420 124
1883430 124
1883440 124
1883450 124
1883460 124
1883470 124
1883480 124
1883490 124
1883500 124
1883510 124
1883520 124
1883530 124
1883540 124
1883550 124
1883560 124
1883570 124
1883580 124
1883590 124
1883600 124
1883610 124
1883620 124
1883630 124
1883640 124
1883650 124
1883660 124
1883670 124
1883680 124
1883690 124
1883700 124
1883710 124
1883720 124
1883730 124
1883740 124
1883750 124
1883760 124
1883770 123
1883780 123
1883790 124
1883800 124
1883810 124
1883820 124
1883830 124
1883840 124
1883850 124
1883860 124
1883870 124
1883880 124
1883890 124
1883900 124
1883910 124
1883920 124
1883930 124
1883940 124
1883950 124
1883960 124
1883970 124
1883980 124
1883990 124
1884000 124
1884010 124
1884020 124
1884030 124
1884040 124
1884050 124
1884060 124
1884070 124
1884080 124
1884090 124
1884100 123
1884110 123
1884120 123
1884130 123
1884140 123
1884150 123
1884160 123
1884170 123
1884180 123
1884190 123
1884200 123
1884210 123
1884220 123
1884230 123
1884240 123
1884250 123
1884260 123
1884270 123
1884280 123
1884290 123
1884300 123
1884310 123
1884320 123
1884330 123
1884340 123
1884350 123
1884360 123
1884370 123
1884380 123
1884390 123
1884400 123
1884410 123
1884420 123
1884430 123
1884440 123
1884450 123
1884460 123
1884470 122
1884480 122
1884490 122
1884500 123
1884510 123
1884520 123
1884530 123
1884540 123
1884550 123
1884560 123
1884570 123
1884580 123
1884590 123
1884600 123
1884610 123
1884620 123
1884630 123
1884640 123
1884650 123
1884660 123
1884670 123
1884680 123
1884690 123
1884700 123
1884710 123
1884720 123
1884730 123
1884740 123
1884750 123
1884760 123
1884770 123
1884780 123
1884790 123
1884800 123
1884810 123
1884820 123
1884830 123
1884840 123
1884850 123
1884860 123
1884870 123
1884880 123
1884890 123
1884900 123
1884910 123
1884920 123
1884930 123
1884940 123
1884950 123
1884960 123
1884970 123
1884980 123
1884990 123
1885000 123
1885010 123
1885020 123
1885030 124
1885040 123
1885050 123
1885060 123
1885070 123
1885080 123
1885090 123
1885100 123
1885110 123
1885120 123
1885130 123
1885140 123
1885150 123
1885160 123
1885170 123
1885180 123
1885190 123
1885200 123
1885210 123
1885220 123
1885230 123
1885240 123
1885250 123
1885260 123
1885270 123
1885280 123
1885290 123
1885300 123
1885310 123
1885320 123
1885330 123
1885340 123
1885350 123
1885360 123
1885370 123
1885380 123
1885390 123
1885400 123
1885410 123
1885420 123
1885430 123
1885440 123
1885450 123
1885460 123
1885470 123
1885480 123
1885490 123
1885500 123
1885510 123
1885520 123
1885530 123
1885540 123
1885550 123
1885560 123
1885570 123
1885580 123
1885590 123
1885600 123
1885610 123
1885620 123
1885630 123
1885640 123
1885650 123
1885660 123
1885670 123
1885680 123
1885690 123
1885700 123
1885710 123
1885720 123
1885730 123
1885740 123
1885750 123
1885760 123
1885770 123
1885780 123
1885790 123
1885800 123
1885810 123
1885820 123
1885830 123
1885840 123
1885850 123
1885860 123
1885870 123
1885880 123
1885890 123
1885900 123
1885910 123
1885920 123
1885930 123
1885940 123
1885950 123
1885960 123
1885970 123
1885980 123
1885990 123
1886000 123
1886010 123
1886020 123
1886030 123
1886040 123
1886050 123
1886060 123
1886070 123
1886080 123
1886090 123
1886100 123
1886110 123
1886120 123
1886130 123
1886140 123
1886150 123
1886160 123
1886170 123
1886180 123
1886190 123
1886200 123
1886210 123
1886220 123
1886230 123
1886240 123
1886250 123
1886260 123
1886270 123
1886280 123
1886290 123
1886300 123
1886310 124
1886320 124
1886330 124
1886340 124
1886350 124
1886360 124
1886370 124
1886380 125
1886390 125
1886400 125
1886410 125
1886420 125
1886430 125
1886440 125
1886450 125
1886460 125
1886470 125
1886480 125
1886490 125
1886500 125
1886510 125
1886520 125
1886530 125
1886540 125
1886550 125
1886560 125
1886570 125
1886580 125
1886590 125
1886600 125
1886610 125
1886620 125
1886630 125
1886640 125
1886650 125
1886660 125
1886670 125
1886680 125
1886690 125
1886700 125
1886710 125
1886720 125
1886730 125
1886740 125
1886750 125
1886760 125
1886770 125
1886780 125
1886790 125
1886800 125
1886810 125
1886820 125
1886830 125
1886840 125
1886850 125
1886860 126
1886870 126
1886880 126
1886890 126
1886900 126
1886910 126
1886920 126
1886930 126
1886940 126
1886950 126
1886960 126
1886970 126
1886980 126
1886990 125
1887000 125
1887010 125
1887020 125
1887030 125
1887040 125
1887050 125
1887060 125
1887070 125
1887080 125
1887090 125
1887100 125
1887110 125
1887120 125
1887130 125
1887140 125
1887150 125
1887160 125
1887170 124
1887180 124
1887190 123
1887200 123
1887210 123
1887220 125
1887230 125
1887240 125
1887250 125
1887260 125
1887270 125
1887280 124
1887290 124
1887300 124
1887310 124
1887320 124
1887330 124
1887340 124
1887350 124
1887360 124
1887370 124
1887380 124
1887390 124
1887400 124
1887410 124
1887420 123
1887430 123
1887440 123
1887450 123
1887460 123
1887470 123
1887480 123
1887490 123
1887500 123
1887510 123
1887520 123
1887530 123
1887540 123
1887550 123
1887560 123
1887570 123
1887580 123
1887590 123
1887600 123
1887610 123
1887620 123
1887630 123
1887640 123
1887650 123
1887660 123
1887670 123
1887680 124
1887690 124
1887700 124
1887710 124
1887720 124
1887730 124
1887740 124
1887750 124
1887760 124
1887770 124
1887780 124
1887790 124
1887800 124
1887810 124
1887820 124
1887830 124
1887840 124
1887850 124
1887860 124
1887870 124
1887880 124
1887890 124
1887900 124
1887910 124
1887920 124
1887930 124
1887940 124
1887950 124
1887960 124
1887970 124
1887980 124
1887990 124
1888000 124
1888010 124
1888020 124
1888030 124
1888040 124
1888050 124
1888060 124
1888070 124
1888080 124
1888090 124
1888100 124
1888110 124
1888120 124
1888130 124
1888140 123
1888150 123
1888160 123
1888170 123
1888180 123
1888190 123
1888200 123
1888210 123
1888220 123
1888230 123
1888240 123
1888250 123
1888260 123
1888270 124
1888280 124
1888290 124
1888300 124
1888310 124
1888320 124
1888330 124
1888340 124
1888350 124
1888360 124
1888370 124
1888380 124
1888390 124
1888400 124
1888410 124
1888420 124
1888430 124
1888440 124
1888450 124
1888460 124
1888470 124
1888480 124
1888490 124
1888500 124
1888510 124
1888520 124
1888530 124
1888540 124
1888550 124
1888560 124
1888570 124
1888580 124
1888590 124
1888600 124
1888610 124
1888620 124
1888630 124
1888640 124
1888650 124
1888660 124
1888670 124
1888680 124
1888690 124
1888700 124
1888710 124
1888720 124
1888730 124
1888740 124
1888750 124
1888760 124
1888770 124
1888780 124
1888790 124
1888800 124
1888810 124
1888820 125
1888830 125
1888840 124
1888850 124
1888860 124
1888870 124
1888880 124
1888890 124
1888900 124
1888910 124
1888920 124
1888930 124
1888940 124
1888950 124
1888960 124
1888970 124
1888980 124
1888990 124
1889000 124
1889010 124
1889020 124
1889030 124
1889040 124
1889050 124
1889060 124
1889070 124
1889080 124
1889090 124
1889100 124
1889110 124
1889120 124
1889130 124
1889140 124
1889150 124
1889160 124
1889170 124
1889180 124
1889190 124
1889200 124
1889210 124
1889220 124
1889230 124
1889240 124
1889250 124
1889260 124
1889270 124
1889280 124
1889290 124
1889300 124
1889310 124
1889320 124
1889330 124
1889340 124
1889350 124
1889360 124
1889370 124
1889380 124
1889390 124
1889400 124
1889410 124
1889420 124
1889430 124
1889440 124
1889450 124
1889460 124
1889470 124
1889480 124
1889490 124
1889500 124
1889510 124
1889520 124
1889530 124
1889540 124
1889550 124
1889560 124
1889570 124
1889580 124
1889590 124
1889600 124
1889610 124
1889620 124
1889630 125
1889640 125
1889650 125
1889660 125
1889670 124
1889680 124
1889690 125
1889700 125
1889710 125
1889720 125
1889730 125
1889740 125
1889750 124
1889760 124
1889770 124
1889780 124
1889790 124
1889800 124
1889810 124
1889820 124
1889830 124
1889840 124
1889850 124
1889860 124
1889870 124
1889880 124
1889890 124
1889900 124
1889910 124
1889920 124
1889930 124
1889940 124
1889950 124
1889960 124
1889970 124
1889980 124
1889990 124
1890000 124
1890010 124
1890020 124
1890030 124
1890040 124
1890050 124
1890060 124
1890070 124
1890080 124
1890090 124
1890100 124
1890110 124
1890120 124
1890130 124
1890140 124
1890150 124
1890160 124
1890170 124
1890180 124
1890190 124
1890200 124
1890210 124
1890220 125
1890230 125
1890240 125
1890250 125
1890260 125
1890270 125
1890280 125
1890290 125
1890300 125
1890310 125
1890320 125
1890330 125
1890340 125
1890350 125
1890360 125
1890370 125
1890380 125
1890390 125
1890400 125
1890410 125
1890420 125
1890430 125
1890440 125
1890450 124
1890460 124
1890470 124
1890480 125
1890490 124
1890500 124
1890510 124
1890520 125
1890530 125
1890540 125
1890550 125
1890560 125
1890570 125
1890580 125
1890590 125
1890600 125
1890610 125
1890620 125
1890630 125
1890640 125
1890650 125
1890660 125
1890670 125
1890680 125
1890690 125
1890700 125
1890710 125
1890720 125
1890730 125
1890740 125
1890750 125
1890760 125
1890770 125
1890780 125
1890790 125
1890800 125
1890810 125
1890820 125
1890830 125
1890840 125
1890850 125
1890860 125
1890870 125
1890880 125
1890890 125
1890900 125
1890910 125
1890920 125
1890930 125
1890940 125
1890950 125
1890960 125
1890970 125
1890980 125
1890990 125
1891000 125
1891010 125
1891020 125
1891030 125
1891040 125
1891050 125
1891060 125
1891070 125
1891080 125
1891090 125
1891100 125
1891110 125
1891120 125
1891130 125
1891140 125
1891150 125
1891160 125
1891170 125
1891180 125
1891190 125
1891200 125
1891210 125
1891220 125
1891230 125
1891240 125
1891250 125
1891260 125
1891270 125
1891280 125
1891290 125
1891300 125
1891310 125
1891320 125
1891330 125
1891340 125
1891350 125
1891360 125
1891370 125
1891380 125
1891390 125
1891400 125
1891410 125
1891420 125
1891430 125
1891440 125
1891450 125
1891460 125
1891470 125
1891480 125
1891490 125
1891500 125
1891510 125
1891520 125
1891530 125
1891540 125
1891550 125
1891560 125
1891570 125
1891580 125
1891590 125
1891600 125
1891610 125
1891620 125
1891630 125
1891640 125
1891650 125
1891660 125
1891670 125
1891680 125
1891690 125
1891700 125
1891710 125
1891720 125
1891730 125
1891740 125
1891750 125
1891760 125
1891770 125
1891780 125
1891790 125
1891800 125
1891810 125
1891820 125
1891830 125
1891840 125
1891850 125
1891860 125
1891870 125
1891880 125
1891890 125
1891900 125
1891910 125
1891920 125
1891930 125
1891940 125
1891950 125
1891960 125
1891970 125
1891980 125
1891990 125
1892000 125
1892010 125
1892020 125
1892030 125
1892040 125
1892050 125
1892060 125
1892070 125
1892080 125
1892090 125
1892100 125
1892110 125
1892120 125
1892130 125
1892140 125
1892150 125
1892160 125
1892170 125
1892180 125
1892190 125
1892200 125
1892210 125
1892220 125
1892230 125
1892240 125
1892250 125
1892260 125
1892270 125
1892280 125
1892290 125
1892300 125
1892310 125
1892320 125
1892330 125
1892340 125
1892350 125
1892360 125
1892370 125
1892380 125
1892390 125
1892400 125
1892410 125
1892420 125
1892430 125
1892440 125
1892450 125
1892460 125
1892470 125
1892480 125
1892490 125
1892500 125
1892510 125
1892520 125
1892530 125
1892540 125
1892550 125
1892560 125
1892570 125
1892580 125
1892590 125
1892600 125
1892610 125
1892620 125
1892630 125
1892640 125
1892650 125
1892660 125
1892670 125
1892680 125
1892690 125
1892700 125
1892710 125
1892720 125
1892730 125
1892740 126
1892750 126
1892760 126
1892770 123
1892780 121
1892790 121
1892800 120
1892810 120
1892820 120
1892830 120
1892840 120
1892850 120
1892860 120
1892870 120
1892880 120
1892890 120
1892900 120
1892910 120
1892920 120
1892930 120
1893060 120
1893070 120
1893080 120
1893090 121
1893100 121
1893110 122
1893120 122
1893130 125
1893140 125
1893150 125
1893160 125
1893170 125
1893180 125
1893190 125
1893200 125
1893210 125
1893220 125
1893230 125
1893240 125
1893250 125
1893260 125
1893270 125
1893280 125
1893290 125
1893300 125
1893310 125
1893320 125
1893330 125
1893340 125
1893350 125
1893360 125
1893370 124
1893380 124
1893390 124
1893400 125
1893410 125
1893420 125
1893430 125
1893440 124
1893450 124
1893460 124
1893470 124
1893480 124
1893490 124
1893500 124
1893510 124
1893520 124
1893530 124
1893540 124
1893550 124
1893560 124
1893570 124
1893580 124
1893590 124
1893600 124
1893610 124
1893620 124
1893630 124
1893640 125
1893650 125
1893660 125
1893670 125
1893680 125
1893690 125
1893700 125
1893710 125
1893720 125
1893730 125
1893740 125
1893750 125
1893760 125
1893770 125
1893780 125
1893790 125
1893800 125
1893810 125
1893820 124
1893830 124
1893840 124
1893850 124
1893860 125
1893870 125
1893880 125
1893890 125
1893900 125
1893910 125
1893920 125
1893930 125
1893940 125
1893950 125
1893960 125
1893970 125
1893980 125
1893990 125
1894000 125
1894010 125
1894020 125
1894030 125
1894040 125
1894050 125
1894060 125
1894070 125
1894080 126
1894090 126
1894100 126
1894110 126
1894120 126
1894130 126
1894140 126
1894150 126
1894160 126
1894170 126
1894180 126
1894190 126
1894200 126
1894210 126
1894220 126
1894230 126
1894240 126
1894250 126
1894260 126
1894270 126
1894280 126
1894290 126
1894300 126
1894310 126
1894320 126
1894330 126
1894340 125
1894350 125
1894360 125
1894370 125
1894380 125
1894390 125
1894400 125
1894410 125
1894420 125
1894430 126
1894440 126
1894450 126
1894460 126
1894470 125
1894480 125
1894490 125
1894500 125
1894510 125
1894520 125
1894530 125
1894540 125
1894550 125
1894560 125
1894570 125
1894580 125
1894590 125
1894600 125
1894610 125
1894620 125
1894630 125
1894640 125
1894650 125
1894660 125
1894670 125
1894680 125
1894690 125
1894700 125
1894710 125
1894720 125
1894730 125
1894740 125
1894750 125
1894760 125
1894770 125
1894780 125
1894790 125
1894800 125
1894810 125
1894820 125
1894830 125
1894840 125
1894850 125
1894860 125
1894870 125
1894880 125
1894890 125
1894900 125
1894910 125
1894920 125
1894930 125
1894940 125
1894950 125
1894960 125
1894970 125
1894980 125
1894990 125
1895000 125
1895010 125
1895020 125
1895030 125
1895040 125
1895050 125
1895060 125
1895070 125
1895080 125
1895090 125
1895100 125
1895110 125
1895120 125
1895130 125
1895140 125
1895150 125
1895160 125
1895170 125
1895180 125
1895190 125
1895200 125
1895210 125
1895220 125
1895230 125
1895240 125
1895250 125
1895260 125
1895270 125
1895280 125
1895290 125
1895300 125
1895310 125
1895320 125
1895330 125
1895340 125
1895350 125
1895360 125
1895370 125
1895380 125
1895390 125
1895400 125
1895410 125
1895420 125
1895430 125
1895440 125
1895450 125
1895460 125
1895470 125
1895480 125
1895490 125
1895500 125
1895510 125
1895520 125
1895530 125
1895540 125
1895550 125
1895560 125
1895570 125
1895580 125
1895590 125
1895600 125
1895610 125
1895620 125
1895630 125
1895640 125
1895650 125
1895660 125
1895670 125
1895680 125
1895690 125
1895700 125
1895710 125
1895720 124
1895730 124
1895740 124
1895750 124
1895760 124
1895770 125
1895780 125
1895790 125
1895800 125
1895810 125
1895820 125
1895830 125
1895840 125
1895850 125
1895860 125
1895870 124
1895880 124
1895890 124
1895900 124
1895910 124
1895920 124
1895930 124
1895940 124
1895950 124
1895960 124
1895970 124
1895980 124
1895990 125
1896000 125
1896010 125
1896020 125
1896030 125
1896040 125
1896050 126
1896060 126
1896070 126
1896080 125
1896090 125
1896100 125
1896110 125
1896120 125
1896130 125
1896140 125
1896150 125
1896160 125
1896170 125
1896180 125
1896190 125
1896200 124
1896210 124
1896220 124
1896230 124
1896240 125
1896250 125
1896260 124
1896270 124
1896280 124
1896290 124
1896300 124
1896310 124
1896320 125
1896330 125
1896340 125
1896350 125
1896360 124
1896370 124
1896380 124
1896390 124
1896400 124
1896410 124
1896420 124
1896430 124
1896440 124
1896450 124
1896460 124
1896470 124
1896480 124
1896490 124
1896500 124
1896510 124
1896520 124
1896530 124
1896540 124
1896550 124
1896560 124
1896570 124
1896580 124
1896590 124
1896600 124
1896610 124
1896620 124
1896630 124
1896640 124
1896650 124
1896660 124
1896670 124
1896680 124
1896690 124
1896700 124
1896710 124
1896720 124
1896730 124
1896740 124
1896750 124
1896760 124
1896770 124
1896780 124
1896790 124
1896800 124
1896810 124
1896820 124
1896830 124
1896840 124
1896850 124
1896860 124
1896870 124
1896880 124
1896890 124
1896900 124
1896910 124
1896920 124
1896930 124
1896940 124
1896950 124
1896960 124
1896970 124
1896980 124
1896990 124
1897000 124
1897010 124
1897020 124
1897030 124
1897040 124
1897050 124
1897060 123
1897070 123
1897080 123
