1880000 121
1880010 121
1880020 121
1880030 121
1880040 122
1880050 122
1880060 122
1880070 120
1880080 120
1880090 120
1880100 121
1880110 122
1880120 122
1880130 121
1880140 121
1880150 121
1880160 121
1880170 121
1880180 121
1880190 121
1880200 122
1880210 122
1880220 122
1880230 121
1880240 121
1880250 122
1880260 122
1880270 122
1880280 122
1880290 122
1880300 122
1880310 121
1880320 121
1880330 121
1880340 122
1880350 122
1880360 122
1880370 122
1880380 122
1880390 122
1880400 122
1880410 122
1880420 122
1880430 122
1880440 122
1880450 122
1880460 122
1880470 122
1880480 121
1880490 121
1880500 121
1880510 121
1880520 121
1880530 121
1880540 121
1880550 121
1880560 121
1880570 122
1880580 122
1880590 122
1880600 121
1880610 121
1880620 121
1880630 121
1880640 121
1880650 121
1880660 121
1880670 121
1880680 121
1880690 121
1880700 121
1880710 121
1880720 121
1880730 121
1880740 121
1880750 121
1880760 121
1880770 121
1880780 121
1880790 121
1880800 122
1880810 122
1880820 122
1880830 122
1880840 122
1880850 122
1880860 122
1880870 122
1880880 122
1880890 122
1880900 122
1880910 122
1880920 122
1880930 122
1880940 122
1880950 122
1880960 122
1880970 122
1880980 123
1880990 123
1881000 123
1881010 122
1881020 122
1881030 122
1881040 122
1881050 122
1881060 122
1881070 122
1881080 122
1881090 122
1881100 122
1881110 122
1881120 122
1881130 122
1881140 122
1881150 122
1881160 123
1881170 123
1881180 123
1881190 123
1881200 124
1881210 124
1881220 124
1881230 124
1881240 124
1881250 124
1881260 124
1881270 124
1881280 124
1881290 123
1881300 123
1881310 123
1881320 123
1881330 123
1881340 123
1881350 123
1881360 123
1881370 123
1881380 123
1881390 123
1881400 123
1881410 123
1881420 123
1881430 123
1881440 123
1881450 123
1881460 123
1881470 123
1881480 123
1881490 123
1881500 123
1881510 123
1881520 123
1881530 123
1881540 123
1881550 123
1881560 123
1881570 123
1881580 123
1881590 123
1881600 123
1881610 123
1881620 123
1881630 123
1881640 123
1881650 123
1881660 123
1881670 123
1881680 123
1881690 124
1881700 124
1881710 124
1881720 124
1881730 124
1881740 124
1881750 124
1881760 124
1881770 124
1881780 124
1881790 124
1881800 124
1881810 124
1881820 124
1881830 124
1881840 124
1881850 124
1881860 124
1881870 124
1881880 124
1881890 124
1881900 124
1881910 124
1881920 124
1881930 124
1881940 124
1881950 124
1881960 124
1881970 124
1881980 124
1881990 124
1882000 124
1882010 124
1882020 124
1882030 124
1882040 124
1882050 124
1882060 124
1882070 124
1882080 124
1882090 124
1882100 124
1882110 124
1882120 124
1882130 124
1882140 124
1882150 124
1882160 124
1882170 123
1882180 123
1882190 123
1882200 123
1882210 123
1882220 123
1882230 123
1882240 123
1882250 123
1882260 123
1882270 123
1882280 123
1882290 123
1882300 124
1882310 124
1882320 124
1882330 124
1882340 124
1882350 124
1882360 124
1882370 124
1882380 124
1882390 124
1882400 124
1882410 124
1882420 124
1882430 124
1882440 124
1882450 124
1882460 124
1882470 124
1882480 124
1882490 124
1882500 124
1882510 124
1882520 124
1882530 124
1882540 124
1882550 124
1882560 124
1882570 124
1882580 124
1882590 124
1882600 124
1882610 124
1882620 125
1882630 125
1882640 125
1882650 125
1882660 125
1882670 125
1882680 125
1882690 125
1882700 125
1882710 125
1882720 125
1882730 125
1882740 125
1882750 125
1882760 125
1882770 125
1882780 125
1882790 125
1882800 125
1882810 125
1882820 125
1882830 125
1882840 125
1882850 125
1882860 125
1882870 125
1882880 125
1882890 125
1882900 125
1882910 125
1882920 125
1882930 125
1882940 125
1882950 125
1882960 125
1882970 125
1882980 125
1882990 125
1883000 125
1883010 125
1883020 125
1883030 125
1883040 125
1883050 125
1883060 125
1883070 125
1883080 125
1883090 125
1883100 125
1883110 125
1883120 125
1883130 125
1883140 125
1883150 125
1883160 125
1883170 125
1883180 125
1883190 125
1883200 125
1883210 125
1883220 125
1883230 125
1883240 124
1883250 124
1883260 124
1883270 124
1883280 124
1883290 124
1883300 124
1883310 124
1883320 124
1883330 124
1883340 124
1883350 124
1883360 124
1883370 124
1883380 124
1883390 124
1883400 124
1883410 124
1883420 124
1883430 124
1883440 124
1883450 124
1883460 124
1883470 124
1883480 124
1883490 124
1883500 124
1883510 124
1883520 124
1883530 124
1883540 124
1883550 124
1883560 124
1883570 124
1883580 124
1883590 124
1883600 124
1883610 124
1883620 124
1883630 124
1883640 124
1883650 124
1883660 124
1883670 124
1883680 124
1883690 124
1883700 124
1883710 124
1883720 124
1883730 124
1883740 124
1883750 124
1883760 124
1883770 124
1883780 124
1883790 123
1883800 123
1883810 123
1883820 123
1883830 123
1883840 123
1883850 123
1883860 123
1883870 123
1883880 123
1883890 123
1883900 123
1883910 123
1883920 123
1883930 123
1883940 123
1883950 123
1883960 123
1883970 123
1883980 123
1883990 123
1884000 123
1884010 123
1884020 123
1884030 123
1884040 123
1884050 123
1884060 123
1884070 123
1884080 123
1884090 123
1884100 123
1884110 123
1884120 123
1884130 123
1884140 123
1884150 123
1884160 123
1884170 123
1884180 123
1884190 123
1884200 123
1884210 123
1884220 123
1884230 123
1884240 123
1884250 123
1884260 123
1884270 123
1884280 123
1884290 123
1884300 123
1884310 124
1884320 124
1884330 124
1884340 124
1884350 124
1884360 124
1884370 124
1884380 124
1884390 124
1884400 124
1884410 124
1884420 124
1884430 124
1884440 124
1884450 124
1884460 124
1884470 124
1884480 124
1884490 124
1884500 124
1884510 124
1884520 124
1884530 124
1884540 124
1884550 124
1884560 124
1884570 124
1884580 124
1884590 124
1884600 124
1884610 124
1884620 124
1884630 124
1884640 124
1884650 124
1884660 124
1884670 124
1884680 124
1884690 124
1884700 124
1884710 124
1884720 123
1884730 123
1884740 123
1884750 123
1884760 123
1884770 123
1884780 123
1884790 123
1884800 123
1884810 124
1884820 124
1884830 124
1884840 124
1884850 124
1884860 124
1884870 124
1884880 124
1884890 124
1884900 124
1884910 124
1884920 124
1884930 124
1884940 124
1884950 124
1884960 124
1884970 124
1884980 124
1884990 124
1885000 124
1885010 125
1885020 125
1885030 125
1885040 125
1885050 125
1885060 125
1885070 125
1885080 125
1885090 125
1885100 125
1885110 125
1885120 125
1885130 124
1885140 124
1885150 124
1885160 125
1885170 125
1885180 125
1885190 125
1885200 125
1885210 125
1885220 125
1885230 125
1885240 125
1885250 125
1885260 125
1885270 125
1885280 125
1885290 125
1885300 124
1885310 124
1885320 124
1885330 124
1885340 124
1885350 124
1885360 124
1885370 123
1885380 123
1885390 123
1885400 123
1885410 123
1885420 123
1885430 123
1885440 123
1885450 123
1885460 123
1885470 123
1885480 123
1885490 123
1885500 123
1885510 123
1885520 123
1885530 123
1885540 123
1885550 123
1885560 123
1885570 123
1885580 123
1885590 123
1885600 123
1885610 123
1885620 123
1885630 123
1885640 123
1885650 123
1885660 123
1885670 123
1885680 123
1885690 123
1885700 123
1885710 123
1885720 123
1885730 124
1885740 124
1885750 124
1885760 124
1885770 124
1885780 124
1885790 124
1885800 124
1885810 124
1885820 124
1885830 124
1885840 124
1885850 124
1885860 125
1885870 125
1885880 125
1885890 124
1885900 124
1885910 124
1885920 124
1885930 124
1885940 124
1885950 124
1885960 124
1885970 124
1885980 124
1885990 124
1886000 124
1886010 124
1886020 124
1886030 124
1886040 124
1886050 124
1886060 124
1886070 124
1886080 124
1886090 124
1886100 124
1886110 124
1886120 124
1886130 124
1886140 124
1886150 124
1886160 124
1886170 124
1886180 124
1886190 124
1886200 124
1886210 124
1886220 124
1886230 124
1886240 123
1886250 123
1886260 123
1886270 123
1886280 123
1886290 123
1886300 123
1886310 123
1886320 123
1886330 123
1886340 123
1886350 123
1886360 123
1886370 123
1886380 123
1886390 123
1886400 123
1886410 123
1886420 123
1886430 123
1886440 123
1886450 123
1886460 123
1886470 123
1886480 123
1886490 123
1886500 123
1886510 123
1886520 123
1886530 123
1886540 123
1886550 123
1886560 123
1886570 123
1886580 123
1886590 122
1886600 122
1886610 122
1886620 122
1886630 122
1886640 122
1886650 122
1886660 122
1886670 122
1886680 122
1886690 122
1886700 122
1886710 122
1886720 122
1886730 122
1886740 122
1886750 122
1886760 122
1886770 122
1886780 122
1886790 122
1886800 122
1886810 122
1886820 122
1886830 122
1886840 122
1886850 122
1886860 122
1886870 122
1886880 122
1886890 122
1886900 122
1886910 122
1886920 122
1886930 122
1886940 122
1886950 122
1886960 122
1886970 122
1886980 122
1886990 122
1887000 122
1887010 122
1887020 122
1887030 122
1887040 122
1887050 122
1887060 122
1887070 122
1887080 122
1887090 122
1887100 122
1887110 122
1887120 122
1887130 122
1887140 122
1887150 122
1887160 123
1887170 123
1887180 123
1887190 123
1887200 123
1887210 123
1887220 123
1887230 123
1887240 123
1887250 123
1887260 123
1887270 123
1887280 123
1887290 123
1887300 123
1887310 123
1887320 123
1887330 123
1887340 123
1887350 123
1887360 123
1887370 123
1887380 123
1887390 123
1887400 123
1887410 123
1887420 123
1887430 123
1887440 123
1887450 123
1887460 124
1887470 124
1887480 124
1887490 124
1887500 124
1887510 124
1887520 124
1887530 124
1887540 124
1887550 125
1887560 125
1887570 125
1887580 125
1887590 124
1887600 124
1887610 124
1887620 124
1887630 124
1887640 124
1887650 124
1887660 124
1887670 124
1887680 124
1887690 124
1887700 124
1887710 124
1887720 124
1887730 124
1887740 124
1887750 124
1887760 124
1887770 124
1887780 124
1887790 124
1887800 124
1887810 124
1887820 124
1887830 124
1887840 124
1887850 124
1887860 124
1887870 124
1887880 124
1887890 124
1887900 124
1887910 124
1887920 124
1887930 124
1887940 124
1887950 124
1887960 124
1887970 124
1887980 124
1887990 124
1888000 124
1888010 124
1888020 124
1888030 124
1888040 124
1888050 124
1888060 124
1888070 124
1888080 124
1888090 124
1888100 124
1888110 124
1888120 124
1888130 123
1888140 123
1888150 123
1888160 123
1888170 123
1888180 123
1888190 123
1888200 123
1888210 123
1888220 123
1888230 123
1888240 123
1888250 123
1888260 123
1888270 123
1888280 123
1888290 123
1888300 123
1888310 124
1888320 124
1888330 124
1888340 124
1888350 124
1888360 124
1888370 124
1888380 124
1888390 124
1888400 124
1888410 124
1888420 124
1888430 124
1888440 124
1888450 124
1888460 124
1888470 124
1888480 124
1888490 124
1888500 124
1888510 124
1888520 124
1888530 124
1888540 124
1888550 125
1888560 125
1888570 125
1888580 125
1888590 124
1888600 124
1888610 124
1888620 125
1888630 125
1888640 125
1888650 125
1888660 125
1888670 125
1888680 125
1888690 125
1888700 125
1888710 124
1888720 124
1888730 124
1888740 124
1888750 124
1888760 124
1888770 124
1888780 124
1888790 124
1888800 124
1888810 124
1888820 124
1888830 124
1888840 124
1888850 124
1888860 124
1888870 124
1888880 124
1888890 124
1888900 124
1888910 124
1888920 124
1888930 124
1888940 124
1888950 124
1888960 124
1888970 124
1888980 124
1888990 124
1889000 124
1889010 124
1889020 124
1889030 124
1889040 124
1889050 124
1889060 124
1889070 124
1889080 124
1889090 124
1889100 124
1889110 124
1889120 124
1889130 124
1889140 124
1889150 124
1889160 124
1889170 124
1889180 124
1889190 124
1889200 124
1889210 124
1889220 124
1889230 124
1889240 124
1889250 124
1889260 124
1889270 124
1889280 124
1889290 124
1889300 124
1889310 124
1889320 124
1889330 124
1889340 124
1889350 124
1889360 124
1889370 124
1889380 124
1889390 124
1889400 124
1889410 124
1889420 124
1889430 124
1889440 124
1889450 124
1889460 124
1889470 124
1889480 124
1889490 124
1889500 124
1889510 124
1889520 124
1889530 125
1889540 125
1889550 125
1889560 125
1889570 125
1889580 125
1889590 125
1889600 125
1889610 125
1889620 125
1889630 125
1889640 125
1889650 126
1889660 126
1889670 126
1889680 126
1889690 126
1889700 126
1889710 126
1889720 126
1889730 126
1889740 127
1889750 127
1889760 127
1889770 127
1889780 127
1889790 127
1889800 127
1889810 127
1889820 127
1889830 127
1889840 127
1889850 127
1889860 127
1889870 127
1889880 127
1889890 127
1889900 127
1889910 127
1889920 127
1889930 127
1889940 127
1889950 127
1889960 127
1889970 127
1889980 126
1889990 126
1890000 126
1890010 126
1890020 126
1890030 126
1890040 126
1890050 125
1890060 125
1890070 125
1890080 125
1890090 125
1890100 125
1890110 125
1890120 125
1890130 125
1890140 124
1890150 124
1890160 124
1890170 124
1890180 124
1890190 124
1890200 124
1890210 124
1890220 124
1890230 124
1890240 124
1890250 124
1890260 124
1890270 124
1890280 124
1890290 124
1890300 124
1890310 124
1890320 124
1890330 124
1890340 124
1890350 124
1890360 124
1890370 124
1890380 124
1890390 124
1890400 124
1890410 124
1890420 124
1890430 125
1890440 125
1890450 125
1890460 125
1890470 125
1890480 125
1890490 125
1890500 125
1890510 125
1890520 125
1890530 125
1890540 125
1890550 125
1890560 125
1890570 125
1890580 125
1890590 125
1890600 125
1890610 125
1890620 125
1890630 125
1890640 125
1890650 125
1890660 125
1890670 125
1890680 125
1890690 125
1890700 125
1890710 125
1890720 125
1890730 125
1890740 125
1890750 125
1890760 125
1890770 125
1890780 125
1890790 125
1890800 125
1890810 125
1890820 125
1890830 124
1890840 124
1890850 124
1890860 124
1890870 124
1890880 124
1890890 124
1890900 125
1890910 125
1890920 125
1890930 125
1890940 125
1890950 125
1890960 125
1890970 125
1890980 125
1890990 124
1891000 124
1891010 124
1891020 124
1891030 124
1891040 124
1891050 124
1891060 124
1891070 124
1891080 124
1891090 125
1891100 125
1891110 125
1891120 125
1891130 125
1891140 125
1891150 125
1891160 125
1891170 125
1891180 125
1891190 125
1891200 125
1891210 125
1891220 125
1891230 125
1891240 125
1891250 125
1891260 125
1891270 125
1891280 125
1891290 125
1891300 125
1891310 125
1891320 125
1891330 125
1891340 125
1891350 125
1891360 125
1891370 125
1891380 125
1891390 125
1891400 125
1891410 125
1891420 125
1891430 125
1891440 125
1891450 125
1891460 125
1891470 125
1891480 125
1891490 125
1891500 125
1891510 125
1891520 125
1891530 125
1891540 125
1891550 125
1891560 125
1891570 125
1891580 125
1891590 125
1891600 125
1891610 125
1891620 125
1891630 125
1891640 125
1891650 125
1891660 125
1891670 125
1891680 125
1891690 125
1891700 124
1891710 124
1891720 124
1891730 124
1891740 124
1891750 124
1891760 124
1891770 124
1891780 124
1891790 124
1891800 124
1891810 124
1891820 124
1891830 124
1891840 124
1891850 124
1891860 124
1891870 124
1891880 124
1891890 124
1891900 125
1891910 125
1891920 125
1891930 125
1891940 125
1891950 125
1891960 125
1891970 125
1891980 125
1891990 125
1892000 125
1892010 125
1892020 125
1892030 125
1892040 125
1892050 125
1892060 125
1892070 125
1892080 126
1892090 126
1892100 126
1892110 126
1892120 126
1892130 126
1892140 126
1892150 126
1892160 126
1892170 126
1892180 126
1892190 126
1892200 126
1892210 126
1892220 126
1892230 126
1892240 126
1892250 126
1892260 126
1892270 126
1892280 126
1892290 126
1892300 126
1892310 126
1892320 126
1892330 126
1892340 126
1892350 126
1892360 125
1892370 125
1892380 125
1892390 125
1892400 125
1892410 125
1892420 125
1892430 125
1892440 125
1892450 125
1892460 125
1892470 125
1892480 125
1892490 125
1892500 125
1892510 125
1892520 125
1892530 125
1892540 125
1892550 125
1892560 125
1892570 125
1892580 125
1892590 125
1892600 125
1892610 125
1892620 125
1892630 125
1892640 125
1892650 125
1892660 125
1892670 125
1892680 125
1892690 125
1892700 125
1892710 125
1892720 124
1892730 124
1892740 124
1892750 124
1892760 124
1892770 124
1892780 124
1892790 124
1892800 124
1892810 124
1892820 124
1892830 124
1892840 124
1892850 124
1892860 124
1892870 124
1892880 125
1892890 125
1892900 124
1892910 124
1892920 124
1892930 124
1892940 124
1892950 124
1892960 124
1892970 124
1892980 124
1892990 124
1893000 124
1893010 124
1893020 125
1893030 125
1893040 125
1893050 125
1893060 125
1893070 125
1893080 125
1893090 125
1893100 125
1893110 125
1893120 125
1893130 125
1893140 125
1893150 125
1893160 125
1893170 125
1893180 125
1893190 125
1893200 125
1893210 125
1893220 125
1893230 125
1893240 125
1893250 126
1893260 126
1893270 126
1893280 126
1893290 126
1893300 126
1893310 126
1893320 126
1893330 126
1893340 127
1893350 127
1893360 127
1893370 127
1893380 127
1893390 127
1893400 127
1893410 127
1893420 127
1893430 127
1893440 127
1893450 127
1893460 127
1893470 127
1893480 127
1893490 127
1893500 127
1893510 127
1893520 127
1893530 127
1893540 127
1893550 127
1893560 127
1893570 127
1893580 127
1893590 127
1893600 127
1893610 127
1893620 127
1893630 127
1893640 127
1893650 127
1893660 127
1893670 127
1893680 127
1893690 127
1893700 127
1893710 127
1893720 127
1893730 127
1893740 127
1893750 127
1893760 128
1893770 128
1893780 128
1893790 128
1893800 128
1893810 128
1893820 127
1893830 127
1893840 127
1893850 127
1893860 127
1893870 127
1893880 127
1893890 127
1893900 127
1893910 128
1893920 128
1893930 128
1893940 128
1893950 128
1893960 128
1893970 128
1893980 128
1893990 128
1894000 128
1894010 128
1894020 128
1894030 128
1894040 128
1894050 128
1894060 128
1894070 128
1894080 128
1894090 128
1894100 128
1894110 128
1894120 128
1894130 128
1894140 128
1894150 128
1894160 128
1894170 128
1894180 128
1894190 128
1894200 128
1894210 129
1894220 129
1894230 129
1894240 128
1894250 128
1894260 128
1894270 128
1894280 128
1894290 128
1894300 128
1894310 128
1894320 128
1894330 128
1894340 128
1894350 128
1894360 128
1894370 128
1894380 128
1894390 128
1894400 127
1894410 127
1894420 127
1894430 127
1894440 127
1894450 127
1894460 127
1894470 127
1894480 126
1894490 127
1894500 127
1894510 127
1894520 127
1894530 127
1894540 127
1894550 127
1894560 127
1894570 127
1894580 127
1894590 127
1894600 127
1894610 127
1894620 127
1894630 127
1894640 127
1894650 127
1894660 127
1894670 127
1894680 127
1894690 127
1894700 127
1894710 127
1894720 127
1894730 127
1894740 127
1894750 127
1894760 127
1894770 126
1894780 126
1894790 126
1894800 126
1894810 126
1894820 126
1894830 126
1894840 126
1894850 126
1894860 126
1894870 126
1894880 127
1894890 127
1894900 127
1894910 127
1894920 127
1894930 127
1894940 127
1894950 127
1894960 127
1894970 127
1894980 127
1894990 127
1895000 127
1895010 127
1895020 127
1895030 127
1895040 127
1895050 127
1895060 127
1895070 127
1895080 127
1895090 127
1895100 127
1895110 127
1895120 127
1895130 127
1895140 127
1895150 127
1895160 127
1895170 127
1895180 126
1895190 126
1895200 126
1895210 126
1895220 126
1895230 126
1895240 126
1895250 126
1895260 126
1895270 126
1895280 126
1895290 126
1895300 126
1895310 126
1895320 126
1895330 126
1895340 126
1895350 126
1895360 126
1895370 126
1895380 126
1895390 126
1895400 126
1895410 126
1895420 126
1895430 126
1895440 126
1895450 126
1895460 126
1895470 126
1895480 126
1895490 126
1895500 126
1895510 126
1895520 126
1895530 126
1895540 126
1895550 126
1895560 126
1895570 126
1895580 126
1895590 126
1895600 126
1895610 126
1895620 126
1895630 126
1895640 126
1895650 126
1895660 126
1895670 126
1895680 126
1895690 126
1895700 126
1895710 126
1895720 126
1895730 126
1895740 126
1895750 126
1895760 126
1895770 126
1895780 126
1895790 126
1895800 126
1895810 126
1895820 126
1895830 126
1895840 126
1895850 126
1895860 126
1895870 126
1895880 126
1895890 126
1895900 126
1895910 126
1895920 126
1895930 126
1895940 126
1895950 126
1895960 126
1895970 126
1895980 126
1895990 126
1896000 125
1896010 126
1896020 126
1896030 126
1896040 126
1896050 126
1896060 126
1896070 126
1896080 126
1896090 126
1896100 126
1896110 126
1896120 126
1896130 126
1896140 125
1896150 125
1896160 125
1896170 125
1896180 125
1896190 125
1896200 125
1896210 125
1896220 125
1896230 125
1896240 125
1896250 125
1896260 125
1896270 125
1896280 125
1896290 125
1896300 125
1896310 125
1896320 125
1896330 125
1896340 125
1896350 125
1896360 125
1896370 125
1896380 125
1896390 125
1896400 125
1896410 125
1896420 125
1896430 125
1896440 125
1896450 125
1896460 125
1896470 125
1896480 125
1896490 125
1896500 125
1896510 125
1896520 125
1896530 125
1896540 125
1896550 124
1896560 124
1896570 124
1896580 124
1896590 124
1896600 124
1896610 124
1896620 124
1896630 124
1896640 125
1896650 124
1896660 124
1896670 124
1896680 124
1896690 124
1896700 124
1896710 124
1896720 124
1896730 124
1896740 124
1896750 124
1896760 124
1896770 124
1896780 124
1896790 125
1896800 124
1896810 124
1896820 124
1896830 124
1896840 124
1896850 124
1896860 124
1896870 124
1896880 124
1896890 124
1896900 124
1896910 124
1896920 124
1896930 124
1896940 124
1896950 124
1896960 124
1896970 124
1896980 124
1896990 124
1897000 124
1897010 124
1897020 124
1897030 124
1897040 124
1897050 124
1897060 124
1897070 124
1897080 124
1897090 124
1897100 124
1897110 124
1897120 124
1897130 125
1897140 125
1897150 125
1897160 125
1897170 126
1897180 126
1897190 126
1897200 126
1897210 126
1897220 126
1897230 126
1897240 126
1897250 126
1897260 126
1897270 126
1897280 126
1897290 126
1897300 126
1897310 126
1897320 126
1897330 126
1897340 126
1897350 126
1897360 126
1897370 126
1897380 126
1897390 126
1897400 126
1897410 126
1897420 126
1897430 126
1897440 126
1897450 126
1897460 126
1897470 126
1897480 126
1897490 126
1897500 126
1897510 126
1897520 125
1897530 125
1897540 125
1897550 125
1897560 125
1897570 125
1897580 125
1897590 125
1897600 125
1897610 125
1897620 125
1897630 125
1897640 125
1897650 125
1897660 125
1897670 125
1897680 126
1897690 126
1897700 126
1897710 126
1897720 126
1897730 126
1897740 126
1897750 126
1897760 126
1897770 126
1897780 126
1897790 126
1897800 126
1897810 126
1897820 126
1897830 125
1897840 125
1897850 125
1897860 125
1897870 125
1897880 125
1897890 125
1897900 125
1897910 125
1897920 125
1897930 125
1897940 125
1897950 125
1897960 125
1897970 125
1897980 125
1897990 125
1898000 125
1898010 125
1898020 125
1898030 125
1898040 125
1898050 125
1898060 125
1898070 125
1898080 125
1898090 125
1898100 125
1898110 125
1898120 125
1898130 125
1898140 125
1898150 125
1898160 125
1898170 125
1898180 125
1898190 125
1898200 125
1898210 125
1898220 125
1898230 125
1898240 125
1898250 125
1898260 125
1898270 125
1898280 125
1898290 125
1898300 125
1898310 125
1898320 125
1898330 124
1898340 124
1898350 124
1898360 124
1898370 124
1898380 124
1898390 124
1898400 124
1898410 124
1898420 124
1898430 124
1898440 124
1898450 124
1898460 124
1898470 124
1898480 124
1898490 124
1898500 124
1898510 124
1898520 124
1898530 124
1898540 124
1898550 124
1898560 124
1898570 124
1898580 124
1898590 125
1898600 125
1898610 125
1898620 125
1898630 125
1898640 125
1898650 125
1898660 125
1898670 125
1898680 125
1898690 125
1898700 125
1898710 125
1898720 125
1898730 125
1898740 125
1898750 125
1898760 125
1898770 126
1898780 126
1898790 126
1898800 125
1898810 125
1898820 125
1898830 125
1898840 125
1898850 125
1898860 125
1898870 126
1898880 126
1898890 126
1898900 126
1898910 126
1898920 126
1898930 126
1898940 126
1898950 126
1898960 126
1898970 126
1898980 126
1898990 126
1899000 126
1899010 126
1899020 126
1899030 126
1899040 126
1899050 125
1899060 125
1899070 125
