1880000 121
1880010 121
1880020 121
1880030 121
1880040 121
1880050 121
1880060 121
1880070 121
1880080 121
1880090 121
1880100 121
1880110 121
1880120 121
1880130 121
1880140 121
1880150 121
1880160 121
1880170 121
1880180 121
1880190 121
1880200 121
1880210 121
1880220 121
1880230 121
1880240 121
1880250 122
1880260 122
1880270 121
1880280 120
1880290 120
1880300 120
1880310 121
1880320 121
1880330 122
1880340 121
1880350 121
1880360 121
1880370 121
1880380 121
1880390 121
1880400 121
1880410 121
1880420 122
1880430 122
1880440 122
1880450 121
1880460 121
1880470 121
1880480 122
1880490 122
1880500 122
1880510 121
1880520 121
1880530 121
1880540 121
1880550 121
1880560 121
1880570 121
1880580 121
1880590 121
1880600 121
1880610 121
1880620 121
1880630 121
1880640 121
1880650 121
1880660 121
1880670 121
1880680 121
1880690 121
1880700 121
1880710 121
1880720 121
1880730 122
1880740 122
1880750 122
1880760 121
1880770 121
1880780 121
1880790 121
1880800 121
1880810 121
1880820 121
1880830 121
1880840 121
1880850 121
1880860 121
1880870 121
1880880 121
1880890 121
1880900 121
1880910 121
1880920 121
1880930 121
1880940 121
1880950 121
1880960 121
1880970 121
1880980 121
1880990 121
1881000 121
1881010 121
1881020 121
1881030 121
1881040 121
1881050 121
1881060 121
1881070 121
1881080 121
1881090 121
1881100 121
1881110 121
1881120 121
1881130 121
1881140 121
1881150 122
1881160 122
1881170 122
1881180 122
1881190 122
1881200 122
1881210 122
1881220 122
1881230 122
1881240 122
1881250 122
1881260 122
1881270 123
1881280 123
1881290 123
1881300 123
1881310 123
1881320 123
1881330 123
1881340 123
1881350 123
1881360 123
1881370 123
1881380 123
1881390 123
1881400 123
1881410 123
1881420 123
1881430 123
1881440 123
1881450 123
1881460 123
1881470 123
1881480 123
1881490 123
1881500 123
1881510 123
1881520 123
1881530 123
1881540 123
1881550 123
1881560 123
1881570 123
1881580 123
1881590 123
1881600 123
1881610 123
1881620 123
1881630 123
1881640 123
1881650 123
1881660 123
1881670 123
1881680 123
1881690 123
1881700 123
1881710 123
1881720 124
1881730 123
1881740 123
1881750 123
1881760 123
1881770 123
1881780 123
1881790 123
1881800 124
1881810 124
1881820 124
1881830 124
1881840 124
1881850 124
1881860 124
1881870 124
1881880 124
1881890 124
1881900 124
1881910 124
1881920 124
1881930 124
1881940 124
1881950 124
1881960 124
1881970 124
1881980 124
1881990 124
1882000 124
1882010 124
1882020 124
1882030 124
1882040 124
1882050 124
1882060 124
1882070 124
1882080 124
1882090 124
1882100 124
1882110 124
1882120 124
1882130 124
1882140 124
1882150 124
1882160 124
1882170 124
1882180 124
1882190 124
1882200 124
1882210 124
1882220 124
1882230 124
1882240 124
1882250 124
1882260 124
1882270 124
1882280 124
1882290 124
1882300 124
1882310 124
1882320 124
1882330 124
1882340 124
1882350 124
1882360 124
1882370 124
1882380 124
1882390 124
1882400 124
1882410 124
1882420 123
1882430 123
1882440 123
1882450 123
1882460 123
1882470 123
1882480 123
1882490 123
1882500 123
1882510 123
1882520 123
1882530 123
1882540 123
1882550 123
1882560 124
1882570 124
1882580 124
1882590 124
1882600 124
1882610 124
1882620 124
1882630 124
1882640 124
1882650 124
1882660 124
1882670 124
1882680 124
1882690 124
1882700 125
1882710 125
1882720 125
1882730 125
1882740 125
1882750 125
1882760 125
1882770 125
1882780 125
1882790 125
1882800 125
1882810 125
1882820 125
1882830 125
1882840 125
1882850 125
1882860 125
1882870 125
1882880 125
1882890 125
1882900 125
1882910 125
1882920 125
1882930 125
1882940 125
1882950 125
1882960 125
1882970 125
1882980 125
1882990 125
1883000 125
1883010 125
1883020 125
1883030 125
1883040 125
1883050 125
1883060 125
1883070 125
1883080 125
1883090 125
1883100 124
1883110 124
1883120 124
1883130 124
1883140 124
1883150 124
1883160 124
1883170 124
1883180 124
1883190 124
1883200 124
1883210 124
1883220 124
1883230 124
1883240 124
1883250 124
1883260 124
1883270 124
1883280 124
1883290 124
1883300 124
1883310 124
1883320 124
1883330 124
1883340 124
1883350 124
1883360 124
1883370 124
1883380 124
1883390 124
1883400 124
1883410 124
1883420 124
1883430 124
1883440 124
1883450 124
1883460 124
1883470 124
1883480 124
1883490 124
1883500 124
1883510 124
1883520 124
1883530 124
1883540 124
1883550 124
1883560 124
1883570 124
1883580 124
1883590 124
1883600 124
1883610 124
1883620 124
1883630 124
1883640 124
1883650 124
1883660 124
1883670 124
1883680 124
1883690 124
1883700 124
1883710 124
1883720 124
1883730 124
1883740 124
1883750 124
1883760 124
1883770 124
1883780 124
1883790 124
1883800 124
1883810 124
1883820 124
1883830 124
1883840 124
1883850 124
1883860 124
1883870 124
1883880 124
1883890 124
1883900 124
1883910 124
1883920 124
1883930 124
1883940 124
1883950 124
1883960 124
1883970 124
1883980 124
1883990 124
1884000 124
1884010 124
1884020 124
1884030 124
1884040 123
1884050 123
1884060 123
1884070 123
1884080 123
1884090 123
1884100 123
1884110 123
1884120 123
1884130 123
1884140 123
1884150 123
1884160 123
1884170 123
1884180 123
1884190 123
1884200 123
1884210 123
1884220 123
1884230 123
1884240 123
1884250 123
1884260 123
1884270 123
1884280 123
1884290 122
1884300 122
1884310 123
1884320 123
1884330 123
1884340 123
1884350 123
1884360 123
1884370 123
1884380 123
1884390 123
1884400 124
1884410 124
1884420 124
1884430 124
1884440 124
1884450 124
1884460 123
1884470 123
1884480 123
1884490 123
1884500 123
1884510 123
1884520 123
1884530 123
1884540 123
1884550 123
1884560 123
1884570 123
1884580 123
1884590 123
1884600 123
1884610 123
1884620 123
1884630 123
1884640 123
1884650 123
1884660 123
1884670 123
1884680 123
1884690 123
1884700 123
1884710 123
1884720 124
1884730 124
1884740 124
1884750 124
1884760 124
1884770 124
1884780 124
1884790 124
1884800 124
1884810 124
1884820 124
1884830 124
1884840 124
1884850 124
1884860 124
1884870 124
1884880 124
1884890 124
1884900 124
1884910 124
1884920 124
1884930 124
1884940 124
1884950 124
1884960 124
1884970 124
1884980 124
1884990 124
1885000 124
1885010 123
1885020 123
1885030 123
1885040 123
1885050 123
1885060 123
1885070 123
1885080 123
1885090 123
1885100 123
1885110 123
1885120 123
1885130 123
1885140 123
1885150 123
1885160 123
1885170 124
1885180 124
1885190 124
1885200 124
1885210 124
1885220 124
1885230 124
1885240 124
1885250 124
1885260 124
1885270 124
1885280 124
1885290 124
1885300 124
1885310 124
1885320 124
1885330 124
1885340 124
1885350 124
1885360 124
1885370 124
1885380 124
1885390 124
1885400 124
1885410 124
1885420 124
1885430 124
1885440 124
1885450 124
1885460 124
1885470 124
1885480 124
1885490 124
1885500 124
1885510 124
1885520 124
1885530 124
1885540 124
1885550 124
1885560 124
1885570 124
1885580 124
1885590 124
1885600 124
1885610 124
1885620 124
1885630 124
1885640 124
1885650 124
1885660 124
1885670 124
1885680 124
1885690 124
1885700 124
1885710 124
1885720 124
1885730 124
1885740 124
1885750 124
1885760 124
1885770 124
1885780 124
1885790 124
1885800 124
1885810 124
1885820 124
1885830 124
1885840 124
1885850 124
1885860 124
1885870 124
1885880 124
1885890 124
1885900 124
1885910 124
1885920 124
1885930 124
1885940 124
1885950 124
1885960 125
1885970 125
1885980 124
1885990 124
1886000 124
1886010 124
1886020 124
1886030 124
1886040 124
1886050 124
1886060 124
1886070 123
1886080 123
1886090 123
1886100 123
1886110 123
1886120 123
1886130 123
1886140 123
1886150 123
1886160 123
1886170 123
1886180 123
1886190 123
1886200 123
1886210 123
1886220 123
1886230 123
1886240 123
1886250 123
1886260 123
1886270 123
1886280 123
1886290 123
1886300 123
1886310 123
1886320 123
1886330 123
1886340 123
1886350 123
1886360 123
1886370 123
1886380 123
1886390 123
1886400 123
1886410 123
1886420 123
1886430 123
1886440 123
1886450 123
1886460 123
1886470 123
1886480 123
1886490 123
1886500 123
1886510 123
1886520 123
1886530 123
1886540 123
1886550 123
1886560 123
1886570 123
1886580 123
1886590 123
1886600 123
1886610 123
1886620 123
1886630 123
1886640 123
1886650 123
1886660 123
1886670 123
1886680 123
1886690 123
1886700 123
1886710 123
1886720 123
1886730 123
1886740 123
1886750 123
1886760 123
1886770 123
1886780 123
1886790 123
1886800 122
1886810 122
1886820 122
1886830 123
1886840 123
1886850 123
1886860 123
1886870 123
1886880 123
1886890 122
1886900 122
1886910 122
1886920 122
1886930 123
1886940 123
1886950 123
1886960 123
1886970 123
1886980 123
1886990 123
1887000 122
1887010 122
1887020 122
1887030 122
1887040 122
1887050 122
1887060 122
1887070 122
1887080 122
1887090 123
1887100 123
1887110 123
1887120 123
1887130 123
1887140 123
1887150 123
1887160 123
1887170 122
1887180 122
1887190 122
1887200 122
1887210 122
1887220 122
1887230 123
1887240 123
1887250 123
1887260 123
1887270 123
1887280 123
1887290 123
1887300 123
1887310 123
1887320 122
1887330 122
1887340 122
1887350 122
1887360 122
1887370 122
1887380 123
1887390 123
1887400 123
1887410 123
1887420 123
1887430 123
1887440 123
1887450 123
1887460 123
1887470 123
1887480 123
1887490 123
1887500 123
1887510 123
1887520 123
1887530 123
1887540 124
1887550 123
1887560 123
1887570 124
1887580 124
1887590 124
1887600 124
1887610 124
1887620 124
1887630 124
1887640 124
1887650 124
1887660 125
1887670 124
1887680 124
1887690 124
1887700 124
1887710 124
1887720 124
1887730 124
1887740 124
1887750 123
1887760 123
1887770 123
1887780 123
1887790 123
1887800 123
1887810 123
1887820 123
1887830 123
1887840 123
1887850 123
1887860 123
1887870 123
1887880 123
1887890 123
1887900 123
1887910 123
1887920 123
1887930 123
1887940 123
1887950 123
1887960 123
1887970 123
1887980 123
1887990 123
1888000 123
1888010 123
1888020 123
1888030 123
1888040 123
1888050 123
1888060 123
1888070 123
1888080 123
1888090 123
1888100 123
1888110 123
1888120 123
1888130 123
1888140 123
1888150 123
1888160 123
1888170 123
1888180 123
1888190 123
1888200 123
1888210 123
1888220 123
1888230 123
1888240 123
1888250 123
1888260 123
1888270 124
1888280 124
1888290 124
1888300 124
1888310 124
1888320 124
1888330 124
1888340 124
1888350 124
1888360 124
1888370 124
1888380 124
1888390 124
1888400 124
1888410 124
1888420 124
1888430 124
1888440 124
1888450 124
1888460 124
1888470 124
1888480 124
1888490 124
1888500 124
1888510 124
1888520 124
1888530 124
1888540 124
1888550 124
1888560 124
1888570 124
1888580 124
1888590 124
1888600 124
1888610 124
1888620 124
1888630 124
1888640 124
1888650 124
1888660 124
1888670 124
1888680 124
1888690 124
1888700 124
1888710 124
1888720 124
1888730 124
1888740 124
1888750 124
1888760 125
1888770 125
1888780 124
1888790 124
1888800 124
1888810 124
1888820 124
1888830 124
1888840 124
1888850 124
1888860 124
1888870 124
1888880 124
1888890 124
1888900 124
1888910 124
1888920 124
1888930 124
1888940 124
1888950 124
1888960 124
1888970 124
1888980 124
1888990 125
1889000 125
1889010 125
1889020 125
1889030 125
1889040 125
1889050 125
1889060 125
1889070 125
1889080 125
1889090 125
1889100 125
1889110 124
1889120 124
1889130 124
1889140 124
1889150 124
1889160 124
1889170 124
1889180 124
1889190 124
1889200 124
1889210 124
1889220 124
1889230 124
1889240 124
1889250 124
1889260 124
1889270 124
1889280 124
1889290 124
1889300 124
1889310 124
1889320 124
1889330 124
1889340 124
1889350 124
1889360 124
1889370 124
1889380 124
1889390 124
1889400 124
1889410 124
1889420 124
1889430 124
1889440 124
1889450 124
1889460 125
1889470 125
1889480 125
1889490 125
1889500 125
1889510 125
1889520 125
1889530 125
1889540 125
1889550 125
1889560 125
1889570 125
1889580 124
1889590 124
1889600 124
1889610 125
1889620 125
1889630 125
1889640 125
1889650 125
1889660 125
1889670 125
1889680 125
1889690 126
1889700 126
1889710 126
1889720 126
1889730 126
1889740 126
1889750 127
1889760 127
1889770 127
1889780 127
1889790 127
1889800 127
1889810 126
1889820 126
1889830 126
1889840 124
1889850 123
1889860 123
1889870 123
1889880 123
1889890 122
1889900 122
1889910 122
1889920 122
1889930 122
1889940 122
1889950 122
1889960 122
1889970 122
1889980 122
1889990 122
1890000 122
1890010 123
1890020 123
1890030 124
1890040 125
1890050 125
1890060 124
1890070 124
1890080 124
1890090 124
1890100 124
1890110 124
1890120 124
1890130 124
1890140 124
1890150 123
1890160 123
1890170 123
1890180 124
1890190 124
1890200 124
1890210 124
1890220 124
1890230 124
1890240 125
1890250 125
1890260 125
1890270 125
1890280 125
1890290 125
1890300 125
1890310 125
1890320 125
1890330 125
1890340 125
1890350 125
1890360 125
1890370 125
1890380 125
1890390 125
1890400 125
1890410 125
1890420 125
1890430 125
1890440 125
1890450 125
1890460 125
1890470 125
1890480 125
1890490 125
1890500 125
1890510 125
1890520 125
1890530 125
1890540 125
1890550 125
1890560 125
1890570 125
1890580 125
1890590 125
1890600 125
1890610 125
1890620 125
1890630 125
1890640 125
1890650 125
1890660 125
1890670 125
1890680 125
1890690 125
1890700 125
1890710 125
1890720 125
1890730 125
1890740 125
1890750 125
1890760 125
1890770 125
1890780 125
1890790 125
1890800 125
1890810 125
1890820 125
1890830 125
1890840 125
1890850 125
1890860 125
1890870 125
1890880 125
1890890 125
1890900 125
1890910 125
1890920 125
1890930 125
1890940 125
1890950 125
1890960 125
1890970 125
1890980 125
1890990 125
1891000 125
1891010 125
1891020 125
1891030 125
1891040 125
1891050 125
1891060 125
1891070 125
1891080 125
1891090 125
1891100 125
1891110 125
1891120 125
1891130 125
1891140 125
1891150 125
1891160 125
1891170 125
1891180 125
1891190 125
1891200 125
1891210 125
1891220 125
1891230 125
1891240 125
1891250 125
1891260 125
1891270 125
1891280 125
1891290 125
1891300 125
1891310 125
1891320 125
1891330 125
1891340 125
1891350 125
1891360 125
1891370 125
1891380 125
1891390 125
1891400 125
1891410 125
1891420 125
1891430 125
1891440 125
1891450 125
1891460 125
1891470 125
1891480 125
1891490 125
1891500 125
1891510 125
1891520 125
1891530 125
1891540 125
1891550 125
1891560 125
1891570 125
1891580 125
1891590 125
1891600 125
1891610 125
1891620 125
1891630 125
1891640 125
1891650 125
1891660 125
1891670 125
1891680 125
1891690 125
1891700 125
1891710 125
1891720 125
1891730 125
1891740 125
1891750 125
1891760 124
1891770 124
1891780 124
1891790 124
1891800 124
1891810 124
1891820 124
1891830 124
1891840 124
1891850 124
1891860 124
1891870 124
1891880 124
1891890 124
1891900 124
1891910 124
1891920 124
1891930 124
1891940 124
1891950 125
1891960 125
1891970 125
1891980 125
1891990 125
1892000 125
1892010 125
1892020 125
1892030 125
1892040 125
1892050 125
1892060 125
1892070 125
1892080 125
1892090 125
1892100 125
1892110 125
1892120 125
1892130 125
1892140 125
1892150 125
1892160 125
1892170 125
1892180 125
1892190 125
1892200 125
1892210 125
1892220 125
1892230 126
1892240 126
1892250 126
1892260 126
1892270 126
1892280 126
1892290 126
1892300 126
1892310 126
1892320 126
1892330 126
1892340 126
1892350 126
1892360 126
1892370 125
1892380 125
1892390 125
1892400 125
1892410 125
1892420 125
1892430 125
1892440 125
1892450 125
1892460 125
1892470 125
1892480 125
1892490 125
1892500 125
1892510 125
1892520 125
1892530 125
1892540 125
1892550 125
1892560 125
1892570 125
1892580 125
1892590 125
1892600 125
1892610 125
1892620 125
1892630 125
1892640 125
1892650 124
1892660 124
1892670 124
1892680 124
1892690 124
1892700 124
1892710 124
1892720 124
1892730 124
1892740 124
1892750 124
1892760 124
1892770 124
1892780 124
1892790 124
1892800 124
1892810 124
1892820 124
1892830 124
1892840 124
1892850 124
1892860 124
1892870 124
1892880 124
1892890 124
1892900 124
1892910 124
1892920 124
1892930 124
1892940 124
1892950 124
1892960 124
1892970 124
1892980 124
1892990 124
1893000 124
1893010 124
1893020 124
1893030 124
1893040 124
1893050 125
1893060 125
1893070 125
1893080 125
1893090 125
1893100 125
1893110 125
1893120 125
1893130 125
1893140 125
1893150 125
1893160 125
1893170 125
1893180 125
1893190 125
1893200 125
1893210 125
1893220 125
1893230 125
1893240 125
1893250 125
1893260 125
1893270 125
1893280 125
1893290 125
1893300 125
1893310 125
1893320 125
1893330 125
1893340 125
1893350 125
1893360 125
1893370 125
1893380 125
1893390 125
1893400 125
1893410 125
1893420 125
1893430 125
1893440 125
1893450 125
1893460 126
1893470 126
1893480 126
1893490 126
1893500 126
1893510 126
1893520 126
1893530 126
1893540 126
1893550 127
1893560 127
1893570 127
1893580 127
1893590 128
1893600 128
1893610 128
1893620 128
1893630 128
1893640 128
1893650 128
1893660 129
1893670 129
1893680 129
1893690 129
1893700 129
1893710 129
1893720 129
1893730 129
1893740 129
1893750 129
1893760 129
1893770 129
1893780 129
1893790 129
1893800 129
1893810 129
1893820 129
1893830 130
1893840 130
1893850 130
1893860 130
1893870 130
1893880 130
1893890 130
1893900 130
1893910 130
1893920 130
1893930 130
1893940 130
1893950 130
1893960 130
1893970 130
1893980 130
1893990 130
1894000 130
1894010 130
1894020 130
1894030 130
1894040 130
1894050 130
1894060 130
1894070 130
1894080 130
1894090 130
1894100 130
1894110 130
1894120 130
1894130 130
1894140 130
1894150 130
1894160 130
1894170 129
1894180 129
1894190 129
1894200 129
1894210 129
1894220 129
1894230 129
1894240 129
1894250 129
1894260 129
1894270 129
1894280 128
1894290 128
1894300 128
1894310 128
1894320 128
1894330 128
1894340 128
1894350 128
1894360 127
1894370 127
1894380 127
1894390 127
1894400 127
1894410 127
1894420 127
1894430 127
1894440 127
1894450 127
1894460 127
1894470 127
1894480 127
1894490 127
1894500 127
1894510 127
1894520 127
1894530 127
1894540 127
1894550 127
1894560 127
1894570 127
1894580 127
1894590 127
1894600 127
1894610 127
1894620 127
1894630 127
1894640 127
1894650 127
1894660 126
1894670 126
1894680 126
1894690 126
1894700 126
1894710 126
1894720 126
1894730 126
1894740 126
1894750 126
1894760 126
1894770 126
1894780 126
1894790 126
1894800 126
1894810 126
1894820 126
1894830 126
1894840 127
1894850 127
1894860 127
1894870 127
1894880 127
1894890 127
1894900 127
1894910 127
1894920 127
1894930 127
1894940 127
1894950 127
1894960 127
1894970 127
1894980 127
1894990 127
1895000 127
1895010 127
1895020 127
1895030 127
1895040 127
1895050 127
1895060 127
1895070 127
1895080 127
1895090 127
1895100 127
1895110 127
1895120 126
1895130 126
1895140 126
1895150 126
1895160 126
1895170 126
1895180 126
1895190 126
1895200 127
1895210 127
1895220 127
1895230 127
1895240 127
1895250 127
1895260 127
1895270 127
1895280 127
1895290 127
1895300 127
1895310 127
1895320 127
1895330 127
1895340 127
1895350 126
1895360 126
1895370 126
1895380 126
1895390 126
1895400 126
1895410 126
1895420 126
1895430 126
1895440 126
1895450 126
1895460 126
1895470 126
1895480 126
1895490 126
1895500 126
1895510 126
1895520 126
1895530 126
1895540 126
1895550 126
1895560 126
1895570 126
1895580 126
1895590 126
1895600 127
1895610 127
1895620 126
1895630 126
1895640 126
1895650 126
1895660 126
1895670 126
1895680 126
1895690 126
1895700 126
1895710 126
1895720 126
1895730 126
1895740 126
1895750 126
1895760 126
1895770 126
1895780 126
1895790 126
1895800 126
1895810 126
1895820 126
1895830 126
1895840 126
1895850 126
1895860 126
1895870 125
1895880 125
1895890 125
1895900 126
1895910 126
1895920 126
1895930 126
1895940 126
1895950 126
1895960 126
1895970 126
1895980 126
1895990 126
1896000 126
1896010 126
1896020 126
1896030 125
1896040 125
1896050 125
1896060 125
1896070 125
1896080 125
1896090 125
1896100 125
1896110 125
1896120 125
1896130 125
1896140 125
1896150 125
1896160 125
1896170 125
1896180 125
1896190 125
1896200 125
1896210 125
1896220 125
1896230 125
1896240 125
1896250 125
1896260 125
1896270 125
1896280 125
1896290 125
1896300 125
1896310 125
1896320 125
1896330 125
1896340 125
1896350 125
1896360 125
1896370 125
1896380 125
1896390 125
1896400 125
1896410 125
1896420 125
1896430 125
1896440 125
1896450 125
1896460 125
1896470 125
1896480 125
1896490 125
1896500 125
1896510 125
1896520 125
1896530 125
1896540 125
1896550 125
1896560 125
1896570 125
1896580 125
1896590 125
1896600 125
1896610 125
1896620 125
1896630 125
1896640 125
1896650 125
1896660 125
1896670 124
1896680 124
1896690 124
1896700 124
1896710 124
1896720 124
1896730 124
1896740 124
1896750 124
1896760 124
1896770 124
1896780 124
1896790 124
1896800 124
1896810 124
1896820 124
1896830 124
1896840 124
1896850 124
1896860 124
1896870 124
1896880 124
1896890 124
1896900 124
1896910 124
1896920 124
1896930 124
1896940 124
1896950 124
1896960 124
1896970 124
1896980 124
1896990 124
1897000 124
1897010 124
1897020 124
1897030 124
1897040 124
1897050 124
1897060 124
1897070 124
1897080 124
1897090 124
1897100 124
1897110 124
1897120 124
1897130 124
1897140 124
1897150 124
1897160 124
1897170 124
1897180 124
1897190 124
1897200 124
1897210 125
1897220 125
1897230 125
1897240 125
1897250 125
1897260 125
1897270 126
1897280 126
1897290 125
1897300 125
1897310 125
1897320 125
1897330 125
1897340 125
1897350 125
1897360 125
1897370 125
1897380 125
1897390 125
1897400 125
1897410 125
1897420 125
1897430 125
1897440 125
1897450 125
1897460 125
1897470 125
1897480 125
1897490 125
1897500 125
1897510 125
1897520 125
1897530 125
1897540 126
1897550 126
1897560 126
1897570 126
1897580 126
1897590 126
1897600 126
1897610 126
1897620 126
1897630 126
1897640 126
1897650 126
1897660 127
1897670 127
1897680 127
1897690 127
1897700 127
1897710 127
1897720 127
1897730 127
1897740 127
1897750 127
1897760 127
1897770 127
1897780 127
1897790 127
1897800 127
1897810 126
1897820 126
1897830 126
1897840 126
1897850 126
1897860 126
1897870 126
1897880 126
1897890 126
1897900 126
1897910 126
1897920 126
1897930 126
1897940 126
1897950 126
1897960 126
1897970 126
1897980 126
1897990 126
1898000 126
1898010 126
1898020 126
1898030 126
1898040 126
1898050 126
1898060 126
1898070 126
1898080 126
1898090 126
1898100 126
1898110 126
1898120 126
1898130 126
1898140 126
1898150 126
1898160 126
1898170 126
1898180 126
1898190 126
1898200 126
1898210 126
1898220 125
1898230 125
1898240 125
1898250 125
1898260 125
1898270 125
1898280 125
1898290 125
1898300 125
1898310 125
1898320 125
1898330 125
1898340 125
1898350 125
1898360 125
1898370 125
1898380 125
1898390 125
1898400 125
1898410 125
1898420 125
1898430 125
1898440 125
1898450 126
1898460 126
1898470 126
1898480 126
1898490 126
1898500 126
1898510 126
1898520 126
1898530 126
1898540 126
1898550 126
1898560 126
1898570 126
1898580 126
1898590 126
1898600 126
1898610 126
1898620 126
1898630 126
1898640 126
1898650 126
1898660 126
1898670 126
1898680 126
1898690 126
1898700 126
1898710 126
1898720 126
1898730 126
1898740 126
1898750 126
1898760 126
1898770 126
1898780 126
1898790 126
1898800 126
1898810 126
1898820 126
1898830 126
1898840 126
1898850 126
1898860 126
1898870 126
1898880 126
1898890 126
1898900 126
1898910 126
1898920 126
1898930 126
1898940 126
1898950 126
1898960 126
1898970 126
1898980 126
1898990 126
1899000 126
1899010 126
1899020 126
1899030 126
1899040 126
1899050 126
1899060 126
1899070 125
1899080 125
1899090 125
1899100 125
1899110 125
1899120 125
1899130 125
1899140 125
1899150 125
1899160 125
1899170 125
1899180 125
1899190 126
1899200 126
1899210 126
1899220 126
1899230 126
1899240 126
1899250 126
1899260 126
1899270 126
1899280 126
1899290 126
1899300 126
1899310 126
1899320 126
1899330 126
1899340 126
1899350 126
1899360 126
1899370 126
1899380 126
1899390 126
1899400 126
1899410 126
1899420 126
1899430 126
1899440 126
1899450 126
1899460 126
1899470 126
1899480 126
1899490 127
1899500 127
1899510 127
1899520 126
1899530 126
1899540 126
1899550 126
1899560 126
1899570 126
1899580 127
1899590 126
1899600 126
1899610 126
1899620 126
1899630 126
1899640 126
1899650 126
1899660 126
1899670 127
1899680 127
1899690 127
1899700 127
1899710 127
1899720 127
1899730 127
1899740 127
1899750 127
1899760 127
1899770 126
1899780 126
1899790 126
1899800 126
1899810 126
1899820 126
1899830 125
1899840 125
1899850 125
1899860 125
1899870 125
1899880 125
1899890 125
1899900 125
1899910 125
