1880000 121
1880010 121
1880020 121
1880030 121
1880040 121
1880050 121
1880060 121
1880070 121
1880080 121
1880090 121
1880100 121
1880110 121
1880120 121
1880130 121
1880140 121
1880150 121
1880160 121
1880170 121
1880180 121
1880190 121
1880200 121
1880210 121
1880220 121
1880230 121
1880240 121
1880250 121
1880260 121
1880270 121
1880280 121
1880290 121
1880300 121
1880310 121
1880320 121
1880330 121
1880340 121
1880350 121
1880360 121
1880370 121
1880380 121
1880390 121
1880400 121
1880410 121
1880420 121
1880430 121
1880440 121
1880450 121
1880460 121
1880470 121
1880480 121
1880490 121
1880500 121
1880510 121
1880520 121
1880530 121
1880540 121
1880550 121
1880560 121
1880570 121
1880580 121
1880590 121
1880600 121
1880610 122
1880620 122
1880630 121
1880640 120
1880650 120
1880660 121
1880670 122
1880680 122
1880690 122
1880700 121
1880710 121
1880720 121
1880730 121
1880740 121
1880750 121
1880760 121
1880770 121
1880780 121
1880790 121
1880800 121
1880810 121
1880820 121
1880830 121
1880840 121
1880850 121
1880860 121
1880870 121
1880880 121
1880890 121
1880900 121
1880910 121
1880920 122
1880930 122
1880940 122
1880950 122
1880960 122
1880970 122
1880980 122
1880990 122
1881000 122
1881010 122
1881020 122
1881030 122
1881040 122
1881050 122
1881060 122
1881070 122
1881080 122
1881090 122
1881100 122
1881110 122
1881120 122
1881130 122
1881140 122
1881150 122
1881160 122
1881170 122
1881180 122
1881190 122
1881200 122
1881210 122
1881220 122
1881230 122
1881240 122
1881250 122
1881260 122
1881270 122
1881280 122
1881290 122
1881300 122
1881310 122
1881320 122
1881330 122
1881340 122
1881350 122
1881360 122
1881370 123
1881380 123
1881390 123
1881400 123
1881410 123
1881420 123
1881430 123
1881440 123
1881450 123
1881460 123
1881470 123
1881480 123
1881490 123
1881500 123
1881510 123
1881520 124
1881530 123
1881540 123
1881550 123
1881560 123
1881570 123
1881580 123
1881590 123
1881600 123
1881610 123
1881620 123
1881630 123
1881640 123
1881650 124
1881660 124
1881670 124
1881680 124
1881690 124
1881700 124
1881710 124
1881720 124
1881730 124
1881740 124
1881750 124
1881760 124
1881770 124
1881780 124
1881790 124
1881800 124
1881810 124
1881820 124
1881830 124
1881840 124
1881850 124
1881860 124
1881870 124
1881880 124
1881890 124
1881900 124
1881910 124
1881920 124
1881930 124
1881940 124
1881950 124
1881960 124
1881970 124
1881980 124
1881990 124
1882000 124
1882010 124
1882020 124
1882030 124
1882040 124
1882050 124
1882060 124
1882070 124
1882080 124
1882090 124
1882100 124
1882110 124
1882120 124
1882130 124
1882140 124
1882150 124
1882160 124
1882170 124
1882180 124
1882190 124
1882200 124
1882210 124
1882220 124
1882230 124
1882240 124
1882250 124
1882260 124
1882270 124
1882280 124
1882290 124
1882300 124
1882310 124
1882320 124
1882330 124
1882340 124
1882350 124
1882360 124
1882370 124
1882380 123
1882390 123
1882400 123
1882410 123
1882420 123
1882430 123
1882440 123
1882450 123
1882460 123
1882470 123
1882480 123
1882490 123
1882500 123
1882510 123
1882520 123
1882530 123
1882540 123
1882550 123
1882560 123
1882570 123
1882580 123
1882590 123
1882600 123
1882610 123
1882620 123
1882630 123
1882640 123
1882650 123
1882660 123
1882670 123
1882680 123
1882690 123
1882700 123
1882710 123
1882720 123
1882730 123
1882740 124
1882750 124
1882760 124
1882770 124
1882780 124
1882790 125
1882800 125
1882810 125
1882820 125
1882830 125
1882840 125
1882850 125
1882860 125
1882870 125
1882880 125
1882890 125
1882900 125
1882910 125
1882920 125
1882930 125
1882940 125
1882950 125
1882960 124
1882970 124
1882980 124
1882990 124
1883000 124
1883010 124
1883020 124
1883030 124
1883040 124
1883050 124
1883060 124
1883070 124
1883080 124
1883090 124
1883100 124
1883110 124
1883120 124
1883130 124
1883140 124
1883150 124
1883160 124
1883170 124
1883180 124
1883190 124
1883200 124
1883210 124
1883220 124
1883230 125
1883240 125
1883250 125
1883260 125
1883270 125
1883280 125
1883290 125
1883300 125
1883310 125
1883320 125
1883330 125
1883340 124
1883350 124
1883360 124
1883370 124
1883380 124
1883390 124
1883400 124
1883410 124
1883420 124
1883430 124
1883440 124
1883450 124
1883460 124
1883470 124
1883480 124
1883490 124
1883500 124
1883510 124
1883520 124
1883530 124
1883540 124
1883550 124
1883560 124
1883570 124
1883580 124
1883590 124
1883600 124
1883610 124
1883620 124
1883630 124
1883640 124
1883650 124
1883660 124
1883670 124
1883680 124
1883690 124
1883700 124
1883710 124
1883720 124
1883730 124
1883740 124
1883750 124
1883760 124
1883770 124
1883780 124
1883790 124
1883800 124
1883810 124
1883820 124
1883830 124
1883840 124
1883850 124
1883860 124
1883870 124
1883880 124
1883890 124
1883900 124
1883910 124
1883920 124
1883930 124
1883940 124
1883950 124
1883960 124
1883970 124
1883980 124
1883990 124
1884000 124
1884010 124
1884020 124
1884030 124
1884040 124
1884050 124
1884060 124
1884070 124
1884080 124
1884090 124
1884100 124
1884110 124
1884120 124
1884130 124
1884140 123
1884150 123
1884160 123
1884170 123
1884180 123
1884190 123
1884200 123
1884210 123
1884220 123
1884230 123
1884240 123
1884250 123
1884260 123
1884270 123
1884280 123
1884290 122
1884300 122
1884310 122
1884320 122
1884330 122
1884340 123
1884350 122
1884360 122
1884370 122
1884380 122
1884390 122
1884400 122
1884410 122
1884420 123
1884430 123
1884440 123
1884450 123
1884460 123
1884470 123
1884480 122
1884490 122
1884500 122
1884510 122
1884520 122
1884530 122
1884540 122
1884550 122
1884560 122
1884570 122
1884580 122
1884590 122
1884600 122
1884610 122
1884620 122
1884630 122
1884640 122
1884650 122
1884660 122
1884670 122
1884680 122
1884690 122
1884700 122
1884710 122
1884720 122
1884730 122
1884740 122
1884750 122
1884760 122
1884770 122
1884780 122
1884790 122
1884800 122
1884810 122
1884820 122
1884830 122
1884840 123
1884850 123
1884860 123
1884870 123
1884880 123
1884890 123
1884900 123
1884910 123
1884920 123
1884930 123
1884940 123
1884950 123
1884960 124
1884970 124
1884980 124
1884990 124
1885000 124
1885010 124
1885020 124
1885030 124
1885040 124
1885050 124
1885060 124
1885070 124
1885080 124
1885090 124
1885100 124
1885110 124
1885120 124
1885130 124
1885140 124
1885150 124
1885160 124
1885170 124
1885180 124
1885190 124
1885200 124
1885210 124
1885220 124
1885230 124
1885240 124
1885250 124
1885260 124
1885270 124
1885280 124
1885290 124
1885300 124
1885310 124
1885320 124
1885330 124
1885340 124
1885350 124
1885360 124
1885370 124
1885380 124
1885390 124
1885400 124
1885410 124
1885420 124
1885430 124
1885440 124
1885450 124
1885460 124
1885470 124
1885480 124
1885490 124
1885500 124
1885510 125
1885520 125
1885530 125
1885540 125
1885550 125
1885560 125
1885570 125
1885580 125
1885590 125
1885600 125
1885610 125
1885620 125
1885630 125
1885640 125
1885650 125
1885660 125
1885670 125
1885680 125
1885690 125
1885700 125
1885710 125
1885720 125
1885730 125
1885740 125
1885750 125
1885760 125
1885770 125
1885780 125
1885790 125
1885800 125
1885810 125
1885820 125
1885830 125
1885840 125
1885850 125
1885860 125
1885870 125
1885880 125
1885890 125
1885900 125
1885910 125
1885920 125
1885930 125
1885940 125
1885950 125
1885960 125
1885970 125
1885980 125
1885990 125
1886000 125
1886010 125
1886020 125
1886030 125
1886040 125
1886050 125
1886060 125
1886070 125
1886080 125
1886090 124
1886100 124
1886110 124
1886120 124
1886130 124
1886140 124
1886150 124
1886160 124
1886170 124
1886180 124
1886190 124
1886200 124
1886210 124
1886220 124
1886230 125
1886240 125
1886250 125
1886260 125
1886270 125
1886280 125
1886290 126
1886300 125
1886310 125
1886320 124
1886330 124
1886340 124
1886350 124
1886360 124
1886370 124
1886380 124
1886390 124
1886400 124
1886410 124
1886420 123
1886430 123
1886440 123
1886450 123
1886460 123
1886470 123
1886480 123
1886490 123
1886500 123
1886510 123
1886520 123
1886530 123
1886540 123
1886550 123
1886560 123
1886570 123
1886580 123
1886590 123
1886600 123
1886610 123
1886620 123
1886630 123
1886640 123
1886650 123
1886660 123
1886670 123
1886680 123
1886690 123
1886700 123
1886710 123
1886720 123
1886730 123
1886740 123
1886750 123
1886760 123
1886770 123
1886780 123
1886790 123
1886800 123
1886810 123
1886820 123
1886830 123
1886840 123
1886850 123
1886860 123
1886870 123
1886880 123
1886890 123
1886900 123
1886910 123
1886920 123
1886930 123
1886940 123
1886950 123
1886960 123
1886970 123
1886980 123
1886990 123
1887000 123
1887010 123
1887020 122
1887030 122
1887040 122
1887050 122
1887060 122
1887070 122
1887080 122
1887090 122
1887100 122
1887110 122
1887120 122
1887130 122
1887140 123
1887150 123
1887160 123
1887170 123
1887180 123
1887190 123
1887200 123
1887210 123
1887220 123
1887230 123
1887240 123
1887250 123
1887260 123
1887270 123
1887280 123
1887290 123
1887300 123
1887310 123
1887320 123
1887330 123
1887340 123
1887350 123
1887360 123
1887370 123
1887380 123
1887390 123
1887400 123
1887410 123
1887420 123
1887430 123
1887440 123
1887450 123
1887460 123
1887470 123
1887480 123
1887490 123
1887500 123
1887510 123
1887520 123
1887530 123
1887540 123
1887550 123
1887560 123
1887570 123
1887580 123
1887590 123
1887600 123
1887610 123
1887620 123
1887630 123
1887640 123
1887650 123
1887660 123
1887670 123
1887680 123
1887690 123
1887700 123
1887710 123
1887720 123
1887730 123
1887740 123
1887750 124
1887760 124
1887770 124
1887780 124
1887790 125
1887800 125
1887810 124
1887820 123
1887830 123
1887840 123
1887850 123
1887860 123
1887870 123
1887880 123
1887890 123
1887900 123
1887910 123
1887920 123
1887930 123
1887940 123
1887950 123
1887960 123
1887970 123
1887980 123
1887990 123
1888000 123
1888010 123
1888020 123
1888030 123
1888040 123
1888050 123
1888060 123
1888070 123
1888080 123
1888090 123
1888100 123
1888110 123
1888120 123
1888130 123
1888140 123
1888150 123
1888160 123
1888170 123
1888180 123
1888190 123
1888200 123
1888210 123
1888220 123
1888230 123
1888240 123
1888250 123
1888260 123
1888270 123
1888280 123
1888290 123
1888300 123
1888310 123
1888320 123
1888330 123
1888340 123
1888350 123
1888360 123
1888370 123
1888380 123
1888390 124
1888400 124
1888410 124
1888420 124
1888430 124
1888440 124
1888450 124
1888460 124
1888470 124
1888480 124
1888490 124
1888500 124
1888510 124
1888520 124
1888530 124
1888540 124
1888550 124
1888560 124
1888570 124
1888580 124
1888590 124
1888600 124
1888610 124
1888620 124
1888630 124
1888640 124
1888650 124
1888660 124
1888670 124
1888680 124
1888690 124
1888700 124
1888710 124
1888720 124
1888730 124
1888740 124
1888750 124
1888760 124
1888770 124
1888780 124
1888790 124
1888800 124
1888810 124
1888820 124
1888830 124
1888840 124
1888850 125
1888860 125
1888870 125
1888880 125
1888890 125
1888900 125
1888910 125
1888920 125
1888930 125
1888940 125
1888950 125
1888960 125
1888970 125
1888980 125
1888990 125
1889000 125
1889010 124
1889020 124
1889030 124
1889040 124
1889050 124
1889060 124
1889070 124
1889080 124
1889090 124
1889100 124
1889110 124
1889120 124
1889130 124
1889140 124
1889150 124
1889160 124
1889170 124
1889180 124
1889190 124
1889200 124
1889210 124
1889220 124
1889230 124
1889240 124
1889250 124
1889260 124
1889270 124
1889280 124
1889290 124
1889300 124
1889310 124
1889320 124
1889330 124
1889340 125
1889350 125
1889360 125
1889370 125
1889380 125
1889390 125
1889400 125
1889410 125
1889420 125
1889430 125
1889440 125
1889450 125
1889460 125
1889470 125
1889480 124
1889490 124
1889500 124
1889510 124
1889520 124
1889530 124
1889540 124
1889550 124
1889560 124
1889570 124
1889580 124
1889590 124
1889600 124
1889610 123
1889620 123
1889630 123
1889640 123
1889650 123
1889660 123
1889670 124
1889680 124
1889690 124
1889700 124
1889710 123
1889720 123
1889730 124
1889740 124
1889750 124
1889760 124
1889770 124
1889780 124
1889790 124
1889800 124
1889810 124
1889820 124
1889830 124
1889840 124
1889850 124
1889860 124
1889870 124
1889880 124
1889890 124
1889900 124
1889910 124
1889920 124
1889930 124
1889940 124
1889950 124
1889960 124
1889970 124
1889980 125
1889990 125
1890000 125
1890010 125
1890020 125
1890030 125
1890040 125
1890050 125
1890060 125
1890070 124
1890080 124
1890090 124
1890100 124
1890110 124
1890120 124
1890130 124
1890140 124
1890150 125
1890160 125
1890170 125
1890180 125
1890190 125
1890200 125
1890210 125
1890220 125
1890230 125
1890240 125
1890250 125
1890260 125
1890270 125
1890280 125
1890290 125
1890300 124
1890310 125
1890320 125
1890330 125
1890340 125
1890350 125
1890360 125
1890370 125
1890380 125
1890390 125
1890400 125
1890410 125
1890420 125
1890430 125
1890440 125
1890450 125
1890460 125
1890470 125
1890480 125
1890490 125
1890500 125
1890510 125
1890520 125
1890530 125
1890540 125
1890550 125
1890560 125
1890570 125
1890580 125
1890590 125
1890600 125
1890610 125
1890620 125
1890630 125
1890640 125
1890650 125
1890660 125
1890670 125
1890680 125
1890690 125
1890700 125
1890710 125
1890720 125
1890730 125
1890740 125
1890750 125
1890760 125
1890770 125
1890780 125
1890790 125
1890800 125
1890810 125
1890820 125
1890830 125
1890840 125
1890850 125
1890860 125
1890870 125
1890880 125
1890890 124
1890900 124
1890910 124
1890920 125
1890930 125
1890940 125
1890950 125
1890960 125
1890970 125
1890980 125
1890990 125
1891000 125
1891010 125
1891020 125
1891030 125
1891040 125
1891050 125
1891060 125
1891070 125
1891080 125
1891090 125
1891100 125
1891110 125
1891120 125
1891130 125
1891140 125
1891150 125
1891160 125
1891170 125
1891180 125
1891190 125
1891200 125
1891210 125
1891220 125
1891230 126
1891240 126
1891250 125
1891260 125
1891270 125
1891280 125
1891290 125
1891300 125
1891310 125
1891320 125
1891330 125
1891340 125
1891350 125
1891360 125
1891370 125
1891380 125
1891390 125
1891400 125
1891410 126
1891420 126
1891430 126
1891440 126
1891450 126
1891460 126
1891470 126
1891480 126
1891490 126
1891500 126
1891510 126
1891520 126
1891530 125
1891540 125
1891550 125
1891560 125
1891570 125
1891580 125
1891590 125
1891600 125
1891610 125
1891620 125
1891630 125
1891640 125
1891650 125
1891660 125
1891670 125
1891680 125
1891690 125
1891700 125
1891710 125
1891720 125
1891730 125
1891740 125
1891750 125
1891760 125
1891770 125
1891780 125
1891790 125
1891800 125
1891810 125
1891820 125
1891830 125
1891840 125
1891850 125
1891860 125
1891870 124
1891880 124
1891890 124
1891900 124
1891910 124
1891920 124
1891930 124
1891940 124
1891950 124
1891960 124
1891970 124
1891980 125
1891990 125
1892000 125
1892010 125
1892020 124
1892030 124
1892040 124
1892050 125
1892060 125
1892070 125
1892080 125
1892090 125
1892100 125
1892110 125
1892120 125
1892130 125
1892140 126
1892150 126
1892160 126
1892170 126
1892180 126
1892190 126
1892200 126
1892210 126
1892220 126
1892230 126
1892240 126
1892250 126
1892260 126
1892270 126
1892280 126
1892290 126
1892300 126
1892310 126
1892320 126
1892330 126
1892340 126
1892350 126
1892360 126
1892370 126
1892380 126
1892390 126
1892400 126
1892410 126
1892420 126
1892430 126
1892440 126
1892450 126
1892460 126
1892470 126
1892480 126
1892490 126
1892500 126
1892510 126
1892520 126
1892530 126
1892540 126
1892550 126
1892560 126
1892570 126
1892580 126
1892590 126
1892600 126
1892610 126
1892620 126
1892630 126
1892640 126
1892650 126
1892660 126
1892670 126
1892680 126
1892690 126
1892700 126
1892710 125
1892720 125
1892730 125
1892740 125
1892750 125
1892760 125
1892770 125
1892780 125
1892790 125
1892800 125
1892810 125
1892820 125
1892830 125
1892840 125
1892850 125
1892860 125
1892870 125
1892880 125
1892890 125
1892900 125
1892910 125
1892920 125
1892930 125
1892940 125
1892950 125
1892960 125
1892970 125
1892980 125
1892990 125
1893000 125
1893010 125
1893020 125
1893030 125
1893040 125
1893050 125
1893060 125
1893070 125
1893080 125
1893090 125
1893100 125
1893110 126
1893120 126
1893130 126
1893140 126
1893150 126
1893160 126
1893170 126
1893180 126
1893190 126
1893200 126
1893210 126
1893220 126
1893230 127
1893240 127
1893250 127
1893260 126
1893270 126
1893280 126
1893290 126
1893300 126
1893310 126
1893320 126
1893330 126
1893340 126
1893350 126
1893360 126
1893370 126
1893380 126
1893390 126
1893400 126
1893410 126
1893420 126
1893430 126
1893440 126
1893450 126
1893460 126
1893470 126
1893480 126
1893490 126
1893500 126
1893510 126
1893520 126
1893530 126
1893540 126
1893550 126
1893560 126
1893570 126
1893580 126
1893590 127
1893600 127
1893610 127
1893620 128
1893630 128
1893640 128
1893650 129
1893660 130
1893670 130
1893680 131
1893690 132
1893700 132
1893710 133
1893720 133
1893730 133
1893740 133
1893750 134
1893760 134
1893770 134
1893780 135
1893790 135
1893800 135
1893810 135
1893820 135
1893830 135
1893840 135
1893850 135
1893860 135
1893870 135
1893880 135
1893890 135
1893900 135
1893910 135
1893920 135
1893930 135
1893940 135
1893950 135
1893960 135
1893970 135
1893980 135
1893990 135
1894000 135
1894010 134
1894020 134
1894030 134
1894040 133
1894050 133
1894060 133
1894070 132
1894080 132
1894090 131
1894100 131
1894110 131
1894120 130
1894130 130
1894140 129
1894150 129
1894160 129
1894170 129
1894180 129
1894190 129
1894200 128
1894210 128
1894220 128
1894230 128
1894240 127
1894250 127
1894260 127
1894270 127
1894280 127
1894290 127
1894300 127
1894310 127
1894320 127
1894330 127
1894340 127
1894350 127
1894360 127
1894370 127
1894380 127
1894390 127
1894400 127
1894410 127
1894420 127
1894430 127
1894440 127
1894450 127
1894460 127
1894470 127
1894480 127
1894490 127
1894500 127
1894510 127
1894520 127
1894530 127
1894540 127
1894550 127
1894560 127
1894570 127
1894580 127
1894590 127
1894600 127
1894610 127
1894620 127
1894630 127
1894640 127
1894650 127
1894660 127
1894670 127
1894680 127
1894690 127
1894700 127
1894710 127
1894720 127
1894730 127
1894740 128
1894750 128
1894760 128
1894770 128
1894780 128
1894790 128
1894800 128
1894810 127
1894820 127
1894830 127
1894840 127
1894850 127
1894860 127
1894870 127
1894880 127
1894890 127
1894900 127
1894910 127
1894920 127
1894930 127
1894940 127
1894950 127
1894960 127
1894970 127
1894980 127
1894990 127
1895000 127
1895010 127
1895020 127
1895030 127
1895040 127
1895050 127
1895060 127
1895070 127
1895080 127
1895090 127
1895100 127
1895110 127
1895120 127
1895130 127
1895140 127
1895150 126
1895160 126
1895170 126
1895180 126
1895190 126
1895200 126
1895210 126
1895220 126
1895230 126
1895240 126
1895250 126
1895260 126
1895270 126
1895280 126
1895290 126
1895300 126
1895310 126
1895320 126
1895330 126
1895340 126
1895350 126
1895360 126
1895370 126
1895380 126
1895390 126
1895400 126
1895410 126
1895420 126
1895430 126
1895440 126
1895450 126
1895460 126
1895470 126
1895480 126
1895490 126
1895500 126
1895510 126
1895520 126
1895530 126
1895540 126
1895550 126
1895560 126
1895570 126
1895580 126
1895590 126
1895600 126
1895610 126
1895620 126
1895630 126
1895640 126
1895650 126
1895660 126
1895670 126
1895680 126
1895690 126
1895700 126
1895710 126
1895720 126
1895730 126
1895740 126
1895750 126
1895760 126
1895770 126
1895780 125
1895790 125
1895800 125
1895810 125
1895820 125
1895830 125
1895840 125
1895850 125
1895860 125
1895870 125
1895880 125
1895890 125
1895900 125
1895910 125
1895920 125
1895930 125
1895940 125
1895950 125
1895960 125
1895970 125
1895980 125
1895990 125
1896000 125
1896010 125
1896020 125
1896030 125
1896040 125
1896050 125
1896060 125
1896070 125
1896080 125
1896090 125
1896100 125
1896110 125
1896120 125
1896130 125
1896140 125
1896150 125
1896160 125
1896170 125
1896180 125
1896190 125
1896200 125
1896210 125
1896220 125
1896230 125
1896240 125
1896250 125
1896260 125
1896270 125
1896280 125
1896290 125
1896300 125
1896310 125
1896320 125
1896330 125
1896340 125
1896350 125
1896360 125
1896370 125
1896380 125
1896390 125
1896400 125
1896410 125
1896420 125
1896430 125
1896440 125
1896450 125
1896460 125
1896470 125
1896480 125
1896490 125
1896500 125
1896510 125
1896520 125
1896530 125
1896540 125
1896550 125
1896560 125
1896570 125
1896580 125
1896590 125
1896600 125
1896610 125
1896620 125
1896630 125
1896640 126
1896650 126
1896660 126
1896670 126
1896680 126
1896690 126
1896700 126
1896710 126
1896720 126
1896730 126
1896740 126
1896750 126
1896760 126
1896770 126
1896780 125
1896790 126
1896800 126
1896810 126
1896820 126
1896830 126
1896840 126
1896850 126
1896860 126
1896870 125
1896880 125
1896890 125
1896900 125
1896910 125
1896920 125
1896930 125
1896940 125
1896950 125
1896960 125
1896970 125
1896980 125
1896990 125
1897000 124
1897010 124
1897020 124
1897030 124
1897040 124
1897050 124
1897060 125
1897070 125
1897080 125
1897090 125
1897100 125
1897110 125
1897120 125
1897130 125
1897140 125
1897150 125
1897160 125
1897170 125
1897180 125
1897190 125
1897200 125
1897210 125
1897220 125
1897230 125
1897240 125
1897250 125
1897260 125
1897270 126
1897280 126
1897290 126
1897300 126
1897310 126
1897320 126
1897330 126
1897340 126
1897350 126
1897360 126
1897370 126
1897380 126
1897390 126
1897400 126
1897410 126
1897420 126
1897430 126
1897440 126
1897450 126
1897460 126
1897470 126
1897480 126
1897490 126
1897500 126
1897510 126
1897520 126
1897530 126
1897540 126
1897550 126
1897560 126
1897570 126
1897580 126
1897590 126
1897600 126
1897610 126
1897620 126
1897630 126
1897640 126
1897650 126
1897660 126
1897670 126
1897680 126
1897690 126
1897700 126
1897710 126
1897720 127
1897730 127
1897740 127
1897750 126
1897760 126
1897770 126
1897780 126
1897790 126
1897800 126
1897810 126
1897820 126
1897830 126
1897840 126
1897850 126
1897860 126
1897870 126
1897880 126
1897890 126
1897900 126
1897910 126
1897920 126
1897930 126
1897940 126
1897950 126
1897960 126
1897970 126
1897980 126
1897990 126
1898000 126
1898010 126
1898020 126
1898030 126
1898040 126
1898050 126
1898060 126
1898070 126
1898080 126
1898090 126
1898100 126
1898110 126
1898120 126
1898130 126
1898140 126
1898150 126
1898160 126
1898170 126
1898180 126
1898190 126
1898200 126
1898210 126
1898220 126
1898230 126
1898240 126
1898250 126
1898260 126
1898270 126
1898280 126
1898290 126
1898300 126
1898310 126
1898320 126
1898330 126
1898340 126
1898350 126
1898360 126
1898370 127
1898380 127
1898390 128
1898400 128
1898410 128
1898420 128
1898430 128
1898440 128
1898450 128
1898460 128
1898470 128
1898480 127
1898490 128
1898500 128
1898510 127
1898520 127
1898530 127
1898540 127
1898550 127
1898560 127
1898570 127
1898580 127
1898590 127
1898600 127
1898610 127
1898620 127
1898630 127
1898640 127
1898650 127
1898660 127
1898670 126
1898680 126
1898690 126
1898700 126
1898710 126
1898720 126
1898730 126
1898740 126
1898750 126
1898760 126
1898770 126
1898780 126
1898790 126
1898800 126
1898810 126
1898820 127
1898830 127
1898840 127
1898850 127
1898860 127
1898870 127
1898880 127
1898890 127
1898900 127
1898910 127
1898920 127
1898930 127
1898940 127
1898950 127
1898960 127
1898970 127
1898980 127
1898990 127
1899000 127
1899010 127
1899020 127
1899030 127
1899040 127
1899050 127
1899060 127
1899070 126
1899080 126
1899090 126
1899100 126
1899110 126
1899120 126
1899130 126
1899140 126
1899150 126
1899160 126
1899170 126
1899180 126
1899190 126
1899200 126
1899210 126
1899220 126
1899230 126
1899240 126
1899250 126
1899260 126
1899270 126
1899280 126
1899290 126
1899300 126
1899310 126
1899320 126
1899330 126
1899340 126
1899350 126
1899360 126
1899370 127
1899380 127
1899390 127
1899400 127
1899410 126
1899420 126
1899430 127
1899440 126
1899450 126
1899460 127
1899470 127
1899480 127
1899490 126
1899500 126
1899510 126
1899520 126
1899530 126
1899540 126
1899550 126
1899560 126
1899570 126
1899580 126
1899590 126
1899600 126
1899610 126
1899620 126
1899630 126
1899640 126
1899650 126
1899660 126
1899670 126
1899680 126
1899690 126
1899700 125
1899710 125
1899720 125
1899730 125
1899740 125
1899750 125
1899760 125
1899770 125
1899780 125
1899790 125
1899800 125
1899810 125
1899820 125
1899830 125
1899840 125
1899850 126
1899860 126
1899870 126
1899880 126
1899890 126
1899900 126
1899910 126
1899920 126
1899930 126
