1880000 123
1880010 123
1880020 123
1880030 123
1880040 123
1880050 123
1880060 123
1880070 123
1880080 123
1880090 123
1880100 123
1880110 123
1880120 123
1880130 123
1880140 123
1880150 123
1880160 123
1880170 123
1880180 123
1880190 123
1880200 123
1880210 122
1880220 122
1880230 122
1880240 122
1880250 122
1880260 122
1880270 122
1880280 122
1880290 122
1880300 122
1880310 123
1880320 123
1880330 123
1880340 122
1880350 122
1880360 122
1880370 122
1880380 122
1880390 122
1880400 122
1880410 122
1880420 122
1880430 122
1880440 122
1880450 122
1880460 122
1880470 122
1880480 122
1880490 122
1880500 122
1880510 122
1880520 122
1880530 122
1880540 122
1880550 122
1880560 122
1880570 122
1880580 122
1880590 122
1880600 122
1880610 122
1880620 122
1880630 122
1880640 122
1880650 122
1880660 122
1880670 122
1880680 122
1880690 122
1880700 122
1880710 122
1880720 122
1880730 122
1880740 122
1880750 122
1880760 122
1880770 122
1880780 122
1880790 122
1880800 122
1880810 122
1880820 122
1880830 122
1880840 122
1880850 122
1880860 122
1880870 122
1880880 122
1880890 122
1880900 122
1880910 122
1880920 122
1880930 122
1880940 122
1880950 122
1880960 122
1880970 122
1880980 122
1880990 122
1881000 121
1881010 121
1881020 121
1881030 121
1881040 121
1881050 121
1881060 121
1881070 121
1881080 121
1881090 121
1881100 121
1881110 121
1881120 121
1881130 121
1881140 121
1881150 121
1881160 121
1881170 121
1881180 121
1881190 121
1881200 121
1881210 121
1881220 121
1881230 121
1881240 121
1881250 121
1881260 121
1881270 121
1881280 121
1881290 121
1881300 121
1881310 121
1881320 121
1881330 121
1881340 121
1881350 121
1881360 121
1881370 121
1881380 121
1881390 121
1881400 121
1881410 121
1881420 121
1881430 121
1881440 121
1881450 121
1881460 121
1881470 121
1881480 121
1881490 121
1881500 121
1881510 121
1881520 121
1881530 121
1881540 121
1881550 121
1881560 122
1881570 122
1881580 122
1881590 121
1881600 121
1881610 121
1881620 121
1881630 121
1881640 121
1881650 121
1881660 121
1881670 121
1881680 121
1881690 121
1881700 121
1881710 121
1881720 121
1881730 121
1881740 121
1881750 121
1881760 121
1881770 121
1881780 121
1881790 121
1881800 121
1881810 121
1881820 121
1881830 121
1881840 121
1881850 121
1881860 121
1881870 121
1881880 121
1881890 121
1881900 121
1881910 121
1881920 121
1881930 121
1881940 121
1881950 121
1881960 121
1881970 121
1881980 121
1881990 121
1882000 121
1882010 121
1882020 121
1882030 121
1882040 121
1882050 121
1882060 121
1882070 121
1882080 121
1882090 121
1882100 121
1882110 121
1882120 121
1882130 121
1882140 121
1882150 121
1882160 121
1882170 121
1882180 121
1882190 121
1882200 122
1882210 122
1882220 122
1882230 122
1882240 122
1882250 122
1882260 122
1882270 122
1882280 121
1882290 121
1882300 121
1882310 121
1882320 121
1882330 121
1882340 121
1882350 121
1882360 121
1882370 121
1882380 121
1882390 121
1882400 121
1882410 121
1882420 121
1882430 121
1882440 121
1882450 121
1882460 121
1882470 121
1882480 121
1882490 121
1882500 122
1882510 122
1882520 122
1882530 122
1882540 122
1882550 122
1882560 122
1882570 122
1882580 122
1882590 122
1882600 122
1882610 122
1882620 122
1882630 122
1882640 122
1882650 122
1882660 122
1882670 122
1882680 122
1882690 122
1882700 122
1882710 122
1882720 122
1882730 122
1882740 122
1882750 122
1882760 122
1882770 122
1882780 122
1882790 122
1882800 122
1882810 122
1882820 122
1882830 122
1882840 122
1882850 122
1882860 122
1882870 122
1882880 122
1882890 122
1882900 122
1882910 122
1882920 122
1882930 122
1882940 122
1882950 122
1882960 122
1882970 122
1882980 123
1882990 123
1883000 123
1883010 123
1883020 123
1883030 123
1883040 123
1883050 123
1883060 123
1883070 123
1883080 123
1883090 123
1883100 123
1883110 124
1883120 124
1883130 124
1883140 124
1883150 124
1883160 124
1883170 124
1883180 124
1883190 124
1883200 124
1883210 124
1883220 124
1883230 124
1883240 124
1883250 123
1883260 123
1883270 123
1883280 123
1883290 123
1883300 123
1883310 123
1883320 123
1883330 123
1883340 123
1883350 123
1883360 123
1883370 123
1883380 123
1883390 123
1883400 123
1883410 123
1883420 123
1883430 123
1883440 123
1883450 123
1883460 123
1883470 123
1883480 123
1883490 123
1883500 123
1883510 123
1883520 123
1883530 123
1883540 123
1883550 123
1883560 123
1883570 123
1883580 123
1883590 123
1883600 123
1883610 123
1883620 123
1883630 123
1883640 123
1883650 123
1883660 123
1883670 123
1883680 123
1883690 123
1883700 123
1883710 123
1883720 123
1883730 123
1883740 123
1883750 123
1883760 123
1883770 123
1883780 123
1883790 123
1883800 123
1883810 123
1883820 123
1883830 123
1883840 123
1883850 123
1883860 123
1883870 123
1883880 123
1883890 123
1883900 123
1883910 123
1883920 123
1883930 123
1883940 123
1883950 123
1883960 123
1883970 123
1883980 123
1883990 123
1884000 123
1884010 123
1884020 123
1884030 123
1884040 123
1884050 123
1884060 123
1884070 123
1884080 123
1884090 123
1884100 123
1884110 123
1884120 123
1884130 123
1884140 123
1884150 123
1884160 123
1884170 123
1884180 123
1884190 123
1884200 123
1884210 123
1884220 123
1884230 123
1884240 123
1884250 123
1884260 123
1884270 123
1884280 123
1884290 123
1884300 123
1884310 123
1884320 122
1884330 123
1884340 123
1884350 122
1884360 122
1884370 122
1884380 122
1884390 122
1884400 122
1884410 122
1884420 122
1884430 122
1884440 122
1884450 122
1884460 122
1884470 122
1884480 122
1884490 122
1884500 122
1884510 122
1884520 122
1884530 122
1884540 122
1884550 122
1884560 122
1884570 122
1884580 122
1884590 122
1884600 122
1884610 122
1884620 122
1884630 122
1884640 122
1884650 122
1884660 122
1884670 122
1884680 122
1884690 122
1884700 122
1884710 122
1884720 122
1884730 122
1884740 122
1884750 122
1884760 122
1884770 122
1884780 122
1884790 122
1884800 122
1884810 122
1884820 122
1884830 122
1884840 122
1884850 122
1884860 122
1884870 122
1884880 122
1884890 122
1884900 122
1884910 122
1884920 122
1884930 123
1884940 122
1884950 122
1884960 122
1884970 122
1884980 122
1884990 122
1885000 122
1885010 122
1885020 122
1885030 122
1885040 122
1885050 122
1885060 122
1885070 122
1885080 122
1885090 122
1885100 122
1885110 122
1885120 122
1885130 122
1885140 122
1885150 122
1885160 122
1885170 122
1885180 122
1885190 122
1885200 122
1885210 122
1885220 122
1885230 122
1885240 122
1885250 122
1885260 122
1885270 122
1885280 122
1885290 122
1885300 121
1885310 121
1885320 121
1885330 121
1885340 121
1885350 121
1885360 121
1885370 121
1885380 121
1885390 121
1885400 121
1885410 121
1885420 121
1885430 121
1885440 121
1885450 121
1885460 121
1885470 121
1885480 121
1885490 121
1885500 121
1885510 121
1885520 121
1885530 121
1885540 121
1885550 121
1885560 121
1885570 121
1885580 121
1885590 121
1885600 121
1885610 121
1885620 121
1885630 121
1885640 121
1885650 121
1885660 121
1885670 121
1885680 121
1885690 121
1885700 121
1885710 121
1885720 121
1885730 122
1885740 122
1885750 122
1885760 122
1885770 122
1885780 123
1885790 123
1885800 123
1885810 123
1885820 123
1885830 123
1885840 123
1885850 123
1885860 123
1885870 123
1885880 122
1885890 122
1885900 122
1885910 122
1885920 122
1885930 122
1885940 122
1885950 122
1885960 122
1885970 122
1885980 122
1885990 122
1886000 122
1886010 122
1886020 122
1886030 122
1886040 122
1886050 122
1886060 123
1886070 123
1886080 123
1886090 123
1886100 123
1886110 124
1886120 124
1886130 123
1886140 124
1886150 124
1886160 124
1886170 123
1886180 122
1886190 122
1886200 122
1886210 123
1886220 123
1886230 124
1886240 125
1886250 125
1886260 125
1886270 125
1886280 125
1886290 125
1886300 125
1886310 125
1886320 125
1886330 125
1886340 125
1886350 124
1886360 124
1886370 124
1886380 124
1886390 124
1886400 124
1886410 124
1886420 124
1886430 125
1886440 125
1886450 125
1886460 125
1886470 125
1886480 124
1886490 124
1886500 124
1886510 124
1886520 124
1886530 124
1886540 125
1886550 125
1886560 125
1886570 125
1886580 125
1886590 125
1886600 125
1886610 126
1886620 126
1886630 126
1886640 125
1886650 125
1886660 126
1886670 126
1886680 126
1886690 126
1886700 127
1886710 127
1886720 127
1886730 127
1886740 127
1886750 127
1886760 127
1886770 127
1886780 127
1886790 127
1886800 127
1886810 128
1886820 128
1886830 128
1886840 128
1886850 128
1886860 128
1886870 128
1886880 128
1886890 128
1886900 128
1886910 128
1886920 128
1886930 128
1886940 128
1886950 128
1886960 128
1886970 128
1886980 128
1886990 128
1887000 128
1887010 128
1887020 127
1887030 127
1887040 127
1887050 127
1887060 127
1887070 127
1887080 127
1887090 128
1887100 128
1887110 128
1887120 128
1887130 128
1887140 128
1887150 128
1887160 128
1887170 128
1887180 128
1887190 128
1887200 128
1887210 128
1887220 128
1887230 128
1887240 128
1887250 128
1887260 128
1887270 128
1887280 128
1887290 128
1887300 128
1887310 129
1887320 129
1887330 129
1887340 129
1887350 129
1887360 129
1887370 129
1887380 129
1887390 129
1887400 129
1887410 129
1887420 129
1887430 129
1887440 129
1887450 129
1887460 129
1887470 129
1887480 129
1887490 129
1887500 129
1887510 129
1887520 129
1887530 129
1887540 129
1887550 130
1887560 130
1887570 130
1887580 130
1887590 130
1887600 130
1887610 130
1887620 130
1887630 130
1887640 130
1887650 130
1887660 130
1887670 130
1887680 130
1887690 130
1887700 130
1887710 130
1887720 130
1887730 130
1887740 130
1887750 130
1887760 130
1887770 130
1887780 130
1887790 130
1887800 130
1887810 130
1887820 130
1887830 130
1887840 130
1887850 130
1887860 130
1887870 130
1887880 130
1887890 130
1887900 130
1887910 131
1887920 131
1887930 131
1887940 131
1887950 131
1887960 131
1887970 131
1887980 131
1887990 131
1888000 131
1888010 131
1888020 131
1888030 131
1888040 131
1888050 131
1888060 131
1888070 131
1888080 131
1888090 131
1888100 131
1888110 131
1888120 131
1888130 131
1888140 131
1888150 131
1888160 131
1888170 131
1888180 131
1888190 131
1888200 131
1888210 131
1888220 131
1888230 131
1888240 131
1888250 131
1888260 131
1888270 131
1888280 131
1888290 131
1888300 131
1888310 131
1888320 131
1888330 131
1888340 132
1888350 132
1888360 132
1888370 132
1888380 132
1888390 133
1888400 133
1888410 133
1888420 133
1888430 133
1888440 133
1888450 133
1888460 133
1888470 133
1888480 133
1888490 134
1888500 134
1888510 134
1888520 134
1888530 134
1888540 135
1888550 135
1888560 135
1888570 135
1888580 136
1888590 136
1888600 136
1888610 136
1888620 136
1888630 137
1888640 137
1888650 137
1888660 138
1888670 138
1888680 138
1888690 139
1888700 139
1888710 139
1888720 139
1888730 139
1888740 139
1888750 139
1888760 139
1888770 140
1888780 140
1888790 140
1888800 140
1888810 140
1888820 140
1888830 140
1888840 140
1888850 140
1888860 140
1888870 140
1888880 140
1888890 140
1888900 140
1888910 140
1888920 140
1888930 140
1888940 140
1888950 140
1888960 140
1888970 140
1888980 140
1888990 140
1889000 140
1889010 140
1889020 140
1889030 140
1889040 140
1889050 140
1889060 140
1889070 140
1889080 140
1889090 140
1889100 139
1889110 139
1889120 139
1889130 139
1889140 139
1889150 139
1889160 139
1889170 139
1889180 138
1889190 138
1889200 138
1889210 138
1889220 138
1889230 138
1889240 137
1889250 137
1889260 137
1889270 137
1889280 136
1889290 136
1889300 136
1889310 136
1889320 136
1889330 136
1889340 136
1889350 136
1889360 136
1889370 136
1889380 136
1889390 135
1889400 135
1889410 135
1889420 135
1889430 135
1889440 135
1889450 135
1889460 135
1889470 135
1889480 135
1889490 134
1889500 134
1889510 134
1889520 134
1889530 134
1889540 134
1889550 135
1889560 135
1889570 135
1889580 135
1889590 134
1889600 134
1889610 133
1889620 133
1889630 133
1889640 134
1889650 134
1889660 134
1889670 134
1889680 134
1889690 134
1889700 134
1889710 135
1889720 135
1889730 135
1889740 136
1889750 136
1889760 137
1889770 138
1889780 138
1889790 140
1889800 140
1889810 140
1889820 140
1889830 140
1889840 140
1889850 140
1889860 140
1889870 140
1889880 140
1889890 140
1889900 140
1889910 141
1889920 141
1889930 141
1889940 141
1889950 140
1889960 141
1889970 141
1889980 141
1889990 141
1890000 141
1890010 141
1890020 141
1890030 141
1890040 141
1890050 141
1890060 141
1890070 141
1890080 141
1890090 141
1890100 141
1890110 141
1890120 141
1890130 141
1890140 141
1890150 141
1890160 141
1890170 141
1890180 141
1890190 141
1890200 141
1890210 142
1890220 142
1890230 142
1890240 142
1890250 142
1890260 142
1890270 142
1890280 142
1890290 142
1890300 142
1890310 142
1890320 142
1890330 142
1890340 142
1890350 142
1890360 142
1890370 142
1890380 142
1890390 142
1890400 142
1890410 143
1890420 143
1890430 143
1890440 143
1890450 143
1890460 143
1890470 143
1890480 143
1890490 142
1890500 142
1890510 142
1890520 142
1890530 142
1890540 142
1890550 142
1890560 142
1890570 142
1890580 142
1890590 142
1890600 142
1890610 142
1890620 142
1890630 142
1890640 142
1890650 142
1890660 142
1890670 142
1890680 142
1890690 142
1890700 142
1890710 142
1890720 142
1890730 141
1890740 141
1890750 141
1890760 141
1890770 141
1890780 141
1890790 141
1890800 141
1890810 141
1890820 141
1890830 142
1890840 142
1890850 142
1890860 142
1890870 142
1890880 142
1890890 143
1890900 143
1890910 143
1890920 143
1890930 143
1890940 143
1890950 143
1890960 143
1890970 143
1890980 143
1890990 143
1891000 143
1891010 143
1891020 143
1891030 143
1891040 143
1891050 143
1891060 143
1891070 142
1891080 142
1891090 142
1891100 142
1891110 142
1891120 142
1891130 142
1891140 142
1891150 142
1891160 142
1891170 142
1891180 142
1891190 142
1891200 142
1891210 142
1891220 141
1891230 141
1891240 141
1891250 141
1891260 141
1891270 141
1891280 142
1891290 142
1891300 142
1891310 142
1891320 142
1891330 142
1891340 142
1891350 142
1891360 142
1891370 142
1891380 142
1891390 142
1891400 142
1891410 142
1891420 142
1891430 142
1891440 142
1891450 142
1891460 142
1891470 142
1891480 142
1891490 142
1891500 143
1891510 143
1891520 143
1891530 143
1891540 143
1891550 143
1891560 143
1891570 143
1891580 144
1891590 144
1891600 144
1891610 144
1891620 144
1891630 144
1891640 145
1891650 145
1891660 145
1891670 145
1891680 146
1891690 146
1891700 146
1891710 146
1891720 146
1891730 146
1891740 146
1891750 146
1891760 146
1891770 146
1891780 146
1891790 147
1891800 147
1891810 147
1891820 147
1891830 147
1891840 147
1891850 147
1891860 147
1891870 147
1891880 147
1891890 147
1891900 147
1891910 147
1891920 147
1891930 147
1891940 147
1891950 147
1891960 147
1891970 147
1891980 147
1891990 147
1892000 147
1892010 147
1892020 147
1892030 147
1892040 147
1892050 147
1892060 147
1892070 147
1892080 147
1892090 147
1892100 147
1892110 147
1892120 147
1892130 147
1892140 147
1892150 147
1892160 147
1892170 148
1892180 148
1892190 148
1892200 148
1892210 148
1892220 148
1892230 148
1892240 148
1892250 148
1892260 148
1892270 148
1892280 148
1892290 148
1892300 148
1892310 148
1892320 148
1892330 148
1892340 148
1892350 148
1892360 148
1892370 148
1892380 148
1892390 148
1892400 147
1892410 147
1892420 147
1892430 147
1892440 146
1892450 146
1892460 146
1892470 146
1892480 146
1892490 145
1892500 144
1892510 144
1892520 144
1892530 144
1892540 144
1892550 143
1892560 143
1892570 142
1892580 142
1892590 142
1892600 141
1892610 141
1892620 141
1892630 141
1892640 141
1892650 140
1892660 140
1892670 140
1892680 139
1892690 139
1892700 139
1892710 138
1892720 138
1892730 138
1892740 137
1892750 136
1892760 136
1892770 136
1892780 135
1892790 135
1892800 134
1892810 133
1892820 133
1892830 133
1892840 132
1892850 132
1892860 132
1892870 131
1892880 131
1892890 131
1892900 131
1892910 131
1892920 131
1892930 131
1892940 131
1892950 131
1892960 132
1892970 132
1892980 132
1892990 132
1893000 132
1893010 132
1893020 132
1893030 132
1893040 133
1893050 133
1893060 133
1893070 133
1893080 134
1893090 134
1893100 134
1893110 134
1893120 135
1893130 135
1893140 136
1893150 136
1893160 136
1893170 137
1893180 137
1893190 137
1893200 137
1893210 137
1893220 138
1893230 138
1893240 138
1893250 138
1893260 137
1893270 137
1893280 137
1893290 137
1893300 137
1893310 136
1893320 136
1893330 136
1893340 136
1893350 136
1893360 135
1893370 135
1893380 135
1893390 134
1893400 134
1893410 134
1893420 134
1893430 134
1893440 133
1893450 133
1893460 133
1893470 132
1893480 132
1893490 132
1893500 131
1893510 130
1893520 130
1893530 130
1893540 129
1893550 129
1893560 129
1893570 129
1893580 129
1893590 129
1893600 129
1893610 129
1893620 130
1893630 130
1893640 130
1893650 131
1893660 133
1893670 133
1893680 135
1893690 137
1893700 137
1893710 137
1893720 137
1893730 137
1893740 137
1893750 138
1893760 138
1893770 138
1893780 138
1893790 138
1893800 138
1893810 138
1893820 138
1893830 139
1893840 139
1893850 139
1893860 139
1893870 140
1893880 140
1893890 140
1893900 140
1893910 140
1893920 140
1893930 140
1893940 140
1893950 141
1893960 141
1893970 141
1893980 141
1893990 141
1894000 141
1894010 141
1894020 141
1894030 141
1894040 141
1894050 141
1894060 141
1894070 141
1894080 140
1894090 140
1894100 140
1894110 140
1894120 140
1894130 140
1894140 140
1894150 140
1894160 140
1894170 140
1894180 139
1894190 139
1894200 139
1894210 139
1894220 139
1894230 139
1894240 139
1894250 139
1894260 139
1894270 139
1894280 139
1894290 139
1894300 139
1894310 139
1894320 139
1894330 139
1894340 139
1894350 139
1894360 138
1894370 138
1894380 138
1894390 138
1894400 138
1894410 137
1894420 137
1894430 137
1894440 136
1894450 136
1894460 136
1894470 135
1894480 135
1894490 135
1894500 135
1894510 135
1894520 135
1894530 136
1894540 136
1894550 136
1894560 137
1894570 138
1894580 138
1894590 139
1894600 140
1894610 140
1894620 141
1894630 142
1894640 142
1894650 142
1894660 143
1894670 143
1894680 143
1894690 143
1894700 143
1894710 143
1894720 143
1894730 143
1894740 143
1894750 143
1894760 143
1894770 143
1894780 143
1894790 143
1894800 143
1894810 143
1894820 143
1894830 143
1894840 143
1894850 143
1894860 143
1894870 143
1894880 143
1894890 143
1894900 143
1894910 143
1894920 143
1894930 143
1894940 143
1894950 143
1894960 143
1894970 143
1894980 143
1894990 143
1895000 143
1895010 143
1895020 143
1895030 143
1895040 143
1895050 143
1895060 143
1895070 143
1895080 143
1895090 143
1895100 143
1895110 143
1895120 143
1895130 143
1895140 143
1895150 143
1895160 143
1895170 143
1895180 143
1895190 143
1895200 143
1895210 143
1895220 143
1895230 143
1895240 143
1895250 143
1895260 143
1895270 143
1895280 143
1895290 143
1895300 144
1895310 144
1895320 144
1895330 144
1895340 144
1895350 144
1895360 144
1895370 144
1895380 144
1895390 144
1895400 144
1895410 144
1895420 144
1895430 144
1895440 144
1895450 144
1895460 144
1895470 144
1895480 144
1895490 144
1895500 144
1895510 144
1895520 144
1895530 143
1895540 143
1895550 143
1895560 143
1895570 142
1895580 142
1895590 142
1895600 142
1895610 142
1895620 141
1895630 140
1895640 140
1895650 140
1895660 140
1895670 140
1895680 140
1895690 140
1895700 140
1895710 140
1895720 140
1895730 140
1895740 140
1895750 140
1895760 140
1895770 140
1895780 140
1895790 140
1895800 140
1895810 140
1895820 140
1895830 140
1895840 140
1895850 140
1895860 140
1895870 140
1895880 140
1895890 140
1895900 140
1895910 140
1895920 140
1895930 139
1895940 139
1895950 139
1895960 139
1895970 138
1895980 138
1895990 138
1896000 138
1896010 138
1896020 138
1896030 137
1896040 137
1896050 137
1896060 137
1896070 137
1896080 137
1896090 136
1896100 136
1896110 136
1896120 136
1896130 136
1896140 135
1896150 135
1896160 135
1896170 134
1896180 134
1896190 134
1896200 134
1896210 134
1896220 134
1896230 134
1896240 133
1896250 133
1896260 133
1896270 133
1896280 133
1896290 133
1896300 133
1896310 133
1896320 133
1896330 133
1896340 133
1896350 133
1896360 133
1896370 133
1896380 133
1896390 133
1896400 133
1896410 132
1896420 132
1896430 132
1896440 132
1896450 132
1896460 132
1896470 132
1896480 132
1896490 132
1896500 132
1896510 131
1896520 131
1896530 131
1896540 131
1896550 131
1896560 131
1896570 131
1896580 131
1896590 131
1896600 131
1896610 131
1896620 131
1896630 131
1896640 131
1896650 131
1896660 131
1896670 131
1896680 131
1896690 131
1896700 130
1896710 130
1896720 130
1896730 130
1896740 130
1896750 130
1896760 130
1896770 130
1896780 129
1896790 129
1896800 129
1896810 129
1896820 129
1896830 129
1896840 129
1896850 129
1896860 129
1896870 129
1896880 129
1896890 129
1896900 129
1896910 129
1896920 129
1896930 129
1896940 129
1896950 129
1896960 128
1896970 128
1896980 128
1896990 128
1897000 128
1897010 128
1897020 128
1897030 128
1897040 128
1897050 129
1897060 129
1897070 129
1897080 129
1897090 128
1897100 128
1897110 128
1897120 129
1897130 129
1897140 128
1897150 129
1897160 129
1897170 128
1897180 128
1897190 128
1897200 128
1897210 128
1897220 128
1897230 128
1897240 128
1897250 128
1897260 128
1897270 128
1897280 128
1897290 128
1897300 128
1897310 128
1897320 128
1897330 128
1897340 128
1897350 128
1897360 128
1897370 128
1897380 128
1897390 128
1897400 128
1897410 128
1897420 128
1897430 128
1897440 128
1897450 128
1897460 128
1897470 128
1897480 128
1897490 128
1897500 128
1897510 128
1897520 128
1897530 128
1897540 128
1897550 128
1897560 128
1897570 128
1897580 128
1897590 128
1897600 128
1897610 128
1897620 128
1897630 128
1897640 128
1897650 128
1897660 128
1897670 128
1897680 128
1897690 128
1897700 128
1897710 128
1897720 128
1897730 128
1897740 128
1897750 128
1897760 128
1897770 128
1897780 128
1897790 128
1897800 128
1897810 128
1897820 128
1897830 128
1897840 127
1897850 127
1897860 127
1897870 127
1897880 127
1897890 127
1897900 127
1897910 127
1897920 127
1897930 127
1897940 127
1897950 127
1897960 127
1897970 127
1897980 127
1897990 127
1898000 127
1898010 127
1898020 127
1898030 127
1898040 127
1898050 127
1898060 127
1898070 127
1898080 127
1898090 127
1898100 127
1898110 127
1898120 127
1898130 127
1898140 127
1898150 127
1898160 127
1898170 127
1898180 127
1898190 126
1898200 126
1898210 126
1898220 127
1898230 127
1898240 127
1898250 127
1898260 127
1898270 127
1898280 127
1898290 127
1898300 127
1898310 127
1898320 127
1898330 127
1898340 127
1898350 127
1898360 127
1898370 127
1898380 127
1898390 127
1898400 127
1898410 127
1898420 127
1898430 127
1898440 127
1898450 127
1898460 127
1898470 127
1898480 127
1898490 127
1898500 127
1898510 127
1898520 127
1898530 127
1898540 127
1898550 127
1898560 127
1898570 127
1898580 127
1898590 127
1898600 127
1898610 127
1898620 127
1898630 127
1898640 127
1898650 127
1898660 127
1898670 127
1898680 127
1898690 127
1898700 127
1898710 127
1898720 127
1898730 127
1898740 127
1898750 127
1898760 127
1898770 126
1898780 126
1898790 126
1898800 126
1898810 126
1898820 126
1898830 126
1898840 126
1898850 126
1898860 126
1898870 126
1898880 126
1898890 126
1898900 126
1898910 126
1898920 126
1898930 126
1898940 126
1898950 126
1898960 126
1898970 126
1898980 126
1898990 126
1899000 126
1899010 126
1899020 126
1899030 126
1899040 126
1899050 126
1899060 126
1899070 126
1899080 126
1899090 126
1899100 126
1899110 126
1899120 126
1899130 126
1899140 126
1899150 126
1899160 126
1899170 126
1899180 126
1899190 127
1899200 127
1899210 127
1899220 127
1899230 127
1899240 127
1899250 127
1899260 127
1899270 127
1899280 127
1899290 127
1899300 127
1899310 127
1899320 127
1899330 127
1899340 127
1899350 127
1899360 127
1899370 127
1899380 127
1899390 127
1899400 127
1899410 127
1899420 127
1899430 127
1899440 127
1899450 127
1899460 127
1899470 127
1899480 126
1899490 126
1899500 126
1899510 126
1899520 126
1899530 126
1899540 126
1899550 126
1899560 126
1899570 126
1899580 126
1899590 126
1899600 126
1899610 126
1899620 126
1899630 126
1899640 126
1899650 126
1899660 126
1899670 126
1899680 126
1899690 126
1899700 126
1899710 126
1899720 126
1899730 126
1899740 126
1899750 126
1899760 126
1899770 126
1899780 126
1899790 126
1899800 126
1899810 126
1899820 126
1899830 126
1899840 126
1899850 126
1899860 126
1899870 126
1899880 126
1899890 126
1899900 126
1899910 126
1899920 126
1899930 126
1899940 126
1899950 126
1899960 126
1899970 126
1899980 126
1899990 126
