1880000 121
1880010 121
1880020 121
1880030 121
1880040 121
1880050 121
1880060 121
1880070 122
1880080 122
1880090 122
1880100 122
1880110 122
1880120 122
1880130 123
1880140 123
1880150 123
1880160 123
1880170 123
1880180 123
1880190 123
1880200 123
1880210 123
1880220 123
1880230 123
1880240 123
1880250 123
1880260 123
1880270 123
1880280 123
1880290 123
1880300 123
1880310 123
1880320 123
1880330 123
1880340 123
1880350 123
1880360 123
1880370 123
1880380 123
1880390 123
1880400 123
1880410 123
1880420 123
1880430 123
1880440 123
1880450 123
1880460 123
1880470 123
1880480 123
1880490 123
1880500 123
1880510 123
1880520 123
1880530 123
1880540 123
1880550 123
1880560 124
1880570 124
1880580 124
1880590 124
1880600 124
1880610 124
1880620 124
1880630 124
1880640 124
1880650 124
1880660 124
1880670 124
1880680 124
1880690 124
1880700 124
1880710 124
1880720 124
1880730 124
1880740 124
1880750 124
1880760 124
1880770 123
1880780 123
1880790 123
1880800 123
1880810 123
1880820 123
1880830 123
1880840 123
1880850 123
1880860 123
1880870 123
1880880 123
1880890 123
1880900 123
1880910 124
1880920 124
1880930 124
1880940 124
1880950 124
1880960 124
1880970 124
1880980 123
1880990 123
1881000 123
1881010 123
1881020 123
1881030 123
1881040 123
1881050 123
1881060 123
1881070 123
1881080 123
1881090 123
1881100 122
1881110 122
1881120 122
1881130 122
1881140 122
1881150 122
1881160 122
1881170 122
1881180 122
1881190 122
1881200 122
1881210 122
1881220 122
1881230 122
1881240 122
1881250 122
1881260 122
1881270 122
1881280 122
1881290 122
1881300 122
1881310 122
1881320 122
1881330 122
1881340 122
1881350 122
1881360 122
1881370 122
1881380 122
1881390 122
1881400 122
1881410 122
1881420 122
1881430 122
1881440 122
1881450 122
1881460 122
1881470 122
1881480 122
1881490 122
1881500 122
1881510 122
1881520 122
1881530 122
1881540 122
1881550 122
1881560 122
1881570 122
1881580 121
1881590 121
1881600 121
1881610 121
1881620 121
1881630 121
1881640 121
1881650 121
1881660 121
1881670 122
1881680 121
1881690 121
1881700 121
1881710 121
1881720 121
1881730 121
1881740 121
1881750 121
1881760 121
1881770 121
1881780 121
1881790 121
1881800 121
1881810 121
1881820 121
1881830 121
1881840 121
1881850 121
1881860 121
1881870 121
1881880 121
1881890 121
1881900 121
1881910 121
1881920 121
1881930 121
1881940 121
1881950 121
1881960 121
1881970 121
1881980 121
1881990 121
1882000 121
1882010 121
1882020 121
1882030 121
1882040 121
1882050 121
1882060 121
1882070 121
1882080 121
1882090 121
1882100 121
1882110 121
1882120 121
1882130 121
1882140 121
1882150 121
1882160 121
1882170 121
1882180 121
1882190 121
1882200 121
1882210 121
1882220 121
1882230 121
1882240 121
1882250 121
1882260 121
1882270 121
1882280 121
1882290 121
1882300 121
1882310 121
1882320 121
1882330 121
1882340 121
1882350 121
1882360 121
1882370 121
1882380 121
1882390 121
1882400 121
1882410 121
1882420 121
1882430 121
1882440 121
1882450 121
1882460 121
1882470 121
1882480 121
1882490 121
1882500 121
1882510 121
1882520 121
1882530 121
1882540 121
1882550 121
1882560 121
1882570 121
1882580 121
1882590 121
1882600 122
1882610 122
1882620 121
1882630 121
1882640 121
1882650 121
1882660 121
1882670 121
1882680 121
1882690 121
1882700 121
1882710 121
1882720 121
1882730 121
1882740 121
1882750 121
1882760 121
1882770 121
1882780 121
1882790 121
1882800 121
1882810 121
1882820 121
1882830 121
1882840 121
1882850 121
1882860 121
1882870 121
1882880 121
1882890 121
1882900 121
1882910 121
1882920 121
1882930 121
1882940 121
1882950 121
1882960 121
1882970 121
1882980 121
1882990 121
1883000 121
1883010 121
1883020 121
1883030 121
1883040 121
1883050 122
1883060 122
1883070 121
1883080 121
1883090 121
1883100 121
1883110 121
1883120 121
1883130 121
1883140 121
1883150 121
1883160 121
1883170 121
1883180 121
1883190 121
1883200 121
1883210 121
1883220 122
1883230 122
1883240 122
1883250 121
1883260 121
1883270 121
1883280 122
1883290 122
1883300 122
1883310 122
1883320 122
1883330 122
1883340 122
1883350 122
1883360 122
1883370 122
1883380 122
1883390 122
1883400 122
1883410 122
1883420 122
1883430 122
1883440 122
1883450 122
1883460 122
1883470 122
1883480 122
1883490 122
1883500 122
1883510 122
1883520 122
1883530 122
1883540 122
1883550 123
1883560 122
1883570 122
1883580 122
1883590 122
1883600 122
1883610 122
1883620 122
1883630 122
1883640 122
1883650 122
1883660 122
1883670 122
1883680 122
1883690 122
1883700 122
1883710 122
1883720 122
1883730 122
1883740 122
1883750 123
1883760 123
1883770 123
1883780 123
1883790 123
1883800 123
1883810 123
1883820 123
1883830 122
1883840 122
1883850 122
1883860 123
1883870 123
1883880 123
1883890 123
1883900 123
1883910 123
1883920 123
1883930 123
1883940 123
1883950 123
1883960 123
1883970 123
1883980 123
1883990 123
1884000 123
1884010 123
1884020 123
1884030 123
1884040 123
1884050 123
1884060 123
1884070 123
1884080 123
1884090 123
1884100 123
1884110 123
1884120 123
1884130 123
1884140 123
1884150 123
1884160 123
1884170 123
1884180 123
1884190 123
1884200 123
1884210 123
1884220 123
1884230 123
1884240 123
1884250 123
1884260 123
1884270 123
1884280 123
1884290 123
1884300 123
1884310 123
1884320 123
1884330 123
1884340 123
1884350 123
1884360 123
1884370 123
1884380 123
1884390 123
1884400 123
1884410 123
1884420 123
1884430 123
1884440 123
1884450 123
1884460 123
1884470 123
1884480 123
1884490 123
1884500 123
1884510 123
1884520 123
1884530 123
1884540 123
1884550 123
1884560 123
1884570 123
1884580 123
1884590 123
1884600 123
1884610 123
1884620 123
1884630 123
1884640 123
1884650 123
1884660 123
1884670 123
1884680 123
1884690 123
1884700 123
1884710 123
1884720 123
1884730 123
1884740 123
1884750 123
1884760 123
1884770 123
1884780 123
1884790 123
1884800 123
1884810 123
1884820 123
1884830 123
1884840 123
1884850 123
1884860 123
1884870 123
1884880 123
1884890 123
1884900 124
1884910 124
1884920 124
1884930 124
1884940 124
1884950 124
1884960 124
1884970 124
1884980 123
1884990 124
1885000 124
1885010 124
1885020 124
1885030 124
1885040 124
1885050 124
1885060 124
1885070 124
1885080 124
1885090 124
1885100 124
1885110 124
1885120 124
1885130 124
1885140 125
1885150 125
1885160 125
1885170 125
1885180 125
1885190 125
1885200 125
1885210 125
1885220 125
1885230 125
1885240 125
1885250 125
1885260 125
1885270 125
1885280 125
1885290 125
1885300 125
1885310 125
1885320 125
1885330 125
1885340 125
1885350 125
1885360 125
1885370 125
1885380 124
1885390 124
1885400 124
1885410 124
1885420 124
1885430 124
1885440 124
1885450 124
1885460 124
1885470 125
1885480 125
1885490 125
1885500 125
1885510 125
1885520 125
1885530 125
1885540 125
1885550 125
1885560 125
1885570 125
1885580 125
1885590 125
1885600 125
1885610 125
1885620 125
1885630 125
1885640 125
1885650 125
1885660 125
1885670 125
1885680 125
1885690 125
1885700 125
1885710 125
1885720 126
1885730 126
1885740 126
1885750 126
1885760 126
1885770 126
1885780 126
1885790 126
1885800 126
1885810 126
1885820 127
1885830 127
1885840 127
1885850 127
1885860 127
1885870 128
1885880 128
1885890 128
1885900 128
1885910 128
1885920 128
1885930 128
1885940 128
1885950 128
1885960 128
1885970 128
1885980 128
1885990 128
1886000 128
1886010 128
1886020 128
1886030 128
1886040 128
1886050 128
1886060 128
1886070 128
1886080 128
1886090 128
1886100 128
1886110 128
1886120 128
1886130 128
1886140 128
1886150 128
1886160 128
1886170 128
1886180 128
1886190 128
1886200 128
1886210 129
1886220 129
1886230 129
1886240 129
1886250 129
1886260 129
1886270 129
1886280 129
1886290 129
1886300 129
1886310 129
1886320 130
1886330 130
1886340 130
1886350 130
1886360 130
1886370 130
1886380 131
1886390 131
1886400 131
1886410 131
1886420 131
1886430 131
1886440 131
1886450 131
1886460 132
1886470 132
1886480 132
1886490 132
1886500 132
1886510 131
1886520 131
1886530 132
1886540 132
1886550 132
1886560 132
1886570 133
1886580 133
1886590 133
1886600 133
1886610 133
1886620 133
1886630 134
1886640 134
1886650 134
1886660 135
1886670 135
1886680 135
1886690 136
1886700 136
1886710 136
1886720 137
1886730 137
1886740 139
1886750 140
1886760 141
1886770 141
1886780 143
1886790 144
1886800 144
1886810 145
1886820 146
1886830 146
1886840 146
1886850 147
1886860 147
1886870 147
1886880 148
1886890 148
1886900 149
1886910 150
1886920 150
1886930 150
1886940 151
1886950 151
1886960 151
1886970 151
1886980 151
1886990 152
1887000 152
1887010 152
1887020 152
1887030 151
1887040 151
1887050 151
1887060 151
1887070 151
1887080 152
1887090 152
1887100 152
1887110 152
1887120 152
1887130 152
1887140 152
1887150 152
1887160 152
1887170 153
1887180 153
1887190 153
1887200 153
1887210 153
1887220 153
1887230 153
1887240 153
1887250 153
1887260 152
1887270 152
1887280 152
1887290 152
1887300 152
1887310 152
1887320 152
1887330 152
1887340 152
1887350 152
1887360 152
1887370 152
1887380 153
1887390 153
1887400 153
1887410 153
1887420 153
1887430 153
1887440 153
1887450 152
1887460 152
1887470 152
1887480 152
1887490 152
1887500 152
1887510 152
1887520 152
1887530 152
1887540 152
1887550 152
1887560 152
1887570 152
1887580 152
1887590 152
1887600 152
1887610 152
1887620 152
1887630 152
1887640 152
1887650 152
1887660 152
1887670 152
1887680 152
1887690 152
1887700 152
1887710 152
1887720 152
1887730 152
1887740 152
1887750 152
1887760 152
1887770 152
1887780 152
1887790 152
1887800 152
1887810 152
1887820 152
1887830 152
1887840 152
1887850 152
1887860 152
1887870 152
1887880 152
1887890 152
1887900 152
1887910 152
1887920 152
1887930 152
1887940 152
1887950 152
1887960 152
1887970 152
1887980 152
1887990 152
1888000 152
1888010 152
1888020 151
1888030 151
1888040 151
1888050 151
1888060 151
1888070 151
1888080 151
1888090 151
1888100 151
1888110 150
1888120 150
1888130 150
1888140 150
1888150 149
1888160 149
1888170 149
1888180 149
1888190 149
1888200 149
1888210 148
1888220 148
1888230 148
1888240 148
1888250 148
1888260 148
1888270 148
1888280 148
1888290 148
1888300 148
1888310 148
1888320 148
1888330 148
1888340 149
1888350 149
1888360 149
1888370 149
1888380 149
1888390 150
1888400 150
1888410 150
1888420 150
1888430 150
1888440 150
1888450 151
1888460 151
1888470 151
1888480 151
1888490 151
1888500 151
1888510 151
1888520 151
1888530 151
1888540 151
1888550 151
1888560 151
1888570 151
1888580 151
1888590 151
1888600 151
1888610 151
1888620 151
1888630 151
1888640 151
1888650 151
1888660 151
1888670 151
1888680 151
1888690 151
1888700 151
1888710 151
1888720 151
1888730 151
1888740 151
1888750 150
1888760 150
1888770 150
1888780 150
1888790 150
1888800 150
1888810 150
1888820 150
1888830 150
1888840 150
1888850 150
1888860 150
1888870 150
1888880 150
1888890 150
1888900 150
1888910 150
1888920 150
1888930 150
1888940 150
1888950 150
1888960 150
1888970 150
1888980 150
1888990 150
1889000 150
1889010 150
1889020 150
1889030 150
1889040 150
1889050 150
1889060 151
1889070 151
1889080 151
1889090 151
1889100 151
1889110 151
1889120 151
1889130 151
1889140 151
1889150 151
1889160 151
1889170 151
1889180 151
1889190 151
1889200 151
1889210 151
1889220 151
1889230 151
1889240 151
1889250 151
1889260 151
1889270 151
1889280 151
1889290 151
1889300 150
1889310 150
1889320 150
1889330 150
1889340 150
1889350 150
1889360 150
1889370 150
1889380 150
1889390 150
1889400 150
1889410 150
1889420 150
1889430 150
1889440 150
1889450 150
1889460 150
1889470 150
1889480 150
1889490 150
1889500 150
1889510 150
1889520 150
1889530 150
1889540 150
1889550 150
1889560 150
1889570 150
1889580 150
1889590 150
1889600 150
1889610 150
1889620 150
1889630 150
1889640 150
1889650 150
1889660 150
1889670 150
1889680 150
1889690 150
1889700 150
1889710 150
1889720 150
1889730 150
1889740 150
1889750 150
1889760 150
1889770 150
1889780 150
1889790 150
1889800 150
1889810 150
1889820 150
1889830 150
1889840 150
1889850 150
1889860 150
1889870 149
1889880 149
1889890 149
1889900 149
1889910 149
1889920 149
1889930 149
1889940 149
1889950 149
1889960 149
1889970 149
1889980 149
1889990 149
1890000 149
1890010 149
1890020 149
1890030 149
1890040 149
1890050 149
1890060 149
1890070 149
1890080 149
1890090 149
1890100 149
1890110 149
1890120 149
1890130 150
1890140 150
1890150 150
1890160 150
1890170 150
1890180 150
1890190 150
1890200 150
1890210 150
1890220 150
1890230 150
1890240 150
1890250 150
1890260 150
1890270 150
1890280 149
1890290 149
1890300 149
1890310 149
1890320 149
1890330 149
1890340 149
1890350 149
1890360 149
1890370 150
1890380 150
1890390 150
1890400 150
1890410 150
1890420 150
1890430 150
1890440 150
1890450 150
1890460 150
1890470 150
1890480 150
1890490 149
1890500 149
1890510 149
1890520 149
1890530 149
1890540 149
1890550 149
1890560 149
1890570 149
1890580 149
1890590 149
1890600 149
1890610 149
1890620 149
1890630 149
1890640 149
1890650 149
1890660 149
1890670 149
1890680 149
1890690 149
1890700 148
1890710 148
1890720 148
1890730 148
1890740 148
1890750 148
1890760 148
1890770 148
1890780 148
1890790 148
1890800 148
1890810 148
1890820 148
1890830 147
1890840 147
1890850 147
1890860 147
1890870 147
1890880 147
1890890 147
1890900 147
1890910 147
1890920 147
1890930 147
1890940 147
1890950 147
1890960 147
1890970 147
1890980 147
1890990 147
1891000 147
1891010 147
1891020 147
1891030 147
1891040 147
1891050 147
1891060 147
1891070 147
1891080 147
1891090 147
1891100 146
1891110 146
1891120 146
1891130 145
1891140 145
1891150 145
1891160 144
1891170 144
1891180 143
1891190 143
1891200 143
1891210 142
1891220 141
1891230 141
1891240 139
1891250 139
1891260 139
1891270 138
1891280 137
1891290 137
1891300 137
1891310 137
1891320 137
1891330 136
1891340 136
1891350 136
1891360 136
1891370 136
1891380 136
1891390 136
1891400 136
1891410 136
1891420 136
1891430 136
1891440 136
1891450 136
1891460 136
1891470 136
1891480 136
1891490 137
1891500 137
1891510 137
1891520 138
1891530 138
1891540 138
1891550 139
1891560 140
1891570 140
1891580 140
1891590 141
1891600 141
1891610 141
1891620 141
1891630 141
1891640 142
1891650 142
1891660 142
1891670 143
1891680 143
1891690 143
1891700 143
1891710 143
1891720 143
1891730 143
1891740 144
1891750 144
1891760 144
1891770 144
1891780 144
1891790 144
1891800 144
1891810 144
1891820 144
1891830 144
1891840 144
1891850 144
1891860 145
1891870 145
1891880 145
1891890 145
1891900 145
1891910 145
1891920 145
1891930 145
1891940 145
1891950 145
1891960 145
1891970 145
1891980 144
1891990 144
1892000 144
1892010 144
1892020 144
1892030 144
1892040 144
1892050 144
1892060 144
1892070 145
1892080 145
1892090 145
1892100 146
1892110 146
1892120 146
1892130 146
1892140 146
1892150 147
1892160 147
1892170 147
1892180 147
1892190 147
1892200 147
1892210 147
1892220 147
1892230 147
1892240 147
1892250 148
1892260 148
1892270 148
1892280 148
1892290 148
1892300 148
1892310 147
1892320 147
1892330 147
1892340 147
1892350 147
1892360 147
1892370 147
1892380 147
1892390 147
1892400 147
1892410 147
1892420 147
1892430 147
1892440 146
1892450 146
1892460 146
1892470 146
1892480 146
1892490 146
1892500 145
1892510 145
1892520 145
1892530 145
1892540 145
1892550 145
1892560 144
1892570 144
1892580 144
1892590 144
1892600 144
1892610 144
1892620 143
1892630 143
1892640 143
1892650 143
1892660 143
1892670 142
1892680 142
1892690 142
1892700 141
1892710 141
1892720 141
1892730 141
1892740 141
1892750 141
1892760 140
1892770 140
1892780 140
1892790 140
1892800 139
1892810 139
1892820 138
1892830 138
1892840 138
1892850 137
1892860 137
1892870 137
1892880 137
1892890 136
1892900 136
1892910 136
1892920 135
1892930 135
1892940 135
1892950 134
1892960 134
1892970 134
1892980 134
1892990 134
1893000 133
1893010 133
1893020 133
1893030 133
1893040 132
1893050 132
1893060 132
1893070 132
1893080 132
1893090 132
1893100 131
1893110 131
1893120 131
1893130 131
1893140 131
1893150 131
1893160 132
1893170 132
1893180 132
1893190 132
1893200 133
1893210 133
1893220 133
1893230 134
1893240 134
1893250 134
1893260 135
1893270 135
1893280 135
1893290 136
1893300 136
1893310 136
1893320 136
1893330 136
1893340 137
1893350 137
1893360 137
1893370 138
1893380 138
1893390 138
1893400 138
1893410 139
1893420 139
1893430 139
1893440 140
1893450 139
1893460 140
1893470 141
1893480 141
1893490 141
1893500 142
1893510 142
1893520 142
1893530 143
1893540 143
1893550 144
1893560 145
1893570 145
1893580 145
1893590 145
1893600 145
1893610 145
1893620 146
1893630 146
1893640 146
1893650 146
1893660 146
1893670 146
1893680 146
1893690 146
1893700 146
1893710 146
1893720 146
1893730 146
1893740 146
1893750 146
1893760 146
1893770 146
1893780 146
1893790 146
1893800 146
1893810 146
1893820 146
1893830 146
1893840 146
1893850 146
1893860 146
1893870 146
1893880 146
1893890 146
1893900 146
1893910 146
1893920 146
1893930 146
1893940 146
1893950 146
1893960 146
1893970 146
1893980 146
1893990 146
1894000 146
1894010 146
1894020 146
1894030 146
1894040 146
1894050 146
1894060 146
1894070 146
1894080 146
1894090 146
1894100 146
1894110 147
1894120 147
1894130 147
1894140 147
1894150 147
1894160 147
1894170 147
1894180 147
1894190 147
1894200 147
1894210 147
1894220 147
1894230 147
1894240 147
1894250 147
1894260 147
1894270 147
1894280 147
1894290 146
1894300 146
1894310 146
1894320 146
1894330 146
1894340 146
1894350 146
1894360 146
1894370 146
1894380 146
1894390 146
1894400 146
1894410 146
1894420 146
1894430 146
1894440 145
1894450 145
1894460 145
1894470 145
1894480 145
1894490 145
1894500 145
1894510 145
1894520 145
1894530 144
1894540 144
1894550 144
1894560 144
1894570 144
1894580 144
1894590 144
1894600 144
1894610 144
1894620 143
1894630 143
1894640 143
1894650 143
1894660 144
1894670 144
1894680 144
1894690 144
1894700 144
1894710 145
1894720 146
1894730 146
1894740 147
1894750 149
1894760 149
1894770 149
1894780 149
1894790 149
1894800 149
1894810 149
1894820 149
1894830 150
1894840 150
1894850 150
1894860 150
1894870 150
1894880 150
1894890 150
1894900 150
1894910 150
1894920 150
1894930 150
1894940 150
1894950 150
1894960 150
1894970 150
1894980 150
1894990 150
1895000 150
1895010 150
1895020 150
1895030 150
1895040 150
1895050 150
1895060 150
1895070 150
1895080 150
1895090 150
1895100 150
1895110 150
1895120 150
1895130 150
1895140 150
1895150 150
1895160 150
1895170 150
1895180 150
1895190 150
1895200 150
1895210 150
1895220 150
1895230 150
1895240 150
1895250 150
1895260 150
1895270 150
1895280 150
1895290 150
1895300 150
1895310 150
1895320 150
1895330 150
1895340 150
1895350 150
1895360 150
1895370 150
1895380 150
1895390 150
1895400 150
1895410 149
1895420 149
1895430 149
1895440 149
1895450 149
1895460 149
1895470 149
1895480 149
1895490 149
1895500 149
1895510 149
1895520 149
1895530 149
1895540 149
1895550 149
1895560 149
1895570 149
1895580 149
1895590 149
1895600 149
1895610 149
1895620 149
1895630 149
1895640 149
1895650 149
1895660 149
1895670 149
1895680 149
1895690 150
1895700 150
1895710 149
1895720 149
1895730 149
1895740 149
1895750 149
1895760 149
1895770 149
1895780 149
1895790 149
1895800 149
1895810 149
1895820 149
1895830 149
1895840 149
1895850 149
1895860 149
1895870 149
1895880 149
1895890 149
1895900 149
1895910 149
1895920 149
1895930 149
1895940 149
1895950 149
1895960 150
1895970 150
1895980 150
1895990 150
1896000 150
1896010 149
1896020 149
1896030 149
1896040 149
1896050 149
1896060 149
1896070 149
1896080 149
1896090 149
1896100 149
1896110 149
1896120 149
1896130 149
1896140 149
1896150 149
1896160 149
1896170 149
1896180 149
1896190 149
1896200 149
1896210 149
1896220 149
1896230 149
1896240 149
1896250 149
1896260 150
1896270 150
1896280 150
1896290 150
1896300 150
1896310 150
1896320 150
1896330 150
1896340 150
1896350 150
1896360 150
1896370 150
1896380 150
1896390 150
1896400 150
1896410 150
1896420 150
1896430 150
1896440 150
1896450 150
1896460 150
1896470 150
1896480 150
1896490 150
1896500 150
1896510 150
1896520 150
1896530 150
1896540 150
1896550 150
1896560 150
1896570 150
1896580 150
1896590 151
1896600 151
1896610 151
1896620 151
1896630 151
1896640 151
1896650 151
1896660 151
1896670 151
1896680 151
1896690 151
1896700 151
1896710 150
1896720 150
1896730 150
1896740 150
1896750 150
1896760 150
1896770 150
1896780 149
1896790 149
1896800 149
1896810 149
1896820 149
1896830 149
1896840 149
1896850 149
1896860 149
1896870 149
1896880 149
1896890 149
1896900 149
1896910 149
1896920 149
1896930 148
1896940 148
1896950 148
1896960 148
1896970 148
1896980 148
1896990 148
1897000 147
1897010 147
1897020 146
1897030 146
1897040 146
1897050 145
1897060 144
1897070 144
1897080 144
1897090 143
1897100 143
1897110 142
1897120 142
1897130 142
1897140 142
1897150 142
1897160 142
1897170 142
1897180 142
1897190 142
1897200 141
1897210 142
1897220 142
1897230 142
1897240 142
1897250 142
1897260 142
1897270 142
1897280 142
1897290 142
1897300 142
1897310 142
1897320 142
1897330 141
1897340 141
1897350 141
1897360 141
1897370 141
1897380 140
1897390 140
1897400 140
1897410 139
1897420 138
1897430 138
1897440 138
1897450 138
1897460 138
1897470 137
1897480 137
1897490 137
1897500 137
1897510 137
1897520 137
1897530 137
1897540 137
1897550 137
1897560 137
1897570 137
1897580 137
1897590 137
1897600 137
1897610 137
1897620 137
1897630 136
1897640 136
1897650 136
1897660 136
1897670 136
1897680 136
1897690 136
1897700 136
1897710 136
1897720 136
1897730 136
1897740 136
1897750 136
1897760 136
1897770 136
1897780 136
1897790 136
1897800 136
1897810 136
1897820 136
1897830 136
1897840 136
1897850 136
1897860 136
1897870 136
1897880 136
1897890 136
1897900 136
1897910 135
1897920 135
1897930 135
1897940 135
1897950 135
1897960 134
1897970 134
1897980 134
1897990 134
1898000 134
1898010 134
1898020 134
1898030 133
1898040 133
1898050 133
1898060 133
1898070 133
1898080 133
1898090 133
1898100 133
1898110 133
1898120 133
1898130 133
1898140 133
1898150 133
1898160 133
1898170 132
1898180 132
1898190 132
1898200 132
1898210 132
1898220 132
1898230 132
1898240 132
1898250 132
1898260 132
1898270 132
1898280 132
1898290 131
1898300 131
1898310 131
1898320 131
1898330 131
1898340 131
1898350 131
1898360 131
1898370 131
1898380 131
1898390 131
1898400 131
1898410 131
1898420 131
1898430 131
1898440 131
1898450 131
1898460 131
1898470 131
1898480 131
1898490 131
1898500 131
1898510 131
1898520 131
1898530 131
1898540 131
1898550 131
1898560 131
1898570 131
1898580 131
1898590 131
1898600 131
1898610 131
1898620 131
1898630 131
1898640 131
1898650 131
1898660 131
1898670 131
1898680 131
1898690 131
1898700 130
1898710 130
1898720 130
1898730 130
1898740 130
1898750 130
1898760 130
1898770 130
1898780 130
1898790 130
1898800 130
1898810 130
1898820 130
1898830 130
1898840 130
1898850 130
1898860 130
1898870 130
1898880 130
1898890 130
1898900 130
1898910 130
1898920 130
1898930 130
1898940 130
1898950 130
1898960 130
1898970 130
1898980 130
1898990 129
1899000 129
1899010 129
1899020 129
1899030 129
1899040 129
1899050 129
1899060 129
1899070 129
1899080 129
1899090 129
1899100 129
1899110 129
1899120 129
1899130 129
1899140 129
1899150 129
1899160 129
1899170 128
1899180 128
1899190 128
1899200 128
1899210 128
1899220 128
1899230 128
1899240 128
1899250 128
1899260 128
1899270 128
1899280 128
1899290 128
1899300 128
1899310 128
1899320 128
1899330 128
1899340 128
1899350 128
1899360 128
1899370 128
1899380 128
1899390 128
1899400 128
1899410 128
1899420 128
1899430 128
1899440 128
1899450 128
1899460 128
1899470 128
1899480 128
1899490 128
1899500 128
1899510 128
1899520 128
1899530 128
1899540 128
1899550 128
1899560 128
1899570 128
1899580 128
1899590 128
1899600 128
1899610 128
1899620 128
1899630 128
1899640 128
1899650 128
1899660 128
1899670 128
1899680 128
1899690 128
1899700 128
1899710 128
1899720 128
1899730 128
1899740 128
1899750 128
1899760 128
1899770 128
1899780 128
1899790 128
1899800 128
1899810 128
1899820 129
1899830 129
1899840 129
1899850 129
1899860 129
1899870 129
1899880 129
1899890 129
1899900 129
1899910 129
1899920 129
1899930 129
1899940 129
1899950 129
1899960 129
1899970 129
1899980 129
1899990 129
