1880000 121
1880010 121
1880020 121
1880030 121
1880040 122
1880050 122
1880060 122
1880070 122
1880080 122
1880090 122
1880100 123
1880110 123
1880120 123
1880130 123
1880140 123
1880150 123
1880160 123
1880170 123
1880180 123
1880190 123
1880200 123
1880210 123
1880220 123
1880230 123
1880240 123
1880250 123
1880260 123
1880270 123
1880280 123
1880290 123
1880300 123
1880310 123
1880320 123
1880330 123
1880340 123
1880350 123
1880360 123
1880370 123
1880380 123
1880390 123
1880400 123
1880410 124
1880420 124
1880430 124
1880440 123
1880450 123
1880460 123
1880470 123
1880480 123
1880490 123
1880500 123
1880510 123
1880520 123
1880530 124
1880540 124
1880550 124
1880560 124
1880570 124
1880580 124
1880590 124
1880600 124
1880610 124
1880620 123
1880630 123
1880640 123
1880650 123
1880660 123
1880670 123
1880680 122
1880690 122
1880700 122
1880710 122
1880720 122
1880730 122
1880740 122
1880750 122
1880760 122
1880770 122
1880780 122
1880790 122
1880800 122
1880810 122
1880820 122
1880830 122
1880840 122
1880850 122
1880860 122
1880870 122
1880880 122
1880890 122
1880900 122
1880910 122
1880920 122
1880930 122
1880940 122
1880950 122
1880960 122
1880970 122
1880980 122
1880990 122
1881000 122
1881010 122
1881020 122
1881030 122
1881040 122
1881050 122
1881060 122
1881070 122
1881080 122
1881090 122
1881100 122
1881110 122
1881120 122
1881130 122
1881140 122
1881150 122
1881160 122
1881170 122
1881180 122
1881190 122
1881200 122
1881210 122
1881220 122
1881230 122
1881240 122
1881250 122
1881260 122
1881270 122
1881280 122
1881290 122
1881300 122
1881310 122
1881320 122
1881330 122
1881340 122
1881350 122
1881360 122
1881370 122
1881380 122
1881390 122
1881400 122
1881410 122
1881420 122
1881430 122
1881440 122
1881450 122
1881460 122
1881470 122
1881480 122
1881490 122
1881500 122
1881510 122
1881520 122
1881530 122
1881540 122
1881550 122
1881560 122
1881570 122
1881580 121
1881590 121
1881600 121
1881610 121
1881620 121
1881630 121
1881640 121
1881650 121
1881660 121
1881670 121
1881680 121
1881690 121
1881700 122
1881710 122
1881720 122
1881730 122
1881740 121
1881750 121
1881760 121
1881770 121
1881780 121
1881790 121
1881800 121
1881810 121
1881820 121
1881830 121
1881840 121
1881850 121
1881860 121
1881870 121
1881880 121
1881890 121
1881900 121
1881910 121
1881920 121
1881930 121
1881940 121
1881950 121
1881960 121
1881970 121
1881980 121
1881990 121
1882000 121
1882010 121
1882020 121
1882030 121
1882040 121
1882050 121
1882060 121
1882070 121
1882080 121
1882090 121
1882100 121
1882110 121
1882120 121
1882130 121
1882140 121
1882150 121
1882160 121
1882170 121
1882180 121
1882190 121
1882200 121
1882210 121
1882220 122
1882230 121
1882240 121
1882250 121
1882260 121
1882270 121
1882280 121
1882290 121
1882300 121
1882310 121
1882320 121
1882330 121
1882340 121
1882350 121
1882360 121
1882370 121
1882380 121
1882390 121
1882400 121
1882410 121
1882420 121
1882430 121
1882440 121
1882450 121
1882460 122
1882470 122
1882480 122
1882490 122
1882500 122
1882510 122
1882520 122
1882530 122
1882540 122
1882550 122
1882560 122
1882570 122
1882580 121
1882590 121
1882600 121
1882610 121
1882620 121
1882630 121
1882640 122
1882650 122
1882660 122
1882670 121
1882680 122
1882690 122
1882700 122
1882710 122
1882720 122
1882730 122
1882740 122
1882750 122
1882760 122
1882770 122
1882780 122
1882790 122
1882800 122
1882810 122
1882820 122
1882830 122
1882840 121
1882850 121
1882860 121
1882870 121
1882880 121
1882890 122
1882900 122
1882910 122
1882920 122
1882930 122
1882940 122
1882950 121
1882960 121
1882970 121
1882980 121
1882990 122
1883000 122
1883010 122
1883020 122
1883030 122
1883040 122
1883050 122
1883060 122
1883070 121
1883080 122
1883090 122
1883100 122
1883110 122
1883120 122
1883130 122
1883140 122
1883150 122
1883160 122
1883170 121
1883180 121
1883190 121
1883200 122
1883210 122
1883220 122
1883230 122
1883240 122
1883250 122
1883260 122
1883270 122
1883280 122
1883290 122
1883300 122
1883310 122
1883320 122
1883330 122
1883340 122
1883350 122
1883360 122
1883370 122
1883380 122
1883390 122
1883400 122
1883410 122
1883420 122
1883430 122
1883440 122
1883450 122
1883460 122
1883470 122
1883480 122
1883490 122
1883500 122
1883510 123
1883520 123
1883530 123
1883540 122
1883550 122
1883560 122
1883570 122
1883580 122
1883590 122
1883600 122
1883610 122
1883620 123
1883630 123
1883640 123
1883650 123
1883660 123
1883670 123
1883680 123
1883690 123
1883700 123
1883710 123
1883720 123
1883730 123
1883740 123
1883750 123
1883760 123
1883770 123
1883780 123
1883790 123
1883800 123
1883810 123
1883820 123
1883830 123
1883840 123
1883850 123
1883860 123
1883870 123
1883880 123
1883890 124
1883900 123
1883910 123
1883920 123
1883930 123
1883940 123
1883950 123
1883960 123
1883970 123
1883980 123
1883990 123
1884000 123
1884010 123
1884020 123
1884030 123
1884040 123
1884050 123
1884060 123
1884070 123
1884080 123
1884090 123
1884100 123
1884110 123
1884120 123
1884130 123
1884140 123
1884150 123
1884160 123
1884170 123
1884180 123
1884190 123
1884200 123
1884210 123
1884220 123
1884230 123
1884240 123
1884250 123
1884260 123
1884270 123
1884280 123
1884290 123
1884300 123
1884310 123
1884320 123
1884330 123
1884340 123
1884350 123
1884360 123
1884370 123
1884380 123
1884390 123
1884400 123
1884410 123
1884420 123
1884430 123
1884440 123
1884450 123
1884460 123
1884470 123
1884480 123
1884490 123
1884500 123
1884510 123
1884520 123
1884530 123
1884540 123
1884550 123
1884560 123
1884570 123
1884580 123
1884590 123
1884600 123
1884610 123
1884620 123
1884630 123
1884640 123
1884650 123
1884660 123
1884670 123
1884680 123
1884690 123
1884700 123
1884710 123
1884720 123
1884730 123
1884740 123
1884750 123
1884760 123
1884770 123
1884780 123
1884790 123
1884800 123
1884810 123
1884820 123
1884830 123
1884840 123
1884850 123
1884860 123
1884870 123
1884880 123
1884890 123
1884900 123
1884910 123
1884920 123
1884930 123
1884940 123
1884950 123
1884960 123
1884970 123
1884980 123
1884990 123
1885000 123
1885010 123
1885020 123
1885030 123
1885040 123
1885050 123
1885060 123
1885070 123
1885080 123
1885090 123
1885100 123
1885110 123
1885120 123
1885130 123
1885140 123
1885150 124
1885160 124
1885170 124
1885180 124
1885190 124
1885200 124
1885210 124
1885220 124
1885230 124
1885240 125
1885250 125
1885260 125
1885270 125
1885280 125
1885290 125
1885300 125
1885310 125
1885320 126
1885330 126
1885340 126
1885350 126
1885360 125
1885370 125
1885380 125
1885390 125
1885400 125
1885410 125
1885420 126
1885430 126
1885440 126
1885450 126
1885460 126
1885470 126
1885480 126
1885490 126
1885500 126
1885510 126
1885520 126
1885530 126
1885540 126
1885550 126
1885560 126
1885570 126
1885580 126
1885590 127
1885600 126
1885610 126
1885620 126
1885630 126
1885640 126
1885650 126
1885660 126
1885670 126
1885680 126
1885690 127
1885700 127
1885710 128
1885720 128
1885730 128
1885740 128
1885750 128
1885760 128
1885770 128
1885780 127
1885790 127
1885800 127
1885810 127
1885820 127
1885830 127
1885840 127
1885850 127
1885860 127
1885870 127
1885880 127
1885890 127
1885900 127
1885910 127
1885920 127
1885930 127
1885940 127
1885950 127
1885960 127
1885970 127
1885980 127
1885990 127
1886000 127
1886010 127
1886020 127
1886030 127
1886040 127
1886050 127
1886060 127
1886070 127
1886080 127
1886090 128
1886100 128
1886110 128
1886120 128
1886130 128
1886140 128
1886150 128
1886160 128
1886170 128
1886180 128
1886190 128
1886200 128
1886210 128
1886220 128
1886230 128
1886240 128
1886250 128
1886260 128
1886270 128
1886280 128
1886290 128
1886300 129
1886310 129
1886320 129
1886330 129
1886340 129
1886350 129
1886360 129
1886370 129
1886380 129
1886390 129
1886400 129
1886410 129
1886420 130
1886430 130
1886440 130
1886450 130
1886460 130
1886470 129
1886480 129
1886490 129
1886500 129
1886510 129
1886520 129
1886530 129
1886540 129
1886550 129
1886560 129
1886570 130
1886580 130
1886590 130
1886600 130
1886610 130
1886620 130
1886630 130
1886640 131
1886650 131
1886660 131
1886670 131
1886680 131
1886690 131
1886700 132
1886710 132
1886720 132
1886730 132
1886740 132
1886750 132
1886760 132
1886770 132
1886780 133
1886790 133
1886800 133
1886810 133
1886820 133
1886830 133
1886840 134
1886850 134
1886860 134
1886870 134
1886880 134
1886890 134
1886900 135
1886910 135
1886920 135
1886930 135
1886940 136
1886950 136
1886960 136
1886970 136
1886980 136
1886990 137
1887000 137
1887010 137
1887020 138
1887030 138
1887040 138
1887050 139
1887060 139
1887070 139
1887080 140
1887090 142
1887100 142
1887110 142
1887120 143
1887130 143
1887140 143
1887150 144
1887160 144
1887170 145
1887180 145
1887190 145
1887200 146
1887210 147
1887220 147
1887230 147
1887240 148
1887250 148
1887260 148
1887270 149
1887280 149
1887290 150
1887300 150
1887310 150
1887320 150
1887330 150
1887340 151
1887350 151
1887360 151
1887370 151
1887380 151
1887390 151
1887400 151
1887410 151
1887420 151
1887430 151
1887440 151
1887450 151
1887460 151
1887470 151
1887480 151
1887490 151
1887500 151
1887510 151
1887520 151
1887530 151
1887540 151
1887550 151
1887560 151
1887570 151
1887580 151
1887590 151
1887600 151
1887610 152
1887620 152
1887630 151
1887640 151
1887650 151
1887660 151
1887670 151
1887680 151
1887690 151
1887700 151
1887710 151
1887720 151
1887730 151
1887740 151
1887750 151
1887760 151
1887770 151
1887780 151
1887790 151
1887800 151
1887810 151
1887820 151
1887830 151
1887840 151
1887850 151
1887860 151
1887870 151
1887880 151
1887890 151
1887900 151
1887910 151
1887920 151
1887930 151
1887940 151
1887950 151
1887960 151
1887970 151
1887980 151
1887990 151
1888000 151
1888010 151
1888020 151
1888030 150
1888040 150
1888050 150
1888060 150
1888070 150
1888080 150
1888090 150
1888100 150
1888110 150
1888120 150
1888130 150
1888140 150
1888150 150
1888160 150
1888170 150
1888180 150
1888190 150
1888200 150
1888210 150
1888220 150
1888230 150
1888240 150
1888250 150
1888260 150
1888270 149
1888280 149
1888290 149
1888300 150
1888310 150
1888320 150
1888330 150
1888340 149
1888350 149
1888360 149
1888370 149
1888380 149
1888390 149
1888400 149
1888410 149
1888420 149
1888430 149
1888440 149
1888450 148
1888460 148
1888470 148
1888480 148
1888490 147
1888500 147
1888510 147
1888520 147
1888530 147
1888540 147
1888550 146
1888560 146
1888570 146
1888580 146
1888590 146
1888600 146
1888610 146
1888620 146
1888630 146
1888640 146
1888650 146
1888660 147
1888670 147
1888680 147
1888690 147
1888700 147
1888710 147
1888720 147
1888730 147
1888740 147
1888750 147
1888760 148
1888770 148
1888780 148
1888790 148
1888800 148
1888810 147
1888820 147
1888830 147
1888840 147
1888850 147
1888860 147
1888870 147
1888880 147
1888890 147
1888900 147
1888910 147
1888920 147
1888930 147
1888940 147
1888950 147
1888960 147
1888970 147
1888980 147
1888990 147
1889000 147
1889010 147
1889020 147
1889030 147
1889040 147
1889050 147
1889060 147
1889070 147
1889080 147
1889090 147
1889100 147
1889110 147
1889120 148
1889130 148
1889140 148
1889150 149
1889160 149
1889170 149
1889180 149
1889190 150
1889200 150
1889210 150
1889220 150
1889230 150
1889240 150
1889250 150
1889260 150
1889270 150
1889280 151
1889290 151
1889300 151
1889310 151
1889320 151
1889330 151
1889340 151
1889350 151
1889360 151
1889370 151
1889380 151
1889390 151
1889400 151
1889410 151
1889420 151
1889430 151
1889440 151
1889450 151
1889460 151
1889470 151
1889480 151
1889490 151
1889500 151
1889510 151
1889520 151
1889530 151
1889540 151
1889550 151
1889560 151
1889570 151
1889580 151
1889590 151
1889600 151
1889610 151
1889620 151
1889630 151
1889640 151
1889650 151
1889660 151
1889670 151
1889680 151
1889690 151
1889700 151
1889710 151
1889720 151
1889730 151
1889740 151
1889750 151
1889760 151
1889770 151
1889780 151
1889790 151
1889800 151
1889810 151
1889820 151
1889830 151
1889840 151
1889850 151
1889860 151
1889870 151
1889880 151
1889890 151
1889900 151
1889910 151
1889920 151
1889930 151
1889940 151
1889950 151
1889960 151
1889970 151
1889980 151
1889990 151
1890000 151
1890010 151
1890020 151
1890030 151
1890040 151
1890050 151
1890060 151
1890070 151
1890080 151
1890090 151
1890100 151
1890110 151
1890120 151
1890130 151
1890140 151
1890150 151
1890160 151
1890170 151
1890180 150
1890190 150
1890200 150
1890210 150
1890220 150
1890230 150
1890240 150
1890250 150
1890260 150
1890270 150
1890280 150
1890290 150
1890300 149
1890310 149
1890320 149
1890330 149
1890340 149
1890350 149
1890360 149
1890370 149
1890380 149
1890390 148
1890400 148
1890410 148
1890420 148
1890430 148
1890440 148
1890450 148
1890460 148
1890470 148
1890480 148
1890490 148
1890500 148
1890510 148
1890520 148
1890530 148
1890540 148
1890550 148
1890560 148
1890570 148
1890580 148
1890590 148
1890600 148
1890610 148
1890620 148
1890630 148
1890640 148
1890650 148
1890660 148
1890670 148
1890680 148
1890690 148
1890700 148
1890710 148
1890720 148
1890730 148
1890740 148
1890750 148
1890760 148
1890770 148
1890780 148
1890790 148
1890800 148
1890810 148
1890820 148
1890830 148
1890840 148
1890850 148
1890860 148
1890870 148
1890880 148
1890890 148
1890900 148
1890910 148
1890920 148
1890930 148
1890940 148
1890950 148
1890960 148
1890970 148
1890980 148
1890990 148
1891000 148
1891010 148
1891020 148
1891030 148
1891040 148
1891050 148
1891060 148
1891070 148
1891080 148
1891090 148
1891100 148
1891110 148
1891120 148
1891130 148
1891140 148
1891150 148
1891160 148
1891170 148
1891180 148
1891190 148
1891200 148
1891210 148
1891220 148
1891230 148
1891240 148
1891250 148
1891260 148
1891270 148
1891280 148
1891290 148
1891300 148
1891310 148
1891320 147
1891330 147
1891340 147
1891350 147
1891360 147
1891370 146
1891380 146
1891390 146
1891400 145
1891410 145
1891420 145
1891430 145
1891440 144
1891450 144
1891460 144
1891470 143
1891480 143
1891490 143
1891500 142
1891510 142
1891520 142
1891530 141
1891540 141
1891550 140
1891560 139
1891570 139
1891580 139
1891590 138
1891600 138
1891610 138
1891620 139
1891630 139
1891640 138
1891650 137
1891660 137
1891670 136
1891680 135
1891690 135
1891700 135
1891710 134
1891720 134
1891730 134
1891740 134
1891750 134
1891760 134
1891770 134
1891780 134
1891790 135
1891800 135
1891810 135
1891820 136
1891830 136
1891840 136
1891850 136
1891860 136
1891870 136
1891880 137
1891890 137
1891900 137
1891910 138
1891920 138
1891930 138
1891940 139
1891950 140
1891960 140
1891970 140
1891980 141
1891990 141
1892000 141
1892010 141
1892020 141
1892030 141
1892040 142
1892050 142
1892060 142
1892070 142
1892080 142
1892090 142
1892100 143
1892110 143
1892120 143
1892130 143
1892140 143
1892150 143
1892160 144
1892170 144
1892180 144
1892190 144
1892200 144
1892210 144
1892220 144
1892230 144
1892240 144
1892250 144
1892260 144
1892270 144
1892280 144
1892290 144
1892300 144
1892310 145
1892320 145
1892330 145
1892340 145
1892350 145
1892360 145
1892370 145
1892380 145
1892390 145
1892400 146
1892410 146
1892420 146
1892430 146
1892440 147
1892450 147
1892460 147
1892470 147
1892480 147
1892490 147
1892500 147
1892510 147
1892520 147
1892530 147
1892540 147
1892550 147
1892560 147
1892570 147
1892580 147
1892590 147
1892600 147
1892610 147
1892620 147
1892630 147
1892640 147
1892650 146
1892660 146
1892670 146
1892680 146
1892690 146
1892700 145
1892710 145
1892720 145
1892730 145
1892740 144
1892750 144
1892760 144
1892770 144
1892780 144
1892790 144
1892800 143
1892810 143
1892820 143
1892830 143
1892840 143
1892850 142
1892860 142
1892870 141
1892880 141
1892890 141
1892900 140
1892910 140
1892920 140
1892930 139
1892940 139
1892950 139
1892960 138
1892970 138
1892980 138
1892990 137
1893000 137
1893010 137
1893020 136
1893030 136
1893040 136
1893050 135
1893060 135
1893070 135
1893080 134
1893090 134
1893100 134
1893110 134
1893120 134
1893130 133
1893140 133
1893150 133
1893160 133
1893170 132
1893180 132
1893190 132
1893200 132
1893210 132
1893220 131
1893230 131
1893240 131
1893250 131
1893260 131
1893270 131
1893280 131
1893290 131
1893300 131
1893310 131
1893320 131
1893330 131
1893340 132
1893350 132
1893360 132
1893370 133
1893380 137
1893390 137
1893400 141
1893410 141
1893420 141
1893430 141
1893440 142
1893450 142
1893460 142
1893470 143
1893480 143
1893490 143
1893500 143
1893510 143
1893520 143
1893530 143
1893540 143
1893550 143
1893560 144
1893570 144
1893580 144
1893590 144
1893600 144
1893610 145
1893620 145
1893630 145
1893640 145
1893650 145
1893660 145
1893670 145
1893680 146
1893690 146
1893700 146
1893710 146
1893720 146
1893730 146
1893740 146
1893750 146
1893760 146
1893770 146
1893780 146
1893790 146
1893800 146
1893810 146
1893820 146
1893830 146
1893840 146
1893850 146
1893860 146
1893870 146
1893880 146
1893890 146
1893900 145
1893910 145
1893920 145
1893930 145
1893940 145
1893950 145
1893960 145
1893970 145
1893980 145
1893990 145
1894000 145
1894010 145
1894020 145
1894030 145
1894040 145
1894050 145
1894060 145
1894070 145
1894080 145
1894090 145
1894100 145
1894110 144
1894120 144
1894130 144
1894140 144
1894150 144
1894160 144
1894170 144
1894180 144
1894190 144
1894200 144
1894210 144
1894220 144
1894230 145
1894240 145
1894250 145
1894260 145
1894270 145
1894280 145
1894290 145
1894300 145
1894310 145
1894320 145
1894330 145
1894340 144
1894350 144
1894360 144
1894370 144
1894380 144
1894390 144
1894400 144
1894410 144
1894420 144
1894430 143
1894440 143
1894450 143
1894460 143
1894470 143
1894480 142
1894490 142
1894500 142
1894510 142
1894520 142
1894530 142
1894540 142
1894550 142
1894560 141
1894570 141
1894580 141
1894590 141
1894600 141
1894610 141
1894620 142
1894630 143
1894640 143
1894650 144
1894660 145
1894670 145
1894680 145
1894690 146
1894700 146
1894710 148
1894720 148
1894730 148
1894740 149
1894750 149
1894760 149
1894770 149
1894780 148
1894790 148
1894800 148
1894810 148
1894820 148
1894830 149
1894840 148
1894850 148
1894860 148
1894870 148
1894880 148
1894890 148
1894900 148
1894910 148
1894920 148
1894930 148
1894940 148
1894950 148
1894960 148
1894970 148
1894980 148
1894990 148
1895000 148
1895010 148
1895020 148
1895030 148
1895040 148
1895050 148
1895060 148
1895070 148
1895080 148
1895090 148
1895100 148
1895110 148
1895120 148
1895130 148
1895140 148
1895150 148
1895160 148
1895170 148
1895180 148
1895190 148
1895200 148
1895210 148
1895220 148
1895230 148
1895240 148
1895250 148
1895260 148
1895270 148
1895280 148
1895290 148
1895300 148
1895310 148
1895320 148
1895330 148
1895340 148
1895350 148
1895360 148
1895370 148
1895380 148
1895390 148
1895400 148
1895410 148
1895420 148
1895430 148
1895440 148
1895450 148
1895460 148
1895470 148
1895480 148
1895490 148
1895500 148
1895510 148
1895520 148
1895530 148
1895540 148
1895550 148
1895560 148
1895570 148
1895580 148
1895590 148
1895600 148
1895610 148
1895620 148
1895630 149
1895640 149
1895650 149
1895660 149
1895670 149
1895680 149
1895690 149
1895700 149
1895710 149
1895720 149
1895730 149
1895740 149
1895750 149
1895760 149
1895770 149
1895780 149
1895790 149
1895800 149
1895810 149
1895820 149
1895830 149
1895840 149
1895850 149
1895860 149
1895870 149
1895880 149
1895890 149
1895900 149
1895910 149
1895920 149
1895930 149
1895940 149
1895950 149
1895960 149
1895970 149
1895980 149
1895990 149
1896000 149
1896010 149
1896020 149
1896030 149
1896040 149
1896050 149
1896060 149
1896070 149
1896080 149
1896090 149
1896100 149
1896110 149
1896120 149
1896130 149
1896140 149
1896150 149
1896160 149
1896170 149
1896180 149
1896190 149
1896200 149
1896210 149
1896220 149
1896230 149
1896240 148
1896250 148
1896260 148
1896270 148
1896280 148
1896290 148
1896300 148
1896310 148
1896320 148
1896330 148
1896340 148
1896350 148
1896360 147
1896370 147
1896380 147
1896390 147
1896400 147
1896410 146
1896420 146
1896430 146
1896440 145
1896450 144
1896460 144
1896470 144
1896480 143
1896490 143
1896500 144
1896510 144
1896520 144
1896530 145
1896540 145
1896550 145
1896560 145
1896570 145
1896580 145
1896590 146
1896600 146
1896610 146
1896620 146
1896630 145
1896640 145
1896650 145
1896660 145
1896670 145
1896680 145
1896690 145
1896700 145
1896710 145
1896720 145
1896730 145
1896740 145
1896750 145
1896760 145
1896770 145
1896780 145
1896790 145
1896800 145
1896810 144
1896820 144
1896830 144
1896840 144
1896850 144
1896860 144
1896870 144
1896880 144
1896890 144
1896900 144
1896910 143
1896920 143
1896930 143
1896940 143
1896950 143
1896960 143
1896970 142
1896980 142
1896990 142
1897000 142
1897010 142
1897020 142
1897030 141
1897040 141
1897050 141
1897060 141
1897070 141
1897080 140
1897090 140
1897100 140
1897110 140
1897120 139
1897130 139
1897140 139
1897150 139
1897160 139
1897170 138
1897180 138
1897190 138
1897200 138
1897210 138
1897220 138
1897230 137
1897240 137
1897250 137
1897260 136
1897270 136
1897280 136
1897290 136
1897300 136
1897310 136
1897320 136
1897330 135
1897340 135
1897350 135
1897360 134
1897370 134
1897380 134
1897390 134
1897400 134
1897410 134
1897420 134
1897430 134
1897440 134
1897450 133
1897460 133
1897470 133
1897480 133
1897490 133
1897500 133
1897510 133
1897520 133
1897530 133
1897540 133
1897550 133
1897560 133
1897570 133
1897580 133
1897590 133
1897600 133
1897610 132
1897620 132
1897630 132
1897640 132
1897650 132
1897660 132
1897670 132
1897680 132
1897690 132
1897700 132
1897710 132
1897720 132
1897730 132
1897740 132
1897750 132
1897760 131
1897770 131
1897780 131
1897790 131
1897800 131
1897810 131
1897820 131
1897830 131
1897840 131
1897850 131
1897860 131
1897870 131
1897880 130
1897890 130
1897900 130
1897910 130
1897920 130
1897930 130
1897940 130
1897950 130
1897960 130
1897970 130
1897980 130
1897990 130
1898000 130
1898010 130
1898020 130
1898030 130
1898040 130
1898050 130
1898060 130
1898070 130
1898080 129
1898090 129
1898100 129
1898110 129
1898120 129
1898130 129
1898140 129
1898150 129
1898160 129
1898170 129
1898180 129
1898190 129
1898200 129
1898210 129
1898220 129
1898230 129
1898240 129
1898250 129
1898260 129
1898270 129
1898280 129
1898290 129
1898300 129
1898310 129
1898320 129
1898330 129
1898340 129
1898350 129
1898360 129
1898370 129
1898380 129
1898390 129
1898400 129
1898410 129
1898420 129
1898430 129
1898440 129
1898450 129
1898460 129
1898470 129
1898480 129
1898490 129
1898500 129
1898510 129
1898520 129
1898530 129
1898540 129
1898550 129
1898560 129
1898570 129
1898580 129
1898590 129
1898600 129
1898610 129
1898620 129
1898630 129
1898640 129
1898650 129
1898660 129
1898670 129
1898680 129
1898690 129
1898700 129
1898710 129
1898720 129
1898730 129
1898740 129
1898750 129
1898760 129
1898770 129
1898780 129
1898790 129
1898800 129
1898810 129
1898820 129
1898830 129
1898840 129
1898850 129
1898860 129
1898870 129
1898880 129
1898890 129
1898900 129
1898910 129
1898920 129
1898930 129
1898940 128
1898950 128
1898960 129
1898970 128
1898980 128
1898990 128
1899000 128
1899010 128
1899020 128
1899030 128
1899040 128
1899050 128
1899060 128
1899070 128
1899080 128
1899090 129
1899100 129
1899110 129
1899120 129
1899130 129
1899140 128
1899150 128
1899160 128
1899170 128
1899180 128
1899190 128
1899200 128
1899210 128
1899220 128
1899230 128
1899240 128
1899250 128
1899260 128
1899270 128
1899280 127
1899290 127
1899300 127
1899310 127
1899320 127
1899330 127
1899340 127
1899350 127
1899360 127
1899370 127
1899380 127
1899390 127
1899400 127
1899410 127
1899420 127
1899430 127
1899440 127
1899450 127
1899460 127
1899470 127
1899480 127
1899490 127
1899500 127
1899510 127
1899520 127
1899530 127
1899540 128
1899550 128
1899560 128
1899570 128
1899580 128
1899590 128
1899600 128
1899610 128
1899620 128
1899630 127
1899640 127
1899650 127
1899660 127
1899670 127
1899680 127
1899690 127
1899700 127
1899710 127
1899720 127
1899730 127
1899740 127
1899750 127
1899760 127
1899770 127
1899780 127
1899790 127
1899800 127
1899810 126
1899820 126
1899830 126
1899840 126
1899850 126
1899860 126
1899870 126
1899880 127
1899890 127
1899900 127
1899910 127
1899920 127
1899930 127
1899940 127
1899950 127
1899960 127
1899970 127
1899980 127
1899990 127
