1880000 121
1880010 121
1880020 121
1880030 121
1880040 121
1880050 121
1880060 122
1880070 122
1880080 122
1880090 122
1880100 122
1880110 122
1880120 123
1880130 123
1880140 123
1880150 123
1880160 123
1880170 123
1880180 123
1880190 123
1880200 123
1880210 123
1880220 123
1880230 123
1880240 123
1880250 123
1880260 123
1880270 123
1880280 123
1880290 123
1880300 123
1880310 123
1880320 123
1880330 123
1880340 123
1880350 123
1880360 123
1880370 123
1880380 123
1880390 123
1880400 123
1880410 123
1880420 123
1880430 123
1880440 123
1880450 123
1880460 123
1880470 123
1880480 123
1880490 123
1880500 123
1880510 123
1880520 124
1880530 124
1880540 124
1880550 124
1880560 124
1880570 124
1880580 124
1880590 124
1880600 124
1880610 124
1880620 124
1880630 124
1880640 124
1880650 124
1880660 124
1880670 124
1880680 124
1880690 124
1880700 124
1880710 124
1880720 124
1880730 124
1880740 124
1880750 123
1880760 123
1880770 123
1880780 123
1880790 124
1880800 124
1880810 124
1880820 124
1880830 124
1880840 124
1880850 124
1880860 123
1880870 123
1880880 123
1880890 123
1880900 123
1880910 123
1880920 123
1880930 123
1880940 123
1880950 123
1880960 123
1880970 123
1880980 123
1880990 123
1881000 123
1881010 123
1881020 123
1881030 123
1881040 123
1881050 123
1881060 123
1881070 123
1881080 123
1881090 123
1881100 122
1881110 122
1881120 122
1881130 122
1881140 122
1881150 122
1881160 122
1881170 122
1881180 122
1881190 122
1881200 122
1881210 122
1881220 122
1881230 122
1881240 122
1881250 122
1881260 122
1881270 122
1881280 122
1881290 122
1881300 122
1881310 122
1881320 122
1881330 122
1881340 122
1881350 122
1881360 122
1881370 122
1881380 122
1881390 122
1881400 122
1881410 122
1881420 122
1881430 122
1881440 122
1881450 122
1881460 122
1881470 122
1881480 122
1881490 122
1881500 122
1881510 122
1881520 122
1881530 122
1881540 122
1881550 122
1881560 122
1881570 121
1881580 121
1881590 121
1881600 121
1881610 121
1881620 121
1881630 121
1881640 121
1881650 121
1881660 121
1881670 121
1881680 122
1881690 122
1881700 121
1881710 121
1881720 121
1881730 121
1881740 121
1881750 121
1881760 121
1881770 121
1881780 121
1881790 121
1881800 121
1881810 121
1881820 121
1881830 121
1881840 121
1881850 121
1881860 121
1881870 121
1881880 121
1881890 121
1881900 121
1881910 121
1881920 121
1881930 121
1881940 121
1881950 121
1881960 121
1881970 121
1881980 121
1881990 121
1882000 121
1882010 121
1882020 121
1882030 121
1882040 121
1882050 121
1882060 121
1882070 121
1882080 121
1882090 121
1882100 121
1882110 121
1882120 121
1882130 121
1882140 121
1882150 121
1882160 121
1882170 121
1882180 121
1882190 121
1882200 121
1882210 121
1882220 121
1882230 121
1882240 121
1882250 121
1882260 121
1882270 121
1882280 121
1882290 121
1882300 121
1882310 121
1882320 121
1882330 121
1882340 121
1882350 121
1882360 121
1882370 121
1882380 121
1882390 121
1882400 121
1882410 121
1882420 120
1882430 121
1882440 121
1882450 121
1882460 121
1882470 121
1882480 121
1882490 121
1882500 121
1882510 121
1882520 121
1882530 121
1882540 121
1882550 121
1882560 121
1882570 121
1882580 121
1882590 121
1882600 121
1882610 121
1882620 121
1882630 121
1882640 121
1882650 121
1882660 121
1882670 121
1882680 121
1882690 121
1882700 121
1882710 121
1882720 121
1882730 121
1882740 121
1882750 121
1882760 121
1882770 121
1882780 121
1882790 121
1882800 121
1882810 121
1882820 121
1882830 121
1882840 121
1882850 121
1882860 121
1882870 121
1882880 121
1882890 121
1882900 121
1882910 121
1882920 121
1882930 121
1882940 121
1882950 121
1882960 121
1882970 121
1882980 121
1882990 121
1883000 121
1883010 121
1883020 121
1883030 121
1883040 121
1883050 121
1883060 121
1883070 121
1883080 121
1883090 121
1883100 121
1883110 121
1883120 121
1883130 121
1883140 121
1883150 121
1883160 121
1883170 121
1883180 121
1883190 121
1883200 121
1883210 121
1883220 122
1883230 122
1883240 122
1883250 122
1883260 122
1883270 122
1883280 121
1883290 122
1883300 122
1883310 122
1883320 122
1883330 122
1883340 122
1883350 122
1883360 122
1883370 122
1883380 122
1883390 122
1883400 122
1883410 122
1883420 122
1883430 122
1883440 122
1883450 122
1883460 121
1883470 122
1883480 122
1883490 123
1883500 122
1883510 122
1883520 122
1883530 122
1883540 122
1883550 122
1883560 122
1883570 122
1883580 122
1883590 122
1883600 122
1883610 122
1883620 122
1883630 122
1883640 122
1883650 122
1883660 122
1883670 122
1883680 122
1883690 122
1883700 123
1883710 123
1883720 123
1883730 122
1883740 122
1883750 122
1883760 122
1883770 122
1883780 122
1883790 122
1883800 123
1883810 123
1883820 123
1883830 123
1883840 123
1883850 123
1883860 123
1883870 123
1883880 123
1883890 123
1883900 123
1883910 123
1883920 123
1883930 123
1883940 123
1883950 123
1883960 123
1883970 123
1883980 123
1883990 123
1884000 123
1884010 123
1884020 123
1884030 123
1884040 123
1884050 123
1884060 123
1884070 123
1884080 123
1884090 123
1884100 123
1884110 123
1884120 123
1884130 123
1884140 123
1884150 123
1884160 123
1884170 123
1884180 123
1884190 123
1884200 123
1884210 123
1884220 123
1884230 123
1884240 123
1884250 123
1884260 123
1884270 123
1884280 123
1884290 123
1884300 123
1884310 123
1884320 123
1884330 123
1884340 123
1884350 123
1884360 123
1884370 123
1884380 123
1884390 123
1884400 123
1884410 123
1884420 123
1884430 123
1884440 123
1884450 123
1884460 123
1884470 123
1884480 123
1884490 123
1884500 123
1884510 123
1884520 123
1884530 123
1884540 123
1884550 123
1884560 123
1884570 123
1884580 123
1884590 123
1884600 123
1884610 123
1884620 123
1884630 123
1884640 123
1884650 123
1884660 123
1884670 123
1884680 123
1884690 123
1884700 123
1884710 123
1884720 123
1884730 123
1884740 123
1884750 123
1884760 123
1884770 124
1884780 124
1884790 124
1884800 124
1884810 124
1884820 124
1884830 124
1884840 124
1884850 124
1884860 124
1884870 124
1884880 124
1884890 124
1884900 123
1884910 123
1884920 124
1884930 124
1884940 124
1884950 123
1884960 123
1884970 123
1884980 123
1884990 123
1885000 123
1885010 124
1885020 124
1885030 124
1885040 124
1885050 124
1885060 124
1885070 124
1885080 124
1885090 124
1885100 124
1885110 124
1885120 124
1885130 125
1885140 125
1885150 125
1885160 125
1885170 125
1885180 125
1885190 125
1885200 125
1885210 125
1885220 125
1885230 125
1885240 125
1885250 125
1885260 125
1885270 125
1885280 124
1885290 124
1885300 124
1885310 124
1885320 124
1885330 124
1885340 124
1885350 124
1885360 124
1885370 125
1885380 124
1885390 124
1885400 124
1885410 124
1885420 124
1885430 124
1885440 124
1885450 124
1885460 124
1885470 124
1885480 124
1885490 124
1885500 124
1885510 124
1885520 125
1885530 125
1885540 125
1885550 125
1885560 125
1885570 125
1885580 125
1885590 125
1885600 125
1885610 125
1885620 125
1885630 125
1885640 125
1885650 125
1885660 125
1885670 125
1885680 125
1885690 125
1885700 125
1885710 125
1885720 126
1885730 126
1885740 126
1885750 127
1885760 127
1885770 127
1885780 126
1885790 126
1885800 127
1885810 127
1885820 127
1885830 127
1885840 127
1885850 127
1885860 127
1885870 128
1885880 128
1885890 128
1885900 128
1885910 128
1885920 128
1885930 128
1885940 128
1885950 128
1885960 128
1885970 128
1885980 128
1885990 128
1886000 128
1886010 127
1886020 127
1886030 127
1886040 128
1886050 128
1886060 128
1886070 128
1886080 128
1886090 128
1886100 128
1886110 128
1886120 128
1886130 128
1886140 128
1886150 128
1886160 128
1886170 128
1886180 128
1886190 128
1886200 129
1886210 129
1886220 129
1886230 129
1886240 129
1886250 129
1886260 129
1886270 129
1886280 129
1886290 129
1886300 129
1886310 130
1886320 130
1886330 130
1886340 130
1886350 130
1886360 130
1886370 130
1886380 130
1886390 131
1886400 131
1886410 131
1886420 131
1886430 131
1886440 132
1886450 132
1886460 132
1886470 132
1886480 132
1886490 132
1886500 132
1886510 132
1886520 132
1886530 133
1886540 133
1886550 133
1886560 133
1886570 133
1886580 133
1886590 133
1886600 134
1886610 134
1886620 134
1886630 135
1886640 135
1886650 135
1886660 136
1886670 136
1886680 137
1886690 138
1886700 138
1886710 139
1886720 140
1886730 140
1886740 141
1886750 144
1886760 144
1886770 146
1886780 147
1886790 147
1886800 147
1886810 148
1886820 148
1886830 148
1886840 149
1886850 149
1886860 150
1886870 150
1886880 150
1886890 151
1886900 151
1886910 151
1886920 152
1886930 151
1886940 151
1886950 151
1886960 152
1886970 152
1886980 152
1886990 152
1887000 152
1887010 152
1887020 152
1887030 152
1887040 152
1887050 152
1887060 152
1887070 152
1887080 152
1887090 152
1887100 153
1887110 153
1887120 153
1887130 153
1887140 153
1887150 153
1887160 153
1887170 153
1887180 153
1887190 153
1887200 153
1887210 153
1887220 153
1887230 153
1887240 153
1887250 153
1887260 153
1887270 153
1887280 153
1887290 153
1887300 153
1887310 153
1887320 153
1887330 153
1887340 153
1887350 153
1887360 153
1887370 153
1887380 153
1887390 153
1887400 153
1887410 153
1887420 153
1887430 153
1887440 153
1887450 153
1887460 153
1887470 152
1887480 152
1887490 152
1887500 152
1887510 152
1887520 152
1887530 152
1887540 152
1887550 152
1887560 152
1887570 152
1887580 152
1887590 152
1887600 152
1887610 152
1887620 152
1887630 152
1887640 152
1887650 152
1887660 152
1887670 152
1887680 152
1887690 152
1887700 152
1887710 152
1887720 152
1887730 152
1887740 152
1887750 152
1887760 152
1887770 152
1887780 152
1887790 152
1887800 153
1887810 153
1887820 153
1887830 152
1887840 152
1887850 152
1887860 152
1887870 152
1887880 152
1887890 152
1887900 152
1887910 152
1887920 152
1887930 152
1887940 152
1887950 152
1887960 152
1887970 152
1887980 152
1887990 152
1888000 151
1888010 151
1888020 151
1888030 151
1888040 151
1888050 151
1888060 150
1888070 150
1888080 150
1888090 150
1888100 150
1888110 150
1888120 149
1888130 149
1888140 149
1888150 149
1888160 149
1888170 149
1888180 149
1888190 149
1888200 149
1888210 149
1888220 149
1888230 149
1888240 149
1888250 149
1888260 149
1888270 149
1888280 149
1888290 149
1888300 149
1888310 149
1888320 149
1888330 150
1888340 150
1888350 150
1888360 150
1888370 150
1888380 150
1888390 150
1888400 150
1888410 150
1888420 151
1888430 151
1888440 151
1888450 151
1888460 151
1888470 151
1888480 151
1888490 151
1888500 151
1888510 151
1888520 151
1888530 151
1888540 151
1888550 151
1888560 151
1888570 151
1888580 151
1888590 151
1888600 151
1888610 151
1888620 151
1888630 151
1888640 151
1888650 151
1888660 151
1888670 151
1888680 151
1888690 151
1888700 151
1888710 151
1888720 151
1888730 151
1888740 151
1888750 151
1888760 150
1888770 150
1888780 150
1888790 150
1888800 150
1888810 150
1888820 150
1888830 150
1888840 150
1888850 150
1888860 150
1888870 150
1888880 150
1888890 150
1888900 150
1888910 150
1888920 150
1888930 150
1888940 150
1888950 150
1888960 150
1888970 150
1888980 150
1888990 151
1889000 151
1889010 151
1889020 151
1889030 151
1889040 151
1889050 151
1889060 151
1889070 151
1889080 151
1889090 151
1889100 151
1889110 151
1889120 151
1889130 151
1889140 151
1889150 151
1889160 151
1889170 151
1889180 151
1889190 151
1889200 151
1889210 151
1889220 151
1889230 151
1889240 151
1889250 151
1889260 151
1889270 151
1889280 151
1889290 151
1889300 151
1889310 151
1889320 151
1889330 150
1889340 150
1889350 150
1889360 150
1889370 150
1889380 150
1889390 150
1889400 150
1889410 150
1889420 150
1889430 150
1889440 150
1889450 150
1889460 150
1889470 150
1889480 150
1889490 150
1889500 150
1889510 150
1889520 150
1889530 150
1889540 150
1889550 150
1889560 150
1889570 150
1889580 150
1889590 150
1889600 150
1889610 150
1889620 150
1889630 150
1889640 150
1889650 150
1889660 150
1889670 150
1889680 150
1889690 150
1889700 150
1889710 150
1889720 150
1889730 150
1889740 150
1889750 150
1889760 150
1889770 150
1889780 150
1889790 150
1889800 150
1889810 149
1889820 149
1889830 149
1889840 149
1889850 149
1889860 149
1889870 149
1889880 149
1889890 149
1889900 149
1889910 149
1889920 149
1889930 149
1889940 149
1889950 149
1889960 149
1889970 150
1889980 150
1889990 150
1890000 150
1890010 150
1890020 149
1890030 149
1890040 149
1890050 149
1890060 149
1890070 149
1890080 149
1890090 149
1890100 149
1890110 149
1890120 148
1890130 148
1890140 148
1890150 149
1890160 149
1890170 149
1890180 148
1890190 148
1890200 149
1890210 149
1890220 149
1890230 149
1890240 149
1890250 149
1890260 149
1890270 149
1890280 149
1890290 149
1890300 149
1890310 149
1890320 149
1890330 149
1890340 149
1890350 149
1890360 149
1890370 149
1890380 149
1890390 149
1890400 150
1890410 150
1890420 150
1890430 149
1890440 149
1890450 149
1890460 149
1890470 149
1890480 149
1890490 149
1890500 149
1890510 149
1890520 149
1890530 149
1890540 149
1890550 149
1890560 149
1890570 149
1890580 149
1890590 149
1890600 149
1890610 149
1890620 149
1890630 149
1890640 149
1890650 149
1890660 149
1890670 148
1890680 148
1890690 148
1890700 148
1890710 148
1890720 148
1890730 148
1890740 148
1890750 148
1890760 147
1890770 147
1890780 147
1890790 147
1890800 147
1890810 147
1890820 146
1890830 146
1890840 146
1890850 146
1890860 146
1890870 146
1890880 146
1890890 146
1890900 146
1890910 146
1890920 146
1890930 146
1890940 146
1890950 146
1890960 146
1890970 146
1890980 146
1890990 146
1891000 146
1891010 146
1891020 146
1891030 146
1891040 146
1891050 146
1891060 146
1891070 145
1891080 145
1891090 145
1891100 144
1891110 144
1891120 144
1891130 142
1891140 142
1891150 141
1891160 141
1891170 141
1891180 140
1891190 139
1891200 139
1891210 139
1891220 138
1891230 138
1891240 137
1891250 137
1891260 137
1891270 137
1891280 136
1891290 136
1891300 136
1891310 136
1891320 136
1891330 136
1891340 136
1891350 136
1891360 136
1891370 136
1891380 136
1891390 136
1891400 136
1891410 136
1891420 136
1891430 137
1891440 137
1891450 138
1891460 138
1891470 138
1891480 139
1891490 139
1891500 139
1891510 140
1891520 140
1891530 140
1891540 141
1891550 141
1891560 141
1891570 142
1891580 142
1891590 142
1891600 142
1891610 143
1891620 143
1891630 143
1891640 143
1891650 143
1891660 143
1891670 144
1891680 144
1891690 144
1891700 144
1891710 144
1891720 145
1891730 145
1891740 145
1891750 145
1891760 145
1891770 145
1891780 145
1891790 145
1891800 145
1891810 145
1891820 145
1891830 146
1891840 146
1891850 146
1891860 145
1891870 145
1891880 145
1891890 145
1891900 145
1891910 145
1891920 145
1891930 145
1891940 145
1891950 145
1891960 145
1891970 145
1891980 145
1891990 145
1892000 145
1892010 144
1892020 144
1892030 144
1892040 144
1892050 144
1892060 144
1892070 145
1892080 145
1892090 145
1892100 146
1892110 146
1892120 146
1892130 146
1892140 146
1892150 146
1892160 147
1892170 147
1892180 147
1892190 147
1892200 147
1892210 147
1892220 147
1892230 147
1892240 147
1892250 147
1892260 147
1892270 147
1892280 147
1892290 147
1892300 147
1892310 147
1892320 147
1892330 147
1892340 147
1892350 147
1892360 147
1892370 146
1892380 146
1892390 146
1892400 146
1892410 146
1892420 146
1892430 146
1892440 146
1892450 146
1892460 146
1892470 146
1892480 145
1892490 145
1892500 145
1892510 145
1892520 145
1892530 145
1892540 145
1892550 144
1892560 144
1892570 144
1892580 144
1892590 144
1892600 143
1892610 143
1892620 142
1892630 142
1892640 142
1892650 142
1892660 142
1892670 141
1892680 141
1892690 141
1892700 141
1892710 140
1892720 140
1892730 140
1892740 139
1892750 139
1892760 139
1892770 139
1892780 139
1892790 138
1892800 138
1892810 138
1892820 137
1892830 137
1892840 137
1892850 137
1892860 136
1892870 136
1892880 136
1892890 136
1892900 136
1892910 135
1892920 135
1892930 135
1892940 134
1892950 134
1892960 134
1892970 134
1892980 134
1892990 134
1893000 133
1893010 133
1893020 133
1893030 133
1893040 133
1893050 133
1893060 133
1893070 132
1893080 132
1893090 132
1893100 132
1893110 132
1893120 132
1893130 132
1893140 132
1893150 132
1893160 132
1893170 132
1893180 132
1893190 133
1893200 133
1893210 133
1893220 134
1893230 134
1893240 135
1893250 135
1893260 135
1893270 136
1893280 136
1893290 136
1893300 137
1893310 137
1893320 137
1893330 138
1893340 139
1893350 139
1893360 139
1893370 139
1893380 139
1893390 139
1893400 139
1893410 139
1893420 139
1893430 139
1893440 139
1893450 139
1893460 140
1893470 140
1893480 140
1893490 140
1893500 141
1893510 141
1893520 142
1893530 143
1893540 143
1893550 144
1893560 144
1893570 144
1893580 145
1893590 145
1893600 145
1893610 146
1893620 146
1893630 146
1893640 146
1893650 146
1893660 146
1893670 146
1893680 146
1893690 146
1893700 146
1893710 146
1893720 146
1893730 146
1893740 145
1893750 145
1893760 145
1893770 146
1893780 146
1893790 146
1893800 146
1893810 146
1893820 146
1893830 146
1893840 146
1893850 146
1893860 146
1893870 146
1893880 146
1893890 146
1893900 146
1893910 146
1893920 146
1893930 146
1893940 146
1893950 146
1893960 146
1893970 146
1893980 146
1893990 146
1894000 146
1894010 146
1894020 146
1894030 146
1894040 146
1894050 146
1894060 147
1894070 147
1894080 147
1894090 147
1894100 147
1894110 147
1894120 147
1894130 147
1894140 147
1894150 147
1894160 147
1894170 147
1894180 147
1894190 147
1894200 147
1894210 147
1894220 147
1894230 147
1894240 147
1894250 147
1894260 147
1894270 147
1894280 147
1894290 147
1894300 147
1894310 147
1894320 147
1894330 147
1894340 147
1894350 147
1894360 147
1894370 147
1894380 147
1894390 147
1894400 146
1894410 146
1894420 146
1894430 146
1894440 146
1894450 146
1894460 146
1894470 145
1894480 145
1894490 145
1894500 145
1894510 145
1894520 145
1894530 145
1894540 145
1894550 145
1894560 145
1894570 145
1894580 145
1894590 145
1894600 145
1894610 144
1894620 144
1894630 144
1894640 144
1894650 143
1894660 143
1894670 143
1894680 144
1894690 144
1894700 144
1894710 144
1894720 144
1894730 145
1894740 146
1894750 146
1894760 147
1894770 148
1894780 148
1894790 149
1894800 150
1894810 150
1894820 150
1894830 150
1894840 150
1894850 150
1894860 150
1894870 150
1894880 150
1894890 150
1894900 150
1894910 150
1894920 150
1894930 150
1894940 150
1894950 150
1894960 150
1894970 150
1894980 150
1894990 150
1895000 150
1895010 150
1895020 150
1895030 150
1895040 150
1895050 150
1895060 150
1895070 150
1895080 150
1895090 150
1895100 150
1895110 150
1895120 150
1895130 150
1895140 150
1895150 150
1895160 150
1895170 150
1895180 150
1895190 150
1895200 150
1895210 150
1895220 150
1895230 150
1895240 150
1895250 150
1895260 150
1895270 150
1895280 150
1895290 150
1895300 150
1895310 150
1895320 150
1895330 150
1895340 150
1895350 150
1895360 150
1895370 150
1895380 150
1895390 150
1895400 150
1895410 150
1895420 150
1895430 150
1895440 150
1895450 150
1895460 150
1895470 150
1895480 150
1895490 150
1895500 150
1895510 150
1895520 150
1895530 150
1895540 150
1895550 150
1895560 150
1895570 150
1895580 150
1895590 150
1895600 150
1895610 150
1895620 150
1895630 150
1895640 150
1895650 150
1895660 150
1895670 150
1895680 150
1895690 150
1895700 150
1895710 150
1895720 150
1895730 150
1895740 149
1895750 149
1895760 149
1895770 149
1895780 149
1895790 149
1895800 149
1895810 149
1895820 149
1895830 149
1895840 149
1895850 149
1895860 149
1895870 149
1895880 149
1895890 149
1895900 149
1895910 149
1895920 149
1895930 149
1895940 149
1895950 149
1895960 150
1895970 150
1895980 150
1895990 150
1896000 150
1896010 149
1896020 149
1896030 149
1896040 149
1896050 149
1896060 149
1896070 149
1896080 149
1896090 149
1896100 149
1896110 149
1896120 149
1896130 149
1896140 149
1896150 149
1896160 149
1896170 150
1896180 150
1896190 150
1896200 150
1896210 150
1896220 150
1896230 150
1896240 150
1896250 150
1896260 150
1896270 150
1896280 150
1896290 150
1896300 150
1896310 150
1896320 150
1896330 150
1896340 150
1896350 150
1896360 150
1896370 151
1896380 151
1896390 151
1896400 150
1896410 150
1896420 150
1896430 150
1896440 150
1896450 150
1896460 150
1896470 150
1896480 150
1896490 150
1896500 150
1896510 150
1896520 150
1896530 150
1896540 150
1896550 151
1896560 151
1896570 151
1896580 151
1896590 151
1896600 151
1896610 151
1896620 151
1896630 151
1896640 151
1896650 151
1896660 151
1896670 151
1896680 151
1896690 151
1896700 151
1896710 151
1896720 151
1896730 151
1896740 151
1896750 150
1896760 150
1896770 150
1896780 150
1896790 150
1896800 150
1896810 150
1896820 150
1896830 150
1896840 150
1896850 150
1896860 149
1896870 149
1896880 149
1896890 149
1896900 149
1896910 149
1896920 149
1896930 148
1896940 148
1896950 148
1896960 148
1896970 148
1896980 147
1896990 146
1897000 146
1897010 146
1897020 145
1897030 145
1897040 145
1897050 144
1897060 144
1897070 144
1897080 144
1897090 144
1897100 145
1897110 145
1897120 145
1897130 144
1897140 144
1897150 144
1897160 144
1897170 144
1897180 144
1897190 144
1897200 144
1897210 144
1897220 144
1897230 144
1897240 144
1897250 144
1897260 144
1897270 144
1897280 143
1897290 143
1897300 143
1897310 143
1897320 143
1897330 143
1897340 142
1897350 142
1897360 141
1897370 141
1897380 140
1897390 139
1897400 139
1897410 139
1897420 139
1897430 139
1897440 138
1897450 138
1897460 138
1897470 138
1897480 138
1897490 138
1897500 138
1897510 138
1897520 138
1897530 138
1897540 138
1897550 138
1897560 138
1897570 138
1897580 138
1897590 138
1897600 138
1897610 138
1897620 138
1897630 138
1897640 138
1897650 138
1897660 138
1897670 138
1897680 138
1897690 138
1897700 138
1897710 137
1897720 137
1897730 138
1897740 138
1897750 138
1897760 138
1897770 138
1897780 138
1897790 138
1897800 138
1897810 138
1897820 138
1897830 138
1897840 138
1897850 138
1897860 137
1897870 137
1897880 137
1897890 137
1897900 136
1897910 136
1897920 136
1897930 135
1897940 135
1897950 135
1897960 135
1897970 135
1897980 135
1897990 135
1898000 135
1898010 134
1898020 134
1898030 134
1898040 134
1898050 134
1898060 134
1898070 134
1898080 134
1898090 134
1898100 134
1898110 134
1898120 134
1898130 134
1898140 133
1898150 133
1898160 133
1898170 133
1898180 133
1898190 133
1898200 133
1898210 132
1898220 132
1898230 132
1898240 132
1898250 132
1898260 132
1898270 132
1898280 132
1898290 132
1898300 132
1898310 132
1898320 132
1898330 132
1898340 132
1898350 132
1898360 132
1898370 132
1898380 132
1898390 132
1898400 132
1898410 132
1898420 131
1898430 131
1898440 131
1898450 131
1898460 131
1898470 131
1898480 131
1898490 131
1898500 131
1898510 131
1898520 131
1898530 131
1898540 131
1898550 131
1898560 131
1898570 131
1898580 131
1898590 131
1898600 131
1898610 131
1898620 131
1898630 131
1898640 131
1898650 131
1898660 131
1898670 131
1898680 131
1898690 131
1898700 131
1898710 131
1898720 131
1898730 131
1898740 131
1898750 131
1898760 131
1898770 131
1898780 130
1898790 130
1898800 130
1898810 130
1898820 130
1898830 130
1898840 130
1898850 130
1898860 130
1898870 130
1898880 130
1898890 130
1898900 130
1898910 130
1898920 130
1898930 130
1898940 130
1898950 130
1898960 130
1898970 130
1898980 130
1898990 130
1899000 129
1899010 129
1899020 129
1899030 129
1899040 129
1899050 129
1899060 129
1899070 129
1899080 129
1899090 129
1899100 129
1899110 129
1899120 129
1899130 129
1899140 129
1899150 129
1899160 129
1899170 128
1899180 128
1899190 128
1899200 128
1899210 128
1899220 128
1899230 128
1899240 128
1899250 128
1899260 128
1899270 128
1899280 128
1899290 128
1899300 128
1899310 128
1899320 128
1899330 128
1899340 128
1899350 128
1899360 128
1899370 128
1899380 128
1899390 128
1899400 128
1899410 128
1899420 128
1899430 128
1899440 128
1899450 128
1899460 128
1899470 128
1899480 128
1899490 128
1899500 128
1899510 128
1899520 128
1899530 128
1899540 128
1899550 128
1899560 128
1899570 128
1899580 128
1899590 128
1899600 128
1899610 128
1899620 129
1899630 129
1899640 129
1899650 129
1899660 129
1899670 129
1899680 128
1899690 128
1899700 128
1899710 128
1899720 128
1899730 128
1899740 128
1899750 128
1899760 128
1899770 128
1899780 128
1899790 129
1899800 129
1899810 129
1899820 129
1899830 129
1899840 129
1899850 129
1899860 129
1899870 129
1899880 129
1899890 129
1899900 129
1899910 129
1899920 129
1899930 129
1899940 129
1899950 129
1899960 129
1899970 129
1899980 129
1899990 129
