1880000 122
1880010 122
1880020 122
1880030 122
1880040 122
1880050 122
1880060 122
1880070 122
1880080 122
1880090 122
1880100 122
1880110 122
1880120 122
1880130 122
1880140 122
1880150 122
1880160 122
1880170 123
1880180 123
1880190 123
1880200 123
1880210 123
1880220 123
1880230 123
1880240 123
1880250 123
1880260 123
1880270 123
1880280 123
1880290 123
1880300 123
1880310 123
1880320 123
1880330 123
1880340 123
1880350 123
1880360 123
1880370 123
1880380 123
1880390 123
1880400 123
1880410 123
1880420 123
1880430 123
1880440 123
1880450 124
1880460 124
1880470 124
1880480 124
1880490 124
1880500 124
1880510 123
1880520 123
1880530 123
1880540 123
1880550 123
1880560 123
1880570 122
1880580 122
1880590 122
1880600 122
1880610 122
1880620 122
1880630 122
1880640 122
1880650 122
1880660 122
1880670 122
1880680 122
1880690 123
1880700 123
1880710 123
1880720 123
1880730 123
1880740 123
1880750 123
1880760 123
1880770 123
1880780 122
1880790 122
1880800 122
1880810 122
1880820 122
1880830 122
1880840 122
1880850 122
1880860 122
1880870 122
1880880 122
1880890 122
1880900 122
1880910 122
1880920 122
1880930 122
1880940 122
1880950 122
1880960 122
1880970 122
1880980 122
1880990 122
1881000 122
1881010 122
1881020 122
1881030 122
1881040 122
1881050 122
1881060 122
1881070 122
1881080 122
1881090 122
1881100 122
1881110 122
1881120 122
1881130 122
1881140 122
1881150 122
1881160 122
1881170 122
1881180 122
1881190 122
1881200 122
1881210 122
1881220 122
1881230 122
1881240 122
1881250 122
1881260 122
1881270 122
1881280 122
1881290 122
1881300 122
1881310 122
1881320 122
1881330 122
1881340 121
1881350 121
1881360 122
1881370 122
1881380 122
1881390 122
1881400 121
1881410 121
1881420 121
1881430 121
1881440 121
1881450 121
1881460 121
1881470 121
1881480 121
1881490 121
1881500 121
1881510 121
1881520 121
1881530 121
1881540 121
1881550 121
1881560 121
1881570 121
1881580 121
1881590 121
1881600 121
1881610 121
1881620 121
1881630 121
1881640 121
1881650 121
1881660 121
1881670 121
1881680 121
1881690 121
1881700 121
1881710 121
1881720 121
1881730 121
1881740 121
1881750 121
1881760 121
1881770 121
1881780 121
1881790 121
1881800 121
1881810 121
1881820 121
1881830 121
1881840 121
1881850 121
1881860 121
1881870 121
1881880 121
1881890 121
1881900 121
1881910 121
1881920 121
1881930 121
1881940 121
1881950 121
1881960 121
1881970 121
1881980 122
1881990 122
1882000 122
1882010 121
1882020 121
1882030 121
1882040 122
1882050 122
1882060 122
1882070 121
1882080 121
1882090 121
1882100 121
1882110 121
1882120 121
1882130 121
1882140 121
1882150 121
1882160 121
1882170 121
1882180 121
1882190 121
1882200 121
1882210 121
1882220 121
1882230 121
1882240 121
1882250 121
1882260 121
1882270 121
1882280 121
1882290 121
1882300 121
1882310 121
1882320 121
1882330 121
1882340 121
1882350 121
1882360 121
1882370 121
1882380 121
1882390 121
1882400 121
1882410 121
1882420 121
1882430 122
1882440 122
1882450 122
1882460 122
1882470 122
1882480 122
1882490 122
1882500 122
1882510 122
1882520 122
1882530 122
1882540 122
1882550 121
1882560 121
1882570 121
1882580 121
1882590 121
1882600 121
1882610 121
1882620 121
1882630 121
1882640 122
1882650 122
1882660 122
1882670 122
1882680 122
1882690 122
1882700 122
1882710 122
1882720 122
1882730 122
1882740 122
1882750 122
1882760 122
1882770 122
1882780 122
1882790 122
1882800 122
1882810 122
1882820 122
1882830 121
1882840 121
1882850 121
1882860 122
1882870 122
1882880 122
1882890 122
1882900 122
1882910 122
1882920 121
1882930 121
1882940 121
1882950 122
1882960 122
1882970 122
1882980 122
1882990 122
1883000 122
1883010 122
1883020 122
1883030 122
1883040 122
1883050 122
1883060 122
1883070 122
1883080 122
1883090 122
1883100 122
1883110 122
1883120 122
1883130 122
1883140 122
1883150 122
1883160 122
1883170 122
1883180 122
1883190 122
1883200 122
1883210 122
1883220 122
1883230 122
1883240 122
1883250 122
1883260 122
1883270 122
1883280 122
1883290 122
1883300 123
1883310 123
1883320 123
1883330 122
1883340 122
1883350 122
1883360 122
1883370 122
1883380 122
1883390 122
1883400 123
1883410 123
1883420 123
1883430 123
1883440 123
1883450 123
1883460 123
1883470 123
1883480 123
1883490 123
1883500 123
1883510 123
1883520 123
1883530 123
1883540 123
1883550 123
1883560 123
1883570 123
1883580 123
1883590 123
1883600 123
1883610 123
1883620 123
1883630 123
1883640 123
1883650 123
1883660 123
1883670 123
1883680 123
1883690 123
1883700 123
1883710 123
1883720 123
1883730 123
1883740 123
1883750 123
1883760 123
1883770 123
1883780 123
1883790 123
1883800 123
1883810 123
1883820 123
1883830 123
1883840 123
1883850 123
1883860 123
1883870 123
1883880 123
1883890 123
1883900 123
1883910 123
1883920 123
1883930 123
1883940 123
1883950 123
1883960 123
1883970 123
1883980 123
1883990 123
1884000 123
1884010 123
1884020 123
1884030 123
1884040 123
1884050 123
1884060 123
1884070 123
1884080 123
1884090 123
1884100 123
1884110 123
1884120 123
1884130 124
1884140 124
1884150 124
1884160 124
1884170 124
1884180 124
1884190 124
1884200 124
1884210 124
1884220 124
1884230 124
1884240 124
1884250 124
1884260 124
1884270 124
1884280 124
1884290 123
1884300 123
1884310 123
1884320 124
1884330 124
1884340 123
1884350 123
1884360 123
1884370 123
1884380 123
1884390 123
1884400 123
1884410 123
1884420 123
1884430 123
1884440 123
1884450 123
1884460 123
1884470 123
1884480 123
1884490 123
1884500 123
1884510 123
1884520 123
1884530 123
1884540 123
1884550 123
1884560 123
1884570 123
1884580 123
1884590 123
1884600 123
1884610 123
1884620 123
1884630 123
1884640 123
1884650 123
1884660 123
1884670 123
1884680 123
1884690 123
1884700 123
1884710 123
1884720 123
1884730 123
1884740 123
1884750 123
1884760 123
1884770 123
1884780 123
1884790 123
1884800 123
1884810 123
1884820 123
1884830 122
1884840 122
1884850 123
1884860 123
1884870 123
1884880 123
1884890 123
1884900 123
1884910 123
1884920 123
1884930 123
1884940 123
1884950 123
1884960 123
1884970 123
1884980 123
1884990 123
1885000 123
1885010 124
1885020 124
1885030 124
1885040 124
1885050 124
1885060 124
1885070 124
1885080 124
1885090 124
1885100 124
1885110 124
1885120 124
1885130 124
1885140 124
1885150 124
1885160 124
1885170 124
1885180 124
1885190 124
1885200 124
1885210 124
1885220 124
1885230 124
1885240 124
1885250 124
1885260 124
1885270 124
1885280 124
1885290 124
1885300 124
1885310 124
1885320 124
1885330 124
1885340 124
1885350 124
1885360 124
1885370 124
1885380 124
1885390 124
1885400 124
1885410 124
1885420 124
1885430 124
1885440 125
1885450 125
1885460 125
1885470 125
1885480 125
1885490 125
1885500 125
1885510 125
1885520 125
1885530 125
1885540 125
1885550 126
1885560 125
1885570 125
1885580 125
1885590 126
1885600 126
1885610 126
1885620 127
1885630 127
1885640 127
1885650 127
1885660 127
1885670 127
1885680 127
1885690 127
1885700 127
1885710 127
1885720 127
1885730 127
1885740 127
1885750 127
1885760 127
1885770 126
1885780 126
1885790 126
1885800 128
1885810 129
1885820 129
1885830 130
1885840 131
1885850 131
1885860 131
1885870 131
1885880 131
1885890 131
1885900 131
1885910 131
1885920 131
1885930 131
1885940 131
1885950 131
1885960 131
1885970 131
1885980 130
1885990 129
1886000 129
1886010 129
1886020 128
1886030 128
1886040 128
1886050 127
1886060 127
1886070 127
1886080 128
1886090 128
1886100 127
1886110 127
1886120 127
1886130 127
1886140 127
1886150 127
1886160 127
1886170 127
1886180 127
1886190 127
1886200 127
1886210 127
1886220 127
1886230 127
1886240 127
1886250 127
1886260 127
1886270 127
1886280 127
1886290 127
1886300 127
1886310 127
1886320 127
1886330 127
1886340 127
1886350 127
1886360 127
1886370 127
1886380 128
1886390 128
1886400 128
1886410 128
1886420 128
1886430 128
1886440 128
1886450 128
1886460 128
1886470 128
1886480 128
1886490 128
1886500 129
1886510 129
1886520 129
1886530 129
1886540 129
1886550 129
1886560 129
1886570 129
1886580 129
1886590 129
1886600 129
1886610 129
1886620 129
1886630 129
1886640 129
1886650 130
1886660 130
1886670 130
1886680 130
1886690 130
1886700 130
1886710 131
1886720 131
1886730 131
1886740 131
1886750 132
1886760 132
1886770 132
1886780 132
1886790 132
1886800 132
1886810 132
1886820 132
1886830 132
1886840 133
1886850 133
1886860 133
1886870 133
1886880 133
1886890 133
1886900 133
1886910 133
1886920 133
1886930 133
1886940 133
1886950 133
1886960 133
1886970 133
1886980 133
1886990 133
1887000 133
1887010 133
1887020 133
1887030 133
1887040 134
1887050 134
1887060 134
1887070 134
1887080 134
1887090 134
1887100 134
1887110 135
1887120 135
1887130 135
1887140 136
1887150 136
1887160 136
1887170 137
1887180 137
1887190 138
1887200 138
1887210 138
1887220 139
1887230 139
1887240 139
1887250 139
1887260 140
1887270 140
1887280 140
1887290 141
1887300 141
1887310 141
1887320 141
1887330 141
1887340 141
1887350 142
1887360 142
1887370 142
1887380 143
1887390 143
1887400 143
1887410 144
1887420 145
1887430 145
1887440 146
1887450 146
1887460 147
1887470 147
1887480 148
1887490 148
1887500 148
1887510 148
1887520 148
1887530 148
1887540 148
1887550 148
1887560 148
1887570 148
1887580 148
1887590 148
1887600 148
1887610 148
1887620 148
1887630 148
1887640 148
1887650 148
1887660 148
1887670 148
1887680 148
1887690 148
1887700 148
1887710 148
1887720 148
1887730 148
1887740 148
1887750 148
1887760 148
1887770 149
1887780 149
1887790 149
1887800 149
1887810 150
1887820 150
1887830 150
1887840 150
1887850 150
1887860 150
1887870 150
1887880 150
1887890 150
1887900 150
1887910 150
1887920 150
1887930 150
1887940 150
1887950 150
1887960 150
1887970 150
1887980 150
1887990 150
1888000 150
1888010 150
1888020 150
1888030 150
1888040 150
1888050 150
1888060 150
1888070 150
1888080 150
1888090 150
1888100 150
1888110 150
1888120 150
1888130 150
1888140 150
1888150 150
1888160 150
1888170 150
1888180 150
1888190 150
1888200 150
1888210 150
1888220 150
1888230 150
1888240 149
1888250 149
1888260 149
1888270 149
1888280 149
1888290 149
1888300 149
1888310 149
1888320 149
1888330 149
1888340 149
1888350 149
1888360 149
1888370 149
1888380 149
1888390 148
1888400 148
1888410 148
1888420 148
1888430 148
1888440 148
1888450 148
1888460 148
1888470 148
1888480 148
1888490 148
1888500 148
1888510 148
1888520 148
1888530 148
1888540 148
1888550 148
1888560 148
1888570 148
1888580 148
1888590 148
1888600 148
1888610 148
1888620 148
1888630 148
1888640 148
1888650 148
1888660 148
1888670 148
1888680 148
1888690 148
1888700 148
1888710 148
1888720 147
1888730 147
1888740 147
1888750 146
1888760 146
1888770 146
1888780 145
1888790 145
1888800 145
1888810 145
1888820 145
1888830 144
1888840 144
1888850 144
1888860 144
1888870 143
1888880 143
1888890 143
1888900 143
1888910 143
1888920 143
1888930 143
1888940 143
1888950 143
1888960 144
1888970 144
1888980 144
1888990 143
1889000 143
1889010 143
1889020 143
1889030 143
1889040 143
1889050 143
1889060 144
1889070 144
1889080 144
1889090 145
1889100 145
1889110 145
1889120 146
1889130 146
1889140 146
1889150 147
1889160 147
1889170 147
1889180 147
1889190 147
1889200 148
1889210 148
1889220 148
1889230 148
1889240 149
1889250 149
1889260 149
1889270 149
1889280 149
1889290 149
1889300 150
1889310 150
1889320 150
1889330 150
1889340 150
1889350 150
1889360 150
1889370 150
1889380 150
1889390 150
1889400 150
1889410 150
1889420 150
1889430 150
1889440 150
1889450 150
1889460 150
1889470 150
1889480 150
1889490 150
1889500 150
1889510 150
1889520 150
1889530 150
1889540 150
1889550 150
1889560 150
1889570 150
1889580 150
1889590 150
1889600 150
1889610 150
1889620 150
1889630 150
1889640 150
1889650 150
1889660 150
1889670 150
1889680 150
1889690 150
1889700 150
1889710 150
1889720 150
1889730 150
1889740 150
1889750 150
1889760 150
1889770 150
1889780 150
1889790 150
1889800 150
1889810 150
1889820 150
1889830 150
1889840 150
1889850 150
1889860 150
1889870 150
1889880 150
1889890 150
1889900 150
1889910 150
1889920 150
1889930 150
1889940 150
1889950 150
1889960 150
1889970 149
1889980 149
1889990 149
1890000 149
1890010 149
1890020 149
1890030 149
1890040 149
1890050 149
1890060 149
1890070 149
1890080 149
1890090 149
1890100 149
1890110 149
1890120 149
1890130 149
1890140 149
1890150 149
1890160 149
1890170 149
1890180 149
1890190 149
1890200 149
1890210 149
1890220 149
1890230 149
1890240 149
1890250 149
1890260 149
1890270 149
1890280 149
1890290 149
1890300 148
1890310 148
1890320 148
1890330 148
1890340 148
1890350 148
1890360 148
1890370 148
1890380 148
1890390 148
1890400 148
1890410 148
1890420 147
1890430 147
1890440 147
1890450 147
1890460 147
1890470 147
1890480 147
1890490 147
1890500 147
1890510 147
1890520 147
1890530 147
1890540 147
1890550 146
1890560 146
1890570 146
1890580 146
1890590 146
1890600 146
1890610 146
1890620 146
1890630 147
1890640 147
1890650 147
1890660 147
1890670 147
1890680 147
1890690 147
1890700 146
1890710 146
1890720 146
1890730 146
1890740 146
1890750 147
1890760 147
1890770 147
1890780 146
1890790 146
1890800 146
1890810 146
1890820 146
1890830 146
1890840 146
1890850 146
1890860 146
1890870 146
1890880 146
1890890 146
1890900 147
1890910 147
1890920 147
1890930 147
1890940 147
1890950 147
1890960 147
1890970 147
1890980 147
1890990 147
1891000 147
1891010 147
1891020 147
1891030 147
1891040 147
1891050 147
1891060 147
1891070 147
1891080 147
1891090 147
1891100 147
1891110 147
1891120 147
1891130 147
1891140 147
1891150 147
1891160 147
1891170 147
1891180 147
1891190 147
1891200 147
1891210 147
1891220 147
1891230 147
1891240 147
1891250 147
1891260 147
1891270 147
1891280 147
1891290 147
1891300 148
1891310 148
1891320 148
1891330 148
1891340 147
1891350 147
1891360 148
1891370 148
1891380 148
1891390 148
1891400 148
1891410 148
1891420 148
1891430 148
1891440 148
1891450 148
1891460 148
1891470 148
1891480 148
1891490 148
1891500 148
1891510 148
1891520 148
1891530 148
1891540 148
1891550 147
1891560 147
1891570 147
1891580 147
1891590 147
1891600 147
1891610 147
1891620 147
1891630 146
1891640 146
1891650 146
1891660 146
1891670 145
1891680 145
1891690 145
1891700 144
1891710 144
1891720 144
1891730 143
1891740 143
1891750 142
1891760 142
1891770 142
1891780 141
1891790 140
1891800 140
1891810 139
1891820 139
1891830 139
1891840 138
1891850 137
1891860 137
1891870 137
1891880 136
1891890 136
1891900 135
1891910 134
1891920 134
1891930 134
1891940 134
1891950 133
1891960 133
1891970 133
1891980 133
1891990 133
1892000 133
1892010 134
1892020 134
1892030 134
1892040 134
1892050 134
1892060 134
1892070 134
1892080 134
1892090 135
1892100 135
1892110 135
1892120 135
1892130 136
1892140 136
1892150 136
1892160 136
1892170 136
1892180 137
1892190 137
1892200 137
1892210 138
1892220 138
1892230 139
1892240 139
1892250 139
1892260 139
1892270 139
1892280 139
1892290 139
1892300 139
1892310 140
1892320 140
1892330 140
1892340 140
1892350 140
1892360 140
1892370 140
1892380 140
1892390 141
1892400 141
1892410 141
1892420 141
1892430 141
1892440 141
1892450 142
1892460 142
1892470 142
1892480 142
1892490 142
1892500 142
1892510 142
1892520 143
1892530 143
1892540 143
1892550 143
1892560 143
1892570 144
1892580 144
1892590 144
1892600 144
1892610 144
1892620 144
1892630 144
1892640 144
1892650 144
1892660 144
1892670 144
1892680 144
1892690 144
1892700 144
1892710 144
1892720 145
1892730 145
1892740 145
1892750 145
1892760 145
1892770 145
1892780 145
1892790 144
1892800 144
1892810 144
1892820 144
1892830 144
1892840 144
1892850 144
1892860 144
1892870 144
1892880 144
1892890 143
1892900 143
1892910 143
1892920 142
1892930 142
1892940 142
1892950 141
1892960 141
1892970 141
1892980 141
1892990 141
1893000 140
1893010 140
1893020 140
1893030 139
1893040 139
1893050 139
1893060 138
1893070 138
1893080 138
1893090 137
1893100 137
1893110 137
1893120 136
1893130 136
1893140 136
1893150 135
1893160 135
1893170 135
1893180 134
1893190 134
1893200 134
1893210 133
1893220 133
1893230 133
1893240 133
1893250 132
1893260 132
1893270 132
1893280 132
1893290 132
1893300 131
1893310 131
1893320 131
1893330 131
1893340 130
1893350 130
1893360 130
1893370 130
1893380 130
1893390 131
1893400 131
1893410 131
1893420 132
1893430 133
1893440 133
1893450 134
1893460 135
1893470 135
1893480 137
1893490 140
1893500 141
1893510 141
1893520 142
1893530 142
1893540 142
1893550 142
1893560 143
1893570 143
1893580 143
1893590 144
1893600 144
1893610 144
1893620 144
1893630 144
1893640 144
1893650 144
1893660 144
1893670 144
1893680 145
1893690 145
1893700 145
1893710 145
1893720 145
1893730 145
1893740 145
1893750 145
1893760 145
1893770 145
1893780 145
1893790 145
1893800 145
1893810 145
1893820 145
1893830 145
1893840 145
1893850 145
1893860 145
1893870 145
1893880 145
1893890 145
1893900 145
1893910 145
1893920 145
1893930 145
1893940 145
1893950 145
1893960 145
1893970 145
1893980 145
1893990 145
1894000 145
1894010 144
1894020 144
1894030 145
1894040 145
1894050 145
1894060 144
1894070 144
1894080 144
1894090 144
1894100 144
1894110 144
1894120 144
1894130 144
1894140 144
1894150 144
1894160 144
1894170 144
1894180 144
1894190 144
1894200 144
1894210 143
1894220 143
1894230 143
1894240 143
1894250 143
1894260 143
1894270 143
1894280 142
1894290 142
1894300 142
1894310 142
1894320 142
1894330 142
1894340 142
1894350 143
1894360 143
1894370 143
1894380 143
1894390 143
1894400 142
1894410 142
1894420 142
1894430 142
1894440 142
1894450 142
1894460 141
1894470 141
1894480 141
1894490 140
1894500 140
1894510 140
1894520 139
1894530 139
1894540 139
1894550 139
1894560 140
1894570 140
1894580 140
1894590 141
1894600 141
1894610 142
1894620 142
1894630 142
1894640 143
1894650 144
1894660 144
1894670 145
1894680 146
1894690 146
1894700 146
1894710 147
1894720 147
1894730 147
1894740 147
1894750 147
1894760 147
1894770 147
1894780 147
1894790 147
1894800 148
1894810 148
1894820 148
1894830 148
1894840 148
1894850 148
1894860 148
1894870 148
1894880 148
1894890 148
1894900 148
1894910 148
1894920 148
1894930 148
1894940 148
1894950 148
1894960 148
1894970 148
1894980 148
1894990 148
1895000 148
1895010 148
1895020 148
1895030 148
1895040 148
1895050 148
1895060 148
1895070 148
1895080 148
1895090 148
1895100 148
1895110 148
1895120 148
1895130 148
1895140 148
1895150 148
1895160 148
1895170 148
1895180 148
1895190 148
1895200 148
1895210 148
1895220 148
1895230 148
1895240 148
1895250 148
1895260 148
1895270 148
1895280 148
1895290 148
1895300 148
1895310 147
1895320 147
1895330 147
1895340 147
1895350 147
1895360 147
1895370 147
1895380 147
1895390 147
1895400 147
1895410 147
1895420 147
1895430 147
1895440 147
1895450 147
1895460 147
1895470 147
1895480 147
1895490 148
1895500 148
1895510 148
1895520 148
1895530 148
1895540 148
1895550 148
1895560 148
1895570 148
1895580 148
1895590 148
1895600 148
1895610 148
1895620 148
1895630 148
1895640 148
1895650 148
1895660 148
1895670 148
1895680 147
1895690 147
1895700 147
1895710 147
1895720 147
1895730 147
1895740 147
1895750 147
1895760 148
1895770 148
1895780 148
1895790 148
1895800 148
1895810 148
1895820 148
1895830 148
1895840 148
1895850 148
1895860 148
1895870 148
1895880 148
1895890 148
1895900 148
1895910 148
1895920 148
1895930 148
1895940 148
1895950 148
1895960 148
1895970 148
1895980 148
1895990 148
1896000 148
1896010 148
1896020 148
1896030 148
1896040 148
1896050 148
1896060 148
1896070 148
1896080 148
1896090 148
1896100 148
1896110 148
1896120 148
1896130 148
1896140 149
1896150 149
1896160 149
1896170 149
1896180 149
1896190 149
1896200 148
1896210 148
1896220 148
1896230 148
1896240 148
1896250 148
1896260 148
1896270 148
1896280 147
1896290 147
1896300 147
1896310 147
1896320 147
1896330 147
1896340 147
1896350 146
1896360 146
1896370 146
1896380 146
1896390 146
1896400 146
1896410 146
1896420 146
1896430 146
1896440 145
1896450 145
1896460 145
1896470 145
1896480 145
1896490 145
1896500 145
1896510 145
1896520 144
1896530 144
1896540 144
1896550 144
1896560 143
1896570 143
1896580 142
1896590 142
1896600 142
1896610 141
1896620 141
1896630 140
1896640 140
1896650 140
1896660 139
1896670 139
1896680 139
1896690 139
1896700 139
1896710 139
1896720 139
1896730 139
1896740 139
1896750 139
1896760 139
1896770 139
1896780 139
1896790 139
1896800 139
1896810 139
1896820 139
1896830 139
1896840 139
1896850 139
1896860 139
1896870 139
1896880 139
1896890 139
1896900 139
1896910 139
1896920 139
1896930 138
1896940 139
1896950 139
1896960 138
1896970 138
1896980 138
1896990 137
1897000 137
1897010 137
1897020 137
1897030 137
1897040 136
1897050 136
1897060 136
1897070 136
1897080 136
1897090 136
1897100 136
1897110 136
1897120 136
1897130 136
1897140 135
1897150 135
1897160 135
1897170 135
1897180 135
1897190 134
1897200 134
1897210 134
1897220 134
1897230 133
1897240 133
1897250 133
1897260 133
1897270 133
1897280 133
1897290 133
1897300 133
1897310 133
1897320 132
1897330 132
1897340 132
1897350 132
1897360 132
1897370 132
1897380 131
1897390 131
1897400 131
1897410 131
1897420 131
1897430 131
1897440 131
1897450 131
1897460 131
1897470 131
1897480 131
1897490 131
1897500 131
1897510 131
1897520 131
1897530 131
1897540 131
1897550 131
1897560 131
1897570 131
1897580 131
1897590 131
1897600 131
1897610 131
1897620 130
1897630 130
1897640 130
1897650 130
1897660 130
1897670 130
1897680 130
1897690 130
1897700 130
1897710 130
1897720 130
1897730 130
1897740 130
1897750 130
1897760 130
1897770 130
1897780 130
1897790 130
1897800 130
1897810 130
1897820 130
1897830 130
1897840 130
1897850 130
1897860 129
1897870 129
1897880 129
1897890 129
1897900 129
1897910 129
1897920 129
1897930 129
1897940 129
1897950 129
1897960 129
1897970 129
1897980 129
1897990 129
1898000 129
1898010 129
1898020 129
1898030 129
1898040 129
1898050 128
1898060 128
1898070 128
1898080 128
1898090 128
1898100 128
1898110 128
1898120 128
1898130 128
1898140 128
1898150 128
1898160 128
1898170 128
1898180 128
1898190 129
1898200 129
1898210 129
1898220 129
1898230 129
1898240 129
1898250 129
1898260 129
1898270 129
1898280 129
1898290 129
1898300 129
1898310 129
1898320 129
1898330 129
1898340 129
1898350 128
1898360 128
1898370 128
1898380 128
1898390 128
1898400 128
1898410 128
1898420 128
1898430 128
1898440 128
1898450 128
1898460 128
1898470 128
1898480 128
1898490 128
1898500 128
1898510 128
1898520 128
1898530 128
1898540 128
1898550 128
1898560 128
1898570 128
1898580 128
1898590 128
1898600 128
1898610 128
1898620 128
1898630 128
1898640 128
1898650 128
1898660 128
1898670 128
1898680 128
1898690 128
1898700 128
1898710 128
1898720 128
1898730 128
1898740 128
1898750 128
1898760 128
1898770 128
1898780 128
1898790 128
1898800 128
1898810 128
1898820 128
1898830 128
1898840 128
1898850 128
1898860 128
1898870 128
1898880 128
1898890 128
1898900 128
1898910 128
1898920 128
1898930 128
1898940 128
1898950 128
1898960 128
1898970 128
1898980 128
1898990 128
1899000 128
1899010 128
1899020 128
1899030 128
1899040 128
1899050 128
1899060 128
1899070 128
1899080 128
1899090 128
1899100 128
1899110 128
1899120 128
1899130 128
1899140 128
1899150 127
1899160 127
1899170 127
1899180 127
1899190 127
1899200 127
1899210 127
1899220 127
1899230 127
1899240 127
1899250 127
1899260 127
1899270 127
1899280 127
1899290 127
1899300 127
1899310 127
1899320 127
1899330 127
1899340 127
1899350 127
1899360 127
1899370 127
1899380 127
1899390 127
1899400 127
1899410 127
1899420 127
1899430 127
1899440 127
1899450 127
1899460 127
1899470 127
1899480 127
1899490 127
1899500 126
1899510 126
1899520 126
1899530 126
1899540 127
1899550 127
1899560 127
1899570 127
1899580 127
1899590 127
1899600 127
1899610 127
1899620 127
1899630 127
1899640 127
1899650 127
1899660 127
1899670 127
1899680 127
1899690 127
1899700 127
1899710 126
1899720 126
1899730 126
1899740 126
1899750 126
1899760 126
1899770 126
1899780 126
1899790 126
1899800 126
1899810 126
1899820 126
1899830 126
1899840 126
1899850 126
1899860 126
1899870 126
1899880 126
1899890 126
1899900 126
1899910 126
1899920 126
1899930 126
1899940 126
1899950 126
1899960 126
1899970 126
1899980 126
1899990 126
