1880000 123
1880010 123
1880020 123
1880030 123
1880040 123
1880050 123
1880060 123
1880070 123
1880080 123
1880090 122
1880100 122
1880110 122
1880120 122
1880130 122
1880140 122
1880150 122
1880160 122
1880170 122
1880180 122
1880190 122
1880200 122
1880210 122
1880220 122
1880230 122
1880240 123
1880250 122
1880260 122
1880270 122
1880280 123
1880290 123
1880300 123
1880310 123
1880320 123
1880330 123
1880340 123
1880350 123
1880360 123
1880370 123
1880380 123
1880390 123
1880400 123
1880410 123
1880420 123
1880430 123
1880440 123
1880450 123
1880460 123
1880470 123
1880480 123
1880490 123
1880500 123
1880510 123
1880520 123
1880530 123
1880540 123
1880550 123
1880560 123
1880570 123
1880580 124
1880590 124
1880600 124
1880610 124
1880620 124
1880630 124
1880640 124
1880650 124
1880660 124
1880670 124
1880680 124
1880690 124
1880700 124
1880710 124
1880720 124
1880730 124
1880740 124
1880750 124
1880760 124
1880770 124
1880780 124
1880790 124
1880800 125
1880810 125
1880820 125
1880830 124
1880840 124
1880850 124
1880860 124
1880870 124
1880880 124
1880890 124
1880900 124
1880910 124
1880920 125
1880930 125
1880940 125
1880950 125
1880960 125
1880970 125
1880980 125
1880990 125
1881000 125
1881010 125
1881020 125
1881030 125
1881040 125
1881050 125
1881060 125
1881070 125
1881080 125
1881090 125
1881100 125
1881110 125
1881120 125
1881130 125
1881140 125
1881150 125
1881160 125
1881170 125
1881180 125
1881190 125
1881200 125
1881210 125
1881220 125
1881230 125
1881240 125
1881250 125
1881260 125
1881270 126
1881280 126
1881290 126
1881300 126
1881310 125
1881320 125
1881330 126
1881340 126
1881350 126
1881360 126
1881370 125
1881380 126
1881390 126
1881400 126
1881410 126
1881420 126
1881430 126
1881440 126
1881450 126
1881460 126
1881470 125
1881480 125
1881490 125
1881500 125
1881510 125
1881520 125
1881530 125
1881540 125
1881550 125
1881560 125
1881570 125
1881580 125
1881590 125
1881600 125
1881610 125
1881620 125
1881630 125
1881640 125
1881650 125
1881660 125
1881670 125
1881680 125
1881690 125
1881700 125
1881710 125
1881720 125
1881730 125
1881740 125
1881750 125
1881760 125
1881770 125
1881780 125
1881790 126
1881800 125
1881810 125
1881820 125
1881830 125
1881840 125
1881850 125
1881860 125
1881870 125
1881880 125
1881890 125
1881900 125
1881910 126
1881920 126
1881930 126
1881940 126
1881950 126
1881960 126
1881970 126
1881980 126
1881990 126
1882000 126
1882010 126
1882020 126
1882030 126
1882040 126
1882050 126
1882060 126
1882070 126
1882080 126
1882090 126
1882100 126
1882110 126
1882120 126
1882130 126
1882140 126
1882150 126
1882160 126
1882170 126
1882180 126
1882190 126
1882200 126
1882210 126
1882220 126
1882230 126
1882240 126
1882250 126
1882260 126
1882270 126
1882280 126
1882290 125
1882300 125
1882310 125
1882320 125
1882330 125
1882340 125
1882350 125
1882360 125
1882370 125
1882380 125
1882390 125
1882400 125
1882410 126
1882420 126
1882430 126
1882440 126
1882450 126
1882460 126
1882470 126
1882480 126
1882490 125
1882500 126
1882510 126
1882520 126
1882530 126
1882540 126
1882550 126
1882560 125
1882570 125
1882580 125
1882590 125
1882600 125
1882610 125
1882620 125
1882630 125
1882640 125
1882650 125
1882660 125
1882670 125
1882680 125
1882690 125
1882700 125
1882710 125
1882720 125
1882730 125
1882740 125
1882750 125
1882760 125
1882770 125
1882780 125
1882790 125
1882800 125
1882810 125
1882820 125
1882830 124
1882840 124
1882850 124
1882860 124
1882870 124
1882880 124
1882890 125
1882900 125
1882910 124
1882920 124
1882930 124
1882940 122
1882950 122
1882960 122
1882970 124
1882980 125
1882990 125
1883000 125
1883010 125
1883020 125
1883030 125
1883040 125
1883050 125
1883060 125
1883070 125
1883080 124
1883090 124
1883100 124
1883110 124
1883120 124
1883130 124
1883140 124
1883150 124
1883160 124
1883170 124
1883180 124
1883190 124
1883200 124
1883210 124
1883220 124
1883230 124
1883240 124
1883250 124
1883260 125
1883270 125
1883280 124
1883290 124
1883300 124
1883310 124
1883320 124
1883330 124
1883340 124
1883350 124
1883360 124
1883370 124
1883380 124
1883390 124
1883400 124
1883410 125
1883420 125
1883430 125
1883440 126
1883450 126
1883460 126
1883470 126
1883480 126
1883490 126
1883500 126
1883510 126
1883520 126
1883530 127
1883540 127
1883550 127
1883560 127
1883570 127
1883580 127
1883590 127
1883600 127
1883610 127
1883620 128
1883630 128
1883640 129
1883650 129
1883660 129
1883670 129
1883680 129
1883690 129
1883700 129
1883710 129
1883720 129
1883730 129
1883740 131
1883750 131
1883760 131
1883770 132
1883780 132
1883790 132
1883800 133
1883810 133
1883820 134
1883830 134
1883840 134
1883850 134
1883860 134
1883870 134
1883880 134
1883890 134
1883900 134
1883910 134
1883920 133
1883930 133
1883940 133
1883950 133
1883960 133
1883970 133
1883980 133
1883990 133
1884000 133
1884010 133
1884020 132
1884030 132
1884040 131
1884050 131
1884060 131
1884070 131
1884080 131
1884090 131
1884100 131
1884110 131
1884120 131
1884130 131
1884140 131
1884150 131
1884160 130
1884170 130
1884180 130
1884190 130
1884200 130
1884210 130
1884220 130
1884230 130
1884240 130
1884250 130
1884260 130
1884270 130
1884280 130
1884290 130
1884300 130
1884310 130
1884320 131
1884330 131
1884340 131
1884350 131
1884360 131
1884370 131
1884380 131
1884390 131
1884400 132
1884410 132
1884420 132
1884430 133
1884440 134
1884450 134
1884460 134
1884470 134
1884480 134
1884490 135
1884500 135
1884510 135
1884520 135
1884530 136
1884540 136
1884550 137
1884560 137
1884570 137
1884580 138
1884590 139
1884600 139
1884610 139
1884620 140
1884630 140
1884640 140
1884650 140
1884660 141
1884670 141
1884680 141
1884690 141
1884700 141
1884710 141
1884720 141
1884730 141
1884740 141
1884750 141
1884760 141
1884770 142
1884780 141
1884790 141
1884800 141
1884810 141
1884820 141
1884830 141
1884840 140
1884850 140
1884860 140
1884870 140
1884880 140
1884890 140
1884900 140
1884910 140
1884920 140
1884930 140
1884940 140
1884950 140
1884960 141
1884970 141
1884980 141
1884990 142
1885000 142
1885010 143
1885020 144
1885030 144
1885040 146
1885050 148
1885060 148
1885070 150
1885080 152
1885090 152
1885100 154
1885110 155
1885120 155
1885130 156
1885140 157
1885150 157
1885160 157
1885170 157
1885180 157
1885190 157
1885200 157
1885210 157
1885220 157
1885230 157
1885240 157
1885250 157
1885260 157
1885270 157
1885280 157
1885290 157
1885300 157
1885310 157
1885320 157
1885330 157
1885340 157
1885350 157
1885360 157
1885370 157
1885380 156
1885390 156
1885400 157
1885410 157
1885420 157
1885430 157
1885440 157
1885450 157
1885460 157
1885470 157
1885480 157
1885490 157
1885500 157
1885510 157
1885520 157
1885530 157
1885540 157
1885550 157
1885560 157
1885570 156
1885580 156
1885590 156
1885600 156
1885610 156
1885620 156
1885630 156
1885640 156
1885650 156
1885660 156
1885670 156
1885680 156
1885690 156
1885700 156
1885710 156
1885720 157
1885730 157
1885740 157
1885750 157
1885760 157
1885770 157
1885780 157
1885790 157
1885800 157
1885810 157
1885820 157
1885830 157
1885840 157
1885850 157
1885860 157
1885870 157
1885880 157
1885890 157
1885900 157
1885910 157
1885920 157
1885930 157
1885940 157
1885950 157
1885960 158
1885970 158
1885980 158
1885990 158
1886000 158
1886010 158
1886020 158
1886030 158
1886040 158
1886050 158
1886060 158
1886070 158
1886080 158
1886090 158
1886100 158
1886110 158
1886120 158
1886130 158
1886140 158
1886150 158
1886160 158
1886170 158
1886180 158
1886190 158
1886200 158
1886210 158
1886220 158
1886230 158
1886240 158
1886250 158
1886260 158
1886270 158
1886280 158
1886290 158
1886300 158
1886310 158
1886320 158
1886330 158
1886340 158
1886350 158
1886360 158
1886370 158
1886380 158
1886390 158
1886400 158
1886410 158
1886420 158
1886430 158
1886440 158
1886450 158
1886460 158
1886470 157
1886480 157
1886490 157
1886500 157
1886510 157
1886520 157
1886530 157
1886540 158
1886550 158
1886560 157
1886570 157
1886580 157
1886590 157
1886600 157
1886610 157
1886620 157
1886630 157
1886640 157
1886650 157
1886660 157
1886670 157
1886680 157
1886690 157
1886700 157
1886710 157
1886720 157
1886730 157
1886740 157
1886750 157
1886760 157
1886770 157
1886780 157
1886790 157
1886800 157
1886810 157
1886820 157
1886830 157
1886840 157
1886850 157
1886860 157
1886870 157
1886880 157
1886890 157
1886900 157
1886910 157
1886920 157
1886930 157
1886940 157
1886950 157
1886960 157
1886970 157
1886980 157
1886990 157
1887000 157
1887010 157
1887020 157
1887030 157
1887040 157
1887050 157
1887060 157
1887070 157
1887080 157
1887090 157
1887100 157
1887110 157
1887120 157
1887130 157
1887140 157
1887150 157
1887160 157
1887170 157
1887180 157
1887190 157
1887200 157
1887210 157
1887220 157
1887230 157
1887240 157
1887250 157
1887260 157
1887270 157
1887280 157
1887290 157
1887300 157
1887310 157
1887320 157
1887330 157
1887340 157
1887350 157
1887360 157
1887370 157
1887380 157
1887390 157
1887400 157
1887410 157
1887420 157
1887430 157
1887440 157
1887450 157
1887460 157
1887470 157
1887480 157
1887490 157
1887500 157
1887510 157
1887520 157
1887530 157
1887540 157
1887550 157
1887560 157
1887570 157
1887580 157
1887590 157
1887600 157
1887610 157
1887620 157
1887630 157
1887640 157
1887650 157
1887660 157
1887670 157
1887680 157
1887690 157
1887700 157
1887710 157
1887720 157
1887730 157
1887740 157
1887750 157
1887760 157
1887770 157
1887780 157
1887790 157
1887800 157
1887810 157
1887820 157
1887830 158
1887840 158
1887850 158
1887860 158
1887870 157
1887880 157
1887890 157
1887900 157
1887910 157
1887920 157
1887930 157
1887940 157
1887950 157
1887960 157
1887970 157
1887980 157
1887990 157
1888000 157
1888010 157
1888020 157
1888030 157
1888040 157
1888050 157
1888060 156
1888070 156
1888080 156
1888090 156
1888100 156
1888110 156
1888120 156
1888130 156
1888140 156
1888150 155
1888160 155
1888170 155
1888180 155
1888190 155
1888200 155
1888210 155
1888220 155
1888230 155
1888240 155
1888250 155
1888260 155
1888270 155
1888280 155
1888290 155
1888300 155
1888310 155
1888320 156
1888330 156
1888340 156
1888350 156
1888360 156
1888370 156
1888380 156
1888390 156
1888400 156
1888410 156
1888420 156
1888430 156
1888440 156
1888450 156
1888460 156
1888470 156
1888480 156
1888490 156
1888500 156
1888510 156
1888520 156
1888530 156
1888540 156
1888550 156
1888560 156
1888570 157
1888580 157
1888590 157
1888600 157
1888610 157
1888620 157
1888630 157
1888640 157
1888650 157
1888660 157
1888670 157
1888680 157
1888690 157
1888700 157
1888710 157
1888720 157
1888730 157
1888740 157
1888750 157
1888760 157
1888770 157
1888780 157
1888790 156
1888800 156
1888810 156
1888820 156
1888830 156
1888840 156
1888850 156
1888860 156
1888870 155
1888880 155
1888890 155
1888900 155
1888910 155
1888920 155
1888930 155
1888940 155
1888950 155
1888960 155
1888970 154
1888980 154
1888990 154
1889000 154
1889010 154
1889020 154
1889030 153
1889040 153
1889050 153
1889060 153
1889070 153
1889080 152
1889090 152
1889100 152
1889110 151
1889120 151
1889130 151
1889140 151
1889150 151
1889160 151
1889170 151
1889180 151
1889190 151
1889200 151
1889210 151
1889220 151
1889230 151
1889240 151
1889250 151
1889260 151
1889270 151
1889280 151
1889290 151
1889300 151
1889310 151
1889320 150
1889330 150
1889340 150
1889350 150
1889360 150
1889370 150
1889380 150
1889390 150
1889400 150
1889410 150
1889420 150
1889430 150
1889440 150
1889450 150
1889460 150
1889470 150
1889480 149
1889490 149
1889500 149
1889510 149
1889520 148
1889530 148
1889540 148
1889550 148
1889560 148
1889570 147
1889580 147
1889590 147
1889600 147
1889610 146
1889620 146
1889630 146
1889640 146
1889650 146
1889660 146
1889670 145
1889680 145
1889690 145
1889700 145
1889710 145
1889720 145
1889730 144
1889740 144
1889750 143
1889760 143
1889770 143
1889780 142
1889790 142
1889800 142
1889810 142
1889820 142
1889830 142
1889840 141
1889850 141
1889860 141
1889870 141
1889880 141
1889890 141
1889900 141
1889910 140
1889920 140
1889930 140
1889940 140
1889950 140
1889960 140
1889970 140
1889980 140
1889990 140
1890000 140
1890010 140
1890020 140
1890030 140
1890040 140
1890050 140
1890060 140
1890070 140
1890080 140
1890090 140
1890100 140
1890110 141
1890120 141
1890130 141
1890140 141
1890150 142
1890160 142
1890170 142
1890180 142
1890190 142
1890200 143
1890210 143
1890220 143
1890230 143
1890240 143
1890250 143
1890260 143
1890270 143
1890280 143
1890290 143
1890300 143
1890310 143
1890320 143
1890330 143
1890340 143
1890350 143
1890360 143
1890370 144
1890380 144
1890390 144
1890400 144
1890410 144
1890420 144
1890430 144
1890440 144
1890450 144
1890460 145
1890470 145
1890480 145
1890490 145
1890500 145
1890510 145
1890520 146
1890530 146
1890540 146
1890550 146
1890560 146
1890570 147
1890580 147
1890590 147
1890600 147
1890610 147
1890620 147
1890630 147
1890640 147
1890650 147
1890660 148
1890670 148
1890680 148
1890690 148
1890700 149
1890710 149
1890720 149
1890730 150
1890740 150
1890750 150
1890760 151
1890770 151
1890780 151
1890790 152
1890800 152
1890810 152
1890820 152
1890830 152
1890840 153
1890850 153
1890860 153
1890870 153
1890880 153
1890890 153
1890900 153
1890910 153
1890920 153
1890930 153
1890940 153
1890950 153
1890960 153
1890970 153
1890980 153
1890990 153
1891000 153
1891010 153
1891020 153
1891030 153
1891040 153
1891050 153
1891060 153
1891070 153
1891080 153
1891090 153
1891100 153
1891110 153
1891120 153
1891130 153
1891140 153
1891150 153
1891160 153
1891170 153
1891180 153
1891190 153
1891200 153
1891210 153
1891220 153
1891230 153
1891240 153
1891250 153
1891260 153
1891270 153
1891280 152
1891290 152
1891300 152
1891310 152
1891320 152
1891330 151
1891340 151
1891350 151
1891360 151
1891370 151
1891380 151
1891390 150
1891400 150
1891410 150
1891420 150
1891430 149
1891440 149
1891450 149
1891460 149
1891470 149
1891480 148
1891490 148
1891500 148
1891510 147
1891520 146
1891530 146
1891540 146
1891550 145
1891560 145
1891570 145
1891580 145
1891590 145
1891600 143
1891610 142
1891620 142
1891630 141
1891640 140
1891650 140
1891660 139
1891670 138
1891680 138
1891690 138
1891700 137
1891710 137
1891720 137
1891730 136
1891740 136
1891750 136
1891760 136
1891770 136
1891780 136
1891790 135
1891800 135
1891810 136
1891820 136
1891830 136
1891840 136
1891850 136
1891860 136
1891870 136
1891880 137
1891890 137
1891900 137
1891910 137
1891920 137
1891930 137
1891940 138
1891950 138
1891960 138
1891970 138
1891980 139
1891990 139
1892000 139
1892010 139
1892020 139
1892030 139
1892040 139
1892050 139
1892060 140
1892070 141
1892080 141
1892090 141
1892100 142
1892110 142
1892120 142
1892130 143
1892140 143
1892150 144
1892160 144
1892170 144
1892180 145
1892190 145
1892200 145
1892210 145
1892220 146
1892230 146
1892240 146
1892250 147
1892260 147
1892270 145
1892280 146
1892290 146
1892300 146
1892310 146
1892320 146
1892330 146
1892340 147
1892350 147
1892360 148
1892370 149
1892380 149
1892390 149
1892400 149
1892410 149
1892420 150
1892430 150
1892440 150
1892450 150
1892460 150
1892470 150
1892480 150
1892490 151
1892500 151
1892510 151
1892520 151
1892530 151
1892540 151
1892550 152
1892560 152
1892570 152
1892580 152
1892590 152
1892600 152
1892610 152
1892620 152
1892630 153
1892640 153
1892650 153
1892660 153
1892670 153
1892680 153
1892690 153
1892700 153
1892710 153
1892720 153
1892730 153
1892740 153
1892750 153
1892760 153
1892770 153
1892780 153
1892790 153
1892800 153
1892810 153
1892820 153
1892830 153
1892840 153
1892850 153
1892860 153
1892870 153
1892880 153
1892890 153
1892900 153
1892910 154
1892920 153
1892930 153
1892940 153
1892950 154
1892960 154
1892970 154
1892980 154
1892990 154
1893000 154
1893010 154
1893020 154
1893030 154
1893040 154
1893050 154
1893060 154
1893070 154
1893080 154
1893090 154
1893100 154
1893110 154
1893120 154
1893130 154
1893140 154
1893150 154
1893160 154
1893170 154
1893180 154
1893190 154
1893200 154
1893210 154
1893220 154
1893230 154
1893240 154
1893250 154
1893260 154
1893270 154
1893280 154
1893290 154
1893300 154
1893310 154
1893320 154
1893330 154
1893340 154
1893350 154
1893360 154
1893370 154
1893380 154
1893390 153
1893400 153
1893410 153
1893420 153
1893430 153
1893440 153
1893450 153
1893460 153
1893470 153
1893480 154
1893490 154
1893500 154
1893510 154
1893520 154
1893530 154
1893540 154
1893550 154
1893560 154
1893570 154
1893580 154
1893590 154
1893600 154
1893610 154
1893620 154
1893630 154
1893640 154
1893650 154
1893660 154
1893670 154
1893680 154
1893690 154
1893700 154
1893710 154
1893720 154
1893730 154
1893740 154
1893750 154
1893760 154
1893770 154
1893780 154
1893790 154
1893800 154
1893810 154
1893820 154
1893830 154
1893840 154
1893850 154
1893860 154
1893870 154
1893880 154
1893890 154
1893900 154
1893910 154
1893920 154
1893930 154
1893940 154
1893950 154
1893960 154
1893970 154
1893980 154
1893990 154
1894000 154
1894010 154
1894020 154
1894030 154
1894040 154
1894050 154
1894060 154
1894070 154
1894080 154
1894090 153
1894100 153
1894110 153
1894120 154
1894130 154
1894140 154
1894150 153
1894160 153
1894170 153
1894180 153
1894190 153
1894200 153
1894210 153
1894220 153
1894230 153
1894240 153
1894250 153
1894260 153
1894270 153
1894280 153
1894290 153
1894300 153
1894310 153
1894320 153
1894330 154
1894340 154
1894350 154
1894360 154
1894370 154
1894380 154
1894390 154
1894400 154
1894410 154
1894420 154
1894430 154
1894440 154
1894450 154
1894460 154
1894470 154
1894480 154
1894490 154
1894500 154
1894510 154
1894520 154
1894530 154
1894540 154
1894550 154
1894560 154
1894570 154
1894580 154
1894590 154
1894600 154
1894610 154
1894620 154
1894630 154
1894640 154
1894650 154
1894660 154
1894670 154
1894680 154
1894690 154
1894700 154
1894710 154
1894720 154
1894730 154
1894740 154
1894750 154
1894760 154
1894770 154
1894780 154
1894790 153
1894800 153
1894810 153
1894820 153
1894830 153
1894840 153
1894850 153
1894860 153
1894870 153
1894880 153
1894890 153
1894900 153
1894910 152
1894920 152
1894930 152
1894940 152
1894950 152
1894960 152
1894970 152
1894980 152
1894990 152
1895000 152
1895010 152
1895020 152
1895030 152
1895040 152
1895050 152
1895060 152
1895070 152
1895080 152
1895090 152
1895100 152
1895110 152
1895120 152
1895130 152
1895140 152
1895150 152
1895160 152
1895170 152
1895180 153
1895190 153
1895200 153
1895210 153
1895220 153
1895230 153
1895240 153
1895250 153
1895260 154
1895270 154
1895280 154
1895290 154
1895300 154
1895310 154
1895320 154
1895330 154
1895340 154
1895350 154
1895360 154
1895370 154
1895380 154
1895390 154
1895400 154
1895410 154
1895420 154
1895430 154
1895440 154
1895450 154
1895460 154
1895470 154
1895480 154
1895490 154
1895500 154
1895510 154
1895520 154
1895530 154
1895540 154
1895550 154
1895560 154
1895570 154
1895580 155
1895590 155
1895600 155
1895610 155
1895620 155
1895630 155
1895640 155
1895650 155
1895660 155
1895670 155
1895680 155
1895690 155
1895700 155
1895710 155
1895720 155
1895730 155
1895740 155
1895750 155
1895760 155
1895770 155
1895780 155
1895790 155
1895800 155
1895810 155
1895820 155
1895830 155
1895840 155
1895850 155
1895860 155
1895870 155
1895880 155
1895890 155
1895900 155
1895910 155
1895920 155
1895930 155
1895940 155
1895950 155
1895960 155
1895970 155
1895980 155
1895990 155
1896000 156
1896010 156
1896020 156
1896030 156
1896040 155
1896050 155
1896060 155
1896070 155
1896080 155
1896090 155
1896100 155
1896110 155
1896120 155
1896130 155
1896140 155
1896150 155
1896160 155
1896170 155
1896180 155
1896190 155
1896200 155
1896210 155
1896220 155
1896230 155
1896240 155
1896250 154
1896260 154
1896270 154
1896280 154
1896290 154
1896300 154
1896310 154
1896320 154
1896330 154
1896340 154
1896350 154
1896360 154
1896370 154
1896380 154
1896390 154
1896400 154
1896410 155
1896420 155
1896430 155
1896440 155
1896450 155
1896460 155
1896470 154
1896480 154
1896490 154
1896500 154
1896510 154
1896520 154
1896530 154
1896540 154
1896550 154
1896560 154
1896570 154
1896580 154
1896590 154
1896600 154
1896610 154
1896620 154
1896630 154
1896640 154
1896650 154
1896660 154
1896670 154
1896680 154
1896690 154
1896700 154
1896710 154
1896720 154
1896730 154
1896740 154
1896750 154
1896760 154
1896770 154
1896780 154
1896790 154
1896800 154
1896810 154
1896820 154
1896830 153
1896840 153
1896850 153
1896860 153
1896870 153
1896880 153
1896890 153
1896900 153
1896910 153
1896920 153
1896930 153
1896940 153
1896950 153
1896960 154
1896970 154
1896980 154
1896990 154
1897000 154
1897010 154
1897020 154
1897030 154
1897040 154
1897050 154
1897060 154
1897070 154
1897080 154
1897090 154
1897100 154
1897110 154
1897120 154
1897130 154
1897140 154
1897150 154
1897160 154
1897170 154
1897180 154
1897190 154
1897200 154
1897210 154
1897220 154
1897230 154
1897240 154
1897250 154
1897260 154
1897270 154
1897280 154
1897290 154
1897300 154
1897310 154
1897320 154
1897330 154
1897340 154
1897350 154
1897360 154
1897370 154
1897380 153
1897390 153
1897400 153
1897410 153
1897420 153
1897430 153
1897440 153
1897450 153
1897460 153
1897470 154
1897480 154
1897490 154
1897500 154
1897510 154
1897520 153
1897530 153
1897540 153
1897550 153
1897560 153
1897570 153
1897580 153
1897590 153
1897600 153
1897610 153
1897620 153
1897630 153
1897640 154
1897650 154
1897660 154
1897670 154
1897680 153
1897690 153
1897700 153
1897710 153
1897720 153
1897730 153
1897740 153
1897750 153
1897760 153
1897770 153
1897780 153
1897790 153
1897800 153
1897810 153
1897820 153
1897830 153
1897840 153
1897850 153
1897860 153
1897870 153
1897880 153
1897890 153
1897900 153
1897910 154
1897920 154
1897930 154
1897940 154
1897950 154
1897960 154
1897970 154
1897980 154
1897990 154
1898000 154
1898010 154
1898020 154
1898030 154
1898040 154
1898050 154
1898060 154
1898070 154
1898080 154
1898090 154
1898100 154
1898110 154
1898120 154
1898130 154
1898140 154
1898150 154
1898160 154
1898170 154
1898180 154
1898190 154
1898200 154
1898210 154
1898220 153
1898230 153
1898240 153
1898250 153
1898260 153
1898270 153
1898280 153
1898290 154
1898300 154
1898310 154
1898320 154
1898330 154
1898340 154
1898350 154
1898360 154
1898370 154
1898380 154
1898390 154
1898400 154
1898410 154
1898420 154
1898430 154
1898440 154
1898450 154
1898460 154
1898470 154
1898480 154
1898490 154
1898500 154
1898510 154
1898520 154
1898530 154
1898540 154
1898550 154
1898560 154
1898570 154
1898580 154
1898590 154
1898600 154
1898610 154
1898620 154
1898630 154
1898640 154
1898650 154
1898660 154
1898670 154
1898680 154
1898690 154
1898700 154
1898710 154
1898720 154
1898730 154
1898740 154
1898750 154
1898760 154
1898770 153
1898780 153
1898790 153
1898800 153
1898810 153
1898820 153
1898830 153
1898840 153
1898850 153
1898860 153
1898870 153
1898880 153
1898890 153
1898900 153
1898910 153
1898920 153
1898930 153
1898940 153
1898950 153
1898960 152
1898970 152
1898980 152
1898990 151
1899000 151
1899010 151
1899020 151
1899030 151
1899040 151
1899050 151
1899060 151
1899070 152
1899080 152
1899090 152
1899100 150
1899110 150
1899120 150
1899130 150
1899140 150
1899150 150
1899160 151
1899170 151
1899180 151
1899190 151
1899200 151
1899210 151
1899220 151
1899230 151
1899240 151
1899250 150
1899260 151
1899270 151
1899280 151
1899290 151
1899300 151
1899310 151
1899320 151
1899330 151
1899340 151
1899350 151
1899360 151
1899370 151
1899380 151
1899390 151
1899400 151
1899410 151
1899420 151
1899430 151
1899440 151
1899450 151
1899460 151
1899470 151
1899480 150
1899490 150
1899500 150
1899510 150
1899520 150
1899530 150
1899540 149
1899550 149
1899560 149
1899570 148
1899580 148
1899590 147
1899600 147
1899610 147
1899620 146
1899630 146
1899640 146
1899650 145
1899660 144
1899670 144
1899680 143
1899690 142
1899700 142
1899710 141
1899720 141
1899730 141
1899740 140
1899750 140
1899760 140
1899770 140
1899780 140
1899790 140
1899800 139
1899810 139
1899820 139
1899830 139
1899840 138
1899850 138
1899860 138
1899870 137
1899880 137
1899890 137
1899900 137
1899910 137
1899920 136
1899930 135
1899940 135
1899950 135
1899960 134
1899970 134
1899980 134
1899990 133
