1880000 123
1880010 123
1880020 123
1880030 123
1880040 123
1880050 123
1880060 123
1880070 123
1880080 123
1880090 123
1880100 123
1880110 122
1880120 122
1880130 122
1880140 122
1880150 122
1880160 122
1880170 122
1880180 122
1880190 122
1880200 122
1880210 122
1880220 122
1880230 122
1880240 122
1880250 122
1880260 122
1880270 122
1880280 122
1880290 122
1880300 122
1880310 122
1880320 121
1880330 121
1880340 122
1880350 122
1880360 122
1880370 122
1880380 122
1880390 122
1880400 122
1880410 122
1880420 122
1880430 122
1880440 122
1880450 122
1880460 122
1880470 123
1880480 123
1880490 123
1880500 123
1880510 123
1880520 123
1880530 123
1880540 123
1880550 123
1880560 123
1880570 123
1880580 123
1880590 123
1880600 123
1880610 123
1880620 123
1880630 123
1880640 123
1880650 123
1880660 123
1880670 123
1880680 123
1880690 123
1880700 123
1880710 123
1880720 123
1880730 123
1880740 123
1880750 123
1880760 123
1880770 124
1880780 124
1880790 124
1880800 124
1880810 124
1880820 124
1880830 124
1880840 124
1880850 124
1880860 124
1880870 123
1880880 123
1880890 123
1880900 123
1880910 123
1880920 123
1880930 123
1880940 123
1880950 123
1880960 123
1880970 123
1880980 123
1880990 123
1881000 123
1881010 124
1881020 124
1881030 124
1881040 123
1881050 123
1881060 123
1881070 123
1881080 123
1881090 123
1881100 123
1881110 123
1881120 123
1881130 123
1881140 123
1881150 123
1881160 123
1881170 123
1881180 123
1881190 123
1881200 123
1881210 123
1881220 123
1881230 123
1881240 123
1881250 123
1881260 123
1881270 123
1881280 123
1881290 123
1881300 123
1881310 123
1881320 123
1881330 123
1881340 123
1881350 123
1881360 123
1881370 123
1881380 123
1881390 123
1881400 123
1881410 123
1881420 122
1881430 122
1881440 122
1881450 122
1881460 122
1881470 122
1881480 122
1881490 122
1881500 123
1881510 123
1881520 123
1881530 123
1881540 123
1881550 123
1881560 123
1881570 123
1881580 123
1881590 123
1881600 123
1881610 123
1881620 123
1881630 123
1881640 123
1881650 123
1881660 123
1881670 123
1881680 123
1881690 123
1881700 123
1881710 123
1881720 123
1881730 123
1881740 122
1881750 123
1881760 123
1881770 123
1881780 123
1881790 123
1881800 123
1881810 123
1881820 123
1881830 123
1881840 123
1881850 123
1881860 123
1881870 123
1881880 123
1881890 123
1881900 123
1881910 123
1881920 123
1881930 123
1881940 123
1881950 123
1881960 123
1881970 123
1881980 123
1881990 123
1882000 123
1882010 123
1882020 122
1882030 122
1882040 122
1882050 122
1882060 123
1882070 123
1882080 123
1882090 123
1882100 123
1882110 123
1882120 123
1882130 123
1882140 123
1882150 122
1882160 122
1882170 122
1882180 122
1882190 122
1882200 122
1882210 122
1882220 122
1882230 123
1882240 123
1882250 123
1882260 123
1882270 123
1882280 123
1882290 123
1882300 122
1882310 122
1882320 122
1882330 122
1882340 122
1882350 122
1882360 122
1882370 122
1882380 122
1882390 122
1882400 122
1882410 122
1882420 123
1882430 123
1882440 123
1882450 123
1882460 123
1882470 122
1882480 122
1882490 122
1882500 123
1882510 123
1882520 123
1882530 123
1882540 123
1882550 123
1882560 123
1882570 123
1882580 123
1882590 123
1882600 123
1882610 123
1882620 123
1882630 123
1882640 123
1882650 123
1882660 123
1882670 123
1882680 123
1882690 123
1882700 123
1882710 123
1882720 123
1882730 123
1882740 123
1882750 123
1882760 123
1882770 123
1882780 123
1882790 123
1882800 123
1882810 123
1882820 123
1882830 123
1882840 123
1882850 123
1882860 123
1882870 123
1882880 123
1882890 123
1882900 123
1882910 124
1882920 124
1882930 124
1882940 124
1882950 124
1882960 123
1882970 123
1882980 123
1882990 123
1883000 123
1883010 123
1883020 123
1883030 123
1883040 123
1883050 123
1883060 123
1883070 123
1883080 123
1883090 123
1883100 123
1883110 123
1883120 123
1883130 123
1883140 123
1883150 124
1883160 124
1883170 123
1883180 123
1883190 123
1883200 123
1883210 123
1883220 123
1883230 123
1883240 123
1883250 123
1883260 123
1883270 123
1883280 123
1883290 123
1883300 123
1883310 123
1883320 123
1883330 123
1883340 123
1883350 123
1883360 123
1883370 123
1883380 123
1883390 123
1883400 123
1883410 123
1883420 123
1883430 123
1883440 123
1883450 123
1883460 123
1883470 123
1883480 123
1883490 123
1883500 123
1883510 123
1883520 123
1883530 123
1883540 123
1883550 123
1883560 123
1883570 123
1883580 123
1883590 123
1883600 123
1883610 123
1883620 123
1883630 123
1883640 123
1883650 123
1883660 123
1883670 123
1883680 123
1883690 123
1883700 123
1883710 123
1883720 123
1883730 123
1883740 123
1883750 123
1883760 123
1883770 123
1883780 123
1883790 123
1883800 123
1883810 123
1883820 123
1883830 123
1883840 124
1883850 124
1883860 124
1883870 124
1883880 124
1883890 124
1883900 124
1883910 124
1883920 124
1883930 124
1883940 124
1883950 124
1883960 124
1883970 124
1883980 124
1883990 123
1884000 123
1884010 123
1884020 123
1884030 123
1884040 123
1884050 123
1884060 123
1884070 123
1884080 124
1884090 124
1884100 124
1884110 124
1884120 124
1884130 124
1884140 124
1884150 124
1884160 124
1884170 125
1884180 125
1884190 125
1884200 125
1884210 125
1884220 125
1884230 126
1884240 126
1884250 126
1884260 126
1884270 127
1884280 127
1884290 127
1884300 126
1884310 126
1884320 127
1884330 127
1884340 127
1884350 127
1884360 127
1884370 127
1884380 127
1884390 127
1884400 127
1884410 127
1884420 128
1884430 128
1884440 128
1884450 128
1884460 128
1884470 128
1884480 128
1884490 128
1884500 128
1884510 128
1884520 128
1884530 128
1884540 128
1884550 128
1884560 128
1884570 129
1884580 129
1884590 129
1884600 129
1884610 129
1884620 129
1884630 129
1884640 129
1884650 129
1884660 130
1884670 130
1884680 130
1884690 130
1884700 130
1884710 130
1884720 130
1884730 130
1884740 130
1884750 130
1884760 130
1884770 130
1884780 130
1884790 131
1884800 131
1884810 131
1884820 131
1884830 131
1884840 131
1884850 131
1884860 131
1884870 131
1884880 132
1884890 132
1884900 132
1884910 132
1884920 132
1884930 133
1884940 133
1884950 133
1884960 134
1884970 135
1884980 135
1884990 136
1885000 137
1885010 137
1885020 138
1885030 138
1885040 138
1885050 139
1885060 140
1885070 140
1885080 140
1885090 141
1885100 141
1885110 142
1885120 142
1885130 142
1885140 143
1885150 144
1885160 144
1885170 144
1885180 144
1885190 144
1885200 145
1885210 145
1885220 145
1885230 146
1885240 146
1885250 146
1885260 147
1885270 147
1885280 147
1885290 148
1885300 149
1885310 150
1885320 150
1885330 151
1885340 152
1885350 152
1885360 153
1885370 153
1885380 153
1885390 152
1885400 152
1885410 152
1885420 152
1885430 153
1885440 153
1885450 153
1885460 154
1885470 154
1885480 155
1885490 156
1885500 156
1885510 156
1885520 157
1885530 157
1885540 157
1885550 157
1885560 157
1885570 157
1885580 157
1885590 157
1885600 157
1885610 157
1885620 157
1885630 157
1885640 157
1885650 157
1885660 157
1885670 157
1885680 157
1885690 157
1885700 156
1885710 156
1885720 156
1885730 156
1885740 156
1885750 156
1885760 156
1885770 156
1885780 156
1885790 156
1885800 156
1885810 156
1885820 157
1885830 157
1885840 157
1885850 157
1885860 157
1885870 157
1885880 157
1885890 157
1885900 157
1885910 157
1885920 157
1885930 157
1885940 157
1885950 157
1885960 157
1885970 157
1885980 157
1885990 157
1886000 157
1886010 157
1886020 158
1886030 158
1886040 158
1886050 158
1886060 158
1886070 158
1886080 158
1886090 158
1886100 158
1886110 158
1886120 158
1886130 158
1886140 158
1886150 158
1886160 158
1886170 158
1886180 158
1886190 158
1886200 158
1886210 158
1886220 158
1886230 158
1886240 157
1886250 157
1886260 157
1886270 157
1886280 157
1886290 157
1886300 157
1886310 157
1886320 157
1886330 157
1886340 157
1886350 157
1886360 157
1886370 157
1886380 157
1886390 157
1886400 157
1886410 157
1886420 157
1886430 157
1886440 157
1886450 157
1886460 157
1886470 157
1886480 157
1886490 157
1886500 157
1886510 157
1886520 157
1886530 157
1886540 157
1886550 157
1886560 157
1886570 157
1886580 157
1886590 157
1886600 157
1886610 157
1886620 157
1886630 157
1886640 157
1886650 157
1886660 157
1886670 157
1886680 157
1886690 157
1886700 157
1886710 157
1886720 157
1886730 157
1886740 157
1886750 157
1886760 157
1886770 157
1886780 157
1886790 157
1886800 157
1886810 157
1886820 157
1886830 157
1886840 157
1886850 157
1886860 157
1886870 157
1886880 157
1886890 157
1886900 157
1886910 157
1886920 157
1886930 157
1886940 157
1886950 157
1886960 157
1886970 157
1886980 157
1886990 157
1887000 157
1887010 157
1887020 157
1887030 156
1887040 156
1887050 156
1887060 156
1887070 156
1887080 156
1887090 156
1887100 156
1887110 156
1887120 156
1887130 157
1887140 157
1887150 156
1887160 156
1887170 156
1887180 156
1887190 156
1887200 156
1887210 156
1887220 156
1887230 156
1887240 156
1887250 156
1887260 156
1887270 156
1887280 156
1887290 156
1887300 156
1887310 156
1887320 156
1887330 156
1887340 156
1887350 156
1887360 156
1887370 156
1887380 156
1887390 156
1887400 156
1887410 156
1887420 156
1887430 156
1887440 156
1887450 156
1887460 156
1887470 156
1887480 156
1887490 156
1887500 156
1887510 156
1887520 156
1887530 156
1887540 156
1887550 156
1887560 156
1887570 156
1887580 156
1887590 156
1887600 156
1887610 156
1887620 156
1887630 156
1887640 156
1887650 156
1887660 156
1887670 156
1887680 156
1887690 156
1887700 156
1887710 156
1887720 156
1887730 155
1887740 155
1887750 155
1887760 156
1887770 156
1887780 156
1887790 155
1887800 155
1887810 155
1887820 155
1887830 155
1887840 155
1887850 156
1887860 156
1887870 156
1887880 156
1887890 156
1887900 156
1887910 156
1887920 156
1887930 156
1887940 155
1887950 156
1887960 156
1887970 155
1887980 155
1887990 155
1888000 155
1888010 155
1888020 155
1888030 155
1888040 155
1888050 155
1888060 155
1888070 155
1888080 155
1888090 155
1888100 155
1888110 155
1888120 155
1888130 155
1888140 155
1888150 155
1888160 155
1888170 155
1888180 155
1888190 155
1888200 155
1888210 155
1888220 155
1888230 155
1888240 155
1888250 155
1888260 155
1888270 155
1888280 156
1888290 156
1888300 155
1888310 155
1888320 155
1888330 155
1888340 155
1888350 155
1888360 155
1888370 155
1888380 155
1888390 155
1888400 155
1888410 155
1888420 155
1888430 155
1888440 155
1888450 155
1888460 155
1888470 155
1888480 155
1888490 155
1888500 155
1888510 155
1888520 155
1888530 154
1888540 154
1888550 154
1888560 154
1888570 154
1888580 154
1888590 155
1888600 155
1888610 155
1888620 155
1888630 155
1888640 155
1888650 155
1888660 155
1888670 155
1888680 155
1888690 155
1888700 155
1888710 154
1888720 154
1888730 154
1888740 154
1888750 154
1888760 154
1888770 154
1888780 154
1888790 154
1888800 153
1888810 153
1888820 152
1888830 152
1888840 152
1888850 152
1888860 151
1888870 151
1888880 151
1888890 151
1888900 151
1888910 151
1888920 150
1888930 150
1888940 150
1888950 150
1888960 150
1888970 150
1888980 150
1888990 150
1889000 150
1889010 151
1889020 151
1889030 151
1889040 151
1889050 151
1889060 151
1889070 151
1889080 151
1889090 152
1889100 152
1889110 152
1889120 153
1889130 153
1889140 153
1889150 153
1889160 153
1889170 153
1889180 153
1889190 153
1889200 153
1889210 153
1889220 153
1889230 153
1889240 153
1889250 153
1889260 153
1889270 152
1889280 152
1889290 152
1889300 152
1889310 152
1889320 152
1889330 152
1889340 152
1889350 152
1889360 152
1889370 152
1889380 152
1889390 152
1889400 152
1889410 151
1889420 151
1889430 151
1889440 151
1889450 151
1889460 151
1889470 151
1889480 151
1889490 151
1889500 151
1889510 151
1889520 151
1889530 151
1889540 151
1889550 151
1889560 151
1889570 151
1889580 151
1889590 151
1889600 151
1889610 151
1889620 151
1889630 151
1889640 151
1889650 150
1889660 150
1889670 150
1889680 150
1889690 150
1889700 150
1889710 149
1889720 149
1889730 149
1889740 149
1889750 149
1889760 149
1889770 149
1889780 149
1889790 148
1889800 148
1889810 148
1889820 148
1889830 148
1889840 148
1889850 148
1889860 148
1889870 148
1889880 148
1889890 147
1889900 147
1889910 147
1889920 147
1889930 147
1889940 147
1889950 146
1889960 146
1889970 146
1889980 146
1889990 146
1890000 145
1890010 145
1890020 145
1890030 145
1890040 144
1890050 144
1890060 144
1890070 144
1890080 143
1890090 143
1890100 143
1890110 143
1890120 142
1890130 142
1890140 142
1890150 142
1890160 141
1890170 141
1890180 141
1890190 141
1890200 140
1890210 140
1890220 140
1890230 140
1890240 140
1890250 140
1890260 140
1890270 140
1890280 140
1890290 140
1890300 140
1890310 139
1890320 139
1890330 139
1890340 139
1890350 139
1890360 139
1890370 140
1890380 140
1890390 140
1890400 140
1890410 141
1890420 141
1890430 141
1890440 141
1890450 141
1890460 142
1890470 142
1890480 142
1890490 142
1890500 143
1890510 143
1890520 143
1890530 144
1890540 144
1890550 144
1890560 145
1890570 145
1890580 145
1890590 146
1890600 146
1890610 146
1890620 147
1890630 147
1890640 148
1890650 148
1890660 148
1890670 149
1890680 149
1890690 149
1890700 149
1890710 150
1890720 150
1890730 150
1890740 150
1890750 150
1890760 151
1890770 151
1890780 151
1890790 151
1890800 151
1890810 151
1890820 152
1890830 152
1890840 152
1890850 152
1890860 152
1890870 152
1890880 152
1890890 152
1890900 152
1890910 152
1890920 152
1890930 152
1890940 152
1890950 152
1890960 152
1890970 152
1890980 152
1890990 152
1891000 152
1891010 152
1891020 152
1891030 152
1891040 152
1891050 152
1891060 152
1891070 153
1891080 153
1891090 153
1891100 153
1891110 153
1891120 153
1891130 153
1891140 153
1891150 153
1891160 153
1891170 153
1891180 153
1891190 153
1891200 152
1891210 152
1891220 152
1891230 152
1891240 152
1891250 152
1891260 152
1891270 152
1891280 152
1891290 152
1891300 152
1891310 152
1891320 152
1891330 152
1891340 152
1891350 152
1891360 152
1891370 152
1891380 152
1891390 152
1891400 152
1891410 152
1891420 152
1891430 152
1891440 152
1891450 152
1891460 152
1891470 152
1891480 152
1891490 152
1891500 152
1891510 152
1891520 152
1891530 152
1891540 152
1891550 152
1891560 152
1891570 152
1891580 151
1891590 151
1891600 151
1891610 151
1891620 150
1891630 150
1891640 150
1891650 150
1891660 150
1891670 150
1891680 150
1891690 150
1891700 150
1891710 150
1891720 150
1891730 150
1891740 150
1891750 149
1891760 149
1891770 149
1891780 148
1891790 148
1891800 148
1891810 147
1891820 147
1891830 147
1891840 146
1891850 146
1891860 145
1891870 145
1891880 145
1891890 145
1891900 144
1891910 144
1891920 143
1891930 143
1891940 143
1891950 142
1891960 141
1891970 141
1891980 140
1891990 139
1892000 139
1892010 138
1892020 137
1892030 137
1892040 137
1892050 136
1892060 136
1892070 136
1892080 135
1892090 135
1892100 135
1892110 135
1892120 135
1892130 135
1892140 135
1892150 135
1892160 134
1892170 134
1892180 134
1892190 135
1892200 135
1892210 135
1892220 135
1892230 135
1892240 135
1892250 135
1892260 136
1892270 136
1892280 136
1892290 137
1892300 138
1892310 139
1892320 140
1892330 140
1892340 141
1892350 142
1892360 142
1892370 143
1892380 144
1892390 144
1892400 144
1892410 144
1892420 144
1892430 144
1892440 144
1892450 144
1892460 143
1892470 143
1892480 143
1892490 144
1892500 145
1892510 145
1892520 146
1892530 147
1892540 147
1892550 147
1892560 148
1892570 149
1892580 149
1892590 149
1892600 149
1892610 149
1892620 149
1892630 149
1892640 149
1892650 149
1892660 149
1892670 149
1892680 149
1892690 149
1892700 149
1892710 149
1892720 149
1892730 149
1892740 149
1892750 149
1892760 149
1892770 149
1892780 150
1892790 150
1892800 150
1892810 150
1892820 150
1892830 149
1892840 149
1892850 149
1892860 149
1892870 149
1892880 149
1892890 149
1892900 149
1892910 149
1892920 150
1892930 150
1892940 150
1892950 151
1892960 151
1892970 151
1892980 151
1892990 151
1893000 151
1893010 151
1893020 151
1893030 151
1893040 152
1893050 152
1893060 152
1893070 152
1893080 152
1893090 152
1893100 152
1893110 153
1893120 153
1893130 153
1893140 153
1893150 153
1893160 153
1893170 153
1893180 153
1893190 153
1893200 153
1893210 153
1893220 153
1893230 153
1893240 153
1893250 153
1893260 153
1893270 153
1893280 153
1893290 153
1893300 153
1893310 153
1893320 153
1893330 153
1893340 153
1893350 153
1893360 153
1893370 153
1893380 153
1893390 153
1893400 153
1893410 153
1893420 153
1893430 153
1893440 153
1893450 152
1893460 152
1893470 152
1893480 152
1893490 152
1893500 153
1893510 153
1893520 153
1893530 153
1893540 153
1893550 153
1893560 154
1893570 154
1893580 154
1893590 154
1893600 154
1893610 154
1893620 154
1893630 154
1893640 154
1893650 154
1893660 154
1893670 154
1893680 154
1893690 154
1893700 154
1893710 154
1893720 154
1893730 154
1893740 154
1893750 154
1893760 154
1893770 154
1893780 154
1893790 154
1893800 154
1893810 154
1893820 154
1893830 154
1893840 153
1893850 153
1893860 153
1893870 153
1893880 153
1893890 153
1893900 153
1893910 153
1893920 153
1893930 153
1893940 153
1893950 153
1893960 153
1893970 153
1893980 153
1893990 153
1894000 153
1894010 153
1894020 153
1894030 153
1894040 153
1894050 153
1894060 153
1894070 153
1894080 153
1894090 153
1894100 153
1894110 153
1894120 153
1894130 153
1894140 153
1894150 153
1894160 153
1894170 153
1894180 153
1894190 153
1894200 153
1894210 153
1894220 153
1894230 153
1894240 153
1894250 153
1894260 153
1894270 153
1894280 153
1894290 153
1894300 153
1894310 153
1894320 153
1894330 153
1894340 153
1894350 153
1894360 153
1894370 153
1894380 153
1894390 153
1894400 153
1894410 153
1894420 153
1894430 153
1894440 153
1894450 153
1894460 153
1894470 153
1894480 153
1894490 153
1894500 153
1894510 153
1894520 153
1894530 153
1894540 153
1894550 153
1894560 153
1894570 153
1894580 153
1894590 153
1894600 153
1894610 153
1894620 153
1894630 153
1894640 153
1894650 153
1894660 153
1894670 153
1894680 153
1894690 153
1894700 153
1894710 153
1894720 153
1894730 153
1894740 153
1894750 153
1894760 153
1894770 153
1894780 153
1894790 153
1894800 153
1894810 153
1894820 153
1894830 153
1894840 153
1894850 153
1894860 153
1894870 152
1894880 152
1894890 152
1894900 152
1894910 152
1894920 152
1894930 152
1894940 152
1894950 152
1894960 152
1894970 152
1894980 152
1894990 152
1895000 152
1895010 152
1895020 152
1895030 152
1895040 152
1895050 152
1895060 152
1895070 152
1895080 151
1895090 151
1895100 151
1895110 151
1895120 151
1895130 151
1895140 151
1895150 151
1895160 151
1895170 151
1895180 151
1895190 151
1895200 151
1895210 151
1895220 151
1895230 150
1895240 150
1895250 150
1895260 150
1895270 150
1895280 150
1895290 151
1895300 151
1895310 151
1895320 151
1895330 152
1895340 152
1895350 152
1895360 152
1895370 152
1895380 152
1895390 153
1895400 153
1895410 153
1895420 153
1895430 153
1895440 153
1895450 153
1895460 153
1895470 153
1895480 153
1895490 153
1895500 153
1895510 153
1895520 153
1895530 153
1895540 153
1895550 153
1895560 153
1895570 153
1895580 153
1895590 153
1895600 153
1895610 153
1895620 154
1895630 154
1895640 154
1895650 154
1895660 154
1895670 154
1895680 154
1895690 154
1895700 154
1895710 154
1895720 154
1895730 154
1895740 154
1895750 154
1895760 154
1895770 154
1895780 154
1895790 154
1895800 154
1895810 154
1895820 154
1895830 154
1895840 154
1895850 154
1895860 154
1895870 154
1895880 154
1895890 154
1895900 155
1895910 155
1895920 155
1895930 155
1895940 155
1895950 155
1895960 155
1895970 155
1895980 155
1895990 155
1896000 155
1896010 155
1896020 155
1896030 155
1896040 155
1896050 155
1896060 155
1896070 155
1896080 155
1896090 155
1896100 155
1896110 155
1896120 155
1896130 155
1896140 155
1896150 154
1896160 154
1896170 154
1896180 154
1896190 154
1896200 154
1896210 154
1896220 154
1896230 154
1896240 154
1896250 154
1896260 154
1896270 154
1896280 154
1896290 154
1896300 154
1896310 154
1896320 154
1896330 154
1896340 154
1896350 154
1896360 154
1896370 154
1896380 154
1896390 154
1896400 154
1896410 154
1896420 154
1896430 154
1896440 154
1896450 154
1896460 154
1896470 154
1896480 154
1896490 154
1896500 154
1896510 154
1896520 154
1896530 154
1896540 154
1896550 154
1896560 154
1896570 154
1896580 154
1896590 154
1896600 154
1896610 154
1896620 154
1896630 154
1896640 154
1896650 154
1896660 154
1896670 154
1896680 154
1896690 154
1896700 154
1896710 154
1896720 154
1896730 154
1896740 154
1896750 154
1896760 154
1896770 154
1896780 154
1896790 154
1896800 154
1896810 154
1896820 154
1896830 154
1896840 154
1896850 154
1896860 154
1896870 154
1896880 154
1896890 154
1896900 153
1896910 153
1896920 153
1896930 153
1896940 153
1896950 153
1896960 153
1896970 152
1896980 152
1896990 152
1897000 152
1897010 151
1897020 151
1897030 151
1897040 151
1897050 151
1897060 151
1897070 151
1897080 151
1897090 151
1897100 151
1897110 152
1897120 152
1897130 152
1897140 152
1897150 152
1897160 152
1897170 152
1897180 151
1897190 151
1897200 151
1897210 151
1897220 151
1897230 151
1897240 151
1897250 151
1897260 152
1897270 152
1897280 152
1897290 152
1897300 153
1897310 153
1897320 153
1897330 153
1897340 153
1897350 153
1897360 153
1897370 153
1897380 153
1897390 153
1897400 153
1897410 153
1897420 153
1897430 153
1897440 153
1897450 153
1897460 153
1897470 153
1897480 153
1897490 153
1897500 153
1897510 153
1897520 153
1897530 153
1897540 153
1897550 153
1897560 153
1897570 153
1897580 153
1897590 153
1897600 153
1897610 153
1897620 153
1897630 153
1897640 153
1897650 153
1897660 153
1897670 153
1897680 153
1897690 153
1897700 153
1897710 153
1897720 152
1897730 152
1897740 152
1897750 152
1897760 151
1897770 151
1897780 152
1897790 152
1897800 152
1897810 153
1897820 153
1897830 153
1897840 153
1897850 153
1897860 153
1897870 153
1897880 153
1897890 153
1897900 153
1897910 153
1897920 153
1897930 153
1897940 153
1897950 153
1897960 153
1897970 153
1897980 153
1897990 153
1898000 153
1898010 153
1898020 153
1898030 152
1898040 152
1898050 152
1898060 152
1898070 152
1898080 152
1898090 152
1898100 152
1898110 152
1898120 152
1898130 152
1898140 151
1898150 151
1898160 151
1898170 151
1898180 151
1898190 151
1898200 151
1898210 151
1898220 151
1898230 152
1898240 152
1898250 152
1898260 152
1898270 152
1898280 152
1898290 152
1898300 152
1898310 152
1898320 152
1898330 151
1898340 151
1898350 151
1898360 151
1898370 150
1898380 150
1898390 150
1898400 150
1898410 150
1898420 151
1898430 151
1898440 151
1898450 151
1898460 151
1898470 151
1898480 151
1898490 152
1898500 152
1898510 152
1898520 152
1898530 152
1898540 151
1898550 151
1898560 151
1898570 151
1898580 151
1898590 151
1898600 152
1898610 152
1898620 152
1898630 152
1898640 152
1898650 152
1898660 152
1898670 152
1898680 152
1898690 152
1898700 152
1898710 152
1898720 152
1898730 152
1898740 152
1898750 152
1898760 152
1898770 152
1898780 152
1898790 152
1898800 152
1898810 152
1898820 152
1898830 152
1898840 152
1898850 152
1898860 152
1898870 152
1898880 152
1898890 152
1898900 152
1898910 152
1898920 152
1898930 152
1898940 152
1898950 152
1898960 152
1898970 152
1898980 152
1898990 151
1899000 151
1899010 151
1899020 151
1899030 150
1899040 150
1899050 149
1899060 149
1899070 149
1899080 149
1899090 149
1899100 149
1899110 149
1899120 149
1899130 149
1899140 149
1899150 150
1899160 150
1899170 150
1899180 150
1899190 150
1899200 150
1899210 150
1899220 149
1899230 149
1899240 148
1899250 148
1899260 148
1899270 147
1899280 147
1899290 147
1899300 146
1899310 146
1899320 146
1899330 145
1899340 145
1899350 145
1899360 144
1899370 144
1899380 144
1899390 143
1899400 143
1899410 143
1899420 143
1899430 142
1899440 142
1899450 142
1899460 142
1899470 142
1899480 141
1899490 141
1899500 141
1899510 141
1899520 140
1899530 140
1899540 140
1899550 139
1899560 139
1899570 139
1899580 138
1899590 138
1899600 138
1899610 137
1899620 137
1899630 137
1899640 136
1899650 136
1899660 136
1899670 135
1899680 135
1899690 135
1899700 135
1899710 135
1899720 134
1899730 134
1899740 134
1899750 134
1899760 134
1899770 134
1899780 134
1899790 134
1899800 134
1899810 134
1899820 134
1899830 134
1899840 134
1899850 133
1899860 133
1899870 133
1899880 133
1899890 133
1899900 133
1899910 133
1899920 133
1899930 133
1899940 132
1899950 132
1899960 132
1899970 132
1899980 131
1899990 131
