1880000 123
1880010 123
1880020 123
1880030 123
1880040 123
1880050 123
1880060 123
1880070 123
1880080 123
1880090 123
1880100 123
1880110 123
1880120 123
1880130 123
1880140 123
1880150 123
1880160 124
1880170 124
1880180 123
1880190 123
1880200 123
1880210 123
1880220 123
1880230 123
1880240 123
1880250 123
1880260 123
1880270 123
1880280 123
1880290 123
1880300 123
1880310 123
1880320 123
1880330 123
1880340 124
1880350 124
1880360 124
1880370 124
1880380 124
1880390 124
1880400 124
1880410 124
1880420 124
1880430 124
1880440 124
1880450 124
1880460 124
1880470 124
1880480 124
1880490 124
1880500 124
1880510 124
1880520 125
1880530 125
1880540 125
1880550 124
1880560 124
1880570 125
1880580 125
1880590 125
1880600 125
1880610 125
1880620 125
1880630 125
1880640 125
1880650 125
1880660 125
1880670 125
1880680 125
1880690 125
1880700 125
1880710 125
1880720 125
1880730 125
1880740 125
1880750 125
1880760 125
1880770 126
1880780 126
1880790 126
1880800 126
1880810 126
1880820 126
1880830 126
1880840 126
1880850 126
1880860 126
1880870 126
1880880 126
1880890 126
1880900 126
1880910 126
1880920 126
1880930 126
1880940 126
1880950 126
1880960 126
1880970 126
1880980 126
1880990 126
1881000 126
1881010 127
1881020 127
1881030 127
1881040 127
1881050 127
1881060 127
1881070 127
1881080 127
1881090 127
1881100 127
1881110 127
1881120 127
1881130 128
1881140 128
1881150 128
1881160 127
1881170 127
1881180 127
1881190 127
1881200 127
1881210 127
1881220 127
1881230 127
1881240 128
1881250 128
1881260 128
1881270 128
1881280 128
1881290 128
1881300 128
1881310 128
1881320 128
1881330 128
1881340 128
1881350 128
1881360 128
1881370 128
1881380 128
1881390 128
1881400 128
1881410 128
1881420 128
1881430 128
1881440 128
1881450 128
1881460 128
1881470 128
1881480 128
1881490 128
1881500 128
1881510 128
1881520 128
1881530 128
1881540 128
1881550 128
1881560 128
1881570 128
1881580 128
1881590 129
1881600 129
1881610 129
1881620 129
1881630 129
1881640 129
1881650 129
1881660 129
1881670 129
1881680 129
1881690 129
1881700 129
1881710 129
1881720 129
1881730 130
1881740 130
1881750 130
1881760 130
1881770 130
1881780 130
1881790 130
1881800 130
1881810 130
1881820 130
1881830 131
1881840 131
1881850 130
1881860 130
1881870 130
1881880 131
1881890 131
1881900 131
1881910 130
1881920 130
1881930 130
1881940 129
1881950 128
1881960 128
1881970 128
1881980 129
1881990 129
1882000 130
1882010 130
1882020 130
1882030 130
1882040 130
1882050 130
1882060 129
1882070 129
1882080 129
1882090 129
1882100 129
1882110 129
1882120 129
1882130 129
1882140 129
1882150 129
1882160 129
1882170 129
1882180 129
1882190 129
1882200 129
1882210 128
1882220 128
1882230 128
1882240 128
1882250 128
1882260 128
1882270 128
1882280 128
1882290 128
1882300 128
1882310 128
1882320 128
1882330 128
1882340 128
1882350 128
1882360 128
1882370 128
1882380 128
1882390 128
1882400 128
1882410 128
1882420 128
1882430 127
1882440 127
1882450 127
1882460 127
1882470 127
1882480 127
1882490 127
1882500 127
1882510 127
1882520 127
1882530 127
1882540 127
1882550 127
1882560 127
1882570 127
1882580 127
1882590 127
1882600 127
1882610 127
1882620 127
1882630 127
1882640 127
1882650 127
1882660 127
1882670 127
1882680 127
1882690 127
1882700 127
1882710 127
1882720 127
1882730 127
1882740 127
1882750 127
1882760 127
1882770 127
1882780 127
1882790 126
1882800 126
1882810 126
1882820 126
1882830 127
1882840 127
1882850 126
1882860 126
1882870 126
1882880 126
1882890 127
1882900 127
1882910 126
1882920 127
1882930 127
1882940 127
1882950 127
1882960 127
1882970 127
1882980 127
1882990 127
1883000 128
1883010 128
1883020 128
1883030 128
1883040 128
1883050 128
1883060 129
1883070 129
1883080 129
1883090 129
1883100 129
1883110 129
1883120 130
1883130 130
1883140 130
1883150 130
1883160 130
1883170 130
1883180 131
1883190 131
1883200 131
1883210 132
1883220 132
1883230 133
1883240 133
1883250 133
1883260 134
1883270 134
1883280 134
1883290 135
1883300 135
1883310 135
1883320 135
1883330 135
1883340 135
1883350 135
1883360 135
1883370 136
1883380 137
1883390 137
1883400 137
1883410 137
1883420 137
1883430 138
1883440 138
1883450 138
1883460 138
1883470 138
1883480 138
1883490 138
1883500 138
1883510 138
1883520 138
1883530 138
1883540 138
1883550 138
1883560 138
1883570 138
1883580 138
1883590 138
1883600 138
1883610 138
1883620 138
1883630 138
1883640 138
1883650 138
1883660 138
1883670 137
1883680 137
1883690 137
1883700 137
1883710 137
1883720 137
1883730 137
1883740 137
1883750 137
1883760 137
1883770 136
1883780 136
1883790 136
1883800 136
1883810 136
1883820 136
1883830 135
1883840 135
1883850 135
1883860 135
1883870 135
1883880 134
1883890 134
1883900 134
1883910 133
1883920 133
1883930 133
1883940 133
1883950 133
1883960 133
1883970 133
1883980 133
1883990 133
1884000 133
1884010 133
1884020 133
1884030 133
1884040 133
1884050 133
1884060 133
1884070 133
1884080 133
1884090 133
1884100 134
1884110 134
1884120 134
1884130 134
1884140 134
1884150 134
1884160 135
1884170 135
1884180 135
1884190 135
1884200 135
1884210 135
1884220 136
1884230 136
1884240 136
1884250 136
1884260 137
1884270 137
1884280 137
1884290 137
1884300 137
1884310 138
1884320 138
1884330 138
1884340 139
1884350 139
1884360 139
1884370 140
1884380 140
1884390 140
1884400 141
1884410 141
1884420 141
1884430 142
1884440 142
1884450 142
1884460 143
1884470 143
1884480 144
1884490 145
1884500 147
1884510 147
1884520 148
1884530 149
1884540 149
1884550 150
1884560 152
1884570 152
1884580 153
1884590 153
1884600 153
1884610 154
1884620 155
1884630 155
1884640 155
1884650 155
1884660 155
1884670 155
1884680 154
1884690 154
1884700 154
1884710 153
1884720 153
1884730 153
1884740 152
1884750 152
1884760 151
1884770 150
1884780 150
1884790 148
1884800 147
1884810 147
1884820 146
1884830 145
1884840 144
1884850 144
1884860 144
1884870 145
1884880 145
1884890 145
1884900 145
1884910 145
1884920 146
1884930 148
1884940 148
1884950 150
1884960 152
1884970 152
1884980 153
1884990 154
1885000 154
1885010 155
1885020 155
1885030 155
1885040 156
1885050 157
1885060 157
1885070 157
1885080 157
1885090 157
1885100 158
1885110 158
1885120 157
1885130 157
1885140 157
1885150 157
1885160 157
1885170 157
1885180 157
1885190 157
1885200 157
1885210 157
1885220 157
1885230 157
1885240 157
1885250 157
1885260 157
1885270 157
1885280 157
1885290 157
1885300 157
1885310 157
1885320 157
1885330 157
1885340 157
1885350 157
1885360 157
1885370 157
1885380 157
1885390 157
1885400 157
1885410 157
1885420 157
1885430 157
1885440 157
1885450 157
1885460 157
1885470 157
1885480 157
1885490 157
1885500 157
1885510 157
1885520 158
1885530 158
1885540 158
1885550 158
1885560 158
1885570 158
1885580 158
1885590 158
1885600 158
1885610 158
1885620 158
1885630 158
1885640 158
1885650 158
1885660 158
1885670 158
1885680 158
1885690 158
1885700 158
1885710 158
1885720 158
1885730 158
1885740 158
1885750 158
1885760 158
1885770 158
1885780 158
1885790 158
1885800 158
1885810 158
1885820 158
1885830 158
1885840 158
1885850 158
1885860 158
1885870 159
1885880 159
1885890 159
1885900 159
1885910 159
1885920 158
1885930 158
1885940 158
1885950 158
1885960 158
1885970 158
1885980 158
1885990 158
1886000 158
1886010 158
1886020 158
1886030 158
1886040 158
1886050 158
1886060 158
1886070 158
1886080 158
1886090 158
1886100 158
1886110 158
1886120 158
1886130 158
1886140 158
1886150 158
1886160 158
1886170 158
1886180 158
1886190 158
1886200 158
1886210 158
1886220 158
1886230 158
1886240 158
1886250 158
1886260 158
1886270 158
1886280 158
1886290 158
1886300 158
1886310 158
1886320 158
1886330 158
1886340 158
1886350 158
1886360 158
1886370 158
1886380 158
1886390 158
1886400 158
1886410 158
1886420 158
1886430 158
1886440 158
1886450 158
1886460 158
1886470 158
1886480 158
1886490 158
1886500 158
1886510 158
1886520 158
1886530 158
1886540 157
1886550 157
1886560 157
1886570 157
1886580 157
1886590 157
1886600 157
1886610 157
1886620 157
1886630 157
1886640 157
1886650 157
1886660 157
1886670 157
1886680 157
1886690 157
1886700 157
1886710 157
1886720 157
1886730 157
1886740 157
1886750 157
1886760 157
1886770 157
1886780 157
1886790 157
1886800 157
1886810 157
1886820 157
1886830 157
1886840 157
1886850 157
1886860 157
1886870 157
1886880 157
1886890 157
1886900 157
1886910 157
1886920 157
1886930 157
1886940 157
1886950 157
1886960 157
1886970 157
1886980 157
1886990 158
1887000 158
1887010 158
1887020 158
1887030 158
1887040 158
1887050 158
1887060 158
1887070 158
1887080 158
1887090 158
1887100 158
1887110 158
1887120 158
1887130 158
1887140 158
1887150 158
1887160 158
1887170 158
1887180 158
1887190 158
1887200 158
1887210 158
1887220 158
1887230 158
1887240 158
1887250 158
1887260 158
1887270 158
1887280 158
1887290 158
1887300 158
1887310 158
1887320 158
1887330 158
1887340 158
1887350 158
1887360 158
1887370 158
1887380 158
1887390 158
1887400 158
1887410 158
1887420 158
1887430 158
1887440 159
1887450 159
1887460 159
1887470 159
1887480 159
1887490 159
1887500 159
1887510 158
1887520 158
1887530 158
1887540 158
1887550 158
1887560 158
1887570 158
1887580 158
1887590 158
1887600 158
1887610 158
1887620 158
1887630 158
1887640 158
1887650 158
1887660 158
1887670 158
1887680 158
1887690 158
1887700 158
1887710 158
1887720 158
1887730 158
1887740 157
1887750 157
1887760 157
1887770 157
1887780 157
1887790 157
1887800 157
1887810 157
1887820 157
1887830 157
1887840 156
1887850 156
1887860 156
1887870 156
1887880 156
1887890 157
1887900 157
1887910 157
1887920 157
1887930 156
1887940 156
1887950 157
1887960 157
1887970 157
1887980 157
1887990 157
1888000 157
1888010 157
1888020 157
1888030 157
1888040 158
1888050 158
1888060 158
1888070 158
1888080 158
1888090 158
1888100 158
1888110 158
1888120 158
1888130 158
1888140 158
1888150 159
1888160 159
1888170 158
1888180 159
1888190 159
1888200 159
1888210 159
1888220 159
1888230 159
1888240 159
1888250 159
1888260 159
1888270 159
1888280 159
1888290 159
1888300 159
1888310 159
1888320 159
1888330 159
1888340 159
1888350 159
1888360 159
1888370 159
1888380 159
1888390 159
1888400 159
1888410 159
1888420 160
1888430 160
1888440 160
1888450 160
1888460 160
1888470 159
1888480 159
1888490 159
1888500 159
1888510 158
1888520 158
1888530 158
1888540 158
1888550 158
1888560 158
1888570 157
1888580 157
1888590 157
1888600 157
1888610 157
1888620 157
1888630 157
1888640 157
1888650 157
1888660 156
1888670 156
1888680 156
1888690 156
1888700 156
1888710 156
1888720 156
1888730 156
1888740 156
1888750 156
1888760 156
1888770 156
1888780 155
1888790 155
1888800 155
1888810 155
1888820 155
1888830 155
1888840 155
1888850 155
1888860 154
1888870 154
1888880 154
1888890 153
1888900 153
1888910 153
1888920 152
1888930 151
1888940 151
1888950 151
1888960 150
1888970 149
1888980 149
1888990 149
1889000 149
1889010 149
1889020 148
1889030 148
1889040 148
1889050 147
1889060 147
1889070 147
1889080 147
1889090 146
1889100 146
1889110 146
1889120 146
1889130 146
1889140 146
1889150 145
1889160 145
1889170 145
1889180 145
1889190 145
1889200 144
1889210 144
1889220 144
1889230 144
1889240 144
1889250 144
1889260 144
1889270 144
1889280 143
1889290 143
1889300 143
1889310 143
1889320 142
1889330 142
1889340 142
1889350 142
1889360 142
1889370 142
1889380 142
1889390 142
1889400 142
1889410 142
1889420 144
1889430 144
1889440 144
1889450 143
1889460 143
1889470 142
1889480 142
1889490 142
1889500 142
1889510 142
1889520 142
1889530 142
1889540 142
1889550 142
1889560 142
1889570 142
1889580 142
1889590 142
1889600 142
1889610 142
1889620 142
1889630 142
1889640 142
1889650 142
1889660 142
1889670 142
1889680 141
1889690 141
1889700 141
1889710 141
1889720 141
1889730 141
1889740 141
1889750 141
1889760 142
1889770 142
1889780 142
1889790 141
1889800 141
1889810 142
1889820 142
1889830 142
1889840 142
1889850 142
1889860 142
1889870 142
1889880 142
1889890 142
1889900 142
1889910 142
1889920 142
1889930 142
1889940 142
1889950 142
1889960 142
1889970 142
1889980 142
1889990 142
1890000 142
1890010 142
1890020 142
1890030 142
1890040 142
1890050 143
1890060 143
1890070 143
1890080 143
1890090 143
1890100 143
1890110 144
1890120 144
1890130 144
1890140 144
1890150 145
1890160 145
1890170 145
1890180 146
1890190 146
1890200 146
1890210 147
1890220 147
1890230 147
1890240 147
1890250 147
1890260 147
1890270 148
1890280 148
1890290 148
1890300 148
1890310 148
1890320 148
1890330 148
1890340 148
1890350 148
1890360 148
1890370 148
1890380 148
1890390 148
1890400 148
1890410 148
1890420 148
1890430 148
1890440 148
1890450 148
1890460 148
1890470 148
1890480 148
1890490 148
1890500 148
1890510 149
1890520 149
1890530 149
1890540 149
1890550 149
1890560 149
1890570 149
1890580 149
1890590 149
1890600 149
1890610 149
1890620 149
1890630 150
1890640 150
1890650 150
1890660 150
1890670 150
1890680 150
1890690 150
1890700 150
1890710 150
1890720 150
1890730 151
1890740 151
1890750 151
1890760 151
1890770 151
1890780 151
1890790 150
1890800 150
1890810 150
1890820 150
1890830 150
1890840 150
1890850 150
1890860 150
1890870 150
1890880 150
1890890 150
1890900 149
1890910 149
1890920 149
1890930 149
1890940 149
1890950 149
1890960 149
1890970 148
1890980 148
1890990 148
1891000 148
1891010 148
1891020 147
1891030 147
1891040 147
1891050 147
1891060 146
1891070 146
1891080 146
1891090 145
1891100 145
1891110 145
1891120 145
1891130 145
1891140 144
1891150 144
1891160 144
1891170 144
1891180 144
1891190 143
1891200 143
1891210 143
1891220 143
1891230 143
1891240 142
1891250 142
1891260 142
1891270 141
1891280 141
1891290 141
1891300 140
1891310 140
1891320 140
1891330 139
1891340 139
1891350 139
1891360 139
1891370 139
1891380 138
1891390 138
1891400 138
1891410 138
1891420 138
1891430 137
1891440 137
1891450 137
1891460 137
1891470 137
1891480 136
1891490 136
1891500 136
1891510 136
1891520 136
1891530 136
1891540 136
1891550 136
1891560 136
1891570 137
1891580 137
1891590 137
1891600 138
1891610 139
1891620 139
1891630 139
1891640 140
1891650 140
1891660 142
1891670 143
1891680 143
1891690 144
1891700 145
1891710 145
1891720 146
1891730 147
1891740 147
1891750 148
1891760 149
1891770 149
1891780 149
1891790 150
1891800 150
1891810 150
1891820 151
1891830 151
1891840 151
1891850 151
1891860 151
1891870 150
1891880 150
1891890 150
1891900 149
1891910 148
1891920 148
1891930 147
1891940 147
1891950 147
1891960 148
1891970 148
1891980 148
1891990 149
1892000 149
1892010 149
1892020 150
1892030 150
1892040 150
1892050 151
1892060 151
1892070 151
1892080 151
1892090 150
1892100 150
1892110 150
1892120 149
1892130 149
1892140 149
1892150 148
1892160 148
1892170 149
1892180 150
1892190 150
1892200 151
1892210 151
1892220 152
1892230 152
1892240 152
1892250 152
1892260 152
1892270 152
1892280 152
1892290 152
1892300 152
1892310 152
1892320 152
1892330 153
1892340 153
1892350 153
1892360 153
1892370 153
1892380 153
1892390 153
1892400 153
1892410 153
1892420 153
1892430 153
1892440 153
1892450 153
1892460 153
1892470 153
1892480 153
1892490 153
1892500 153
1892510 153
1892520 153
1892530 153
1892540 153
1892550 153
1892560 153
1892570 152
1892580 152
1892590 152
1892600 152
1892610 152
1892620 152
1892630 151
1892640 152
1892650 152
1892660 152
1892670 152
1892680 152
1892690 152
1892700 152
1892710 152
1892720 152
1892730 151
1892740 151
1892750 151
1892760 151
1892770 151
1892780 152
1892790 152
1892800 152
1892810 152
1892820 153
1892830 153
1892840 153
1892850 153
1892860 153
1892870 153
1892880 153
1892890 153
1892900 153
1892910 153
1892920 153
1892930 153
1892940 153
1892950 153
1892960 153
1892970 153
1892980 153
1892990 153
1893000 153
1893010 153
1893020 153
1893030 153
1893040 154
1893050 154
1893060 154
1893070 154
1893080 154
1893090 154
1893100 154
1893110 154
1893120 154
1893130 154
1893140 154
1893150 154
1893160 154
1893170 154
1893180 154
1893190 154
1893200 154
1893210 154
1893220 154
1893230 154
1893240 154
1893250 154
1893260 154
1893270 154
1893280 154
1893290 154
1893300 154
1893310 154
1893320 154
1893330 154
1893340 154
1893350 154
1893360 154
1893370 154
1893380 154
1893390 154
1893400 154
1893410 154
1893420 154
1893430 154
1893440 154
1893450 155
1893460 155
1893470 155
1893480 155
1893490 155
1893500 155
1893510 155
1893520 155
1893530 155
1893540 155
1893550 155
1893560 155
1893570 155
1893580 155
1893590 155
1893600 155
1893610 155
1893620 155
1893630 155
1893640 155
1893650 155
1893660 155
1893670 155
1893680 155
1893690 155
1893700 155
1893710 155
1893720 155
1893730 155
1893740 155
1893750 155
1893760 155
1893770 155
1893780 155
1893790 155
1893800 155
1893810 155
1893820 155
1893830 155
1893840 155
1893850 155
1893860 155
1893870 155
1893880 155
1893890 155
1893900 155
1893910 155
1893920 155
1893930 155
1893940 155
1893950 155
1893960 155
1893970 155
1893980 155
1893990 155
1894000 155
1894010 155
1894020 155
1894030 155
1894040 155
1894050 155
1894060 155
1894070 155
1894080 155
1894090 155
1894100 155
1894110 155
1894120 155
1894130 155
1894140 155
1894150 155
1894160 155
1894170 155
1894180 155
1894190 155
1894200 155
1894210 155
1894220 155
1894230 155
1894240 155
1894250 155
1894260 155
1894270 155
1894280 155
1894290 155
1894300 155
1894310 155
1894320 155
1894330 155
1894340 155
1894350 155
1894360 155
1894370 155
1894380 155
1894390 155
1894400 155
1894410 155
1894420 155
1894430 155
1894440 155
1894450 155
1894460 154
1894470 154
1894480 154
1894490 154
1894500 154
1894510 154
1894520 154
1894530 154
1894540 154
1894550 154
1894560 154
1894570 154
1894580 154
1894590 154
1894600 154
1894610 154
1894620 154
1894630 154
1894640 154
1894650 154
1894660 154
1894670 153
1894680 153
1894690 153
1894700 153
1894710 153
1894720 153
1894730 153
1894740 153
1894750 153
1894760 153
1894770 153
1894780 153
1894790 153
1894800 153
1894810 153
1894820 153
1894830 153
1894840 153
1894850 153
1894860 153
1894870 153
1894880 153
1894890 153
1894900 153
1894910 153
1894920 153
1894930 153
1894940 153
1894950 153
1894960 153
1894970 154
1894980 154
1894990 154
1895000 154
1895010 154
1895020 154
1895030 154
1895040 154
1895050 154
1895060 154
1895070 154
1895080 154
1895090 154
1895100 154
1895110 154
1895120 154
1895130 154
1895140 154
1895150 154
1895160 154
1895170 154
1895180 154
1895190 154
1895200 154
1895210 154
1895220 154
1895230 154
1895240 154
1895250 154
1895260 154
1895270 154
1895280 154
1895290 154
1895300 154
1895310 154
1895320 154
1895330 154
1895340 154
1895350 154
1895360 154
1895370 154
1895380 154
1895390 154
1895400 154
1895410 154
1895420 154
1895430 155
1895440 155
1895450 155
1895460 155
1895470 155
1895480 155
1895490 155
1895500 155
1895510 155
1895520 155
1895530 155
1895540 155
1895550 155
1895560 155
1895570 155
1895580 155
1895590 155
1895600 155
1895610 155
1895620 155
1895630 155
1895640 155
1895650 155
1895660 155
1895670 155
1895680 155
1895690 155
1895700 156
1895710 156
1895720 156
1895730 156
1895740 156
1895750 156
1895760 155
1895770 155
1895780 155
1895790 155
1895800 155
1895810 155
1895820 155
1895830 155
1895840 155
1895850 155
1895860 155
1895870 155
1895880 155
1895890 155
1895900 155
1895910 155
1895920 155
1895930 155
1895940 155
1895950 155
1895960 155
1895970 155
1895980 155
1895990 155
1896000 155
1896010 155
1896020 155
1896030 155
1896040 155
1896050 155
1896060 155
1896070 155
1896080 155
1896090 155
1896100 155
1896110 155
1896120 155
1896130 155
1896140 155
1896150 155
1896160 155
1896170 155
1896180 155
1896190 155
1896200 155
1896210 155
1896220 155
1896230 155
1896240 155
1896250 155
1896260 155
1896270 155
1896280 155
1896290 155
1896300 155
1896310 155
1896320 155
1896330 155
1896340 155
1896350 155
1896360 155
1896370 155
1896380 155
1896390 155
1896400 155
1896410 155
1896420 155
1896430 155
1896440 155
1896450 155
1896460 155
1896470 155
1896480 155
1896490 155
1896500 155
1896510 155
1896520 155
1896530 155
1896540 155
1896550 155
1896560 155
1896570 155
1896580 155
1896590 155
1896600 155
1896610 155
1896620 155
1896630 155
1896640 155
1896650 155
1896660 155
1896670 155
1896680 155
1896690 155
1896700 155
1896710 155
1896720 155
1896730 155
1896740 155
1896750 155
1896760 155
1896770 155
1896780 155
1896790 155
1896800 155
1896810 155
1896820 155
1896830 155
1896840 155
1896850 155
1896860 155
1896870 155
1896880 155
1896890 155
1896900 155
1896910 155
1896920 155
1896930 155
1896940 155
1896950 155
1896960 155
1896970 154
1896980 154
1896990 154
1897000 154
1897010 154
1897020 154
1897030 154
1897040 154
1897050 154
1897060 154
1897070 154
1897080 154
1897090 154
1897100 154
1897110 154
1897120 154
1897130 154
1897140 154
1897150 154
1897160 154
1897170 154
1897180 154
1897190 154
1897200 154
1897210 154
1897220 154
1897230 154
1897240 154
1897250 154
1897260 154
1897270 154
1897280 154
1897290 154
1897300 154
1897310 154
1897320 154
1897330 154
1897340 154
1897350 154
1897360 154
1897370 154
1897380 154
1897390 154
1897400 154
1897410 154
1897420 154
1897430 154
1897440 154
1897450 154
1897460 154
1897470 154
1897480 154
1897490 154
1897500 154
1897510 154
1897520 154
1897530 154
1897540 154
1897550 154
1897560 155
1897570 155
1897580 154
1897590 154
1897600 154
1897610 154
1897620 154
1897630 154
1897640 154
1897650 154
1897660 154
1897670 154
1897680 154
1897690 154
1897700 154
1897710 154
1897720 154
1897730 154
1897740 154
1897750 154
1897760 155
1897770 155
1897780 155
1897790 155
1897800 155
1897810 155
1897820 155
1897830 155
1897840 155
1897850 155
1897860 155
1897870 155
1897880 155
1897890 155
1897900 155
1897910 155
1897920 154
1897930 154
1897940 154
1897950 154
1897960 154
1897970 154
1897980 154
1897990 154
1898000 154
1898010 154
1898020 154
1898030 154
1898040 155
1898050 155
1898060 155
1898070 155
1898080 154
1898090 154
1898100 154
1898110 154
1898120 154
1898130 154
1898140 154
1898150 154
1898160 154
1898170 154
1898180 154
1898190 154
1898200 154
1898210 154
1898220 154
1898230 154
1898240 154
1898250 154
1898260 154
1898270 154
1898280 154
1898290 154
1898300 154
1898310 154
1898320 154
1898330 154
1898340 154
1898350 154
1898360 154
1898370 154
1898380 154
1898390 154
1898400 154
1898410 154
1898420 154
1898430 154
1898440 154
1898450 154
1898460 154
1898470 154
1898480 154
1898490 154
1898500 154
1898510 154
1898520 153
1898530 153
1898540 153
1898550 153
1898560 153
1898570 153
1898580 153
1898590 153
1898600 153
1898610 153
1898620 153
1898630 153
1898640 154
1898650 154
1898660 154
1898670 154
1898680 153
1898690 153
1898700 154
1898710 154
1898720 154
1898730 154
1898740 154
1898750 154
1898760 153
1898770 153
1898780 153
1898790 153
1898800 154
1898810 154
1898820 154
1898830 154
1898840 154
1898850 154
1898860 153
1898870 153
1898880 153
1898890 153
1898900 153
1898910 153
1898920 153
1898930 153
1898940 153
1898950 153
1898960 153
1898970 153
1898980 153
1898990 153
1899000 153
1899010 153
1899020 153
1899030 153
1899040 153
1899050 153
1899060 153
1899070 153
1899080 153
1899090 153
1899100 153
1899110 153
1899120 153
1899130 153
1899140 153
1899150 153
1899160 153
1899170 152
1899180 152
1899190 152
1899200 152
1899210 152
1899220 152
1899230 152
1899240 152
1899250 152
1899260 152
1899270 152
1899280 152
1899290 151
1899300 151
1899310 151
1899320 151
1899330 151
1899340 151
1899350 151
1899360 151
1899370 151
1899380 150
1899390 150
1899400 150
1899410 150
1899420 150
1899430 149
1899440 149
1899450 149
1899460 148
1899470 145
1899480 145
1899490 143
1899500 142
1899510 142
1899520 141
1899530 141
1899540 141
1899550 141
1899560 144
1899570 144
1899580 143
1899590 141
1899600 141
1899610 140
1899620 139
1899630 139
1899640 139
1899650 138
1899660 136
1899670 136
1899680 136
1899690 136
1899700 136
1899710 135
1899720 135
1899730 135
1899740 135
1899750 135
1899760 135
1899770 135
1899780 135
1899790 135
1899800 135
1899810 135
1899820 135
1899830 135
1899840 135
1899850 135
1899860 135
1899870 136
1899880 136
1899890 136
1899900 136
1899910 136
1899920 136
1899930 136
1899940 136
1899950 137
1899960 137
1899970 138
1899980 138
1899990 138
