1880000 123
1880010 123
1880020 123
1880030 123
1880040 123
1880050 122
1880060 122
1880070 122
1880080 122
1880090 122
1880100 122
1880110 122
1880120 122
1880130 122
1880140 122
1880150 122
1880160 122
1880170 122
1880180 122
1880190 122
1880200 122
1880210 122
1880220 122
1880230 122
1880240 122
1880250 122
1880260 122
1880270 122
1880280 122
1880290 122
1880300 122
1880310 122
1880320 122
1880330 122
1880340 122
1880350 122
1880360 122
1880370 122
1880380 122
1880390 123
1880400 123
1880410 123
1880420 123
1880430 123
1880440 123
1880450 123
1880460 123
1880470 123
1880480 123
1880490 123
1880500 123
1880510 123
1880520 123
1880530 123
1880540 123
1880550 123
1880560 123
1880570 123
1880580 123
1880590 123
1880600 123
1880610 123
1880620 123
1880630 123
1880640 124
1880650 124
1880660 124
1880670 124
1880680 124
1880690 124
1880700 124
1880710 124
1880720 124
1880730 124
1880740 124
1880750 124
1880760 124
1880770 124
1880780 124
1880790 124
1880800 124
1880810 124
1880820 124
1880830 124
1880840 124
1880850 124
1880860 124
1880870 124
1880880 124
1880890 124
1880900 124
1880910 124
1880920 124
1880930 124
1880940 124
1880950 124
1880960 124
1880970 124
1880980 124
1880990 124
1881000 124
1881010 124
1881020 124
1881030 124
1881040 124
1881050 124
1881060 124
1881070 124
1881080 124
1881090 124
1881100 124
1881110 124
1881120 124
1881130 124
1881140 124
1881150 124
1881160 124
1881170 124
1881180 124
1881190 124
1881200 124
1881210 124
1881220 124
1881230 124
1881240 124
1881250 124
1881260 125
1881270 124
1881280 125
1881290 125
1881300 125
1881310 125
1881320 125
1881330 125
1881340 125
1881350 124
1881360 124
1881370 124
1881380 124
1881390 125
1881400 124
1881410 124
1881420 124
1881430 124
1881440 124
1881450 124
1881460 124
1881470 124
1881480 124
1881490 124
1881500 124
1881510 124
1881520 124
1881530 124
1881540 124
1881550 124
1881560 124
1881570 124
1881580 124
1881590 124
1881600 124
1881610 124
1881620 124
1881630 124
1881640 124
1881650 124
1881660 124
1881670 124
1881680 124
1881690 124
1881700 124
1881710 124
1881720 124
1881730 124
1881740 124
1881750 123
1881760 123
1881770 123
1881780 124
1881790 124
1881800 124
1881810 124
1881820 124
1881830 124
1881840 124
1881850 124
1881860 124
1881870 124
1881880 124
1881890 124
1881900 124
1881910 124
1881920 124
1881930 124
1881940 124
1881950 124
1881960 124
1881970 124
1881980 124
1881990 124
1882000 124
1882010 124
1882020 124
1882030 124
1882040 124
1882050 124
1882060 123
1882070 123
1882080 124
1882090 124
1882100 124
1882110 124
1882120 124
1882130 124
1882140 124
1882150 124
1882160 124
1882170 123
1882180 123
1882190 123
1882200 123
1882210 123
1882220 123
1882230 123
1882240 123
1882250 123
1882260 123
1882270 123
1882280 123
1882290 123
1882300 123
1882310 123
1882320 123
1882330 123
1882340 123
1882350 123
1882360 123
1882370 124
1882380 124
1882390 124
1882400 124
1882410 124
1882420 124
1882430 124
1882440 124
1882450 124
1882460 124
1882470 124
1882480 124
1882490 124
1882500 124
1882510 124
1882520 124
1882530 124
1882540 124
1882550 124
1882560 124
1882570 124
1882580 124
1882590 124
1882600 124
1882610 124
1882620 124
1882630 124
1882640 124
1882650 124
1882660 124
1882670 124
1882680 124
1882690 124
1882700 124
1882710 124
1882720 124
1882730 124
1882740 124
1882750 124
1882760 124
1882770 124
1882780 124
1882790 124
1882800 124
1882810 124
1882820 124
1882830 124
1882840 124
1882850 125
1882860 125
1882870 125
1882880 125
1882890 125
1882900 124
1882910 124
1882920 124
1882930 124
1882940 124
1882950 124
1882960 124
1882970 124
1882980 124
1882990 124
1883000 124
1883010 124
1883020 124
1883030 124
1883040 124
1883050 124
1883060 124
1883070 124
1883080 124
1883090 123
1883100 123
1883110 123
1883120 124
1883130 124
1883140 124
1883150 124
1883160 123
1883170 123
1883180 123
1883190 123
1883200 123
1883210 123
1883220 123
1883230 123
1883240 123
1883250 122
1883260 122
1883270 123
1883280 123
1883290 123
1883300 123
1883310 123
1883320 123
1883330 123
1883340 123
1883350 123
1883360 123
1883370 123
1883380 123
1883390 123
1883400 123
1883410 123
1883420 123
1883430 123
1883440 123
1883450 123
1883460 123
1883470 123
1883480 123
1883490 123
1883500 123
1883510 123
1883520 123
1883530 123
1883540 123
1883550 123
1883560 123
1883570 124
1883580 125
1883590 125
1883600 124
1883610 124
1883620 124
1883630 124
1883640 124
1883650 124
1883660 124
1883670 124
1883680 124
1883690 124
1883700 124
1883710 124
1883720 124
1883730 124
1883740 124
1883750 124
1883760 124
1883770 124
1883780 124
1883790 124
1883800 124
1883810 124
1883820 124
1883830 125
1883840 125
1883850 125
1883860 125
1883870 125
1883880 125
1883890 125
1883900 125
1883910 124
1883920 124
1883930 124
1883940 124
1883950 124
1883960 124
1883970 124
1883980 124
1883990 124
1884000 124
1884010 125
1884020 125
1884030 125
1884040 125
1884050 125
1884060 125
1884070 125
1884080 125
1884090 125
1884100 125
1884110 125
1884120 127
1884130 129
1884140 129
1884150 130
1884160 130
1884170 130
1884180 129
1884190 129
1884200 129
1884210 129
1884220 129
1884230 129
1884240 129
1884250 129
1884260 129
1884270 129
1884280 129
1884290 129
1884300 129
1884310 129
1884320 129
1884330 129
1884340 129
1884350 129
1884360 129
1884370 129
1884380 129
1884390 129
1884400 130
1884410 130
1884420 130
1884430 130
1884440 130
1884450 130
1884460 130
1884470 130
1884480 131
1884490 131
1884500 131
1884510 131
1884520 132
1884530 132
1884540 132
1884550 133
1884560 133
1884570 133
1884580 133
1884590 133
1884600 134
1884610 134
1884620 135
1884630 135
1884640 135
1884650 135
1884660 135
1884670 135
1884680 134
1884690 134
1884700 135
1884710 135
1884720 135
1884730 135
1884740 135
1884750 135
1884760 134
1884770 135
1884780 135
1884790 135
1884800 135
1884810 135
1884820 135
1884830 135
1884840 136
1884850 136
1884860 136
1884870 136
1884880 135
1884890 135
1884900 135
1884910 135
1884920 135
1884930 135
1884940 135
1884950 136
1884960 136
1884970 136
1884980 137
1884990 137
1885000 138
1885010 139
1885020 139
1885030 139
1885040 139
1885050 139
1885060 140
1885070 140
1885080 140
1885090 140
1885100 141
1885110 141
1885120 141
1885130 142
1885140 142
1885150 143
1885160 146
1885170 146
1885180 147
1885190 148
1885200 148
1885210 148
1885220 149
1885230 149
1885240 150
1885250 151
1885260 151
1885270 151
1885280 152
1885290 152
1885300 153
1885310 153
1885320 153
1885330 153
1885340 153
1885350 153
1885360 153
1885370 153
1885380 153
1885390 153
1885400 152
1885410 151
1885420 151
1885430 151
1885440 151
1885450 151
1885460 151
1885470 151
1885480 151
1885490 151
1885500 151
1885510 151
1885520 152
1885530 152
1885540 152
1885550 152
1885560 153
1885570 153
1885580 153
1885590 153
1885600 153
1885610 154
1885620 154
1885630 154
1885640 155
1885650 155
1885660 155
1885670 155
1885680 155
1885690 155
1885700 155
1885710 156
1885720 156
1885730 156
1885740 156
1885750 156
1885760 156
1885770 156
1885780 156
1885790 157
1885800 157
1885810 157
1885820 157
1885830 157
1885840 157
1885850 157
1885860 157
1885870 157
1885880 157
1885890 157
1885900 157
1885910 157
1885920 157
1885930 157
1885940 157
1885950 157
1885960 157
1885970 157
1885980 157
1885990 157
1886000 157
1886010 157
1886020 157
1886030 158
1886040 158
1886050 158
1886060 158
1886070 158
1886080 158
1886090 158
1886100 158
1886110 158
1886120 158
1886130 158
1886140 158
1886150 158
1886160 158
1886170 158
1886180 157
1886190 157
1886200 157
1886210 157
1886220 157
1886230 157
1886240 157
1886250 157
1886260 157
1886270 157
1886280 157
1886290 157
1886300 157
1886310 157
1886320 157
1886330 157
1886340 157
1886350 158
1886360 158
1886370 158
1886380 158
1886390 158
1886400 158
1886410 158
1886420 158
1886430 158
1886440 158
1886450 158
1886460 158
1886470 158
1886480 158
1886490 158
1886500 158
1886510 158
1886520 158
1886530 158
1886540 158
1886550 158
1886560 158
1886570 158
1886580 158
1886590 158
1886600 158
1886610 158
1886620 158
1886630 158
1886640 157
1886650 157
1886660 157
1886670 157
1886680 157
1886690 157
1886700 157
1886710 157
1886720 157
1886730 157
1886740 157
1886750 157
1886760 157
1886770 157
1886780 157
1886790 157
1886800 157
1886810 157
1886820 157
1886830 157
1886840 157
1886850 157
1886860 157
1886870 157
1886880 157
1886890 157
1886900 157
1886910 157
1886920 157
1886930 157
1886940 157
1886950 157
1886960 157
1886970 157
1886980 156
1886990 156
1887000 156
1887010 156
1887020 156
1887030 156
1887040 156
1887050 156
1887060 156
1887070 156
1887080 156
1887090 156
1887100 156
1887110 156
1887120 156
1887130 157
1887140 157
1887150 157
1887160 157
1887170 157
1887180 157
1887190 157
1887200 157
1887210 157
1887220 157
1887230 157
1887240 157
1887250 157
1887260 157
1887270 157
1887280 157
1887290 157
1887300 157
1887310 157
1887320 157
1887330 157
1887340 157
1887350 157
1887360 157
1887370 157
1887380 157
1887390 157
1887400 157
1887410 157
1887420 157
1887430 157
1887440 157
1887450 157
1887460 157
1887470 157
1887480 157
1887490 157
1887500 157
1887510 157
1887520 157
1887530 157
1887540 157
1887550 156
1887560 156
1887570 156
1887580 156
1887590 156
1887600 156
1887610 156
1887620 156
1887630 156
1887640 156
1887650 156
1887660 156
1887670 156
1887680 156
1887690 156
1887700 156
1887710 156
1887720 156
1887730 156
1887740 156
1887750 156
1887760 156
1887770 156
1887780 156
1887790 156
1887800 156
1887810 156
1887820 156
1887830 156
1887840 156
1887850 156
1887860 156
1887870 156
1887880 156
1887890 156
1887900 156
1887910 156
1887920 156
1887930 156
1887940 156
1887950 156
1887960 156
1887970 156
1887980 156
1887990 156
1888000 156
1888010 156
1888020 156
1888030 156
1888040 156
1888050 156
1888060 156
1888070 156
1888080 156
1888090 156
1888100 156
1888110 156
1888120 156
1888130 156
1888140 156
1888150 156
1888160 156
1888170 156
1888180 156
1888190 156
1888200 156
1888210 156
1888220 156
1888230 156
1888240 156
1888250 156
1888260 156
1888270 156
1888280 155
1888290 155
1888300 155
1888310 155
1888320 155
1888330 155
1888340 155
1888350 155
1888360 155
1888370 155
1888380 155
1888390 155
1888400 155
1888410 154
1888420 154
1888430 154
1888440 154
1888450 154
1888460 154
1888470 154
1888480 154
1888490 154
1888500 154
1888510 154
1888520 154
1888530 154
1888540 154
1888550 154
1888560 155
1888570 155
1888580 155
1888590 154
1888600 154
1888610 154
1888620 154
1888630 154
1888640 154
1888650 154
1888660 154
1888670 154
1888680 155
1888690 155
1888700 155
1888710 155
1888720 155
1888730 155
1888740 155
1888750 155
1888760 155
1888770 155
1888780 155
1888790 155
1888800 155
1888810 155
1888820 155
1888830 155
1888840 155
1888850 155
1888860 155
1888870 155
1888880 155
1888890 155
1888900 155
1888910 155
1888920 154
1888930 154
1888940 154
1888950 154
1888960 154
1888970 154
1888980 154
1888990 154
1889000 154
1889010 153
1889020 153
1889030 153
1889040 153
1889050 153
1889060 153
1889070 153
1889080 153
1889090 153
1889100 153
1889110 153
1889120 153
1889130 153
1889140 153
1889150 153
1889160 153
1889170 153
1889180 153
1889190 152
1889200 153
1889210 153
1889220 153
1889230 153
1889240 153
1889250 153
1889260 153
1889270 153
1889280 153
1889290 153
1889300 153
1889310 153
1889320 153
1889330 153
1889340 153
1889350 153
1889360 153
1889370 153
1889380 153
1889390 153
1889400 152
1889410 152
1889420 152
1889430 152
1889440 152
1889450 151
1889460 151
1889470 151
1889480 151
1889490 151
1889500 150
1889510 150
1889520 150
1889530 150
1889540 150
1889550 150
1889560 150
1889570 150
1889580 150
1889590 150
1889600 149
1889610 149
1889620 149
1889630 149
1889640 149
1889650 149
1889660 149
1889670 149
1889680 149
1889690 149
1889700 149
1889710 148
1889720 148
1889730 148
1889740 148
1889750 148
1889760 148
1889770 147
1889780 147
1889790 147
1889800 147
1889810 146
1889820 146
1889830 146
1889840 146
1889850 146
1889860 146
1889870 145
1889880 145
1889890 145
1889900 145
1889910 145
1889920 144
1889930 144
1889940 144
1889950 144
1889960 143
1889970 143
1889980 143
1889990 142
1890000 142
1890010 142
1890020 142
1890030 142
1890040 141
1890050 141
1890060 141
1890070 141
1890080 140
1890090 140
1890100 140
1890110 140
1890120 140
1890130 140
1890140 140
1890150 140
1890160 140
1890170 140
1890180 140
1890190 140
1890200 140
1890210 140
1890220 140
1890230 140
1890240 140
1890250 140
1890260 140
1890270 140
1890280 140
1890290 140
1890300 141
1890310 141
1890320 141
1890330 141
1890340 141
1890350 141
1890360 141
1890370 141
1890380 142
1890390 142
1890400 142
1890410 142
1890420 143
1890430 143
1890440 143
1890450 144
1890460 144
1890470 144
1890480 144
1890490 144
1890500 144
1890510 145
1890520 145
1890530 145
1890540 146
1890550 146
1890560 146
1890570 146
1890580 146
1890590 146
1890600 147
1890610 147
1890620 147
1890630 148
1890640 148
1890650 148
1890660 149
1890670 149
1890680 149
1890690 149
1890700 149
1890710 150
1890720 150
1890730 150
1890740 150
1890750 150
1890760 150
1890770 151
1890780 151
1890790 151
1890800 151
1890810 151
1890820 151
1890830 152
1890840 152
1890850 152
1890860 152
1890870 152
1890880 152
1890890 152
1890900 152
1890910 152
1890920 152
1890930 152
1890940 152
1890950 153
1890960 153
1890970 153
1890980 153
1890990 153
1891000 153
1891010 153
1891020 153
1891030 153
1891040 153
1891050 153
1891060 153
1891070 153
1891080 153
1891090 153
1891100 153
1891110 153
1891120 153
1891130 153
1891140 153
1891150 153
1891160 153
1891170 153
1891180 153
1891190 153
1891200 153
1891210 153
1891220 153
1891230 153
1891240 153
1891250 153
1891260 153
1891270 153
1891280 153
1891290 153
1891300 153
1891310 153
1891320 153
1891330 153
1891340 153
1891350 153
1891360 153
1891370 153
1891380 153
1891390 153
1891400 153
1891410 153
1891420 153
1891430 153
1891440 152
1891450 152
1891460 152
1891470 152
1891480 152
1891490 152
1891500 152
1891510 152
1891520 152
1891530 152
1891540 151
1891550 151
1891560 151
1891570 150
1891580 150
1891590 149
1891600 149
1891610 149
1891620 148
1891630 148
1891640 148
1891650 147
1891660 146
1891670 146
1891680 145
1891690 145
1891700 145
1891710 144
1891720 144
1891730 144
1891740 143
1891750 143
1891760 143
1891770 142
1891780 141
1891790 141
1891800 141
1891810 140
1891820 140
1891830 139
1891840 138
1891850 138
1891860 137
1891870 137
1891880 137
1891890 136
1891900 136
1891910 136
1891920 136
1891930 135
1891940 135
1891950 135
1891960 135
1891970 135
1891980 135
1891990 135
1892000 135
1892010 135
1892020 136
1892030 136
1892040 136
1892050 137
1892060 138
1892070 138
1892080 139
1892090 141
1892100 141
1892110 144
1892120 146
1892130 146
1892140 147
1892150 147
1892160 147
1892170 148
1892180 150
1892190 150
1892200 150
1892210 151
1892220 151
1892230 151
1892240 152
1892250 152
1892260 152
1892270 152
1892280 152
1892290 151
1892300 151
1892310 151
1892320 150
1892330 150
1892340 150
1892350 150
1892360 150
1892370 150
1892380 150
1892390 150
1892400 150
1892410 150
1892420 150
1892430 150
1892440 150
1892450 150
1892460 150
1892470 149
1892480 149
1892490 150
1892500 150
1892510 150
1892520 150
1892530 150
1892540 150
1892550 150
1892560 150
1892570 150
1892580 150
1892590 150
1892600 150
1892610 150
1892620 151
1892630 151
1892640 151
1892650 151
1892660 151
1892670 151
1892680 151
1892690 152
1892700 152
1892710 152
1892720 152
1892730 152
1892740 152
1892750 152
1892760 152
1892770 152
1892780 152
1892790 152
1892800 152
1892810 152
1892820 152
1892830 152
1892840 152
1892850 152
1892860 152
1892870 152
1892880 152
1892890 152
1892900 152
1892910 152
1892920 152
1892930 152
1892940 152
1892950 152
1892960 153
1892970 153
1892980 153
1892990 153
1893000 153
1893010 153
1893020 153
1893030 153
1893040 153
1893050 153
1893060 153
1893070 153
1893080 153
1893090 153
1893100 153
1893110 153
1893120 154
1893130 154
1893140 154
1893150 154
1893160 154
1893170 154
1893180 154
1893190 154
1893200 154
1893210 154
1893220 154
1893230 154
1893240 154
1893250 154
1893260 154
1893270 154
1893280 154
1893290 154
1893300 154
1893310 154
1893320 154
1893330 154
1893340 154
1893350 154
1893360 153
1893370 153
1893380 153
1893390 153
1893400 153
1893410 153
1893420 153
1893430 153
1893440 153
1893450 154
1893460 154
1893470 154
1893480 154
1893490 154
1893500 154
1893510 154
1893520 154
1893530 154
1893540 154
1893550 154
1893560 154
1893570 154
1893580 154
1893590 154
1893600 154
1893610 154
1893620 154
1893630 154
1893640 154
1893650 154
1893660 154
1893670 154
1893680 154
1893690 154
1893700 154
1893710 154
1893720 154
1893730 154
1893740 154
1893750 154
1893760 154
1893770 154
1893780 154
1893790 154
1893800 154
1893810 154
1893820 154
1893830 154
1893840 154
1893850 154
1893860 154
1893870 154
1893880 154
1893890 154
1893900 154
1893910 154
1893920 154
1893930 153
1893940 153
1893950 153
1893960 154
1893970 154
1893980 154
1893990 153
1894000 153
1894010 153
1894020 153
1894030 153
1894040 153
1894050 153
1894060 153
1894070 153
1894080 153
1894090 153
1894100 153
1894110 153
1894120 152
1894130 152
1894140 152
1894150 152
1894160 152
1894170 151
1894180 151
1894190 151
1894200 151
1894210 152
1894220 152
1894230 153
1894240 153
1894250 153
1894260 153
1894270 153
1894280 153
1894290 153
1894300 153
1894310 153
1894320 153
1894330 153
1894340 153
1894350 153
1894360 153
1894370 153
1894380 153
1894390 153
1894400 153
1894410 153
1894420 153
1894430 153
1894440 153
1894450 153
1894460 153
1894470 153
1894480 153
1894490 153
1894500 153
1894510 153
1894520 154
1894530 154
1894540 154
1894550 154
1894560 154
1894570 154
1894580 154
1894590 154
1894600 154
1894610 154
1894620 154
1894630 154
1894640 154
1894650 154
1894660 154
1894670 154
1894680 154
1894690 154
1894700 154
1894710 154
1894720 154
1894730 153
1894740 153
1894750 153
1894760 153
1894770 153
1894780 153
1894790 153
1894800 153
1894810 153
1894820 153
1894830 153
1894840 153
1894850 153
1894860 153
1894870 153
1894880 153
1894890 153
1894900 153
1894910 152
1894920 152
1894930 152
1894940 152
1894950 152
1894960 152
1894970 152
1894980 152
1894990 152
1895000 152
1895010 152
1895020 152
1895030 152
1895040 152
1895050 152
1895060 152
1895070 152
1895080 152
1895090 151
1895100 151
1895110 151
1895120 151
1895130 151
1895140 151
1895150 151
1895160 151
1895170 151
1895180 151
1895190 151
1895200 151
1895210 152
1895220 152
1895230 152
1895240 152
1895250 153
1895260 153
1895270 153
1895280 153
1895290 153
1895300 153
1895310 153
1895320 153
1895330 153
1895340 153
1895350 153
1895360 153
1895370 154
1895380 154
1895390 154
1895400 154
1895410 154
1895420 154
1895430 154
1895440 154
1895450 154
1895460 154
1895470 154
1895480 154
1895490 154
1895500 154
1895510 154
1895520 154
1895530 154
1895540 154
1895550 154
1895560 154
1895570 154
1895580 154
1895590 154
1895600 154
1895610 154
1895620 154
1895630 154
1895640 154
1895650 154
1895660 154
1895670 154
1895680 154
1895690 154
1895700 154
1895710 154
1895720 154
1895730 155
1895740 155
1895750 155
1895760 155
1895770 155
1895780 155
1895790 155
1895800 155
1895810 155
1895820 155
1895830 155
1895840 155
1895850 155
1895860 155
1895870 155
1895880 155
1895890 155
1895900 155
1895910 155
1895920 155
1895930 155
1895940 155
1895950 155
1895960 155
1895970 155
1895980 155
1895990 155
1896000 155
1896010 155
1896020 155
1896030 155
1896040 155
1896050 155
1896060 155
1896070 155
1896080 155
1896090 155
1896100 155
1896110 155
1896120 155
1896130 155
1896140 155
1896150 155
1896160 155
1896170 155
1896180 155
1896190 155
1896200 155
1896210 155
1896220 155
1896230 155
1896240 155
1896250 155
1896260 155
1896270 155
1896280 155
1896290 155
1896300 155
1896310 155
1896320 155
1896330 155
1896340 155
1896350 155
1896360 155
1896370 155
1896380 155
1896390 155
1896400 155
1896410 155
1896420 155
1896430 155
1896440 155
1896450 155
1896460 155
1896470 155
1896480 154
1896490 154
1896500 154
1896510 154
1896520 154
1896530 154
1896540 154
1896550 154
1896560 154
1896570 154
1896580 153
1896590 153
1896600 153
1896610 153
1896620 153
1896630 153
1896640 153
1896650 153
1896660 153
1896670 153
1896680 153
1896690 153
1896700 153
1896710 153
1896720 153
1896730 153
1896740 153
1896750 153
1896760 153
1896770 153
1896780 153
1896790 153
1896800 153
1896810 153
1896820 153
1896830 153
1896840 153
1896850 154
1896860 154
1896870 154
1896880 154
1896890 154
1896900 154
1896910 154
1896920 153
1896930 153
1896940 153
1896950 153
1896960 153
1896970 152
1896980 152
1896990 152
1897000 152
1897010 152
1897020 152
1897030 152
1897040 152
1897050 152
1897060 152
1897070 152
1897080 152
1897090 153
1897100 153
1897110 153
1897120 153
1897130 153
1897140 153
1897150 153
1897160 153
1897170 153
1897180 153
1897190 153
1897200 153
1897210 153
1897220 153
1897230 153
1897240 153
1897250 153
1897260 153
1897270 153
1897280 153
1897290 153
1897300 153
1897310 153
1897320 153
1897330 153
1897340 153
1897350 153
1897360 153
1897370 153
1897380 153
1897390 153
1897400 153
1897410 153
1897420 153
1897430 153
1897440 153
1897450 153
1897460 153
1897470 153
1897480 153
1897490 153
1897500 153
1897510 153
1897520 153
1897530 153
1897540 153
1897550 153
1897560 153
1897570 153
1897580 153
1897590 153
1897600 153
1897610 153
1897620 153
1897630 153
1897640 153
1897650 153
1897660 153
1897670 152
1897680 152
1897690 152
1897700 153
1897710 153
1897720 153
1897730 153
1897740 153
1897750 153
1897760 153
1897770 153
1897780 153
1897790 153
1897800 153
1897810 153
1897820 153
1897830 153
1897840 153
1897850 153
1897860 153
1897870 153
1897880 153
1897890 153
1897900 153
1897910 153
1897920 153
1897930 153
1897940 153
1897950 153
1897960 153
1897970 153
1897980 153
1897990 153
1898000 153
1898010 153
1898020 153
1898030 153
1898040 153
1898050 153
1898060 153
1898070 153
1898080 153
1898090 153
1898100 153
1898110 153
1898120 153
1898130 153
1898140 153
1898150 153
1898160 153
1898170 153
1898180 153
1898190 153
1898200 153
1898210 153
1898220 152
1898230 152
1898240 153
1898250 153
1898260 153
1898270 153
1898280 153
1898290 153
1898300 153
1898310 153
1898320 153
1898330 153
1898340 153
1898350 153
1898360 153
1898370 153
1898380 153
1898390 153
1898400 153
1898410 153
1898420 153
1898430 153
1898440 153
1898450 153
1898460 153
1898470 153
1898480 153
1898490 153
1898500 153
1898510 153
1898520 153
1898530 153
1898540 153
1898550 153
1898560 153
1898570 153
1898580 153
1898590 153
1898600 153
1898610 153
1898620 153
1898630 153
1898640 153
1898650 153
1898660 153
1898670 153
1898680 153
1898690 153
1898700 153
1898710 153
1898720 153
1898730 153
1898740 153
1898750 153
1898760 153
1898770 153
1898780 153
1898790 153
1898800 153
1898810 153
1898820 153
1898830 153
1898840 153
1898850 153
1898860 153
1898870 153
1898880 153
1898890 153
1898900 153
1898910 152
1898920 152
1898930 152
1898940 152
1898950 152
1898960 152
1898970 152
1898980 152
1898990 152
1899000 152
1899010 152
1899020 152
1899030 152
1899040 152
1899050 152
1899060 152
1899070 152
1899080 152
1899090 152
1899100 152
1899110 152
1899120 152
1899130 152
1899140 152
1899150 152
1899160 152
1899170 152
1899180 152
1899190 152
1899200 152
1899210 152
1899220 152
1899230 152
1899240 152
1899250 151
1899260 151
1899270 151
1899280 151
1899290 151
1899300 151
1899310 150
1899320 149
1899330 149
1899340 149
1899350 148
1899360 148
1899370 147
1899380 146
1899390 146
1899400 145
1899410 144
1899420 144
1899430 143
1899440 142
1899450 142
1899460 142
1899470 142
1899480 142
1899490 141
1899500 141
1899510 141
1899520 141
1899530 141
1899540 141
1899550 141
1899560 141
1899570 141
1899580 141
1899590 141
1899600 141
1899610 141
1899620 141
1899630 141
1899640 142
1899650 141
1899660 141
1899670 140
1899680 140
1899690 140
1899700 140
1899710 139
1899720 139
1899730 139
1899740 139
1899750 139
1899760 138
1899770 138
1899780 138
1899790 137
1899800 137
1899810 137
1899820 137
1899830 136
1899840 136
1899850 135
1899860 135
1899870 135
1899880 135
1899890 134
1899900 134
1899910 134
1899920 134
1899930 134
1899940 134
1899950 134
1899960 134
1899970 134
1899980 134
1899990 134
