1880000 124
1880010 124
1880020 124
1880030 124
1880040 124
1880050 124
1880060 123
1880070 123
1880080 124
1880090 124
1880100 124
1880110 124
1880120 124
1880130 124
1880140 124
1880150 124
1880160 124
1880170 124
1880180 124
1880190 124
1880200 124
1880210 124
1880220 124
1880230 124
1880240 124
1880250 124
1880260 124
1880270 124
1880280 124
1880290 124
1880300 124
1880310 124
1880320 124
1880330 124
1880340 124
1880350 124
1880360 125
1880370 125
1880380 125
1880390 125
1880400 125
1880410 125
1880420 125
1880430 125
1880440 125
1880450 125
1880460 125
1880470 125
1880480 125
1880490 125
1880500 125
1880510 125
1880520 125
1880530 125
1880540 126
1880550 126
1880560 126
1880570 127
1880580 127
1880590 127
1880600 127
1880610 127
1880620 127
1880630 128
1880640 128
1880650 128
1880660 128
1880670 128
1880680 128
1880690 128
1880700 129
1880710 129
1880720 129
1880730 129
1880740 129
1880750 129
1880760 129
1880770 129
1880780 130
1880790 130
1880800 130
1880810 130
1880820 130
1880830 130
1880840 130
1880850 131
1880860 131
1880870 131
1880880 132
1880890 132
1880900 132
1880910 133
1880920 133
1880930 134
1880940 135
1880950 135
1880960 137
1880970 139
1880980 139
1880990 139
1881000 139
1881010 139
1881020 139
1881030 139
1881040 139
1881050 138
1881060 138
1881070 138
1881080 137
1881090 137
1881100 137
1881110 136
1881120 136
1881130 136
1881140 135
1881150 135
1881160 135
1881170 135
1881180 135
1881190 135
1881200 135
1881210 135
1881220 135
1881230 135
1881240 135
1881250 135
1881260 135
1881270 135
1881280 135
1881290 135
1881300 136
1881310 136
1881320 136
1881330 136
1881340 136
1881350 136
1881360 136
1881370 136
1881380 136
1881390 136
1881400 136
1881410 136
1881420 136
1881430 136
1881440 136
1881450 136
1881460 136
1881470 136
1881480 136
1881490 136
1881500 136
1881510 136
1881520 137
1881530 137
1881540 137
1881550 137
1881560 137
1881570 137
1881580 137
1881590 137
1881600 137
1881610 137
1881620 137
1881630 137
1881640 137
1881650 137
1881660 137
1881670 137
1881680 137
1881690 137
1881700 136
1881710 136
1881720 136
1881730 135
1881740 135
1881750 135
1881760 135
1881770 135
1881780 134
1881790 134
1881800 134
1881810 134
1881820 134
1881830 134
1881840 133
1881850 133
1881860 133
1881870 133
1881880 133
1881890 133
1881900 133
1881910 133
1881920 133
1881930 133
1881940 133
1881950 133
1881960 133
1881970 133
1881980 133
1881990 133
1882000 133
1882010 133
1882020 133
1882030 134
1882040 134
1882050 134
1882060 134
1882070 134
1882080 134
1882090 135
1882100 136
1882110 136
1882120 136
1882130 136
1882140 136
1882150 136
1882160 136
1882170 136
1882180 137
1882190 137
1882200 137
1882210 138
1882220 139
1882230 139
1882240 139
1882250 139
1882260 139
1882270 139
1882280 139
1882290 139
1882300 139
1882310 140
1882320 140
1882330 140
1882340 140
1882350 140
1882360 140
1882370 140
1882380 140
1882390 141
1882400 141
1882410 141
1882420 141
1882430 141
1882440 141
1882450 142
1882460 142
1882470 142
1882480 142
1882490 143
1882500 143
1882510 143
1882520 143
1882530 143
1882540 144
1882550 144
1882560 144
1882570 145
1882580 147
1882590 147
1882600 147
1882610 148
1882620 148
1882630 148
1882640 149
1882650 149
1882660 149
1882670 150
1882680 150
1882690 151
1882700 151
1882710 151
1882720 152
1882730 152
1882740 152
1882750 152
1882760 153
1882770 153
1882780 153
1882790 153
1882800 153
1882810 154
1882820 154
1882830 154
1882840 154
1882850 154
1882860 155
1882870 155
1882880 155
1882890 155
1882900 155
1882910 155
1882920 155
1882930 155
1882940 156
1882950 155
1882960 155
1882970 155
1882980 155
1882990 155
1883000 155
1883010 155
1883020 155
1883030 154
1883040 154
1883050 154
1883060 154
1883070 153
1883080 153
1883090 153
1883100 152
1883110 152
1883120 152
1883130 152
1883140 152
1883150 151
1883160 151
1883170 151
1883180 151
1883190 150
1883200 150
1883210 150
1883220 150
1883230 150
1883240 150
1883250 150
1883260 150
1883270 149
1883280 149
1883290 149
1883300 149
1883310 148
1883320 148
1883330 148
1883340 148
1883350 148
1883360 147
1883370 147
1883380 147
1883390 147
1883400 146
1883410 146
1883420 146
1883430 146
1883440 146
1883450 146
1883460 145
1883470 145
1883480 145
1883490 145
1883500 145
1883510 145
1883520 144
1883530 144
1883540 144
1883550 144
1883560 144
1883570 144
1883580 144
1883590 144
1883600 144
1883610 144
1883620 144
1883630 144
1883640 144
1883650 144
1883660 144
1883670 145
1883680 145
1883690 145
1883700 145
1883710 145
1883720 145
1883730 145
1883740 145
1883750 145
1883760 145
1883770 146
1883780 146
1883790 146
1883800 146
1883810 146
1883820 147
1883830 147
1883840 147
1883850 148
1883860 148
1883870 148
1883880 149
1883890 149
1883900 149
1883910 150
1883920 150
1883930 150
1883940 151
1883950 152
1883960 152
1883970 152
1883980 153
1883990 153
1884000 155
1884010 154
1884020 154
1884030 155
1884040 155
1884050 155
1884060 154
1884070 154
1884080 154
1884090 154
1884100 154
1884110 154
1884120 154
1884130 154
1884140 154
1884150 154
1884160 154
1884170 154
1884180 154
1884190 155
1884200 155
1884210 155
1884220 155
1884230 155
1884240 154
1884250 154
1884260 154
1884270 154
1884280 155
1884290 155
1884300 155
1884310 156
1884320 156
1884330 156
1884340 157
1884350 157
1884360 158
1884370 159
1884380 159
1884390 160
1884400 160
1884410 160
1884420 161
1884430 161
1884440 161
1884450 161
1884460 161
1884470 161
1884480 161
1884490 161
1884500 161
1884510 161
1884520 161
1884530 160
1884540 160
1884550 160
1884560 160
1884570 160
1884580 160
1884590 160
1884600 160
1884610 160
1884620 160
1884630 160
1884640 160
1884650 160
1884660 160
1884670 159
1884680 159
1884690 159
1884700 159
1884710 159
1884720 159
1884730 158
1884740 158
1884750 158
1884760 158
1884770 159
1884780 159
1884790 159
1884800 160
1884810 160
1884820 160
1884830 160
1884840 160
1884850 160
1884860 160
1884870 160
1884880 161
1884890 161
1884900 161
1884910 161
1884920 161
1884930 161
1884940 161
1884950 161
1884960 161
1884970 161
1884980 161
1884990 161
1885000 161
1885010 161
1885020 161
1885030 161
1885040 161
1885050 161
1885060 161
1885070 161
1885080 161
1885090 161
1885100 161
1885110 161
1885120 161
1885130 161
1885140 161
1885150 161
1885160 161
1885170 161
1885180 161
1885190 161
1885200 161
1885210 161
1885220 161
1885230 161
1885240 161
1885250 161
1885260 161
1885270 161
1885280 161
1885290 161
1885300 161
1885310 161
1885320 161
1885330 161
1885340 161
1885350 161
1885360 161
1885370 161
1885380 161
1885390 161
1885400 161
1885410 161
1885420 161
1885430 161
1885440 161
1885450 161
1885460 161
1885470 161
1885480 161
1885490 161
1885500 161
1885510 161
1885520 161
1885530 161
1885540 161
1885550 161
1885560 161
1885570 161
1885580 161
1885590 161
1885600 161
1885610 161
1885620 161
1885630 161
1885640 161
1885650 161
1885660 161
1885670 161
1885680 161
1885690 161
1885700 161
1885710 161
1885720 161
1885730 161
1885740 162
1885750 162
1885760 162
1885770 162
1885780 162
1885790 162
1885800 162
1885810 162
1885820 162
1885830 162
1885840 162
1885850 162
1885860 163
1885870 163
1885880 163
1885890 163
1885900 163
1885910 163
1885920 163
1885930 163
1885940 163
1885950 163
1885960 163
1885970 164
1885980 164
1885990 164
1886000 164
1886010 164
1886020 164
1886030 164
1886040 164
1886050 164
1886060 165
1886070 165
1886080 165
1886090 165
1886100 165
1886110 165
1886120 165
1886130 165
1886140 165
1886150 165
1886160 165
1886170 164
1886180 164
1886190 164
1886200 164
1886210 164
1886220 164
1886230 164
1886240 164
1886250 164
1886260 164
1886270 164
1886280 164
1886290 164
1886300 164
1886310 164
1886320 164
1886330 164
1886340 164
1886350 164
1886360 164
1886370 164
1886380 164
1886390 164
1886400 163
1886410 163
1886420 163
1886430 163
1886440 163
1886450 163
1886460 163
1886470 163
1886480 163
1886490 163
1886500 163
1886510 163
1886520 163
1886530 163
1886540 163
1886550 163
1886560 163
1886570 163
1886580 163
1886590 163
1886600 163
1886610 163
1886620 163
1886630 163
1886640 163
1886650 163
1886660 163
1886670 163
1886680 163
1886690 163
1886700 163
1886710 163
1886720 163
1886730 163
1886740 163
1886750 163
1886760 163
1886770 162
1886780 162
1886790 162
1886800 162
1886810 162
1886820 162
1886830 162
1886840 162
1886850 162
1886860 162
1886870 162
1886880 161
1886890 161
1886900 161
1886910 161
1886920 161
1886930 161
1886940 161
1886950 161
1886960 161
1886970 161
1886980 160
1886990 160
1887000 160
1887010 160
1887020 160
1887030 160
1887040 160
1887050 160
1887060 160
1887070 160
1887080 160
1887090 160
1887100 161
1887110 161
1887120 161
1887130 161
1887140 161
1887150 161
1887160 161
1887170 161
1887180 161
1887190 161
1887200 161
1887210 161
1887220 161
1887230 161
1887240 161
1887250 161
1887260 161
1887270 161
1887280 161
1887290 162
1887300 162
1887310 162
1887320 162
1887330 162
1887340 162
1887350 161
1887360 161
1887370 161
1887380 161
1887390 161
1887400 161
1887410 161
1887420 161
1887430 161
1887440 161
1887450 161
1887460 161
1887470 161
1887480 161
1887490 161
1887500 160
1887510 160
1887520 160
1887530 161
1887540 161
1887550 161
1887560 161
1887570 161
1887580 161
1887590 161
1887600 161
1887610 161
1887620 161
1887630 161
1887640 161
1887650 160
1887660 160
1887670 160
1887680 160
1887690 160
1887700 160
1887710 159
1887720 159
1887730 159
1887740 158
1887750 158
1887760 158
1887770 158
1887780 158
1887790 157
1887800 157
1887810 156
1887820 156
1887830 156
1887840 155
1887850 155
1887860 155
1887870 154
1887880 154
1887890 154
1887900 153
1887910 153
1887920 153
1887930 152
1887940 152
1887950 151
1887960 151
1887970 151
1887980 150
1887990 149
1888000 149
1888010 149
1888020 148
1888030 148
1888040 148
1888050 147
1888060 147
1888070 147
1888080 147
1888090 147
1888100 147
1888110 146
1888120 146
1888130 146
1888140 147
1888150 147
1888160 147
1888170 147
1888180 147
1888190 147
1888200 147
1888210 147
1888220 147
1888230 148
1888240 148
1888250 148
1888260 148
1888270 148
1888280 148
1888290 149
1888300 149
1888310 149
1888320 149
1888330 149
1888340 149
1888350 149
1888360 149
1888370 149
1888380 150
1888390 150
1888400 150
1888410 150
1888420 150
1888430 150
1888440 150
1888450 150
1888460 151
1888470 151
1888480 151
1888490 151
1888500 151
1888510 151
1888520 151
1888530 151
1888540 151
1888550 152
1888560 152
1888570 152
1888580 152
1888590 152
1888600 152
1888610 152
1888620 152
1888630 152
1888640 152
1888650 152
1888660 152
1888670 152
1888680 152
1888690 152
1888700 152
1888710 152
1888720 152
1888730 152
1888740 152
1888750 152
1888760 152
1888770 152
1888780 152
1888790 152
1888800 152
1888810 152
1888820 152
1888830 152
1888840 152
1888850 152
1888860 152
1888870 152
1888880 152
1888890 152
1888900 152
1888910 152
1888920 152
1888930 152
1888940 152
1888950 152
1888960 152
1888970 152
1888980 152
1888990 153
1889000 153
1889010 153
1889020 153
1889030 153
1889040 153
1889050 153
1889060 153
1889070 153
1889080 153
1889090 153
1889100 153
1889110 153
1889120 153
1889130 153
1889140 153
1889150 153
1889160 153
1889170 153
1889180 153
1889190 153
1889200 153
1889210 153
1889220 153
1889230 153
1889240 153
1889250 153
1889260 153
1889270 153
1889280 153
1889290 153
1889300 153
1889310 153
1889320 153
1889330 153
1889340 153
1889350 153
1889360 153
1889370 152
1889380 152
1889390 152
1889400 152
1889410 152
1889420 152
1889430 151
1889440 151
1889450 151
1889460 151
1889470 151
1889480 150
1889490 150
1889500 150
1889510 150
1889520 150
1889530 149
1889540 149
1889550 149
1889560 149
1889570 149
1889580 149
1889590 149
1889600 148
1889610 148
1889620 148
1889630 148
1889640 148
1889650 148
1889660 147
1889670 147
1889680 147
1889690 147
1889700 147
1889710 147
1889720 147
1889730 147
1889740 146
1889750 146
1889760 146
1889770 146
1889780 146
1889790 146
1889800 146
1889810 146
1889820 146
1889830 145
1889840 145
1889850 145
1889860 145
1889870 145
1889880 145
1889890 145
1889900 145
1889910 145
1889920 144
1889930 144
1889940 144
1889950 144
1889960 143
1889970 143
1889980 143
1889990 143
1890000 143
1890010 143
1890020 142
1890030 142
1890040 142
1890050 142
1890060 142
1890070 142
1890080 142
1890090 142
1890100 141
1890110 141
1890120 141
1890130 141
1890140 141
1890150 141
1890160 141
1890170 141
1890180 141
1890190 140
1890200 140
1890210 140
1890220 140
1890230 140
1890240 140
1890250 140
1890260 140
1890270 140
1890280 139
1890290 139
1890300 139
1890310 139
1890320 139
1890330 139
1890340 139
1890350 139
1890360 139
1890370 139
1890380 139
1890390 139
1890400 139
1890410 139
1890420 139
1890430 139
1890440 139
1890450 139
1890460 139
1890470 139
1890480 139
1890490 139
1890500 139
1890510 139
1890520 139
1890530 140
1890540 140
1890550 140
1890560 140
1890570 140
1890580 140
1890590 140
1890600 141
1890610 141
1890620 141
1890630 141
1890640 141
1890650 141
1890660 141
1890670 141
1890680 141
1890690 140
1890700 140
1890710 140
1890720 140
1890730 140
1890740 140
1890750 140
1890760 140
1890770 139
1890780 139
1890790 139
1890800 139
1890810 139
1890820 139
1890830 139
1890840 139
1890850 139
1890860 139
1890870 139
1890880 139
1890890 139
1890900 139
1890910 139
1890920 139
1890930 139
1890940 139
1890950 139
1890960 139
1890970 139
1890980 139
1890990 140
1891000 140
1891010 140
1891020 141
1891030 141
1891040 141
1891050 142
1891060 142
1891070 142
1891080 143
1891090 143
1891100 143
1891110 143
1891120 143
1891130 143
1891140 143
1891150 143
1891160 143
1891170 144
1891180 143
1891190 143
1891200 143
1891210 143
1891220 143
1891230 143
1891240 143
1891250 143
1891260 143
1891270 143
1891280 143
1891290 143
1891300 143
1891310 143
1891320 143
1891330 143
1891340 143
1891350 143
1891360 143
1891370 143
1891380 143
1891390 143
1891400 143
1891410 144
1891420 144
1891430 144
1891440 144
1891450 144
1891460 144
1891470 144
1891480 144
1891490 144
1891500 145
1891510 144
1891520 144
1891530 144
1891540 144
1891550 144
1891560 144
1891570 144
1891580 144
1891590 144
1891600 144
1891610 144
1891620 144
1891630 144
1891640 144
1891650 144
1891660 145
1891670 145
1891680 145
1891690 145
1891700 145
1891710 145
1891720 146
1891730 146
1891740 146
1891750 146
1891760 146
1891770 147
1891780 147
1891790 147
1891800 148
1891810 148
1891820 148
1891830 149
1891840 150
1891850 150
1891860 150
1891870 150
1891880 150
1891890 151
1891900 151
1891910 151
1891920 152
1891930 152
1891940 152
1891950 153
1891960 153
1891970 153
1891980 153
1891990 153
1892000 152
1892010 152
1892020 152
1892030 152
1892040 152
1892050 153
1892060 153
1892070 153
1892080 153
1892090 153
1892100 153
1892110 153
1892120 154
1892130 154
1892140 154
1892150 154
1892160 154
1892170 154
1892180 154
1892190 154
1892200 154
1892210 154
1892220 154
1892230 155
1892240 155
1892250 155
1892260 155
1892270 155
1892280 155
1892290 155
1892300 155
1892310 155
1892320 155
1892330 155
1892340 155
1892350 155
1892360 155
1892370 155
1892380 155
1892390 155
1892400 155
1892410 155
1892420 155
1892430 155
1892440 155
1892450 155
1892460 155
1892470 156
1892480 156
1892490 156
1892500 156
1892510 156
1892520 156
1892530 156
1892540 156
1892550 156
1892560 156
1892570 156
1892580 156
1892590 156
1892600 156
1892610 156
1892620 156
1892630 156
1892640 156
1892650 156
1892660 156
1892670 156
1892680 156
1892690 156
1892700 156
1892710 156
1892720 156
1892730 156
1892740 156
1892750 156
1892760 156
1892770 156
1892780 156
1892790 156
1892800 156
1892810 156
1892820 156
1892830 156
1892840 156
1892850 156
1892860 156
1892870 156
1892880 156
1892890 156
1892900 156
1892910 156
1892920 156
1892930 156
1892940 156
1892950 156
1892960 156
1892970 156
1892980 156
1892990 156
1893000 156
1893010 156
1893020 156
1893030 156
1893040 156
1893050 156
1893060 156
1893070 156
1893080 156
1893090 156
1893100 156
1893110 156
1893120 156
1893130 156
1893140 156
1893150 156
1893160 156
1893170 156
1893180 156
1893190 156
1893200 156
1893210 156
1893220 156
1893230 156
1893240 156
1893250 156
1893260 156
1893270 156
1893280 156
1893290 157
1893300 157
1893310 157
1893320 156
1893330 157
1893340 157
1893350 157
1893360 157
1893370 157
1893380 157
1893390 156
1893400 156
1893410 156
1893420 156
1893430 156
1893440 156
1893450 157
1893460 157
1893470 157
1893480 157
1893490 157
1893500 157
1893510 157
1893520 157
1893530 157
1893540 157
1893550 157
1893560 157
1893570 157
1893580 157
1893590 157
1893600 157
1893610 157
1893620 157
1893630 157
1893640 157
1893650 157
1893660 157
1893670 157
1893680 157
1893690 157
1893700 157
1893710 157
1893720 157
1893730 157
1893740 157
1893750 157
1893760 157
1893770 157
1893780 157
1893790 157
1893800 157
1893810 157
1893820 156
1893830 156
1893840 156
1893850 156
1893860 156
1893870 156
1893880 156
1893890 156
1893900 156
1893910 156
1893920 156
1893930 156
1893940 156
1893950 156
1893960 156
1893970 156
1893980 156
1893990 156
1894000 156
1894010 156
1894020 156
1894030 156
1894040 156
1894050 156
1894060 156
1894070 156
1894080 156
1894090 156
1894100 156
1894110 156
1894120 156
1894130 156
1894140 156
1894150 156
1894160 156
1894170 156
1894180 155
1894190 155
1894200 155
1894210 155
1894220 155
1894230 155
1894240 155
1894250 155
1894260 155
1894270 155
1894280 155
1894290 155
1894300 155
1894310 155
1894320 155
1894330 155
1894340 155
1894350 155
1894360 155
1894370 155
1894380 155
1894390 155
1894400 155
1894410 155
1894420 155
1894430 155
1894440 155
1894450 155
1894460 155
1894470 155
1894480 155
1894490 155
1894500 155
1894510 155
1894520 155
1894530 155
1894540 156
1894550 156
1894560 156
1894570 156
1894580 156
1894590 156
1894600 156
1894610 156
1894620 156
1894630 156
1894640 156
1894650 156
1894660 156
1894670 156
1894680 156
1894690 156
1894700 156
1894710 156
1894720 156
1894730 156
1894740 156
1894750 156
1894760 156
1894770 156
1894780 155
1894790 155
1894800 155
1894810 155
1894820 155
1894830 155
1894840 155
1894850 156
1894860 156
1894870 156
1894880 156
1894890 156
1894900 156
1894910 156
1894920 156
1894930 156
1894940 156
1894950 156
1894960 156
1894970 156
1894980 156
1894990 156
1895000 156
1895010 156
1895020 155
1895030 155
1895040 155
1895050 155
1895060 156
1895070 156
1895080 156
1895090 156
1895100 156
1895110 156
1895120 156
1895130 156
1895140 156
1895150 156
1895160 156
1895170 156
1895180 156
1895190 156
1895200 156
1895210 156
1895220 156
1895230 156
1895240 156
1895250 156
1895260 156
1895270 156
1895280 156
1895290 156
1895300 156
1895310 156
1895320 156
1895330 156
1895340 156
1895350 156
1895360 156
1895370 156
1895380 156
1895390 156
1895400 156
1895410 156
1895420 156
1895430 156
1895440 156
1895450 156
1895460 156
1895470 156
1895480 156
1895490 156
1895500 156
1895510 156
1895520 156
1895530 156
1895540 156
1895550 156
1895560 156
1895570 156
1895580 156
1895590 156
1895600 156
1895610 156
1895620 156
1895630 156
1895640 156
1895650 156
1895660 156
1895670 156
1895680 156
1895690 156
1895700 156
1895710 156
1895720 156
1895730 156
1895740 156
1895750 156
1895760 156
1895770 156
1895780 156
1895790 156
1895800 156
1895810 156
1895820 156
1895830 156
1895840 156
1895850 156
1895860 156
1895870 156
1895880 156
1895890 156
1895900 156
1895910 156
1895920 156
1895930 156
1895940 156
1895950 156
1895960 156
1895970 156
1895980 156
1895990 157
1896000 157
1896010 157
1896020 157
1896030 157
1896040 157
1896050 157
1896060 157
1896070 157
1896080 156
1896090 156
1896100 156
1896110 156
1896120 156
1896130 156
1896140 156
1896150 156
1896160 156
1896170 156
1896180 156
1896190 156
1896200 156
1896210 156
1896220 156
1896230 156
1896240 156
1896250 156
1896260 156
1896270 156
1896280 156
1896290 156
1896300 156
1896310 156
1896320 156
1896330 156
1896340 156
1896350 156
1896360 156
1896370 156
1896380 156
1896390 156
1896400 156
1896410 156
1896420 156
1896430 156
1896440 156
1896450 156
1896460 156
1896470 156
1896480 156
1896490 156
1896500 156
1896510 156
1896520 156
1896530 156
1896540 156
1896550 156
1896560 156
1896570 156
1896580 156
1896590 156
1896600 156
1896610 156
1896620 156
1896630 156
1896640 156
1896650 156
1896660 156
1896670 156
1896680 156
1896690 156
1896700 156
1896710 156
1896720 156
1896730 156
1896740 156
1896750 156
1896760 156
1896770 156
1896780 156
1896790 156
1896800 156
1896810 156
1896820 156
1896830 156
1896840 156
1896850 156
1896860 156
1896870 156
1896880 156
1896890 156
1896900 156
1896910 156
1896920 156
1896930 156
1896940 156
1896950 156
1896960 156
1896970 156
1896980 156
1896990 156
1897000 156
1897010 156
1897020 156
1897030 156
1897040 156
1897050 156
1897060 156
1897070 156
1897080 156
1897090 156
1897100 156
1897110 156
1897120 156
1897130 156
1897140 156
1897150 156
1897160 156
1897170 156
1897180 156
1897190 156
1897200 156
1897210 156
1897220 156
1897230 156
1897240 156
1897250 156
1897260 156
1897270 156
1897280 156
1897290 156
1897300 156
1897310 156
1897320 156
1897330 156
1897340 156
1897350 156
1897360 156
1897370 156
1897380 156
1897390 156
1897400 156
1897410 156
1897420 156
1897430 156
1897440 156
1897450 156
1897460 156
1897470 156
1897480 156
1897490 156
1897500 156
1897510 156
1897520 156
1897530 156
1897540 156
1897550 155
1897560 155
1897570 155
1897580 155
1897590 155
1897600 155
1897610 155
1897620 155
1897630 155
1897640 155
1897650 155
1897660 155
1897670 155
1897680 155
1897690 155
1897700 155
1897710 155
1897720 155
1897730 155
1897740 155
1897750 154
1897760 154
1897770 154
1897780 154
1897790 154
1897800 154
1897810 154
1897820 154
1897830 154
1897840 154
1897850 153
1897860 153
1897870 153
1897880 153
1897890 153
1897900 153
1897910 152
1897920 152
1897930 152
1897940 152
1897950 152
1897960 152
1897970 152
1897980 151
1897990 151
1898000 150
1898010 150
1898020 150
1898030 149
1898040 149
1898050 149
1898060 149
1898070 148
1898080 148
1898090 148
1898100 148
1898110 148
1898120 148
1898130 148
1898140 148
1898150 149
1898160 149
1898170 149
1898180 149
1898190 149
1898200 149
1898210 150
1898220 150
1898230 150
1898240 150
1898250 150
1898260 150
1898270 150
1898280 150
1898290 150
1898300 151
1898310 151
1898320 151
1898330 151
1898340 151
1898350 151
1898360 152
1898370 152
1898380 152
1898390 152
1898400 152
1898410 152
1898420 152
1898430 152
1898440 152
1898450 152
1898460 152
1898470 152
1898480 152
1898490 152
1898500 152
1898510 152
1898520 152
1898530 152
1898540 152
1898550 153
1898560 153
1898570 153
1898580 153
1898590 153
1898600 153
1898610 152
1898620 152
1898630 152
1898640 152
1898650 152
1898660 152
1898670 152
1898680 152
1898690 152
1898700 152
1898710 152
1898720 152
1898730 152
1898740 152
1898750 152
1898760 152
1898770 152
1898780 152
1898790 153
1898800 153
1898810 153
1898820 153
1898830 153
1898840 153
1898850 153
1898860 153
1898870 153
1898880 153
1898890 153
1898900 153
1898910 153
1898920 153
1898930 153
1898940 153
1898950 153
1898960 153
1898970 153
1898980 153
1898990 153
1899000 153
1899010 153
1899020 153
1899030 153
1899040 153
1899050 153
1899060 153
1899070 154
1899080 154
1899090 154
1899100 153
1899110 153
1899120 153
1899130 153
1899140 153
1899150 153
1899160 153
1899170 153
1899180 153
1899190 153
1899200 153
1899210 153
1899220 153
1899230 153
1899240 153
1899250 154
1899260 154
1899270 154
1899280 153
1899290 153
1899300 153
1899310 153
1899320 153
1899330 153
1899340 153
1899350 153
1899360 153
1899370 153
1899380 153
1899390 153
1899400 152
1899410 152
1899420 152
1899430 151
1899440 151
1899450 151
1899460 151
1899470 151
1899480 151
1899490 152
1899500 152
1899510 152
1899520 153
1899530 153
1899540 153
1899550 153
1899560 153
1899570 153
1899580 153
1899590 153
1899600 153
1899610 153
1899620 153
1899630 153
1899640 152
1899650 151
1899660 151
1899670 151
1899680 150
1899690 150
1899700 151
1899710 151
1899720 151
1899730 151
1899740 151
1899750 151
1899760 152
1899770 152
1899780 152
1899790 152
1899800 153
1899810 153
1899820 153
1899830 153
1899840 153
1899850 153
1899860 153
1899870 153
1899880 153
1899890 153
1899900 153
1899910 153
1899920 153
1899930 153
1899940 153
1899950 153
1899960 153
1899970 153
1899980 153
1899990 153
