1880000 124
1880010 124
1880020 124
1880030 124
1880040 124
1880050 124
1880060 124
1880070 124
1880080 124
1880090 124
1880100 124
1880110 124
1880120 124
1880130 124
1880140 124
1880150 124
1880160 124
1880170 124
1880180 124
1880190 124
1880200 124
1880210 124
1880220 124
1880230 124
1880240 124
1880250 124
1880260 124
1880270 124
1880280 125
1880290 125
1880300 125
1880310 125
1880320 125
1880330 125
1880340 125
1880350 125
1880360 125
1880370 125
1880380 125
1880390 125
1880400 125
1880410 126
1880420 126
1880430 126
1880440 126
1880450 126
1880460 126
1880470 126
1880480 126
1880490 126
1880500 126
1880510 126
1880520 126
1880530 126
1880540 127
1880550 127
1880560 127
1880570 127
1880580 127
1880590 127
1880600 128
1880610 128
1880620 128
1880630 128
1880640 128
1880650 128
1880660 129
1880670 129
1880680 129
1880690 129
1880700 129
1880710 129
1880720 130
1880730 130
1880740 131
1880750 131
1880760 131
1880770 132
1880780 132
1880790 132
1880800 132
1880810 133
1880820 133
1880830 134
1880840 134
1880850 134
1880860 134
1880870 134
1880880 134
1880890 135
1880900 137
1880910 137
1880920 138
1880930 140
1880940 140
1880950 140
1880960 140
1880970 140
1880980 139
1880990 138
1881000 138
1881010 138
1881020 138
1881030 138
1881040 137
1881050 137
1881060 137
1881070 137
1881080 137
1881090 137
1881100 136
1881110 135
1881120 135
1881130 135
1881140 135
1881150 135
1881160 135
1881170 135
1881180 136
1881190 136
1881200 135
1881210 135
1881220 135
1881230 135
1881240 135
1881250 135
1881260 135
1881270 135
1881280 135
1881290 135
1881300 136
1881310 136
1881320 136
1881330 136
1881340 136
1881350 136
1881360 136
1881370 136
1881380 137
1881390 137
1881400 137
1881410 137
1881420 136
1881430 136
1881440 137
1881450 137
1881460 137
1881470 137
1881480 137
1881490 138
1881500 138
1881510 138
1881520 138
1881530 138
1881540 138
1881550 138
1881560 138
1881570 138
1881580 138
1881590 138
1881600 138
1881610 138
1881620 138
1881630 138
1881640 138
1881650 137
1881660 136
1881670 136
1881680 136
1881690 136
1881700 136
1881710 135
1881720 135
1881730 135
1881740 135
1881750 135
1881760 135
1881770 134
1881780 134
1881790 134
1881800 134
1881810 134
1881820 134
1881830 134
1881840 134
1881850 134
1881860 134
1881870 134
1881880 134
1881890 134
1881900 134
1881910 134
1881920 134
1881930 134
1881940 134
1881950 134
1881960 134
1881970 134
1881980 134
1881990 134
1882000 134
1882010 134
1882020 134
1882030 134
1882040 134
1882050 135
1882060 135
1882070 135
1882080 135
1882090 135
1882100 135
1882110 136
1882120 137
1882130 137
1882140 138
1882150 138
1882160 138
1882170 138
1882180 138
1882190 138
1882200 139
1882210 139
1882220 139
1882230 139
1882240 139
1882250 139
1882260 140
1882270 140
1882280 140
1882290 140
1882300 141
1882310 141
1882320 141
1882330 142
1882340 142
1882350 142
1882360 142
1882370 142
1882380 143
1882390 143
1882400 143
1882410 144
1882420 145
1882430 145
1882440 146
1882450 147
1882460 147
1882470 149
1882480 150
1882490 150
1882500 151
1882510 152
1882520 152
1882530 153
1882540 153
1882550 153
1882560 154
1882570 154
1882580 154
1882590 155
1882600 155
1882610 155
1882620 155
1882630 156
1882640 156
1882650 156
1882660 156
1882670 156
1882680 157
1882690 157
1882700 157
1882710 157
1882720 157
1882730 157
1882740 157
1882750 156
1882760 156
1882770 156
1882780 157
1882790 157
1882800 157
1882810 157
1882820 157
1882830 157
1882840 158
1882850 158
1882860 158
1882870 158
1882880 158
1882890 158
1882900 157
1882910 157
1882920 157
1882930 157
1882940 157
1882950 157
1882960 156
1882970 156
1882980 156
1882990 156
1883000 155
1883010 155
1883020 155
1883030 154
1883040 154
1883050 154
1883060 154
1883070 154
1883080 153
1883090 153
1883100 153
1883110 153
1883120 153
1883130 153
1883140 152
1883150 152
1883160 152
1883170 152
1883180 151
1883190 151
1883200 151
1883210 151
1883220 151
1883230 150
1883240 150
1883250 150
1883260 150
1883270 150
1883280 150
1883290 150
1883300 149
1883310 149
1883320 149
1883330 148
1883340 148
1883350 147
1883360 147
1883370 147
1883380 146
1883390 146
1883400 146
1883410 145
1883420 145
1883430 145
1883440 145
1883450 145
1883460 145
1883470 145
1883480 145
1883490 145
1883500 145
1883510 144
1883520 144
1883530 144
1883540 144
1883550 144
1883560 144
1883570 144
1883580 144
1883590 145
1883600 145
1883610 145
1883620 145
1883630 145
1883640 145
1883650 145
1883660 145
1883670 145
1883680 145
1883690 145
1883700 145
1883710 145
1883720 145
1883730 145
1883740 145
1883750 145
1883760 146
1883770 146
1883780 150
1883790 157
1883800 157
1883810 158
1883820 157
1883830 157
1883840 157
1883850 157
1883860 157
1883870 157
1883880 157
1883890 157
1883900 157
1883910 157
1883920 157
1883930 157
1883940 157
1883950 157
1883960 157
1883970 157
1883980 157
1883990 157
1884000 157
1884010 157
1884020 157
1884030 156
1884040 156
1884050 156
1884060 156
1884070 156
1884080 156
1884090 156
1884100 156
1884110 158
1884120 159
1884130 159
1884140 159
1884150 159
1884160 159
1884170 159
1884180 159
1884190 159
1884200 159
1884210 159
1884220 159
1884230 159
1884240 160
1884250 160
1884260 158
1884270 158
1884280 158
1884290 158
1884300 159
1884310 159
1884320 160
1884330 161
1884340 161
1884350 161
1884360 161
1884370 161
1884380 161
1884390 161
1884400 161
1884410 161
1884420 161
1884430 161
1884440 161
1884450 161
1884460 161
1884470 161
1884480 161
1884490 161
1884500 161
1884510 161
1884520 161
1884530 161
1884540 161
1884550 160
1884560 160
1884570 160
1884580 160
1884590 160
1884600 160
1884610 160
1884620 160
1884630 160
1884640 160
1884650 160
1884660 159
1884670 159
1884680 159
1884690 159
1884700 159
1884710 159
1884720 159
1884730 159
1884740 159
1884750 160
1884760 160
1884770 160
1884780 161
1884790 161
1884800 161
1884810 161
1884820 161
1884830 161
1884840 161
1884850 161
1884860 161
1884870 161
1884880 161
1884890 161
1884900 161
1884910 161
1884920 161
1884930 161
1884940 161
1884950 161
1884960 161
1884970 161
1884980 161
1884990 161
1885000 161
1885010 161
1885020 161
1885030 161
1885040 161
1885050 161
1885060 161
1885070 161
1885080 161
1885090 161
1885100 161
1885110 161
1885120 161
1885130 161
1885140 161
1885150 161
1885160 161
1885170 161
1885180 161
1885190 161
1885200 161
1885210 161
1885220 161
1885230 161
1885240 161
1885250 161
1885260 161
1885270 161
1885280 161
1885290 161
1885300 161
1885310 161
1885320 161
1885330 161
1885340 161
1885350 161
1885360 161
1885370 161
1885380 161
1885390 161
1885400 161
1885410 161
1885420 161
1885430 161
1885440 161
1885450 162
1885460 162
1885470 162
1885480 162
1885490 162
1885500 162
1885510 162
1885520 162
1885530 162
1885540 162
1885550 162
1885560 162
1885570 162
1885580 162
1885590 162
1885600 162
1885610 162
1885620 162
1885630 162
1885640 163
1885650 163
1885660 163
1885670 163
1885680 163
1885690 163
1885700 163
1885710 163
1885720 163
1885730 163
1885740 163
1885750 163
1885760 163
1885770 163
1885780 163
1885790 164
1885800 164
1885810 164
1885820 164
1885830 164
1885840 164
1885850 164
1885860 164
1885870 164
1885880 165
1885890 165
1885900 165
1885910 165
1885920 165
1885930 165
1885940 165
1885950 165
1885960 165
1885970 165
1885980 165
1885990 165
1886000 165
1886010 165
1886020 165
1886030 165
1886040 165
1886050 165
1886060 165
1886070 165
1886080 165
1886090 165
1886100 165
1886110 165
1886120 165
1886130 165
1886140 165
1886150 164
1886160 164
1886170 164
1886180 164
1886190 164
1886200 164
1886210 164
1886220 164
1886230 164
1886240 164
1886250 164
1886260 164
1886270 164
1886280 164
1886290 164
1886300 164
1886310 164
1886320 164
1886330 164
1886340 163
1886350 163
1886360 163
1886370 164
1886380 164
1886390 164
1886400 164
1886410 164
1886420 164
1886430 164
1886440 164
1886450 164
1886460 164
1886470 164
1886480 163
1886490 163
1886500 163
1886510 163
1886520 163
1886530 163
1886540 163
1886550 163
1886560 163
1886570 163
1886580 163
1886590 163
1886600 163
1886610 163
1886620 163
1886630 163
1886640 163
1886650 163
1886660 163
1886670 162
1886680 162
1886690 162
1886700 162
1886710 162
1886720 162
1886730 162
1886740 162
1886750 162
1886760 162
1886770 162
1886780 161
1886790 161
1886800 161
1886810 161
1886820 161
1886830 161
1886840 161
1886850 161
1886860 161
1886870 161
1886880 161
1886890 161
1886900 161
1886910 161
1886920 161
1886930 161
1886940 161
1886950 161
1886960 161
1886970 161
1886980 161
1886990 161
1887000 161
1887010 161
1887020 161
1887030 161
1887040 161
1887050 161
1887060 161
1887070 161
1887080 161
1887090 161
1887100 161
1887110 161
1887120 161
1887130 162
1887140 162
1887150 162
1887160 162
1887170 162
1887180 162
1887190 162
1887200 162
1887210 162
1887220 162
1887230 162
1887240 162
1887250 162
1887260 162
1887270 162
1887280 161
1887290 161
1887300 162
1887310 161
1887320 161
1887330 161
1887340 161
1887350 161
1887360 161
1887370 161
1887380 161
1887390 161
1887400 161
1887410 161
1887420 161
1887430 161
1887440 161
1887450 161
1887460 161
1887470 161
1887480 160
1887490 160
1887500 160
1887510 160
1887520 160
1887530 160
1887540 160
1887550 160
1887560 160
1887570 160
1887580 160
1887590 160
1887600 160
1887610 159
1887620 159
1887630 159
1887640 158
1887650 158
1887660 158
1887670 158
1887680 158
1887690 157
1887700 157
1887710 157
1887720 156
1887730 156
1887740 156
1887750 156
1887760 155
1887770 155
1887780 155
1887790 154
1887800 154
1887810 154
1887820 153
1887830 153
1887840 153
1887850 152
1887860 151
1887870 151
1887880 150
1887890 150
1887900 150
1887910 149
1887920 149
1887930 149
1887940 148
1887950 148
1887960 148
1887970 148
1887980 148
1887990 148
1888000 147
1888010 147
1888020 147
1888030 147
1888040 147
1888050 147
1888060 147
1888070 147
1888080 147
1888090 147
1888100 148
1888110 148
1888120 148
1888130 148
1888140 148
1888150 149
1888160 149
1888170 149
1888180 149
1888190 150
1888200 150
1888210 150
1888220 150
1888230 150
1888240 151
1888250 151
1888260 151
1888270 151
1888280 151
1888290 151
1888300 151
1888310 152
1888320 152
1888330 152
1888340 152
1888350 152
1888360 151
1888370 152
1888380 152
1888390 152
1888400 152
1888410 152
1888420 152
1888430 152
1888440 152
1888450 152
1888460 152
1888470 152
1888480 153
1888490 153
1888500 153
1888510 153
1888520 153
1888530 153
1888540 153
1888550 153
1888560 153
1888570 153
1888580 153
1888590 153
1888600 153
1888610 153
1888620 153
1888630 153
1888640 153
1888650 153
1888660 153
1888670 153
1888680 153
1888690 153
1888700 153
1888710 153
1888720 153
1888730 153
1888740 153
1888750 153
1888760 153
1888770 153
1888780 153
1888790 153
1888800 153
1888810 153
1888820 153
1888830 153
1888840 153
1888850 153
1888860 153
1888870 153
1888880 154
1888890 154
1888900 154
1888910 154
1888920 154
1888930 154
1888940 154
1888950 154
1888960 154
1888970 154
1888980 154
1888990 154
1889000 154
1889010 154
1889020 154
1889030 154
1889040 154
1889050 154
1889060 154
1889070 154
1889080 154
1889090 154
1889100 154
1889110 154
1889120 154
1889130 154
1889140 154
1889150 154
1889160 154
1889170 154
1889180 154
1889190 154
1889200 154
1889210 154
1889220 154
1889230 154
1889240 154
1889250 154
1889260 154
1889270 154
1889280 153
1889290 153
1889300 153
1889310 153
1889320 153
1889330 153
1889340 152
1889350 152
1889360 152
1889370 152
1889380 152
1889390 151
1889400 151
1889410 151
1889420 151
1889430 150
1889440 150
1889450 150
1889460 150
1889470 150
1889480 150
1889490 149
1889500 149
1889510 149
1889520 149
1889530 148
1889540 148
1889550 148
1889560 148
1889570 148
1889580 148
1889590 147
1889600 147
1889610 147
1889620 147
1889630 147
1889640 147
1889650 146
1889660 146
1889670 146
1889680 146
1889690 146
1889700 145
1889710 145
1889720 145
1889730 145
1889740 145
1889750 145
1889760 144
1889770 144
1889780 144
1889790 144
1889800 144
1889810 144
1889820 144
1889830 143
1889840 143
1889850 143
1889860 143
1889870 143
1889880 143
1889890 143
1889900 143
1889910 143
1889920 142
1889930 142
1889940 142
1889950 142
1889960 142
1889970 142
1889980 142
1889990 142
1890000 141
1890010 141
1890020 141
1890030 141
1890040 141
1890050 141
1890060 141
1890070 141
1890080 141
1890090 141
1890100 140
1890110 140
1890120 140
1890130 140
1890140 140
1890150 140
1890160 140
1890170 140
1890180 140
1890190 140
1890200 140
1890210 140
1890220 140
1890230 140
1890240 140
1890250 140
1890260 140
1890270 139
1890280 139
1890290 139
1890300 139
1890310 139
1890320 139
1890330 139
1890340 139
1890350 139
1890360 139
1890370 139
1890380 140
1890390 140
1890400 140
1890410 140
1890420 140
1890430 140
1890440 141
1890450 141
1890460 141
1890470 141
1890480 141
1890490 142
1890500 142
1890510 142
1890520 142
1890530 142
1890540 142
1890550 142
1890560 142
1890570 142
1890580 142
1890590 142
1890600 142
1890610 142
1890620 142
1890630 142
1890640 141
1890650 141
1890660 141
1890670 141
1890680 141
1890690 141
1890700 140
1890710 140
1890720 140
1890730 140
1890740 140
1890750 140
1890760 140
1890770 139
1890780 139
1890790 139
1890800 139
1890810 139
1890820 139
1890830 139
1890840 139
1890850 139
1890860 139
1890870 139
1890880 139
1890890 139
1890900 139
1890910 139
1890920 139
1890930 139
1890940 139
1890950 140
1890960 140
1890970 140
1890980 141
1890990 141
1891000 142
1891010 143
1891020 143
1891030 144
1891040 144
1891050 144
1891060 145
1891070 145
1891080 145
1891090 145
1891100 145
1891110 145
1891120 145
1891130 145
1891140 145
1891150 145
1891160 145
1891170 145
1891180 144
1891190 144
1891200 144
1891210 144
1891220 144
1891230 144
1891240 144
1891250 144
1891260 144
1891270 144
1891280 145
1891290 145
1891300 145
1891310 145
1891320 145
1891330 145
1891340 145
1891350 145
1891360 145
1891370 145
1891380 145
1891390 145
1891400 145
1891410 145
1891420 145
1891430 145
1891440 145
1891450 145
1891460 145
1891470 145
1891480 145
1891490 145
1891500 145
1891510 145
1891520 145
1891530 146
1891540 146
1891550 145
1891560 145
1891570 145
1891580 145
1891590 145
1891600 145
1891610 145
1891620 145
1891630 145
1891640 145
1891650 145
1891660 145
1891670 145
1891680 145
1891690 145
1891700 145
1891710 146
1891720 146
1891730 146
1891740 147
1891750 147
1891760 147
1891770 147
1891780 147
1891790 147
1891800 147
1891810 147
1891820 148
1891830 148
1891840 148
1891850 148
1891860 149
1891870 149
1891880 149
1891890 149
1891900 149
1891910 149
1891920 150
1891930 150
1891940 150
1891950 151
1891960 151
1891970 152
1891980 152
1891990 152
1892000 153
1892010 153
1892020 153
1892030 153
1892040 153
1892050 153
1892060 153
1892070 153
1892080 153
1892090 153
1892100 153
1892110 154
1892120 154
1892130 154
1892140 154
1892150 154
1892160 154
1892170 154
1892180 154
1892190 154
1892200 154
1892210 154
1892220 154
1892230 154
1892240 154
1892250 155
1892260 155
1892270 155
1892280 155
1892290 155
1892300 155
1892310 155
1892320 155
1892330 155
1892340 155
1892350 155
1892360 155
1892370 155
1892380 155
1892390 155
1892400 155
1892410 156
1892420 156
1892430 156
1892440 156
1892450 156
1892460 156
1892470 156
1892480 156
1892490 156
1892500 156
1892510 156
1892520 156
1892530 156
1892540 156
1892550 156
1892560 156
1892570 156
1892580 156
1892590 156
1892600 156
1892610 156
1892620 156
1892630 156
1892640 156
1892650 156
1892660 156
1892670 156
1892680 156
1892690 156
1892700 156
1892710 156
1892720 156
1892730 156
1892740 156
1892750 156
1892760 156
1892770 156
1892780 156
1892790 156
1892800 156
1892810 156
1892820 156
1892830 156
1892840 156
1892850 157
1892860 157
1892870 157
1892880 157
1892890 157
1892900 157
1892910 157
1892920 157
1892930 157
1892940 157
1892950 156
1892960 156
1892970 156
1892980 156
1892990 156
1893000 156
1893010 156
1893020 156
1893030 156
1893040 156
1893050 156
1893060 156
1893070 156
1893080 156
1893090 156
1893100 156
1893110 156
1893120 156
1893130 156
1893140 156
1893150 156
1893160 156
1893170 156
1893180 156
1893190 156
1893200 156
1893210 156
1893220 156
1893230 156
1893240 156
1893250 156
1893260 156
1893270 156
1893280 156
1893290 156
1893300 156
1893310 156
1893320 156
1893330 155
1893340 156
1893350 156
1893360 156
1893370 156
1893380 156
1893390 156
1893400 156
1893410 156
1893420 156
1893430 156
1893440 156
1893450 156
1893460 156
1893470 156
1893480 156
1893490 156
1893500 156
1893510 156
1893520 156
1893530 156
1893540 156
1893550 156
1893560 156
1893570 156
1893580 157
1893590 157
1893600 157
1893610 157
1893620 157
1893630 157
1893640 157
1893650 157
1893660 157
1893670 157
1893680 157
1893690 157
1893700 157
1893710 157
1893720 157
1893730 157
1893740 157
1893750 157
1893760 157
1893770 157
1893780 157
1893790 157
1893800 156
1893810 156
1893820 156
1893830 156
1893840 156
1893850 156
1893860 156
1893870 156
1893880 156
1893890 156
1893900 156
1893910 156
1893920 156
1893930 156
1893940 156
1893950 156
1893960 156
1893970 156
1893980 156
1893990 156
1894000 156
1894010 156
1894020 156
1894030 156
1894040 156
1894050 156
1894060 156
1894070 156
1894080 156
1894090 156
1894100 156
1894110 156
1894120 156
1894130 156
1894140 156
1894150 156
1894160 156
1894170 156
1894180 156
1894190 156
1894200 156
1894210 156
1894220 156
1894230 155
1894240 155
1894250 155
1894260 155
1894270 155
1894280 155
1894290 155
1894300 155
1894310 155
1894320 155
1894330 155
1894340 155
1894350 155
1894360 155
1894370 155
1894380 155
1894390 155
1894400 155
1894410 155
1894420 155
1894430 155
1894440 155
1894450 155
1894460 155
1894470 155
1894480 155
1894490 155
1894500 155
1894510 155
1894520 155
1894530 155
1894540 155
1894550 155
1894560 155
1894570 155
1894580 155
1894590 155
1894600 155
1894610 155
1894620 155
1894630 155
1894640 155
1894650 155
1894660 155
1894670 155
1894680 155
1894690 155
1894700 155
1894710 155
1894720 155
1894730 155
1894740 156
1894750 156
1894760 156
1894770 156
1894780 156
1894790 156
1894800 156
1894810 156
1894820 156
1894830 156
1894840 156
1894850 156
1894860 156
1894870 156
1894880 156
1894890 156
1894900 155
1894910 155
1894920 155
1894930 155
1894940 155
1894950 156
1894960 156
1894970 156
1894980 156
1894990 156
1895000 156
1895010 156
1895020 156
1895030 156
1895040 156
1895050 156
1895060 156
1895070 156
1895080 156
1895090 156
1895100 156
1895110 156
1895120 156
1895130 156
1895140 156
1895150 156
1895160 156
1895170 156
1895180 156
1895190 156
1895200 156
1895210 156
1895220 156
1895230 156
1895240 156
1895250 156
1895260 157
1895270 157
1895280 157
1895290 157
1895300 157
1895310 156
1895320 156
1895330 156
1895340 156
1895350 157
1895360 157
1895370 156
1895380 156
1895390 156
1895400 156
1895410 156
1895420 156
1895430 156
1895440 156
1895450 156
1895460 156
1895470 156
1895480 156
1895490 156
1895500 156
1895510 157
1895520 157
1895530 157
1895540 157
1895550 157
1895560 157
1895570 157
1895580 157
1895590 157
1895600 157
1895610 157
1895620 157
1895630 157
1895640 157
1895650 157
1895660 157
1895670 157
1895680 156
1895690 156
1895700 156
1895710 156
1895720 156
1895730 156
1895740 156
1895750 156
1895760 156
1895770 156
1895780 156
1895790 156
1895800 156
1895810 156
1895820 156
1895830 156
1895840 156
1895850 156
1895860 157
1895870 157
1895880 157
1895890 157
1895900 157
1895910 157
1895920 157
1895930 157
1895940 157
1895950 157
1895960 157
1895970 157
1895980 157
1895990 157
1896000 157
1896010 157
1896020 157
1896030 157
1896040 157
1896050 157
1896060 157
1896070 157
1896080 157
1896090 157
1896100 157
1896110 157
1896120 157
1896130 157
1896140 157
1896150 157
1896160 157
1896170 157
1896180 157
1896190 157
1896200 157
1896210 157
1896220 157
1896230 156
1896240 156
1896250 156
1896260 156
1896270 156
1896280 156
1896290 156
1896300 156
1896310 156
1896320 156
1896330 156
1896340 156
1896350 156
1896360 156
1896370 156
1896380 156
1896390 156
1896400 156
1896410 156
1896420 156
1896430 156
1896440 156
1896450 156
1896460 156
1896470 156
1896480 156
1896490 156
1896500 156
1896510 156
1896520 156
1896530 156
1896540 156
1896550 156
1896560 156
1896570 156
1896580 156
1896590 156
1896600 156
1896610 156
1896620 156
1896630 156
1896640 156
1896650 156
1896660 156
1896670 156
1896680 156
1896690 156
1896700 156
1896710 156
1896720 156
1896730 156
1896740 156
1896750 156
1896760 156
1896770 156
1896780 156
1896790 156
1896800 156
1896810 156
1896820 156
1896830 156
1896840 156
1896850 156
1896860 156
1896870 156
1896880 156
1896890 156
1896900 156
1896910 156
1896920 156
1896930 156
1896940 156
1896950 156
1896960 156
1896970 156
1896980 156
1896990 156
1897000 156
1897010 156
1897020 156
1897030 156
1897040 156
1897050 156
1897060 156
1897070 156
1897080 156
1897090 156
1897100 156
1897110 156
1897120 156
1897130 156
1897140 156
1897150 156
1897160 156
1897170 156
1897180 156
1897190 156
1897200 156
1897210 156
1897220 156
1897230 156
1897240 156
1897250 156
1897260 156
1897270 156
1897280 156
1897290 156
1897300 156
1897310 156
1897320 156
1897330 156
1897340 156
1897350 155
1897360 155
1897370 155
1897380 155
1897390 155
1897400 155
1897410 155
1897420 155
1897430 155
1897440 155
1897450 155
1897460 155
1897470 155
1897480 155
1897490 155
1897500 155
1897510 155
1897520 155
1897530 155
1897540 155
1897550 155
1897560 154
1897570 154
1897580 154
1897590 154
1897600 154
1897610 154
1897620 154
1897630 154
1897640 154
1897650 154
1897660 154
1897670 154
1897680 154
1897690 154
1897700 154
1897710 154
1897720 153
1897730 153
1897740 153
1897750 153
1897760 153
1897770 153
1897780 152
1897790 152
1897800 152
1897810 152
1897820 152
1897830 151
1897840 151
1897850 151
1897860 150
1897870 150
1897880 150
1897890 150
1897900 150
1897910 150
1897920 149
1897930 149
1897940 149
1897950 149
1897960 149
1897970 149
1897980 149
1897990 149
1898000 149
1898010 149
1898020 149
1898030 150
1898040 150
1898050 150
1898060 150
1898070 150
1898080 151
1898090 151
1898100 151
1898110 151
1898120 152
1898130 152
1898140 152
1898150 152
1898160 152
1898170 152
1898180 152
1898190 152
1898200 152
1898210 152
1898220 152
1898230 152
1898240 152
1898250 152
1898260 152
1898270 152
1898280 152
1898290 152
1898300 152
1898310 152
1898320 152
1898330 153
1898340 153
1898350 153
1898360 153
1898370 153
1898380 153
1898390 153
1898400 153
1898410 153
1898420 153
1898430 153
1898440 153
1898450 153
1898460 153
1898470 153
1898480 153
1898490 153
1898500 153
1898510 153
1898520 153
1898530 153
1898540 153
1898550 153
1898560 153
1898570 153
1898580 153
1898590 152
1898600 152
1898610 152
1898620 152
1898630 153
1898640 153
1898650 153
1898660 153
1898670 153
1898680 153
1898690 153
1898700 153
1898710 153
1898720 153
1898730 153
1898740 153
1898750 153
1898760 153
1898770 153
1898780 153
1898790 153
1898800 153
1898810 153
1898820 153
1898830 153
1898840 153
1898850 153
1898860 153
1898870 153
1898880 153
1898890 153
1898900 153
1898910 153
1898920 153
1898930 153
1898940 154
1898950 154
1898960 154
1898970 154
1898980 154
1898990 154
1899000 154
1899010 154
1899020 154
1899030 154
1899040 154
1899050 154
1899060 154
1899070 154
1899080 154
1899090 154
1899100 154
1899110 154
1899120 154
1899130 154
1899140 154
1899150 154
1899160 154
1899170 154
1899180 154
1899190 154
1899200 154
1899210 154
1899220 154
1899230 154
1899240 154
1899250 154
1899260 154
1899270 154
1899280 154
1899290 154
1899300 153
1899310 153
1899320 153
1899330 153
1899340 153
1899350 152
1899360 152
1899370 152
1899380 152
1899390 152
1899400 152
1899410 152
1899420 153
1899430 153
1899440 153
1899450 153
1899460 153
1899470 153
1899480 153
1899490 153
1899500 153
1899510 153
1899520 153
1899530 153
1899540 153
1899550 153
1899560 153
1899570 153
1899580 153
1899590 153
1899600 153
1899610 153
1899620 152
1899630 152
1899640 152
1899650 152
1899660 151
1899670 151
1899680 151
1899690 152
1899700 153
1899710 153
1899720 153
1899730 153
1899740 153
1899750 153
1899760 153
1899770 153
1899780 153
1899790 153
1899800 153
1899810 153
1899820 153
1899830 153
1899840 153
1899850 153
1899860 153
1899870 153
1899880 153
1899890 153
1899900 153
1899910 153
1899920 153
1899930 153
1899940 153
1899950 153
1899960 153
1899970 153
1899980 153
1899990 153
