1880000 124
1880010 124
1880020 124
1880030 124
1880040 124
1880050 124
1880060 124
1880070 124
1880080 124
1880090 124
1880100 124
1880110 124
1880120 124
1880130 124
1880140 124
1880150 124
1880160 124
1880170 124
1880180 124
1880190 124
1880200 124
1880210 124
1880220 124
1880230 124
1880240 124
1880250 124
1880260 124
1880270 124
1880280 124
1880290 124
1880300 124
1880310 124
1880320 125
1880330 125
1880340 125
1880350 125
1880360 125
1880370 125
1880380 125
1880390 125
1880400 125
1880410 125
1880420 125
1880430 125
1880440 125
1880450 125
1880460 125
1880470 125
1880480 126
1880490 126
1880500 126
1880510 126
1880520 126
1880530 126
1880540 126
1880550 126
1880560 126
1880570 126
1880580 126
1880590 127
1880600 127
1880610 127
1880620 127
1880630 127
1880640 127
1880650 128
1880660 128
1880670 128
1880680 129
1880690 129
1880700 129
1880710 129
1880720 130
1880730 130
1880740 130
1880750 130
1880760 130
1880770 130
1880780 131
1880790 131
1880800 131
1880810 131
1880820 132
1880830 132
1880840 132
1880850 133
1880860 133
1880870 134
1880880 135
1880890 135
1880900 136
1880910 137
1880920 137
1880930 138
1880940 139
1880950 139
1880960 140
1880970 140
1880980 140
1880990 140
1881000 140
1881010 140
1881020 139
1881030 139
1881040 139
1881050 138
1881060 138
1881070 138
1881080 137
1881090 137
1881100 137
1881110 136
1881120 136
1881130 136
1881140 136
1881150 135
1881160 135
1881170 135
1881180 135
1881190 135
1881200 135
1881210 135
1881220 135
1881230 135
1881240 135
1881250 135
1881260 135
1881270 135
1881280 135
1881290 135
1881300 135
1881310 135
1881320 135
1881330 136
1881340 136
1881350 136
1881360 136
1881370 136
1881380 136
1881390 136
1881400 136
1881410 136
1881420 136
1881430 136
1881440 136
1881450 136
1881460 136
1881470 136
1881480 136
1881490 136
1881500 137
1881510 137
1881520 137
1881530 137
1881540 137
1881550 137
1881560 137
1881570 137
1881580 138
1881590 138
1881600 138
1881610 138
1881620 138
1881630 138
1881640 137
1881650 137
1881660 137
1881670 137
1881680 137
1881690 136
1881700 136
1881710 136
1881720 135
1881730 135
1881740 135
1881750 135
1881760 135
1881770 135
1881780 134
1881790 134
1881800 134
1881810 134
1881820 134
1881830 134
1881840 134
1881850 134
1881860 134
1881870 134
1881880 133
1881890 133
1881900 133
1881910 133
1881920 133
1881930 133
1881940 133
1881950 133
1881960 133
1881970 133
1881980 133
1881990 133
1882000 134
1882010 134
1882020 134
1882030 134
1882040 134
1882050 134
1882060 134
1882070 134
1882080 135
1882090 135
1882100 135
1882110 135
1882120 136
1882130 136
1882140 137
1882150 137
1882160 137
1882170 138
1882180 138
1882190 138
1882200 138
1882210 139
1882220 139
1882230 139
1882240 139
1882250 139
1882260 139
1882270 139
1882280 139
1882290 140
1882300 140
1882310 140
1882320 140
1882330 140
1882340 140
1882350 140
1882360 141
1882370 141
1882380 141
1882390 142
1882400 142
1882410 142
1882420 143
1882430 143
1882440 143
1882450 143
1882460 144
1882470 145
1882480 145
1882490 146
1882500 146
1882510 147
1882520 148
1882530 148
1882540 148
1882550 149
1882560 149
1882570 150
1882580 151
1882590 151
1882600 151
1882610 151
1882620 151
1882630 151
1882640 152
1882650 152
1882660 153
1882670 153
1882680 153
1882690 154
1882700 154
1882710 154
1882720 155
1882730 156
1882740 156
1882750 156
1882760 157
1882770 157
1882780 157
1882790 157
1882800 157
1882810 157
1882820 157
1882830 157
1882840 157
1882850 157
1882860 157
1882870 157
1882880 157
1882890 157
1882900 157
1882910 157
1882920 157
1882930 156
1882940 156
1882950 156
1882960 156
1882970 156
1882980 156
1882990 156
1883000 155
1883010 155
1883020 155
1883030 154
1883040 154
1883050 154
1883060 154
1883070 154
1883080 153
1883090 153
1883100 153
1883110 153
1883120 152
1883130 152
1883140 152
1883150 151
1883160 151
1883170 152
1883180 152
1883190 152
1883200 150
1883210 150
1883220 150
1883230 150
1883240 150
1883250 150
1883260 150
1883270 150
1883280 149
1883290 149
1883300 149
1883310 148
1883320 148
1883330 148
1883340 148
1883350 148
1883360 147
1883370 147
1883380 147
1883390 146
1883400 146
1883410 146
1883420 146
1883430 145
1883440 146
1883450 145
1883460 145
1883470 145
1883480 145
1883490 145
1883500 145
1883510 145
1883520 144
1883530 144
1883540 144
1883550 144
1883560 144
1883570 144
1883580 144
1883590 144
1883600 145
1883610 145
1883620 145
1883630 145
1883640 144
1883650 144
1883660 144
1883670 144
1883680 144
1883690 145
1883700 145
1883710 145
1883720 145
1883730 145
1883740 145
1883750 145
1883760 145
1883770 145
1883780 145
1883790 146
1883800 146
1883810 146
1883820 151
1883830 151
1883840 155
1883850 156
1883860 156
1883870 155
1883880 155
1883890 155
1883900 154
1883910 154
1883920 154
1883930 154
1883940 153
1883950 153
1883960 153
1883970 153
1883980 153
1883990 154
1884000 155
1884010 155
1884020 155
1884030 155
1884040 155
1884050 155
1884060 155
1884070 154
1884080 154
1884090 155
1884100 154
1884110 154
1884120 154
1884130 156
1884140 156
1884150 158
1884160 159
1884170 159
1884180 158
1884190 156
1884200 156
1884210 155
1884220 155
1884230 155
1884240 155
1884250 155
1884260 155
1884270 155
1884280 155
1884290 155
1884300 156
1884310 156
1884320 156
1884330 157
1884340 158
1884350 158
1884360 159
1884370 160
1884380 160
1884390 161
1884400 161
1884410 161
1884420 161
1884430 161
1884440 161
1884450 161
1884460 161
1884470 161
1884480 161
1884490 161
1884500 161
1884510 161
1884520 161
1884530 161
1884540 160
1884550 160
1884560 160
1884570 160
1884580 160
1884590 160
1884600 160
1884610 160
1884620 160
1884630 160
1884640 160
1884650 160
1884660 160
1884670 159
1884680 159
1884690 159
1884700 159
1884710 159
1884720 159
1884730 159
1884740 159
1884750 159
1884760 159
1884770 159
1884780 160
1884790 160
1884800 160
1884810 160
1884820 160
1884830 160
1884840 160
1884850 160
1884860 160
1884870 161
1884880 161
1884890 161
1884900 161
1884910 161
1884920 161
1884930 161
1884940 161
1884950 161
1884960 161
1884970 161
1884980 161
1884990 161
1885000 161
1885010 161
1885020 161
1885030 161
1885040 161
1885050 161
1885060 161
1885070 161
1885080 161
1885090 161
1885100 161
1885110 161
1885120 161
1885130 161
1885140 161
1885150 161
1885160 161
1885170 161
1885180 161
1885190 161
1885200 161
1885210 161
1885220 161
1885230 161
1885240 161
1885250 161
1885260 161
1885270 161
1885280 161
1885290 161
1885300 161
1885310 161
1885320 161
1885330 161
1885340 161
1885350 161
1885360 161
1885370 161
1885380 161
1885390 161
1885400 161
1885410 161
1885420 161
1885430 161
1885440 161
1885450 161
1885460 161
1885470 161
1885480 161
1885490 161
1885500 161
1885510 161
1885520 161
1885530 161
1885540 162
1885550 162
1885560 162
1885570 162
1885580 162
1885590 162
1885600 162
1885610 162
1885620 162
1885630 162
1885640 162
1885650 162
1885660 162
1885670 162
1885680 162
1885690 162
1885700 162
1885710 162
1885720 162
1885730 162
1885740 162
1885750 162
1885760 162
1885770 162
1885780 162
1885790 162
1885800 163
1885810 163
1885820 163
1885830 163
1885840 163
1885850 163
1885860 163
1885870 163
1885880 164
1885890 164
1885900 164
1885910 164
1885920 164
1885930 164
1885940 164
1885950 164
1885960 164
1885970 164
1885980 165
1885990 165
1886000 165
1886010 165
1886020 165
1886030 165
1886040 165
1886050 165
1886060 165
1886070 165
1886080 165
1886090 165
1886100 165
1886110 165
1886120 165
1886130 165
1886140 165
1886150 165
1886160 165
1886170 165
1886180 165
1886190 165
1886200 165
1886210 164
1886220 164
1886230 164
1886240 164
1886250 164
1886260 164
1886270 164
1886280 164
1886290 164
1886300 164
1886310 164
1886320 164
1886330 164
1886340 164
1886350 164
1886360 164
1886370 164
1886380 164
1886390 164
1886400 164
1886410 164
1886420 164
1886430 164
1886440 164
1886450 164
1886460 164
1886470 164
1886480 163
1886490 163
1886500 163
1886510 163
1886520 163
1886530 163
1886540 163
1886550 163
1886560 163
1886570 163
1886580 163
1886590 163
1886600 163
1886610 163
1886620 163
1886630 163
1886640 163
1886650 163
1886660 163
1886670 163
1886680 163
1886690 163
1886700 163
1886710 163
1886720 163
1886730 163
1886740 162
1886750 162
1886760 162
1886770 162
1886780 162
1886790 162
1886800 162
1886810 162
1886820 162
1886830 161
1886840 161
1886850 161
1886860 161
1886870 161
1886880 161
1886890 161
1886900 161
1886910 161
1886920 161
1886930 161
1886940 161
1886950 160
1886960 160
1886970 160
1886980 160
1886990 160
1887000 160
1887010 160
1887020 160
1887030 160
1887040 161
1887050 161
1887060 161
1887070 161
1887080 161
1887090 161
1887100 161
1887110 161
1887120 161
1887130 161
1887140 161
1887150 161
1887160 161
1887170 161
1887180 161
1887190 161
1887200 161
1887210 161
1887220 161
1887230 161
1887240 161
1887250 161
1887260 161
1887270 161
1887280 161
1887290 161
1887300 161
1887310 161
1887320 161
1887330 161
1887340 161
1887350 161
1887360 161
1887370 161
1887380 161
1887390 161
1887400 161
1887410 161
1887420 161
1887430 161
1887440 161
1887450 161
1887460 161
1887470 161
1887480 161
1887490 161
1887500 160
1887510 160
1887520 160
1887530 160
1887540 160
1887550 160
1887560 160
1887570 160
1887580 160
1887590 160
1887600 160
1887610 160
1887620 160
1887630 160
1887640 160
1887650 159
1887660 159
1887670 159
1887680 159
1887690 159
1887700 159
1887710 158
1887720 158
1887730 158
1887740 157
1887750 157
1887760 157
1887770 156
1887780 156
1887790 156
1887800 156
1887810 156
1887820 155
1887830 155
1887840 155
1887850 154
1887860 154
1887870 154
1887880 153
1887890 152
1887900 152
1887910 152
1887920 151
1887930 151
1887940 150
1887950 149
1887960 149
1887970 149
1887980 148
1887990 148
1888000 148
1888010 148
1888020 148
1888030 147
1888040 147
1888050 147
1888060 147
1888070 147
1888080 147
1888090 147
1888100 147
1888110 147
1888120 147
1888130 147
1888140 147
1888150 147
1888160 148
1888170 148
1888180 148
1888190 148
1888200 148
1888210 148
1888220 148
1888230 149
1888240 149
1888250 149
1888260 150
1888270 150
1888280 150
1888290 150
1888300 150
1888310 150
1888320 150
1888330 150
1888340 150
1888350 150
1888360 150
1888370 150
1888380 151
1888390 151
1888400 151
1888410 151
1888420 151
1888430 151
1888440 151
1888450 151
1888460 151
1888470 152
1888480 152
1888490 152
1888500 152
1888510 152
1888520 152
1888530 152
1888540 152
1888550 152
1888560 152
1888570 152
1888580 153
1888590 153
1888600 153
1888610 153
1888620 153
1888630 153
1888640 153
1888650 152
1888660 152
1888670 152
1888680 152
1888690 152
1888700 152
1888710 152
1888720 152
1888730 152
1888740 152
1888750 152
1888760 152
1888770 152
1888780 152
1888790 152
1888800 152
1888810 152
1888820 152
1888830 152
1888840 152
1888850 153
1888860 153
1888870 153
1888880 153
1888890 153
1888900 153
1888910 153
1888920 153
1888930 153
1888940 153
1888950 153
1888960 153
1888970 153
1888980 153
1888990 153
1889000 153
1889010 153
1889020 153
1889030 153
1889040 154
1889050 154
1889060 154
1889070 154
1889080 154
1889090 154
1889100 154
1889110 154
1889120 154
1889130 153
1889140 153
1889150 153
1889160 153
1889170 153
1889180 153
1889190 153
1889200 153
1889210 153
1889220 154
1889230 154
1889240 154
1889250 154
1889260 154
1889270 154
1889280 153
1889290 153
1889300 153
1889310 153
1889320 153
1889330 153
1889340 153
1889350 152
1889360 152
1889370 152
1889380 152
1889390 152
1889400 151
1889410 151
1889420 151
1889430 151
1889440 151
1889450 151
1889460 150
1889470 150
1889480 150
1889490 150
1889500 150
1889510 150
1889520 149
1889530 149
1889540 149
1889550 149
1889560 149
1889570 149
1889580 148
1889590 148
1889600 148
1889610 148
1889620 148
1889630 148
1889640 147
1889650 147
1889660 147
1889670 147
1889680 147
1889690 147
1889700 146
1889710 146
1889720 146
1889730 146
1889740 146
1889750 146
1889760 145
1889770 145
1889780 145
1889790 145
1889800 145
1889810 145
1889820 145
1889830 145
1889840 145
1889850 144
1889860 144
1889870 144
1889880 144
1889890 144
1889900 144
1889910 144
1889920 143
1889930 143
1889940 143
1889950 143
1889960 143
1889970 143
1889980 142
1889990 142
1890000 142
1890010 142
1890020 142
1890030 142
1890040 142
1890050 141
1890060 141
1890070 141
1890080 141
1890090 141
1890100 141
1890110 141
1890120 141
1890130 141
1890140 141
1890150 141
1890160 140
1890170 141
1890180 141
1890190 140
1890200 140
1890210 140
1890220 140
1890230 140
1890240 140
1890250 140
1890260 139
1890270 139
1890280 139
1890290 139
1890300 139
1890310 139
1890320 139
1890330 139
1890340 139
1890350 139
1890360 139
1890370 139
1890380 139
1890390 139
1890400 139
1890410 139
1890420 139
1890430 139
1890440 139
1890450 139
1890460 140
1890470 140
1890480 140
1890490 140
1890500 141
1890510 141
1890520 141
1890530 141
1890540 141
1890550 141
1890560 141
1890570 141
1890580 141
1890590 142
1890600 142
1890610 142
1890620 141
1890630 141
1890640 141
1890650 141
1890660 141
1890670 141
1890680 141
1890690 141
1890700 140
1890710 140
1890720 140
1890730 140
1890740 140
1890750 140
1890760 140
1890770 139
1890780 139
1890790 139
1890800 139
1890810 139
1890820 139
1890830 139
1890840 139
1890850 139
1890860 139
1890870 139
1890880 139
1890890 139
1890900 139
1890910 139
1890920 139
1890930 139
1890940 139
1890950 139
1890960 139
1890970 139
1890980 140
1890990 140
1891000 140
1891010 141
1891020 142
1891030 142
1891040 142
1891050 143
1891060 143
1891070 143
1891080 144
1891090 144
1891100 144
1891110 144
1891120 144
1891130 144
1891140 144
1891150 144
1891160 144
1891170 144
1891180 144
1891190 144
1891200 143
1891210 143
1891220 143
1891230 144
1891240 144
1891250 144
1891260 143
1891270 143
1891280 143
1891290 143
1891300 143
1891310 143
1891320 143
1891330 143
1891340 144
1891350 144
1891360 144
1891370 144
1891380 144
1891390 144
1891400 144
1891410 144
1891420 144
1891430 144
1891440 145
1891450 145
1891460 145
1891470 144
1891480 144
1891490 145
1891500 145
1891510 145
1891520 145
1891530 145
1891540 145
1891550 145
1891560 144
1891570 144
1891580 144
1891590 144
1891600 144
1891610 144
1891620 144
1891630 144
1891640 144
1891650 145
1891660 145
1891670 145
1891680 145
1891690 146
1891700 146
1891710 146
1891720 146
1891730 146
1891740 146
1891750 146
1891760 146
1891770 147
1891780 147
1891790 147
1891800 148
1891810 148
1891820 148
1891830 148
1891840 149
1891850 149
1891860 149
1891870 150
1891880 150
1891890 150
1891900 150
1891910 150
1891920 151
1891930 151
1891940 151
1891950 150
1891960 150
1891970 150
1891980 151
1891990 151
1892000 151
1892010 152
1892020 152
1892030 152
1892040 153
1892050 153
1892060 153
1892070 153
1892080 153
1892090 153
1892100 153
1892110 154
1892120 154
1892130 154
1892140 154
1892150 154
1892160 154
1892170 154
1892180 154
1892190 154
1892200 154
1892210 154
1892220 154
1892230 155
1892240 155
1892250 155
1892260 155
1892270 155
1892280 155
1892290 155
1892300 155
1892310 155
1892320 155
1892330 155
1892340 155
1892350 155
1892360 155
1892370 155
1892380 155
1892390 155
1892400 155
1892410 155
1892420 155
1892430 155
1892440 155
1892450 155
1892460 155
1892470 156
1892480 156
1892490 156
1892500 156
1892510 156
1892520 156
1892530 156
1892540 156
1892550 156
1892560 156
1892570 156
1892580 156
1892590 156
1892600 156
1892610 156
1892620 156
1892630 156
1892640 156
1892650 156
1892660 156
1892670 156
1892680 156
1892690 156
1892700 156
1892710 156
1892720 156
1892730 156
1892740 156
1892750 156
1892760 156
1892770 156
1892780 156
1892790 156
1892800 156
1892810 156
1892820 156
1892830 156
1892840 156
1892850 156
1892860 156
1892870 156
1892880 156
1892890 156
1892900 156
1892910 156
1892920 156
1892930 156
1892940 156
1892950 156
1892960 156
1892970 156
1892980 156
1892990 156
1893000 156
1893010 156
1893020 156
1893030 156
1893040 156
1893050 156
1893060 156
1893070 156
1893080 156
1893090 156
1893100 156
1893110 156
1893120 156
1893130 156
1893140 156
1893150 156
1893160 156
1893170 156
1893180 156
1893190 156
1893200 156
1893210 156
1893220 156
1893230 157
1893240 156
1893250 156
1893260 156
1893270 156
1893280 156
1893290 156
1893300 156
1893310 156
1893320 156
1893330 156
1893340 156
1893350 156
1893360 156
1893370 156
1893380 156
1893390 156
1893400 156
1893410 156
1893420 156
1893430 156
1893440 156
1893450 156
1893460 156
1893470 156
1893480 156
1893490 156
1893500 157
1893510 157
1893520 157
1893530 157
1893540 157
1893550 157
1893560 157
1893570 157
1893580 157
1893590 157
1893600 157
1893610 157
1893620 157
1893630 157
1893640 157
1893650 157
1893660 157
1893670 157
1893680 157
1893690 157
1893700 157
1893710 157
1893720 157
1893730 157
1893740 157
1893750 157
1893760 157
1893770 157
1893780 157
1893790 157
1893800 156
1893810 156
1893820 156
1893830 156
1893840 156
1893850 156
1893860 156
1893870 156
1893880 156
1893890 156
1893900 156
1893910 156
1893920 156
1893930 156
1893940 156
1893950 156
1893960 156
1893970 156
1893980 156
1893990 156
1894000 156
1894010 156
1894020 156
1894030 156
1894040 156
1894050 156
1894060 156
1894070 156
1894080 156
1894090 156
1894100 156
1894110 156
1894120 156
1894130 156
1894140 156
1894150 156
1894160 156
1894170 156
1894180 156
1894190 156
1894200 155
1894210 155
1894220 155
1894230 155
1894240 155
1894250 155
1894260 155
1894270 155
1894280 155
1894290 155
1894300 155
1894310 155
1894320 155
1894330 155
1894340 155
1894350 155
1894360 155
1894370 155
1894380 155
1894390 155
1894400 155
1894410 155
1894420 155
1894430 155
1894440 155
1894450 155
1894460 155
1894470 155
1894480 155
1894490 155
1894500 155
1894510 155
1894520 155
1894530 156
1894540 156
1894550 156
1894560 156
1894570 156
1894580 156
1894590 156
1894600 156
1894610 156
1894620 156
1894630 156
1894640 156
1894650 156
1894660 156
1894670 156
1894680 156
1894690 156
1894700 156
1894710 156
1894720 156
1894730 156
1894740 156
1894750 156
1894760 156
1894770 156
1894780 156
1894790 156
1894800 156
1894810 156
1894820 156
1894830 156
1894840 156
1894850 156
1894860 156
1894870 156
1894880 156
1894890 156
1894900 155
1894910 156
1894920 156
1894930 156
1894940 156
1894950 156
1894960 156
1894970 156
1894980 156
1894990 156
1895000 156
1895010 156
1895020 156
1895030 156
1895040 156
1895050 156
1895060 156
1895070 156
1895080 156
1895090 156
1895100 156
1895110 156
1895120 156
1895130 156
1895140 156
1895150 156
1895160 156
1895170 156
1895180 156
1895190 156
1895200 156
1895210 156
1895220 156
1895230 156
1895240 156
1895250 156
1895260 156
1895270 156
1895280 156
1895290 156
1895300 156
1895310 156
1895320 156
1895330 156
1895340 156
1895350 156
1895360 156
1895370 156
1895380 156
1895390 156
1895400 156
1895410 156
1895420 156
1895430 156
1895440 156
1895450 156
1895460 156
1895470 156
1895480 156
1895490 156
1895500 156
1895510 156
1895520 156
1895530 156
1895540 156
1895550 156
1895560 156
1895570 156
1895580 156
1895590 156
1895600 156
1895610 156
1895620 156
1895630 156
1895640 156
1895650 156
1895660 156
1895670 156
1895680 156
1895690 156
1895700 156
1895710 156
1895720 156
1895730 156
1895740 156
1895750 156
1895760 156
1895770 156
1895780 156
1895790 156
1895800 156
1895810 156
1895820 156
1895830 156
1895840 156
1895850 156
1895860 156
1895870 156
1895880 156
1895890 156
1895900 156
1895910 156
1895920 156
1895930 156
1895940 156
1895950 156
1895960 157
1895970 157
1895980 157
1895990 157
1896000 157
1896010 157
1896020 156
1896030 157
1896040 157
1896050 157
1896060 157
1896070 157
1896080 157
1896090 157
1896100 157
1896110 156
1896120 157
1896130 157
1896140 156
1896150 156
1896160 156
1896170 156
1896180 156
1896190 156
1896200 156
1896210 156
1896220 156
1896230 156
1896240 156
1896250 156
1896260 156
1896270 156
1896280 156
1896290 156
1896300 156
1896310 156
1896320 156
1896330 156
1896340 156
1896350 156
1896360 156
1896370 156
1896380 156
1896390 156
1896400 156
1896410 156
1896420 156
1896430 156
1896440 156
1896450 156
1896460 156
1896470 156
1896480 156
1896490 156
1896500 156
1896510 156
1896520 156
1896530 156
1896540 156
1896550 156
1896560 156
1896570 156
1896580 156
1896590 156
1896600 156
1896610 156
1896620 156
1896630 156
1896640 156
1896650 156
1896660 156
1896670 156
1896680 156
1896690 156
1896700 156
1896710 156
1896720 156
1896730 156
1896740 156
1896750 156
1896760 156
1896770 156
1896780 156
1896790 156
1896800 156
1896810 156
1896820 156
1896830 156
1896840 156
1896850 156
1896860 156
1896870 156
1896880 156
1896890 156
1896900 156
1896910 156
1896920 156
1896930 156
1896940 156
1896950 156
1896960 156
1896970 156
1896980 156
1896990 156
1897000 156
1897010 156
1897020 156
1897030 156
1897040 156
1897050 156
1897060 156
1897070 156
1897080 156
1897090 156
1897100 156
1897110 156
1897120 156
1897130 156
1897140 156
1897150 156
1897160 156
1897170 156
1897180 156
1897190 156
1897200 156
1897210 156
1897220 156
1897230 156
1897240 156
1897250 156
1897260 156
1897270 156
1897280 156
1897290 156
1897300 156
1897310 156
1897320 156
1897330 156
1897340 156
1897350 156
1897360 156
1897370 156
1897380 156
1897390 156
1897400 156
1897410 156
1897420 156
1897430 156
1897440 156
1897450 155
1897460 155
1897470 155
1897480 155
1897490 155
1897500 155
1897510 155
1897520 155
1897530 155
1897540 155
1897550 155
1897560 155
1897570 155
1897580 155
1897590 155
1897600 155
1897610 155
1897620 155
1897630 155
1897640 154
1897650 154
1897660 154
1897670 154
1897680 154
1897690 154
1897700 154
1897710 154
1897720 154
1897730 154
1897740 154
1897750 154
1897760 154
1897770 154
1897780 153
1897790 153
1897800 153
1897810 153
1897820 153
1897830 153
1897840 152
1897850 152
1897860 152
1897870 152
1897880 152
1897890 152
1897900 151
1897910 151
1897920 151
1897930 150
1897940 150
1897950 150
1897960 150
1897970 149
1897980 149
1897990 149
1898000 149
1898010 149
1898020 149
1898030 148
1898040 148
1898050 148
1898060 148
1898070 148
1898080 149
1898090 149
1898100 149
1898110 149
1898120 149
1898130 149
1898140 150
1898150 150
1898160 150
1898170 150
1898180 151
1898190 151
1898200 151
1898210 151
1898220 151
1898230 151
1898240 151
1898250 151
1898260 151
1898270 151
1898280 151
1898290 151
1898300 152
1898310 152
1898320 152
1898330 152
1898340 152
1898350 152
1898360 153
1898370 153
1898380 153
1898390 153
1898400 153
1898410 153
1898420 153
1898430 153
1898440 153
1898450 153
1898460 153
1898470 153
1898480 152
1898490 152
1898500 152
1898510 152
1898520 152
1898530 152
1898540 152
1898550 152
1898560 152
1898570 152
1898580 152
1898590 152
1898600 153
1898610 153
1898620 153
1898630 152
1898640 152
1898650 152
1898660 152
1898670 152
1898680 152
1898690 152
1898700 152
1898710 152
1898720 153
1898730 153
1898740 153
1898750 153
1898760 153
1898770 153
1898780 153
1898790 153
1898800 153
1898810 153
1898820 153
1898830 153
1898840 153
1898850 153
1898860 153
1898870 153
1898880 153
1898890 153
1898900 153
1898910 153
1898920 153
1898930 153
1898940 153
1898950 153
1898960 153
1898970 153
1898980 153
1898990 153
1899000 153
1899010 153
1899020 153
1899030 154
1899040 154
1899050 154
1899060 154
1899070 154
1899080 154
1899090 154
1899100 154
1899110 154
1899120 154
1899130 154
1899140 154
1899150 154
1899160 154
1899170 154
1899180 154
1899190 154
1899200 154
1899210 154
1899220 154
1899230 154
1899240 154
1899250 153
1899260 153
1899270 153
1899280 153
1899290 153
1899300 153
1899310 153
1899320 153
1899330 153
1899340 153
1899350 153
1899360 153
1899370 153
1899380 153
1899390 152
1899400 151
1899410 151
1899420 151
1899430 151
1899440 151
1899450 152
1899460 152
1899470 152
1899480 153
1899490 153
1899500 153
1899510 153
1899520 153
1899530 153
1899540 153
1899550 153
1899560 153
1899570 153
1899580 153
1899590 153
1899600 152
1899610 152
1899620 152
1899630 152
1899640 152
1899650 152
1899660 151
1899670 150
1899680 150
1899690 151
1899700 151
1899710 151
1899720 151
1899730 152
1899740 152
1899750 153
1899760 153
1899770 153
1899780 153
1899790 153
1899800 153
1899810 153
1899820 153
1899830 153
1899840 153
1899850 153
1899860 153
1899870 153
1899880 153
1899890 153
1899900 153
1899910 153
1899920 153
1899930 153
1899940 153
1899950 153
1899960 153
1899970 153
1899980 153
1899990 153
