1880000 129
1880010 128
1880020 128
1880030 128
1880040 129
1880050 129
1880060 129
1880070 130
1880080 130
1880090 131
1880100 131
1880110 131
1880120 130
1880130 130
1880140 130
1880150 130
1880160 130
1880170 130
1880180 130
1880190 130
1880200 130
1880210 130
1880220 131
1880230 131
1880240 131
1880250 131
1880260 131
1880270 131
1880280 131
1880290 131
1880300 131
1880310 131
1880320 132
1880330 132
1880340 132
1880350 132
1880360 132
1880370 132
1880380 132
1880390 132
1880400 133
1880410 133
1880420 133
1880430 133
1880440 133
1880450 134
1880460 134
1880470 134
1880480 134
1880490 134
1880500 134
1880510 134
1880520 135
1880530 135
1880540 135
1880550 135
1880560 136
1880570 136
1880580 136
1880590 136
1880600 136
1880610 137
1880620 137
1880630 137
1880640 137
1880650 138
1880660 138
1880670 138
1880680 139
1880690 139
1880700 139
1880710 139
1880720 139
1880730 140
1880740 140
1880750 140
1880760 141
1880770 142
1880780 142
1880790 143
1880800 143
1880810 143
1880820 144
1880830 145
1880840 145
1880850 146
1880860 146
1880870 146
1880880 147
1880890 147
1880900 147
1880910 147
1880920 147
1880930 147
1880940 147
1880950 148
1880960 148
1880970 148
1880980 148
1880990 148
1881000 148
1881010 148
1881020 148
1881030 148
1881040 148
1881050 148
1881060 147
1881070 147
1881080 147
1881090 147
1881100 147
1881110 147
1881120 147
1881130 147
1881140 147
1881150 147
1881160 147
1881170 147
1881180 147
1881190 147
1881200 147
1881210 147
1881220 147
1881230 147
1881240 147
1881250 146
1881260 146
1881270 146
1881280 146
1881290 146
1881300 146
1881310 146
1881320 147
1881330 147
1881340 147
1881350 147
1881360 147
1881370 148
1881380 148
1881390 148
1881400 149
1881410 150
1881420 150
1881430 152
1881440 153
1881450 153
1881460 154
1881470 155
1881480 155
1881490 155
1881500 156
1881510 156
1881520 156
1881530 157
1881540 157
1881550 158
1881560 159
1881570 159
1881580 159
1881590 160
1881600 160
1881610 160
1881620 159
1881630 159
1881640 159
1881650 159
1881660 159
1881670 159
1881680 159
1881690 159
1881700 159
1881710 159
1881720 159
1881730 159
1881740 159
1881750 160
1881760 160
1881770 160
1881780 160
1881790 160
1881800 161
1881810 161
1881820 161
1881830 162
1881840 162
1881850 162
1881860 162
1881870 162
1881880 162
1881890 163
1881900 163
1881910 163
1881920 163
1881930 163
1881940 163
1881950 163
1881960 163
1881970 163
1881980 163
1881990 163
1882000 163
1882010 163
1882020 163
1882030 163
1882040 163
1882050 163
1882060 163
1882070 163
1882080 163
1882090 163
1882100 163
1882110 163
1882120 163
1882130 163
1882140 163
1882150 163
1882160 162
1882170 162
1882180 162
1882190 162
1882200 162
1882210 162
1882220 162
1882230 162
1882240 162
1882250 162
1882260 161
1882270 161
1882280 161
1882290 161
1882300 161
1882310 160
1882320 160
1882330 160
1882340 159
1882350 159
1882360 159
1882370 158
1882380 158
1882390 158
1882400 157
1882410 157
1882420 157
1882430 157
1882440 157
1882450 157
1882460 157
1882470 157
1882480 157
1882490 157
1882500 157
1882510 157
1882520 158
1882530 158
1882540 158
1882550 159
1882560 159
1882570 159
1882580 159
1882590 159
1882600 159
1882610 159
1882620 159
1882630 159
1882640 159
1882650 159
1882660 159
1882670 159
1882680 159
1882690 159
1882700 159
1882710 159
1882720 160
1882730 160
1882740 160
1882750 160
1882760 160
1882770 160
1882780 160
1882790 160
1882800 160
1882810 160
1882820 160
1882830 160
1882840 160
1882850 160
1882860 160
1882870 160
1882880 160
1882890 160
1882900 160
1882910 160
1882920 160
1882930 160
1882940 160
1882950 160
1882960 160
1882970 160
1882980 160
1882990 160
1883000 160
1883010 160
1883020 160
1883030 160
1883040 160
1883050 161
1883060 161
1883070 161
1883080 161
1883090 161
1883100 161
1883110 160
1883120 160
1883130 160
1883140 160
1883150 160
1883160 160
1883170 160
1883180 160
1883190 160
1883200 160
1883210 160
1883220 160
1883230 160
1883240 160
1883250 159
1883260 159
1883270 159
1883280 159
1883290 159
1883300 159
1883310 158
1883320 158
1883330 158
1883340 158
1883350 157
1883360 157
1883370 157
1883380 157
1883390 157
1883400 157
1883410 156
1883420 156
1883430 156
1883440 156
1883450 156
1883460 156
1883470 154
1883480 154
1883490 153
1883500 153
1883510 153
1883520 154
1883530 155
1883540 155
1883550 155
1883560 155
1883570 155
1883580 155
1883590 156
1883600 156
1883610 156
1883620 157
1883630 157
1883640 158
1883650 159
1883660 159
1883670 159
1883680 160
1883690 160
1883700 160
1883710 160
1883720 161
1883730 161
1883740 161
1883750 161
1883760 161
1883770 161
1883780 162
1883790 162
1883800 162
1883810 162
1883820 162
1883830 162
1883840 162
1883850 162
1883860 162
1883870 162
1883880 162
1883890 163
1883900 163
1883910 163
1883920 163
1883930 163
1883940 163
1883950 163
1883960 163
1883970 163
1883980 164
1883990 164
1884000 164
1884010 164
1884020 164
1884030 164
1884040 164
1884050 164
1884060 164
1884070 165
1884080 165
1884090 165
1884100 165
1884110 165
1884120 165
1884130 165
1884140 165
1884150 165
1884160 165
1884170 165
1884180 165
1884190 165
1884200 165
1884210 165
1884220 165
1884230 165
1884240 165
1884250 165
1884260 165
1884270 165
1884280 165
1884290 165
1884300 165
1884310 165
1884320 165
1884330 165
1884340 165
1884350 165
1884360 165
1884370 165
1884380 165
1884390 165
1884400 165
1884410 165
1884420 165
1884430 165
1884440 165
1884450 165
1884460 165
1884470 165
1884480 165
1884490 165
1884500 165
1884510 165
1884520 165
1884530 165
1884540 166
1884550 166
1884560 166
1884570 166
1884580 166
1884590 166
1884600 166
1884610 166
1884620 166
1884630 166
1884640 166
1884650 166
1884660 166
1884670 166
1884680 166
1884690 166
1884700 166
1884710 166
1884720 167
1884730 167
1884740 167
1884750 167
1884760 167
1884770 167
1884780 167
1884790 167
1884800 166
1884810 166
1884820 166
1884830 166
1884840 166
1884850 166
1884860 166
1884870 166
1884880 166
1884890 166
1884900 166
1884910 166
1884920 166
1884930 166
1884940 166
1884950 166
1884960 166
1884970 166
1884980 166
1884990 166
1885000 166
1885010 166
1885020 165
1885030 165
1885040 166
1885050 165
1885060 165
1885070 165
1885080 165
1885090 165
1885100 165
1885110 165
1885120 165
1885130 165
1885140 165
1885150 165
1885160 165
1885170 165
1885180 165
1885190 165
1885200 165
1885210 165
1885220 165
1885230 165
1885240 165
1885250 165
1885260 165
1885270 165
1885280 165
1885290 165
1885300 165
1885310 165
1885320 165
1885330 165
1885340 165
1885350 165
1885360 165
1885370 165
1885380 165
1885390 165
1885400 165
1885410 165
1885420 165
1885430 165
1885440 165
1885450 165
1885460 165
1885470 165
1885480 164
1885490 164
1885500 164
1885510 164
1885520 164
1885530 164
1885540 164
1885550 164
1885560 164
1885570 165
1885580 165
1885590 165
1885600 164
1885610 164
1885620 164
1885630 164
1885640 164
1885650 164
1885660 164
1885670 164
1885680 165
1885690 165
1885700 165
1885710 165
1885720 165
1885730 165
1885740 165
1885750 165
1885760 165
1885770 164
1885780 164
1885790 164
1885800 164
1885810 164
1885820 164
1885830 164
1885840 164
1885850 164
1885860 164
1885870 164
1885880 164
1885890 164
1885900 164
1885910 164
1885920 164
1885930 164
1885940 164
1885950 164
1885960 164
1885970 164
1885980 164
1885990 164
1886000 164
1886010 164
1886020 164
1886030 164
1886040 164
1886050 165
1886060 165
1886070 164
1886080 164
1886090 164
1886100 164
1886110 164
1886120 164
1886130 164
1886140 164
1886150 164
1886160 164
1886170 164
1886180 164
1886190 164
1886200 164
1886210 164
1886220 164
1886230 164
1886240 164
1886250 164
1886260 164
1886270 164
1886280 164
1886290 164
1886300 164
1886310 164
1886320 164
1886330 164
1886340 164
1886350 164
1886360 164
1886370 164
1886380 164
1886390 164
1886400 164
1886410 164
1886420 164
1886430 164
1886440 164
1886450 164
1886460 164
1886470 164
1886480 164
1886490 164
1886500 164
1886510 164
1886520 164
1886530 164
1886540 164
1886550 164
1886560 164
1886570 163
1886580 163
1886590 163
1886600 163
1886610 163
1886620 162
1886630 162
1886640 162
1886650 162
1886660 161
1886670 161
1886680 161
1886690 161
1886700 161
1886710 161
1886720 160
1886730 160
1886740 160
1886750 160
1886760 160
1886770 160
1886780 160
1886790 160
1886800 160
1886810 159
1886820 159
1886830 159
1886840 159
1886850 159
1886860 159
1886870 159
1886880 159
1886890 159
1886900 159
1886910 158
1886920 158
1886930 158
1886940 158
1886950 158
1886960 157
1886970 157
1886980 157
1886990 157
1887000 157
1887010 156
1887020 156
1887030 156
1887040 156
1887050 155
1887060 155
1887070 155
1887080 155
1887090 154
1887100 154
1887110 154
1887120 154
1887130 154
1887140 153
1887150 153
1887160 153
1887170 152
1887180 152
1887190 152
1887200 151
1887210 150
1887220 150
1887230 151
1887240 151
1887250 151
1887260 152
1887270 152
1887280 152
1887290 147
1887300 144
1887310 144
1887320 148
1887330 155
1887340 155
1887350 156
1887360 156
1887370 156
1887380 156
1887390 156
1887400 156
1887410 156
1887420 157
1887430 157
1887440 157
1887450 157
1887460 157
1887470 157
1887480 157
1887490 157
1887500 157
1887510 158
1887520 158
1887530 158
1887540 158
1887550 159
1887560 159
1887570 159
1887580 159
1887590 159
1887600 160
1887610 160
1887620 160
1887630 160
1887640 160
1887650 160
1887660 160
1887670 160
1887680 160
1887690 160
1887700 160
1887710 160
1887720 160
1887730 160
1887740 160
1887750 160
1887760 160
1887770 160
1887780 160
1887790 160
1887800 160
1887810 160
1887820 160
1887830 160
1887840 160
1887850 160
1887860 160
1887870 160
1887880 160
1887890 160
1887900 160
1887910 160
1887920 160
1887930 160
1887940 160
1887950 160
1887960 160
1887970 160
1887980 160
1887990 160
1888000 160
1888010 160
1888020 160
1888030 160
1888040 160
1888050 160
1888060 160
1888070 160
1888080 160
1888090 160
1888100 160
1888110 160
1888120 160
1888130 160
1888140 160
1888150 160
1888160 160
1888170 159
1888180 159
1888190 159
1888200 159
1888210 159
1888220 159
1888230 159
1888240 158
1888250 158
1888260 158
1888270 157
1888280 157
1888290 157
1888300 156
1888310 156
1888320 156
1888330 155
1888340 155
1888350 155
1888360 154
1888370 154
1888380 154
1888390 154
1888400 154
1888410 153
1888420 153
1888430 153
1888440 152
1888450 152
1888460 152
1888470 152
1888480 151
1888490 151
1888500 151
1888510 151
1888520 151
1888530 151
1888540 150
1888550 150
1888560 150
1888570 150
1888580 150
1888590 150
1888600 149
1888610 149
1888620 149
1888630 149
1888640 149
1888650 149
1888660 149
1888670 149
1888680 148
1888690 148
1888700 148
1888710 148
1888720 148
1888730 148
1888740 148
1888750 148
1888760 148
1888770 148
1888780 147
1888790 147
1888800 147
1888810 147
1888820 147
1888830 147
1888840 146
1888850 146
1888860 146
1888870 146
1888880 146
1888890 146
1888900 145
1888910 145
1888920 145
1888930 145
1888940 145
1888950 145
1888960 145
1888970 145
1888980 145
1888990 144
1889000 144
1889010 144
1889020 144
1889030 144
1889040 144
1889050 144
1889060 144
1889070 144
1889080 144
1889090 143
1889100 143
1889110 143
1889120 143
1889130 143
1889140 143
1889150 143
1889160 143
1889170 143
1889180 143
1889190 143
1889200 143
1889210 142
1889220 142
1889230 142
1889240 142
1889250 142
1889260 142
1889270 142
1889280 142
1889290 142
1889300 142
1889310 142
1889320 142
1889330 142
1889340 142
1889350 141
1889360 141
1889370 141
1889380 141
1889390 141
1889400 141
1889410 141
1889420 141
1889430 141
1889440 141
1889450 141
1889460 141
1889470 141
1889480 141
1889490 141
1889500 141
1889510 141
1889520 141
1889530 141
1889540 141
1889550 141
1889560 142
1889570 142
1889580 142
1889590 142
1889600 142
1889610 142
1889620 142
1889630 142
1889640 142
1889650 142
1889660 142
1889670 142
1889680 142
1889690 142
1889700 142
1889710 142
1889720 142
1889730 142
1889740 142
1889750 142
1889760 142
1889770 142
1889780 142
1889790 142
1889800 142
1889810 142
1889820 142
1889830 142
1889840 143
1889850 143
1889860 143
1889870 143
1889880 143
1889890 143
1889900 143
1889910 143
1889920 143
1889930 144
1889940 144
1889950 144
1889960 144
1889970 144
1889980 144
1889990 144
1890000 145
1890010 145
1890020 145
1890030 145
1890040 145
1890050 145
1890060 146
1890070 146
1890080 146
1890090 146
1890100 146
1890110 147
1890120 147
1890130 147
1890140 147
1890150 147
1890160 147
1890170 147
1890180 147
1890190 147
1890200 147
1890210 147
1890220 147
1890230 148
1890240 148
1890250 148
1890260 148
1890270 148
1890280 148
1890290 148
1890300 149
1890310 149
1890320 149
1890330 149
1890340 149
1890350 149
1890360 149
1890370 149
1890380 149
1890390 149
1890400 149
1890410 149
1890420 149
1890430 149
1890440 149
1890450 149
1890460 149
1890470 149
1890480 148
1890490 148
1890500 148
1890510 148
1890520 148
1890530 148
1890540 148
1890550 148
1890560 148
1890570 147
1890580 147
1890590 147
1890600 147
1890610 147
1890620 147
1890630 147
1890640 147
1890650 147
1890660 147
1890670 146
1890680 146
1890690 146
1890700 145
1890710 145
1890720 146
1890730 145
1890740 145
1890750 145
1890760 144
1890770 144
1890780 144
1890790 143
1890800 143
1890810 143
1890820 142
1890830 142
1890840 142
1890850 141
1890860 141
1890870 141
1890880 141
1890890 141
1890900 141
1890910 141
1890920 141
1890930 142
1890940 142
1890950 142
1890960 142
1890970 142
1890980 142
1890990 142
1891000 142
1891010 142
1891020 141
1891030 142
1891040 142
1891050 142
1891060 142
1891070 142
1891080 142
1891090 141
1891100 141
1891110 141
1891120 141
1891130 141
1891140 141
1891150 141
1891160 141
1891170 141
1891180 141
1891190 141
1891200 141
1891210 141
1891220 141
1891230 141
1891240 141
1891250 141
1891260 141
1891270 141
1891280 141
1891290 141
1891300 141
1891310 141
1891320 141
1891330 141
1891340 141
1891350 141
1891360 141
1891370 142
1891380 142
1891390 142
1891400 142
1891410 142
1891420 142
1891430 142
1891440 142
1891450 142
1891460 142
1891470 142
1891480 143
1891490 143
1891500 143
1891510 143
1891520 143
1891530 143
1891540 143
1891550 143
1891560 143
1891570 143
1891580 143
1891590 143
1891600 143
1891610 143
1891620 143
1891630 144
1891640 144
1891650 144
1891660 144
1891670 144
1891680 144
1891690 145
1891700 145
1891710 145
1891720 145
1891730 145
1891740 145
1891750 146
1891760 146
1891770 146
1891780 146
1891790 147
1891800 147
1891810 147
1891820 148
1891830 148
1891840 148
1891850 149
1891860 149
1891870 149
1891880 149
1891890 149
1891900 149
1891910 149
1891920 149
1891930 150
1891940 150
1891950 150
1891960 150
1891970 150
1891980 150
1891990 151
1892000 151
1892010 151
1892020 152
1892030 152
1892040 152
1892050 152
1892060 152
1892070 152
1892080 153
1892090 153
1892100 153
1892110 152
1892120 152
1892130 152
1892140 152
1892150 152
1892160 152
1892170 153
1892180 153
1892190 153
1892200 153
1892210 154
1892220 154
1892230 154
1892240 154
1892250 154
1892260 154
1892270 154
1892280 154
1892290 154
1892300 154
1892310 154
1892320 154
1892330 154
1892340 154
1892350 154
1892360 154
1892370 154
1892380 154
1892390 153
1892400 153
1892410 153
1892420 152
1892430 152
1892440 152
1892450 151
1892460 150
1892470 150
1892480 150
1892490 149
1892500 149
1892510 149
1892520 149
1892530 149
1892540 149
1892550 150
1892560 150
1892570 150
1892580 151
1892590 151
1892600 152
1892610 153
1892620 153
1892630 153
1892640 154
1892650 154
1892660 154
1892670 155
1892680 155
1892690 155
1892700 156
1892710 156
1892720 156
1892730 156
1892740 156
1892750 157
1892760 157
1892770 157
1892780 157
1892790 158
1892800 158
1892810 158
1892820 158
1892830 158
1892840 158
1892850 158
1892860 158
1892870 158
1892880 158
1892890 158
1892900 158
1892910 158
1892920 158
1892930 158
1892940 158
1892950 158
1892960 158
1892970 158
1892980 158
1892990 158
1893000 158
1893010 158
1893020 158
1893030 158
1893040 158
1893050 158
1893060 158
1893070 158
1893080 158
1893090 158
1893100 158
1893110 158
1893120 158
1893130 158
1893140 158
1893150 158
1893160 158
1893170 158
1893180 158
1893190 158
1893200 158
1893210 158
1893220 158
1893230 158
1893240 158
1893250 158
1893260 158
1893270 158
1893280 158
1893290 158
1893300 158
1893310 158
1893320 158
1893330 158
1893340 158
1893350 158
1893360 158
1893370 158
1893380 158
1893390 158
1893400 158
1893410 158
1893420 158
1893430 158
1893440 158
1893450 158
1893460 158
1893470 158
1893480 158
1893490 158
1893500 158
1893510 158
1893520 158
1893530 158
1893540 158
1893550 158
1893560 158
1893570 158
1893580 158
1893590 158
1893600 158
1893610 158
1893620 158
1893630 158
1893640 158
1893650 158
1893660 158
1893670 158
1893680 158
1893690 158
1893700 158
1893710 158
1893720 158
1893730 158
1893740 158
1893750 158
1893760 158
1893770 158
1893780 158
1893790 158
1893800 158
1893810 158
1893820 158
1893830 158
1893840 158
1893850 157
1893860 157
1893870 157
1893880 157
1893890 157
1893900 157
1893910 157
1893920 157
1893930 157
1893940 157
1893950 157
1893960 157
1893970 157
1893980 157
1893990 157
1894000 157
1894010 157
1894020 157
1894030 157
1894040 157
1894050 157
1894060 157
1894070 157
1894080 157
1894090 157
1894100 157
1894110 157
1894120 157
1894130 157
1894140 157
1894150 157
1894160 157
1894170 157
1894180 157
1894190 157
1894200 157
1894210 156
1894220 156
1894230 156
1894240 156
1894250 156
1894260 156
1894270 156
1894280 156
1894290 156
1894300 156
1894310 156
1894320 156
1894330 156
1894340 157
1894350 157
1894360 157
1894370 157
1894380 157
1894390 157
1894400 157
1894410 157
1894420 157
1894430 158
1894440 158
1894450 158
1894460 158
1894470 158
1894480 158
1894490 158
1894500 158
1894510 158
1894520 158
1894530 158
1894540 158
1894550 158
1894560 158
1894570 158
1894580 158
1894590 158
1894600 158
1894610 158
1894620 158
1894630 158
1894640 158
1894650 158
1894660 158
1894670 158
1894680 158
1894690 158
1894700 158
1894710 158
1894720 158
1894730 158
1894740 158
1894750 158
1894760 158
1894770 158
1894780 158
1894790 158
1894800 158
1894810 158
1894820 157
1894830 157
1894840 157
1894850 157
1894860 157
1894870 157
1894880 157
1894890 157
1894900 157
1894910 157
1894920 157
1894930 157
1894940 157
1894950 157
1894960 157
1894970 157
1894980 157
1894990 157
1895000 157
1895010 157
1895020 157
1895030 157
1895040 157
1895050 157
1895060 157
1895070 157
1895080 157
1895090 157
1895100 157
1895110 157
1895120 157
1895130 157
1895140 157
1895150 157
1895160 157
1895170 157
1895180 157
1895190 157
1895200 157
1895210 157
1895220 157
1895230 157
1895240 157
1895250 157
1895260 157
1895270 157
1895280 157
1895290 157
1895300 157
1895310 157
1895320 157
1895330 157
1895340 157
1895350 157
1895360 157
1895370 157
1895380 157
1895390 157
1895400 157
1895410 157
1895420 157
1895430 157
1895440 157
1895450 157
1895460 157
1895470 157
1895480 157
1895490 157
1895500 157
1895510 157
1895520 157
1895530 157
1895540 157
1895550 157
1895560 157
1895570 157
1895580 157
1895590 157
1895600 157
1895610 156
1895620 156
1895630 157
1895640 157
1895650 157
1895660 157
1895670 157
1895680 157
1895690 157
1895700 157
1895710 157
1895720 157
1895730 157
1895740 157
1895750 157
1895760 157
1895770 157
1895780 157
1895790 157
1895800 157
1895810 157
1895820 156
1895830 156
1895840 156
1895850 156
1895860 156
1895870 156
1895880 156
1895890 156
1895900 156
1895910 156
1895920 156
1895930 156
1895940 156
1895950 156
1895960 156
1895970 156
1895980 156
1895990 156
1896000 156
1896010 156
1896020 156
1896030 156
1896040 156
1896050 156
1896060 156
1896070 156
1896080 156
1896090 156
1896100 156
1896110 156
1896120 156
1896130 156
1896140 156
1896150 156
1896160 156
1896170 156
1896180 156
1896190 157
1896200 157
1896210 157
1896220 157
1896230 157
1896240 157
1896250 157
1896260 157
1896270 157
1896280 157
1896290 157
1896300 157
1896310 157
1896320 157
1896330 157
1896340 157
1896350 157
1896360 157
1896370 157
1896380 157
1896390 157
1896400 157
1896410 157
1896420 157
1896430 157
1896440 157
1896450 157
1896460 157
1896470 157
1896480 157
1896490 157
1896500 157
1896510 157
1896520 157
1896530 157
1896540 157
1896550 157
1896560 157
1896570 157
1896580 157
1896590 157
1896600 157
1896610 157
1896620 157
1896630 157
1896640 157
1896650 156
1896660 156
1896670 156
1896680 156
1896690 156
1896700 156
1896710 156
1896720 156
1896730 156
1896740 156
1896750 156
1896760 156
1896770 156
1896780 156
1896790 156
1896800 156
1896810 156
1896820 156
1896830 156
1896840 156
1896850 155
1896860 155
1896870 155
1896880 155
1896890 155
1896900 155
1896910 155
1896920 155
1896930 155
1896940 155
1896950 155
1896960 155
1896970 155
1896980 155
1896990 155
1897000 154
1897010 154
1897020 154
1897030 155
1897040 155
1897050 155
1897060 156
1897070 156
1897080 156
1897090 156
1897100 156
1897110 156
1897120 156
1897130 156
1897140 156
1897150 156
1897160 156
1897170 156
1897180 156
1897190 156
1897200 156
1897210 156
1897220 156
1897230 156
1897240 156
1897250 156
1897260 156
1897270 156
1897280 156
1897290 156
1897300 156
1897310 156
1897320 156
1897330 156
1897340 156
1897350 156
1897360 156
1897370 156
1897380 156
1897390 156
1897400 156
1897410 156
1897420 156
1897430 156
1897440 156
1897450 156
1897460 156
1897470 156
1897480 156
1897490 156
1897500 156
1897510 156
1897520 156
1897530 156
1897540 156
1897550 156
1897560 156
1897570 156
1897580 156
1897590 156
1897600 156
1897610 156
1897620 156
1897630 156
1897640 156
1897650 156
1897660 156
1897670 156
1897680 156
1897690 156
1897700 156
1897710 156
1897720 156
1897730 156
1897740 156
1897750 156
1897760 156
1897770 156
1897780 156
1897790 156
1897800 156
1897810 156
1897820 156
1897830 156
1897840 156
1897850 156
1897860 156
1897870 156
1897880 156
1897890 156
1897900 156
1897910 156
1897920 156
1897930 156
1897940 156
1897950 156
1897960 156
1897970 156
1897980 156
1897990 156
1898000 156
1898010 156
1898020 156
1898030 156
1898040 156
1898050 156
1898060 156
1898070 156
1898080 156
1898090 156
1898100 156
1898110 156
1898120 156
1898130 156
1898140 156
1898150 156
1898160 156
1898170 156
1898180 156
1898190 156
1898200 156
1898210 156
1898220 156
1898230 156
1898240 156
1898250 156
1898260 156
1898270 156
1898280 156
1898290 156
1898300 156
1898310 156
1898320 156
1898330 156
1898340 156
1898350 156
1898360 156
1898370 156
1898380 156
1898390 156
1898400 156
1898410 156
1898420 156
1898430 156
1898440 156
1898450 156
1898460 156
1898470 156
1898480 156
1898490 156
1898500 156
1898510 156
1898520 156
1898530 156
1898540 156
1898550 156
1898560 156
1898570 156
1898580 156
1898590 156
1898600 156
1898610 156
1898620 156
1898630 156
1898640 156
1898650 156
1898660 156
1898670 155
1898680 155
1898690 155
1898700 155
1898710 155
1898720 155
1898730 155
1898740 155
1898750 155
1898760 155
1898770 155
1898780 155
1898790 155
1898800 155
1898810 155
1898820 155
1898830 155
1898840 155
1898850 155
1898860 155
1898870 155
1898880 155
1898890 155
1898900 155
1898910 155
1898920 155
1898930 155
1898940 155
1898950 155
1898960 155
1898970 155
1898980 155
1898990 155
1899000 155
1899010 155
1899020 155
1899030 155
1899040 155
1899050 155
1899060 155
1899070 155
1899080 155
1899090 155
1899100 155
1899110 155
1899120 155
1899130 155
1899140 155
1899150 155
1899160 155
1899170 155
1899180 155
1899190 155
1899200 155
1899210 155
1899220 155
1899230 155
1899240 155
1899250 155
1899260 155
1899270 155
1899280 155
1899290 155
1899300 155
1899310 155
1899320 155
1899330 155
1899340 155
1899350 155
1899360 155
1899370 154
1899380 154
1899390 154
1899400 154
1899410 154
1899420 154
1899430 154
1899440 154
1899450 154
1899460 154
1899470 154
1899480 154
1899490 154
1899500 154
1899510 154
1899520 154
1899530 154
1899540 154
1899550 154
1899560 154
1899570 154
1899580 154
1899590 154
1899600 154
1899610 154
1899620 154
1899630 154
1899640 154
1899650 154
1899660 154
1899670 154
1899680 154
1899690 154
1899700 154
1899710 154
1899720 154
1899730 154
1899740 154
1899750 154
1899760 153
1899770 153
1899780 153
1899790 153
1899800 153
1899810 153
1899820 153
1899830 152
1899840 152
1899850 152
1899860 152
1899870 152
1899880 152
1899890 152
1899900 152
1899910 152
1899920 152
1899930 152
1899940 152
1899950 152
1899960 152
1899970 152
1899980 152
1899990 152
