1880000 131
1880010 132
1880020 132
1880030 132
1880040 132
1880050 132
1880060 132
1880070 132
1880080 132
1880090 132
1880100 132
1880110 133
1880120 134
1880130 134
1880140 132
1880150 132
1880160 132
1880170 133
1880180 133
1880190 133
1880200 133
1880210 133
1880220 133
1880230 134
1880240 134
1880250 134
1880260 134
1880270 134
1880280 134
1880290 134
1880300 134
1880310 134
1880320 135
1880330 135
1880340 135
1880350 135
1880360 135
1880370 135
1880380 136
1880390 136
1880400 136
1880410 136
1880420 136
1880430 136
1880440 137
1880450 137
1880460 137
1880470 138
1880480 138
1880490 138
1880500 139
1880510 139
1880520 139
1880530 140
1880540 140
1880550 141
1880560 141
1880570 142
1880580 142
1880590 143
1880600 144
1880610 144
1880620 145
1880630 146
1880640 146
1880650 147
1880660 148
1880670 148
1880680 149
1880690 150
1880700 150
1880710 151
1880720 151
1880730 151
1880740 151
1880750 151
1880760 151
1880770 151
1880780 151
1880790 151
1880800 151
1880810 151
1880820 151
1880830 151
1880840 151
1880850 151
1880860 151
1880870 151
1880880 151
1880890 151
1880900 151
1880910 151
1880920 151
1880930 151
1880940 151
1880950 151
1880960 151
1880970 151
1880980 151
1880990 151
1881000 151
1881010 151
1881020 151
1881030 151
1881040 151
1881050 151
1881060 151
1881070 151
1881080 151
1881090 151
1881100 151
1881110 151
1881120 151
1881130 151
1881140 151
1881150 151
1881160 151
1881170 150
1881180 150
1881190 150
1881200 149
1881210 149
1881220 149
1881230 149
1881240 149
1881250 149
1881260 150
1881270 150
1881280 150
1881290 151
1881300 151
1881310 151
1881320 152
1881330 153
1881340 153
1881350 154
1881360 155
1881370 155
1881380 158
1881390 159
1881400 159
1881410 159
1881420 160
1881430 160
1881440 161
1881450 161
1881460 161
1881470 161
1881480 162
1881490 162
1881500 162
1881510 162
1881520 162
1881530 162
1881540 162
1881550 162
1881560 163
1881570 163
1881580 163
1881590 163
1881600 163
1881610 163
1881620 163
1881630 163
1881640 163
1881650 163
1881660 163
1881670 163
1881680 163
1881690 162
1881700 162
1881710 162
1881720 162
1881730 162
1881740 162
1881750 162
1881760 162
1881770 162
1881780 162
1881790 162
1881800 162
1881810 162
1881820 162
1881830 162
1881840 162
1881850 162
1881860 162
1881870 162
1881880 162
1881890 162
1881900 162
1881910 162
1881920 162
1881930 162
1881940 162
1881950 162
1881960 162
1881970 162
1881980 162
1881990 162
1882000 162
1882010 162
1882020 162
1882030 162
1882040 162
1882050 162
1882060 162
1882070 162
1882080 161
1882090 161
1882100 161
1882110 161
1882120 161
1882130 161
1882140 160
1882150 160
1882160 160
1882170 160
1882180 159
1882190 159
1882200 159
1882210 159
1882220 159
1882230 159
1882240 158
1882250 158
1882260 158
1882270 158
1882280 158
1882290 158
1882300 158
1882310 158
1882320 159
1882330 159
1882340 159
1882350 159
1882360 160
1882370 160
1882380 160
1882390 161
1882400 161
1882410 161
1882420 161
1882430 161
1882440 161
1882450 162
1882460 162
1882470 162
1882480 162
1882490 162
1882500 162
1882510 162
1882520 162
1882530 162
1882540 162
1882550 162
1882560 162
1882570 162
1882580 162
1882590 162
1882600 162
1882610 162
1882620 162
1882630 162
1882640 162
1882650 162
1882660 162
1882670 162
1882680 162
1882690 162
1882700 162
1882710 162
1882720 162
1882730 162
1882740 162
1882750 162
1882760 162
1882770 162
1882780 162
1882790 162
1882800 162
1882810 162
1882820 162
1882830 162
1882840 162
1882850 162
1882860 162
1882870 162
1882880 162
1882890 162
1882900 162
1882910 162
1882920 162
1882930 162
1882940 162
1882950 162
1882960 162
1882970 162
1882980 162
1882990 162
1883000 162
1883010 162
1883020 161
1883030 161
1883040 161
1883050 161
1883060 161
1883070 161
1883080 161
1883090 161
1883100 161
1883110 160
1883120 160
1883130 160
1883140 160
1883150 160
1883160 160
1883170 160
1883180 160
1883190 160
1883200 159
1883210 159
1883220 159
1883230 159
1883240 159
1883250 159
1883260 159
1883270 159
1883280 159
1883290 159
1883300 159
1883310 159
1883320 159
1883330 158
1883340 158
1883350 158
1883360 157
1883370 157
1883380 157
1883390 158
1883400 158
1883410 158
1883420 158
1883430 158
1883440 158
1883450 158
1883460 158
1883470 159
1883480 159
1883490 159
1883500 159
1883510 160
1883520 160
1883530 160
1883540 161
1883550 162
1883560 162
1883570 162
1883580 163
1883590 163
1883600 163
1883610 163
1883620 163
1883630 163
1883640 164
1883650 164
1883660 165
1883670 168
1883680 168
1883690 169
1883700 167
1883710 167
1883720 165
1883730 164
1883740 164
1883750 165
1883760 165
1883770 165
1883780 165
1883790 166
1883800 166
1883810 166
1883820 166
1883830 166
1883840 166
1883850 166
1883860 166
1883870 166
1883880 167
1883890 167
1883900 167
1883910 167
1883920 167
1883930 167
1883940 167
1883950 167
1883960 167
1883970 167
1883980 167
1883990 167
1884000 167
1884010 167
1884020 167
1884030 167
1884040 167
1884050 167
1884060 166
1884070 166
1884080 166
1884090 166
1884100 166
1884110 166
1884120 166
1884130 166
1884140 166
1884150 166
1884160 166
1884170 165
1884180 165
1884190 165
1884200 165
1884210 165
1884220 165
1884230 165
1884240 165
1884250 165
1884260 165
1884270 164
1884280 164
1884290 164
1884300 164
1884310 164
1884320 164
1884330 164
1884340 164
1884350 164
1884360 164
1884370 165
1884380 165
1884390 165
1884400 165
1884410 165
1884420 165
1884430 166
1884440 166
1884450 166
1884460 166
1884470 166
1884480 166
1884490 166
1884500 166
1884510 166
1884520 166
1884530 166
1884540 166
1884550 166
1884560 166
1884570 166
1884580 166
1884590 166
1884600 165
1884610 165
1884620 165
1884630 165
1884640 165
1884650 165
1884660 165
1884670 165
1884680 165
1884690 165
1884700 166
1884710 166
1884720 166
1884730 166
1884740 166
1884750 166
1884760 166
1884770 166
1884780 166
1884790 166
1884800 166
1884810 166
1884820 166
1884830 166
1884840 166
1884850 166
1884860 166
1884870 166
1884880 166
1884890 166
1884900 166
1884910 166
1884920 166
1884930 166
1884940 166
1884950 166
1884960 166
1884970 166
1884980 166
1884990 166
1885000 166
1885010 166
1885020 166
1885030 166
1885040 166
1885050 166
1885060 166
1885070 166
1885080 166
1885090 166
1885100 166
1885110 165
1885120 165
1885130 165
1885140 165
1885150 165
1885160 165
1885170 165
1885180 165
1885190 165
1885200 165
1885210 165
1885220 165
1885230 165
1885240 165
1885250 165
1885260 165
1885270 165
1885280 165
1885290 165
1885300 165
1885310 165
1885320 165
1885330 165
1885340 165
1885350 165
1885360 165
1885370 165
1885380 165
1885390 165
1885400 165
1885410 165
1885420 165
1885430 165
1885440 165
1885450 165
1885460 165
1885470 165
1885480 165
1885490 165
1885500 165
1885510 165
1885520 165
1885530 165
1885540 165
1885550 165
1885560 165
1885570 165
1885580 165
1885590 165
1885600 165
1885610 165
1885620 165
1885630 165
1885640 165
1885650 165
1885660 165
1885670 165
1885680 165
1885690 165
1885700 165
1885710 165
1885720 165
1885730 165
1885740 165
1885750 165
1885760 164
1885770 164
1885780 164
1885790 164
1885800 164
1885810 164
1885820 164
1885830 164
1885840 164
1885850 164
1885860 164
1885870 164
1885880 164
1885890 164
1885900 164
1885910 164
1885920 164
1885930 164
1885940 164
1885950 164
1885960 164
1885970 164
1885980 164
1885990 164
1886000 164
1886010 164
1886020 164
1886030 164
1886040 164
1886050 164
1886060 164
1886070 164
1886080 164
1886090 164
1886100 164
1886110 164
1886120 164
1886130 164
1886140 164
1886150 164
1886160 164
1886170 164
1886180 164
1886190 164
1886200 164
1886210 164
1886220 164
1886230 164
1886240 165
1886250 165
1886260 165
1886270 165
1886280 165
1886290 165
1886300 165
1886310 165
1886320 165
1886330 165
1886340 165
1886350 165
1886360 164
1886370 164
1886380 164
1886390 164
1886400 164
1886410 164
1886420 164
1886430 164
1886440 164
1886450 164
1886460 164
1886470 164
1886480 164
1886490 163
1886500 163
1886510 163
1886520 162
1886530 162
1886540 162
1886550 162
1886560 162
1886570 161
1886580 161
1886590 161
1886600 161
1886610 161
1886620 161
1886630 161
1886640 161
1886650 161
1886660 161
1886670 160
1886680 160
1886690 160
1886700 160
1886710 160
1886720 160
1886730 160
1886740 160
1886750 159
1886760 159
1886770 159
1886780 159
1886790 158
1886800 158
1886810 158
1886820 158
1886830 158
1886840 157
1886850 157
1886860 157
1886870 157
1886880 157
1886890 156
1886900 156
1886910 156
1886920 156
1886930 156
1886940 156
1886950 155
1886960 155
1886970 155
1886980 155
1886990 155
1887000 154
1887010 154
1887020 154
1887030 154
1887040 154
1887050 154
1887060 153
1887070 153
1887080 153
1887090 152
1887100 152
1887110 152
1887120 152
1887130 151
1887140 151
1887150 151
1887160 151
1887170 151
1887180 152
1887190 152
1887200 152
1887210 153
1887220 154
1887230 154
1887240 154
1887250 155
1887260 155
1887270 156
1887280 157
1887290 157
1887300 157
1887310 157
1887320 158
1887330 158
1887340 152
1887350 152
1887360 150
1887370 157
1887380 157
1887390 160
1887400 160
1887410 160
1887420 160
1887430 160
1887440 160
1887450 160
1887460 160
1887470 160
1887480 160
1887490 160
1887500 160
1887510 160
1887520 160
1887530 160
1887540 160
1887550 160
1887560 160
1887570 161
1887580 161
1887590 161
1887600 161
1887610 161
1887620 161
1887630 161
1887640 161
1887650 161
1887660 161
1887670 161
1887680 161
1887690 161
1887700 161
1887710 161
1887720 161
1887730 161
1887740 161
1887750 161
1887760 161
1887770 161
1887780 161
1887790 161
1887800 161
1887810 161
1887820 161
1887830 160
1887840 160
1887850 160
1887860 160
1887870 160
1887880 160
1887890 160
1887900 160
1887910 160
1887920 160
1887930 160
1887940 160
1887950 160
1887960 160
1887970 160
1887980 160
1887990 160
1888000 160
1888010 160
1888020 160
1888030 160
1888040 159
1888050 159
1888060 159
1888070 159
1888080 159
1888090 159
1888100 159
1888110 159
1888120 158
1888130 158
1888140 158
1888150 157
1888160 157
1888170 157
1888180 156
1888190 156
1888200 156
1888210 155
1888220 155
1888230 155
1888240 154
1888250 154
1888260 154
1888270 154
1888280 153
1888290 153
1888300 152
1888310 152
1888320 152
1888330 152
1888340 151
1888350 151
1888360 151
1888370 150
1888380 150
1888390 150
1888400 150
1888410 150
1888420 149
1888430 149
1888440 149
1888450 149
1888460 149
1888470 149
1888480 148
1888490 148
1888500 148
1888510 148
1888520 148
1888530 148
1888540 148
1888550 147
1888560 147
1888570 147
1888580 147
1888590 147
1888600 147
1888610 147
1888620 147
1888630 147
1888640 147
1888650 146
1888660 146
1888670 146
1888680 146
1888690 146
1888700 146
1888710 146
1888720 146
1888730 146
1888740 145
1888750 145
1888760 145
1888770 145
1888780 145
1888790 145
1888800 145
1888810 145
1888820 145
1888830 145
1888840 145
1888850 144
1888860 144
1888870 144
1888880 144
1888890 144
1888900 144
1888910 144
1888920 144
1888930 144
1888940 144
1888950 144
1888960 144
1888970 143
1888980 143
1888990 143
1889000 143
1889010 143
1889020 143
1889030 143
1889040 143
1889050 143
1889060 142
1889070 142
1889080 142
1889090 142
1889100 142
1889110 142
1889120 142
1889130 142
1889140 142
1889150 142
1889160 142
1889170 142
1889180 142
1889190 142
1889200 142
1889210 142
1889220 142
1889230 142
1889240 142
1889250 142
1889260 142
1889270 142
1889280 142
1889290 142
1889300 142
1889310 142
1889320 142
1889330 142
1889340 142
1889350 142
1889360 142
1889370 142
1889380 142
1889390 142
1889400 142
1889410 142
1889420 142
1889430 142
1889440 142
1889450 142
1889460 142
1889470 142
1889480 142
1889490 142
1889500 142
1889510 142
1889520 142
1889530 142
1889540 142
1889550 142
1889560 142
1889570 142
1889580 143
1889590 143
1889600 143
1889610 143
1889620 143
1889630 143
1889640 143
1889650 143
1889660 143
1889670 143
1889680 143
1889690 143
1889700 143
1889710 143
1889720 143
1889730 143
1889740 143
1889750 143
1889760 143
1889770 143
1889780 143
1889790 143
1889800 144
1889810 144
1889820 144
1889830 144
1889840 144
1889850 145
1889860 145
1889870 145
1889880 146
1889890 146
1889900 146
1889910 146
1889920 147
1889930 147
1889940 147
1889950 147
1889960 147
1889970 147
1889980 148
1889990 148
1890000 148
1890010 148
1890020 148
1890030 148
1890040 148
1890050 148
1890060 148
1890070 149
1890080 149
1890090 149
1890100 149
1890110 149
1890120 149
1890130 149
1890140 149
1890150 149
1890160 149
1890170 149
1890180 148
1890190 148
1890200 148
1890210 149
1890220 149
1890230 149
1890240 149
1890250 149
1890260 149
1890270 149
1890280 149
1890290 149
1890300 149
1890310 149
1890320 150
1890330 150
1890340 150
1890350 150
1890360 150
1890370 150
1890380 150
1890390 150
1890400 150
1890410 150
1890420 150
1890430 150
1890440 150
1890450 150
1890460 150
1890470 150
1890480 150
1890490 150
1890500 149
1890510 150
1890520 149
1890530 149
1890540 149
1890550 149
1890560 149
1890570 149
1890580 149
1890590 148
1890600 148
1890610 148
1890620 147
1890630 147
1890640 147
1890650 146
1890660 146
1890670 145
1890680 145
1890690 145
1890700 144
1890710 143
1890720 143
1890730 143
1890740 143
1890750 143
1890760 142
1890770 142
1890780 142
1890790 143
1890800 143
1890810 143
1890820 142
1890830 142
1890840 142
1890850 142
1890860 142
1890870 142
1890880 142
1890890 142
1890900 142
1890910 142
1890920 142
1890930 142
1890940 142
1890950 142
1890960 142
1890970 142
1890980 142
1890990 142
1891000 142
1891010 142
1891020 142
1891030 142
1891040 142
1891050 142
1891060 142
1891070 142
1891080 142
1891090 141
1891100 141
1891110 141
1891120 142
1891130 142
1891140 142
1891150 142
1891160 142
1891170 142
1891180 142
1891190 142
1891200 142
1891210 142
1891220 142
1891230 142
1891240 142
1891250 142
1891260 142
1891270 142
1891280 142
1891290 142
1891300 142
1891310 142
1891320 142
1891330 142
1891340 143
1891350 143
1891360 143
1891370 143
1891380 143
1891390 143
1891400 143
1891410 143
1891420 143
1891430 144
1891440 144
1891450 144
1891460 144
1891470 144
1891480 144
1891490 145
1891500 145
1891510 145
1891520 145
1891530 145
1891540 145
1891550 145
1891560 145
1891570 145
1891580 146
1891590 146
1891600 146
1891610 146
1891620 146
1891630 146
1891640 146
1891650 147
1891660 147
1891670 147
1891680 147
1891690 147
1891700 147
1891710 147
1891720 147
1891730 148
1891740 148
1891750 148
1891760 148
1891770 149
1891780 149
1891790 149
1891800 150
1891810 150
1891820 150
1891830 150
1891840 150
1891850 151
1891860 151
1891870 151
1891880 152
1891890 152
1891900 152
1891910 153
1891920 153
1891930 153
1891940 154
1891950 154
1891960 154
1891970 154
1891980 154
1891990 154
1892000 154
1892010 155
1892020 155
1892030 155
1892040 155
1892050 155
1892060 155
1892070 155
1892080 155
1892090 155
1892100 155
1892110 155
1892120 155
1892130 155
1892140 155
1892150 155
1892160 155
1892170 155
1892180 155
1892190 155
1892200 155
1892210 155
1892220 155
1892230 155
1892240 155
1892250 155
1892260 155
1892270 155
1892280 155
1892290 155
1892300 155
1892310 156
1892320 156
1892330 156
1892340 156
1892350 155
1892360 155
1892370 155
1892380 155
1892390 155
1892400 155
1892410 155
1892420 155
1892430 155
1892440 155
1892450 155
1892460 155
1892470 155
1892480 155
1892490 155
1892500 155
1892510 155
1892520 155
1892530 155
1892540 155
1892550 154
1892560 153
1892570 153
1892580 152
1892590 151
1892600 151
1892610 151
1892620 151
1892630 151
1892640 151
1892650 151
1892660 151
1892670 151
1892680 152
1892690 152
1892700 152
1892710 154
1892720 154
1892730 155
1892740 156
1892750 156
1892760 156
1892770 157
1892780 157
1892790 157
1892800 158
1892810 158
1892820 158
1892830 158
1892840 158
1892850 158
1892860 159
1892870 159
1892880 159
1892890 159
1892900 159
1892910 159
1892920 159
1892930 159
1892940 159
1892950 159
1892960 159
1892970 159
1892980 159
1892990 159
1893000 159
1893010 159
1893020 159
1893030 159
1893040 160
1893050 160
1893060 160
1893070 159
1893080 159
1893090 159
1893100 159
1893110 159
1893120 159
1893130 159
1893140 159
1893150 159
1893160 159
1893170 159
1893180 159
1893190 159
1893200 159
1893210 159
1893220 159
1893230 159
1893240 159
1893250 159
1893260 159
1893270 159
1893280 159
1893290 158
1893300 158
1893310 158
1893320 158
1893330 158
1893340 159
1893350 159
1893360 159
1893370 159
1893380 159
1893390 159
1893400 158
1893410 158
1893420 158
1893430 158
1893440 158
1893450 158
1893460 158
1893470 158
1893480 158
1893490 158
1893500 158
1893510 158
1893520 158
1893530 158
1893540 158
1893550 158
1893560 158
1893570 158
1893580 158
1893590 158
1893600 158
1893610 158
1893620 158
1893630 158
1893640 158
1893650 158
1893660 158
1893670 158
1893680 158
1893690 158
1893700 158
1893710 158
1893720 158
1893730 158
1893740 158
1893750 158
1893760 158
1893770 158
1893780 157
1893790 157
1893800 157
1893810 157
1893820 157
1893830 157
1893840 157
1893850 157
1893860 157
1893870 157
1893880 157
1893890 157
1893900 157
1893910 157
1893920 157
1893930 157
1893940 157
1893950 157
1893960 157
1893970 157
1893980 157
1893990 157
1894000 157
1894010 157
1894020 157
1894030 157
1894040 157
1894050 157
1894060 157
1894070 157
1894080 157
1894090 157
1894100 157
1894110 157
1894120 157
1894130 156
1894140 156
1894150 156
1894160 156
1894170 156
1894180 156
1894190 156
1894200 156
1894210 156
1894220 156
1894230 156
1894240 156
1894250 156
1894260 157
1894270 157
1894280 157
1894290 157
1894300 157
1894310 158
1894320 158
1894330 158
1894340 158
1894350 158
1894360 158
1894370 158
1894380 158
1894390 158
1894400 158
1894410 158
1894420 158
1894430 158
1894440 158
1894450 158
1894460 158
1894470 158
1894480 158
1894490 158
1894500 158
1894510 158
1894520 158
1894530 158
1894540 158
1894550 158
1894560 158
1894570 158
1894580 158
1894590 158
1894600 158
1894610 158
1894620 158
1894630 158
1894640 158
1894650 158
1894660 158
1894670 158
1894680 158
1894690 158
1894700 158
1894710 158
1894720 158
1894730 158
1894740 158
1894750 158
1894760 158
1894770 158
1894780 158
1894790 158
1894800 158
1894810 158
1894820 158
1894830 158
1894840 158
1894850 158
1894860 158
1894870 158
1894880 158
1894890 158
1894900 158
1894910 158
1894920 158
1894930 158
1894940 158
1894950 158
1894960 158
1894970 158
1894980 158
1894990 158
1895000 158
1895010 158
1895020 158
1895030 158
1895040 158
1895050 158
1895060 158
1895070 158
1895080 158
1895090 158
1895100 157
1895110 157
1895120 157
1895130 157
1895140 157
1895150 157
1895160 157
1895170 157
1895180 157
1895190 157
1895200 157
1895210 157
1895220 157
1895230 157
1895240 157
1895250 157
1895260 157
1895270 157
1895280 157
1895290 157
1895300 157
1895310 157
1895320 157
1895330 157
1895340 157
1895350 157
1895360 157
1895370 157
1895380 157
1895390 157
1895400 157
1895410 157
1895420 157
1895430 157
1895440 157
1895450 157
1895460 157
1895470 157
1895480 157
1895490 157
1895500 157
1895510 157
1895520 157
1895530 157
1895540 157
1895550 157
1895560 157
1895570 157
1895580 157
1895590 157
1895600 157
1895610 157
1895620 157
1895630 157
1895640 157
1895650 157
1895660 157
1895670 157
1895680 157
1895690 157
1895700 157
1895710 157
1895720 157
1895730 157
1895740 157
1895750 157
1895760 157
1895770 157
1895780 157
1895790 157
1895800 157
1895810 157
1895820 157
1895830 157
1895840 157
1895850 157
1895860 157
1895870 157
1895880 157
1895890 157
1895900 157
1895910 157
1895920 157
1895930 157
1895940 157
1895950 157
1895960 157
1895970 157
1895980 157
1895990 157
1896000 157
1896010 157
1896020 157
1896030 157
1896040 157
1896050 157
1896060 157
1896070 157
1896080 157
1896090 157
1896100 157
1896110 157
1896120 157
1896130 157
1896140 158
1896150 158
1896160 158
1896170 158
1896180 158
1896190 158
1896200 157
1896210 157
1896220 157
1896230 157
1896240 157
1896250 157
1896260 158
1896270 158
1896280 158
1896290 157
1896300 157
1896310 157
1896320 157
1896330 157
1896340 157
1896350 157
1896360 157
1896370 157
1896380 157
1896390 157
1896400 157
1896410 158
1896420 158
1896430 158
1896440 158
1896450 157
1896460 157
1896470 157
1896480 157
1896490 157
1896500 157
1896510 157
1896520 157
1896530 157
1896540 157
1896550 157
1896560 157
1896570 157
1896580 157
1896590 157
1896600 157
1896610 157
1896620 156
1896630 156
1896640 156
1896650 156
1896660 156
1896670 156
1896680 156
1896690 156
1896700 156
1896710 156
1896720 156
1896730 156
1896740 156
1896750 156
1896760 156
1896770 156
1896780 156
1896790 156
1896800 156
1896810 156
1896820 156
1896830 156
1896840 156
1896850 156
1896860 156
1896870 155
1896880 155
1896890 155
1896900 155
1896910 155
1896920 155
1896930 155
1896940 155
1896950 155
1896960 155
1896970 155
1896980 155
1896990 156
1897000 156
1897010 156
1897020 156
1897030 156
1897040 156
1897050 157
1897060 157
1897070 157
1897080 157
1897090 157
1897100 157
1897110 157
1897120 157
1897130 157
1897140 157
1897150 157
1897160 157
1897170 157
1897180 157
1897190 157
1897200 157
1897210 157
1897220 157
1897230 157
1897240 156
1897250 156
1897260 156
1897270 156
1897280 156
1897290 156
1897300 156
1897310 156
1897320 156
1897330 156
1897340 156
1897350 156
1897360 156
1897370 156
1897380 156
1897390 156
1897400 156
1897410 156
1897420 156
1897430 156
1897440 156
1897450 156
1897460 156
1897470 156
1897480 156
1897490 156
1897500 156
1897510 156
1897520 156
1897530 156
1897540 156
1897550 156
1897560 156
1897570 156
1897580 156
1897590 156
1897600 156
1897610 156
1897620 156
1897630 156
1897640 156
1897650 156
1897660 156
1897670 156
1897680 156
1897690 156
1897700 156
1897710 156
1897720 157
1897730 157
1897740 157
1897750 157
1897760 157
1897770 157
1897780 157
1897790 157
1897800 157
1897810 157
1897820 157
1897830 157
1897840 157
1897850 157
1897860 157
1897870 156
1897880 156
1897890 156
1897900 156
1897910 156
1897920 156
1897930 156
1897940 156
1897950 156
1897960 156
1897970 156
1897980 156
1897990 156
1898000 156
1898010 156
1898020 156
1898030 156
1898040 156
1898050 156
1898060 156
1898070 156
1898080 157
1898090 157
1898100 157
1898110 157
1898120 157
1898130 157
1898140 156
1898150 156
1898160 156
1898170 156
1898180 156
1898190 156
1898200 156
1898210 156
1898220 156
1898230 156
1898240 156
1898250 156
1898260 156
1898270 156
1898280 156
1898290 156
1898300 156
1898310 156
1898320 156
1898330 156
1898340 156
1898350 156
1898360 156
1898370 156
1898380 156
1898390 156
1898400 156
1898410 156
1898420 156
1898430 156
1898440 156
1898450 156
1898460 156
1898470 156
1898480 156
1898490 156
1898500 156
1898510 156
1898520 156
1898530 156
1898540 156
1898550 156
1898560 156
1898570 156
1898580 156
1898590 156
1898600 156
1898610 156
1898620 156
1898630 155
1898640 155
1898650 155
1898660 155
1898670 155
1898680 155
1898690 155
1898700 155
1898710 155
1898720 155
1898730 155
1898740 155
1898750 155
1898760 155
1898770 155
1898780 155
1898790 155
1898800 155
1898810 155
1898820 155
1898830 156
1898840 156
1898850 156
1898860 156
1898870 156
1898880 156
1898890 156
1898900 156
1898910 156
1898920 156
1898930 156
1898940 156
1898950 156
1898960 156
1898970 156
1898980 156
1898990 155
1899000 155
1899010 155
1899020 155
1899030 155
1899040 155
1899050 155
1899060 155
1899070 155
1899080 155
1899090 155
1899100 155
1899110 155
1899120 155
1899130 155
1899140 155
1899150 155
1899160 155
1899170 155
1899180 155
1899190 155
1899200 155
1899210 155
1899220 155
1899230 155
1899240 155
1899250 155
1899260 155
1899270 155
1899280 155
1899290 155
1899300 155
1899310 155
1899320 155
1899330 155
1899340 155
1899350 155
1899360 155
1899370 155
1899380 155
1899390 155
1899400 155
1899410 155
1899420 155
1899430 155
1899440 155
1899450 154
1899460 154
1899470 154
1899480 154
1899490 154
1899500 154
1899510 154
1899520 154
1899530 154
1899540 153
1899550 153
1899560 153
1899570 153
1899580 153
1899590 153
1899600 153
1899610 153
1899620 154
1899630 154
1899640 154
1899650 154
1899660 154
1899670 154
1899680 154
1899690 154
1899700 154
1899710 154
1899720 154
1899730 154
1899740 154
1899750 154
1899760 154
1899770 154
1899780 154
1899790 154
1899800 153
1899810 153
1899820 153
1899830 153
1899840 153
1899850 153
1899860 153
1899870 153
1899880 152
1899890 152
1899900 152
1899910 151
1899920 151
1899930 151
1899940 151
1899950 151
1899960 152
1899970 152
1899980 152
1899990 152
