1880000 165
1880010 165
1880020 165
1880030 165
1880040 165
1880050 165
1880060 165
1880070 165
1880080 165
1880090 164
1880100 164
1880110 164
1880120 164
1880130 164
1880140 164
1880150 164
1880160 164
1880170 164
1880180 164
1880190 164
1880200 164
1880210 164
1880220 164
1880230 164
1880240 164
1880250 164
1880260 165
1880270 165
1880280 165
1880290 165
1880300 166
1880310 166
1880320 166
1880330 166
1880340 166
1880350 166
1880360 167
1880370 167
1880380 167
1880390 167
1880400 167
1880410 167
1880420 167
1880430 167
1880440 167
1880450 167
1880460 167
1880470 167
1880480 167
1880490 166
1880500 166
1880510 166
1880520 166
1880530 166
1880540 166
1880550 166
1880560 166
1880570 166
1880580 167
1880590 167
1880600 167
1880610 167
1880620 167
1880630 167
1880640 167
1880650 167
1880660 167
1880670 167
1880680 167
1880690 167
1880700 167
1880710 167
1880720 167
1880730 167
1880740 167
1880750 167
1880760 167
1880770 167
1880780 167
1880790 167
1880800 167
1880810 167
1880820 167
1880830 167
1880840 167
1880850 167
1880860 167
1880870 167
1880880 167
1880890 167
1880900 167
1880910 167
1880920 167
1880930 167
1880940 167
1880950 167
1880960 167
1880970 167
1880980 167
1880990 168
1881000 168
1881010 168
1881020 168
1881030 168
1881040 168
1881050 168
1881060 168
1881070 168
1881080 168
1881090 169
1881100 169
1881110 168
1881120 168
1881130 168
1881140 168
1881150 168
1881160 168
1881170 168
1881180 168
1881190 168
1881200 168
1881210 168
1881220 168
1881230 168
1881240 168
1881250 168
1881260 168
1881270 168
1881280 168
1881290 168
1881300 168
1881310 168
1881320 168
1881330 168
1881340 168
1881350 168
1881360 168
1881370 167
1881380 167
1881390 167
1881400 167
1881410 167
1881420 167
1881430 167
1881440 167
1881450 167
1881460 167
1881470 167
1881480 167
1881490 167
1881500 167
1881510 167
1881520 168
1881530 168
1881540 168
1881550 168
1881560 168
1881570 168
1881580 168
1881590 168
1881600 168
1881610 168
1881620 168
1881630 168
1881640 168
1881650 168
1881660 168
1881670 168
1881680 168
1881690 168
1881700 168
1881710 168
1881720 168
1881730 168
1881740 168
1881750 168
1881760 168
1881770 168
1881780 168
1881790 168
1881800 168
1881810 167
1881820 167
1881830 167
1881840 167
1881850 167
1881860 167
1881870 167
1881880 167
1881890 167
1881900 167
1881910 167
1881920 167
1881930 167
1881940 167
1881950 167
1881960 167
1881970 167
1881980 167
1881990 167
1882000 166
1882010 166
1882020 167
1882030 167
1882040 167
1882050 167
1882060 167
1882070 167
1882080 167
1882090 167
1882100 167
1882110 167
1882120 167
1882130 167
1882140 167
1882150 167
1882160 167
1882170 167
1882180 167
1882190 167
1882200 167
1882210 167
1882220 167
1882230 167
1882240 167
1882250 167
1882260 167
1882270 167
1882280 167
1882290 167
1882300 167
1882310 167
1882320 167
1882330 167
1882340 167
1882350 167
1882360 167
1882370 167
1882380 167
1882390 167
1882400 167
1882410 167
1882420 167
1882430 167
1882440 167
1882450 167
1882460 167
1882470 167
1882480 167
1882490 167
1882500 167
1882510 167
1882520 166
1882530 166
1882540 167
1882550 167
1882560 167
1882570 167
1882580 166
1882590 166
1882600 166
1882610 166
1882620 166
1882630 166
1882640 166
1882650 166
1882660 167
1882670 166
1882680 166
1882690 166
1882700 166
1882710 166
1882720 166
1882730 166
1882740 166
1882750 166
1882760 166
1882770 166
1882780 167
1882790 167
1882800 167
1882810 167
1882820 166
1882830 166
1882840 166
1882850 166
1882860 166
1882870 167
1882880 167
1882890 167
1882900 167
1882910 167
1882920 167
1882930 167
1882940 167
1882950 167
1882960 167
1882970 167
1882980 167
1882990 167
1883000 168
1883010 168
1883020 168
1883030 168
1883040 168
1883050 168
1883060 168
1883070 168
1883080 168
1883090 168
1883100 168
1883110 168
1883120 168
1883130 168
1883140 168
1883150 169
1883160 169
1883170 169
1883180 169
1883190 169
1883200 169
1883210 169
1883220 169
1883230 169
1883240 169
1883250 169
1883260 169
1883270 169
1883280 169
1883290 169
1883300 169
1883310 169
1883320 169
1883330 169
1883340 169
1883350 169
1883360 169
1883370 169
1883380 169
1883390 169
1883400 169
1883410 169
1883420 169
1883430 169
1883440 169
1883450 169
1883460 169
1883470 169
1883480 169
1883490 169
1883500 169
1883510 169
1883520 169
1883530 169
1883540 169
1883550 169
1883560 169
1883570 169
1883580 169
1883590 169
1883600 169
1883610 169
1883620 169
1883630 169
1883640 169
1883650 169
1883660 169
1883670 169
1883680 169
1883690 169
1883700 169
1883710 169
1883720 169
1883730 169
1883740 169
1883750 169
1883760 169
1883770 169
1883780 169
1883790 169
1883800 169
1883810 169
1883820 169
1883830 169
1883840 169
1883850 169
1883860 169
1883870 169
1883880 169
1883890 169
1883900 169
1883910 170
1883920 170
1883930 170
1883940 170
1883950 170
1883960 170
1883970 170
1883980 170
1883990 170
1884000 170
1884010 170
1884020 170
1884030 170
1884040 170
1884050 170
1884060 169
1884070 169
1884080 169
1884090 169
1884100 169
1884110 169
1884120 169
1884130 168
1884140 168
1884150 168
1884160 168
1884170 168
1884180 168
1884190 168
1884200 168
1884210 168
1884220 168
1884230 168
1884240 168
1884250 168
1884260 168
1884270 168
1884280 168
1884290 168
1884300 168
1884310 168
1884320 168
1884330 169
1884340 169
1884350 169
1884360 169
1884370 169
1884380 169
1884390 169
1884400 169
1884410 169
1884420 169
1884430 169
1884440 169
1884450 169
1884460 169
1884470 169
1884480 169
1884490 169
1884500 169
1884510 169
1884520 170
1884530 170
1884540 170
1884550 169
1884560 169
1884570 169
1884580 169
1884590 169
1884600 169
1884610 169
1884620 169
1884630 169
1884640 169
1884650 169
1884660 169
1884670 168
1884680 168
1884690 168
1884700 168
1884710 168
1884720 168
1884730 168
1884740 168
1884750 168
1884760 167
1884770 167
1884780 167
1884790 167
1884800 167
1884810 167
1884820 167
1884830 167
1884840 167
1884850 167
1884860 167
1884870 167
1884880 166
1884890 166
1884900 166
1884910 166
1884920 166
1884930 166
1884940 166
1884950 166
1884960 166
1884970 165
1884980 165
1884990 165
1885000 165
1885010 165
1885020 165
1885030 164
1885040 164
1885050 164
1885060 164
1885070 164
1885080 164
1885090 164
1885100 164
1885110 164
1885120 163
1885130 163
1885140 163
1885150 163
1885160 163
1885170 163
1885180 163
1885190 163
1885200 163
1885210 163
1885220 163
1885230 163
1885240 163
1885250 163
1885260 163
1885270 163
1885280 162
1885290 162
1885300 162
1885310 162
1885320 162
1885330 162
1885340 162
1885350 162
1885360 162
1885370 162
1885380 162
1885390 162
1885400 162
1885410 162
1885420 162
1885430 162
1885440 162
1885450 161
1885460 161
1885470 161
1885480 161
1885490 161
1885500 161
1885510 161
1885520 161
1885530 161
1885540 161
1885550 161
1885560 161
1885570 161
1885580 161
1885590 161
1885600 160
1885610 160
1885620 160
1885630 160
1885640 160
1885650 160
1885660 160
1885670 160
1885680 159
1885690 159
1885700 159
1885710 159
1885720 159
1885730 159
1885740 158
1885750 158
1885760 158
1885770 158
1885780 158
1885790 157
1885800 157
1885810 157
1885820 157
1885830 156
1885840 156
1885850 156
1885860 156
1885870 156
1885880 156
1885890 157
1885900 157
1885910 157
1885920 157
1885930 157
1885940 157
1885950 157
1885960 157
1885970 158
1885980 158
1885990 158
1886000 158
1886010 159
1886020 159
1886030 160
1886040 160
1886050 160
1886060 161
1886070 161
1886080 161
1886090 161
1886100 161
1886110 161
1886120 162
1886130 162
1886140 162
1886150 162
1886160 162
1886170 162
1886180 163
1886190 163
1886200 163
1886210 163
1886220 163
1886230 163
1886240 163
1886250 164
1886260 164
1886270 164
1886280 164
1886290 164
1886300 164
1886310 164
1886320 164
1886330 164
1886340 164
1886350 164
1886360 164
1886370 164
1886380 164
1886390 164
1886400 164
1886410 164
1886420 164
1886430 164
1886440 164
1886450 164
1886460 164
1886470 164
1886480 164
1886490 164
1886500 164
1886510 164
1886520 164
1886530 164
1886540 164
1886550 164
1886560 163
1886570 163
1886580 163
1886590 163
1886600 163
1886610 163
1886620 163
1886630 163
1886640 163
1886650 163
1886660 163
1886670 163
1886680 163
1886690 163
1886700 163
1886710 163
1886720 163
1886730 163
1886740 163
1886750 163
1886760 163
1886770 163
1886780 163
1886790 163
1886800 163
1886810 163
1886820 163
1886830 163
1886840 163
1886850 163
1886860 163
1886870 163
1886880 163
1886890 163
1886900 163
1886910 163
1886920 163
1886930 163
1886940 163
1886950 163
1886960 163
1886970 162
1886980 162
1886990 162
1887000 162
1887010 162
1887020 162
1887030 162
1887040 162
1887050 162
1887060 162
1887070 162
1887080 162
1887090 162
1887100 162
1887110 162
1887120 162
1887130 162
1887140 162
1887150 161
1887160 161
1887170 161
1887180 161
1887190 161
1887200 161
1887210 161
1887220 160
1887230 160
1887240 160
1887250 160
1887260 160
1887270 160
1887280 160
1887290 160
1887300 159
1887310 159
1887320 159
1887330 159
1887340 159
1887350 159
1887360 158
1887370 158
1887380 158
1887390 158
1887400 157
1887410 157
1887420 157
1887430 157
1887440 156
1887450 156
1887460 156
1887470 156
1887480 156
1887490 156
1887500 155
1887510 155
1887520 155
1887530 154
1887540 154
1887550 154
1887560 154
1887570 154
1887580 154
1887590 153
1887600 153
1887610 153
1887620 153
1887630 153
1887640 152
1887650 152
1887660 152
1887670 152
1887680 152
1887690 152
1887700 152
1887710 152
1887720 152
1887730 151
1887740 151
1887750 151
1887760 151
1887770 151
1887780 151
1887790 150
1887800 150
1887810 150
1887820 150
1887830 150
1887840 150
1887850 150
1887860 150
1887870 150
1887880 150
1887890 150
1887900 150
1887910 150
1887920 150
1887930 150
1887940 150
1887950 150
1887960 150
1887970 149
1887980 149
1887990 149
1888000 149
1888010 149
1888020 149
1888030 148
1888040 148
1888050 148
1888060 148
1888070 149
1888080 149
1888090 149
1888100 149
1888110 149
1888120 149
1888130 149
1888140 149
1888150 149
1888160 149
1888170 149
1888180 149
1888190 150
1888200 150
1888210 150
1888220 150
1888230 150
1888240 150
1888250 150
1888260 150
1888270 150
1888280 151
1888290 151
1888300 151
1888310 151
1888320 152
1888330 152
1888340 152
1888350 152
1888360 152
1888370 152
1888380 153
1888390 153
1888400 153
1888410 154
1888420 154
1888430 154
1888440 155
1888450 155
1888460 155
1888470 156
1888480 156
1888490 157
1888500 157
1888510 157
1888520 158
1888530 159
1888540 159
1888550 159
1888560 159
1888570 159
1888580 159
1888590 159
1888600 159
1888610 159
1888620 160
1888630 160
1888640 160
1888650 160
1888660 160
1888670 160
1888680 160
1888690 160
1888700 160
1888710 160
1888720 160
1888730 160
1888740 160
1888750 160
1888760 160
1888770 160
1888780 160
1888790 160
1888800 160
1888810 160
1888820 159
1888830 159
1888840 159
1888850 159
1888860 159
1888870 159
1888880 159
1888890 159
1888900 159
1888910 159
1888920 158
1888930 158
1888940 158
1888950 158
1888960 158
1888970 157
1888980 157
1888990 157
1889000 156
1889010 155
1889020 155
1889030 154
1889040 153
1889050 153
1889060 152
1889070 151
1889080 151
1889090 150
1889100 149
1889110 149
1889120 148
1889130 148
1889140 148
1889150 147
1889160 147
1889170 147
1889180 147
1889190 147
1889200 147
1889210 147
1889220 147
1889230 147
1889240 147
1889250 147
1889260 147
1889270 147
1889280 148
1889290 148
1889300 148
1889310 149
1889320 150
1889330 150
1889340 152
1889350 152
1889360 152
1889370 153
1889380 154
1889390 154
1889400 155
1889410 155
1889420 155
1889430 155
1889440 156
1889450 156
1889460 156
1889470 157
1889480 157
1889490 158
1889500 158
1889510 158
1889520 158
1889530 158
1889540 158
1889550 158
1889560 158
1889570 158
1889580 158
1889590 158
1889600 158
1889610 158
1889620 158
1889630 158
1889640 158
1889650 158
1889660 158
1889670 158
1889680 158
1889690 158
1889700 158
1889710 158
1889720 158
1889730 158
1889740 158
1889750 158
1889760 158
1889770 158
1889780 158
1889790 158
1889800 158
1889810 158
1889820 157
1889830 157
1889840 157
1889850 157
1889860 157
1889870 157
1889880 157
1889890 157
1889900 157
1889910 157
1889920 158
1889930 158
1889940 158
1889950 158
1889960 158
1889970 158
1889980 158
1889990 158
1890000 158
1890010 158
1890020 158
1890030 158
1890040 158
1890050 158
1890060 158
1890070 158
1890080 158
1890090 158
1890100 158
1890110 158
1890120 158
1890130 158
1890140 158
1890150 158
1890160 158
1890170 158
1890180 158
1890190 158
1890200 157
1890210 157
1890220 157
1890230 157
1890240 157
1890250 156
1890260 156
1890270 156
1890280 156
1890290 156
1890300 157
1890310 157
1890320 157
1890330 157
1890340 157
1890350 157
1890360 157
1890370 157
1890380 157
1890390 157
1890400 157
1890410 157
1890420 157
1890430 157
1890440 157
1890450 157
1890460 157
1890470 156
1890480 156
1890490 156
1890500 156
1890510 156
1890520 155
1890530 155
1890540 155
1890550 154
1890560 154
1890570 154
1890580 153
1890590 153
1890600 153
1890610 153
1890620 150
1890630 150
1890640 147
1890650 145
1890660 145
1890670 145
1890680 144
1890690 144
1890700 144
1890710 144
1890720 144
1890730 145
1890740 145
1890750 145
1890760 147
1890770 148
1890780 148
1890790 150
1890800 152
1890810 152
1890820 154
1890830 155
1890840 155
1890850 155
1890860 155
1890870 155
1890880 156
1890890 156
1890900 156
1890910 157
1890920 157
1890930 157
1890940 157
1890950 157
1890960 157
1890970 157
1890980 156
1890990 156
1891000 156
1891010 156
1891020 155
1891030 155
1891040 155
1891050 155
1891060 155
1891070 155
1891080 155
1891090 155
1891100 156
1891110 156
1891120 156
1891130 157
1891140 157
1891150 157
1891160 157
1891170 158
1891180 158
1891190 158
1891200 159
1891210 159
1891220 159
1891230 159
1891240 159
1891250 159
1891260 160
1891270 160
1891280 160
1891290 160
1891300 160
1891310 160
1891320 160
1891330 160
1891340 160
1891350 160
1891360 160
1891370 160
1891380 160
1891390 160
1891400 160
1891410 160
1891420 160
1891430 160
1891440 160
1891450 160
1891460 160
1891470 161
1891480 161
1891490 161
1891500 161
1891510 161
1891520 160
1891530 160
1891540 160
1891550 160
1891560 160
1891570 160
1891580 160
1891590 160
1891600 160
1891610 160
1891620 160
1891630 160
1891640 160
1891650 161
1891660 161
1891670 161
1891680 161
1891690 161
1891700 161
1891710 160
1891720 160
1891730 160
1891740 160
1891750 160
1891760 160
1891770 160
1891780 160
1891790 160
1891800 160
1891810 160
1891820 160
1891830 160
1891840 160
1891850 160
1891860 160
1891870 160
1891880 160
1891890 160
1891900 160
1891910 160
1891920 160
1891930 160
1891940 160
1891950 160
1891960 160
1891970 160
1891980 160
1891990 160
1892000 160
1892010 160
1892020 160
1892030 160
1892040 160
1892050 160
1892060 160
1892070 160
1892080 160
1892090 160
1892100 160
1892110 160
1892120 160
1892130 160
1892140 159
1892150 159
1892160 159
1892170 159
1892180 159
1892190 159
1892200 159
1892210 159
1892220 159
1892230 159
1892240 159
1892250 159
1892260 159
1892270 159
1892280 159
1892290 159
1892300 159
1892310 159
1892320 159
1892330 159
1892340 159
1892350 159
1892360 159
1892370 159
1892380 159
1892390 159
1892400 158
1892410 158
1892420 158
1892430 158
1892440 158
1892450 158
1892460 158
1892470 159
1892480 159
1892490 159
1892500 159
1892510 159
1892520 159
1892530 159
1892540 159
1892550 159
1892560 159
1892570 159
1892580 159
1892590 159
1892600 159
1892610 159
1892620 159
1892630 159
1892640 159
1892650 159
1892660 159
1892670 159
1892680 159
1892690 159
1892700 159
1892710 159
1892720 159
1892730 159
1892740 159
1892750 159
1892760 159
1892770 159
1892780 159
1892790 159
1892800 159
1892810 159
1892820 159
1892830 159
1892840 159
1892850 159
1892860 159
1892870 159
1892880 159
1892890 159
1892900 159
1892910 159
1892920 159
1892930 159
1892940 159
1892950 159
1892960 159
1892970 159
1892980 159
1892990 159
1893000 159
1893010 159
1893020 159
1893030 159
1893040 159
1893050 159
1893060 159
1893070 159
1893080 159
1893090 159
1893100 159
1893110 159
1893120 159
1893130 159
1893140 159
1893150 159
1893160 159
1893170 159
1893180 159
1893190 159
1893200 160
1893210 160
1893220 160
1893230 160
1893240 160
1893250 160
1893260 160
1893270 160
1893280 160
1893290 160
1893300 160
1893310 160
1893320 160
1893330 160
1893340 160
1893350 160
1893360 160
1893370 160
1893380 160
1893390 160
1893400 160
1893410 160
1893420 160
1893430 160
1893440 160
1893450 160
1893460 160
1893470 160
1893480 160
1893490 160
1893500 160
1893510 160
1893520 160
1893530 160
1893540 160
1893550 160
1893560 160
1893570 160
1893580 160
1893590 160
1893600 160
1893610 160
1893620 160
1893630 160
1893640 160
1893650 161
1893660 161
1893670 161
1893680 161
1893690 162
1893700 162
1893710 162
1893720 162
1893730 162
1893740 162
1893750 162
1893760 162
1893770 162
1893780 160
1893790 160
1893800 160
1893810 160
1893820 160
1893830 160
1893840 160
1893850 160
1893860 159
1893870 160
1893880 160
1893890 160
1893900 160
1893910 160
1893920 160
1893930 160
1893940 160
1893950 160
1893960 160
1893970 160
1893980 160
1893990 160
1894000 160
1894010 160
1894020 160
1894030 160
1894040 160
1894050 160
1894060 160
1894070 160
1894080 160
1894090 160
1894100 160
1894110 160
1894120 160
1894130 161
1894140 160
1894150 160
1894160 160
1894170 160
1894180 160
1894190 160
1894200 161
1894210 161
1894220 161
1894230 161
1894240 161
1894250 161
1894260 160
1894270 160
1894280 160
1894290 160
1894300 160
1894310 161
1894320 160
1894330 160
1894340 161
1894350 160
1894360 160
1894370 160
1894380 160
1894390 160
1894400 160
1894410 160
1894420 160
1894430 160
1894440 160
1894450 160
1894460 160
1894470 160
1894480 160
1894490 160
1894500 160
1894510 160
1894520 160
1894530 160
1894540 160
1894550 160
1894560 160
1894570 160
1894580 160
1894590 160
1894600 160
1894610 160
1894620 160
1894630 159
1894640 159
1894650 159
1894660 159
1894670 159
1894680 159
1894690 159
1894700 159
1894710 159
1894720 160
1894730 160
1894740 160
1894750 160
1894760 160
1894770 160
1894780 159
1894790 159
1894800 158
1894810 158
1894820 158
1894830 158
1894840 158
1894850 158
1894860 159
1894870 159
1894880 159
1894890 159
1894900 159
1894910 159
1894920 159
1894930 159
1894940 159
1894950 159
1894960 159
1894970 159
1894980 159
1894990 159
1895000 159
1895010 159
1895020 159
1895030 159
1895040 159
1895050 159
1895060 159
1895070 159
1895080 159
1895090 159
1895100 159
1895110 159
1895120 159
1895130 159
1895140 159
1895150 159
1895160 159
1895170 159
1895180 159
1895190 159
1895200 159
1895210 159
1895220 159
1895230 159
1895240 159
1895250 159
1895260 159
1895270 159
1895280 159
1895290 159
1895300 159
1895310 159
1895320 159
1895330 159
1895340 159
1895350 159
1895360 159
1895370 160
1895380 160
1895390 160
1895400 160
1895410 160
1895420 161
1895430 161
1895440 161
1895450 161
1895460 161
1895470 162
1895480 162
1895490 162
1895500 162
1895510 163
1895520 163
1895530 163
1895540 163
1895550 163
1895560 163
1895570 163
1895580 163
1895590 162
1895600 158
1895610 158
1895620 157
1895630 160
1895640 160
1895650 163
1895660 163
1895670 162
1895680 162
1895690 161
1895700 161
1895710 160
1895720 160
1895730 160
1895740 159
1895750 159
1895760 159
1895770 159
1895780 159
1895790 159
1895800 159
1895810 159
1895820 159
1895830 159
1895840 159
1895850 159
1895860 159
1895870 159
1895880 159
1895890 159
1895900 159
1895910 159
1895920 159
1895930 159
1895940 159
1895950 159
1895960 158
1895970 158
1895980 158
1895990 158
1896000 158
1896010 158
1896020 158
1896030 158
1896040 158
1896050 158
1896060 158
1896070 158
1896080 158
1896090 158
1896100 158
1896110 158
1896120 158
1896130 158
1896140 158
1896150 158
1896160 158
1896170 158
1896180 158
1896190 158
1896200 158
1896210 158
1896220 158
1896230 157
1896240 157
1896250 157
1896260 157
1896270 157
1896280 157
1896290 157
1896300 157
1896310 157
1896320 157
1896330 157
1896340 157
1896350 157
1896360 157
1896370 157
1896380 156
1896390 156
1896400 156
1896410 156
1896420 156
1896430 156
1896440 157
1896450 157
1896460 157
1896470 157
1896480 157
1896490 157
1896500 157
1896510 157
1896520 157
1896530 157
1896540 157
1896550 157
1896560 157
1896570 157
1896580 157
1896590 157
1896600 157
1896610 157
1896620 157
1896630 157
1896640 157
1896650 157
1896660 157
1896670 157
1896680 157
1896690 157
1896700 157
1896710 157
1896720 157
1896730 157
1896740 157
1896750 157
1896760 157
1896770 157
1896780 157
1896790 157
1896800 157
1896810 157
1896820 157
1896830 157
1896840 157
1896850 157
1896860 157
1896870 157
1896880 157
1896890 157
1896900 157
1896910 157
1896920 157
1896930 157
1896940 157
1896950 157
1896960 157
1896970 157
1896980 157
1896990 157
1897000 157
1897010 157
1897020 157
1897030 157
1897040 157
1897050 157
1897060 157
1897070 157
1897080 157
1897090 157
1897100 157
1897110 157
1897120 157
1897130 157
1897140 157
1897150 157
1897160 157
1897170 157
1897180 157
1897190 157
1897200 157
1897210 157
1897220 157
1897230 157
1897240 157
1897250 157
1897260 157
1897270 157
1897280 157
1897290 157
1897300 157
1897310 157
1897320 157
1897330 157
1897340 157
1897350 157
1897360 157
1897370 157
1897380 157
1897390 157
1897400 157
1897410 157
1897420 157
1897430 157
1897440 157
1897450 157
1897460 157
1897470 157
1897480 157
1897490 157
1897500 157
1897510 157
1897520 157
1897530 157
1897540 157
1897550 157
1897560 157
1897570 157
1897580 157
1897590 157
1897600 157
1897610 157
1897620 157
1897630 157
1897640 157
1897650 157
1897660 157
1897670 157
1897680 157
1897690 157
1897700 157
1897710 157
1897720 157
1897730 157
1897740 157
1897750 157
1897760 157
1897770 157
1897780 157
1897790 157
1897800 157
1897810 157
1897820 157
1897830 157
1897840 157
1897850 157
1897860 157
1897870 157
1897880 157
1897890 157
1897900 156
1897910 156
1897920 156
1897930 156
1897940 156
1897950 156
1897960 156
1897970 156
1897980 156
1897990 156
1898000 156
1898010 156
1898020 156
1898030 156
1898040 156
1898050 156
1898060 156
1898070 156
1898080 156
1898090 156
1898100 156
1898110 156
1898120 156
1898130 156
1898140 156
1898150 156
1898160 156
1898170 156
1898180 156
1898190 156
1898200 156
1898210 156
1898220 156
1898230 156
1898240 156
1898250 156
1898260 156
1898270 156
1898280 156
1898290 156
1898300 156
1898310 156
1898320 156
1898330 155
1898340 155
1898350 155
1898360 155
1898370 155
1898380 155
1898390 155
1898400 155
1898410 155
1898420 155
1898430 155
1898440 155
1898450 155
1898460 155
1898470 155
1898480 154
1898490 154
1898500 154
1898510 154
1898520 154
1898530 154
1898540 154
1898550 154
1898560 154
1898570 154
1898580 154
1898590 154
1898600 153
1898610 153
1898620 153
1898630 153
1898640 153
1898650 153
1898660 153
1898670 153
1898680 153
1898690 153
1898700 153
1898710 153
1898720 153
1898730 153
1898740 154
1898750 154
1898760 154
1898770 154
1898780 155
1898790 155
1898800 155
1898810 155
1898820 155
1898830 155
1898840 155
1898850 155
1898860 155
1898870 156
1898880 156
1898890 156
1898900 156
1898910 156
1898920 156
1898930 156
1898940 156
1898950 156
1898960 156
1898970 156
1898980 156
1898990 156
1899000 156
1899010 156
1899020 156
1899030 156
1899040 156
1899050 156
1899060 156
1899070 156
1899080 156
1899090 156
1899100 156
1899110 156
1899120 156
1899130 156
1899140 156
1899150 156
1899160 156
1899170 156
1899180 156
1899190 156
1899200 156
1899210 156
1899220 156
1899230 156
1899240 156
1899250 156
1899260 156
1899270 156
1899280 156
1899290 156
1899300 156
1899310 156
1899320 156
1899330 156
1899340 156
1899350 155
1899360 155
1899370 155
1899380 155
1899390 155
1899400 155
1899410 155
1899420 155
1899430 155
1899440 155
1899450 155
1899460 155
1899470 155
1899480 155
1899490 155
1899500 154
1899510 154
1899520 154
1899530 153
1899540 153
1899550 153
1899560 153
1899570 153
1899580 153
1899590 152
1899600 151
1899610 151
1899620 151
1899630 150
1899640 150
1899650 149
1899660 147
1899670 147
1899680 147
1899690 146
1899700 146
1899710 146
1899720 144
1899730 144
1899740 143
1899750 143
1899760 143
1899770 142
1899780 142
1899790 142
1899800 141
1899810 141
1899820 141
1899830 140
1899840 140
1899850 140
1899860 139
1899870 139
1899880 139
1899890 139
1899900 138
1899910 138
1899920 138
1899930 138
1899940 137
1899950 137
1899960 137
1899970 137
1899980 137
1899990 136
