1880000 166
1880010 165
1880020 165
1880030 165
1880040 165
1880050 165
1880060 166
1880070 166
1880080 166
1880090 166
1880100 166
1880110 166
1880120 166
1880130 167
1880140 167
1880150 167
1880160 167
1880170 167
1880180 167
1880190 167
1880200 167
1880210 167
1880220 167
1880230 167
1880240 168
1880250 168
1880260 168
1880270 167
1880280 168
1880290 168
1880300 168
1880310 168
1880320 168
1880330 167
1880340 167
1880350 167
1880360 167
1880370 167
1880380 167
1880390 167
1880400 167
1880410 167
1880420 167
1880430 167
1880440 167
1880450 167
1880460 167
1880470 167
1880480 167
1880490 167
1880500 167
1880510 167
1880520 167
1880530 167
1880540 167
1880550 167
1880560 167
1880570 167
1880580 167
1880590 167
1880600 167
1880610 167
1880620 167
1880630 167
1880640 167
1880650 167
1880660 167
1880670 167
1880680 167
1880690 168
1880700 168
1880710 168
1880720 167
1880730 167
1880740 167
1880750 167
1880760 167
1880770 167
1880780 167
1880790 167
1880800 167
1880810 167
1880820 167
1880830 167
1880840 167
1880850 167
1880860 167
1880870 167
1880880 167
1880890 167
1880900 167
1880910 167
1880920 167
1880930 167
1880940 167
1880950 168
1880960 168
1880970 168
1880980 168
1880990 168
1881000 168
1881010 168
1881020 168
1881030 168
1881040 168
1881050 168
1881060 168
1881070 168
1881080 168
1881090 168
1881100 168
1881110 168
1881120 168
1881130 168
1881140 168
1881150 168
1881160 168
1881170 168
1881180 168
1881190 168
1881200 168
1881210 168
1881220 167
1881230 167
1881240 167
1881250 167
1881260 167
1881270 167
1881280 167
1881290 167
1881300 167
1881310 167
1881320 167
1881330 167
1881340 167
1881350 167
1881360 167
1881370 167
1881380 167
1881390 167
1881400 167
1881410 167
1881420 167
1881430 167
1881440 167
1881450 167
1881460 167
1881470 167
1881480 167
1881490 167
1881500 167
1881510 167
1881520 167
1881530 167
1881540 167
1881550 168
1881560 168
1881570 168
1881580 168
1881590 168
1881600 168
1881610 168
1881620 168
1881630 168
1881640 169
1881650 169
1881660 169
1881670 169
1881680 169
1881690 168
1881700 168
1881710 168
1881720 168
1881730 168
1881740 168
1881750 168
1881760 168
1881770 168
1881780 168
1881790 168
1881800 168
1881810 168
1881820 168
1881830 168
1881840 168
1881850 168
1881860 168
1881870 168
1881880 168
1881890 168
1881900 168
1881910 168
1881920 168
1881930 168
1881940 168
1881950 168
1881960 168
1881970 168
1881980 168
1881990 168
1882000 168
1882010 167
1882020 167
1882030 167
1882040 167
1882050 167
1882060 167
1882070 167
1882080 167
1882090 167
1882100 167
1882110 167
1882120 167
1882130 167
1882140 167
1882150 167
1882160 167
1882170 167
1882180 167
1882190 167
1882200 167
1882210 167
1882220 167
1882230 167
1882240 167
1882250 167
1882260 167
1882270 167
1882280 167
1882290 167
1882300 167
1882310 167
1882320 167
1882330 167
1882340 167
1882350 167
1882360 167
1882370 167
1882380 167
1882390 167
1882400 167
1882410 167
1882420 167
1882430 167
1882440 167
1882450 167
1882460 167
1882470 167
1882480 167
1882490 167
1882500 167
1882510 167
1882520 167
1882530 167
1882540 167
1882550 167
1882560 167
1882570 167
1882580 167
1882590 167
1882600 167
1882610 167
1882620 167
1882630 167
1882640 167
1882650 167
1882660 167
1882670 167
1882680 167
1882690 167
1882700 168
1882710 168
1882720 168
1882730 168
1882740 169
1882750 169
1882760 169
1882770 169
1882780 169
1882790 169
1882800 169
1882810 169
1882820 169
1882830 169
1882840 169
1882850 169
1882860 169
1882870 169
1882880 169
1882890 169
1882900 169
1882910 169
1882920 169
1882930 169
1882940 169
1882950 169
1882960 169
1882970 168
1882980 168
1882990 168
1883000 168
1883010 169
1883020 169
1883030 169
1883040 169
1883050 169
1883060 169
1883070 169
1883080 169
1883090 169
1883100 169
1883110 169
1883120 169
1883130 169
1883140 169
1883150 169
1883160 169
1883170 169
1883180 169
1883190 169
1883200 169
1883210 169
1883220 169
1883230 169
1883240 169
1883250 169
1883260 169
1883270 168
1883280 168
1883290 168
1883300 168
1883310 168
1883320 168
1883330 168
1883340 168
1883350 168
1883360 168
1883370 168
1883380 168
1883390 168
1883400 168
1883410 168
1883420 169
1883430 169
1883440 169
1883450 169
1883460 168
1883470 168
1883480 168
1883490 168
1883500 168
1883510 169
1883520 169
1883530 169
1883540 168
1883550 168
1883560 169
1883570 169
1883580 169
1883590 169
1883600 169
1883610 169
1883620 169
1883630 169
1883640 169
1883650 169
1883660 169
1883670 169
1883680 169
1883690 169
1883700 169
1883710 169
1883720 169
1883730 169
1883740 169
1883750 169
1883760 169
1883770 169
1883780 169
1883790 169
1883800 169
1883810 169
1883820 169
1883830 169
1883840 169
1883850 169
1883860 169
1883870 169
1883880 169
1883890 169
1883900 169
1883910 169
1883920 169
1883930 169
1883940 169
1883950 169
1883960 169
1883970 169
1883980 169
1883990 169
1884000 169
1884010 168
1884020 168
1884030 168
1884040 168
1884050 168
1884060 168
1884070 168
1884080 168
1884090 169
1884100 169
1884110 169
1884120 169
1884130 170
1884140 170
1884150 170
1884160 170
1884170 170
1884180 170
1884190 170
1884200 170
1884210 170
1884220 170
1884230 170
1884240 170
1884250 170
1884260 170
1884270 170
1884280 170
1884290 170
1884300 170
1884310 170
1884320 170
1884330 170
1884340 170
1884350 170
1884360 170
1884370 170
1884380 170
1884390 170
1884400 169
1884410 169
1884420 169
1884430 169
1884440 169
1884450 169
1884460 169
1884470 169
1884480 169
1884490 168
1884500 168
1884510 168
1884520 168
1884530 168
1884540 168
1884550 168
1884560 168
1884570 168
1884580 168
1884590 168
1884600 168
1884610 168
1884620 168
1884630 168
1884640 167
1884650 167
1884660 167
1884670 167
1884680 167
1884690 167
1884700 167
1884710 167
1884720 167
1884730 166
1884740 166
1884750 166
1884760 166
1884770 166
1884780 166
1884790 166
1884800 166
1884810 166
1884820 165
1884830 165
1884840 165
1884850 165
1884860 165
1884870 165
1884880 165
1884890 165
1884900 165
1884910 165
1884920 165
1884930 165
1884940 165
1884950 165
1884960 165
1884970 164
1884980 164
1884990 164
1885000 164
1885010 164
1885020 164
1885030 164
1885040 164
1885050 164
1885060 164
1885070 164
1885080 164
1885090 164
1885100 164
1885110 164
1885120 164
1885130 164
1885140 164
1885150 164
1885160 164
1885170 164
1885180 164
1885190 164
1885200 164
1885210 164
1885220 164
1885230 164
1885240 163
1885250 163
1885260 163
1885270 163
1885280 163
1885290 163
1885300 163
1885310 163
1885320 163
1885330 162
1885340 162
1885350 162
1885360 162
1885370 162
1885380 162
1885390 162
1885400 162
1885410 161
1885420 161
1885430 161
1885440 161
1885450 161
1885460 161
1885470 161
1885480 161
1885490 160
1885500 160
1885510 160
1885520 160
1885530 160
1885540 160
1885550 159
1885560 159
1885570 159
1885580 159
1885590 158
1885600 158
1885610 158
1885620 158
1885630 158
1885640 158
1885650 158
1885660 158
1885670 157
1885680 157
1885690 157
1885700 157
1885710 157
1885720 157
1885730 157
1885740 157
1885750 157
1885760 157
1885770 157
1885780 157
1885790 157
1885800 157
1885810 157
1885820 157
1885830 157
1885840 157
1885850 157
1885860 157
1885870 157
1885880 156
1885890 156
1885900 156
1885910 156
1885920 157
1885930 157
1885940 157
1885950 158
1885960 158
1885970 158
1885980 159
1885990 159
1886000 159
1886010 160
1886020 159
1886030 160
1886040 160
1886050 160
1886060 160
1886070 161
1886080 161
1886090 161
1886100 161
1886110 161
1886120 161
1886130 161
1886140 161
1886150 162
1886160 162
1886170 162
1886180 163
1886190 163
1886200 163
1886210 163
1886220 163
1886230 163
1886240 163
1886250 164
1886260 164
1886270 164
1886280 165
1886290 164
1886300 164
1886310 164
1886320 164
1886330 164
1886340 165
1886350 165
1886360 165
1886370 165
1886380 165
1886390 165
1886400 165
1886410 164
1886420 164
1886430 164
1886440 164
1886450 164
1886460 164
1886470 164
1886480 164
1886490 164
1886500 164
1886510 164
1886520 164
1886530 164
1886540 164
1886550 164
1886560 164
1886570 164
1886580 164
1886590 164
1886600 164
1886610 164
1886620 164
1886630 164
1886640 164
1886650 164
1886660 164
1886670 164
1886680 164
1886690 164
1886700 164
1886710 164
1886720 164
1886730 164
1886740 164
1886750 164
1886760 164
1886770 164
1886780 164
1886790 164
1886800 164
1886810 164
1886820 164
1886830 164
1886840 164
1886850 164
1886860 164
1886870 164
1886880 164
1886890 164
1886900 164
1886910 165
1886920 165
1886930 165
1886940 165
1886950 164
1886960 164
1886970 164
1886980 164
1886990 164
1887000 164
1887010 164
1887020 164
1887030 164
1887040 164
1887050 164
1887060 164
1887070 163
1887080 163
1887090 163
1887100 163
1887110 163
1887120 163
1887130 162
1887140 162
1887150 162
1887160 162
1887170 162
1887180 162
1887190 161
1887200 161
1887210 161
1887220 161
1887230 160
1887240 160
1887250 160
1887260 160
1887270 160
1887280 160
1887290 159
1887300 159
1887310 159
1887320 159
1887330 159
1887340 158
1887350 158
1887360 158
1887370 158
1887380 157
1887390 157
1887400 157
1887410 157
1887420 157
1887430 157
1887440 156
1887450 156
1887460 156
1887470 155
1887480 155
1887490 155
1887500 155
1887510 155
1887520 155
1887530 154
1887540 154
1887550 154
1887560 154
1887570 154
1887580 154
1887590 153
1887600 153
1887610 153
1887620 153
1887630 153
1887640 153
1887650 153
1887660 153
1887670 153
1887680 153
1887690 153
1887700 152
1887710 152
1887720 152
1887730 152
1887740 152
1887750 152
1887760 152
1887770 152
1887780 152
1887790 151
1887800 151
1887810 151
1887820 151
1887830 151
1887840 151
1887850 151
1887860 151
1887870 151
1887880 151
1887890 151
1887900 151
1887910 151
1887920 151
1887930 151
1887940 151
1887950 152
1887960 152
1887970 152
1887980 152
1887990 152
1888000 152
1888010 152
1888020 152
1888030 152
1888040 153
1888050 153
1888060 153
1888070 153
1888080 153
1888090 153
1888100 153
1888110 154
1888120 154
1888130 154
1888140 154
1888150 154
1888160 154
1888170 154
1888180 154
1888190 154
1888200 155
1888210 155
1888220 155
1888230 155
1888240 155
1888250 155
1888260 156
1888270 156
1888280 157
1888290 157
1888300 157
1888310 157
1888320 158
1888330 158
1888340 158
1888350 158
1888360 158
1888370 159
1888380 159
1888390 159
1888400 159
1888410 159
1888420 159
1888430 160
1888440 160
1888450 160
1888460 160
1888470 160
1888480 160
1888490 160
1888500 160
1888510 160
1888520 160
1888530 160
1888540 160
1888550 160
1888560 160
1888570 160
1888580 160
1888590 160
1888600 160
1888610 160
1888620 160
1888630 160
1888640 160
1888650 160
1888660 160
1888670 160
1888680 159
1888690 159
1888700 159
1888710 159
1888720 159
1888730 159
1888740 158
1888750 158
1888760 158
1888770 157
1888780 157
1888790 157
1888800 156
1888810 156
1888820 155
1888830 154
1888840 154
1888850 154
1888860 153
1888870 153
1888880 152
1888890 151
1888900 150
1888910 150
1888920 149
1888930 148
1888940 148
1888950 148
1888960 148
1888970 148
1888980 148
1888990 148
1889000 148
1889010 148
1889020 148
1889030 148
1889040 148
1889050 148
1889060 148
1889070 149
1889080 150
1889090 150
1889100 152
1889110 153
1889120 153
1889130 154
1889140 155
1889150 155
1889160 156
1889170 156
1889180 156
1889190 157
1889200 157
1889210 157
1889220 158
1889230 158
1889240 158
1889250 158
1889260 158
1889270 158
1889280 158
1889290 159
1889300 159
1889310 159
1889320 159
1889330 159
1889340 159
1889350 159
1889360 159
1889370 159
1889380 159
1889390 159
1889400 159
1889410 159
1889420 159
1889430 159
1889440 159
1889450 159
1889460 159
1889470 159
1889480 159
1889490 159
1889500 159
1889510 159
1889520 159
1889530 159
1889540 159
1889550 159
1889560 159
1889570 159
1889580 159
1889590 159
1889600 159
1889610 159
1889620 159
1889630 159
1889640 159
1889650 159
1889660 159
1889670 159
1889680 159
1889690 159
1889700 159
1889710 159
1889720 159
1889730 159
1889740 159
1889750 159
1889760 159
1889770 159
1889780 159
1889790 159
1889800 159
1889810 159
1889820 159
1889830 159
1889840 159
1889850 159
1889860 159
1889870 159
1889880 159
1889890 159
1889900 159
1889910 159
1889920 159
1889930 159
1889940 159
1889950 159
1889960 159
1889970 159
1889980 159
1889990 159
1890000 159
1890010 159
1890020 159
1890030 159
1890040 159
1890050 159
1890060 159
1890070 158
1890080 158
1890090 158
1890100 158
1890110 158
1890120 158
1890130 158
1890140 158
1890150 158
1890160 158
1890170 158
1890180 158
1890190 158
1890200 158
1890210 158
1890220 158
1890230 158
1890240 158
1890250 158
1890260 158
1890270 158
1890280 158
1890290 158
1890300 158
1890310 158
1890320 158
1890330 158
1890340 157
1890350 157
1890360 157
1890370 157
1890380 157
1890390 157
1890400 156
1890410 156
1890420 156
1890430 156
1890440 155
1890450 155
1890460 155
1890470 154
1890480 154
1890490 153
1890500 148
1890510 148
1890520 146
1890530 145
1890540 145
1890550 145
1890560 145
1890570 145
1890580 146
1890590 148
1890600 148
1890610 151
1890620 153
1890630 153
1890640 155
1890650 156
1890660 156
1890670 156
1890680 157
1890690 157
1890700 157
1890710 158
1890720 158
1890730 158
1890740 159
1890750 159
1890760 159
1890770 159
1890780 159
1890790 159
1890800 160
1890810 160
1890820 160
1890830 160
1890840 160
1890850 160
1890860 160
1890870 160
1890880 160
1890890 160
1890900 160
1890910 160
1890920 160
1890930 160
1890940 160
1890950 160
1890960 159
1890970 159
1890980 159
1890990 159
1891000 159
1891010 158
1891020 158
1891030 158
1891040 158
1891050 158
1891060 158
1891070 158
1891080 158
1891090 158
1891100 159
1891110 159
1891120 159
1891130 159
1891140 160
1891150 160
1891160 160
1891170 160
1891180 160
1891190 160
1891200 160
1891210 160
1891220 160
1891230 160
1891240 160
1891250 160
1891260 160
1891270 160
1891280 160
1891290 160
1891300 160
1891310 160
1891320 160
1891330 160
1891340 161
1891350 161
1891360 161
1891370 161
1891380 160
1891390 160
1891400 160
1891410 160
1891420 160
1891430 160
1891440 160
1891450 160
1891460 160
1891470 160
1891480 160
1891490 160
1891500 160
1891510 160
1891520 160
1891530 160
1891540 160
1891550 160
1891560 160
1891570 160
1891580 160
1891590 161
1891600 161
1891610 161
1891620 161
1891630 161
1891640 161
1891650 161
1891660 160
1891670 160
1891680 160
1891690 160
1891700 160
1891710 160
1891720 161
1891730 161
1891740 161
1891750 161
1891760 161
1891770 161
1891780 160
1891790 160
1891800 160
1891810 160
1891820 160
1891830 160
1891840 160
1891850 160
1891860 160
1891870 160
1891880 160
1891890 160
1891900 160
1891910 160
1891920 160
1891930 160
1891940 160
1891950 160
1891960 160
1891970 160
1891980 160
1891990 160
1892000 160
1892010 160
1892020 160
1892030 160
1892040 160
1892050 160
1892060 160
1892070 160
1892080 160
1892090 160
1892100 160
1892110 159
1892120 159
1892130 159
1892140 159
1892150 159
1892160 159
1892170 159
1892180 159
1892190 159
1892200 159
1892210 159
1892220 159
1892230 159
1892240 159
1892250 159
1892260 159
1892270 159
1892280 159
1892290 159
1892300 159
1892310 159
1892320 159
1892330 159
1892340 159
1892350 159
1892360 159
1892370 159
1892380 159
1892390 159
1892400 159
1892410 159
1892420 159
1892430 159
1892440 159
1892450 159
1892460 159
1892470 159
1892480 159
1892490 159
1892500 159
1892510 159
1892520 159
1892530 159
1892540 159
1892550 159
1892560 159
1892570 159
1892580 159
1892590 159
1892600 159
1892610 159
1892620 159
1892630 159
1892640 159
1892650 159
1892660 160
1892670 160
1892680 159
1892690 159
1892700 159
1892710 159
1892720 159
1892730 159
1892740 159
1892750 159
1892760 159
1892770 159
1892780 159
1892790 159
1892800 159
1892810 159
1892820 159
1892830 159
1892840 159
1892850 159
1892860 159
1892870 159
1892880 159
1892890 159
1892900 159
1892910 159
1892920 159
1892930 159
1892940 159
1892950 159
1892960 159
1892970 159
1892980 159
1892990 160
1893000 160
1893010 160
1893020 159
1893030 159
1893040 159
1893050 159
1893060 159
1893070 159
1893080 159
1893090 159
1893100 159
1893110 159
1893120 159
1893130 159
1893140 159
1893150 159
1893160 159
1893170 160
1893180 160
1893190 160
1893200 160
1893210 160
1893220 160
1893230 160
1893240 160
1893250 160
1893260 160
1893270 160
1893280 160
1893290 161
1893300 161
1893310 162
1893320 162
1893330 162
1893340 161
1893350 161
1893360 161
1893370 160
1893380 160
1893390 160
1893400 160
1893410 160
1893420 160
1893430 160
1893440 160
1893450 160
1893460 160
1893470 160
1893480 160
1893490 160
1893500 160
1893510 160
1893520 160
1893530 160
1893540 160
1893550 160
1893560 160
1893570 160
1893580 160
1893590 160
1893600 160
1893610 160
1893620 160
1893630 160
1893640 160
1893650 160
1893660 160
1893670 160
1893680 160
1893690 160
1893700 160
1893710 160
1893720 160
1893730 160
1893740 160
1893750 160
1893760 160
1893770 160
1893780 160
1893790 160
1893800 160
1893810 160
1893820 160
1893830 160
1893840 160
1893850 160
1893860 160
1893870 160
1893880 160
1893890 160
1893900 160
1893910 160
1893920 160
1893930 160
1893940 160
1893950 160
1893960 160
1893970 160
1893980 160
1893990 160
1894000 160
1894010 160
1894020 160
1894030 160
1894040 160
1894050 160
1894060 160
1894070 160
1894080 160
1894090 160
1894100 160
1894110 160
1894120 160
1894130 160
1894140 160
1894150 160
1894160 160
1894170 160
1894180 160
1894190 160
1894200 160
1894210 160
1894220 160
1894230 160
1894240 160
1894250 160
1894260 160
1894270 160
1894280 160
1894290 159
1894300 159
1894310 159
1894320 159
1894330 159
1894340 159
1894350 159
1894360 159
1894370 159
1894380 159
1894390 159
1894400 159
1894410 159
1894420 159
1894430 159
1894440 159
1894450 159
1894460 159
1894470 159
1894480 159
1894490 159
1894500 159
1894510 159
1894520 159
1894530 159
1894540 159
1894550 159
1894560 159
1894570 159
1894580 159
1894590 159
1894600 159
1894610 159
1894620 159
1894630 159
1894640 159
1894650 159
1894660 159
1894670 159
1894680 159
1894690 159
1894700 159
1894710 159
1894720 159
1894730 159
1894740 159
1894750 159
1894760 159
1894770 159
1894780 159
1894790 159
1894800 159
1894810 159
1894820 159
1894830 159
1894840 159
1894850 159
1894860 159
1894870 159
1894880 159
1894890 159
1894900 159
1894910 159
1894920 159
1894930 159
1894940 159
1894950 159
1894960 159
1894970 159
1894980 159
1894990 159
1895000 159
1895010 159
1895020 159
1895030 159
1895040 159
1895050 159
1895060 159
1895070 159
1895080 159
1895090 159
1895100 159
1895110 159
1895120 159
1895130 159
1895140 159
1895150 159
1895160 159
1895170 159
1895180 159
1895190 159
1895200 160
1895210 160
1895220 160
1895230 160
1895240 160
1895250 160
1895260 160
1895270 160
1895280 160
1895290 160
1895300 160
1895310 160
1895320 160
1895330 160
1895340 160
1895350 160
1895360 160
1895370 160
1895380 160
1895390 160
1895400 160
1895410 160
1895420 160
1895430 160
1895440 160
1895450 160
1895460 160
1895470 160
1895480 160
1895490 160
1895500 160
1895510 160
1895520 160
1895530 160
1895540 160
1895550 160
1895560 160
1895570 160
1895580 160
1895590 160
1895600 160
1895610 160
1895620 160
1895630 160
1895640 160
1895650 160
1895660 160
1895670 160
1895680 160
1895690 160
1895700 160
1895710 160
1895720 160
1895730 160
1895740 160
1895750 160
1895760 160
1895770 160
1895780 160
1895790 160
1895800 159
1895810 159
1895820 159
1895830 159
1895840 159
1895850 159
1895860 159
1895870 159
1895880 159
1895890 159
1895900 159
1895910 159
1895920 159
1895930 159
1895940 159
1895950 159
1895960 158
1895970 158
1895980 158
1895990 158
1896000 158
1896010 158
1896020 158
1896030 158
1896040 158
1896050 158
1896060 158
1896070 158
1896080 158
1896090 158
1896100 157
1896110 157
1896120 157
1896130 157
1896140 157
1896150 157
1896160 157
1896170 157
1896180 157
1896190 157
1896200 157
1896210 157
1896220 157
1896230 157
1896240 157
1896250 157
1896260 157
1896270 157
1896280 157
1896290 157
1896300 157
1896310 157
1896320 157
1896330 157
1896340 157
1896350 157
1896360 157
1896370 157
1896380 157
1896390 157
1896400 157
1896410 157
1896420 157
1896430 157
1896440 157
1896450 157
1896460 157
1896470 157
1896480 157
1896490 157
1896500 157
1896510 157
1896520 157
1896530 157
1896540 157
1896550 157
1896560 157
1896570 157
1896580 157
1896590 157
1896600 157
1896610 157
1896620 157
1896630 157
1896640 157
1896650 157
1896660 157
1896670 157
1896680 157
1896690 157
1896700 157
1896710 157
1896720 157
1896730 157
1896740 157
1896750 157
1896760 157
1896770 157
1896780 158
1896790 158
1896800 158
1896810 158
1896820 158
1896830 158
1896840 158
1896850 158
1896860 158
1896870 158
1896880 158
1896890 158
1896900 158
1896910 158
1896920 158
1896930 157
1896940 157
1896950 157
1896960 157
1896970 157
1896980 157
1896990 157
1897000 157
1897010 157
1897020 157
1897030 157
1897040 157
1897050 157
1897060 157
1897070 157
1897080 157
1897090 157
1897100 157
1897110 157
1897120 157
1897130 157
1897140 157
1897150 157
1897160 157
1897170 157
1897180 157
1897190 157
1897200 157
1897210 157
1897220 157
1897230 157
1897240 157
1897250 157
1897260 157
1897270 157
1897280 157
1897290 157
1897300 157
1897310 157
1897320 157
1897330 157
1897340 157
1897350 157
1897360 157
1897370 157
1897380 157
1897390 157
1897400 157
1897410 157
1897420 157
1897430 157
1897440 157
1897450 157
1897460 157
1897470 157
1897480 157
1897490 157
1897500 157
1897510 157
1897520 157
1897530 157
1897540 157
1897550 157
1897560 157
1897570 157
1897580 157
1897590 157
1897600 157
1897610 157
1897620 157
1897630 157
1897640 157
1897650 157
1897660 157
1897670 157
1897680 157
1897690 157
1897700 157
1897710 157
1897720 157
1897730 157
1897740 157
1897750 157
1897760 157
1897770 157
1897780 157
1897790 157
1897800 157
1897810 157
1897820 157
1897830 157
1897840 157
1897850 157
1897860 157
1897870 157
1897880 157
1897890 157
1897900 157
1897910 157
1897920 157
1897930 157
1897940 156
1897950 156
1897960 156
1897970 156
1897980 156
1897990 156
1898000 156
1898010 156
1898020 156
1898030 156
1898040 156
1898050 156
1898060 156
1898070 156
1898080 156
1898090 156
1898100 156
1898110 156
1898120 156
1898130 156
1898140 156
1898150 156
1898160 156
1898170 156
1898180 156
1898190 156
1898200 156
1898210 156
1898220 156
1898230 156
1898240 155
1898250 155
1898260 155
1898270 155
1898280 155
1898290 155
1898300 155
1898310 155
1898320 155
1898330 155
1898340 155
1898350 155
1898360 155
1898370 155
1898380 154
1898390 154
1898400 154
1898410 154
1898420 154
1898430 154
1898440 154
1898450 155
1898460 155
1898470 155
1898480 155
1898490 155
1898500 155
1898510 155
1898520 155
1898530 155
1898540 155
1898550 155
1898560 155
1898570 154
1898580 154
1898590 154
1898600 154
1898610 154
1898620 154
1898630 154
1898640 154
1898650 154
1898660 154
1898670 155
1898680 155
1898690 155
1898700 155
1898710 155
1898720 155
1898730 155
1898740 155
1898750 156
1898760 156
1898770 156
1898780 156
1898790 156
1898800 156
1898810 156
1898820 156
1898830 156
1898840 156
1898850 156
1898860 156
1898870 156
1898880 156
1898890 156
1898900 156
1898910 156
1898920 156
1898930 156
1898940 155
1898950 155
1898960 155
1898970 155
1898980 155
1898990 155
1899000 155
1899010 155
1899020 155
1899030 155
1899040 155
1899050 156
1899060 156
1899070 156
1899080 156
1899090 156
1899100 156
1899110 156
1899120 156
1899130 156
1899140 156
1899150 156
1899160 156
1899170 156
1899180 156
1899190 156
1899200 156
1899210 156
1899220 156
1899230 156
1899240 156
1899250 156
1899260 156
1899270 156
1899280 156
1899290 156
1899300 156
1899310 156
1899320 156
1899330 156
1899340 156
1899350 156
1899360 156
1899370 156
1899380 155
1899390 155
1899400 155
1899410 155
1899420 155
1899430 155
1899440 155
1899450 155
1899460 155
1899470 155
1899480 155
1899490 155
1899500 155
1899510 155
1899520 155
1899530 155
1899540 155
1899550 155
1899560 154
1899570 154
1899580 154
1899590 153
1899600 152
1899610 152
1899620 151
1899630 150
1899640 150
1899650 149
1899660 148
1899670 148
1899680 147
1899690 147
1899700 147
1899710 146
1899720 145
1899730 144
1899740 144
1899750 143
1899760 143
1899770 143
1899780 142
1899790 142
1899800 142
1899810 141
1899820 140
1899830 140
1899840 139
1899850 139
1899860 139
1899870 138
1899880 138
1899890 138
1899900 137
1899910 137
1899920 137
1899930 136
1899940 136
1899950 136
1899960 136
1899970 135
1899980 135
1899990 135
