1880000 170
1880010 170
1880020 170
1880030 170
1880040 170
1880050 170
1880060 170
1880070 170
1880080 170
1880090 170
1880100 170
1880110 170
1880120 170
1880130 170
1880140 170
1880150 170
1880160 170
1880170 170
1880180 170
1880190 170
1880200 170
1880210 171
1880220 171
1880230 170
1880240 170
1880250 170
1880260 170
1880270 170
1880280 170
1880290 170
1880300 170
1880310 170
1880320 170
1880330 170
1880340 170
1880350 170
1880360 170
1880370 170
1880380 170
1880390 170
1880400 170
1880410 170
1880420 170
1880430 170
1880440 170
1880450 170
1880460 170
1880470 170
1880480 170
1880490 170
1880500 170
1880510 170
1880520 170
1880530 170
1880540 170
1880550 170
1880560 170
1880570 170
1880580 170
1880590 170
1880600 170
1880610 170
1880620 170
1880630 170
1880640 170
1880650 170
1880660 170
1880670 170
1880680 170
1880690 170
1880700 170
1880710 170
1880720 170
1880730 170
1880740 170
1880750 169
1880760 169
1880770 169
1880780 169
1880790 169
1880800 170
1880810 170
1880820 170
1880830 170
1880840 170
1880850 170
1880860 170
1880870 170
1880880 170
1880890 170
1880900 170
1880910 170
1880920 170
1880930 170
1880940 170
1880950 170
1880960 170
1880970 170
1880980 170
1880990 170
1881000 170
1881010 170
1881020 170
1881030 170
1881040 170
1881050 170
1881060 170
1881070 170
1881080 170
1881090 170
1881100 170
1881110 170
1881120 170
1881130 170
1881140 170
1881150 170
1881160 170
1881170 170
1881180 170
1881190 170
1881200 170
1881210 170
1881220 170
1881230 170
1881240 170
1881250 170
1881260 170
1881270 170
1881280 170
1881290 170
1881300 170
1881310 170
1881320 170
1881330 170
1881340 170
1881350 169
1881360 169
1881370 169
1881380 169
1881390 169
1881400 169
1881410 169
1881420 169
1881430 169
1881440 169
1881450 169
1881460 169
1881470 169
1881480 169
1881490 169
1881500 169
1881510 169
1881520 169
1881530 169
1881540 169
1881550 169
1881560 169
1881570 169
1881580 169
1881590 169
1881600 169
1881610 169
1881620 169
1881630 169
1881640 169
1881650 169
1881660 169
1881670 169
1881680 169
1881690 169
1881700 169
1881710 169
1881720 169
1881730 169
1881740 169
1881750 169
1881760 169
1881770 169
1881780 170
1881790 170
1881800 170
1881810 170
1881820 170
1881830 170
1881840 170
1881850 170
1881860 171
1881870 171
1881880 171
1881890 171
1881900 171
1881910 171
1881920 171
1881930 172
1881940 172
1881950 172
1881960 172
1881970 172
1881980 172
1881990 171
1882000 171
1882010 171
1882020 171
1882030 171
1882040 171
1882050 171
1882060 171
1882070 171
1882080 171
1882090 171
1882100 171
1882110 171
1882120 170
1882130 170
1882140 170
1882150 170
1882160 170
1882170 170
1882180 170
1882190 170
1882200 170
1882210 170
1882220 170
1882230 170
1882240 170
1882250 170
1882260 170
1882270 170
1882280 170
1882290 170
1882300 170
1882310 170
1882320 170
1882330 170
1882340 170
1882350 170
1882360 170
1882370 170
1882380 170
1882390 170
1882400 170
1882410 170
1882420 170
1882430 170
1882440 171
1882450 171
1882460 171
1882470 171
1882480 171
1882490 171
1882500 171
1882510 171
1882520 171
1882530 171
1882540 171
1882550 171
1882560 171
1882570 171
1882580 171
1882590 172
1882600 172
1882610 172
1882620 172
1882630 172
1882640 172
1882650 172
1882660 172
1882670 172
1882680 173
1882690 173
1882700 173
1882710 173
1882720 173
1882730 173
1882740 173
1882750 173
1882760 173
1882770 173
1882780 173
1882790 173
1882800 173
1882810 173
1882820 173
1882830 173
1882840 172
1882850 172
1882860 172
1882870 172
1882880 172
1882890 172
1882900 172
1882910 172
1882920 172
1882930 171
1882940 171
1882950 171
1882960 171
1882970 171
1882980 171
1882990 171
1883000 171
1883010 171
1883020 171
1883030 171
1883040 171
1883050 171
1883060 170
1883070 170
1883080 170
1883090 170
1883100 170
1883110 170
1883120 170
1883130 170
1883140 170
1883150 169
1883160 169
1883170 169
1883180 169
1883190 169
1883200 169
1883210 169
1883220 169
1883230 169
1883240 169
1883250 169
1883260 169
1883270 169
1883280 169
1883290 169
1883300 168
1883310 168
1883320 168
1883330 168
1883340 168
1883350 168
1883360 168
1883370 168
1883380 168
1883390 168
1883400 168
1883410 168
1883420 169
1883430 169
1883440 170
1883450 169
1883460 169
1883470 168
1883480 168
1883490 168
1883500 167
1883510 167
1883520 167
1883530 167
1883540 167
1883550 167
1883560 167
1883570 167
1883580 167
1883590 167
1883600 167
1883610 167
1883620 167
1883630 166
1883640 166
1883650 166
1883660 166
1883670 166
1883680 166
1883690 166
1883700 166
1883710 166
1883720 166
1883730 166
1883740 165
1883750 165
1883760 165
1883770 165
1883780 165
1883790 165
1883800 165
1883810 165
1883820 165
1883830 164
1883840 164
1883850 164
1883860 164
1883870 164
1883880 164
1883890 164
1883900 164
1883910 164
1883920 164
1883930 164
1883940 164
1883950 164
1883960 164
1883970 164
1883980 164
1883990 164
1884000 164
1884010 164
1884020 164
1884030 164
1884040 164
1884050 164
1884060 164
1884070 164
1884080 164
1884090 165
1884100 165
1884110 165
1884120 165
1884130 165
1884140 165
1884150 165
1884160 165
1884170 165
1884180 165
1884190 165
1884200 165
1884210 165
1884220 165
1884230 165
1884240 165
1884250 165
1884260 165
1884270 165
1884280 165
1884290 165
1884300 165
1884310 165
1884320 165
1884330 165
1884340 165
1884350 165
1884360 165
1884370 165
1884380 165
1884390 165
1884400 165
1884410 165
1884420 165
1884430 165
1884440 165
1884450 165
1884460 165
1884470 165
1884480 166
1884490 166
1884500 166
1884510 166
1884520 166
1884530 166
1884540 166
1884550 166
1884560 166
1884570 166
1884580 166
1884590 166
1884600 166
1884610 166
1884620 167
1884630 167
1884640 167
1884650 167
1884660 167
1884670 167
1884680 167
1884690 167
1884700 167
1884710 167
1884720 167
1884730 167
1884740 167
1884750 167
1884760 167
1884770 167
1884780 167
1884790 167
1884800 167
1884810 167
1884820 167
1884830 167
1884840 167
1884850 167
1884860 167
1884870 167
1884880 167
1884890 167
1884900 167
1884910 167
1884920 167
1884930 167
1884940 167
1884950 167
1884960 167
1884970 167
1884980 167
1884990 167
1885000 166
1885010 166
1885020 166
1885030 166
1885040 166
1885050 166
1885060 166
1885070 166
1885080 166
1885090 166
1885100 166
1885110 166
1885120 165
1885130 165
1885140 165
1885150 165
1885160 165
1885170 165
1885180 164
1885190 164
1885200 164
1885210 164
1885220 164
1885230 163
1885240 163
1885250 163
1885260 163
1885270 163
1885280 163
1885290 162
1885300 162
1885310 162
1885320 162
1885330 162
1885340 162
1885350 162
1885360 162
1885370 162
1885380 162
1885390 162
1885400 162
1885410 162
1885420 162
1885430 162
1885440 162
1885450 163
1885460 163
1885470 163
1885480 163
1885490 163
1885500 163
1885510 163
1885520 163
1885530 163
1885540 163
1885550 163
1885560 163
1885570 163
1885580 163
1885590 163
1885600 163
1885610 163
1885620 163
1885630 163
1885640 163
1885650 163
1885660 163
1885670 163
1885680 163
1885690 163
1885700 163
1885710 163
1885720 163
1885730 163
1885740 163
1885750 164
1885760 164
1885770 164
1885780 164
1885790 163
1885800 163
1885810 163
1885820 163
1885830 163
1885840 163
1885850 163
1885860 163
1885870 163
1885880 163
1885890 163
1885900 163
1885910 163
1885920 163
1885930 163
1885940 163
1885950 164
1885960 164
1885970 164
1885980 164
1885990 164
1886000 165
1886010 165
1886020 165
1886030 165
1886040 165
1886050 165
1886060 165
1886070 165
1886080 165
1886090 166
1886100 166
1886110 166
1886120 166
1886130 166
1886140 166
1886150 166
1886160 166
1886170 166
1886180 166
1886190 166
1886200 166
1886210 166
1886220 166
1886230 166
1886240 166
1886250 166
1886260 166
1886270 166
1886280 166
1886290 166
1886300 166
1886310 166
1886320 166
1886330 166
1886340 166
1886350 166
1886360 166
1886370 166
1886380 166
1886390 166
1886400 166
1886410 166
1886420 166
1886430 166
1886440 166
1886450 166
1886460 166
1886470 166
1886480 166
1886490 166
1886500 166
1886510 166
1886520 166
1886530 166
1886540 166
1886550 166
1886560 166
1886570 166
1886580 166
1886590 166
1886600 166
1886610 166
1886620 166
1886630 166
1886640 166
1886650 166
1886660 166
1886670 166
1886680 166
1886690 166
1886700 166
1886710 166
1886720 166
1886730 166
1886740 166
1886750 166
1886760 166
1886770 166
1886780 166
1886790 166
1886800 166
1886810 165
1886820 165
1886830 165
1886840 165
1886850 165
1886860 165
1886870 165
1886880 165
1886890 165
1886900 165
1886910 165
1886920 165
1886930 165
1886940 165
1886950 165
1886960 165
1886970 165
1886980 165
1886990 165
1887000 165
1887010 165
1887020 165
1887030 165
1887040 165
1887050 165
1887060 165
1887070 165
1887080 165
1887090 165
1887100 165
1887110 164
1887120 164
1887130 164
1887140 164
1887150 164
1887160 164
1887170 164
1887180 164
1887190 164
1887200 164
1887210 164
1887220 164
1887230 164
1887240 164
1887250 164
1887260 164
1887270 164
1887280 164
1887290 164
1887300 164
1887310 164
1887320 164
1887330 164
1887340 164
1887350 164
1887360 164
1887370 164
1887380 164
1887390 164
1887400 164
1887410 164
1887420 163
1887430 163
1887440 163
1887450 163
1887460 163
1887470 163
1887480 163
1887490 163
1887500 162
1887510 162
1887520 161
1887530 161
1887540 160
1887550 159
1887560 159
1887570 158
1887580 158
1887590 158
1887600 157
1887610 157
1887620 157
1887630 157
1887640 157
1887650 157
1887660 156
1887670 156
1887680 156
1887690 156
1887700 156
1887710 156
1887720 155
1887730 154
1887740 154
1887750 154
1887760 154
1887770 154
1887780 153
1887790 153
1887800 153
1887810 153
1887820 153
1887830 153
1887840 153
1887850 152
1887860 152
1887870 152
1887880 152
1887890 152
1887900 152
1887910 153
1887920 153
1887930 153
1887940 153
1887950 153
1887960 153
1887970 154
1887980 154
1887990 154
1888000 156
1888010 156
1888020 158
1888030 160
1888040 160
1888050 160
1888060 161
1888070 161
1888080 161
1888090 161
1888100 161
1888110 161
1888120 161
1888130 161
1888140 161
1888150 161
1888160 161
1888170 161
1888180 161
1888190 161
1888200 161
1888210 161
1888220 161
1888230 161
1888240 160
1888250 160
1888260 160
1888270 161
1888280 161
1888290 161
1888300 161
1888310 161
1888320 161
1888330 162
1888340 162
1888350 162
1888360 162
1888370 162
1888380 162
1888390 162
1888400 162
1888410 162
1888420 162
1888430 162
1888440 162
1888450 162
1888460 162
1888470 162
1888480 162
1888490 162
1888500 162
1888510 162
1888520 162
1888530 162
1888540 162
1888550 162
1888560 162
1888570 162
1888580 162
1888590 162
1888600 162
1888610 162
1888620 162
1888630 162
1888640 162
1888650 162
1888660 162
1888670 162
1888680 162
1888690 162
1888700 162
1888710 162
1888720 162
1888730 162
1888740 162
1888750 161
1888760 161
1888770 161
1888780 161
1888790 161
1888800 161
1888810 161
1888820 161
1888830 161
1888840 161
1888850 161
1888860 161
1888870 160
1888880 160
1888890 160
1888900 160
1888910 160
1888920 160
1888930 161
1888940 161
1888950 161
1888960 162
1888970 162
1888980 162
1888990 163
1889000 163
1889010 163
1889020 163
1889030 163
1889040 163
1889050 163
1889060 163
1889070 163
1889080 163
1889090 163
1889100 163
1889110 163
1889120 163
1889130 163
1889140 163
1889150 163
1889160 163
1889170 163
1889180 163
1889190 163
1889200 163
1889210 163
1889220 163
1889230 163
1889240 163
1889250 163
1889260 163
1889270 163
1889280 163
1889290 163
1889300 163
1889310 163
1889320 162
1889330 162
1889340 162
1889350 162
1889360 162
1889370 162
1889380 162
1889390 162
1889400 161
1889410 161
1889420 161
1889430 161
1889440 161
1889450 161
1889460 161
1889470 161
1889480 161
1889490 161
1889500 161
1889510 161
1889520 161
1889530 161
1889540 161
1889550 161
1889560 161
1889570 161
1889580 160
1889590 160
1889600 160
1889610 160
1889620 160
1889630 160
1889640 160
1889650 160
1889660 160
1889670 160
1889680 160
1889690 160
1889700 160
1889710 160
1889720 160
1889730 160
1889740 160
1889750 160
1889760 159
1889770 159
1889780 159
1889790 159
1889800 159
1889810 159
1889820 159
1889830 159
1889840 158
1889850 158
1889860 158
1889870 158
1889880 158
1889890 158
1889900 158
1889910 158
1889920 158
1889930 157
1889940 157
1889950 157
1889960 157
1889970 157
1889980 157
1889990 157
1890000 157
1890010 157
1890020 157
1890030 156
1890040 156
1890050 156
1890060 156
1890070 156
1890080 157
1890090 157
1890100 157
1890110 158
1890120 159
1890130 159
1890140 160
1890150 160
1890160 160
1890170 161
1890180 161
1890190 161
1890200 161
1890210 161
1890220 161
1890230 161
1890240 160
1890250 160
1890260 160
1890270 160
1890280 160
1890290 160
1890300 160
1890310 160
1890320 160
1890330 160
1890340 160
1890350 160
1890360 160
1890370 160
1890380 160
1890390 160
1890400 160
1890410 160
1890420 160
1890430 160
1890440 160
1890450 161
1890460 161
1890470 161
1890480 161
1890490 161
1890500 161
1890510 161
1890520 161
1890530 161
1890540 161
1890550 161
1890560 161
1890570 161
1890580 161
1890590 161
1890600 161
1890610 161
1890620 161
1890630 161
1890640 162
1890650 162
1890660 162
1890670 162
1890680 162
1890690 162
1890700 162
1890710 162
1890720 162
1890730 162
1890740 162
1890750 162
1890760 162
1890770 162
1890780 162
1890790 162
1890800 162
1890810 162
1890820 162
1890830 162
1890840 162
1890850 162
1890860 162
1890870 162
1890880 162
1890890 162
1890900 162
1890910 162
1890920 162
1890930 162
1890940 162
1890950 162
1890960 162
1890970 162
1890980 162
1890990 162
1891000 162
1891010 162
1891020 162
1891030 162
1891040 162
1891050 162
1891060 162
1891070 162
1891080 162
1891090 162
1891100 162
1891110 162
1891120 162
1891130 162
1891140 162
1891150 162
1891160 162
1891170 163
1891180 163
1891190 163
1891200 163
1891210 163
1891220 163
1891230 163
1891240 163
1891250 163
1891260 163
1891270 162
1891280 162
1891290 162
1891300 162
1891310 162
1891320 162
1891330 162
1891340 162
1891350 162
1891360 162
1891370 162
1891380 162
1891390 162
1891400 162
1891410 162
1891420 162
1891430 162
1891440 162
1891450 162
1891460 162
1891470 162
1891480 162
1891490 162
1891500 162
1891510 162
1891520 162
1891530 162
1891540 162
1891550 162
1891560 162
1891570 162
1891580 162
1891590 162
1891600 162
1891610 162
1891620 162
1891630 162
1891640 162
1891650 162
1891660 162
1891670 162
1891680 162
1891690 162
1891700 162
1891710 162
1891720 162
1891730 162
1891740 162
1891750 162
1891760 162
1891770 162
1891780 162
1891790 162
1891800 162
1891810 162
1891820 162
1891830 162
1891840 161
1891850 161
1891860 161
1891870 161
1891880 161
1891890 161
1891900 161
1891910 161
1891920 161
1891930 161
1891940 161
1891950 161
1891960 161
1891970 161
1891980 161
1891990 161
1892000 161
1892010 161
1892020 161
1892030 161
1892040 161
1892050 161
1892060 161
1892070 161
1892080 161
1892090 161
1892100 161
1892110 160
1892120 160
1892130 160
1892140 160
1892150 160
1892160 160
1892170 160
1892180 160
1892190 160
1892200 160
1892210 160
1892220 160
1892230 160
1892240 160
1892250 160
1892260 160
1892270 160
1892280 160
1892290 160
1892300 159
1892310 159
1892320 159
1892330 159
1892340 159
1892350 159
1892360 159
1892370 159
1892380 159
1892390 159
1892400 159
1892410 159
1892420 159
1892430 159
1892440 159
1892450 159
1892460 159
1892470 159
1892480 158
1892490 158
1892500 158
1892510 158
1892520 158
1892530 158
1892540 158
1892550 158
1892560 158
1892570 158
1892580 158
1892590 158
1892600 159
1892610 159
1892620 159
1892630 159
1892640 159
1892650 159
1892660 159
1892670 159
1892680 159
1892690 159
1892700 159
1892710 159
1892720 159
1892730 159
1892740 159
1892750 159
1892760 159
1892770 159
1892780 159
1892790 159
1892800 159
1892810 159
1892820 158
1892830 158
1892840 158
1892850 158
1892860 158
1892870 158
1892880 158
1892890 158
1892900 158
1892910 158
1892920 158
1892930 158
1892940 158
1892950 158
1892960 158
1892970 158
1892980 158
1892990 158
1893000 158
1893010 158
1893020 157
1893030 157
1893040 157
1893050 157
1893060 157
1893070 157
1893080 157
1893090 157
1893100 157
1893110 157
1893120 157
1893130 157
1893140 157
1893150 156
1893160 156
1893170 156
1893180 156
1893190 156
1893200 156
1893210 156
1893220 156
1893230 156
1893240 157
1893250 157
1893260 157
1893270 157
1893280 157
1893290 157
1893300 157
1893310 158
1893320 158
1893330 157
1893340 157
1893350 157
1893360 158
1893370 157
1893380 157
1893390 157
1893400 157
1893410 157
1893420 157
1893430 157
1893440 157
1893450 157
1893460 157
1893470 157
1893480 157
1893490 157
1893500 157
1893510 157
1893520 157
1893530 157
1893540 157
1893550 157
1893560 157
1893570 157
1893580 157
1893590 157
1893600 157
1893610 157
1893620 157
1893630 157
1893640 157
1893650 157
1893660 157
1893670 157
1893680 157
1893690 157
1893700 157
1893710 157
1893720 157
1893730 157
1893740 157
1893750 157
1893760 157
1893770 157
1893780 157
1893790 157
1893800 157
1893810 157
1893820 157
1893830 157
1893840 157
1893850 157
1893860 157
1893870 157
1893880 157
1893890 157
1893900 157
1893910 157
1893920 157
1893930 157
1893940 157
1893950 157
1893960 157
1893970 157
1893980 157
1893990 157
1894000 157
1894010 157
1894020 157
1894030 157
1894040 157
1894050 157
1894060 157
1894070 157
1894080 157
1894090 157
1894100 157
1894110 157
1894120 157
1894130 157
1894140 157
1894150 157
1894160 157
1894170 157
1894180 157
1894190 157
1894200 157
1894210 157
1894220 157
1894230 157
1894240 157
1894250 157
1894260 157
1894270 157
1894280 157
1894290 157
1894300 157
1894310 157
1894320 157
1894330 157
1894340 157
1894350 157
1894360 157
1894370 157
1894380 157
1894390 157
1894400 157
1894410 157
1894420 157
1894430 157
1894440 157
1894450 157
1894460 157
1894470 157
1894480 157
1894490 158
1894500 158
1894510 158
1894520 158
1894530 158
1894540 158
1894550 158
1894560 158
1894570 158
1894580 158
1894590 158
1894600 158
1894610 158
1894620 158
1894630 158
1894640 158
1894650 158
1894660 159
1894670 159
1894680 159
1894690 159
1894700 159
1894710 159
1894720 159
1894730 159
1894740 159
1894750 159
1894760 159
1894770 159
1894780 159
1894790 159
1894800 159
1894810 159
1894820 159
1894830 159
1894840 159
1894850 159
1894860 159
1894870 159
1894880 159
1894890 159
1894900 159
1894910 159
1894920 159
1894930 159
1894940 159
1894950 159
1894960 159
1894970 159
1894980 159
1894990 159
1895000 159
1895010 159
1895020 159
1895030 159
1895040 159
1895050 159
1895060 159
1895070 158
1895080 158
1895090 158
1895100 158
1895110 158
1895120 158
1895130 158
1895140 158
1895150 158
1895160 158
1895170 158
1895180 158
1895190 158
1895200 158
1895210 158
1895220 158
1895230 158
1895240 158
1895250 158
1895260 158
1895270 158
1895280 158
1895290 158
1895300 158
1895310 159
1895320 159
1895330 159
1895340 159
1895350 159
1895360 159
1895370 158
1895380 158
1895390 158
1895400 158
1895410 158
1895420 158
1895430 158
1895440 158
1895450 158
1895460 158
1895470 158
1895480 158
1895490 159
1895500 159
1895510 159
1895520 159
1895530 159
1895540 159
1895550 159
1895560 159
1895570 159
1895580 159
1895590 159
1895600 159
1895610 159
1895620 159
1895630 159
1895640 158
1895650 158
1895660 158
1895670 158
1895680 158
1895690 158
1895700 158
1895710 158
1895720 158
1895730 159
1895740 159
1895750 159
1895760 159
1895770 159
1895780 159
1895790 159
1895800 159
1895810 159
1895820 159
1895830 159
1895840 159
1895850 159
1895860 159
1895870 159
1895880 159
1895890 159
1895900 159
1895910 159
1895920 159
1895930 159
1895940 159
1895950 159
1895960 159
1895970 159
1895980 159
1895990 159
1896000 159
1896010 159
1896020 159
1896030 159
1896040 159
1896050 159
1896060 159
1896070 159
1896080 159
1896090 159
1896100 159
1896110 159
1896120 159
1896130 159
1896140 159
1896150 159
1896160 159
1896170 159
1896180 159
1896190 159
1896200 159
1896210 159
1896220 159
1896230 159
1896240 159
1896250 159
1896260 159
1896270 159
1896280 159
1896290 159
1896300 159
1896310 159
1896320 159
1896330 159
1896340 159
1896350 159
1896360 159
1896370 159
1896380 159
1896390 159
1896400 159
1896410 159
1896420 159
1896430 159
1896440 159
1896450 159
1896460 159
1896470 159
1896480 158
1896490 158
1896500 158
1896510 158
1896520 158
1896530 158
1896540 158
1896550 158
1896560 158
1896570 158
1896580 158
1896590 158
1896600 158
1896610 158
1896620 158
1896630 158
1896640 158
1896650 158
1896660 158
1896670 158
1896680 158
1896690 158
1896700 158
1896710 158
1896720 158
1896730 158
1896740 158
1896750 158
1896760 158
1896770 158
1896780 158
1896790 158
1896800 158
1896810 158
1896820 158
1896830 158
1896840 158
1896850 158
1896860 158
1896870 158
1896880 158
1896890 158
1896900 158
1896910 157
1896920 157
1896930 157
1896940 157
1896950 158
1896960 158
1896970 158
1896980 157
1896990 157
1897000 157
1897010 157
1897020 157
1897030 157
1897040 157
1897050 157
1897060 157
1897070 157
1897080 157
1897090 157
1897100 157
1897110 157
1897120 157
1897130 157
1897140 157
1897150 157
1897160 157
1897170 157
1897180 157
1897190 157
1897200 157
1897210 157
1897220 157
1897230 157
1897240 157
1897250 157
1897260 157
1897270 157
1897280 157
1897290 157
1897300 157
1897310 157
1897320 157
1897330 157
1897340 157
1897350 157
1897360 157
1897370 157
1897380 157
1897390 157
1897400 157
1897410 157
1897420 157
1897430 157
1897440 157
1897450 157
1897460 157
1897470 157
1897480 157
1897490 157
1897500 157
1897510 157
1897520 157
1897530 157
1897540 157
1897550 157
1897560 157
1897570 157
1897580 157
1897590 157
1897600 157
1897610 157
1897620 157
1897630 157
1897640 157
1897650 157
1897660 157
1897670 157
1897680 157
1897690 157
1897700 157
1897710 157
1897720 157
1897730 157
1897740 157
1897750 157
1897760 157
1897770 157
1897780 157
1897790 157
1897800 157
1897810 157
1897820 157
1897830 157
1897840 157
1897850 157
1897860 157
1897870 157
1897880 157
1897890 157
1897900 157
1897910 157
1897920 157
1897930 157
1897940 157
1897950 156
1897960 156
1897970 156
1897980 156
1897990 156
1898000 156
1898010 156
1898020 156
1898030 156
1898040 156
1898050 156
1898060 156
1898070 156
1898080 156
1898090 156
1898100 156
1898110 156
1898120 156
1898130 156
1898140 156
1898150 156
1898160 156
1898170 156
1898180 156
1898190 156
1898200 156
1898210 156
1898220 156
1898230 156
1898240 156
1898250 156
1898260 156
1898270 156
1898280 156
1898290 156
1898300 156
1898310 156
1898320 156
1898330 156
1898340 156
1898350 156
1898360 156
1898370 156
1898380 156
1898390 156
1898400 156
1898410 156
1898420 156
1898430 156
1898440 156
1898450 156
1898460 156
1898470 156
1898480 156
1898490 156
1898500 156
1898510 156
1898520 156
1898530 156
1898540 157
1898550 157
1898560 157
1898570 157
1898580 157
1898590 157
1898600 158
1898610 158
1898620 158
1898630 158
1898640 158
1898650 158
1898660 158
1898670 158
1898680 158
1898690 158
1898700 158
1898710 158
1898720 158
1898730 158
1898740 158
1898750 158
1898760 158
1898770 158
1898780 158
1898790 158
1898800 158
1898810 158
1898820 158
1898830 158
1898840 158
1898850 158
1898860 158
1898870 158
1898880 158
1898890 158
1898900 158
1898910 158
1898920 158
1898930 158
1898940 158
1898950 158
1898960 158
1898970 158
1898980 158
1898990 158
1899000 158
1899010 158
1899020 158
1899030 158
1899040 158
1899050 158
1899060 158
1899070 158
1899080 158
1899090 158
1899100 158
1899110 158
1899120 158
1899130 158
1899140 158
1899150 158
1899160 158
1899170 158
1899180 158
1899190 158
1899200 158
1899210 158
1899220 158
1899230 158
1899240 158
1899250 158
1899260 158
1899270 158
1899280 158
1899290 158
1899300 158
1899310 158
1899320 158
1899330 158
1899340 158
1899350 158
1899360 158
1899370 157
1899380 157
1899390 157
1899400 157
1899410 157
1899420 157
1899430 157
1899440 157
1899450 157
1899460 157
1899470 157
1899480 156
1899490 156
1899500 156
1899510 156
1899520 155
1899530 155
1899540 155
1899550 154
1899560 154
1899570 155
1899580 155
1899590 155
1899600 154
1899610 153
1899620 153
1899630 153
1899640 151
1899650 150
1899660 150
1899670 149
1899680 149
1899690 149
1899700 148
1899710 147
1899720 147
1899730 146
1899740 146
1899750 146
1899760 145
1899770 144
1899780 144
1899790 143
1899800 142
1899810 142
1899820 142
1899830 141
1899840 142
1899850 142
1899860 141
1899870 141
1899880 141
1899890 140
1899900 140
1899910 140
1899920 140
1899930 140
1899940 139
1899950 139
1899960 139
1899970 138
1899980 138
1899990 138
