1880000 171
1880010 170
1880020 171
1880030 171
1880040 171
1880050 171
1880060 171
1880070 171
1880080 171
1880090 171
1880100 171
1880110 171
1880120 171
1880130 171
1880140 171
1880150 171
1880160 171
1880170 171
1880180 171
1880190 171
1880200 171
1880210 171
1880220 171
1880230 171
1880240 171
1880250 171
1880260 171
1880270 171
1880280 171
1880290 171
1880300 171
1880310 171
1880320 171
1880330 171
1880340 171
1880350 171
1880360 171
1880370 171
1880380 171
1880390 171
1880400 171
1880410 171
1880420 171
1880430 171
1880440 171
1880450 171
1880460 171
1880470 171
1880480 171
1880490 171
1880500 171
1880510 171
1880520 171
1880530 171
1880540 171
1880550 171
1880560 171
1880570 171
1880580 171
1880590 171
1880600 171
1880610 171
1880620 171
1880630 171
1880640 171
1880650 171
1880660 171
1880670 171
1880680 171
1880690 171
1880700 171
1880710 171
1880720 171
1880730 171
1880740 171
1880750 171
1880760 171
1880770 171
1880780 171
1880790 171
1880800 171
1880810 171
1880820 171
1880830 171
1880840 171
1880850 171
1880860 171
1880870 171
1880880 171
1880890 171
1880900 171
1880910 171
1880920 171
1880930 171
1880940 171
1880950 171
1880960 171
1880970 171
1880980 172
1880990 172
1881000 172
1881010 172
1881020 172
1881030 172
1881040 172
1881050 172
1881060 172
1881070 172
1881080 172
1881090 172
1881100 172
1881110 172
1881120 172
1881130 171
1881140 171
1881150 171
1881160 171
1881170 172
1881180 172
1881190 172
1881200 171
1881210 171
1881220 171
1881230 171
1881240 171
1881250 171
1881260 171
1881270 171
1881280 171
1881290 171
1881300 171
1881310 171
1881320 171
1881330 171
1881340 171
1881350 170
1881360 170
1881370 170
1881380 170
1881390 170
1881400 170
1881410 170
1881420 170
1881430 170
1881440 170
1881450 170
1881460 170
1881470 170
1881480 170
1881490 170
1881500 171
1881510 171
1881520 171
1881530 171
1881540 171
1881550 172
1881560 172
1881570 172
1881580 173
1881590 173
1881600 173
1881610 174
1881620 174
1881630 174
1881640 174
1881650 174
1881660 174
1881670 174
1881680 174
1881690 174
1881700 174
1881710 174
1881720 174
1881730 174
1881740 174
1881750 174
1881760 174
1881770 174
1881780 174
1881790 174
1881800 174
1881810 174
1881820 174
1881830 174
1881840 174
1881850 174
1881860 174
1881870 174
1881880 174
1881890 174
1881900 174
1881910 174
1881920 174
1881930 174
1881940 174
1881950 174
1881960 174
1881970 174
1881980 173
1881990 173
1882000 173
1882010 173
1882020 173
1882030 173
1882040 173
1882050 173
1882060 173
1882070 173
1882080 173
1882090 173
1882100 173
1882110 173
1882120 173
1882130 172
1882140 172
1882150 172
1882160 172
1882170 172
1882180 172
1882190 172
1882200 171
1882210 171
1882220 171
1882230 171
1882240 171
1882250 171
1882260 171
1882270 171
1882280 171
1882290 170
1882300 170
1882310 170
1882320 170
1882330 170
1882340 170
1882350 170
1882360 170
1882370 170
1882380 170
1882390 170
1882400 170
1882410 170
1882420 170
1882430 170
1882440 170
1882450 170
1882460 170
1882470 170
1882480 170
1882490 169
1882500 169
1882510 169
1882520 169
1882530 169
1882540 169
1882550 169
1882560 169
1882570 169
1882580 169
1882590 169
1882600 169
1882610 169
1882620 169
1882630 169
1882640 169
1882650 168
1882660 168
1882670 168
1882680 168
1882690 168
1882700 168
1882710 168
1882720 168
1882730 168
1882740 168
1882750 168
1882760 168
1882770 168
1882780 167
1882790 167
1882800 167
1882810 167
1882820 167
1882830 167
1882840 167
1882850 167
1882860 167
1882870 167
1882880 167
1882890 167
1882900 166
1882910 166
1882920 166
1882930 166
1882940 166
1882950 166
1882960 166
1882970 166
1882980 166
1882990 166
1883000 166
1883010 166
1883020 166
1883030 166
1883040 166
1883050 166
1883060 166
1883070 166
1883080 166
1883090 166
1883100 167
1883110 167
1883120 167
1883130 167
1883140 167
1883150 167
1883160 167
1883170 167
1883180 167
1883190 167
1883200 167
1883210 167
1883220 167
1883230 167
1883240 167
1883250 167
1883260 167
1883270 167
1883280 167
1883290 167
1883300 167
1883310 167
1883320 167
1883330 167
1883340 168
1883350 168
1883360 168
1883370 168
1883380 168
1883390 168
1883400 168
1883410 168
1883420 168
1883430 168
1883440 168
1883450 168
1883460 168
1883470 168
1883480 168
1883490 168
1883500 168
1883510 168
1883520 168
1883530 168
1883540 168
1883550 168
1883560 168
1883570 168
1883580 168
1883590 168
1883600 168
1883610 168
1883620 168
1883630 168
1883640 168
1883650 168
1883660 168
1883670 168
1883680 168
1883690 168
1883700 168
1883710 168
1883720 168
1883730 168
1883740 168
1883750 168
1883760 168
1883770 168
1883780 168
1883790 168
1883800 168
1883810 168
1883820 168
1883830 168
1883840 168
1883850 168
1883860 169
1883870 169
1883880 169
1883890 169
1883900 169
1883910 169
1883920 168
1883930 168
1883940 168
1883950 168
1883960 168
1883970 168
1883980 168
1883990 168
1884000 168
1884010 168
1884020 167
1884030 167
1884040 167
1884050 168
1884060 168
1884070 168
1884080 168
1884090 168
1884100 168
1884110 167
1884120 167
1884130 167
1884140 167
1884150 167
1884160 167
1884170 167
1884180 167
1884190 167
1884200 167
1884210 167
1884220 167
1884230 167
1884240 167
1884250 167
1884260 167
1884270 167
1884280 166
1884290 166
1884300 166
1884310 166
1884320 166
1884330 166
1884340 166
1884350 166
1884360 166
1884370 166
1884380 166
1884390 166
1884400 166
1884410 166
1884420 166
1884430 166
1884440 166
1884450 166
1884460 166
1884470 166
1884480 166
1884490 166
1884500 165
1884510 165
1884520 165
1884530 165
1884540 165
1884550 165
1884560 165
1884570 164
1884580 164
1884590 164
1884600 164
1884610 164
1884620 164
1884630 165
1884640 165
1884650 165
1884660 165
1884670 165
1884680 165
1884690 164
1884700 164
1884710 164
1884720 164
1884730 164
1884740 164
1884750 164
1884760 164
1884770 164
1884780 164
1884790 164
1884800 165
1884810 165
1884820 165
1884830 165
1884840 165
1884850 165
1884860 165
1884870 165
1884880 165
1884890 166
1884900 166
1884910 166
1884920 166
1884930 166
1884940 166
1884950 166
1884960 166
1884970 166
1884980 166
1884990 166
1885000 166
1885010 166
1885020 166
1885030 166
1885040 166
1885050 166
1885060 166
1885070 166
1885080 166
1885090 166
1885100 166
1885110 166
1885120 166
1885130 166
1885140 166
1885150 166
1885160 166
1885170 166
1885180 166
1885190 166
1885200 166
1885210 166
1885220 166
1885230 166
1885240 166
1885250 166
1885260 166
1885270 166
1885280 166
1885290 166
1885300 166
1885310 166
1885320 166
1885330 166
1885340 166
1885350 166
1885360 166
1885370 166
1885380 166
1885390 166
1885400 166
1885410 166
1885420 166
1885430 166
1885440 166
1885450 166
1885460 166
1885470 166
1885480 166
1885490 166
1885500 166
1885510 166
1885520 166
1885530 166
1885540 166
1885550 166
1885560 166
1885570 166
1885580 166
1885590 166
1885600 166
1885610 166
1885620 166
1885630 166
1885640 166
1885650 166
1885660 166
1885670 166
1885680 166
1885690 166
1885700 166
1885710 166
1885720 166
1885730 166
1885740 166
1885750 166
1885760 166
1885770 166
1885780 166
1885790 166
1885800 166
1885810 166
1885820 166
1885830 166
1885840 166
1885850 166
1885860 166
1885870 166
1885880 166
1885890 166
1885900 166
1885910 166
1885920 166
1885930 166
1885940 166
1885950 166
1885960 166
1885970 166
1885980 166
1885990 166
1886000 166
1886010 166
1886020 166
1886030 166
1886040 166
1886050 166
1886060 166
1886070 166
1886080 166
1886090 166
1886100 166
1886110 166
1886120 166
1886130 166
1886140 166
1886150 166
1886160 166
1886170 166
1886180 166
1886190 166
1886200 166
1886210 166
1886220 166
1886230 166
1886240 166
1886250 166
1886260 166
1886270 166
1886280 166
1886290 166
1886300 166
1886310 166
1886320 166
1886330 166
1886340 166
1886350 166
1886360 166
1886370 166
1886380 165
1886390 165
1886400 165
1886410 165
1886420 165
1886430 165
1886440 165
1886450 165
1886460 165
1886470 165
1886480 165
1886490 165
1886500 164
1886510 164
1886520 164
1886530 164
1886540 163
1886550 163
1886560 163
1886570 163
1886580 163
1886590 163
1886600 162
1886610 162
1886620 162
1886630 162
1886640 162
1886650 162
1886660 162
1886670 162
1886680 162
1886690 162
1886700 162
1886710 162
1886720 162
1886730 162
1886740 162
1886750 162
1886760 162
1886770 162
1886780 162
1886790 162
1886800 163
1886810 163
1886820 163
1886830 163
1886840 163
1886850 163
1886860 163
1886870 163
1886880 163
1886890 163
1886900 163
1886910 163
1886920 164
1886930 164
1886940 164
1886950 164
1886960 164
1886970 164
1886980 164
1886990 164
1887000 164
1887010 164
1887020 164
1887030 164
1887040 164
1887050 164
1887060 164
1887070 164
1887080 164
1887090 164
1887100 164
1887110 164
1887120 164
1887130 164
1887140 164
1887150 164
1887160 164
1887170 164
1887180 164
1887190 164
1887200 164
1887210 164
1887220 164
1887230 163
1887240 163
1887250 163
1887260 162
1887270 162
1887280 162
1887290 161
1887300 160
1887310 159
1887320 158
1887330 158
1887340 157
1887350 156
1887360 156
1887370 156
1887380 155
1887390 155
1887400 155
1887410 154
1887420 154
1887430 154
1887440 155
1887450 155
1887460 155
1887470 156
1887480 156
1887490 156
1887500 157
1887510 158
1887520 158
1887530 159
1887540 159
1887550 159
1887560 160
1887570 161
1887580 161
1887590 162
1887600 163
1887610 163
1887620 163
1887630 164
1887640 164
1887650 164
1887660 164
1887670 164
1887680 164
1887690 164
1887700 164
1887710 164
1887720 164
1887730 164
1887740 164
1887750 164
1887760 164
1887770 164
1887780 164
1887790 164
1887800 164
1887810 164
1887820 164
1887830 164
1887840 164
1887850 164
1887860 164
1887870 164
1887880 164
1887890 164
1887900 164
1887910 164
1887920 164
1887930 164
1887940 164
1887950 164
1887960 163
1887970 163
1887980 163
1887990 163
1888000 163
1888010 163
1888020 163
1888030 163
1888040 163
1888050 163
1888060 163
1888070 163
1888080 163
1888090 163
1888100 163
1888110 163
1888120 163
1888130 163
1888140 163
1888150 163
1888160 163
1888170 163
1888180 163
1888190 163
1888200 163
1888210 163
1888220 163
1888230 163
1888240 163
1888250 163
1888260 163
1888270 163
1888280 163
1888290 163
1888300 163
1888310 163
1888320 163
1888330 163
1888340 163
1888350 163
1888360 163
1888370 163
1888380 163
1888390 163
1888400 163
1888410 163
1888420 163
1888430 163
1888440 163
1888450 163
1888460 163
1888470 163
1888480 163
1888490 163
1888500 163
1888510 163
1888520 163
1888530 163
1888540 162
1888550 162
1888560 162
1888570 162
1888580 162
1888590 162
1888600 162
1888610 162
1888620 162
1888630 162
1888640 162
1888650 162
1888660 162
1888670 162
1888680 162
1888690 162
1888700 162
1888710 162
1888720 162
1888730 162
1888740 162
1888750 162
1888760 162
1888770 162
1888780 162
1888790 162
1888800 162
1888810 162
1888820 162
1888830 162
1888840 162
1888850 162
1888860 163
1888870 163
1888880 163
1888890 163
1888900 163
1888910 163
1888920 163
1888930 163
1888940 163
1888950 163
1888960 163
1888970 163
1888980 163
1888990 163
1889000 163
1889010 163
1889020 163
1889030 163
1889040 163
1889050 163
1889060 163
1889070 163
1889080 163
1889090 163
1889100 163
1889110 163
1889120 163
1889130 163
1889140 163
1889150 163
1889160 163
1889170 163
1889180 163
1889190 162
1889200 162
1889210 162
1889220 162
1889230 162
1889240 162
1889250 162
1889260 161
1889270 161
1889280 161
1889290 160
1889300 160
1889310 160
1889320 160
1889330 160
1889340 160
1889350 160
1889360 160
1889370 160
1889380 160
1889390 160
1889400 160
1889410 160
1889420 160
1889430 160
1889440 160
1889450 160
1889460 160
1889470 160
1889480 160
1889490 160
1889500 159
1889510 159
1889520 159
1889530 159
1889540 159
1889550 159
1889560 160
1889570 160
1889580 160
1889590 161
1889600 161
1889610 161
1889620 161
1889630 161
1889640 161
1889650 161
1889660 161
1889670 161
1889680 161
1889690 161
1889700 161
1889710 161
1889720 161
1889730 161
1889740 161
1889750 161
1889760 161
1889770 161
1889780 161
1889790 161
1889800 161
1889810 161
1889820 161
1889830 161
1889840 160
1889850 160
1889860 160
1889870 160
1889880 160
1889890 160
1889900 160
1889910 160
1889920 159
1889930 159
1889940 159
1889950 159
1889960 159
1889970 159
1889980 160
1889990 160
1890000 160
1890010 160
1890020 160
1890030 160
1890040 161
1890050 161
1890060 161
1890070 161
1890080 161
1890090 161
1890100 161
1890110 161
1890120 161
1890130 161
1890140 162
1890150 162
1890160 162
1890170 162
1890180 162
1890190 162
1890200 162
1890210 162
1890220 162
1890230 162
1890240 162
1890250 162
1890260 162
1890270 162
1890280 162
1890290 163
1890300 163
1890310 163
1890320 162
1890330 162
1890340 162
1890350 162
1890360 162
1890370 162
1890380 162
1890390 162
1890400 162
1890410 162
1890420 162
1890430 162
1890440 162
1890450 162
1890460 162
1890470 163
1890480 163
1890490 163
1890500 163
1890510 163
1890520 163
1890530 163
1890540 163
1890550 163
1890560 163
1890570 163
1890580 163
1890590 163
1890600 163
1890610 163
1890620 163
1890630 163
1890640 163
1890650 163
1890660 163
1890670 163
1890680 163
1890690 163
1890700 163
1890710 163
1890720 163
1890730 163
1890740 163
1890750 163
1890760 163
1890770 163
1890780 161
1890790 161
1890800 160
1890810 160
1890820 160
1890830 160
1890840 159
1890850 159
1890860 160
1890870 159
1890880 159
1890890 159
1890900 161
1890910 161
1890920 163
1890930 163
1890940 163
1890950 163
1890960 163
1890970 163
1890980 163
1890990 163
1891000 163
1891010 163
1891020 163
1891030 163
1891040 163
1891050 163
1891060 163
1891070 163
1891080 163
1891090 163
1891100 163
1891110 163
1891120 163
1891130 163
1891140 163
1891150 163
1891160 163
1891170 163
1891180 163
1891190 163
1891200 163
1891210 163
1891220 163
1891230 162
1891240 162
1891250 162
1891260 162
1891270 162
1891280 162
1891290 162
1891300 162
1891310 162
1891320 162
1891330 162
1891340 162
1891350 162
1891360 162
1891370 162
1891380 162
1891390 161
1891400 161
1891410 161
1891420 161
1891430 161
1891440 161
1891450 161
1891460 161
1891470 161
1891480 161
1891490 161
1891500 161
1891510 161
1891520 161
1891530 162
1891540 162
1891550 162
1891560 162
1891570 162
1891580 162
1891590 162
1891600 162
1891610 162
1891620 161
1891630 161
1891640 161
1891650 161
1891660 161
1891670 161
1891680 161
1891690 161
1891700 161
1891710 161
1891720 161
1891730 161
1891740 161
1891750 161
1891760 161
1891770 161
1891780 161
1891790 161
1891800 161
1891810 161
1891820 161
1891830 161
1891840 160
1891850 160
1891860 160
1891870 160
1891880 160
1891890 159
1891900 159
1891910 159
1891920 159
1891930 159
1891940 159
1891950 159
1891960 159
1891970 159
1891980 159
1891990 159
1892000 159
1892010 159
1892020 159
1892030 159
1892040 159
1892050 159
1892060 159
1892070 159
1892080 159
1892090 159
1892100 159
1892110 159
1892120 159
1892130 159
1892140 159
1892150 159
1892160 159
1892170 159
1892180 158
1892190 158
1892200 158
1892210 158
1892220 158
1892230 158
1892240 158
1892250 158
1892260 158
1892270 157
1892280 157
1892290 157
1892300 157
1892310 157
1892320 156
1892330 155
1892340 155
1892350 154
1892360 153
1892370 153
1892380 152
1892390 152
1892400 152
1892410 152
1892420 152
1892430 152
1892440 153
1892450 154
1892460 154
1892470 155
1892480 156
1892490 156
1892500 157
1892510 158
1892520 158
1892530 158
1892540 158
1892550 158
1892560 158
1892570 158
1892580 158
1892590 159
1892600 159
1892610 159
1892620 159
1892630 160
1892640 160
1892650 160
1892660 160
1892670 160
1892680 160
1892690 160
1892700 160
1892710 160
1892720 160
1892730 160
1892740 160
1892750 160
1892760 160
1892770 160
1892780 160
1892790 160
1892800 160
1892810 160
1892820 160
1892830 160
1892840 160
1892850 160
1892860 160
1892870 160
1892880 160
1892890 160
1892900 159
1892910 159
1892920 159
1892930 159
1892940 159
1892950 159
1892960 159
1892970 159
1892980 159
1892990 158
1893000 159
1893010 159
1893020 159
1893030 158
1893040 158
1893050 158
1893060 158
1893070 158
1893080 158
1893090 158
1893100 158
1893110 158
1893120 158
1893130 158
1893140 158
1893150 158
1893160 158
1893170 158
1893180 158
1893190 158
1893200 158
1893210 158
1893220 158
1893230 157
1893240 157
1893250 157
1893260 157
1893270 157
1893280 157
1893290 157
1893300 157
1893310 157
1893320 156
1893330 156
1893340 156
1893350 156
1893360 156
1893370 156
1893380 155
1893390 155
1893400 155
1893410 155
1893420 154
1893430 154
1893440 154
1893450 154
1893460 154
1893470 154
1893480 154
1893490 154
1893500 154
1893510 154
1893520 154
1893530 154
1893540 155
1893550 155
1893560 155
1893570 155
1893580 155
1893590 155
1893600 154
1893610 154
1893620 154
1893630 154
1893640 154
1893650 155
1893660 155
1893670 155
1893680 155
1893690 155
1893700 155
1893710 155
1893720 155
1893730 155
1893740 155
1893750 155
1893760 155
1893770 155
1893780 155
1893790 155
1893800 155
1893810 155
1893820 155
1893830 155
1893840 155
1893850 155
1893860 155
1893870 155
1893880 155
1893890 155
1893900 155
1893910 155
1893920 155
1893930 155
1893940 155
1893950 155
1893960 155
1893970 155
1893980 155
1893990 155
1894000 155
1894010 155
1894020 155
1894030 155
1894040 155
1894050 155
1894060 155
1894070 155
1894080 155
1894090 156
1894100 156
1894110 156
1894120 156
1894130 156
1894140 156
1894150 156
1894160 156
1894170 156
1894180 156
1894190 156
1894200 157
1894210 157
1894220 157
1894230 157
1894240 157
1894250 157
1894260 157
1894270 157
1894280 157
1894290 157
1894300 157
1894310 157
1894320 157
1894330 157
1894340 157
1894350 157
1894360 157
1894370 157
1894380 157
1894390 157
1894400 157
1894410 157
1894420 157
1894430 157
1894440 157
1894450 157
1894460 157
1894470 157
1894480 157
1894490 157
1894500 157
1894510 157
1894520 157
1894530 157
1894540 157
1894550 157
1894560 157
1894570 157
1894580 157
1894590 157
1894600 157
1894610 157
1894620 157
1894630 156
1894640 156
1894650 156
1894660 156
1894670 156
1894680 156
1894690 156
1894700 156
1894710 156
1894720 156
1894730 156
1894740 156
1894750 156
1894760 156
1894770 156
1894780 156
1894790 156
1894800 156
1894810 156
1894820 156
1894830 156
1894840 156
1894850 156
1894860 156
1894870 156
1894880 156
1894890 156
1894900 157
1894910 157
1894920 157
1894930 156
1894940 156
1894950 156
1894960 156
1894970 156
1894980 156
1894990 156
1895000 157
1895010 157
1895020 157
1895030 157
1895040 157
1895050 157
1895060 157
1895070 157
1895080 157
1895090 157
1895100 157
1895110 157
1895120 157
1895130 157
1895140 157
1895150 157
1895160 157
1895170 157
1895180 157
1895190 157
1895200 157
1895210 158
1895220 158
1895230 158
1895240 158
1895250 158
1895260 158
1895270 158
1895280 158
1895290 158
1895300 159
1895310 159
1895320 159
1895330 159
1895340 159
1895350 159
1895360 159
1895370 159
1895380 159
1895390 159
1895400 159
1895410 159
1895420 159
1895430 159
1895440 159
1895450 159
1895460 159
1895470 159
1895480 159
1895490 159
1895500 159
1895510 159
1895520 159
1895530 159
1895540 159
1895550 159
1895560 159
1895570 159
1895580 159
1895590 159
1895600 159
1895610 159
1895620 159
1895630 159
1895640 159
1895650 159
1895660 159
1895670 159
1895680 159
1895690 159
1895700 159
1895710 159
1895720 159
1895730 159
1895740 159
1895750 159
1895760 159
1895770 159
1895780 159
1895790 159
1895800 159
1895810 159
1895820 159
1895830 159
1895840 159
1895850 159
1895860 159
1895870 159
1895880 159
1895890 159
1895900 159
1895910 159
1895920 159
1895930 159
1895940 159
1895950 159
1895960 159
1895970 159
1895980 159
1895990 159
1896000 159
1896010 159
1896020 159
1896030 159
1896040 159
1896050 159
1896060 159
1896070 159
1896080 159
1896090 159
1896100 159
1896110 159
1896120 159
1896130 159
1896140 159
1896150 159
1896160 159
1896170 159
1896180 159
1896190 159
1896200 159
1896210 159
1896220 159
1896230 159
1896240 159
1896250 159
1896260 159
1896270 159
1896280 159
1896290 159
1896300 159
1896310 159
1896320 159
1896330 159
1896340 159
1896350 159
1896360 159
1896370 159
1896380 159
1896390 159
1896400 159
1896410 159
1896420 158
1896430 158
1896440 158
1896450 158
1896460 158
1896470 158
1896480 158
1896490 158
1896500 158
1896510 158
1896520 158
1896530 158
1896540 158
1896550 158
1896560 158
1896570 158
1896580 158
1896590 158
1896600 158
1896610 158
1896620 158
1896630 158
1896640 158
1896650 158
1896660 158
1896670 158
1896680 158
1896690 158
1896700 158
1896710 158
1896720 158
1896730 158
1896740 158
1896750 158
1896760 158
1896770 158
1896780 158
1896790 158
1896800 158
1896810 158
1896820 158
1896830 158
1896840 158
1896850 158
1896860 158
1896870 158
1896880 158
1896890 158
1896900 158
1896910 158
1896920 158
1896930 158
1896940 158
1896950 158
1896960 158
1896970 158
1896980 158
1896990 158
1897000 158
1897010 158
1897020 158
1897030 158
1897040 158
1897050 158
1897060 158
1897070 158
1897080 158
1897090 158
1897100 158
1897110 158
1897120 157
1897130 157
1897140 158
1897150 158
1897160 158
1897170 158
1897180 157
1897190 157
1897200 157
1897210 157
1897220 157
1897230 157
1897240 157
1897250 157
1897260 157
1897270 157
1897280 157
1897290 157
1897300 157
1897310 157
1897320 157
1897330 157
1897340 157
1897350 157
1897360 157
1897370 157
1897380 157
1897390 157
1897400 157
1897410 157
1897420 157
1897430 157
1897440 157
1897450 157
1897460 157
1897470 157
1897480 157
1897490 157
1897500 157
1897510 157
1897520 157
1897530 157
1897540 157
1897550 157
1897560 156
1897570 156
1897580 156
1897590 156
1897600 156
1897610 156
1897620 156
1897630 156
1897640 156
1897650 156
1897660 156
1897670 156
1897680 156
1897690 156
1897700 156
1897710 156
1897720 156
1897730 156
1897740 156
1897750 156
1897760 156
1897770 156
1897780 156
1897790 156
1897800 156
1897810 156
1897820 156
1897830 156
1897840 156
1897850 156
1897860 156
1897870 156
1897880 156
1897890 156
1897900 156
1897910 156
1897920 156
1897930 156
1897940 156
1897950 156
1897960 156
1897970 156
1897980 156
1897990 156
1898000 156
1898010 156
1898020 156
1898030 156
1898040 156
1898050 156
1898060 156
1898070 156
1898080 156
1898090 156
1898100 156
1898110 156
1898120 156
1898130 156
1898140 156
1898150 156
1898160 156
1898170 156
1898180 156
1898190 156
1898200 156
1898210 156
1898220 156
1898230 156
1898240 156
1898250 156
1898260 156
1898270 155
1898280 155
1898290 155
1898300 156
1898310 156
1898320 156
1898330 156
1898340 156
1898350 156
1898360 156
1898370 156
1898380 156
1898390 156
1898400 156
1898410 156
1898420 156
1898430 156
1898440 156
1898450 156
1898460 156
1898470 156
1898480 157
1898490 157
1898500 157
1898510 157
1898520 157
1898530 157
1898540 158
1898550 158
1898560 158
1898570 158
1898580 158
1898590 158
1898600 159
1898610 159
1898620 159
1898630 159
1898640 159
1898650 159
1898660 159
1898670 159
1898680 159
1898690 159
1898700 159
1898710 159
1898720 159
1898730 159
1898740 159
1898750 159
1898760 159
1898770 159
1898780 159
1898790 159
1898800 159
1898810 159
1898820 159
1898830 159
1898840 159
1898850 159
1898860 159
1898870 159
1898880 159
1898890 159
1898900 159
1898910 159
1898920 159
1898930 159
1898940 159
1898950 159
1898960 159
1898970 159
1898980 159
1898990 159
1899000 159
1899010 159
1899020 159
1899030 159
1899040 159
1899050 158
1899060 158
1899070 158
1899080 158
1899090 159
1899100 159
1899110 158
1899120 158
1899130 158
1899140 158
1899150 158
1899160 158
1899170 158
1899180 158
1899190 158
1899200 158
1899210 158
1899220 158
1899230 158
1899240 158
1899250 158
1899260 157
1899270 157
1899280 157
1899290 157
1899300 158
1899310 158
1899320 157
1899330 157
1899340 157
1899350 157
1899360 157
1899370 157
1899380 156
1899390 156
1899400 156
1899410 156
1899420 156
1899430 156
1899440 156
1899450 156
1899460 156
1899470 156
1899480 156
1899490 156
1899500 156
1899510 155
1899520 155
1899530 155
1899540 155
1899550 155
1899560 155
1899570 155
1899580 155
1899590 153
1899600 149
1899610 149
1899620 149
1899630 148
1899640 148
1899650 148
1899660 148
1899670 146
1899680 146
1899690 146
1899700 147
1899710 147
1899720 147
1899730 147
1899740 147
1899750 147
1899760 146
1899770 146
1899780 145
1899790 145
1899800 145
1899810 145
1899820 144
1899830 144
1899840 144
1899850 144
1899860 144
1899870 143
1899880 143
1899890 143
1899900 142
1899910 142
1899920 142
1899930 142
1899940 142
1899950 142
1899960 141
1899970 141
1899980 141
1899990 140
