1880000 174
1880010 174
1880020 174
1880030 174
1880040 174
1880050 174
1880060 174
1880070 174
1880080 174
1880090 174
1880100 174
1880110 174
1880120 174
1880130 174
1880140 174
1880150 174
1880160 174
1880170 174
1880180 174
1880190 174
1880200 174
1880210 174
1880220 174
1880230 174
1880240 174
1880250 174
1880260 174
1880270 174
1880280 174
1880290 174
1880300 174
1880310 174
1880320 174
1880330 174
1880340 174
1880350 174
1880360 174
1880370 174
1880380 174
1880390 174
1880400 174
1880410 174
1880420 174
1880430 174
1880440 174
1880450 174
1880460 174
1880470 174
1880480 174
1880490 174
1880500 174
1880510 174
1880520 174
1880530 174
1880540 173
1880550 173
1880560 173
1880570 173
1880580 173
1880590 173
1880600 173
1880610 173
1880620 173
1880630 173
1880640 173
1880650 173
1880660 173
1880670 173
1880680 173
1880690 173
1880700 173
1880710 173
1880720 172
1880730 172
1880740 172
1880750 172
1880760 172
1880770 172
1880780 172
1880790 172
1880800 172
1880810 172
1880820 172
1880830 172
1880840 172
1880850 172
1880860 172
1880870 172
1880880 172
1880890 172
1880900 172
1880910 172
1880920 172
1880930 172
1880940 172
1880950 172
1880960 172
1880970 172
1880980 172
1880990 172
1881000 172
1881010 172
1881020 172
1881030 172
1881040 172
1881050 172
1881060 172
1881070 172
1881080 172
1881090 172
1881100 172
1881110 172
1881120 172
1881130 172
1881140 172
1881150 172
1881160 172
1881170 171
1881180 171
1881190 171
1881200 172
1881210 172
1881220 172
1881230 172
1881240 172
1881250 172
1881260 172
1881270 172
1881280 172
1881290 172
1881300 172
1881310 172
1881320 172
1881330 172
1881340 172
1881350 172
1881360 172
1881370 172
1881380 172
1881390 172
1881400 172
1881410 172
1881420 172
1881430 172
1881440 172
1881450 172
1881460 172
1881470 172
1881480 172
1881490 172
1881500 171
1881510 171
1881520 171
1881530 171
1881540 171
1881550 171
1881560 171
1881570 171
1881580 171
1881590 171
1881600 171
1881610 171
1881620 171
1881630 171
1881640 171
1881650 171
1881660 171
1881670 171
1881680 171
1881690 171
1881700 171
1881710 171
1881720 171
1881730 171
1881740 171
1881750 171
1881760 171
1881770 172
1881780 172
1881790 172
1881800 172
1881810 172
1881820 172
1881830 172
1881840 172
1881850 172
1881860 172
1881870 172
1881880 172
1881890 172
1881900 172
1881910 172
1881920 172
1881930 172
1881940 172
1881950 172
1881960 172
1881970 172
1881980 172
1881990 172
1882000 172
1882010 172
1882020 172
1882030 172
1882040 172
1882050 172
1882060 172
1882070 172
1882080 172
1882090 172
1882100 172
1882110 172
1882120 172
1882130 172
1882140 172
1882150 172
1882160 172
1882170 172
1882180 172
1882190 172
1882200 172
1882210 172
1882220 172
1882230 172
1882240 172
1882250 172
1882260 172
1882270 172
1882280 172
1882290 171
1882300 171
1882310 171
1882320 171
1882330 171
1882340 171
1882350 171
1882360 171
1882370 171
1882380 171
1882390 171
1882400 171
1882410 171
1882420 171
1882430 171
1882440 172
1882450 171
1882460 171
1882470 171
1882480 171
1882490 171
1882500 171
1882510 171
1882520 171
1882530 171
1882540 171
1882550 171
1882560 171
1882570 171
1882580 171
1882590 171
1882600 171
1882610 171
1882620 171
1882630 171
1882640 171
1882650 171
1882660 171
1882670 171
1882680 171
1882690 171
1882700 171
1882710 171
1882720 171
1882730 171
1882740 171
1882750 171
1882760 171
1882770 171
1882780 171
1882790 171
1882800 170
1882810 170
1882820 170
1882830 170
1882840 170
1882850 170
1882860 170
1882870 170
1882880 170
1882890 170
1882900 170
1882910 170
1882920 170
1882930 170
1882940 170
1882950 170
1882960 170
1882970 170
1882980 170
1882990 170
1883000 170
1883010 170
1883020 170
1883030 170
1883040 170
1883050 170
1883060 170
1883070 170
1883080 170
1883090 170
1883100 170
1883110 170
1883120 170
1883130 170
1883140 170
1883150 170
1883160 170
1883170 170
1883180 170
1883190 170
1883200 170
1883210 170
1883220 170
1883230 170
1883240 170
1883250 170
1883260 170
1883270 170
1883280 170
1883290 170
1883300 170
1883310 170
1883320 170
1883330 170
1883340 170
1883350 170
1883360 170
1883370 170
1883380 170
1883390 170
1883400 170
1883410 170
1883420 170
1883430 170
1883440 170
1883450 170
1883460 170
1883470 170
1883480 170
1883490 170
1883500 170
1883510 170
1883520 170
1883530 170
1883540 170
1883550 170
1883560 170
1883570 170
1883580 170
1883590 170
1883600 170
1883610 170
1883620 170
1883630 170
1883640 170
1883650 170
1883660 170
1883670 170
1883680 170
1883690 170
1883700 170
1883710 170
1883720 170
1883730 170
1883740 169
1883750 169
1883760 169
1883770 169
1883780 169
1883790 169
1883800 169
1883810 169
1883820 169
1883830 169
1883840 169
1883850 169
1883860 169
1883870 169
1883880 169
1883890 169
1883900 169
1883910 169
1883920 169
1883930 169
1883940 169
1883950 169
1883960 169
1883970 169
1883980 166
1883990 166
1884000 167
1884010 167
1884020 171
1884030 173
1884040 173
1884050 172
1884060 172
1884070 172
1884080 172
1884090 172
1884100 172
1884110 172
1884120 171
1884130 171
1884140 171
1884150 171
1884160 171
1884170 171
1884180 170
1884190 170
1884200 170
1884210 170
1884220 170
1884230 169
1884240 169
1884250 169
1884260 169
1884270 169
1884280 169
1884290 169
1884300 169
1884310 169
1884320 169
1884330 169
1884340 169
1884350 169
1884360 169
1884370 169
1884380 169
1884390 169
1884400 169
1884410 169
1884420 169
1884430 169
1884440 169
1884450 169
1884460 169
1884470 169
1884480 169
1884490 169
1884500 169
1884510 169
1884520 169
1884530 169
1884540 169
1884550 169
1884560 169
1884570 169
1884580 169
1884590 169
1884600 169
1884610 169
1884620 169
1884630 169
1884640 169
1884650 169
1884660 169
1884670 169
1884680 169
1884690 169
1884700 169
1884710 169
1884720 169
1884730 169
1884740 169
1884750 169
1884760 169
1884770 169
1884780 169
1884790 169
1884800 169
1884810 169
1884820 169
1884830 169
1884840 168
1884850 169
1884860 169
1884870 169
1884880 169
1884890 169
1884900 169
1884910 169
1884920 169
1884930 169
1884940 168
1884950 168
1884960 168
1884970 168
1884980 168
1884990 168
1885000 168
1885010 168
1885020 168
1885030 168
1885040 168
1885050 168
1885060 168
1885070 168
1885080 168
1885090 168
1885100 168
1885110 168
1885120 168
1885130 168
1885140 168
1885150 168
1885160 168
1885170 168
1885180 168
1885190 168
1885200 168
1885210 168
1885220 168
1885230 168
1885240 168
1885250 168
1885260 168
1885270 168
1885280 168
1885290 168
1885300 167
1885310 167
1885320 167
1885330 167
1885340 167
1885350 167
1885360 167
1885370 167
1885380 167
1885390 167
1885400 167
1885410 167
1885420 167
1885430 167
1885440 167
1885450 167
1885460 167
1885470 168
1885480 168
1885490 168
1885500 168
1885510 168
1885520 168
1885530 167
1885540 167
1885550 167
1885560 167
1885570 167
1885580 167
1885590 166
1885600 165
1885610 165
1885620 164
1885630 164
1885640 164
1885650 163
1885660 163
1885670 163
1885680 163
1885690 162
1885700 162
1885710 162
1885720 162
1885730 162
1885740 163
1885750 163
1885760 163
1885770 163
1885780 163
1885790 163
1885800 163
1885810 163
1885820 163
1885830 162
1885840 162
1885850 162
1885860 162
1885870 162
1885880 162
1885890 162
1885900 164
1885910 165
1885920 165
1885930 165
1885940 164
1885950 164
1885960 164
1885970 164
1885980 164
1885990 165
1886000 167
1886010 167
1886020 167
1886030 168
1886040 168
1886050 168
1886060 168
1886070 168
1886080 168
1886090 167
1886100 167
1886110 168
1886120 168
1886130 168
1886140 168
1886150 168
1886160 168
1886170 168
1886180 167
1886190 167
1886200 167
1886210 167
1886220 167
1886230 167
1886240 167
1886250 167
1886260 167
1886270 167
1886280 167
1886290 167
1886300 167
1886310 167
1886320 167
1886330 167
1886340 167
1886350 167
1886360 167
1886370 167
1886380 167
1886390 167
1886400 167
1886410 167
1886420 167
1886430 167
1886440 167
1886450 167
1886460 167
1886470 167
1886480 167
1886490 167
1886500 166
1886510 166
1886520 166
1886530 166
1886540 166
1886550 166
1886560 166
1886570 166
1886580 166
1886590 166
1886600 166
1886610 166
1886620 166
1886630 166
1886640 166
1886650 166
1886660 166
1886670 166
1886680 166
1886690 167
1886700 167
1886710 167
1886720 167
1886730 167
1886740 167
1886750 167
1886760 167
1886770 167
1886780 167
1886790 167
1886800 167
1886810 167
1886820 167
1886830 167
1886840 167
1886850 167
1886860 167
1886870 167
1886880 167
1886890 167
1886900 167
1886910 167
1886920 167
1886930 167
1886940 167
1886950 167
1886960 167
1886970 167
1886980 167
1886990 167
1887000 167
1887010 167
1887020 167
1887030 167
1887040 167
1887050 167
1887060 167
1887070 167
1887080 167
1887090 167
1887100 167
1887110 167
1887120 167
1887130 167
1887140 167
1887150 167
1887160 167
1887170 167
1887180 167
1887190 167
1887200 167
1887210 167
1887220 167
1887230 167
1887240 167
1887250 167
1887260 167
1887270 167
1887280 167
1887290 167
1887300 167
1887310 167
1887320 167
1887330 167
1887340 167
1887350 167
1887360 167
1887370 167
1887380 167
1887390 167
1887400 167
1887410 167
1887420 167
1887430 167
1887440 167
1887450 167
1887460 167
1887470 167
1887480 167
1887490 167
1887500 167
1887510 167
1887520 167
1887530 167
1887540 167
1887550 167
1887560 167
1887570 167
1887580 167
1887590 167
1887600 167
1887610 167
1887620 167
1887630 167
1887640 167
1887650 167
1887660 167
1887670 167
1887680 167
1887690 167
1887700 167
1887710 167
1887720 167
1887730 167
1887740 167
1887750 167
1887760 167
1887770 167
1887780 167
1887790 167
1887800 167
1887810 167
1887820 166
1887830 166
1887840 166
1887850 166
1887860 166
1887870 166
1887880 166
1887890 166
1887900 166
1887910 166
1887920 166
1887930 167
1887940 166
1887950 166
1887960 166
1887970 166
1887980 166
1887990 166
1888000 166
1888010 166
1888020 166
1888030 166
1888040 166
1888050 166
1888060 166
1888070 166
1888080 166
1888090 166
1888100 166
1888110 166
1888120 166
1888130 166
1888140 165
1888150 165
1888160 165
1888170 165
1888180 165
1888190 165
1888200 165
1888210 165
1888220 165
1888230 165
1888240 165
1888250 165
1888260 165
1888270 165
1888280 165
1888290 165
1888300 165
1888310 165
1888320 165
1888330 165
1888340 165
1888350 165
1888360 165
1888370 165
1888380 165
1888390 165
1888400 165
1888410 165
1888420 165
1888430 165
1888440 165
1888450 165
1888460 165
1888470 165
1888480 165
1888490 165
1888500 165
1888510 164
1888520 164
1888530 164
1888540 164
1888550 164
1888560 164
1888570 165
1888580 165
1888590 165
1888600 165
1888610 165
1888620 165
1888630 165
1888640 165
1888650 165
1888660 165
1888670 165
1888680 165
1888690 165
1888700 165
1888710 165
1888720 165
1888730 165
1888740 165
1888750 165
1888760 165
1888770 165
1888780 165
1888790 165
1888800 165
1888810 165
1888820 166
1888830 166
1888840 166
1888850 165
1888860 165
1888870 166
1888880 166
1888890 166
1888900 166
1888910 166
1888920 166
1888930 166
1888940 166
1888950 166
1888960 166
1888970 166
1888980 166
1888990 166
1889000 166
1889010 166
1889020 166
1889030 166
1889040 166
1889050 166
1889060 166
1889070 166
1889080 166
1889090 166
1889100 166
1889110 166
1889120 166
1889130 166
1889140 166
1889150 166
1889160 166
1889170 166
1889180 166
1889190 166
1889200 166
1889210 166
1889220 166
1889230 166
1889240 166
1889250 166
1889260 166
1889270 165
1889280 165
1889290 165
1889300 165
1889310 165
1889320 165
1889330 165
1889340 165
1889350 166
1889360 165
1889370 165
1889380 165
1889390 165
1889400 165
1889410 165
1889420 165
1889430 165
1889440 165
1889450 165
1889460 165
1889470 165
1889480 165
1889490 165
1889500 165
1889510 165
1889520 165
1889530 165
1889540 166
1889550 166
1889560 166
1889570 166
1889580 166
1889590 166
1889600 166
1889610 166
1889620 166
1889630 166
1889640 166
1889650 166
1889660 166
1889670 166
1889680 166
1889690 166
1889700 166
1889710 166
1889720 166
1889730 166
1889740 166
1889750 165
1889760 165
1889770 165
1889780 165
1889790 165
1889800 165
1889810 165
1889820 165
1889830 165
1889840 165
1889850 165
1889860 165
1889870 165
1889880 165
1889890 165
1889900 164
1889910 164
1889920 164
1889930 164
1889940 164
1889950 164
1889960 164
1889970 164
1889980 164
1889990 163
1890000 163
1890010 163
1890020 163
1890030 163
1890040 163
1890050 163
1890060 163
1890070 163
1890080 163
1890090 163
1890100 163
1890110 163
1890120 163
1890130 163
1890140 163
1890150 162
1890160 162
1890170 162
1890180 162
1890190 162
1890200 162
1890210 161
1890220 161
1890230 161
1890240 161
1890250 161
1890260 161
1890270 161
1890280 161
1890290 161
1890300 161
1890310 161
1890320 161
1890330 162
1890340 162
1890350 162
1890360 162
1890370 162
1890380 162
1890390 162
1890400 162
1890410 162
1890420 162
1890430 162
1890440 162
1890450 162
1890460 162
1890470 162
1890480 162
1890490 162
1890500 162
1890510 162
1890520 162
1890530 162
1890540 162
1890550 162
1890560 162
1890570 162
1890580 162
1890590 162
1890600 162
1890610 162
1890620 162
1890630 162
1890640 162
1890650 162
1890660 162
1890670 162
1890680 162
1890690 162
1890700 162
1890710 162
1890720 162
1890730 162
1890740 162
1890750 162
1890760 162
1890770 162
1890780 162
1890790 162
1890800 162
1890810 162
1890820 162
1890830 162
1890840 162
1890850 162
1890860 162
1890870 162
1890880 162
1890890 162
1890900 162
1890910 162
1890920 162
1890930 162
1890940 162
1890950 162
1890960 163
1890970 163
1890980 163
1890990 163
1891000 162
1891010 162
1891020 162
1891030 162
1891040 162
1891050 162
1891060 162
1891070 162
1891080 162
1891090 162
1891100 162
1891110 162
1891120 162
1891130 162
1891140 162
1891150 162
1891160 162
1891170 162
1891180 162
1891190 162
1891200 162
1891210 162
1891220 162
1891230 161
1891240 161
1891250 161
1891260 161
1891270 161
1891280 161
1891290 161
1891300 161
1891310 161
1891320 161
1891330 161
1891340 161
1891350 161
1891360 160
1891370 160
1891380 160
1891390 160
1891400 160
1891410 160
1891420 160
1891430 160
1891440 160
1891450 160
1891460 160
1891470 160
1891480 159
1891490 159
1891500 159
1891510 159
1891520 159
1891530 159
1891540 158
1891550 158
1891560 158
1891570 158
1891580 158
1891590 158
1891600 157
1891610 157
1891620 157
1891630 156
1891640 156
1891650 156
1891660 155
1891670 155
1891680 155
1891690 155
1891700 155
1891710 155
1891720 155
1891730 155
1891740 155
1891750 155
1891760 155
1891770 155
1891780 155
1891790 155
1891800 155
1891810 155
1891820 155
1891830 155
1891840 155
1891850 156
1891860 156
1891870 156
1891880 156
1891890 156
1891900 157
1891910 157
1891920 157
1891930 157
1891940 157
1891950 157
1891960 157
1891970 157
1891980 157
1891990 157
1892000 157
1892010 157
1892020 157
1892030 157
1892040 157
1892050 157
1892060 157
1892070 157
1892080 157
1892090 157
1892100 157
1892110 157
1892120 157
1892130 157
1892140 157
1892150 157
1892160 157
1892170 157
1892180 156
1892190 156
1892200 156
1892210 156
1892220 156
1892230 156
1892240 156
1892250 156
1892260 156
1892270 156
1892280 156
1892290 156
1892300 156
1892310 156
1892320 156
1892330 155
1892340 155
1892350 155
1892360 155
1892370 155
1892380 155
1892390 154
1892400 154
1892410 154
1892420 154
1892430 154
1892440 154
1892450 153
1892460 153
1892470 153
1892480 152
1892490 152
1892500 152
1892510 151
1892520 151
1892530 151
1892540 151
1892550 151
1892560 151
1892570 151
1892580 151
1892590 151
1892600 151
1892610 151
1892620 151
1892630 151
1892640 151
1892650 151
1892660 151
1892670 151
1892680 151
1892690 151
1892700 151
1892710 150
1892720 148
1892730 148
1892740 146
1892750 146
1892760 145
1892770 145
1892780 145
1892790 145
1892800 145
1892810 145
1892820 145
1892830 145
1892840 146
1892850 148
1892860 148
1892870 149
1892880 151
1892890 151
1892900 152
1892910 154
1892920 154
1892930 156
1892940 158
1892950 158
1892960 159
1892970 159
1892980 159
1892990 159
1893000 158
1893010 158
1893020 159
1893030 159
1893040 159
1893050 159
1893060 159
1893070 159
1893080 160
1893090 160
1893100 160
1893110 160
1893120 160
1893130 160
1893140 160
1893150 160
1893160 160
1893170 161
1893180 161
1893190 161
1893200 161
1893210 161
1893220 161
1893230 161
1893240 161
1893250 161
1893260 161
1893270 161
1893280 161
1893290 161
1893300 161
1893310 161
1893320 161
1893330 161
1893340 161
1893350 161
1893360 161
1893370 161
1893380 161
1893390 161
1893400 161
1893410 161
1893420 161
1893430 161
1893440 161
1893450 162
1893460 162
1893470 162
1893480 162
1893490 162
1893500 162
1893510 162
1893520 162
1893530 162
1893540 162
1893550 162
1893560 161
1893570 161
1893580 161
1893590 162
1893600 162
1893610 162
1893620 161
1893630 161
1893640 161
1893650 161
1893660 161
1893670 161
1893680 161
1893690 161
1893700 161
1893710 161
1893720 161
1893730 161
1893740 161
1893750 161
1893760 161
1893770 161
1893780 161
1893790 161
1893800 161
1893810 161
1893820 160
1893830 160
1893840 160
1893850 160
1893860 160
1893870 160
1893880 160
1893890 160
1893900 160
1893910 160
1893920 160
1893930 160
1893940 160
1893950 160
1893960 160
1893970 160
1893980 160
1893990 160
1894000 159
1894010 159
1894020 159
1894030 159
1894040 159
1894050 159
1894060 159
1894070 159
1894080 159
1894090 159
1894100 159
1894110 159
1894120 159
1894130 159
1894140 159
1894150 159
1894160 159
1894170 159
1894180 159
1894190 159
1894200 159
1894210 159
1894220 159
1894230 159
1894240 159
1894250 159
1894260 159
1894270 159
1894280 159
1894290 159
1894300 159
1894310 159
1894320 159
1894330 159
1894340 159
1894350 159
1894360 159
1894370 159
1894380 159
1894390 159
1894400 159
1894410 159
1894420 159
1894430 159
1894440 159
1894450 159
1894460 159
1894470 159
1894480 159
1894490 159
1894500 159
1894510 159
1894520 159
1894530 159
1894540 159
1894550 159
1894560 159
1894570 159
1894580 159
1894590 159
1894600 159
1894610 159
1894620 159
1894630 159
1894640 159
1894650 159
1894660 159
1894670 159
1894680 159
1894690 159
1894700 159
1894710 159
1894720 159
1894730 159
1894740 159
1894750 159
1894760 159
1894770 159
1894780 159
1894790 159
1894800 159
1894810 159
1894820 159
1894830 159
1894840 159
1894850 159
1894860 159
1894870 159
1894880 159
1894890 159
1894900 159
1894910 159
1894920 159
1894930 159
1894940 159
1894950 159
1894960 159
1894970 159
1894980 159
1894990 159
1895000 159
1895010 159
1895020 159
1895030 159
1895040 159
1895050 159
1895060 159
1895070 159
1895080 159
1895090 159
1895100 159
1895110 159
1895120 159
1895130 159
1895140 159
1895150 159
1895160 159
1895170 159
1895180 159
1895190 159
1895200 160
1895210 160
1895220 160
1895230 160
1895240 160
1895250 160
1895260 160
1895270 160
1895280 160
1895290 160
1895300 160
1895310 160
1895320 160
1895330 160
1895340 160
1895350 160
1895360 160
1895370 160
1895380 160
1895390 160
1895400 160
1895410 160
1895420 160
1895430 160
1895440 160
1895450 160
1895460 160
1895470 160
1895480 160
1895490 160
1895500 160
1895510 160
1895520 160
1895530 160
1895540 160
1895550 160
1895560 160
1895570 159
1895580 159
1895590 159
1895600 159
1895610 159
1895620 159
1895630 159
1895640 159
1895650 159
1895660 159
1895670 159
1895680 159
1895690 159
1895700 159
1895710 159
1895720 159
1895730 160
1895740 160
1895750 160
1895760 160
1895770 160
1895780 160
1895790 160
1895800 160
1895810 160
1895820 160
1895830 160
1895840 160
1895850 160
1895860 160
1895870 160
1895880 160
1895890 160
1895900 159
1895910 159
1895920 159
1895930 159
1895940 160
1895950 160
1895960 160
1895970 160
1895980 160
1895990 160
1896000 160
1896010 160
1896020 160
1896030 160
1896040 160
1896050 160
1896060 160
1896070 160
1896080 159
1896090 159
1896100 159
1896110 159
1896120 159
1896130 159
1896140 159
1896150 159
1896160 159
1896170 159
1896180 159
1896190 159
1896200 159
1896210 159
1896220 159
1896230 159
1896240 159
1896250 159
1896260 159
1896270 159
1896280 159
1896290 159
1896300 159
1896310 159
1896320 159
1896330 159
1896340 159
1896350 160
1896360 160
1896370 160
1896380 160
1896390 159
1896400 159
1896410 159
1896420 159
1896430 159
1896440 159
1896450 159
1896460 159
1896470 159
1896480 159
1896490 159
1896500 159
1896510 159
1896520 159
1896530 159
1896540 159
1896550 159
1896560 159
1896570 159
1896580 159
1896590 159
1896600 159
1896610 159
1896620 159
1896630 159
1896640 159
1896650 159
1896660 159
1896670 159
1896680 159
1896690 159
1896700 159
1896710 159
1896720 159
1896730 159
1896740 159
1896750 159
1896760 159
1896770 159
1896780 159
1896790 159
1896800 159
1896810 159
1896820 159
1896830 159
1896840 159
1896850 159
1896860 159
1896870 159
1896880 159
1896890 159
1896900 159
1896910 159
1896920 159
1896930 159
1896940 159
1896950 159
1896960 159
1896970 159
1896980 159
1896990 159
1897000 159
1897010 159
1897020 159
1897030 159
1897040 159
1897050 159
1897060 159
1897070 159
1897080 159
1897090 158
1897100 158
1897110 158
1897120 158
1897130 158
1897140 158
1897150 158
1897160 158
1897170 158
1897180 158
1897190 158
1897200 158
1897210 158
1897220 158
1897230 158
1897240 158
1897250 158
1897260 158
1897270 158
1897280 158
1897290 158
1897300 158
1897310 158
1897320 158
1897330 158
1897340 158
1897350 158
1897360 158
1897370 158
1897380 158
1897390 157
1897400 157
1897410 157
1897420 157
1897430 157
1897440 157
1897450 157
1897460 157
1897470 157
1897480 157
1897490 157
1897500 157
1897510 157
1897520 157
1897530 157
1897540 157
1897550 157
1897560 157
1897570 157
1897580 157
1897590 157
1897600 157
1897610 157
1897620 157
1897630 156
1897640 156
1897650 156
1897660 156
1897670 156
1897680 156
1897690 156
1897700 156
1897710 156
1897720 156
1897730 157
1897740 157
1897750 157
1897760 157
1897770 157
1897780 157
1897790 157
1897800 157
1897810 157
1897820 157
1897830 157
1897840 157
1897850 157
1897860 157
1897870 156
1897880 156
1897890 156
1897900 156
1897910 156
1897920 156
1897930 156
1897940 155
1897950 155
1897960 155
1897970 154
1897980 154
1897990 154
1898000 153
1898010 153
1898020 152
1898030 151
1898040 151
1898050 150
1898060 148
1898070 148
1898080 147
1898090 146
1898100 146
1898110 145
1898120 144
1898130 144
1898140 144
1898150 144
1898160 144
1898170 145
1898180 146
1898190 146
1898200 149
1898210 153
1898220 153
1898230 155
1898240 159
1898250 159
1898260 160
1898270 162
1898280 162
1898290 162
1898300 162
1898310 162
1898320 162
1898330 162
1898340 162
1898350 162
1898360 162
1898370 162
1898380 162
1898390 162
1898400 162
1898410 162
1898420 162
1898430 162
1898440 162
1898450 162
1898460 162
1898470 162
1898480 162
1898490 162
1898500 162
1898510 162
1898520 162
1898530 162
1898540 162
1898550 162
1898560 162
1898570 161
1898580 161
1898590 161
1898600 161
1898610 161
1898620 161
1898630 160
1898640 160
1898650 160
1898660 160
1898670 160
1898680 160
1898690 159
1898700 159
1898710 159
1898720 159
1898730 159
1898740 159
1898750 159
1898760 159
1898770 159
1898780 159
1898790 159
1898800 159
1898810 159
1898820 159
1898830 159
1898840 158
1898850 158
1898860 158
1898870 158
1898880 158
1898890 158
1898900 158
1898910 158
1898920 158
1898930 158
1898940 158
1898950 158
1898960 159
1898970 159
1898980 159
1898990 159
1899000 159
1899010 159
1899020 159
1899030 159
1899040 159
1899050 158
1899060 159
1899070 159
1899080 159
1899090 159
1899100 159
1899110 159
1899120 159
1899130 159
1899140 159
1899150 159
1899160 159
1899170 159
1899180 159
1899190 159
1899200 159
1899210 159
1899220 159
1899230 158
1899240 159
1899250 159
1899260 158
1899270 158
1899280 158
1899290 158
1899300 158
1899310 158
1899320 158
1899330 158
1899340 158
1899350 158
1899360 158
1899370 158
1899380 158
1899390 158
1899400 158
1899410 158
1899420 158
1899430 158
1899440 158
1899450 158
1899460 158
1899470 158
1899480 157
1899490 157
1899500 157
1899510 156
1899520 156
1899530 153
1899540 151
1899550 151
1899560 151
1899570 152
1899580 152
1899590 151
1899600 150
1899610 150
1899620 149
1899630 149
1899640 149
1899650 147
1899660 146
1899670 146
1899680 146
1899690 145
1899700 145
1899710 145
1899720 144
1899730 143
1899740 143
1899750 142
1899760 141
1899770 141
1899780 139
1899790 136
1899800 136
1899810 136
1899820 132
1899830 132
1899840 132
1899850 131
1899860 131
1899870 130
1899880 130
1899890 130
1899900 130
1899910 130
1899920 130
1899930 130
1899940 130
1899950 130
1899960 130
1899970 130
1899980 130
1899990 130
