1880000 173
1880010 173
1880020 173
1880030 173
1880040 173
1880050 173
1880060 173
1880070 174
1880080 174
1880090 174
1880100 174
1880110 174
1880120 174
1880130 174
1880140 174
1880150 174
1880160 174
1880170 174
1880180 174
1880190 174
1880200 174
1880210 174
1880220 174
1880230 174
1880240 174
1880250 174
1880260 174
1880270 174
1880280 174
1880290 174
1880300 174
1880310 174
1880320 174
1880330 174
1880340 174
1880350 174
1880360 174
1880370 174
1880380 174
1880390 174
1880400 174
1880410 174
1880420 174
1880430 174
1880440 174
1880450 174
1880460 174
1880470 174
1880480 174
1880490 174
1880500 174
1880510 174
1880520 174
1880530 174
1880540 174
1880550 174
1880560 174
1880570 174
1880580 174
1880590 174
1880600 174
1880610 174
1880620 174
1880630 174
1880640 174
1880650 174
1880660 174
1880670 174
1880680 174
1880690 175
1880700 175
1880710 175
1880720 175
1880730 175
1880740 174
1880750 174
1880760 174
1880770 174
1880780 174
1880790 174
1880800 174
1880810 174
1880820 174
1880830 174
1880840 173
1880850 173
1880860 173
1880870 173
1880880 173
1880890 173
1880900 173
1880910 173
1880920 173
1880930 173
1880940 173
1880950 173
1880960 173
1880970 173
1880980 173
1880990 173
1881000 173
1881010 173
1881020 173
1881030 173
1881040 173
1881050 173
1881060 173
1881070 173
1881080 173
1881090 173
1881100 174
1881110 174
1881120 174
1881130 174
1881140 174
1881150 174
1881160 174
1881170 175
1881180 175
1881190 174
1881200 174
1881210 174
1881220 174
1881230 174
1881240 174
1881250 173
1881260 173
1881270 173
1881280 173
1881290 173
1881300 173
1881310 173
1881320 173
1881330 173
1881340 173
1881350 173
1881360 173
1881370 173
1881380 173
1881390 173
1881400 173
1881410 173
1881420 173
1881430 173
1881440 173
1881450 173
1881460 173
1881470 173
1881480 173
1881490 173
1881500 173
1881510 173
1881520 173
1881530 173
1881540 173
1881550 173
1881560 173
1881570 173
1881580 173
1881590 173
1881600 173
1881610 173
1881620 173
1881630 173
1881640 173
1881650 173
1881660 173
1881670 173
1881680 173
1881690 173
1881700 173
1881710 173
1881720 173
1881730 173
1881740 173
1881750 173
1881760 173
1881770 173
1881780 173
1881790 173
1881800 173
1881810 173
1881820 173
1881830 173
1881840 173
1881850 173
1881860 173
1881870 173
1881880 173
1881890 173
1881900 173
1881910 173
1881920 173
1881930 173
1881940 173
1881950 172
1881960 172
1881970 172
1881980 172
1881990 172
1882000 172
1882010 172
1882020 172
1882030 172
1882040 172
1882050 172
1882060 172
1882070 172
1882080 172
1882090 172
1882100 172
1882110 172
1882120 172
1882130 172
1882140 172
1882150 172
1882160 172
1882170 172
1882180 172
1882190 172
1882200 172
1882210 172
1882220 172
1882230 172
1882240 172
1882250 172
1882260 172
1882270 172
1882280 173
1882290 173
1882300 173
1882310 173
1882320 172
1882330 172
1882340 172
1882350 172
1882360 172
1882370 172
1882380 172
1882390 172
1882400 172
1882410 172
1882420 172
1882430 172
1882440 172
1882450 172
1882460 172
1882470 172
1882480 172
1882490 172
1882500 172
1882510 172
1882520 172
1882530 172
1882540 172
1882550 172
1882560 172
1882570 172
1882580 172
1882590 172
1882600 172
1882610 172
1882620 171
1882630 171
1882640 171
1882650 171
1882660 171
1882670 171
1882680 171
1882690 171
1882700 171
1882710 171
1882720 171
1882730 171
1882740 171
1882750 171
1882760 171
1882770 171
1882780 171
1882790 171
1882800 171
1882810 171
1882820 171
1882830 171
1882840 171
1882850 171
1882860 171
1882870 171
1882880 171
1882890 171
1882900 171
1882910 171
1882920 171
1882930 171
1882940 171
1882950 171
1882960 172
1882970 172
1882980 172
1882990 172
1883000 172
1883010 173
1883020 173
1883030 173
1883040 174
1883050 174
1883060 174
1883070 174
1883080 174
1883090 174
1883100 172
1883110 170
1883120 170
1883130 168
1883140 167
1883150 167
1883160 167
1883170 169
1883180 169
1883190 171
1883200 171
1883210 171
1883220 171
1883230 171
1883240 171
1883250 171
1883260 171
1883270 171
1883280 171
1883290 171
1883300 171
1883310 171
1883320 171
1883330 171
1883340 171
1883350 171
1883360 171
1883370 171
1883380 171
1883390 171
1883400 171
1883410 171
1883420 171
1883430 171
1883440 171
1883450 171
1883460 171
1883470 171
1883480 171
1883490 171
1883500 171
1883510 171
1883520 171
1883530 171
1883540 170
1883550 170
1883560 171
1883570 170
1883580 170
1883590 170
1883600 170
1883610 170
1883620 170
1883630 170
1883640 170
1883650 170
1883660 170
1883670 170
1883680 170
1883690 170
1883700 170
1883710 170
1883720 170
1883730 170
1883740 170
1883750 170
1883760 170
1883770 170
1883780 170
1883790 170
1883800 170
1883810 170
1883820 170
1883830 170
1883840 170
1883850 170
1883860 170
1883870 170
1883880 170
1883890 170
1883900 170
1883910 170
1883920 170
1883930 169
1883940 169
1883950 169
1883960 169
1883970 169
1883980 169
1883990 169
1884000 169
1884010 169
1884020 169
1884030 169
1884040 169
1884050 169
1884060 169
1884070 169
1884080 168
1884090 168
1884100 168
1884110 168
1884120 168
1884130 168
1884140 168
1884150 168
1884160 168
1884170 168
1884180 168
1884190 168
1884200 168
1884210 168
1884220 168
1884230 168
1884240 168
1884250 168
1884260 168
1884270 168
1884280 168
1884290 168
1884300 168
1884310 168
1884320 168
1884330 168
1884340 168
1884350 169
1884360 169
1884370 169
1884380 169
1884390 169
1884400 169
1884410 169
1884420 169
1884430 169
1884440 169
1884450 169
1884460 169
1884470 169
1884480 169
1884490 169
1884500 169
1884510 169
1884520 169
1884530 169
1884540 169
1884550 169
1884560 169
1884570 169
1884580 169
1884590 169
1884600 169
1884610 169
1884620 169
1884630 169
1884640 169
1884650 169
1884660 169
1884670 169
1884680 169
1884690 169
1884700 169
1884710 169
1884720 169
1884730 169
1884740 169
1884750 169
1884760 169
1884770 169
1884780 169
1884790 169
1884800 169
1884810 169
1884820 169
1884830 169
1884840 169
1884850 169
1884860 169
1884870 169
1884880 169
1884890 169
1884900 169
1884910 169
1884920 169
1884930 169
1884940 169
1884950 169
1884960 169
1884970 169
1884980 169
1884990 169
1885000 169
1885010 168
1885020 168
1885030 168
1885040 168
1885050 168
1885060 168
1885070 168
1885080 168
1885090 168
1885100 168
1885110 168
1885120 168
1885130 168
1885140 168
1885150 168
1885160 168
1885170 168
1885180 168
1885190 168
1885200 168
1885210 168
1885220 168
1885230 168
1885240 168
1885250 168
1885260 168
1885270 168
1885280 168
1885290 168
1885300 168
1885310 167
1885320 167
1885330 167
1885340 167
1885350 167
1885360 167
1885370 167
1885380 167
1885390 167
1885400 166
1885410 166
1885420 166
1885430 166
1885440 166
1885450 165
1885460 165
1885470 165
1885480 165
1885490 165
1885500 165
1885510 165
1885520 165
1885530 166
1885540 166
1885550 166
1885560 167
1885570 168
1885580 168
1885590 168
1885600 168
1885610 168
1885620 168
1885630 168
1885640 168
1885650 168
1885660 168
1885670 168
1885680 168
1885690 168
1885700 168
1885710 167
1885720 164
1885730 164
1885740 163
1885750 165
1885760 165
1885770 168
1885780 168
1885790 168
1885800 168
1885810 168
1885820 168
1885830 168
1885840 168
1885850 168
1885860 168
1885870 168
1885880 168
1885890 168
1885900 167
1885910 167
1885920 167
1885930 167
1885940 167
1885950 167
1885960 167
1885970 167
1885980 167
1885990 167
1886000 167
1886010 167
1886020 167
1886030 167
1886040 167
1886050 168
1886060 168
1886070 168
1886080 168
1886090 168
1886100 168
1886110 168
1886120 168
1886130 168
1886140 168
1886150 168
1886160 168
1886170 169
1886180 169
1886190 169
1886200 169
1886210 169
1886220 169
1886230 169
1886240 169
1886250 169
1886260 169
1886270 169
1886280 169
1886290 169
1886300 169
1886310 169
1886320 169
1886330 169
1886340 169
1886350 169
1886360 169
1886370 168
1886380 168
1886390 168
1886400 168
1886410 168
1886420 168
1886430 168
1886440 168
1886450 168
1886460 168
1886470 168
1886480 169
1886490 169
1886500 168
1886510 168
1886520 168
1886530 168
1886540 168
1886550 168
1886560 168
1886570 168
1886580 168
1886590 168
1886600 168
1886610 168
1886620 168
1886630 168
1886640 168
1886650 168
1886660 168
1886670 168
1886680 168
1886690 168
1886700 168
1886710 169
1886720 169
1886730 169
1886740 169
1886750 168
1886760 168
1886770 168
1886780 168
1886790 168
1886800 168
1886810 168
1886820 168
1886830 168
1886840 168
1886850 168
1886860 168
1886870 168
1886880 168
1886890 168
1886900 168
1886910 168
1886920 169
1886930 169
1886940 169
1886950 169
1886960 169
1886970 169
1886980 169
1886990 169
1887000 169
1887010 169
1887020 169
1887030 169
1887040 169
1887050 168
1887060 169
1887070 169
1887080 169
1887090 169
1887100 169
1887110 168
1887120 168
1887130 168
1887140 168
1887150 168
1887160 168
1887170 168
1887180 168
1887190 168
1887200 168
1887210 168
1887220 168
1887230 168
1887240 168
1887250 168
1887260 168
1887270 168
1887280 168
1887290 168
1887300 168
1887310 168
1887320 168
1887330 168
1887340 168
1887350 168
1887360 168
1887370 168
1887380 168
1887390 168
1887400 168
1887410 168
1887420 168
1887430 168
1887440 168
1887450 168
1887460 168
1887470 168
1887480 168
1887490 168
1887500 168
1887510 168
1887520 168
1887530 168
1887540 168
1887550 168
1887560 168
1887570 168
1887580 168
1887590 168
1887600 168
1887610 168
1887620 168
1887630 168
1887640 168
1887650 168
1887660 168
1887670 168
1887680 168
1887690 168
1887700 168
1887710 168
1887720 168
1887730 168
1887740 168
1887750 168
1887760 168
1887770 168
1887780 168
1887790 168
1887800 168
1887810 168
1887820 168
1887830 167
1887840 168
1887850 168
1887860 168
1887870 168
1887880 168
1887890 168
1887900 168
1887910 168
1887920 168
1887930 168
1887940 168
1887950 168
1887960 168
1887970 168
1887980 168
1887990 168
1888000 168
1888010 168
1888020 167
1888030 167
1888040 167
1888050 168
1888060 168
1888070 168
1888080 168
1888090 168
1888100 167
1888110 168
1888120 168
1888130 168
1888140 168
1888150 168
1888160 168
1888170 168
1888180 168
1888190 168
1888200 168
1888210 168
1888220 168
1888230 168
1888240 168
1888250 168
1888260 168
1888270 168
1888280 168
1888290 168
1888300 168
1888310 168
1888320 168
1888330 168
1888340 168
1888350 168
1888360 168
1888370 168
1888380 168
1888390 168
1888400 168
1888410 168
1888420 168
1888430 168
1888440 168
1888450 168
1888460 168
1888470 168
1888480 168
1888490 168
1888500 168
1888510 168
1888520 168
1888530 168
1888540 168
1888550 168
1888560 168
1888570 168
1888580 168
1888590 167
1888600 167
1888610 167
1888620 167
1888630 167
1888640 167
1888650 167
1888660 167
1888670 167
1888680 167
1888690 167
1888700 167
1888710 167
1888720 167
1888730 167
1888740 167
1888750 167
1888760 167
1888770 167
1888780 167
1888790 167
1888800 167
1888810 167
1888820 167
1888830 167
1888840 167
1888850 167
1888860 166
1888870 166
1888880 166
1888890 166
1888900 166
1888910 166
1888920 166
1888930 166
1888940 166
1888950 166
1888960 166
1888970 166
1888980 165
1888990 165
1889000 165
1889010 165
1889020 165
1889030 165
1889040 165
1889050 165
1889060 165
1889070 165
1889080 165
1889090 165
1889100 165
1889110 164
1889120 164
1889130 164
1889140 164
1889150 164
1889160 164
1889170 164
1889180 164
1889190 164
1889200 164
1889210 164
1889220 164
1889230 164
1889240 164
1889250 164
1889260 164
1889270 164
1889280 164
1889290 164
1889300 164
1889310 164
1889320 164
1889330 164
1889340 164
1889350 164
1889360 164
1889370 164
1889380 164
1889390 164
1889400 164
1889410 164
1889420 164
1889430 164
1889440 164
1889450 164
1889460 164
1889470 164
1889480 164
1889490 164
1889500 164
1889510 164
1889520 164
1889530 164
1889540 164
1889550 164
1889560 164
1889570 164
1889580 164
1889590 164
1889600 164
1889610 164
1889620 164
1889630 164
1889640 164
1889650 164
1889660 164
1889670 164
1889680 164
1889690 163
1889700 163
1889710 163
1889720 163
1889730 163
1889740 163
1889750 163
1889760 163
1889770 163
1889780 163
1889790 163
1889800 163
1889810 163
1889820 163
1889830 163
1889840 163
1889850 163
1889860 163
1889870 163
1889880 163
1889890 163
1889900 163
1889910 163
1889920 163
1889930 163
1889940 163
1889950 163
1889960 163
1889970 163
1889980 163
1889990 163
1890000 163
1890010 163
1890020 163
1890030 163
1890040 163
1890050 163
1890060 163
1890070 163
1890080 163
1890090 163
1890100 163
1890110 163
1890120 163
1890130 163
1890140 163
1890150 163
1890160 163
1890170 163
1890180 163
1890190 163
1890200 164
1890210 164
1890220 164
1890230 164
1890240 164
1890250 164
1890260 164
1890270 164
1890280 164
1890290 164
1890300 164
1890310 164
1890320 164
1890330 164
1890340 164
1890350 164
1890360 164
1890370 164
1890380 164
1890390 164
1890400 164
1890410 164
1890420 164
1890430 163
1890440 163
1890450 163
1890460 163
1890470 163
1890480 163
1890490 163
1890500 163
1890510 162
1890520 162
1890530 162
1890540 162
1890550 162
1890560 162
1890570 162
1890580 162
1890590 161
1890600 161
1890610 161
1890620 161
1890630 161
1890640 161
1890650 161
1890660 160
1890670 160
1890680 160
1890690 160
1890700 160
1890710 160
1890720 160
1890730 160
1890740 160
1890750 160
1890760 160
1890770 160
1890780 160
1890790 160
1890800 160
1890810 160
1890820 160
1890830 160
1890840 160
1890850 160
1890860 160
1890870 160
1890880 160
1890890 160
1890900 160
1890910 160
1890920 160
1890930 160
1890940 160
1890950 160
1890960 160
1890970 160
1890980 161
1890990 161
1891000 161
1891010 161
1891020 161
1891030 161
1891040 161
1891050 161
1891060 161
1891070 161
1891080 161
1891090 161
1891100 161
1891110 161
1891120 161
1891130 161
1891140 161
1891150 161
1891160 161
1891170 161
1891180 161
1891190 161
1891200 161
1891210 161
1891220 161
1891230 161
1891240 161
1891250 161
1891260 161
1891270 161
1891280 161
1891290 161
1891300 161
1891310 161
1891320 161
1891330 161
1891340 161
1891350 161
1891360 161
1891370 161
1891380 160
1891390 160
1891400 160
1891410 160
1891420 160
1891430 160
1891440 160
1891450 160
1891460 160
1891470 160
1891480 160
1891490 160
1891500 160
1891510 160
1891520 160
1891530 160
1891540 160
1891550 160
1891560 160
1891570 160
1891580 160
1891590 160
1891600 160
1891610 160
1891620 160
1891630 160
1891640 160
1891650 160
1891660 160
1891670 160
1891680 160
1891690 160
1891700 160
1891710 160
1891720 160
1891730 160
1891740 160
1891750 160
1891760 160
1891770 160
1891780 160
1891790 160
1891800 160
1891810 160
1891820 160
1891830 160
1891840 160
1891850 160
1891860 159
1891870 159
1891880 159
1891890 159
1891900 159
1891910 159
1891920 159
1891930 159
1891940 159
1891950 159
1891960 158
1891970 158
1891980 158
1891990 158
1892000 158
1892010 158
1892020 158
1892030 158
1892040 158
1892050 157
1892060 157
1892070 157
1892080 157
1892090 157
1892100 157
1892110 157
1892120 157
1892130 157
1892140 156
1892150 156
1892160 156
1892170 156
1892180 156
1892190 156
1892200 156
1892210 156
1892220 156
1892230 155
1892240 155
1892250 155
1892260 155
1892270 155
1892280 155
1892290 155
1892300 155
1892310 154
1892320 154
1892330 154
1892340 154
1892350 154
1892360 154
1892370 154
1892380 154
1892390 154
1892400 154
1892410 154
1892420 154
1892430 153
1892440 153
1892450 153
1892460 153
1892470 153
1892480 153
1892490 153
1892500 152
1892510 152
1892520 152
1892530 152
1892540 152
1892550 152
1892560 151
1892570 151
1892580 151
1892590 151
1892600 151
1892610 151
1892620 151
1892630 151
1892640 151
1892650 150
1892660 150
1892670 150
1892680 150
1892690 150
1892700 150
1892710 150
1892720 150
1892730 150
1892740 150
1892750 150
1892760 150
1892770 149
1892780 149
1892790 149
1892800 149
1892810 149
1892820 149
1892830 148
1892840 148
1892850 148
1892860 147
1892870 147
1892880 147
1892890 146
1892900 146
1892910 146
1892920 145
1892930 143
1892940 143
1892950 142
1892960 141
1892970 141
1892980 141
1892990 140
1893000 140
1893010 140
1893020 141
1893030 141
1893040 141
1893050 142
1893060 142
1893070 143
1893080 144
1893090 144
1893100 145
1893110 145
1893120 145
1893130 146
1893140 147
1893150 147
1893160 148
1893170 148
1893180 148
1893190 149
1893200 150
1893210 150
1893220 150
1893230 150
1893240 150
1893250 150
1893260 151
1893270 151
1893280 151
1893290 151
1893300 151
1893310 151
1893320 151
1893330 151
1893340 151
1893350 151
1893360 151
1893370 152
1893380 153
1893390 153
1893400 154
1893410 156
1893420 156
1893430 157
1893440 158
1893450 158
1893460 158
1893470 158
1893480 157
1893490 157
1893500 156
1893510 155
1893520 155
1893530 154
1893540 155
1893550 155
1893560 156
1893570 156
1893580 156
1893590 157
1893600 157
1893610 157
1893620 158
1893630 158
1893640 158
1893650 159
1893660 159
1893670 159
1893680 159
1893690 159
1893700 159
1893710 159
1893720 159
1893730 159
1893740 159
1893750 159
1893760 159
1893770 159
1893780 159
1893790 159
1893800 159
1893810 159
1893820 159
1893830 159
1893840 159
1893850 159
1893860 159
1893870 159
1893880 159
1893890 159
1893900 159
1893910 159
1893920 159
1893930 159
1893940 159
1893950 159
1893960 159
1893970 159
1893980 160
1893990 160
1894000 160
1894010 160
1894020 161
1894030 161
1894040 160
1894050 160
1894060 160
1894070 160
1894080 160
1894090 160
1894100 160
1894110 160
1894120 160
1894130 160
1894140 160
1894150 160
1894160 160
1894170 160
1894180 160
1894190 160
1894200 160
1894210 160
1894220 160
1894230 160
1894240 160
1894250 160
1894260 160
1894270 160
1894280 160
1894290 160
1894300 160
1894310 160
1894320 160
1894330 160
1894340 160
1894350 160
1894360 160
1894370 159
1894380 159
1894390 159
1894400 159
1894410 159
1894420 159
1894430 159
1894440 159
1894450 159
1894460 159
1894470 159
1894480 159
1894490 159
1894500 159
1894510 159
1894520 159
1894530 159
1894540 159
1894550 159
1894560 159
1894570 159
1894580 159
1894590 159
1894600 158
1894610 158
1894620 158
1894630 158
1894640 158
1894650 159
1894660 159
1894670 159
1894680 159
1894690 159
1894700 159
1894710 158
1894720 159
1894730 159
1894740 159
1894750 159
1894760 159
1894770 159
1894780 159
1894790 159
1894800 159
1894810 159
1894820 159
1894830 159
1894840 159
1894850 159
1894860 159
1894870 159
1894880 159
1894890 159
1894900 159
1894910 159
1894920 159
1894930 159
1894940 159
1894950 159
1894960 159
1894970 159
1894980 159
1894990 159
1895000 159
1895010 159
1895020 159
1895030 159
1895040 159
1895050 159
1895060 159
1895070 159
1895080 159
1895090 159
1895100 159
1895110 159
1895120 159
1895130 158
1895140 158
1895150 158
1895160 158
1895170 158
1895180 158
1895190 158
1895200 158
1895210 158
1895220 158
1895230 158
1895240 158
1895250 158
1895260 158
1895270 158
1895280 158
1895290 158
1895300 158
1895310 158
1895320 158
1895330 158
1895340 158
1895350 158
1895360 158
1895370 158
1895380 158
1895390 158
1895400 158
1895410 158
1895420 158
1895430 158
1895440 158
1895450 158
1895460 158
1895470 158
1895480 158
1895490 158
1895500 158
1895510 159
1895520 159
1895530 159
1895540 159
1895550 159
1895560 159
1895570 159
1895580 159
1895590 159
1895600 159
1895610 159
1895620 159
1895630 159
1895640 159
1895650 159
1895660 159
1895670 159
1895680 159
1895690 159
1895700 159
1895710 159
1895720 159
1895730 159
1895740 159
1895750 159
1895760 159
1895770 159
1895780 160
1895790 160
1895800 159
1895810 159
1895820 159
1895830 159
1895840 159
1895850 159
1895860 159
1895870 159
1895880 159
1895890 159
1895900 159
1895910 159
1895920 159
1895930 159
1895940 159
1895950 159
1895960 159
1895970 159
1895980 159
1895990 159
1896000 159
1896010 159
1896020 159
1896030 159
1896040 159
1896050 159
1896060 159
1896070 159
1896080 159
1896090 159
1896100 159
1896110 159
1896120 159
1896130 159
1896140 159
1896150 159
1896160 159
1896170 159
1896180 159
1896190 159
1896200 159
1896210 159
1896220 159
1896230 159
1896240 159
1896250 159
1896260 159
1896270 159
1896280 159
1896290 159
1896300 159
1896310 159
1896320 159
1896330 159
1896340 159
1896350 159
1896360 159
1896370 159
1896380 159
1896390 159
1896400 159
1896410 159
1896420 159
1896430 159
1896440 159
1896450 159
1896460 159
1896470 158
1896480 158
1896490 158
1896500 158
1896510 158
1896520 158
1896530 158
1896540 158
1896550 158
1896560 159
1896570 158
1896580 158
1896590 158
1896600 158
1896610 158
1896620 158
1896630 158
1896640 158
1896650 158
1896660 158
1896670 158
1896680 158
1896690 159
1896700 159
1896710 159
1896720 159
1896730 159
1896740 159
1896750 159
1896760 159
1896770 159
1896780 159
1896790 159
1896800 159
1896810 159
1896820 159
1896830 159
1896840 159
1896850 159
1896860 159
1896870 159
1896880 159
1896890 159
1896900 159
1896910 159
1896920 159
1896930 159
1896940 159
1896950 158
1896960 158
1896970 158
1896980 158
1896990 158
1897000 158
1897010 158
1897020 158
1897030 158
1897040 158
1897050 158
1897060 158
1897070 158
1897080 158
1897090 158
1897100 158
1897110 158
1897120 158
1897130 158
1897140 158
1897150 158
1897160 158
1897170 158
1897180 158
1897190 158
1897200 158
1897210 158
1897220 158
1897230 158
1897240 158
1897250 158
1897260 158
1897270 158
1897280 157
1897290 157
1897300 157
1897310 157
1897320 157
1897330 157
1897340 157
1897350 157
1897360 157
1897370 157
1897380 157
1897390 157
1897400 157
1897410 157
1897420 157
1897430 157
1897440 156
1897450 156
1897460 156
1897470 156
1897480 156
1897490 156
1897500 155
1897510 155
1897520 155
1897530 154
1897540 154
1897550 154
1897560 153
1897570 153
1897580 153
1897590 153
1897600 152
1897610 152
1897620 152
1897630 152
1897640 152
1897650 151
1897660 150
1897670 150
1897680 148
1897690 147
1897700 147
1897710 146
1897720 145
1897730 145
1897740 145
1897750 145
1897760 145
1897770 147
1897780 150
1897790 150
1897800 152
1897810 154
1897820 153
1897830 155
1897840 154
1897850 154
1897860 153
1897870 152
1897880 152
1897890 152
1897900 151
1897910 151
1897920 151
1897930 150
1897940 150
1897950 150
1897960 150
1897970 150
1897980 150
1897990 150
1898000 150
1898010 150
1898020 150
1898030 150
1898040 150
1898050 150
1898060 150
1898070 150
1898080 149
1898090 149
1898100 149
1898110 149
1898120 149
1898130 147
1898140 146
1898150 146
1898160 146
1898170 146
1898180 146
1898190 146
1898200 146
1898210 146
1898220 145
1898230 146
1898240 146
1898250 146
1898260 146
1898270 146
1898280 146
1898290 146
1898300 146
1898310 146
1898320 145
1898330 145
1898340 145
1898350 144
1898360 144
1898370 143
1898380 143
1898390 143
1898400 142
1898410 142
1898420 142
1898430 141
1898440 139
1898450 139
1898460 138
1898470 137
1898480 137
1898490 136
1898500 135
1898510 135
1898520 135
1898530 135
1898540 134
1898550 134
1898560 134
1898570 134
1898580 134
1898590 134
1898600 133
1898610 133
1898620 133
1898630 133
1898640 133
1898650 133
1898660 133
1898670 133
1898680 133
1898690 133
1898700 133
1898710 133
1898720 133
1898730 133
1898740 132
1898750 132
1898760 132
1898770 132
1898780 132
1898790 132
1898800 132
1898810 133
1898820 133
1898830 134
1898840 133
1898850 133
1898860 132
1898870 131
1898880 131
1898890 131
1898900 130
1898910 130
1898920 130
1898930 130
1898940 130
1898950 131
1898960 130
1898970 130
1898980 130
1898990 130
1899000 130
1899010 130
1899020 130
1899030 130
1899040 130
1899050 130
1899060 130
1899070 130
1899080 130
1899090 130
1899100 130
1899110 130
1899120 130
1899130 130
1899140 130
1899150 130
1899160 130
1899170 130
1899180 130
1899190 130
1899200 130
1899210 130
1899220 130
1899230 130
1899240 130
1899250 130
1899260 130
1899270 130
1899280 130
1899290 130
1899300 130
1899310 130
1899320 130
1899330 130
1899340 130
1899350 130
1899360 130
1899370 130
1899380 130
1899390 130
1899400 130
1899410 130
1899420 130
1899430 130
1899440 130
1899450 130
1899460 130
1899470 130
1899480 130
1899490 130
1899500 130
1899510 130
1899520 130
1899530 130
1899540 130
1899550 130
1899560 130
1899570 130
1899580 130
1899590 130
1899600 130
1899610 130
1899620 130
1899630 130
1899640 130
1899650 130
1899660 130
1899670 130
1899680 130
1899690 130
1899700 130
1899710 130
1899720 130
1899730 130
1899740 130
1899750 130
1899760 130
1899770 130
1899780 130
1899790 130
1899800 130
1899810 130
1899820 130
1899830 130
1899840 130
1899850 130
1899860 130
1899870 130
1899880 130
1899890 130
1899900 130
1899910 130
1899920 130
1899930 130
1899940 130
1899950 130
1899960 130
1899970 130
1899980 130
1899990 130
