1880000 174
1880010 174
1880020 174
1880030 174
1880040 174
1880050 174
1880060 174
1880070 174
1880080 174
1880090 174
1880100 174
1880110 174
1880120 174
1880130 174
1880140 174
1880150 174
1880160 174
1880170 174
1880180 174
1880190 174
1880200 174
1880210 174
1880220 174
1880230 174
1880240 174
1880250 174
1880260 174
1880270 174
1880280 174
1880290 174
1880300 174
1880310 174
1880320 174
1880330 174
1880340 174
1880350 174
1880360 174
1880370 174
1880380 174
1880390 174
1880400 174
1880410 174
1880420 174
1880430 174
1880440 173
1880450 173
1880460 173
1880470 173
1880480 173
1880490 173
1880500 173
1880510 173
1880520 173
1880530 173
1880540 173
1880550 173
1880560 173
1880570 173
1880580 173
1880590 173
1880600 173
1880610 173
1880620 173
1880630 173
1880640 173
1880650 173
1880660 173
1880670 173
1880680 172
1880690 172
1880700 172
1880710 172
1880720 172
1880730 172
1880740 172
1880750 173
1880760 173
1880770 173
1880780 173
1880790 173
1880800 173
1880810 173
1880820 173
1880830 173
1880840 173
1880850 173
1880860 173
1880870 173
1880880 173
1880890 173
1880900 173
1880910 173
1880920 173
1880930 173
1880940 173
1880950 173
1880960 173
1880970 173
1880980 173
1880990 174
1881000 174
1881010 174
1881020 174
1881030 174
1881040 174
1881050 174
1881060 174
1881070 174
1881080 174
1881090 174
1881100 174
1881110 174
1881120 174
1881130 174
1881140 173
1881150 173
1881160 173
1881170 173
1881180 173
1881190 173
1881200 173
1881210 173
1881220 173
1881230 173
1881240 173
1881250 173
1881260 173
1881270 173
1881280 173
1881290 173
1881300 173
1881310 173
1881320 172
1881330 172
1881340 172
1881350 172
1881360 172
1881370 172
1881380 172
1881390 172
1881400 172
1881410 172
1881420 172
1881430 172
1881440 172
1881450 172
1881460 172
1881470 172
1881480 172
1881490 172
1881500 172
1881510 172
1881520 172
1881530 172
1881540 172
1881550 172
1881560 172
1881570 172
1881580 172
1881590 172
1881600 172
1881610 172
1881620 172
1881630 172
1881640 172
1881650 172
1881660 172
1881670 172
1881680 172
1881690 172
1881700 172
1881710 172
1881720 172
1881730 172
1881740 172
1881750 172
1881760 172
1881770 172
1881780 173
1881790 173
1881800 173
1881810 173
1881820 173
1881830 173
1881840 172
1881850 172
1881860 172
1881870 172
1881880 172
1881890 172
1881900 172
1881910 172
1881920 172
1881930 172
1881940 172
1881950 172
1881960 172
1881970 172
1881980 172
1881990 172
1882000 172
1882010 172
1882020 172
1882030 172
1882040 172
1882050 172
1882060 172
1882070 172
1882080 172
1882090 172
1882100 172
1882110 172
1882120 172
1882130 172
1882140 172
1882150 172
1882160 172
1882170 172
1882180 172
1882190 172
1882200 172
1882210 172
1882220 172
1882230 172
1882240 172
1882250 172
1882260 172
1882270 172
1882280 172
1882290 172
1882300 172
1882310 172
1882320 172
1882330 172
1882340 172
1882350 172
1882360 172
1882370 172
1882380 171
1882390 171
1882400 171
1882410 171
1882420 171
1882430 171
1882440 171
1882450 171
1882460 171
1882470 171
1882480 171
1882490 171
1882500 171
1882510 171
1882520 171
1882530 172
1882540 172
1882550 172
1882560 171
1882570 171
1882580 171
1882590 171
1882600 171
1882610 171
1882620 171
1882630 171
1882640 171
1882650 171
1882660 172
1882670 172
1882680 172
1882690 171
1882700 171
1882710 171
1882720 171
1882730 171
1882740 171
1882750 171
1882760 171
1882770 171
1882780 171
1882790 171
1882800 171
1882810 171
1882820 171
1882830 171
1882840 171
1882850 171
1882860 171
1882870 171
1882880 171
1882890 171
1882900 171
1882910 171
1882920 171
1882930 171
1882940 171
1882950 171
1882960 171
1882970 171
1882980 171
1882990 171
1883000 171
1883010 171
1883020 171
1883030 171
1883040 171
1883050 171
1883060 171
1883070 171
1883080 171
1883090 171
1883100 171
1883110 171
1883120 171
1883130 171
1883140 170
1883150 170
1883160 170
1883170 170
1883180 170
1883190 170
1883200 170
1883210 170
1883220 170
1883230 170
1883240 170
1883250 170
1883260 170
1883270 170
1883280 170
1883290 170
1883300 170
1883310 170
1883320 170
1883330 170
1883340 170
1883350 170
1883360 170
1883370 170
1883380 170
1883390 170
1883400 170
1883410 170
1883420 171
1883430 170
1883440 171
1883450 171
1883460 171
1883470 171
1883480 171
1883490 171
1883500 171
1883510 171
1883520 171
1883530 170
1883540 170
1883550 170
1883560 167
1883570 166
1883580 166
1883590 166
1883600 166
1883610 166
1883620 167
1883630 166
1883640 166
1883650 166
1883660 166
1883670 166
1883680 166
1883690 168
1883700 168
1883710 170
1883720 170
1883730 170
1883740 170
1883750 170
1883760 170
1883770 170
1883780 170
1883790 170
1883800 170
1883810 170
1883820 170
1883830 170
1883840 170
1883850 170
1883860 170
1883870 170
1883880 170
1883890 170
1883900 170
1883910 170
1883920 170
1883930 170
1883940 170
1883950 170
1883960 170
1883970 170
1883980 170
1883990 170
1884000 170
1884010 170
1884020 170
1884030 170
1884040 170
1884050 170
1884060 170
1884070 170
1884080 170
1884090 170
1884100 170
1884110 170
1884120 170
1884130 170
1884140 170
1884150 170
1884160 170
1884170 170
1884180 170
1884190 170
1884200 170
1884210 170
1884220 170
1884230 170
1884240 170
1884250 170
1884260 170
1884270 170
1884280 170
1884290 170
1884300 169
1884310 169
1884320 169
1884330 169
1884340 169
1884350 169
1884360 169
1884370 169
1884380 169
1884390 169
1884400 169
1884410 169
1884420 169
1884430 169
1884440 169
1884450 169
1884460 169
1884470 169
1884480 169
1884490 169
1884500 169
1884510 169
1884520 169
1884530 169
1884540 169
1884550 169
1884560 169
1884570 169
1884580 169
1884590 169
1884600 169
1884610 169
1884620 168
1884630 168
1884640 168
1884650 168
1884660 167
1884670 167
1884680 167
1884690 167
1884700 167
1884710 166
1884720 166
1884730 166
1884740 166
1884750 166
1884760 166
1884770 166
1884780 166
1884790 166
1884800 166
1884810 166
1884820 166
1884830 166
1884840 166
1884850 166
1884860 166
1884870 166
1884880 166
1884890 166
1884900 166
1884910 166
1884920 166
1884930 166
1884940 166
1884950 166
1884960 166
1884970 166
1884980 166
1884990 166
1885000 166
1885010 166
1885020 167
1885030 167
1885040 167
1885050 167
1885060 167
1885070 167
1885080 167
1885090 167
1885100 167
1885110 167
1885120 167
1885130 167
1885140 167
1885150 167
1885160 167
1885170 167
1885180 167
1885190 167
1885200 167
1885210 167
1885220 167
1885230 167
1885240 166
1885250 166
1885260 166
1885270 166
1885280 166
1885290 166
1885300 166
1885310 166
1885320 166
1885330 166
1885340 166
1885350 166
1885360 166
1885370 166
1885380 166
1885390 166
1885400 166
1885410 166
1885420 166
1885430 166
1885440 166
1885450 166
1885460 166
1885470 166
1885480 166
1885490 166
1885500 166
1885510 165
1885520 165
1885530 165
1885540 165
1885550 165
1885560 165
1885570 164
1885580 164
1885590 164
1885600 164
1885610 164
1885620 164
1885630 164
1885640 164
1885650 164
1885660 165
1885670 165
1885680 166
1885690 167
1885700 167
1885710 168
1885720 168
1885730 168
1885740 168
1885750 168
1885760 168
1885770 168
1885780 167
1885790 167
1885800 167
1885810 167
1885820 166
1885830 166
1885840 166
1885850 166
1885860 166
1885870 166
1885880 166
1885890 166
1885900 166
1885910 167
1885920 167
1885930 167
1885940 168
1885950 168
1885960 168
1885970 168
1885980 168
1885990 168
1886000 168
1886010 168
1886020 168
1886030 168
1886040 168
1886050 168
1886060 168
1886070 168
1886080 168
1886090 168
1886100 168
1886110 168
1886120 168
1886130 168
1886140 168
1886150 168
1886160 168
1886170 168
1886180 168
1886190 168
1886200 168
1886210 168
1886220 168
1886230 168
1886240 168
1886250 168
1886260 168
1886270 168
1886280 168
1886290 168
1886300 167
1886310 167
1886320 167
1886330 167
1886340 167
1886350 167
1886360 167
1886370 167
1886380 167
1886390 167
1886400 167
1886410 167
1886420 167
1886430 167
1886440 167
1886450 167
1886460 167
1886470 167
1886480 167
1886490 167
1886500 167
1886510 167
1886520 167
1886530 167
1886540 167
1886550 167
1886560 167
1886570 168
1886580 168
1886590 168
1886600 168
1886610 168
1886620 168
1886630 168
1886640 168
1886650 168
1886660 168
1886670 168
1886680 168
1886690 168
1886700 168
1886710 168
1886720 168
1886730 168
1886740 168
1886750 168
1886760 168
1886770 168
1886780 168
1886790 168
1886800 168
1886810 167
1886820 167
1886830 167
1886840 168
1886850 168
1886860 168
1886870 169
1886880 168
1886890 168
1886900 167
1886910 167
1886920 167
1886930 167
1886940 167
1886950 167
1886960 167
1886970 167
1886980 167
1886990 168
1887000 168
1887010 168
1887020 168
1887030 168
1887040 168
1887050 168
1887060 168
1887070 168
1887080 168
1887090 168
1887100 168
1887110 168
1887120 168
1887130 168
1887140 168
1887150 168
1887160 168
1887170 168
1887180 168
1887190 168
1887200 168
1887210 168
1887220 168
1887230 168
1887240 168
1887250 168
1887260 168
1887270 168
1887280 168
1887290 168
1887300 168
1887310 168
1887320 168
1887330 168
1887340 168
1887350 168
1887360 168
1887370 168
1887380 168
1887390 168
1887400 168
1887410 168
1887420 168
1887430 168
1887440 168
1887450 168
1887460 168
1887470 168
1887480 168
1887490 168
1887500 168
1887510 168
1887520 168
1887530 168
1887540 168
1887550 168
1887560 167
1887570 167
1887580 167
1887590 167
1887600 167
1887610 167
1887620 167
1887630 167
1887640 167
1887650 167
1887660 167
1887670 167
1887680 167
1887690 167
1887700 167
1887710 167
1887720 167
1887730 167
1887740 167
1887750 167
1887760 167
1887770 167
1887780 167
1887790 167
1887800 167
1887810 167
1887820 167
1887830 167
1887840 167
1887850 167
1887860 167
1887870 167
1887880 167
1887890 167
1887900 167
1887910 167
1887920 167
1887930 167
1887940 167
1887950 167
1887960 167
1887970 167
1887980 167
1887990 166
1888000 167
1888010 167
1888020 167
1888030 167
1888040 167
1888050 167
1888060 167
1888070 167
1888080 167
1888090 167
1888100 167
1888110 167
1888120 167
1888130 167
1888140 167
1888150 167
1888160 167
1888170 166
1888180 166
1888190 166
1888200 166
1888210 166
1888220 166
1888230 166
1888240 166
1888250 166
1888260 166
1888270 166
1888280 166
1888290 166
1888300 166
1888310 166
1888320 166
1888330 166
1888340 166
1888350 166
1888360 166
1888370 166
1888380 166
1888390 166
1888400 166
1888410 166
1888420 166
1888430 166
1888440 166
1888450 166
1888460 166
1888470 166
1888480 166
1888490 166
1888500 166
1888510 166
1888520 166
1888530 166
1888540 166
1888550 166
1888560 166
1888570 166
1888580 166
1888590 166
1888600 166
1888610 166
1888620 166
1888630 166
1888640 166
1888650 166
1888660 166
1888670 166
1888680 166
1888690 166
1888700 166
1888710 166
1888720 166
1888730 166
1888740 166
1888750 166
1888760 166
1888770 166
1888780 166
1888790 166
1888800 166
1888810 166
1888820 166
1888830 166
1888840 166
1888850 166
1888860 166
1888870 166
1888880 166
1888890 166
1888900 166
1888910 166
1888920 166
1888930 166
1888940 166
1888950 166
1888960 166
1888970 166
1888980 166
1888990 166
1889000 166
1889010 166
1889020 166
1889030 166
1889040 166
1889050 166
1889060 166
1889070 166
1889080 166
1889090 166
1889100 166
1889110 166
1889120 167
1889130 167
1889140 166
1889150 166
1889160 166
1889170 166
1889180 166
1889190 166
1889200 166
1889210 166
1889220 166
1889230 167
1889240 167
1889250 167
1889260 166
1889270 167
1889280 167
1889290 166
1889300 166
1889310 166
1889320 166
1889330 166
1889340 166
1889350 166
1889360 166
1889370 166
1889380 166
1889390 166
1889400 166
1889410 166
1889420 166
1889430 166
1889440 166
1889450 166
1889460 166
1889470 166
1889480 166
1889490 166
1889500 166
1889510 166
1889520 166
1889530 166
1889540 166
1889550 166
1889560 166
1889570 166
1889580 166
1889590 166
1889600 166
1889610 166
1889620 166
1889630 166
1889640 166
1889650 165
1889660 165
1889670 165
1889680 165
1889690 165
1889700 165
1889710 165
1889720 165
1889730 165
1889740 165
1889750 164
1889760 164
1889770 164
1889780 164
1889790 164
1889800 164
1889810 164
1889820 164
1889830 164
1889840 163
1889850 163
1889860 163
1889870 163
1889880 163
1889890 163
1889900 163
1889910 163
1889920 163
1889930 163
1889940 163
1889950 163
1889960 163
1889970 163
1889980 163
1889990 163
1890000 163
1890010 163
1890020 163
1890030 163
1890040 163
1890050 163
1890060 163
1890070 163
1890080 162
1890090 162
1890100 162
1890110 162
1890120 163
1890130 163
1890140 163
1890150 163
1890160 163
1890170 163
1890180 163
1890190 163
1890200 163
1890210 163
1890220 163
1890230 163
1890240 163
1890250 163
1890260 163
1890270 163
1890280 163
1890290 163
1890300 163
1890310 163
1890320 163
1890330 163
1890340 163
1890350 163
1890360 163
1890370 163
1890380 163
1890390 163
1890400 163
1890410 163
1890420 163
1890430 163
1890440 163
1890450 163
1890460 163
1890470 163
1890480 163
1890490 163
1890500 163
1890510 163
1890520 163
1890530 163
1890540 163
1890550 163
1890560 163
1890570 163
1890580 163
1890590 163
1890600 163
1890610 163
1890620 163
1890630 163
1890640 163
1890650 162
1890660 162
1890670 162
1890680 162
1890690 162
1890700 162
1890710 162
1890720 162
1890730 162
1890740 162
1890750 162
1890760 162
1890770 162
1890780 162
1890790 162
1890800 162
1890810 162
1890820 162
1890830 162
1890840 162
1890850 162
1890860 162
1890870 162
1890880 162
1890890 162
1890900 162
1890910 162
1890920 162
1890930 162
1890940 162
1890950 162
1890960 162
1890970 162
1890980 162
1890990 162
1891000 162
1891010 162
1891020 162
1891030 162
1891040 162
1891050 162
1891060 161
1891070 161
1891080 161
1891090 161
1891100 161
1891110 161
1891120 161
1891130 161
1891140 160
1891150 160
1891160 160
1891170 160
1891180 159
1891190 159
1891200 159
1891210 159
1891220 159
1891230 159
1891240 158
1891250 158
1891260 158
1891270 158
1891280 158
1891290 158
1891300 158
1891310 158
1891320 158
1891330 157
1891340 157
1891350 157
1891360 157
1891370 157
1891380 157
1891390 158
1891400 158
1891410 158
1891420 158
1891430 158
1891440 159
1891450 159
1891460 159
1891470 159
1891480 159
1891490 159
1891500 159
1891510 160
1891520 160
1891530 160
1891540 160
1891550 160
1891560 160
1891570 160
1891580 160
1891590 160
1891600 160
1891610 160
1891620 160
1891630 160
1891640 160
1891650 160
1891660 160
1891670 160
1891680 160
1891690 160
1891700 160
1891710 160
1891720 160
1891730 160
1891740 160
1891750 160
1891760 160
1891770 160
1891780 159
1891790 159
1891800 159
1891810 159
1891820 159
1891830 159
1891840 159
1891850 158
1891860 158
1891870 158
1891880 158
1891890 158
1891900 158
1891910 158
1891920 158
1891930 158
1891940 157
1891950 157
1891960 157
1891970 157
1891980 157
1891990 157
1892000 156
1892010 156
1892020 156
1892030 156
1892040 156
1892050 156
1892060 156
1892070 156
1892080 156
1892090 156
1892100 156
1892110 156
1892120 156
1892130 156
1892140 157
1892150 157
1892160 157
1892170 157
1892180 157
1892190 157
1892200 157
1892210 157
1892220 157
1892230 157
1892240 157
1892250 157
1892260 156
1892270 156
1892280 156
1892290 156
1892300 156
1892310 156
1892320 156
1892330 156
1892340 156
1892350 156
1892360 156
1892370 156
1892380 156
1892390 155
1892400 155
1892410 155
1892420 155
1892430 155
1892440 155
1892450 155
1892460 155
1892470 155
1892480 154
1892490 154
1892500 154
1892510 154
1892520 154
1892530 154
1892540 154
1892550 154
1892560 154
1892570 153
1892580 153
1892590 153
1892600 153
1892610 153
1892620 153
1892630 152
1892640 152
1892650 152
1892660 152
1892670 152
1892680 152
1892690 151
1892700 151
1892710 151
1892720 150
1892730 150
1892740 150
1892750 149
1892760 149
1892770 149
1892780 147
1892790 146
1892800 146
1892810 145
1892820 144
1892830 144
1892840 144
1892850 143
1892860 143
1892870 143
1892880 143
1892890 143
1892900 143
1892910 144
1892920 144
1892930 145
1892940 147
1892950 147
1892960 148
1892970 150
1892980 150
1892990 151
1893000 153
1893010 153
1893020 153
1893030 154
1893040 154
1893050 155
1893060 156
1893070 156
1893080 156
1893090 157
1893100 157
1893110 158
1893120 159
1893130 159
1893140 160
1893150 160
1893160 160
1893170 160
1893180 161
1893190 161
1893200 161
1893210 161
1893220 161
1893230 161
1893240 161
1893250 161
1893260 161
1893270 161
1893280 161
1893290 161
1893300 161
1893310 161
1893320 161
1893330 161
1893340 161
1893350 161
1893360 161
1893370 161
1893380 161
1893390 161
1893400 161
1893410 161
1893420 161
1893430 161
1893440 161
1893450 161
1893460 161
1893470 161
1893480 161
1893490 161
1893500 161
1893510 161
1893520 161
1893530 161
1893540 161
1893550 161
1893560 161
1893570 161
1893580 161
1893590 161
1893600 161
1893610 161
1893620 161
1893630 161
1893640 161
1893650 161
1893660 161
1893670 161
1893680 161
1893690 161
1893700 161
1893710 161
1893720 161
1893730 161
1893740 161
1893750 161
1893760 161
1893770 161
1893780 161
1893790 161
1893800 161
1893810 160
1893820 160
1893830 160
1893840 160
1893850 160
1893860 160
1893870 160
1893880 160
1893890 160
1893900 160
1893910 160
1893920 160
1893930 160
1893940 160
1893950 160
1893960 161
1893970 161
1893980 161
1893990 161
1894000 161
1894010 161
1894020 161
1894030 161
1894040 161
1894050 161
1894060 161
1894070 161
1894080 161
1894090 161
1894100 161
1894110 160
1894120 160
1894130 160
1894140 160
1894150 160
1894160 160
1894170 160
1894180 160
1894190 160
1894200 160
1894210 160
1894220 160
1894230 160
1894240 159
1894250 159
1894260 159
1894270 159
1894280 159
1894290 159
1894300 159
1894310 159
1894320 159
1894330 159
1894340 159
1894350 159
1894360 159
1894370 159
1894380 159
1894390 159
1894400 159
1894410 159
1894420 159
1894430 159
1894440 159
1894450 159
1894460 159
1894470 159
1894480 159
1894490 159
1894500 159
1894510 159
1894520 159
1894530 159
1894540 159
1894550 159
1894560 159
1894570 159
1894580 159
1894590 159
1894600 159
1894610 159
1894620 159
1894630 159
1894640 159
1894650 159
1894660 159
1894670 159
1894680 159
1894690 159
1894700 159
1894710 159
1894720 159
1894730 159
1894740 159
1894750 159
1894760 159
1894770 159
1894780 159
1894790 159
1894800 159
1894810 159
1894820 159
1894830 159
1894840 158
1894850 158
1894860 158
1894870 159
1894880 159
1894890 159
1894900 159
1894910 159
1894920 159
1894930 159
1894940 159
1894950 159
1894960 159
1894970 159
1894980 159
1894990 159
1895000 159
1895010 159
1895020 159
1895030 159
1895040 159
1895050 159
1895060 159
1895070 159
1895080 159
1895090 159
1895100 159
1895110 159
1895120 159
1895130 159
1895140 159
1895150 159
1895160 159
1895170 159
1895180 159
1895190 159
1895200 159
1895210 159
1895220 159
1895230 159
1895240 160
1895250 160
1895260 160
1895270 160
1895280 160
1895290 160
1895300 160
1895310 160
1895320 160
1895330 160
1895340 160
1895350 160
1895360 160
1895370 160
1895380 160
1895390 160
1895400 160
1895410 160
1895420 160
1895430 160
1895440 159
1895450 160
1895460 160
1895470 160
1895480 160
1895490 160
1895500 159
1895510 160
1895520 160
1895530 160
1895540 160
1895550 160
1895560 160
1895570 159
1895580 159
1895590 159
1895600 159
1895610 159
1895620 159
1895630 159
1895640 159
1895650 159
1895660 159
1895670 159
1895680 159
1895690 159
1895700 159
1895710 159
1895720 159
1895730 159
1895740 159
1895750 159
1895760 159
1895770 159
1895780 159
1895790 159
1895800 159
1895810 159
1895820 159
1895830 159
1895840 159
1895850 159
1895860 159
1895870 159
1895880 159
1895890 159
1895900 159
1895910 159
1895920 159
1895930 159
1895940 159
1895950 159
1895960 159
1895970 159
1895980 159
1895990 159
1896000 159
1896010 159
1896020 159
1896030 159
1896040 159
1896050 159
1896060 159
1896070 159
1896080 159
1896090 159
1896100 159
1896110 160
1896120 160
1896130 160
1896140 159
1896150 159
1896160 159
1896170 159
1896180 159
1896190 159
1896200 159
1896210 159
1896220 159
1896230 159
1896240 159
1896250 159
1896260 159
1896270 159
1896280 159
1896290 159
1896300 159
1896310 159
1896320 159
1896330 159
1896340 159
1896350 159
1896360 159
1896370 159
1896380 159
1896390 159
1896400 159
1896410 159
1896420 159
1896430 159
1896440 159
1896450 159
1896460 159
1896470 159
1896480 159
1896490 159
1896500 159
1896510 159
1896520 159
1896530 159
1896540 159
1896550 159
1896560 159
1896570 159
1896580 159
1896590 159
1896600 159
1896610 159
1896620 159
1896630 159
1896640 159
1896650 159
1896660 159
1896670 159
1896680 159
1896690 159
1896700 159
1896710 159
1896720 159
1896730 159
1896740 159
1896750 159
1896760 159
1896770 159
1896780 159
1896790 159
1896800 159
1896810 159
1896820 159
1896830 159
1896840 159
1896850 159
1896860 159
1896870 159
1896880 159
1896890 159
1896900 159
1896910 158
1896920 158
1896930 158
1896940 158
1896950 158
1896960 158
1896970 158
1896980 158
1896990 158
1897000 158
1897010 158
1897020 158
1897030 158
1897040 158
1897050 158
1897060 158
1897070 158
1897080 158
1897090 158
1897100 158
1897110 158
1897120 157
1897130 157
1897140 157
1897150 157
1897160 157
1897170 157
1897180 157
1897190 157
1897200 157
1897210 157
1897220 157
1897230 157
1897240 157
1897250 157
1897260 157
1897270 157
1897280 157
1897290 157
1897300 157
1897310 157
1897320 157
1897330 157
1897340 157
1897350 157
1897360 156
1897370 156
1897380 156
1897390 156
1897400 156
1897410 156
1897420 156
1897430 156
1897440 156
1897450 156
1897460 156
1897470 156
1897480 156
1897490 156
1897500 156
1897510 156
1897520 156
1897530 156
1897540 156
1897550 156
1897560 156
1897570 156
1897580 156
1897590 155
1897600 155
1897610 155
1897620 154
1897630 153
1897640 153
1897650 153
1897660 154
1897670 155
1897680 155
1897690 156
1897700 156
1897710 156
1897720 157
1897730 156
1897740 156
1897750 156
1897760 156
1897770 156
1897780 156
1897790 156
1897800 156
1897810 156
1897820 156
1897830 156
1897840 156
1897850 156
1897860 156
1897870 156
1897880 156
1897890 156
1897900 156
1897910 156
1897920 156
1897930 156
1897940 156
1897950 156
1897960 156
1897970 156
1897980 156
1897990 155
1898000 155
1898010 155
1898020 155
1898030 155
1898040 155
1898050 154
1898060 154
1898070 154
1898080 153
1898090 153
1898100 153
1898110 152
1898120 152
1898130 152
1898140 152
1898150 152
1898160 152
1898170 151
1898180 151
1898190 151
1898200 151
1898210 151
1898220 151
1898230 151
1898240 150
1898250 150
1898260 149
1898270 149
1898280 149
1898290 147
1898300 146
1898310 146
1898320 143
1898330 141
1898340 141
1898350 141
1898360 140
1898370 140
1898380 139
1898390 139
1898400 139
1898410 139
1898420 139
1898430 139
1898440 139
1898450 139
1898460 139
1898470 139
1898480 139
1898490 139
1898500 140
1898510 140
1898520 140
1898530 139
1898540 139
1898550 139
1898560 139
1898570 139
1898580 139
1898590 139
1898600 140
1898610 140
1898620 142
1898630 146
1898640 146
1898650 150
1898660 152
1898670 151
1898680 151
1898690 148
1898700 146
1898710 146
1898720 145
1898730 145
1898740 145
1898750 148
1898760 151
1898770 151
1898780 153
1898790 157
1898800 157
1898810 159
1898820 159
1898830 159
1898840 159
1898850 159
1898860 159
1898870 159
1898880 159
1898890 159
1898900 159
1898910 159
1898920 159
1898930 159
1898940 159
1898950 159
1898960 159
1898970 159
1898980 158
1898990 158
1899000 159
1899010 159
1899020 159
1899030 158
1899040 158
1899050 156
1899060 155
1899070 155
1899080 155
1899090 154
1899100 154
1899110 156
1899120 158
1899130 158
1899140 158
1899150 158
1899160 158
1899170 157
1899180 156
1899190 156
1899200 155
1899210 152
1899220 152
1899230 149
1899240 146
1899250 146
1899260 144
1899270 144
1899280 144
1899290 143
1899300 142
1899310 142
1899320 141
1899330 140
1899340 140
1899350 138
1899360 137
1899370 137
1899380 134
1899390 133
1899400 133
1899410 133
1899420 133
1899430 133
1899440 133
1899450 133
1899460 133
1899470 132
1899480 131
1899490 131
1899500 130
1899510 130
1899520 130
1899530 130
1899540 130
1899550 130
1899560 130
1899570 129
1899580 129
1899590 129
1899600 129
1899610 129
1899620 129
1899630 129
1899640 129
1899650 129
1899660 129
1899670 129
1899680 129
1899690 129
1899700 129
1899710 129
1899720 129
1899730 130
1899740 130
1899750 130
1899760 129
1899770 129
1899780 129
1899790 129
1899800 129
1899810 129
1899820 129
1899830 129
1899840 129
1899850 129
1899860 129
1899870 129
1899880 130
1899890 130
1899900 130
1899910 130
1899920 130
1899930 130
1899940 130
1899950 130
1899960 130
1899970 130
1899980 130
1899990 130
