1880000 175
1880010 175
1880020 175
1880030 175
1880040 175
1880050 175
1880060 175
1880070 175
1880080 175
1880090 175
1880100 175
1880110 175
1880120 175
1880130 175
1880140 175
1880150 175
1880160 175
1880170 175
1880180 175
1880190 175
1880200 175
1880210 175
1880220 175
1880230 175
1880240 175
1880250 175
1880260 175
1880270 175
1880280 175
1880290 175
1880300 175
1880310 175
1880320 175
1880330 175
1880340 175
1880350 175
1880360 175
1880370 175
1880380 175
1880390 175
1880400 175
1880410 175
1880420 175
1880430 175
1880440 175
1880450 175
1880460 175
1880470 175
1880480 175
1880490 175
1880500 175
1880510 175
1880520 175
1880530 175
1880540 175
1880550 175
1880560 175
1880570 175
1880580 175
1880590 175
1880600 175
1880610 175
1880620 175
1880630 175
1880640 175
1880650 175
1880660 175
1880670 175
1880680 175
1880690 175
1880700 174
1880710 174
1880720 174
1880730 174
1880740 174
1880750 174
1880760 174
1880770 174
1880780 174
1880790 174
1880800 174
1880810 174
1880820 174
1880830 174
1880840 174
1880850 174
1880860 174
1880870 174
1880880 174
1880890 174
1880900 174
1880910 174
1880920 174
1880930 174
1880940 174
1880950 174
1880960 174
1880970 174
1880980 174
1880990 174
1881000 174
1881010 174
1881020 174
1881030 174
1881040 174
1881050 174
1881060 174
1881070 174
1881080 174
1881090 174
1881100 174
1881110 174
1881120 174
1881130 174
1881140 174
1881150 174
1881160 174
1881170 174
1881180 174
1881190 174
1881200 174
1881210 174
1881220 175
1881230 175
1881240 175
1881250 175
1881260 174
1881270 174
1881280 174
1881290 174
1881300 174
1881310 174
1881320 174
1881330 174
1881340 174
1881350 174
1881360 174
1881370 174
1881380 174
1881390 174
1881400 174
1881410 174
1881420 174
1881430 174
1881440 174
1881450 174
1881460 174
1881470 174
1881480 174
1881490 174
1881500 174
1881510 174
1881520 174
1881530 174
1881540 174
1881550 174
1881560 174
1881570 174
1881580 174
1881590 174
1881600 174
1881610 174
1881620 174
1881630 174
1881640 174
1881650 174
1881660 174
1881670 174
1881680 174
1881690 174
1881700 174
1881710 174
1881720 174
1881730 174
1881740 174
1881750 174
1881760 174
1881770 174
1881780 174
1881790 174
1881800 174
1881810 174
1881820 174
1881830 174
1881840 173
1881850 173
1881860 173
1881870 173
1881880 173
1881890 173
1881900 173
1881910 173
1881920 173
1881930 173
1881940 173
1881950 173
1881960 173
1881970 173
1881980 173
1881990 173
1882000 173
1882010 173
1882020 173
1882030 173
1882040 173
1882050 173
1882060 173
1882070 173
1882080 173
1882090 173
1882100 172
1882110 170
1882120 170
1882130 168
1882140 169
1882150 169
1882160 169
1882170 169
1882180 169
1882190 170
1882200 169
1882210 169
1882220 169
1882230 171
1882240 171
1882250 173
1882260 173
1882270 173
1882280 173
1882290 173
1882300 173
1882310 173
1882320 173
1882330 173
1882340 173
1882350 173
1882360 173
1882370 173
1882380 173
1882390 173
1882400 173
1882410 173
1882420 173
1882430 173
1882440 173
1882450 173
1882460 173
1882470 173
1882480 173
1882490 173
1882500 173
1882510 173
1882520 173
1882530 173
1882540 173
1882550 173
1882560 173
1882570 173
1882580 173
1882590 173
1882600 173
1882610 173
1882620 173
1882630 173
1882640 173
1882650 173
1882660 173
1882670 173
1882680 173
1882690 173
1882700 173
1882710 173
1882720 173
1882730 173
1882740 173
1882750 173
1882760 173
1882770 173
1882780 173
1882790 173
1882800 173
1882810 173
1882820 173
1882830 173
1882840 172
1882850 172
1882860 172
1882870 172
1882880 172
1882890 172
1882900 172
1882910 172
1882920 172
1882930 172
1882940 172
1882950 172
1882960 172
1882970 172
1882980 172
1882990 172
1883000 172
1883010 172
1883020 172
1883030 172
1883040 172
1883050 172
1883060 172
1883070 172
1883080 172
1883090 172
1883100 172
1883110 172
1883120 172
1883130 172
1883140 172
1883150 172
1883160 172
1883170 172
1883180 172
1883190 172
1883200 172
1883210 172
1883220 172
1883230 172
1883240 172
1883250 172
1883260 172
1883270 172
1883280 172
1883290 172
1883300 172
1883310 172
1883320 172
1883330 172
1883340 171
1883350 171
1883360 171
1883370 171
1883380 171
1883390 171
1883400 171
1883410 171
1883420 171
1883430 171
1883440 171
1883450 171
1883460 171
1883470 171
1883480 171
1883490 171
1883500 171
1883510 171
1883520 171
1883530 171
1883540 171
1883550 171
1883560 171
1883570 171
1883580 171
1883590 171
1883600 171
1883610 171
1883620 171
1883630 171
1883640 171
1883650 171
1883660 171
1883670 171
1883680 171
1883690 171
1883700 171
1883710 171
1883720 171
1883730 171
1883740 171
1883750 171
1883760 171
1883770 171
1883780 171
1883790 171
1883800 171
1883810 172
1883820 172
1883830 172
1883840 172
1883850 172
1883860 172
1883870 172
1883880 172
1883890 172
1883900 172
1883910 172
1883920 171
1883930 171
1883940 171
1883950 172
1883960 172
1883970 172
1883980 172
1883990 172
1884000 172
1884010 172
1884020 172
1884030 172
1884040 172
1884050 171
1884060 171
1884070 171
1884080 171
1884090 171
1884100 172
1884110 171
1884120 171
1884130 171
1884140 171
1884150 171
1884160 171
1884170 171
1884180 171
1884190 171
1884200 171
1884210 171
1884220 171
1884230 171
1884240 171
1884250 171
1884260 171
1884270 171
1884280 171
1884290 171
1884300 171
1884310 171
1884320 171
1884330 171
1884340 171
1884350 171
1884360 171
1884370 171
1884380 171
1884390 171
1884400 171
1884410 171
1884420 171
1884430 171
1884440 171
1884450 171
1884460 171
1884470 170
1884480 170
1884490 170
1884500 171
1884510 171
1884520 171
1884530 171
1884540 171
1884550 171
1884560 171
1884570 171
1884580 171
1884590 171
1884600 171
1884610 171
1884620 171
1884630 171
1884640 171
1884650 171
1884660 171
1884670 171
1884680 171
1884690 171
1884700 171
1884710 171
1884720 171
1884730 171
1884740 171
1884750 171
1884760 171
1884770 170
1884780 170
1884790 170
1884800 170
1884810 170
1884820 170
1884830 170
1884840 170
1884850 170
1884860 170
1884870 170
1884880 170
1884890 170
1884900 170
1884910 170
1884920 170
1884930 170
1884940 170
1884950 169
1884960 169
1884970 169
1884980 169
1884990 169
1885000 169
1885010 168
1885020 168
1885030 168
1885040 168
1885050 168
1885060 168
1885070 168
1885080 168
1885090 168
1885100 168
1885110 168
1885120 168
1885130 169
1885140 169
1885150 169
1885160 169
1885170 169
1885180 169
1885190 169
1885200 170
1885210 170
1885220 170
1885230 170
1885240 170
1885250 170
1885260 170
1885270 170
1885280 170
1885290 170
1885300 170
1885310 170
1885320 170
1885330 170
1885340 170
1885350 170
1885360 170
1885370 170
1885380 170
1885390 170
1885400 170
1885410 170
1885420 170
1885430 170
1885440 170
1885450 170
1885460 170
1885470 170
1885480 170
1885490 170
1885500 170
1885510 170
1885520 170
1885530 170
1885540 170
1885550 170
1885560 170
1885570 170
1885580 170
1885590 170
1885600 170
1885610 170
1885620 170
1885630 170
1885640 170
1885650 170
1885660 170
1885670 170
1885680 170
1885690 170
1885700 170
1885710 170
1885720 170
1885730 170
1885740 170
1885750 170
1885760 170
1885770 170
1885780 170
1885790 170
1885800 170
1885810 170
1885820 170
1885830 170
1885840 169
1885850 169
1885860 169
1885870 169
1885880 169
1885890 169
1885900 169
1885910 169
1885920 169
1885930 169
1885940 169
1885950 169
1885960 169
1885970 169
1885980 169
1885990 169
1886000 169
1886010 169
1886020 169
1886030 169
1886040 169
1886050 169
1886060 169
1886070 169
1886080 169
1886090 169
1886100 169
1886110 169
1886120 169
1886130 169
1886140 169
1886150 169
1886160 169
1886170 169
1886180 169
1886190 169
1886200 169
1886210 169
1886220 169
1886230 169
1886240 169
1886250 169
1886260 169
1886270 169
1886280 169
1886290 169
1886300 169
1886310 169
1886320 169
1886330 169
1886340 169
1886350 169
1886360 169
1886370 169
1886380 169
1886390 169
1886400 169
1886410 169
1886420 169
1886430 169
1886440 169
1886450 169
1886460 169
1886470 169
1886480 169
1886490 169
1886500 169
1886510 169
1886520 169
1886530 169
1886540 169
1886550 169
1886560 169
1886570 169
1886580 169
1886590 169
1886600 169
1886610 169
1886620 169
1886630 169
1886640 169
1886650 169
1886660 169
1886670 169
1886680 169
1886690 169
1886700 169
1886710 169
1886720 169
1886730 169
1886740 169
1886750 169
1886760 169
1886770 169
1886780 169
1886790 169
1886800 169
1886810 169
1886820 169
1886830 169
1886840 169
1886850 169
1886860 169
1886870 169
1886880 169
1886890 169
1886900 169
1886910 169
1886920 169
1886930 169
1886940 169
1886950 169
1886960 169
1886970 169
1886980 169
1886990 169
1887000 169
1887010 169
1887020 169
1887030 169
1887040 169
1887050 169
1887060 169
1887070 169
1887080 169
1887090 169
1887100 169
1887110 169
1887120 169
1887130 169
1887140 169
1887150 169
1887160 169
1887170 169
1887180 169
1887190 169
1887200 169
1887210 169
1887220 169
1887230 169
1887240 169
1887250 169
1887260 169
1887270 169
1887280 169
1887290 169
1887300 169
1887310 169
1887320 169
1887330 169
1887340 169
1887350 169
1887360 169
1887370 169
1887380 169
1887390 169
1887400 169
1887410 169
1887420 169
1887430 169
1887440 169
1887450 169
1887460 169
1887470 169
1887480 169
1887490 169
1887500 169
1887510 169
1887520 169
1887530 169
1887540 169
1887550 169
1887560 169
1887570 169
1887580 169
1887590 169
1887600 169
1887610 169
1887620 169
1887630 169
1887640 169
1887650 169
1887660 169
1887670 169
1887680 169
1887690 169
1887700 169
1887710 169
1887720 169
1887730 169
1887740 169
1887750 169
1887760 169
1887770 169
1887780 169
1887790 169
1887800 169
1887810 169
1887820 168
1887830 168
1887840 168
1887850 168
1887860 168
1887870 168
1887880 168
1887890 168
1887900 168
1887910 168
1887920 168
1887930 168
1887940 168
1887950 168
1887960 168
1887970 168
1887980 168
1887990 168
1888000 168
1888010 168
1888020 168
1888030 168
1888040 168
1888050 168
1888060 168
1888070 168
1888080 167
1888090 167
1888100 167
1888110 167
1888120 167
1888130 167
1888140 167
1888150 167
1888160 167
1888170 167
1888180 167
1888190 167
1888200 167
1888210 167
1888220 167
1888230 166
1888240 166
1888250 166
1888260 166
1888270 166
1888280 166
1888290 166
1888300 166
1888310 166
1888320 166
1888330 166
1888340 166
1888350 166
1888360 166
1888370 166
1888380 166
1888390 166
1888400 166
1888410 166
1888420 166
1888430 166
1888440 166
1888450 166
1888460 166
1888470 166
1888480 166
1888490 165
1888500 165
1888510 165
1888520 165
1888530 165
1888540 165
1888550 165
1888560 165
1888570 165
1888580 165
1888590 165
1888600 165
1888610 165
1888620 165
1888630 165
1888640 165
1888650 165
1888660 165
1888670 165
1888680 165
1888690 165
1888700 165
1888710 165
1888720 165
1888730 165
1888740 165
1888750 165
1888760 165
1888770 165
1888780 165
1888790 165
1888800 165
1888810 165
1888820 165
1888830 165
1888840 165
1888850 165
1888860 165
1888870 165
1888880 165
1888890 165
1888900 165
1888910 165
1888920 165
1888930 165
1888940 165
1888950 165
1888960 165
1888970 165
1888980 165
1888990 165
1889000 165
1889010 165
1889020 165
1889030 165
1889040 165
1889050 165
1889060 165
1889070 165
1889080 165
1889090 165
1889100 164
1889110 165
1889120 165
1889130 165
1889140 165
1889150 165
1889160 164
1889170 164
1889180 164
1889190 164
1889200 164
1889210 164
1889220 164
1889230 164
1889240 164
1889250 164
1889260 164
1889270 164
1889280 164
1889290 164
1889300 164
1889310 164
1889320 164
1889330 164
1889340 164
1889350 164
1889360 164
1889370 164
1889380 164
1889390 164
1889400 164
1889410 164
1889420 164
1889430 164
1889440 164
1889450 164
1889460 164
1889470 165
1889480 165
1889490 165
1889500 165
1889510 165
1889520 165
1889530 165
1889540 165
1889550 165
1889560 165
1889570 165
1889580 165
1889590 165
1889600 165
1889610 165
1889620 165
1889630 165
1889640 165
1889650 165
1889660 165
1889670 165
1889680 166
1889690 166
1889700 165
1889710 165
1889720 165
1889730 165
1889740 165
1889750 165
1889760 165
1889770 165
1889780 165
1889790 165
1889800 165
1889810 165
1889820 165
1889830 165
1889840 165
1889850 165
1889860 165
1889870 165
1889880 164
1889890 164
1889900 164
1889910 164
1889920 164
1889930 164
1889940 164
1889950 164
1889960 164
1889970 164
1889980 164
1889990 164
1890000 164
1890010 164
1890020 164
1890030 164
1890040 164
1890050 164
1890060 164
1890070 164
1890080 164
1890090 164
1890100 164
1890110 164
1890120 164
1890130 164
1890140 164
1890150 164
1890160 164
1890170 164
1890180 164
1890190 163
1890200 164
1890210 164
1890220 164
1890230 164
1890240 164
1890250 164
1890260 164
1890270 164
1890280 164
1890290 164
1890300 164
1890310 164
1890320 163
1890330 163
1890340 163
1890350 163
1890360 163
1890370 163
1890380 163
1890390 163
1890400 163
1890410 163
1890420 163
1890430 163
1890440 163
1890450 163
1890460 163
1890470 163
1890480 163
1890490 163
1890500 163
1890510 163
1890520 163
1890530 163
1890540 163
1890550 163
1890560 163
1890570 163
1890580 164
1890590 164
1890600 164
1890610 164
1890620 164
1890630 164
1890640 164
1890650 164
1890660 164
1890670 164
1890680 164
1890690 164
1890700 164
1890710 164
1890720 164
1890730 164
1890740 164
1890750 164
1890760 164
1890770 164
1890780 164
1890790 164
1890800 164
1890810 164
1890820 164
1890830 164
1890840 164
1890850 164
1890860 164
1890870 164
1890880 164
1890890 164
1890900 164
1890910 164
1890920 164
1890930 164
1890940 164
1890950 164
1890960 164
1890970 164
1890980 164
1890990 164
1891000 164
1891010 164
1891020 164
1891030 164
1891040 164
1891050 164
1891060 164
1891070 164
1891080 164
1891090 164
1891100 164
1891110 164
1891120 164
1891130 164
1891140 164
1891150 164
1891160 164
1891170 164
1891180 164
1891190 164
1891200 164
1891210 164
1891220 164
1891230 164
1891240 164
1891250 164
1891260 164
1891270 164
1891280 163
1891290 163
1891300 163
1891310 163
1891320 163
1891330 163
1891340 163
1891350 163
1891360 163
1891370 163
1891380 163
1891390 163
1891400 163
1891410 162
1891420 162
1891430 162
1891440 162
1891450 162
1891460 162
1891470 162
1891480 162
1891490 162
1891500 162
1891510 162
1891520 162
1891530 162
1891540 162
1891550 162
1891560 162
1891570 162
1891580 162
1891590 162
1891600 162
1891610 162
1891620 162
1891630 162
1891640 161
1891650 161
1891660 161
1891670 161
1891680 161
1891690 161
1891700 161
1891710 160
1891720 160
1891730 160
1891740 160
1891750 160
1891760 159
1891770 159
1891780 159
1891790 159
1891800 158
1891810 158
1891820 158
1891830 157
1891840 157
1891850 157
1891860 156
1891870 156
1891880 156
1891890 155
1891900 155
1891910 155
1891920 155
1891930 155
1891940 154
1891950 154
1891960 154
1891970 153
1891980 153
1891990 153
1892000 153
1892010 152
1892020 152
1892030 152
1892040 152
1892050 152
1892060 152
1892070 152
1892080 153
1892090 153
1892100 152
1892110 152
1892120 152
1892130 152
1892140 152
1892150 152
1892160 153
1892170 153
1892180 153
1892190 152
1892200 152
1892210 152
1892220 152
1892230 152
1892240 152
1892250 152
1892260 152
1892270 152
1892280 152
1892290 151
1892300 151
1892310 151
1892320 151
1892330 151
1892340 151
1892350 151
1892360 151
1892370 151
1892380 150
1892390 150
1892400 150
1892410 150
1892420 150
1892430 150
1892440 150
1892450 150
1892460 150
1892470 150
1892480 150
1892490 149
1892500 149
1892510 149
1892520 149
1892530 149
1892540 149
1892550 149
1892560 149
1892570 149
1892580 149
1892590 149
1892600 149
1892610 149
1892620 149
1892630 149
1892640 148
1892650 148
1892660 148
1892670 148
1892680 148
1892690 148
1892700 148
1892710 148
1892720 148
1892730 147
1892740 147
1892750 147
1892760 147
1892770 147
1892780 147
1892790 147
1892800 147
1892810 147
1892820 146
1892830 146
1892840 146
1892850 146
1892860 146
1892870 146
1892880 146
1892890 146
1892900 146
1892910 146
1892920 146
1892930 146
1892940 145
1892950 145
1892960 145
1892970 145
1892980 145
1892990 145
1893000 145
1893010 145
1893020 145
1893030 145
1893040 145
1893050 145
1893060 145
1893070 145
1893080 144
1893090 144
1893100 144
1893110 144
1893120 144
1893130 144
1893140 144
1893150 144
1893160 144
1893170 144
1893180 144
1893190 144
1893200 144
1893210 144
1893220 143
1893230 143
1893240 143
1893250 143
1893260 143
1893270 143
1893280 143
1893290 143
1893300 143
1893310 142
1893320 142
1893330 142
1893340 142
1893350 142
1893360 142
1893370 142
1893380 142
1893390 142
1893400 142
1893410 142
1893420 142
1893430 141
1893440 141
1893450 141
1893460 141
1893470 141
1893480 141
1893490 141
1893500 141
1893510 141
1893520 141
1893530 141
1893540 141
1893550 140
1893560 140
1893570 140
1893580 140
1893590 139
1893600 139
1893610 138
1893620 138
1893630 138
1893640 137
1893650 137
1893660 137
1893670 138
1893680 139
1893690 139
1893700 139
1893710 140
1893720 140
1893730 141
1893740 142
1893750 142
1893760 142
1893770 143
1893780 143
1893790 144
1893800 145
1893810 145
1893820 146
1893830 147
1893840 147
1893850 148
1893860 150
1893870 150
1893880 151
1893890 153
1893900 153
1893910 155
1893920 157
1893930 157
1893940 158
1893950 158
1893960 158
1893970 158
1893980 158
1893990 158
1894000 158
1894010 158
1894020 158
1894030 158
1894040 158
1894050 158
1894060 158
1894070 158
1894080 158
1894090 158
1894100 158
1894110 158
1894120 158
1894130 159
1894140 159
1894150 159
1894160 159
1894170 159
1894180 159
1894190 159
1894200 159
1894210 159
1894220 159
1894230 159
1894240 159
1894250 159
1894260 160
1894270 160
1894280 160
1894290 160
1894300 160
1894310 160
1894320 160
1894330 160
1894340 160
1894350 160
1894360 160
1894370 160
1894380 160
1894390 160
1894400 160
1894410 160
1894420 160
1894430 160
1894440 160
1894450 160
1894460 160
1894470 160
1894480 160
1894490 160
1894500 160
1894510 160
1894520 160
1894530 160
1894540 160
1894550 160
1894560 160
1894570 160
1894580 160
1894590 160
1894600 160
1894610 160
1894620 160
1894630 160
1894640 160
1894650 160
1894660 160
1894670 160
1894680 160
1894690 160
1894700 160
1894710 159
1894720 159
1894730 159
1894740 159
1894750 159
1894760 159
1894770 159
1894780 159
1894790 159
1894800 159
1894810 159
1894820 159
1894830 159
1894840 159
1894850 159
1894860 158
1894870 158
1894880 158
1894890 158
1894900 158
1894910 158
1894920 158
1894930 158
1894940 158
1894950 158
1894960 158
1894970 158
1894980 158
1894990 158
1895000 158
1895010 157
1895020 157
1895030 157
1895040 157
1895050 157
1895060 156
1895070 156
1895080 156
1895090 157
1895100 156
1895110 156
1895120 156
1895130 156
1895140 156
1895150 156
1895160 155
1895170 154
1895180 154
1895190 154
1895200 153
1895210 153
1895220 152
1895230 152
1895240 152
1895250 152
1895260 152
1895270 152
1895280 152
1895290 153
1895300 153
1895310 153
1895320 154
1895330 154
1895340 156
1895350 157
1895360 157
1895370 157
1895380 158
1895390 158
1895400 158
1895410 158
1895420 158
1895430 158
1895440 158
1895450 158
1895460 158
1895470 158
1895480 159
1895490 158
1895500 158
1895510 158
1895520 158
1895530 158
1895540 158
1895550 158
1895560 158
1895570 158
1895580 158
1895590 158
1895600 158
1895610 158
1895620 158
1895630 158
1895640 158
1895650 158
1895660 158
1895670 158
1895680 158
1895690 158
1895700 158
1895710 158
1895720 158
1895730 158
1895740 158
1895750 158
1895760 158
1895770 158
1895780 158
1895790 158
1895800 158
1895810 158
1895820 158
1895830 158
1895840 158
1895850 158
1895860 158
1895870 158
1895880 158
1895890 158
1895900 158
1895910 158
1895920 158
1895930 158
1895940 158
1895950 158
1895960 158
1895970 158
1895980 158
1895990 158
1896000 158
1896010 158
1896020 158
1896030 158
1896040 158
1896050 158
1896060 158
1896070 158
1896080 158
1896090 158
1896100 158
1896110 158
1896120 158
1896130 158
1896140 158
1896150 158
1896160 158
1896170 158
1896180 158
1896190 158
1896200 158
1896210 158
1896220 158
1896230 158
1896240 158
1896250 158
1896260 158
1896270 158
1896280 157
1896290 157
1896300 157
1896310 157
1896320 157
1896330 157
1896340 157
1896350 157
1896360 157
1896370 157
1896380 157
1896390 157
1896400 157
1896410 157
1896420 157
1896430 157
1896440 157
1896450 157
1896460 157
1896470 157
1896480 157
1896490 156
1896500 156
1896510 156
1896520 156
1896530 156
1896540 156
1896550 155
1896560 155
1896570 155
1896580 154
1896590 154
1896600 154
1896610 153
1896620 152
1896630 152
1896640 151
1896650 150
1896660 150
1896670 149
1896680 148
1896690 148
1896700 148
1896710 147
1896720 147
1896730 147
1896740 147
1896750 147
1896760 147
1896770 149
1896780 149
1896790 151
1896800 153
1896810 153
1896820 155
1896830 155
1896840 155
1896850 154
1896860 153
1896870 153
1896880 151
1896890 150
1896900 150
1896910 149
1896920 148
1896930 148
1896940 148
1896950 147
1896960 147
1896970 147
1896980 146
1896990 146
1897000 145
1897010 144
1897020 144
1897030 143
1897040 142
1897050 142
1897060 141
1897070 141
1897080 141
1897090 140
1897100 140
1897110 140
1897120 139
1897130 139
1897140 139
1897150 139
1897160 138
1897170 138
1897180 138
1897190 138
1897200 137
1897210 137
1897220 137
1897230 137
1897240 137
1897250 137
1897260 136
1897270 136
1897280 136
1897290 136
1897300 136
1897310 136
1897320 136
1897330 136
1897340 136
1897350 135
1897360 134
1897370 134
1897380 136
1897390 136
1897400 137
1897410 137
1897420 137
1897430 135
1897440 133
1897450 133
1897460 133
1897470 133
1897480 133
1897490 133
1897500 133
1897510 133
1897520 133
1897530 133
1897540 133
1897550 132
1897560 132
1897570 132
1897580 132
1897590 132
1897600 132
1897610 132
1897620 132
1897630 132
1897640 132
1897650 132
1897660 132
1897670 132
1897680 132
1897690 132
1897700 132
1897710 132
1897720 132
1897730 132
1897740 132
1897750 132
1897760 132
1897770 132
1897780 132
1897790 132
1897800 132
1897810 132
1897820 131
1897830 132
1897840 132
1897850 132
1897860 131
1897870 131
1897880 131
1897890 131
1897900 131
1897910 131
1897920 131
1897930 131
1897940 131
1897950 131
1897960 131
1897970 131
1897980 130
1897990 130
1898000 130
1898010 130
1898020 130
1898030 130
1898040 131
1898050 131
1898060 131
1898070 131
1898080 131
1898090 131
1898100 131
1898110 131
1898120 131
1898130 131
1898140 131
1898150 131
1898160 131
1898170 131
1898180 131
1898190 131
1898200 131
1898210 131
1898220 130
1898230 130
1898240 130
1898250 130
1898260 130
1898270 130
1898280 130
1898290 130
1898300 130
1898310 130
1898320 130
1898330 130
1898340 130
1898350 130
1898360 130
1898370 130
1898380 130
1898390 130
1898400 130
1898410 130
1898420 130
1898430 130
1898440 130
1898450 130
1898460 130
1898470 130
1898480 130
1898490 130
1898500 130
1898510 130
1898520 130
1898530 130
1898540 130
1898550 130
1898560 130
1898570 130
1898580 130
1898590 130
1898600 130
1898610 130
1898620 130
1898630 130
1898640 130
1898650 130
1898660 130
1898670 130
1898680 130
1898690 130
1898700 130
1898710 130
1898720 130
1898730 130
1898740 131
1898750 131
1898760 131
1898770 131
1898780 131
1898790 130
1898800 130
1898810 130
1898820 130
1898830 131
1898840 131
1898850 131
1898860 131
1898870 131
1898880 131
1898890 131
1898900 131
1898910 131
1898920 131
1898930 131
1898940 130
1898950 130
1898960 130
1898970 130
1898980 130
1898990 130
1899000 130
1899010 130
1899020 130
1899030 130
1899040 130
1899050 130
1899060 130
1899070 130
1899080 130
1899090 130
1899100 130
1899110 130
1899120 130
1899130 130
1899140 130
1899150 130
1899160 130
1899170 130
1899180 130
1899190 130
1899200 130
1899210 130
1899220 130
1899230 130
1899240 130
1899250 130
1899260 130
1899270 130
1899280 130
1899290 130
1899300 130
1899310 130
1899320 130
1899330 130
1899340 130
1899350 130
1899360 130
1899370 130
1899380 130
1899390 130
1899400 130
1899410 130
1899420 130
1899430 130
1899440 130
1899450 130
1899460 130
1899470 130
1899480 130
1899490 130
1899500 130
1899510 130
1899520 130
1899530 129
1899540 130
1899550 129
1899560 130
1899570 130
1899580 130
1899590 130
1899600 130
1899610 130
1899620 130
1899630 130
1899640 130
1899650 130
1899660 130
1899670 130
1899680 130
1899690 130
1899700 130
1899710 130
1899720 130
1899730 130
1899740 130
1899750 130
1899760 130
1899770 130
1899780 130
1899790 130
1899800 130
1899810 130
1899820 130
1899830 130
1899840 130
1899850 130
1899860 130
1899870 130
1899880 130
1899890 130
1899900 130
1899910 130
1899920 130
1899930 130
1899940 130
1899950 130
1899960 130
1899970 130
1899980 130
1899990 130
