1880000 177
1880010 177
1880020 177
1880030 177
1880040 177
1880050 177
1880060 177
1880070 177
1880080 177
1880090 177
1880100 177
1880110 177
1880120 177
1880130 177
1880140 177
1880150 177
1880160 177
1880170 177
1880180 177
1880190 177
1880200 177
1880210 177
1880220 177
1880230 177
1880240 177
1880250 177
1880260 178
1880270 178
1880280 178
1880290 177
1880300 177
1880310 177
1880320 177
1880330 177
1880340 177
1880350 177
1880360 177
1880370 177
1880380 177
1880390 177
1880400 177
1880410 177
1880420 177
1880430 177
1880440 177
1880450 177
1880460 177
1880470 177
1880480 177
1880490 177
1880500 177
1880510 177
1880520 177
1880530 177
1880540 177
1880550 177
1880560 177
1880570 177
1880580 177
1880590 177
1880600 177
1880610 177
1880620 177
1880630 177
1880640 177
1880650 177
1880660 177
1880670 177
1880680 177
1880690 177
1880700 177
1880710 177
1880720 177
1880730 177
1880740 177
1880750 177
1880760 177
1880770 177
1880780 177
1880790 177
1880800 177
1880810 177
1880820 177
1880830 177
1880840 177
1880850 177
1880860 177
1880870 177
1880880 177
1880890 177
1880900 177
1880910 177
1880920 177
1880930 177
1880940 177
1880950 177
1880960 177
1880970 177
1880980 177
1880990 177
1881000 177
1881010 177
1881020 177
1881030 177
1881040 177
1881050 177
1881060 177
1881070 177
1881080 177
1881090 177
1881100 177
1881110 177
1881120 177
1881130 177
1881140 177
1881150 177
1881160 177
1881170 177
1881180 177
1881190 177
1881200 176
1881210 176
1881220 177
1881230 177
1881240 177
1881250 177
1881260 177
1881270 177
1881280 177
1881290 177
1881300 177
1881310 177
1881320 177
1881330 177
1881340 177
1881350 177
1881360 177
1881370 176
1881380 176
1881390 176
1881400 176
1881410 176
1881420 176
1881430 176
1881440 176
1881450 176
1881460 176
1881470 176
1881480 176
1881490 176
1881500 176
1881510 176
1881520 176
1881530 176
1881540 176
1881550 176
1881560 176
1881570 176
1881580 176
1881590 176
1881600 176
1881610 176
1881620 176
1881630 176
1881640 176
1881650 177
1881660 177
1881670 177
1881680 177
1881690 177
1881700 177
1881710 177
1881720 177
1881730 177
1881740 177
1881750 177
1881760 177
1881770 177
1881780 177
1881790 177
1881800 176
1881810 176
1881820 176
1881830 176
1881840 176
1881850 176
1881860 176
1881870 176
1881880 176
1881890 176
1881900 176
1881910 177
1881920 177
1881930 177
1881940 177
1881950 176
1881960 176
1881970 176
1881980 176
1881990 176
1882000 176
1882010 176
1882020 176
1882030 176
1882040 176
1882050 176
1882060 176
1882070 176
1882080 176
1882090 176
1882100 176
1882110 176
1882120 176
1882130 176
1882140 176
1882150 176
1882160 176
1882170 176
1882180 176
1882190 176
1882200 176
1882210 176
1882220 176
1882230 176
1882240 176
1882250 176
1882260 176
1882270 176
1882280 176
1882290 176
1882300 176
1882310 176
1882320 176
1882330 176
1882340 175
1882350 173
1882360 173
1882370 174
1882380 171
1882390 171
1882400 169
1882410 167
1882420 167
1882430 166
1882440 165
1882450 165
1882460 165
1882470 164
1882480 164
1882490 164
1882500 164
1882510 164
1882520 164
1882530 163
1882540 163
1882550 163
1882560 163
1882570 163
1882580 163
1882590 163
1882600 163
1882610 163
1882620 163
1882630 163
1882640 166
1882650 171
1882660 171
1882670 174
1882680 175
1882690 175
1882700 175
1882710 176
1882720 176
1882730 175
1882740 175
1882750 175
1882760 175
1882770 175
1882780 175
1882790 175
1882800 175
1882810 175
1882820 174
1882830 174
1882840 174
1882850 174
1882860 174
1882870 174
1882880 174
1882890 174
1882900 174
1882910 174
1882920 174
1882930 174
1882940 174
1882950 174
1882960 174
1882970 174
1882980 174
1882990 174
1883000 174
1883010 174
1883020 174
1883030 174
1883040 174
1883050 174
1883060 174
1883070 174
1883080 174
1883090 174
1883100 174
1883110 174
1883120 174
1883130 174
1883140 174
1883150 174
1883160 174
1883170 174
1883180 174
1883190 174
1883200 174
1883210 174
1883220 175
1883230 175
1883240 175
1883250 175
1883260 172
1883270 172
1883280 169
1883290 168
1883300 168
1883310 167
1883320 167
1883330 167
1883340 166
1883350 165
1883360 165
1883370 166
1883380 169
1883390 169
1883400 173
1883410 175
1883420 175
1883430 175
1883440 174
1883450 174
1883460 174
1883470 174
1883480 174
1883490 174
1883500 174
1883510 174
1883520 174
1883530 174
1883540 174
1883550 174
1883560 174
1883570 174
1883580 174
1883590 174
1883600 174
1883610 174
1883620 174
1883630 174
1883640 174
1883650 174
1883660 174
1883670 174
1883680 174
1883690 174
1883700 174
1883710 174
1883720 174
1883730 174
1883740 174
1883750 174
1883760 174
1883770 174
1883780 174
1883790 174
1883800 174
1883810 174
1883820 174
1883830 174
1883840 174
1883850 174
1883860 174
1883870 174
1883880 174
1883890 174
1883900 174
1883910 174
1883920 173
1883930 173
1883940 173
1883950 174
1883960 174
1883970 174
1883980 174
1883990 174
1884000 174
1884010 174
1884020 174
1884030 174
1884040 174
1884050 174
1884060 174
1884070 174
1884080 174
1884090 174
1884100 174
1884110 174
1884120 174
1884130 174
1884140 174
1884150 174
1884160 174
1884170 174
1884180 174
1884190 174
1884200 174
1884210 174
1884220 174
1884230 174
1884240 174
1884250 174
1884260 174
1884270 174
1884280 174
1884290 174
1884300 174
1884310 174
1884320 174
1884330 174
1884340 174
1884350 174
1884360 174
1884370 174
1884380 174
1884390 174
1884400 174
1884410 174
1884420 174
1884430 174
1884440 174
1884450 174
1884460 174
1884470 174
1884480 174
1884490 174
1884500 174
1884510 174
1884520 174
1884530 173
1884540 173
1884550 173
1884560 173
1884570 173
1884580 173
1884590 174
1884600 174
1884610 173
1884620 173
1884630 173
1884640 173
1884650 173
1884660 173
1884670 173
1884680 173
1884690 173
1884700 173
1884710 173
1884720 173
1884730 173
1884740 173
1884750 173
1884760 173
1884770 173
1884780 173
1884790 173
1884800 173
1884810 173
1884820 173
1884830 173
1884840 173
1884850 173
1884860 173
1884870 173
1884880 173
1884890 173
1884900 173
1884910 173
1884920 173
1884930 173
1884940 173
1884950 173
1884960 173
1884970 173
1884980 173
1884990 173
1885000 173
1885010 173
1885020 173
1885030 173
1885040 173
1885050 173
1885060 173
1885070 173
1885080 173
1885090 173
1885100 173
1885110 173
1885120 173
1885130 173
1885140 173
1885150 173
1885160 173
1885170 173
1885180 173
1885190 173
1885200 173
1885210 173
1885220 173
1885230 173
1885240 173
1885250 173
1885260 173
1885270 173
1885280 173
1885290 173
1885300 173
1885310 173
1885320 173
1885330 173
1885340 173
1885350 173
1885360 173
1885370 173
1885380 173
1885390 173
1885400 173
1885410 173
1885420 173
1885430 173
1885440 173
1885450 173
1885460 173
1885470 173
1885480 173
1885490 173
1885500 173
1885510 173
1885520 173
1885530 173
1885540 173
1885550 173
1885560 173
1885570 173
1885580 173
1885590 173
1885600 173
1885610 173
1885620 173
1885630 173
1885640 173
1885650 173
1885660 173
1885670 173
1885680 173
1885690 173
1885700 173
1885710 173
1885720 173
1885730 173
1885740 173
1885750 173
1885760 173
1885770 173
1885780 173
1885790 173
1885800 173
1885810 173
1885820 173
1885830 173
1885840 173
1885850 173
1885860 173
1885870 173
1885880 173
1885890 173
1885900 173
1885910 173
1885920 173
1885930 173
1885940 173
1885950 173
1885960 173
1885970 173
1885980 173
1885990 173
1886000 173
1886010 173
1886020 173
1886030 173
1886040 173
1886050 173
1886060 173
1886070 173
1886080 173
1886090 173
1886100 173
1886110 173
1886120 173
1886130 173
1886140 173
1886150 173
1886160 173
1886170 173
1886180 173
1886190 173
1886200 173
1886210 173
1886220 172
1886230 172
1886240 172
1886250 172
1886260 172
1886270 172
1886280 172
1886290 172
1886300 172
1886310 172
1886320 172
1886330 172
1886340 172
1886350 172
1886360 172
1886370 172
1886380 172
1886390 172
1886400 172
1886410 172
1886420 172
1886430 172
1886440 172
1886450 172
1886460 172
1886470 172
1886480 172
1886490 172
1886500 172
1886510 172
1886520 172
1886530 172
1886540 172
1886550 171
1886560 171
1886570 171
1886580 171
1886590 171
1886600 171
1886610 171
1886620 171
1886630 171
1886640 171
1886650 171
1886660 171
1886670 171
1886680 171
1886690 171
1886700 171
1886710 171
1886720 171
1886730 171
1886740 171
1886750 171
1886760 171
1886770 171
1886780 171
1886790 171
1886800 171
1886810 171
1886820 171
1886830 171
1886840 171
1886850 171
1886860 171
1886870 171
1886880 170
1886890 170
1886900 170
1886910 170
1886920 170
1886930 170
1886940 170
1886950 170
1886960 170
1886970 170
1886980 170
1886990 170
1887000 170
1887010 170
1887020 170
1887030 170
1887040 169
1887050 169
1887060 169
1887070 169
1887080 169
1887090 169
1887100 169
1887110 169
1887120 169
1887130 169
1887140 169
1887150 169
1887160 169
1887170 169
1887180 169
1887190 169
1887200 169
1887210 169
1887220 169
1887230 169
1887240 169
1887250 169
1887260 169
1887270 169
1887280 168
1887290 168
1887300 168
1887310 168
1887320 168
1887330 167
1887340 168
1887350 168
1887360 168
1887370 168
1887380 168
1887390 168
1887400 168
1887410 168
1887420 168
1887430 168
1887440 168
1887450 168
1887460 167
1887470 167
1887480 167
1887490 167
1887500 167
1887510 167
1887520 167
1887530 167
1887540 167
1887550 167
1887560 167
1887570 167
1887580 166
1887590 166
1887600 166
1887610 166
1887620 166
1887630 166
1887640 166
1887650 165
1887660 165
1887670 165
1887680 165
1887690 165
1887700 165
1887710 164
1887720 164
1887730 164
1887740 164
1887750 164
1887760 164
1887770 164
1887780 164
1887790 164
1887800 164
1887810 164
1887820 164
1887830 164
1887840 164
1887850 164
1887860 164
1887870 164
1887880 163
1887890 163
1887900 163
1887910 163
1887920 163
1887930 163
1887940 163
1887950 163
1887960 163
1887970 163
1887980 163
1887990 163
1888000 163
1888010 163
1888020 163
1888030 163
1888040 163
1888050 163
1888060 163
1888070 163
1888080 163
1888090 162
1888100 162
1888110 162
1888120 162
1888130 162
1888140 162
1888150 163
1888160 162
1888170 162
1888180 162
1888190 162
1888200 162
1888210 162
1888220 162
1888230 162
1888240 162
1888250 163
1888260 163
1888270 163
1888280 164
1888290 164
1888300 164
1888310 163
1888320 163
1888330 163
1888340 163
1888350 163
1888360 163
1888370 162
1888380 162
1888390 162
1888400 162
1888410 162
1888420 162
1888430 162
1888440 162
1888450 163
1888460 163
1888470 163
1888480 164
1888490 164
1888500 164
1888510 165
1888520 165
1888530 165
1888540 165
1888550 166
1888560 166
1888570 166
1888580 166
1888590 166
1888600 167
1888610 167
1888620 167
1888630 167
1888640 167
1888650 167
1888660 167
1888670 168
1888680 168
1888690 168
1888700 168
1888710 168
1888720 168
1888730 168
1888740 168
1888750 168
1888760 168
1888770 168
1888780 168
1888790 168
1888800 168
1888810 168
1888820 168
1888830 168
1888840 168
1888850 167
1888860 167
1888870 167
1888880 167
1888890 167
1888900 167
1888910 167
1888920 167
1888930 167
1888940 167
1888950 167
1888960 167
1888970 166
1888980 166
1888990 166
1889000 166
1889010 166
1889020 166
1889030 166
1889040 166
1889050 166
1889060 166
1889070 166
1889080 166
1889090 165
1889100 165
1889110 165
1889120 165
1889130 165
1889140 165
1889150 165
1889160 165
1889170 165
1889180 165
1889190 165
1889200 165
1889210 165
1889220 165
1889230 165
1889240 165
1889250 165
1889260 165
1889270 165
1889280 165
1889290 165
1889300 165
1889310 166
1889320 166
1889330 166
1889340 166
1889350 166
1889360 166
1889370 167
1889380 167
1889390 167
1889400 167
1889410 167
1889420 167
1889430 167
1889440 167
1889450 166
1889460 166
1889470 166
1889480 166
1889490 166
1889500 166
1889510 166
1889520 165
1889530 165
1889540 165
1889550 165
1889560 165
1889570 164
1889580 163
1889590 163
1889600 163
1889610 162
1889620 162
1889630 161
1889640 161
1889650 161
1889660 160
1889670 160
1889680 160
1889690 159
1889700 159
1889710 159
1889720 158
1889730 158
1889740 158
1889750 158
1889760 157
1889770 157
1889780 157
1889790 156
1889800 156
1889810 156
1889820 155
1889830 155
1889840 155
1889850 155
1889860 154
1889870 154
1889880 154
1889890 154
1889900 154
1889910 153
1889920 153
1889930 153
1889940 153
1889950 152
1889960 152
1889970 152
1889980 152
1889990 152
1890000 152
1890010 152
1890020 152
1890030 151
1890040 151
1890050 151
1890060 151
1890070 151
1890080 151
1890090 151
1890100 150
1890110 150
1890120 150
1890130 150
1890140 150
1890150 150
1890160 150
1890170 150
1890180 150
1890190 149
1890200 149
1890210 149
1890220 149
1890230 149
1890240 149
1890250 149
1890260 149
1890270 149
1890280 149
1890290 149
1890300 148
1890310 148
1890320 148
1890330 148
1890340 148
1890350 148
1890360 148
1890370 148
1890380 148
1890390 148
1890400 148
1890410 148
1890420 148
1890430 148
1890440 148
1890450 148
1890460 147
1890470 147
1890480 147
1890490 147
1890500 147
1890510 147
1890520 147
1890530 147
1890540 147
1890550 147
1890560 147
1890570 148
1890580 148
1890590 148
1890600 148
1890610 148
1890620 148
1890630 148
1890640 148
1890650 148
1890660 148
1890670 148
1890680 148
1890690 148
1890700 148
1890710 148
1890720 148
1890730 148
1890740 148
1890750 148
1890760 148
1890770 148
1890780 148
1890790 148
1890800 148
1890810 148
1890820 148
1890830 148
1890840 148
1890850 148
1890860 148
1890870 148
1890880 148
1890890 148
1890900 148
1890910 148
1890920 148
1890930 148
1890940 148
1890950 148
1890960 148
1890970 148
1890980 148
1890990 148
1891000 148
1891010 148
1891020 148
1891030 148
1891040 148
1891050 148
1891060 148
1891070 148
1891080 148
1891090 148
1891100 148
1891110 148
1891120 148
1891130 148
1891140 148
1891150 147
1891160 147
1891170 147
1891180 147
1891190 147
1891200 147
1891210 147
1891220 147
1891230 147
1891240 147
1891250 147
1891260 147
1891270 147
1891280 147
1891290 147
1891300 146
1891310 146
1891320 146
1891330 146
1891340 146
1891350 146
1891360 146
1891370 146
1891380 146
1891390 146
1891400 146
1891410 146
1891420 146
1891430 145
1891440 145
1891450 145
1891460 145
1891470 145
1891480 145
1891490 145
1891500 145
1891510 144
1891520 144
1891530 144
1891540 144
1891550 144
1891560 144
1891570 144
1891580 143
1891590 143
1891600 143
1891610 143
1891620 143
1891630 143
1891640 143
1891650 143
1891660 143
1891670 143
1891680 143
1891690 143
1891700 143
1891710 143
1891720 144
1891730 144
1891740 144
1891750 145
1891760 145
1891770 145
1891780 146
1891790 146
1891800 146
1891810 146
1891820 146
1891830 146
1891840 146
1891850 146
1891860 146
1891870 146
1891880 146
1891890 146
1891900 146
1891910 146
1891920 146
1891930 146
1891940 146
1891950 146
1891960 146
1891970 146
1891980 146
1891990 146
1892000 146
1892010 146
1892020 146
1892030 146
1892040 146
1892050 146
1892060 146
1892070 146
1892080 146
1892090 146
1892100 146
1892110 146
1892120 146
1892130 146
1892140 146
1892150 146
1892160 145
1892170 145
1892180 144
1892190 143
1892200 143
1892210 143
1892220 143
1892230 143
1892240 143
1892250 144
1892260 144
1892270 144
1892280 144
1892290 144
1892300 144
1892310 144
1892320 144
1892330 144
1892340 144
1892350 144
1892360 144
1892370 144
1892380 144
1892390 144
1892400 144
1892410 144
1892420 144
1892430 143
1892440 143
1892450 143
1892460 143
1892470 143
1892480 143
1892490 143
1892500 143
1892510 143
1892520 143
1892530 143
1892540 143
1892550 143
1892560 143
1892570 143
1892580 143
1892590 143
1892600 142
1892610 141
1892620 141
1892630 141
1892640 141
1892650 141
1892660 142
1892670 143
1892680 143
1892690 143
1892700 142
1892710 142
1892720 142
1892730 141
1892740 141
1892750 140
1892760 138
1892770 138
1892780 138
1892790 138
1892800 138
1892810 138
1892820 138
1892830 138
1892840 138
1892850 138
1892860 138
1892870 138
1892880 138
1892890 138
1892900 138
1892910 137
1892920 137
1892930 137
1892940 137
1892950 137
1892960 137
1892970 137
1892980 137
1892990 137
1893000 137
1893010 137
1893020 137
1893030 137
1893040 137
1893050 137
1893060 137
1893070 137
1893080 137
1893090 137
1893100 137
1893110 137
1893120 136
1893130 136
1893140 136
1893150 136
1893160 136
1893170 136
1893180 136
1893190 136
1893200 136
1893210 136
1893220 136
1893230 136
1893240 136
1893250 136
1893260 136
1893270 136
1893280 136
1893290 136
1893300 136
1893310 136
1893320 136
1893330 136
1893340 136
1893350 136
1893360 136
1893370 136
1893380 136
1893390 136
1893400 135
1893410 135
1893420 135
1893430 135
1893440 135
1893450 135
1893460 135
1893470 135
1893480 135
1893490 135
1893500 135
1893510 135
1893520 135
1893530 135
1893540 135
1893550 134
1893560 134
1893570 134
1893580 134
1893590 134
1893600 134
1893610 134
1893620 134
1893630 134
1893640 134
1893650 134
1893660 134
1893670 134
1893680 134
1893690 134
1893700 134
1893710 134
1893720 134
1893730 134
1893740 134
1893750 134
1893760 134
1893770 134
1893780 134
1893790 134
1893800 134
1893810 134
1893820 134
1893830 134
1893840 134
1893850 134
1893860 134
1893870 134
1893880 133
1893890 133
1893900 133
1893910 133
1893920 133
1893930 133
1893940 133
1893950 133
1893960 134
1893970 134
1893980 134
1893990 134
1894000 134
1894010 134
1894020 133
1894030 133
1894040 133
1894050 134
1894060 134
1894070 134
1894080 134
1894090 134
1894100 134
1894110 134
1894120 134
1894130 134
1894140 134
1894150 134
1894160 134
1894170 134
1894180 134
1894190 134
1894200 134
1894210 134
1894220 134
1894230 134
1894240 134
1894250 134
1894260 134
1894270 134
1894280 134
1894290 134
1894300 134
1894310 134
1894320 134
1894330 134
1894340 134
1894350 134
1894360 134
1894370 133
1894380 133
1894390 133
1894400 133
1894410 133
1894420 133
1894430 133
1894440 133
1894450 133
1894460 133
1894470 133
1894480 133
1894490 133
1894500 133
1894510 133
1894520 133
1894530 133
1894540 133
1894550 133
1894560 133
1894570 133
1894580 133
1894590 133
1894600 133
1894610 133
1894620 133
1894630 133
1894640 133
1894650 133
1894660 133
1894670 133
1894680 133
1894690 133
1894700 133
1894710 133
1894720 133
1894730 133
1894740 133
1894750 133
1894760 133
1894770 133
1894780 134
1894790 134
1894800 134
1894810 134
1894820 133
1894830 133
1894840 132
1894850 132
1894860 132
1894870 132
1894880 132
1894890 132
1894900 132
1894910 132
1894920 132
1894930 133
1894940 133
1894950 133
1894960 133
1894970 133
1894980 133
1894990 133
1895000 133
1895010 133
1895020 133
1895030 133
1895040 133
1895050 133
1895060 133
1895070 133
1895080 133
1895090 133
1895100 133
1895110 133
1895120 133
1895130 133
1895140 133
1895150 133
1895160 133
1895170 133
1895180 133
1895190 133
1895200 133
1895210 133
1895220 133
1895230 133
1895240 133
1895250 133
1895260 133
1895270 133
1895280 133
1895290 133
1895300 133
1895310 133
1895320 133
1895330 133
1895340 133
1895350 133
1895360 133
1895370 133
1895380 133
1895390 133
1895400 133
1895410 133
1895420 133
1895430 133
1895440 133
1895450 133
1895460 133
1895470 133
1895480 133
1895490 133
1895500 133
1895510 133
1895520 133
1895530 133
1895540 133
1895550 133
1895560 133
1895570 133
1895580 133
1895590 133
1895600 133
1895610 132
1895620 132
1895630 132
1895640 132
1895650 132
1895660 132
1895670 132
1895680 132
1895690 132
1895700 132
1895710 132
1895720 132
1895730 132
1895740 132
1895750 132
1895760 132
1895770 132
1895780 132
1895790 132
1895800 132
1895810 132
1895820 132
1895830 132
1895840 132
1895850 132
1895860 132
1895870 133
1895880 133
1895890 133
1895900 133
1895910 133
1895920 133
1895930 133
1895940 133
1895950 133
1895960 133
1895970 133
1895980 133
1895990 133
1896000 133
1896010 133
1896020 133
1896030 133
1896040 133
1896050 133
1896060 132
1896070 132
1896080 132
1896090 132
1896100 132
1896110 132
1896120 132
1896130 132
1896140 132
1896150 132
1896160 132
1896170 132
1896180 132
1896190 132
1896200 132
1896210 132
1896220 132
1896230 132
1896240 132
1896250 132
1896260 132
1896270 132
1896280 132
1896290 132
1896300 132
1896310 132
1896320 132
1896330 132
1896340 132
1896350 132
1896360 132
1896370 132
1896380 132
1896390 132
1896400 132
1896410 132
1896420 132
1896430 132
1896440 132
1896450 132
1896460 132
1896470 132
1896480 132
1896490 132
1896500 132
1896510 132
1896520 132
1896530 132
1896540 132
1896550 132
1896560 132
1896570 132
1896580 132
1896590 132
1896600 132
1896610 132
1896620 132
1896630 132
1896640 132
1896650 132
1896660 132
1896670 132
1896680 132
1896690 132
1896700 132
1896710 132
1896720 132
1896730 132
1896740 132
1896750 132
1896760 132
1896770 132
1896780 132
1896790 132
1896800 132
1896810 132
1896820 132
1896830 132
1896840 132
1896850 132
1896860 132
1896870 132
1896880 132
1896890 132
1896900 132
1896910 132
1896920 132
1896930 132
1896940 132
1896950 132
1896960 132
1896970 132
1896980 132
1896990 132
1897000 132
1897010 132
1897020 131
1897030 131
1897040 131
1897050 131
1897060 131
1897070 131
1897080 131
1897090 131
1897100 131
1897110 131
1897120 131
1897130 131
1897140 131
1897150 131
1897160 131
1897170 131
1897180 131
1897190 131
1897200 131
1897210 131
1897220 131
1897230 131
1897240 131
1897250 131
1897260 131
1897270 131
1897280 131
1897290 131
1897300 131
1897310 131
1897320 131
1897330 131
1897340 131
1897350 131
1897360 131
1897370 131
1897380 131
1897390 131
1897400 131
1897410 131
1897420 131
1897430 131
1897440 131
1897450 131
1897460 131
1897470 131
1897480 131
1897490 131
1897500 131
1897510 131
1897520 131
1897530 131
1897540 131
1897550 131
1897560 131
1897570 131
1897580 131
1897590 131
1897600 131
1897610 131
1897620 131
1897630 131
1897640 131
1897650 131
1897660 131
1897670 131
1897680 131
1897690 131
1897700 131
1897710 131
1897720 131
1897730 131
1897740 131
1897750 131
1897760 131
1897770 131
1897780 131
1897790 131
1897800 131
1897810 131
1897820 131
1897830 131
1897840 131
1897850 131
1897860 131
1897870 131
1897880 131
1897890 131
1897900 131
1897910 131
1897920 131
1897930 131
1897940 131
1897950 131
1897960 131
1897970 131
1897980 131
1897990 131
1898000 131
1898010 131
1898020 131
1898030 131
1898040 131
1898050 131
1898060 131
1898070 131
1898080 131
1898090 131
1898100 131
1898110 131
1898120 131
1898130 131
1898140 131
1898150 131
1898160 131
1898170 131
1898180 131
1898190 131
1898200 131
1898210 131
1898220 131
1898230 131
1898240 131
1898250 131
1898260 131
1898270 131
1898280 131
1898290 131
1898300 131
1898310 131
1898320 131
1898330 131
1898340 131
1898350 131
1898360 131
1898370 131
1898380 131
1898390 131
1898400 131
1898410 131
1898420 131
1898430 131
1898440 131
1898450 131
1898460 131
1898470 131
1898480 131
1898490 131
1898500 131
1898510 131
1898520 131
1898530 131
1898540 131
1898550 131
1898560 131
1898570 131
1898580 131
1898590 131
1898600 131
1898610 131
1898620 131
1898630 131
1898640 131
1898650 131
1898660 131
1898670 131
1898680 131
1898690 131
1898700 131
1898710 131
1898720 131
1898730 131
1898740 131
1898750 131
1898760 131
1898770 131
1898780 131
1898790 131
1898800 131
1898810 131
1898820 131
1898830 131
1898840 131
1898850 131
1898860 131
1898870 131
1898880 131
1898890 131
1898900 131
1898910 131
1898920 131
1898930 131
1898940 131
1898950 131
1898960 131
1898970 131
1898980 131
1898990 131
1899000 131
1899010 131
1899020 131
1899030 131
1899040 131
1899050 131
1899060 131
1899070 131
1899080 131
1899090 131
1899100 131
1899110 131
1899120 131
1899130 131
1899140 131
1899150 131
1899160 131
1899170 131
1899180 131
1899190 131
1899200 131
1899210 131
1899220 131
1899230 131
1899240 131
1899250 131
1899260 131
1899270 131
1899280 131
1899290 131
1899300 131
1899310 131
1899320 131
1899330 131
1899340 131
1899350 131
1899360 131
1899370 131
1899380 131
1899390 131
1899400 131
1899410 131
1899420 131
1899430 131
1899440 131
1899450 131
1899460 131
1899470 131
1899480 131
1899490 131
1899500 131
1899510 131
1899520 131
1899530 131
1899540 131
1899550 131
1899560 131
1899570 131
1899580 131
1899590 131
1899600 131
1899610 131
1899620 131
1899630 131
1899640 131
1899650 131
1899660 131
1899670 131
1899680 132
1899690 132
1899700 132
1899710 132
1899720 132
1899730 132
1899740 132
1899750 132
1899760 132
1899770 131
1899780 131
1899790 131
1899800 132
1899810 132
1899820 132
1899830 132
1899840 132
1899850 132
1899860 132
1899870 131
1899880 131
1899890 131
1899900 131
1899910 131
1899920 131
1899930 131
1899940 131
1899950 131
1899960 131
1899970 131
1899980 131
1899990 131
