1880000 179
1880010 179
1880020 179
1880030 179
1880040 179
1880050 179
1880060 179
1880070 179
1880080 179
1880090 179
1880100 179
1880110 180
1880120 180
1880130 180
1880140 179
1880150 179
1880160 179
1880170 179
1880180 179
1880190 179
1880200 179
1880210 179
1880220 179
1880230 179
1880240 179
1880250 179
1880260 179
1880270 179
1880280 179
1880290 179
1880300 179
1880310 179
1880320 179
1880330 179
1880340 179
1880350 179
1880360 179
1880370 179
1880380 179
1880390 179
1880400 179
1880410 179
1880420 179
1880430 179
1880440 179
1880450 179
1880460 179
1880470 179
1880480 179
1880490 179
1880500 179
1880510 179
1880520 179
1880530 179
1880540 179
1880550 179
1880560 179
1880570 179
1880580 179
1880590 179
1880600 179
1880610 179
1880620 179
1880630 179
1880640 179
1880650 179
1880660 179
1880670 179
1880680 179
1880690 179
1880700 179
1880710 179
1880720 179
1880730 179
1880740 179
1880750 179
1880760 179
1880770 179
1880780 179
1880790 179
1880800 179
1880810 179
1880820 179
1880830 179
1880840 179
1880850 179
1880860 179
1880870 179
1880880 179
1880890 179
1880900 179
1880910 179
1880920 179
1880930 179
1880940 179
1880950 179
1880960 179
1880970 178
1880980 178
1880990 179
1881000 179
1881010 179
1881020 179
1881030 179
1881040 179
1881050 179
1881060 179
1881070 179
1881080 179
1881090 179
1881100 179
1881110 178
1881120 178
1881130 179
1881140 179
1881150 179
1881160 179
1881170 179
1881180 179
1881190 179
1881200 179
1881210 179
1881220 179
1881230 179
1881240 179
1881250 179
1881260 179
1881270 178
1881280 178
1881290 178
1881300 179
1881310 179
1881320 179
1881330 179
1881340 178
1881350 178
1881360 179
1881370 179
1881380 179
1881390 179
1881400 179
1881410 179
1881420 178
1881430 178
1881440 178
1881450 178
1881460 178
1881470 178
1881480 179
1881490 179
1881500 179
1881510 179
1881520 179
1881530 179
1881540 178
1881550 178
1881560 178
1881570 178
1881580 178
1881590 178
1881600 178
1881610 178
1881620 178
1881630 178
1881640 178
1881650 178
1881660 178
1881670 178
1881680 178
1881690 178
1881700 178
1881710 178
1881720 178
1881730 178
1881740 178
1881750 178
1881760 178
1881770 178
1881780 178
1881790 178
1881800 178
1881810 178
1881820 178
1881830 178
1881840 178
1881850 178
1881860 178
1881870 178
1881880 178
1881890 178
1881900 178
1881910 178
1881920 178
1881930 178
1881940 178
1881950 178
1881960 178
1881970 178
1881980 178
1881990 178
1882000 178
1882010 178
1882020 178
1882030 178
1882040 178
1882050 178
1882060 178
1882070 178
1882080 178
1882090 178
1882100 178
1882110 178
1882120 178
1882130 178
1882140 178
1882150 178
1882160 178
1882170 178
1882180 178
1882190 178
1882200 178
1882210 178
1882220 178
1882230 178
1882240 178
1882250 178
1882260 178
1882270 178
1882280 178
1882290 178
1882300 178
1882310 178
1882320 178
1882330 178
1882340 178
1882350 178
1882360 178
1882370 178
1882380 178
1882390 178
1882400 178
1882410 178
1882420 178
1882430 178
1882440 178
1882450 178
1882460 178
1882470 178
1882480 178
1882490 178
1882500 178
1882510 178
1882520 178
1882530 178
1882540 178
1882550 178
1882560 178
1882570 178
1882580 178
1882590 178
1882600 178
1882610 178
1882620 178
1882630 178
1882640 178
1882650 178
1882660 177
1882670 177
1882680 177
1882690 177
1882700 178
1882710 178
1882720 177
1882730 177
1882740 177
1882750 177
1882760 177
1882770 177
1882780 177
1882790 177
1882800 177
1882810 177
1882820 177
1882830 177
1882840 177
1882850 177
1882860 177
1882870 177
1882880 177
1882890 177
1882900 177
1882910 177
1882920 177
1882930 177
1882940 178
1882950 178
1882960 179
1882970 178
1882980 178
1882990 178
1883000 177
1883010 177
1883020 177
1883030 177
1883040 177
1883050 177
1883060 177
1883070 177
1883080 177
1883090 177
1883100 177
1883110 177
1883120 177
1883130 177
1883140 177
1883150 178
1883160 178
1883170 178
1883180 178
1883190 178
1883200 178
1883210 178
1883220 178
1883230 178
1883240 178
1883250 178
1883260 178
1883270 178
1883280 178
1883290 178
1883300 178
1883310 178
1883320 178
1883330 177
1883340 177
1883350 177
1883360 177
1883370 177
1883380 177
1883390 177
1883400 177
1883410 177
1883420 177
1883430 177
1883440 177
1883450 177
1883460 177
1883470 177
1883480 177
1883490 177
1883500 177
1883510 177
1883520 177
1883530 177
1883540 177
1883550 177
1883560 177
1883570 177
1883580 177
1883590 177
1883600 177
1883610 177
1883620 177
1883630 177
1883640 177
1883650 177
1883660 177
1883670 177
1883680 177
1883690 177
1883700 177
1883710 177
1883720 177
1883730 177
1883740 177
1883750 177
1883760 177
1883770 177
1883780 177
1883790 177
1883800 177
1883810 177
1883820 177
1883830 177
1883840 177
1883850 177
1883860 177
1883870 177
1883880 177
1883890 177
1883900 177
1883910 177
1883920 177
1883930 177
1883940 177
1883950 177
1883960 177
1883970 177
1883980 177
1883990 177
1884000 177
1884010 177
1884020 177
1884030 176
1884040 176
1884050 176
1884060 176
1884070 176
1884080 176
1884090 176
1884100 176
1884110 176
1884120 176
1884130 176
1884140 176
1884150 176
1884160 176
1884170 176
1884180 176
1884190 176
1884200 176
1884210 176
1884220 176
1884230 176
1884240 176
1884250 176
1884260 176
1884270 176
1884280 176
1884290 176
1884300 176
1884310 176
1884320 176
1884330 176
1884340 176
1884350 176
1884360 176
1884370 176
1884380 176
1884390 176
1884400 176
1884410 176
1884420 176
1884430 176
1884440 176
1884450 176
1884460 176
1884470 176
1884480 176
1884490 176
1884500 176
1884510 176
1884520 176
1884530 176
1884540 176
1884550 176
1884560 176
1884570 176
1884580 176
1884590 176
1884600 176
1884610 176
1884620 176
1884630 176
1884640 176
1884650 176
1884660 176
1884670 176
1884680 175
1884690 176
1884700 176
1884710 175
1884720 175
1884730 175
1884740 175
1884750 175
1884760 175
1884770 175
1884780 175
1884790 175
1884800 176
1884810 176
1884820 176
1884830 175
1884840 175
1884850 175
1884860 175
1884870 175
1884880 175
1884890 175
1884900 175
1884910 175
1884920 175
1884930 175
1884940 175
1884950 175
1884960 175
1884970 175
1884980 175
1884990 175
1885000 175
1885010 175
1885020 175
1885030 175
1885040 175
1885050 175
1885060 175
1885070 175
1885080 175
1885090 175
1885100 175
1885110 175
1885120 175
1885130 175
1885140 175
1885150 175
1885160 175
1885170 175
1885180 175
1885190 175
1885200 175
1885210 175
1885220 175
1885230 175
1885240 175
1885250 175
1885260 175
1885270 175
1885280 175
1885290 175
1885300 175
1885310 175
1885320 175
1885330 175
1885340 175
1885350 175
1885360 175
1885370 175
1885380 175
1885390 175
1885400 175
1885410 175
1885420 175
1885430 175
1885440 175
1885450 175
1885460 175
1885470 175
1885480 175
1885490 175
1885500 175
1885510 175
1885520 175
1885530 175
1885540 175
1885550 175
1885560 175
1885570 175
1885580 175
1885590 175
1885600 175
1885610 175
1885620 175
1885630 175
1885640 175
1885650 175
1885660 175
1885670 175
1885680 175
1885690 175
1885700 175
1885710 175
1885720 175
1885730 175
1885740 175
1885750 175
1885760 175
1885770 175
1885780 174
1885790 174
1885800 174
1885810 174
1885820 174
1885830 174
1885840 174
1885850 174
1885860 174
1885870 174
1885880 174
1885890 174
1885900 174
1885910 174
1885920 174
1885930 174
1885940 174
1885950 174
1885960 174
1885970 174
1885980 174
1885990 174
1886000 174
1886010 174
1886020 174
1886030 174
1886040 174
1886050 174
1886060 174
1886070 174
1886080 174
1886090 174
1886100 174
1886110 174
1886120 174
1886130 174
1886140 174
1886150 174
1886160 174
1886170 174
1886180 174
1886190 174
1886200 173
1886210 173
1886220 173
1886230 173
1886240 173
1886250 173
1886260 173
1886270 173
1886280 173
1886290 173
1886300 172
1886310 172
1886320 172
1886330 172
1886340 172
1886350 172
1886360 172
1886370 172
1886380 172
1886390 172
1886400 172
1886410 172
1886420 172
1886430 172
1886440 172
1886450 172
1886460 172
1886470 172
1886480 172
1886490 172
1886500 172
1886510 172
1886520 172
1886530 172
1886540 172
1886550 172
1886560 172
1886570 172
1886580 172
1886590 171
1886600 171
1886610 171
1886620 171
1886630 171
1886640 171
1886650 171
1886660 171
1886670 171
1886680 171
1886690 171
1886700 171
1886710 171
1886720 171
1886730 171
1886740 171
1886750 171
1886760 171
1886770 171
1886780 171
1886790 171
1886800 171
1886810 171
1886820 171
1886830 171
1886840 171
1886850 171
1886860 171
1886870 171
1886880 171
1886890 171
1886900 171
1886910 171
1886920 171
1886930 171
1886940 171
1886950 171
1886960 171
1886970 171
1886980 171
1886990 171
1887000 171
1887010 171
1887020 171
1887030 171
1887040 171
1887050 171
1887060 171
1887070 171
1887080 171
1887090 171
1887100 171
1887110 171
1887120 171
1887130 171
1887140 171
1887150 171
1887160 171
1887170 171
1887180 171
1887190 171
1887200 171
1887210 171
1887220 171
1887230 171
1887240 171
1887250 171
1887260 171
1887270 171
1887280 171
1887290 171
1887300 171
1887310 171
1887320 171
1887330 171
1887340 171
1887350 171
1887360 171
1887370 171
1887380 171
1887390 171
1887400 171
1887410 171
1887420 171
1887430 171
1887440 171
1887450 171
1887460 171
1887470 171
1887480 170
1887490 170
1887500 170
1887510 170
1887520 170
1887530 170
1887540 169
1887550 169
1887560 169
1887570 169
1887580 169
1887590 169
1887600 168
1887610 168
1887620 168
1887630 168
1887640 168
1887650 168
1887660 168
1887670 168
1887680 169
1887690 169
1887700 169
1887710 169
1887720 169
1887730 169
1887740 169
1887750 169
1887760 169
1887770 169
1887780 169
1887790 169
1887800 169
1887810 169
1887820 169
1887830 169
1887840 169
1887850 169
1887860 169
1887870 169
1887880 169
1887890 169
1887900 169
1887910 169
1887920 169
1887930 169
1887940 169
1887950 169
1887960 169
1887970 169
1887980 168
1887990 168
1888000 168
1888010 168
1888020 168
1888030 168
1888040 168
1888050 168
1888060 168
1888070 168
1888080 168
1888090 168
1888100 168
1888110 168
1888120 168
1888130 168
1888140 168
1888150 168
1888160 168
1888170 168
1888180 168
1888190 168
1888200 168
1888210 168
1888220 168
1888230 168
1888240 168
1888250 168
1888260 168
1888270 168
1888280 168
1888290 168
1888300 168
1888310 168
1888320 168
1888330 168
1888340 168
1888350 168
1888360 168
1888370 168
1888380 168
1888390 168
1888400 168
1888410 167
1888420 167
1888430 167
1888440 167
1888450 167
1888460 167
1888470 167
1888480 167
1888490 167
1888500 167
1888510 167
1888520 167
1888530 167
1888540 166
1888550 166
1888560 166
1888570 165
1888580 165
1888590 165
1888600 165
1888610 165
1888620 164
1888630 164
1888640 164
1888650 163
1888660 163
1888670 163
1888680 162
1888690 162
1888700 162
1888710 161
1888720 161
1888730 161
1888740 161
1888750 160
1888760 160
1888770 160
1888780 159
1888790 159
1888800 159
1888810 158
1888820 158
1888830 158
1888840 157
1888850 157
1888860 157
1888870 157
1888880 157
1888890 156
1888900 156
1888910 156
1888920 155
1888930 155
1888940 155
1888950 155
1888960 154
1888970 154
1888980 154
1888990 154
1889000 154
1889010 154
1889020 153
1889030 153
1889040 153
1889050 153
1889060 153
1889070 153
1889080 152
1889090 152
1889100 152
1889110 152
1889120 152
1889130 152
1889140 152
1889150 152
1889160 152
1889170 152
1889180 151
1889190 151
1889200 151
1889210 151
1889220 151
1889230 151
1889240 151
1889250 151
1889260 151
1889270 151
1889280 151
1889290 151
1889300 151
1889310 150
1889320 150
1889330 150
1889340 150
1889350 150
1889360 150
1889370 149
1889380 149
1889390 149
1889400 149
1889410 149
1889420 149
1889430 149
1889440 148
1889450 148
1889460 148
1889470 148
1889480 148
1889490 148
1889500 147
1889510 147
1889520 147
1889530 147
1889540 147
1889550 147
1889560 147
1889570 147
1889580 147
1889590 146
1889600 146
1889610 146
1889620 146
1889630 146
1889640 146
1889650 146
1889660 146
1889670 146
1889680 146
1889690 146
1889700 146
1889710 145
1889720 145
1889730 145
1889740 145
1889750 145
1889760 145
1889770 145
1889780 145
1889790 145
1889800 145
1889810 145
1889820 145
1889830 145
1889840 145
1889850 145
1889860 145
1889870 145
1889880 145
1889890 145
1889900 145
1889910 145
1889920 145
1889930 144
1889940 144
1889950 144
1889960 144
1889970 144
1889980 144
1889990 144
1890000 144
1890010 144
1890020 144
1890030 144
1890040 144
1890050 144
1890060 144
1890070 144
1890080 144
1890090 144
1890100 144
1890110 144
1890120 144
1890130 144
1890140 144
1890150 144
1890160 144
1890170 144
1890180 144
1890190 144
1890200 144
1890210 144
1890220 144
1890230 144
1890240 144
1890250 144
1890260 144
1890270 144
1890280 144
1890290 143
1890300 143
1890310 143
1890320 143
1890330 143
1890340 143
1890350 143
1890360 143
1890370 143
1890380 143
1890390 143
1890400 143
1890410 143
1890420 143
1890430 143
1890440 143
1890450 143
1890460 143
1890470 143
1890480 143
1890490 142
1890500 143
1890510 143
1890520 142
1890530 142
1890540 142
1890550 142
1890560 142
1890570 142
1890580 142
1890590 142
1890600 142
1890610 142
1890620 142
1890630 142
1890640 142
1890650 142
1890660 142
1890670 142
1890680 142
1890690 142
1890700 142
1890710 142
1890720 142
1890730 142
1890740 142
1890750 142
1890760 142
1890770 142
1890780 142
1890790 142
1890800 142
1890810 142
1890820 142
1890830 142
1890840 142
1890850 142
1890860 142
1890870 142
1890880 142
1890890 142
1890900 142
1890910 142
1890920 142
1890930 142
1890940 142
1890950 142
1890960 142
1890970 142
1890980 142
1890990 142
1891000 142
1891010 142
1891020 142
1891030 142
1891040 142
1891050 142
1891060 142
1891070 141
1891080 141
1891090 141
1891100 141
1891110 141
1891120 141
1891130 141
1891140 141
1891150 141
1891160 141
1891170 141
1891180 141
1891190 141
1891200 141
1891210 141
1891220 141
1891230 141
1891240 141
1891250 141
1891260 141
1891270 141
1891280 141
1891290 141
1891300 141
1891310 141
1891320 141
1891330 141
1891340 141
1891350 141
1891360 141
1891370 141
1891380 141
1891390 141
1891400 141
1891410 142
1891420 142
1891430 142
1891440 142
1891450 142
1891460 142
1891470 142
1891480 142
1891490 142
1891500 142
1891510 142
1891520 143
1891530 143
1891540 143
1891550 144
1891560 144
1891570 144
1891580 144
1891590 145
1891600 145
1891610 144
1891620 144
1891630 144
1891640 144
1891650 144
1891660 144
1891670 144
1891680 145
1891690 145
1891700 145
1891710 145
1891720 145
1891730 145
1891740 146
1891750 146
1891760 146
1891770 146
1891780 146
1891790 146
1891800 146
1891810 146
1891820 146
1891830 146
1891840 146
1891850 146
1891860 146
1891870 146
1891880 146
1891890 146
1891900 146
1891910 146
1891920 146
1891930 146
1891940 146
1891950 146
1891960 146
1891970 146
1891980 146
1891990 146
1892000 146
1892010 146
1892020 146
1892030 146
1892040 146
1892050 146
1892060 146
1892070 146
1892080 146
1892090 146
1892100 146
1892110 146
1892120 146
1892130 146
1892140 146
1892150 146
1892160 145
1892170 145
1892180 145
1892190 145
1892200 145
1892210 145
1892220 145
1892230 145
1892240 145
1892250 145
1892260 146
1892270 146
1892280 146
1892290 145
1892300 145
1892310 144
1892320 144
1892330 144
1892340 144
1892350 143
1892360 143
1892370 143
1892380 142
1892390 142
1892400 142
1892410 141
1892420 141
1892430 141
1892440 140
1892450 140
1892460 140
1892470 139
1892480 139
1892490 139
1892500 138
1892510 138
1892520 138
1892530 138
1892540 138
1892550 137
1892560 137
1892570 137
1892580 137
1892590 136
1892600 136
1892610 136
1892620 136
1892630 136
1892640 136
1892650 135
1892660 135
1892670 135
1892680 135
1892690 135
1892700 135
1892710 135
1892720 135
1892730 135
1892740 135
1892750 135
1892760 135
1892770 135
1892780 135
1892790 135
1892800 135
1892810 135
1892820 135
1892830 135
1892840 135
1892850 135
1892860 135
1892870 135
1892880 135
1892890 135
1892900 135
1892910 135
1892920 135
1892930 135
1892940 134
1892950 134
1892960 134
1892970 133
1892980 133
1892990 134
1893000 134
1893010 135
1893020 135
1893030 135
1893040 135
1893050 135
1893060 135
1893070 135
1893080 135
1893090 134
1893100 134
1893110 134
1893120 134
1893130 134
1893140 134
1893150 134
1893160 134
1893170 134
1893180 134
1893190 134
1893200 134
1893210 134
1893220 134
1893230 134
1893240 134
1893250 134
1893260 134
1893270 134
1893280 134
1893290 134
1893300 134
1893310 134
1893320 134
1893330 134
1893340 134
1893350 134
1893360 134
1893370 134
1893380 134
1893390 134
1893400 134
1893410 134
1893420 134
1893430 134
1893440 134
1893450 134
1893460 134
1893470 134
1893480 134
1893490 134
1893500 134
1893510 134
1893520 134
1893530 134
1893540 134
1893550 134
1893560 134
1893570 134
1893580 134
1893590 134
1893600 134
1893610 134
1893620 134
1893630 134
1893640 134
1893650 134
1893660 134
1893670 134
1893680 134
1893690 134
1893700 134
1893710 134
1893720 134
1893730 134
1893740 134
1893750 134
1893760 134
1893770 134
1893780 134
1893790 134
1893800 134
1893810 134
1893820 134
1893830 134
1893840 134
1893850 134
1893860 135
1893870 135
1893880 135
1893890 135
1893900 135
1893910 135
1893920 134
1893930 134
1893940 134
1893950 134
1893960 134
1893970 134
1893980 134
1893990 134
1894000 134
1894010 134
1894020 134
1894030 134
1894040 134
1894050 134
1894060 134
1894070 134
1894080 134
1894090 134
1894100 134
1894110 134
1894120 135
1894130 135
1894140 135
1894150 135
1894160 135
1894170 135
1894180 134
1894190 134
1894200 134
1894210 134
1894220 134
1894230 134
1894240 134
1894250 134
1894260 134
1894270 134
1894280 134
1894290 134
1894300 134
1894310 134
1894320 134
1894330 134
1894340 134
1894350 134
1894360 134
1894370 134
1894380 134
1894390 134
1894400 134
1894410 134
1894420 134
1894430 134
1894440 134
1894450 134
1894460 134
1894470 134
1894480 134
1894490 134
1894500 134
1894510 134
1894520 134
1894530 134
1894540 134
1894550 134
1894560 134
1894570 134
1894580 134
1894590 134
1894600 134
1894610 134
1894620 134
1894630 134
1894640 134
1894650 134
1894660 134
1894670 134
1894680 134
1894690 134
1894700 134
1894710 134
1894720 134
1894730 134
1894740 134
1894750 134
1894760 134
1894770 134
1894780 134
1894790 134
1894800 134
1894810 134
1894820 134
1894830 134
1894840 134
1894850 134
1894860 134
1894870 134
1894880 134
1894890 134
1894900 134
1894910 134
1894920 134
1894930 134
1894940 134
1894950 134
1894960 134
1894970 134
1894980 134
1894990 134
1895000 134
1895010 135
1895020 135
1895030 135
1895040 135
1895050 135
1895060 134
1895070 134
1895080 134
1895090 134
1895100 134
1895110 134
1895120 134
1895130 134
1895140 134
1895150 134
1895160 134
1895170 134
1895180 134
1895190 134
1895200 134
1895210 134
1895220 134
1895230 134
1895240 135
1895250 135
1895260 135
1895270 135
1895280 134
1895290 134
1895300 134
1895310 134
1895320 134
1895330 134
1895340 134
1895350 134
1895360 134
1895370 135
1895380 135
1895390 135
1895400 135
1895410 135
1895420 135
1895430 135
1895440 135
1895450 134
1895460 134
1895470 134
1895480 134
1895490 134
1895500 134
1895510 134
1895520 134
1895530 134
1895540 134
1895550 134
1895560 134
1895570 134
1895580 134
1895590 134
1895600 134
1895610 134
1895620 134
1895630 134
1895640 134
1895650 134
1895660 134
1895670 134
1895680 134
1895690 134
1895700 134
1895710 134
1895720 134
1895730 134
1895740 134
1895750 134
1895760 134
1895770 134
1895780 134
1895790 133
1895800 133
1895810 133
1895820 133
1895830 134
1895840 134
1895850 133
1895860 133
1895870 133
1895880 133
1895890 133
1895900 133
1895910 133
1895920 133
1895930 133
1895940 133
1895950 133
1895960 133
1895970 133
1895980 133
1895990 133
1896000 133
1896010 133
1896020 133
1896030 133
1896040 133
1896050 133
1896060 133
1896070 133
1896080 133
1896090 133
1896100 133
1896110 133
1896120 133
1896130 133
1896140 133
1896150 133
1896160 133
1896170 133
1896180 133
1896190 133
1896200 133
1896210 133
1896220 133
1896230 133
1896240 133
1896250 133
1896260 133
1896270 133
1896280 133
1896290 133
1896300 133
1896310 133
1896320 133
1896330 133
1896340 133
1896350 133
1896360 133
1896370 133
1896380 133
1896390 133
1896400 133
1896410 133
1896420 133
1896430 133
1896440 133
1896450 133
1896460 133
1896470 133
1896480 133
1896490 133
1896500 133
1896510 133
1896520 133
1896530 133
1896540 133
1896550 133
1896560 133
1896570 133
1896580 133
1896590 133
1896600 133
1896610 133
1896620 133
1896630 133
1896640 133
1896650 133
1896660 133
1896670 133
1896680 133
1896690 133
1896700 133
1896710 133
1896720 133
1896730 133
1896740 133
1896750 133
1896760 133
1896770 133
1896780 133
1896790 133
1896800 133
1896810 133
1896820 133
1896830 133
1896840 133
1896850 133
1896860 133
1896870 133
1896880 133
1896890 133
1896900 133
1896910 133
1896920 133
1896930 133
1896940 133
1896950 133
1896960 133
1896970 133
1896980 133
1896990 133
1897000 133
1897010 133
1897020 133
1897030 133
1897040 133
1897050 133
1897060 133
1897070 133
1897080 133
1897090 133
1897100 133
1897110 133
1897120 133
1897130 133
1897140 133
1897150 133
1897160 133
1897170 133
1897180 133
1897190 133
1897200 133
1897210 133
1897220 133
1897230 133
1897240 133
1897250 133
1897260 133
1897270 133
1897280 133
1897290 133
1897300 133
1897310 132
1897320 132
1897330 132
1897340 132
1897350 132
1897360 132
1897370 132
1897380 132
1897390 132
1897400 132
1897410 132
1897420 132
1897430 132
1897440 132
1897450 132
1897460 132
1897470 132
1897480 132
1897490 132
1897500 132
1897510 132
1897520 132
1897530 132
1897540 132
1897550 132
1897560 132
1897570 132
1897580 132
1897590 132
1897600 132
1897610 132
1897620 132
1897630 132
1897640 132
1897650 132
1897660 132
1897670 132
1897680 132
1897690 132
1897700 132
1897710 132
1897720 132
1897730 132
1897740 132
1897750 133
1897760 133
1897770 133
1897780 132
1897790 132
1897800 132
1897810 132
1897820 132
1897830 132
1897840 133
1897850 133
1897860 133
1897870 133
1897880 133
1897890 133
1897900 133
1897910 133
1897920 133
1897930 132
1897940 132
1897950 132
1897960 132
1897970 132
1897980 132
1897990 132
1898000 132
1898010 132
1898020 132
1898030 132
1898040 132
1898050 132
1898060 132
1898070 132
1898080 132
1898090 132
1898100 132
1898110 132
1898120 132
1898130 132
1898140 132
1898150 132
1898160 132
1898170 132
1898180 132
1898190 132
1898200 132
1898210 132
1898220 132
1898230 132
1898240 132
1898250 132
1898260 132
1898270 132
1898280 132
1898290 132
1898300 132
1898310 132
1898320 132
1898330 132
1898340 132
1898350 132
1898360 132
1898370 132
1898380 132
1898390 132
1898400 132
1898410 132
1898420 132
1898430 132
1898440 132
1898450 132
1898460 132
1898470 132
1898480 132
1898490 132
1898500 132
1898510 132
1898520 132
1898530 132
1898540 132
1898550 132
1898560 132
1898570 132
1898580 133
1898590 133
1898600 133
1898610 133
1898620 133
1898630 133
1898640 133
1898650 133
1898660 133
1898670 133
1898680 133
1898690 133
1898700 133
1898710 133
1898720 133
1898730 133
1898740 133
1898750 133
1898760 133
1898770 133
1898780 132
1898790 132
1898800 132
1898810 132
1898820 132
1898830 132
1898840 132
1898850 132
1898860 132
1898870 132
1898880 132
1898890 132
1898900 132
1898910 132
1898920 132
1898930 132
1898940 132
1898950 133
1898960 133
1898970 133
1898980 133
1898990 133
1899000 132
1899010 132
1899020 132
1899030 132
1899040 132
1899050 132
1899060 132
1899070 132
1899080 132
1899090 132
1899100 132
1899110 132
1899120 132
1899130 132
1899140 132
1899150 132
1899160 132
1899170 132
1899180 132
1899190 132
1899200 132
1899210 132
1899220 132
1899230 132
1899240 132
1899250 132
1899260 132
1899270 132
1899280 132
1899290 132
1899300 132
1899310 132
1899320 132
1899330 132
1899340 132
1899350 132
1899360 132
1899370 132
1899380 132
1899390 132
1899400 132
1899410 132
1899420 132
1899430 132
1899440 132
1899450 132
1899460 132
1899470 132
1899480 132
1899490 132
1899500 132
1899510 132
1899520 132
1899530 132
1899540 132
1899550 132
1899560 132
1899570 132
1899580 132
1899590 132
1899600 132
1899610 132
1899620 132
1899630 132
1899640 132
1899650 132
1899660 132
1899670 132
1899680 132
1899690 132
1899700 132
1899710 132
1899720 132
1899730 132
1899740 132
1899750 132
1899760 132
1899770 132
1899780 132
1899790 132
1899800 132
1899810 132
1899820 132
1899830 132
1899840 132
1899850 132
1899860 132
1899870 132
1899880 132
1899890 132
1899900 132
1899910 132
1899920 132
1899930 132
1899940 132
1899950 132
1899960 132
1899970 132
1899980 132
1899990 132
