1880000 177
1880010 177
1880020 177
1880030 177
1880040 178
1880050 178
1880060 179
1880070 180
1880080 180
1880090 179
1880100 179
1880110 179
1880120 179
1880130 179
1880140 179
1880150 179
1880160 179
1880170 179
1880180 180
1880190 180
1880200 180
1880210 180
1880220 180
1880230 180
1880240 180
1880250 180
1880260 180
1880270 180
1880280 179
1880290 179
1880300 179
1880310 179
1880320 179
1880330 179
1880340 179
1880350 179
1880360 179
1880370 179
1880380 179
1880390 179
1880400 179
1880410 179
1880420 179
1880430 179
1880440 179
1880450 179
1880460 179
1880470 179
1880480 179
1880490 179
1880500 179
1880510 179
1880520 179
1880530 179
1880540 179
1880550 179
1880560 179
1880570 179
1880580 179
1880590 179
1880600 179
1880610 179
1880620 179
1880630 179
1880640 179
1880650 179
1880660 179
1880670 179
1880680 179
1880690 179
1880700 179
1880710 179
1880720 179
1880730 179
1880740 179
1880750 179
1880760 179
1880770 179
1880780 179
1880790 179
1880800 179
1880810 179
1880820 179
1880830 179
1880840 179
1880850 179
1880860 179
1880870 179
1880880 179
1880890 179
1880900 179
1880910 179
1880920 179
1880930 179
1880940 179
1880950 179
1880960 179
1880970 179
1880980 179
1880990 179
1881000 179
1881010 179
1881020 179
1881030 179
1881040 179
1881050 179
1881060 179
1881070 179
1881080 179
1881090 179
1881100 179
1881110 179
1881120 179
1881130 179
1881140 179
1881150 179
1881160 179
1881170 179
1881180 179
1881190 179
1881200 179
1881210 179
1881220 179
1881230 179
1881240 179
1881250 179
1881260 179
1881270 179
1881280 179
1881290 179
1881300 179
1881310 179
1881320 179
1881330 179
1881340 179
1881350 179
1881360 179
1881370 179
1881380 179
1881390 179
1881400 179
1881410 179
1881420 179
1881430 179
1881440 179
1881450 179
1881460 179
1881470 179
1881480 179
1881490 179
1881500 179
1881510 179
1881520 179
1881530 179
1881540 179
1881550 179
1881560 179
1881570 179
1881580 179
1881590 179
1881600 179
1881610 179
1881620 179
1881630 179
1881640 179
1881650 179
1881660 179
1881670 178
1881680 178
1881690 178
1881700 178
1881710 178
1881720 178
1881730 178
1881740 178
1881750 178
1881760 178
1881770 178
1881780 178
1881790 178
1881800 178
1881810 178
1881820 178
1881830 178
1881840 178
1881850 178
1881860 178
1881870 178
1881880 178
1881890 178
1881900 178
1881910 179
1881920 178
1881930 178
1881940 178
1881950 178
1881960 178
1881970 178
1881980 178
1881990 178
1882000 178
1882010 178
1882020 178
1882030 178
1882040 178
1882050 178
1882060 178
1882070 178
1882080 178
1882090 178
1882100 178
1882110 178
1882120 178
1882130 178
1882140 178
1882150 178
1882160 178
1882170 178
1882180 178
1882190 178
1882200 178
1882210 178
1882220 178
1882230 178
1882240 178
1882250 178
1882260 178
1882270 178
1882280 178
1882290 178
1882300 178
1882310 178
1882320 178
1882330 178
1882340 178
1882350 178
1882360 178
1882370 178
1882380 178
1882390 178
1882400 178
1882410 178
1882420 178
1882430 178
1882440 178
1882450 178
1882460 178
1882470 178
1882480 178
1882490 178
1882500 178
1882510 178
1882520 178
1882530 178
1882540 177
1882550 177
1882560 177
1882570 177
1882580 177
1882590 177
1882600 177
1882610 177
1882620 177
1882630 177
1882640 177
1882650 177
1882660 177
1882670 177
1882680 177
1882690 177
1882700 177
1882710 178
1882720 178
1882730 178
1882740 178
1882750 178
1882760 178
1882770 178
1882780 178
1882790 178
1882800 178
1882810 178
1882820 178
1882830 178
1882840 178
1882850 178
1882860 178
1882870 178
1882880 178
1882890 178
1882900 178
1882910 178
1882920 178
1882930 178
1882940 178
1882950 178
1882960 178
1882970 178
1882980 178
1882990 178
1883000 178
1883010 178
1883020 178
1883030 178
1883040 178
1883050 178
1883060 178
1883070 178
1883080 178
1883090 178
1883100 178
1883110 178
1883120 178
1883130 178
1883140 178
1883150 178
1883160 178
1883170 178
1883180 178
1883190 178
1883200 178
1883210 178
1883220 178
1883230 178
1883240 177
1883250 177
1883260 177
1883270 177
1883280 177
1883290 177
1883300 177
1883310 177
1883320 177
1883330 177
1883340 177
1883350 177
1883360 177
1883370 177
1883380 177
1883390 177
1883400 177
1883410 177
1883420 177
1883430 177
1883440 177
1883450 177
1883460 177
1883470 177
1883480 178
1883490 178
1883500 178
1883510 178
1883520 178
1883530 178
1883540 177
1883550 177
1883560 177
1883570 177
1883580 177
1883590 177
1883600 177
1883610 177
1883620 177
1883630 177
1883640 177
1883650 177
1883660 177
1883670 177
1883680 177
1883690 177
1883700 177
1883710 177
1883720 177
1883730 177
1883740 177
1883750 177
1883760 177
1883770 177
1883780 177
1883790 177
1883800 177
1883810 177
1883820 177
1883830 177
1883840 177
1883850 177
1883860 177
1883870 177
1883880 177
1883890 177
1883900 177
1883910 178
1883920 179
1883930 179
1883940 178
1883950 178
1883960 178
1883970 177
1883980 177
1883990 177
1884000 177
1884010 177
1884020 177
1884030 177
1884040 177
1884050 177
1884060 177
1884070 177
1884080 177
1884090 177
1884100 177
1884110 177
1884120 177
1884130 177
1884140 177
1884150 177
1884160 177
1884170 177
1884180 177
1884190 177
1884200 177
1884210 177
1884220 177
1884230 177
1884240 177
1884250 177
1884260 177
1884270 177
1884280 177
1884290 177
1884300 177
1884310 177
1884320 177
1884330 177
1884340 177
1884350 177
1884360 177
1884370 177
1884380 177
1884390 177
1884400 177
1884410 177
1884420 177
1884430 177
1884440 177
1884450 177
1884460 177
1884470 177
1884480 177
1884490 177
1884500 177
1884510 177
1884520 177
1884530 177
1884540 177
1884550 177
1884560 177
1884570 177
1884580 177
1884590 177
1884600 177
1884610 177
1884620 177
1884630 177
1884640 177
1884650 177
1884660 177
1884670 177
1884680 177
1884690 177
1884700 177
1884710 177
1884720 177
1884730 177
1884740 177
1884750 177
1884760 177
1884770 177
1884780 177
1884790 177
1884800 177
1884810 177
1884820 177
1884830 177
1884840 177
1884850 177
1884860 177
1884870 177
1884880 177
1884890 177
1884900 177
1884910 176
1884920 176
1884930 176
1884940 177
1884950 177
1884960 177
1884970 177
1884980 177
1884990 176
1885000 176
1885010 176
1885020 176
1885030 177
1885040 177
1885050 177
1885060 177
1885070 177
1885080 177
1885090 176
1885100 177
1885110 177
1885120 176
1885130 176
1885140 176
1885150 176
1885160 176
1885170 176
1885180 176
1885190 176
1885200 176
1885210 176
1885220 176
1885230 176
1885240 176
1885250 176
1885260 176
1885270 176
1885280 175
1885290 175
1885300 175
1885310 175
1885320 175
1885330 175
1885340 175
1885350 175
1885360 175
1885370 175
1885380 175
1885390 175
1885400 175
1885410 175
1885420 175
1885430 175
1885440 175
1885450 175
1885460 175
1885470 175
1885480 175
1885490 175
1885500 175
1885510 175
1885520 175
1885530 175
1885540 175
1885550 175
1885560 175
1885570 175
1885580 175
1885590 175
1885600 175
1885610 175
1885620 175
1885630 175
1885640 175
1885650 175
1885660 175
1885670 175
1885680 175
1885690 175
1885700 175
1885710 175
1885720 175
1885730 175
1885740 175
1885750 175
1885760 175
1885770 175
1885780 175
1885790 175
1885800 175
1885810 175
1885820 175
1885830 175
1885840 175
1885850 175
1885860 175
1885870 175
1885880 175
1885890 175
1885900 175
1885910 175
1885920 175
1885930 175
1885940 175
1885950 175
1885960 175
1885970 175
1885980 175
1885990 175
1886000 175
1886010 175
1886020 175
1886030 175
1886040 175
1886050 175
1886060 175
1886070 175
1886080 175
1886090 175
1886100 175
1886110 175
1886120 175
1886130 175
1886140 174
1886150 174
1886160 174
1886170 174
1886180 174
1886190 174
1886200 174
1886210 174
1886220 174
1886230 174
1886240 174
1886250 174
1886260 174
1886270 174
1886280 174
1886290 174
1886300 174
1886310 174
1886320 174
1886330 174
1886340 174
1886350 174
1886360 174
1886370 174
1886380 174
1886390 174
1886400 174
1886410 174
1886420 174
1886430 174
1886440 174
1886450 174
1886460 174
1886470 174
1886480 174
1886490 174
1886500 174
1886510 174
1886520 174
1886530 174
1886540 174
1886550 174
1886560 174
1886570 174
1886580 174
1886590 174
1886600 174
1886610 174
1886620 174
1886630 174
1886640 173
1886650 173
1886660 173
1886670 173
1886680 173
1886690 173
1886700 173
1886710 173
1886720 173
1886730 173
1886740 173
1886750 173
1886760 173
1886770 173
1886780 173
1886790 173
1886800 173
1886810 173
1886820 173
1886830 173
1886840 173
1886850 173
1886860 173
1886870 173
1886880 173
1886890 173
1886900 173
1886910 173
1886920 173
1886930 173
1886940 173
1886950 173
1886960 173
1886970 173
1886980 173
1886990 173
1887000 173
1887010 173
1887020 173
1887030 173
1887040 173
1887050 173
1887060 173
1887070 173
1887080 173
1887090 173
1887100 173
1887110 173
1887120 172
1887130 172
1887140 172
1887150 172
1887160 172
1887170 172
1887180 172
1887190 172
1887200 172
1887210 172
1887220 172
1887230 172
1887240 172
1887250 172
1887260 171
1887270 171
1887280 171
1887290 171
1887300 171
1887310 171
1887320 171
1887330 171
1887340 171
1887350 171
1887360 171
1887370 171
1887380 170
1887390 170
1887400 170
1887410 170
1887420 170
1887430 170
1887440 170
1887450 170
1887460 170
1887470 169
1887480 169
1887490 169
1887500 169
1887510 169
1887520 169
1887530 169
1887540 169
1887550 169
1887560 169
1887570 169
1887580 169
1887590 169
1887600 169
1887610 169
1887620 169
1887630 169
1887640 169
1887650 169
1887660 169
1887670 169
1887680 169
1887690 169
1887700 169
1887710 169
1887720 169
1887730 169
1887740 169
1887750 169
1887760 169
1887770 169
1887780 169
1887790 169
1887800 169
1887810 169
1887820 169
1887830 169
1887840 169
1887850 169
1887860 169
1887870 169
1887880 168
1887890 168
1887900 168
1887910 167
1887920 167
1887930 166
1887940 165
1887950 165
1887960 163
1887970 162
1887980 162
1887990 161
1888000 161
1888010 161
1888020 161
1888030 161
1888040 161
1888050 162
1888060 162
1888070 162
1888080 164
1888090 166
1888100 166
1888110 168
1888120 168
1888130 168
1888140 168
1888150 166
1888160 166
1888170 164
1888180 163
1888190 163
1888200 162
1888210 162
1888220 162
1888230 162
1888240 161
1888250 161
1888260 161
1888270 161
1888280 161
1888290 161
1888300 160
1888310 159
1888320 159
1888330 159
1888340 159
1888350 158
1888360 158
1888370 158
1888380 158
1888390 158
1888400 158
1888410 157
1888420 157
1888430 157
1888440 157
1888450 157
1888460 157
1888470 156
1888480 156
1888490 156
1888500 156
1888510 156
1888520 156
1888530 156
1888540 156
1888550 156
1888560 156
1888570 155
1888580 155
1888590 155
1888600 155
1888610 155
1888620 154
1888630 154
1888640 154
1888650 154
1888660 154
1888670 154
1888680 153
1888690 153
1888700 153
1888710 153
1888720 153
1888730 153
1888740 153
1888750 153
1888760 152
1888770 152
1888780 152
1888790 152
1888800 152
1888810 152
1888820 152
1888830 152
1888840 152
1888850 152
1888860 152
1888870 152
1888880 153
1888890 153
1888900 153
1888910 153
1888920 153
1888930 153
1888940 153
1888950 153
1888960 153
1888970 153
1888980 153
1888990 153
1889000 152
1889010 152
1889020 152
1889030 152
1889040 152
1889050 152
1889060 152
1889070 152
1889080 152
1889090 152
1889100 152
1889110 151
1889120 151
1889130 151
1889140 151
1889150 151
1889160 151
1889170 151
1889180 151
1889190 151
1889200 151
1889210 151
1889220 151
1889230 151
1889240 151
1889250 151
1889260 151
1889270 151
1889280 151
1889290 151
1889300 151
1889310 151
1889320 151
1889330 151
1889340 151
1889350 151
1889360 151
1889370 151
1889380 151
1889390 151
1889400 151
1889410 151
1889420 151
1889430 151
1889440 151
1889450 151
1889460 151
1889470 151
1889480 151
1889490 151
1889500 151
1889510 151
1889520 151
1889530 150
1889540 150
1889550 150
1889560 150
1889570 150
1889580 150
1889590 150
1889600 150
1889610 150
1889620 150
1889630 150
1889640 150
1889650 150
1889660 150
1889670 150
1889680 150
1889690 150
1889700 150
1889710 150
1889720 150
1889730 150
1889740 150
1889750 150
1889760 150
1889770 149
1889780 149
1889790 149
1889800 149
1889810 149
1889820 149
1889830 149
1889840 149
1889850 149
1889860 149
1889870 148
1889880 148
1889890 148
1889900 148
1889910 148
1889920 148
1889930 147
1889940 147
1889950 147
1889960 147
1889970 147
1889980 147
1889990 147
1890000 146
1890010 146
1890020 146
1890030 146
1890040 146
1890050 146
1890060 146
1890070 146
1890080 146
1890090 146
1890100 146
1890110 146
1890120 146
1890130 146
1890140 146
1890150 146
1890160 146
1890170 146
1890180 146
1890190 146
1890200 146
1890210 146
1890220 146
1890230 146
1890240 146
1890250 146
1890260 146
1890270 146
1890280 146
1890290 146
1890300 146
1890310 146
1890320 146
1890330 146
1890340 146
1890350 147
1890360 147
1890370 147
1890380 147
1890390 147
1890400 147
1890410 147
1890420 147
1890430 147
1890440 146
1890450 146
1890460 146
1890470 146
1890480 147
1890490 147
1890500 147
1890510 147
1890520 147
1890530 147
1890540 147
1890550 147
1890560 147
1890570 147
1890580 147
1890590 147
1890600 147
1890610 147
1890620 147
1890630 147
1890640 147
1890650 147
1890660 147
1890670 147
1890680 147
1890690 147
1890700 147
1890710 147
1890720 147
1890730 147
1890740 147
1890750 147
1890760 147
1890770 147
1890780 147
1890790 147
1890800 147
1890810 147
1890820 147
1890830 147
1890840 147
1890850 147
1890860 147
1890870 147
1890880 147
1890890 147
1890900 147
1890910 147
1890920 147
1890930 147
1890940 147
1890950 147
1890960 147
1890970 147
1890980 147
1890990 147
1891000 147
1891010 147
1891020 147
1891030 147
1891040 147
1891050 147
1891060 147
1891070 147
1891080 147
1891090 147
1891100 147
1891110 147
1891120 147
1891130 147
1891140 147
1891150 147
1891160 147
1891170 147
1891180 147
1891190 147
1891200 147
1891210 147
1891220 147
1891230 146
1891240 147
1891250 147
1891260 146
1891270 146
1891280 146
1891290 146
1891300 146
1891310 146
1891320 146
1891330 146
1891340 146
1891350 146
1891360 146
1891370 146
1891380 146
1891390 146
1891400 146
1891410 146
1891420 146
1891430 146
1891440 146
1891450 146
1891460 146
1891470 146
1891480 145
1891490 145
1891500 145
1891510 145
1891520 145
1891530 145
1891540 145
1891550 145
1891560 145
1891570 145
1891580 145
1891590 145
1891600 145
1891610 145
1891620 145
1891630 145
1891640 145
1891650 145
1891660 145
1891670 145
1891680 145
1891690 145
1891700 145
1891710 145
1891720 145
1891730 145
1891740 145
1891750 145
1891760 145
1891770 145
1891780 145
1891790 145
1891800 145
1891810 145
1891820 145
1891830 145
1891840 145
1891850 145
1891860 145
1891870 145
1891880 145
1891890 145
1891900 145
1891910 145
1891920 145
1891930 145
1891940 145
1891950 145
1891960 145
1891970 145
1891980 145
1891990 146
1892000 146
1892010 146
1892020 145
1892030 145
1892040 145
1892050 145
1892060 145
1892070 145
1892080 144
1892090 144
1892100 144
1892110 144
1892120 144
1892130 143
1892140 143
1892150 143
1892160 142
1892170 142
1892180 142
1892190 142
1892200 141
1892210 141
1892220 141
1892230 141
1892240 141
1892250 140
1892260 140
1892270 140
1892280 140
1892290 140
1892300 140
1892310 139
1892320 139
1892330 139
1892340 139
1892350 138
1892360 138
1892370 138
1892380 138
1892390 138
1892400 138
1892410 138
1892420 137
1892430 137
1892440 137
1892450 137
1892460 137
1892470 137
1892480 137
1892490 137
1892500 136
1892510 136
1892520 136
1892530 136
1892540 136
1892550 136
1892560 136
1892570 136
1892580 136
1892590 135
1892600 135
1892610 135
1892620 135
1892630 135
1892640 135
1892650 135
1892660 135
1892670 135
1892680 135
1892690 135
1892700 135
1892710 135
1892720 135
1892730 135
1892740 135
1892750 135
1892760 135
1892770 135
1892780 135
1892790 135
1892800 134
1892810 134
1892820 134
1892830 135
1892840 136
1892850 136
1892860 135
1892870 135
1892880 135
1892890 135
1892900 135
1892910 135
1892920 135
1892930 135
1892940 135
1892950 135
1892960 135
1892970 135
1892980 135
1892990 135
1893000 135
1893010 135
1893020 135
1893030 135
1893040 135
1893050 135
1893060 135
1893070 135
1893080 135
1893090 135
1893100 135
1893110 135
1893120 135
1893130 135
1893140 135
1893150 135
1893160 135
1893170 135
1893180 135
1893190 135
1893200 135
1893210 135
1893220 135
1893230 135
1893240 135
1893250 135
1893260 135
1893270 135
1893280 135
1893290 135
1893300 135
1893310 135
1893320 135
1893330 135
1893340 135
1893350 135
1893360 135
1893370 135
1893380 135
1893390 135
1893400 135
1893410 135
1893420 135
1893430 135
1893440 135
1893450 135
1893460 135
1893470 135
1893480 135
1893490 135
1893500 135
1893510 135
1893520 135
1893530 135
1893540 135
1893550 135
1893560 135
1893570 135
1893580 135
1893590 135
1893600 135
1893610 135
1893620 135
1893630 135
1893640 135
1893650 135
1893660 135
1893670 135
1893680 135
1893690 135
1893700 135
1893710 135
1893720 135
1893730 135
1893740 135
1893750 135
1893760 135
1893770 135
1893780 135
1893790 135
1893800 135
1893810 135
1893820 135
1893830 136
1893840 136
1893850 136
1893860 135
1893870 135
1893880 135
1893890 135
1893900 135
1893910 135
1893920 135
1893930 134
1893940 134
1893950 134
1893960 135
1893970 135
1893980 135
1893990 135
1894000 135
1894010 135
1894020 135
1894030 135
1894040 135
1894050 135
1894060 135
1894070 135
1894080 135
1894090 135
1894100 135
1894110 135
1894120 135
1894130 135
1894140 135
1894150 135
1894160 135
1894170 135
1894180 135
1894190 135
1894200 135
1894210 135
1894220 135
1894230 135
1894240 135
1894250 135
1894260 135
1894270 135
1894280 135
1894290 135
1894300 135
1894310 135
1894320 135
1894330 135
1894340 134
1894350 134
1894360 134
1894370 134
1894380 134
1894390 134
1894400 134
1894410 134
1894420 134
1894430 134
1894440 134
1894450 134
1894460 134
1894470 134
1894480 134
1894490 134
1894500 134
1894510 134
1894520 134
1894530 134
1894540 134
1894550 134
1894560 134
1894570 134
1894580 134
1894590 134
1894600 134
1894610 134
1894620 134
1894630 134
1894640 134
1894650 134
1894660 134
1894670 134
1894680 134
1894690 134
1894700 134
1894710 134
1894720 134
1894730 134
1894740 134
1894750 134
1894760 134
1894770 135
1894780 135
1894790 134
1894800 134
1894810 134
1894820 134
1894830 135
1894840 135
1894850 135
1894860 134
1894870 134
1894880 134
1894890 134
1894900 134
1894910 134
1894920 134
1894930 134
1894940 134
1894950 134
1894960 134
1894970 134
1894980 134
1894990 134
1895000 134
1895010 134
1895020 134
1895030 134
1895040 134
1895050 134
1895060 134
1895070 134
1895080 134
1895090 134
1895100 134
1895110 134
1895120 134
1895130 134
1895140 134
1895150 134
1895160 134
1895170 134
1895180 134
1895190 134
1895200 134
1895210 134
1895220 134
1895230 134
1895240 134
1895250 134
1895260 134
1895270 134
1895280 134
1895290 134
1895300 134
1895310 134
1895320 134
1895330 134
1895340 134
1895350 134
1895360 134
1895370 134
1895380 134
1895390 134
1895400 134
1895410 134
1895420 134
1895430 134
1895440 134
1895450 134
1895460 134
1895470 134
1895480 134
1895490 134
1895500 134
1895510 134
1895520 134
1895530 134
1895540 134
1895550 134
1895560 134
1895570 134
1895580 134
1895590 134
1895600 134
1895610 134
1895620 134
1895630 134
1895640 134
1895650 134
1895660 134
1895670 134
1895680 134
1895690 134
1895700 134
1895710 134
1895720 134
1895730 134
1895740 134
1895750 134
1895760 134
1895770 133
1895780 133
1895790 133
1895800 133
1895810 133
1895820 133
1895830 133
1895840 133
1895850 133
1895860 133
1895870 133
1895880 133
1895890 133
1895900 133
1895910 133
1895920 134
1895930 134
1895940 134
1895950 134
1895960 134
1895970 134
1895980 134
1895990 134
1896000 134
1896010 134
1896020 134
1896030 134
1896040 134
1896050 134
1896060 134
1896070 134
1896080 134
1896090 134
1896100 134
1896110 134
1896120 134
1896130 134
1896140 134
1896150 134
1896160 134
1896170 134
1896180 134
1896190 133
1896200 133
1896210 133
1896220 133
1896230 133
1896240 133
1896250 134
1896260 134
1896270 134
1896280 134
1896290 134
1896300 134
1896310 134
1896320 134
1896330 134
1896340 134
1896350 134
1896360 134
1896370 134
1896380 134
1896390 134
1896400 134
1896410 134
1896420 134
1896430 134
1896440 133
1896450 133
1896460 133
1896470 133
1896480 133
1896490 133
1896500 133
1896510 133
1896520 133
1896530 133
1896540 133
1896550 133
1896560 133
1896570 133
1896580 133
1896590 133
1896600 133
1896610 133
1896620 133
1896630 133
1896640 133
1896650 133
1896660 133
1896670 133
1896680 133
1896690 133
1896700 133
1896710 133
1896720 133
1896730 133
1896740 133
1896750 133
1896760 133
1896770 133
1896780 133
1896790 133
1896800 133
1896810 133
1896820 133
1896830 133
1896840 133
1896850 133
1896860 133
1896870 133
1896880 133
1896890 133
1896900 133
1896910 133
1896920 133
1896930 133
1896940 133
1896950 133
1896960 133
1896970 133
1896980 133
1896990 133
1897000 134
1897010 134
1897020 134
1897030 133
1897040 133
1897050 133
1897060 133
1897070 133
1897080 133
1897090 133
1897100 133
1897110 133
1897120 133
1897130 133
1897140 133
1897150 134
1897160 133
1897170 134
1897180 134
1897190 134
1897200 134
1897210 134
1897220 134
1897230 134
1897240 134
1897250 134
1897260 134
1897270 133
1897280 133
1897290 133
1897300 133
1897310 133
1897320 133
1897330 133
1897340 133
1897350 133
1897360 133
1897370 133
1897380 133
1897390 133
1897400 133
1897410 133
1897420 133
1897430 133
1897440 133
1897450 133
1897460 133
1897470 133
1897480 133
1897490 133
1897500 133
1897510 133
1897520 132
1897530 132
1897540 132
1897550 132
1897560 132
1897570 132
1897580 133
1897590 133
1897600 133
1897610 133
1897620 133
1897630 133
1897640 133
1897650 133
1897660 133
1897670 133
1897680 133
1897690 133
1897700 133
1897710 133
1897720 133
1897730 132
1897740 132
1897750 132
1897760 132
1897770 132
1897780 132
1897790 133
1897800 133
1897810 133
1897820 133
1897830 133
1897840 133
1897850 133
1897860 133
1897870 133
1897880 133
1897890 132
1897900 132
1897910 132
1897920 132
1897930 132
1897940 132
1897950 132
1897960 132
1897970 132
1897980 132
1897990 132
1898000 132
1898010 133
1898020 133
1898030 133
1898040 133
1898050 133
1898060 133
1898070 133
1898080 133
1898090 133
1898100 132
1898110 132
1898120 132
1898130 132
1898140 132
1898150 132
1898160 132
1898170 132
1898180 132
1898190 132
1898200 132
1898210 132
1898220 132
1898230 132
1898240 132
1898250 132
1898260 132
1898270 132
1898280 132
1898290 132
1898300 132
1898310 132
1898320 132
1898330 132
1898340 132
1898350 132
1898360 132
1898370 132
1898380 132
1898390 132
1898400 132
1898410 132
1898420 132
1898430 132
1898440 132
1898450 132
1898460 132
1898470 132
1898480 132
1898490 132
1898500 132
1898510 132
1898520 132
1898530 132
1898540 132
1898550 132
1898560 132
1898570 132
1898580 132
1898590 132
1898600 132
1898610 132
1898620 133
1898630 133
1898640 132
1898650 132
1898660 132
1898670 132
1898680 132
1898690 132
1898700 132
1898710 132
1898720 132
1898730 133
1898740 133
1898750 133
1898760 133
1898770 133
1898780 133
1898790 133
1898800 133
1898810 133
1898820 133
1898830 133
1898840 133
1898850 133
1898860 132
1898870 132
1898880 132
1898890 132
1898900 132
1898910 132
1898920 132
1898930 132
1898940 132
1898950 132
1898960 132
1898970 132
1898980 132
1898990 132
1899000 132
1899010 132
1899020 132
1899030 132
1899040 132
1899050 132
1899060 132
1899070 132
1899080 132
1899090 132
1899100 132
1899110 132
1899120 132
1899130 132
1899140 132
1899150 132
1899160 132
1899170 132
1899180 132
1899190 132
1899200 132
1899210 132
1899220 132
1899230 132
1899240 132
1899250 132
1899260 132
1899270 132
1899280 132
1899290 132
1899300 132
1899310 132
1899320 132
1899330 132
1899340 132
1899350 132
1899360 132
1899370 132
1899380 132
1899390 132
1899400 132
1899410 132
1899420 132
1899430 132
1899440 132
1899450 132
1899460 132
1899470 132
1899480 132
1899490 132
1899500 132
1899510 132
1899520 132
1899530 132
1899540 132
1899550 132
1899560 132
1899570 132
1899580 132
1899590 132
1899600 132
1899610 132
1899620 132
1899630 132
1899640 132
1899650 132
1899660 132
1899670 132
1899680 132
1899690 132
1899700 132
1899710 132
1899720 132
1899730 133
1899740 133
1899750 133
1899760 133
1899770 133
1899780 133
1899790 133
1899800 133
1899810 133
1899820 133
1899830 133
1899840 133
1899850 132
1899860 133
1899870 133
1899880 133
1899890 133
1899900 133
1899910 133
1899920 132
1899930 132
1899940 132
1899950 132
1899960 132
1899970 132
1899980 132
1899990 132
