1880000 180
1880010 180
1880020 180
1880030 180
1880040 180
1880050 180
1880060 180
1880070 180
1880080 180
1880090 180
1880100 180
1880110 180
1880120 180
1880130 180
1880140 180
1880150 180
1880160 180
1880170 180
1880180 180
1880190 180
1880200 180
1880210 180
1880220 180
1880230 180
1880240 180
1880250 180
1880260 180
1880270 180
1880280 180
1880290 180
1880300 180
1880310 180
1880320 180
1880330 180
1880340 180
1880350 180
1880360 180
1880370 180
1880380 180
1880390 180
1880400 180
1880410 180
1880420 180
1880430 180
1880440 180
1880450 180
1880460 180
1880470 180
1880480 180
1880490 180
1880500 180
1880510 180
1880520 180
1880530 180
1880540 180
1880550 180
1880560 180
1880570 180
1880580 180
1880590 180
1880600 180
1880610 180
1880620 180
1880630 180
1880640 180
1880650 180
1880660 180
1880670 180
1880680 180
1880690 180
1880700 180
1880710 180
1880720 180
1880730 180
1880740 180
1880750 180
1880760 180
1880770 179
1880780 179
1880790 179
1880800 179
1880810 179
1880820 179
1880830 179
1880840 179
1880850 179
1880860 179
1880870 179
1880880 179
1880890 180
1880900 180
1880910 180
1880920 180
1880930 180
1880940 180
1880950 180
1880960 180
1880970 180
1880980 180
1880990 179
1881000 179
1881010 179
1881020 179
1881030 179
1881040 179
1881050 179
1881060 179
1881070 179
1881080 179
1881090 179
1881100 179
1881110 179
1881120 179
1881130 179
1881140 179
1881150 179
1881160 179
1881170 179
1881180 179
1881190 179
1881200 179
1881210 179
1881220 179
1881230 179
1881240 179
1881250 179
1881260 179
1881270 179
1881280 179
1881290 179
1881300 179
1881310 179
1881320 179
1881330 179
1881340 179
1881350 179
1881360 179
1881370 180
1881380 180
1881390 180
1881400 180
1881410 180
1881420 180
1881430 180
1881440 180
1881450 180
1881460 180
1881470 180
1881480 180
1881490 180
1881500 180
1881510 180
1881520 180
1881530 180
1881540 180
1881550 180
1881560 180
1881570 180
1881580 180
1881590 180
1881600 180
1881610 180
1881620 180
1881630 180
1881640 180
1881650 180
1881660 180
1881670 180
1881680 180
1881690 180
1881700 180
1881710 180
1881720 180
1881730 180
1881740 180
1881750 180
1881760 180
1881770 180
1881780 180
1881790 180
1881800 180
1881810 180
1881820 180
1881830 180
1881840 180
1881850 180
1881860 180
1881870 180
1881880 180
1881890 180
1881900 180
1881910 180
1881920 180
1881930 180
1881940 180
1881950 180
1881960 180
1881970 180
1881980 180
1881990 180
1882000 180
1882010 180
1882020 180
1882030 180
1882040 180
1882050 180
1882060 180
1882070 180
1882080 179
1882090 179
1882100 179
1882110 179
1882120 179
1882130 179
1882140 179
1882150 179
1882160 179
1882170 179
1882180 179
1882190 179
1882200 179
1882210 179
1882220 179
1882230 179
1882240 179
1882250 179
1882260 179
1882270 179
1882280 179
1882290 179
1882300 179
1882310 179
1882320 179
1882330 179
1882340 179
1882350 179
1882360 179
1882370 180
1882380 179
1882390 179
1882400 179
1882410 179
1882420 179
1882430 179
1882440 179
1882450 179
1882460 179
1882470 179
1882480 179
1882490 179
1882500 179
1882510 179
1882520 179
1882530 179
1882540 179
1882550 179
1882560 179
1882570 179
1882580 179
1882590 179
1882600 179
1882610 179
1882620 179
1882630 179
1882640 179
1882650 179
1882660 179
1882670 178
1882680 178
1882690 178
1882700 178
1882710 178
1882720 178
1882730 178
1882740 178
1882750 178
1882760 178
1882770 178
1882780 178
1882790 178
1882800 178
1882810 178
1882820 178
1882830 178
1882840 178
1882850 178
1882860 178
1882870 178
1882880 178
1882890 178
1882900 178
1882910 178
1882920 178
1882930 178
1882940 178
1882950 178
1882960 178
1882970 178
1882980 178
1882990 178
1883000 178
1883010 178
1883020 178
1883030 178
1883040 178
1883050 178
1883060 178
1883070 178
1883080 178
1883090 178
1883100 178
1883110 178
1883120 178
1883130 178
1883140 178
1883150 178
1883160 178
1883170 178
1883180 178
1883190 178
1883200 178
1883210 178
1883220 178
1883230 178
1883240 178
1883250 178
1883260 178
1883270 178
1883280 178
1883290 178
1883300 178
1883310 178
1883320 178
1883330 178
1883340 178
1883350 178
1883360 178
1883370 178
1883380 178
1883390 178
1883400 178
1883410 178
1883420 178
1883430 178
1883440 178
1883450 178
1883460 178
1883470 178
1883480 178
1883490 178
1883500 178
1883510 178
1883520 178
1883530 178
1883540 178
1883550 178
1883560 178
1883570 178
1883580 178
1883590 178
1883600 178
1883610 178
1883620 178
1883630 178
1883640 178
1883650 178
1883660 178
1883670 178
1883680 178
1883690 178
1883700 178
1883710 178
1883720 178
1883730 178
1883740 178
1883750 178
1883760 178
1883770 178
1883780 178
1883790 178
1883800 178
1883810 178
1883820 178
1883830 178
1883840 178
1883850 178
1883860 178
1883870 178
1883880 178
1883890 178
1883900 178
1883910 178
1883920 178
1883930 178
1883940 178
1883950 178
1883960 178
1883970 178
1883980 178
1883990 178
1884000 177
1884010 177
1884020 177
1884030 177
1884040 177
1884050 177
1884060 177
1884070 177
1884080 177
1884090 177
1884100 177
1884110 177
1884120 176
1884130 176
1884140 176
1884150 176
1884160 176
1884170 176
1884180 176
1884190 176
1884200 176
1884210 176
1884220 176
1884230 176
1884240 176
1884250 176
1884260 176
1884270 176
1884280 176
1884290 176
1884300 176
1884310 176
1884320 176
1884330 176
1884340 176
1884350 176
1884360 176
1884370 176
1884380 176
1884390 176
1884400 176
1884410 176
1884420 176
1884430 176
1884440 176
1884450 176
1884460 176
1884470 176
1884480 176
1884490 176
1884500 176
1884510 176
1884520 176
1884530 176
1884540 176
1884550 176
1884560 176
1884570 176
1884580 176
1884590 175
1884600 175
1884610 175
1884620 176
1884630 176
1884640 176
1884650 176
1884660 176
1884670 176
1884680 176
1884690 176
1884700 176
1884710 176
1884720 176
1884730 176
1884740 176
1884750 176
1884760 176
1884770 176
1884780 176
1884790 176
1884800 176
1884810 176
1884820 176
1884830 176
1884840 176
1884850 176
1884860 176
1884870 176
1884880 176
1884890 176
1884900 176
1884910 176
1884920 175
1884930 175
1884940 176
1884950 175
1884960 175
1884970 175
1884980 175
1884990 175
1885000 175
1885010 175
1885020 175
1885030 176
1885040 176
1885050 176
1885060 176
1885070 176
1885080 176
1885090 176
1885100 176
1885110 176
1885120 176
1885130 176
1885140 176
1885150 176
1885160 176
1885170 176
1885180 176
1885190 176
1885200 176
1885210 176
1885220 176
1885230 176
1885240 176
1885250 176
1885260 176
1885270 176
1885280 176
1885290 176
1885300 176
1885310 176
1885320 176
1885330 176
1885340 176
1885350 176
1885360 176
1885370 176
1885380 176
1885390 176
1885400 176
1885410 176
1885420 176
1885430 176
1885440 176
1885450 176
1885460 176
1885470 176
1885480 176
1885490 176
1885500 176
1885510 176
1885520 176
1885530 176
1885540 176
1885550 176
1885560 176
1885570 176
1885580 176
1885590 176
1885600 176
1885610 176
1885620 176
1885630 176
1885640 176
1885650 176
1885660 176
1885670 176
1885680 176
1885690 176
1885700 175
1885710 175
1885720 175
1885730 175
1885740 175
1885750 175
1885760 175
1885770 175
1885780 175
1885790 175
1885800 175
1885810 175
1885820 175
1885830 175
1885840 175
1885850 175
1885860 175
1885870 175
1885880 175
1885890 175
1885900 175
1885910 175
1885920 175
1885930 175
1885940 174
1885950 174
1885960 174
1885970 174
1885980 174
1885990 174
1886000 174
1886010 174
1886020 174
1886030 174
1886040 174
1886050 174
1886060 174
1886070 174
1886080 174
1886090 174
1886100 174
1886110 174
1886120 174
1886130 174
1886140 174
1886150 174
1886160 174
1886170 174
1886180 174
1886190 174
1886200 174
1886210 174
1886220 174
1886230 174
1886240 174
1886250 174
1886260 174
1886270 174
1886280 174
1886290 174
1886300 174
1886310 174
1886320 174
1886330 174
1886340 174
1886350 174
1886360 174
1886370 174
1886380 174
1886390 174
1886400 174
1886410 174
1886420 174
1886430 174
1886440 174
1886450 174
1886460 174
1886470 174
1886480 174
1886490 174
1886500 174
1886510 174
1886520 174
1886530 174
1886540 174
1886550 174
1886560 174
1886570 174
1886580 174
1886590 174
1886600 174
1886610 174
1886620 174
1886630 174
1886640 174
1886650 174
1886660 174
1886670 173
1886680 173
1886690 173
1886700 173
1886710 173
1886720 173
1886730 173
1886740 173
1886750 173
1886760 173
1886770 172
1886780 172
1886790 172
1886800 172
1886810 172
1886820 172
1886830 172
1886840 172
1886850 171
1886860 171
1886870 171
1886880 170
1886890 170
1886900 170
1886910 170
1886920 169
1886930 169
1886940 169
1886950 168
1886960 168
1886970 168
1886980 168
1886990 168
1887000 169
1887010 169
1887020 169
1887030 169
1887040 170
1887050 170
1887060 170
1887070 171
1887080 171
1887090 171
1887100 171
1887110 171
1887120 172
1887130 172
1887140 172
1887150 172
1887160 172
1887170 172
1887180 172
1887190 172
1887200 172
1887210 172
1887220 172
1887230 172
1887240 172
1887250 172
1887260 172
1887270 172
1887280 172
1887290 172
1887300 172
1887310 173
1887320 173
1887330 173
1887340 172
1887350 172
1887360 172
1887370 172
1887380 172
1887390 172
1887400 172
1887410 172
1887420 172
1887430 171
1887440 171
1887450 171
1887460 171
1887470 171
1887480 170
1887490 170
1887500 170
1887510 170
1887520 170
1887530 170
1887540 169
1887550 169
1887560 169
1887570 169
1887580 169
1887590 169
1887600 169
1887610 169
1887620 169
1887630 168
1887640 168
1887650 168
1887660 168
1887670 168
1887680 168
1887690 168
1887700 168
1887710 168
1887720 168
1887730 168
1887740 168
1887750 167
1887760 167
1887770 167
1887780 167
1887790 166
1887800 166
1887810 166
1887820 165
1887830 165
1887840 165
1887850 165
1887860 165
1887870 164
1887880 164
1887890 164
1887900 164
1887910 163
1887920 163
1887930 163
1887940 162
1887950 162
1887960 162
1887970 161
1887980 161
1887990 161
1888000 161
1888010 160
1888020 160
1888030 160
1888040 160
1888050 160
1888060 160
1888070 159
1888080 159
1888090 159
1888100 159
1888110 159
1888120 158
1888130 158
1888140 158
1888150 158
1888160 158
1888170 158
1888180 157
1888190 157
1888200 157
1888210 157
1888220 157
1888230 157
1888240 157
1888250 157
1888260 157
1888270 156
1888280 156
1888290 156
1888300 156
1888310 156
1888320 156
1888330 156
1888340 156
1888350 156
1888360 156
1888370 156
1888380 156
1888390 156
1888400 156
1888410 156
1888420 155
1888430 155
1888440 155
1888450 155
1888460 155
1888470 155
1888480 155
1888490 155
1888500 155
1888510 155
1888520 155
1888530 155
1888540 155
1888550 155
1888560 155
1888570 155
1888580 155
1888590 155
1888600 154
1888610 154
1888620 154
1888630 154
1888640 154
1888650 154
1888660 153
1888670 153
1888680 153
1888690 153
1888700 153
1888710 153
1888720 152
1888730 152
1888740 152
1888750 152
1888760 152
1888770 152
1888780 152
1888790 152
1888800 152
1888810 152
1888820 152
1888830 152
1888840 152
1888850 152
1888860 152
1888870 152
1888880 151
1888890 151
1888900 151
1888910 151
1888920 151
1888930 151
1888940 151
1888950 151
1888960 151
1888970 151
1888980 151
1888990 151
1889000 151
1889010 151
1889020 151
1889030 150
1889040 150
1889050 150
1889060 150
1889070 150
1889080 150
1889090 150
1889100 150
1889110 150
1889120 150
1889130 150
1889140 150
1889150 150
1889160 150
1889170 150
1889180 150
1889190 150
1889200 150
1889210 150
1889220 150
1889230 150
1889240 150
1889250 150
1889260 150
1889270 150
1889280 150
1889290 150
1889300 150
1889310 150
1889320 150
1889330 150
1889340 150
1889350 150
1889360 150
1889370 150
1889380 150
1889390 150
1889400 150
1889410 150
1889420 150
1889430 150
1889440 150
1889450 150
1889460 150
1889470 150
1889480 150
1889490 150
1889500 150
1889510 150
1889520 150
1889530 150
1889540 150
1889550 150
1889560 150
1889570 150
1889580 150
1889590 150
1889600 150
1889610 150
1889620 150
1889630 150
1889640 150
1889650 150
1889660 150
1889670 150
1889680 150
1889690 150
1889700 150
1889710 150
1889720 150
1889730 150
1889740 150
1889750 150
1889760 150
1889770 150
1889780 150
1889790 150
1889800 150
1889810 150
1889820 150
1889830 150
1889840 150
1889850 150
1889860 150
1889870 150
1889880 150
1889890 150
1889900 150
1889910 149
1889920 149
1889930 149
1889940 149
1889950 149
1889960 149
1889970 149
1889980 149
1889990 149
1890000 149
1890010 149
1890020 149
1890030 149
1890040 149
1890050 149
1890060 149
1890070 149
1890080 149
1890090 149
1890100 149
1890110 149
1890120 149
1890130 149
1890140 149
1890150 149
1890160 149
1890170 149
1890180 148
1890190 148
1890200 148
1890210 148
1890220 148
1890230 148
1890240 148
1890250 148
1890260 148
1890270 148
1890280 148
1890290 148
1890300 148
1890310 148
1890320 148
1890330 148
1890340 148
1890350 148
1890360 148
1890370 148
1890380 148
1890390 148
1890400 148
1890410 148
1890420 147
1890430 147
1890440 147
1890450 148
1890460 147
1890470 147
1890480 147
1890490 147
1890500 147
1890510 147
1890520 147
1890530 147
1890540 147
1890550 147
1890560 147
1890570 147
1890580 147
1890590 147
1890600 147
1890610 147
1890620 147
1890630 147
1890640 147
1890650 147
1890660 147
1890670 147
1890680 147
1890690 147
1890700 147
1890710 147
1890720 147
1890730 147
1890740 147
1890750 147
1890760 147
1890770 147
1890780 147
1890790 147
1890800 147
1890810 147
1890820 147
1890830 147
1890840 146
1890850 146
1890860 146
1890870 146
1890880 146
1890890 146
1890900 146
1890910 146
1890920 146
1890930 146
1890940 146
1890950 146
1890960 146
1890970 146
1890980 146
1890990 146
1891000 146
1891010 146
1891020 146
1891030 146
1891040 146
1891050 146
1891060 146
1891070 146
1891080 146
1891090 146
1891100 146
1891110 146
1891120 146
1891130 146
1891140 146
1891150 146
1891160 146
1891170 146
1891180 146
1891190 146
1891200 146
1891210 146
1891220 146
1891230 146
1891240 146
1891250 146
1891260 146
1891270 146
1891280 146
1891290 147
1891300 146
1891310 146
1891320 142
1891330 140
1891340 140
1891350 140
1891360 140
1891370 140
1891380 141
1891390 146
1891400 146
1891410 144
1891420 140
1891430 140
1891440 140
1891450 141
1891460 141
1891470 142
1891480 141
1891490 141
1891500 145
1891510 145
1891520 145
1891530 145
1891540 145
1891550 145
1891560 145
1891570 145
1891580 145
1891590 146
1891600 147
1891610 148
1891620 148
1891630 150
1891640 148
1891650 148
1891660 148
1891670 147
1891680 147
1891690 147
1891700 147
1891710 147
1891720 147
1891730 146
1891740 146
1891750 146
1891760 146
1891770 146
1891780 146
1891790 146
1891800 146
1891810 146
1891820 146
1891830 146
1891840 145
1891850 145
1891860 145
1891870 144
1891880 144
1891890 144
1891900 144
1891910 143
1891920 143
1891930 143
1891940 142
1891950 142
1891960 142
1891970 141
1891980 141
1891990 141
1892000 140
1892010 140
1892020 140
1892030 139
1892040 139
1892050 139
1892060 139
1892070 139
1892080 138
1892090 138
1892100 138
1892110 138
1892120 138
1892130 138
1892140 137
1892150 137
1892160 137
1892170 136
1892180 136
1892190 136
1892200 136
1892210 136
1892220 136
1892230 136
1892240 136
1892250 136
1892260 136
1892270 136
1892280 136
1892290 136
1892300 136
1892310 136
1892320 136
1892330 136
1892340 136
1892350 136
1892360 136
1892370 136
1892380 136
1892390 136
1892400 136
1892410 136
1892420 136
1892430 136
1892440 136
1892450 136
1892460 136
1892470 136
1892480 136
1892490 136
1892500 136
1892510 136
1892520 136
1892530 136
1892540 136
1892550 136
1892560 135
1892570 135
1892580 135
1892590 135
1892600 135
1892610 135
1892620 135
1892630 135
1892640 135
1892650 135
1892660 135
1892670 135
1892680 135
1892690 135
1892700 135
1892710 136
1892720 136
1892730 136
1892740 136
1892750 135
1892760 135
1892770 135
1892780 135
1892790 135
1892800 135
1892810 135
1892820 135
1892830 135
1892840 135
1892850 135
1892860 135
1892870 135
1892880 135
1892890 135
1892900 135
1892910 135
1892920 135
1892930 135
1892940 135
1892950 135
1892960 135
1892970 135
1892980 135
1892990 135
1893000 135
1893010 135
1893020 135
1893030 135
1893040 135
1893050 135
1893060 135
1893070 135
1893080 135
1893090 135
1893100 135
1893110 135
1893120 135
1893130 135
1893140 135
1893150 135
1893160 135
1893170 135
1893180 135
1893190 135
1893200 135
1893210 135
1893220 135
1893230 135
1893240 135
1893250 135
1893260 135
1893270 135
1893280 135
1893290 135
1893300 135
1893310 135
1893320 135
1893330 135
1893340 135
1893350 135
1893360 135
1893370 135
1893380 135
1893390 135
1893400 135
1893410 135
1893420 135
1893430 135
1893440 135
1893450 135
1893460 135
1893470 135
1893480 135
1893490 135
1893500 135
1893510 135
1893520 135
1893530 135
1893540 135
1893550 135
1893560 135
1893570 135
1893580 135
1893590 135
1893600 135
1893610 135
1893620 135
1893630 135
1893640 135
1893650 135
1893660 135
1893670 135
1893680 135
1893690 135
1893700 135
1893710 135
1893720 135
1893730 135
1893740 135
1893750 135
1893760 135
1893770 135
1893780 135
1893790 135
1893800 135
1893810 136
1893820 136
1893830 136
1893840 136
1893850 136
1893860 136
1893870 135
1893880 135
1893890 135
1893900 135
1893910 135
1893920 135
1893930 135
1893940 135
1893950 135
1893960 135
1893970 135
1893980 135
1893990 135
1894000 135
1894010 135
1894020 135
1894030 135
1894040 135
1894050 135
1894060 135
1894070 135
1894080 135
1894090 135
1894100 135
1894110 135
1894120 135
1894130 135
1894140 135
1894150 135
1894160 135
1894170 135
1894180 135
1894190 135
1894200 135
1894210 135
1894220 135
1894230 135
1894240 135
1894250 135
1894260 135
1894270 135
1894280 135
1894290 135
1894300 135
1894310 135
1894320 135
1894330 135
1894340 135
1894350 135
1894360 135
1894370 135
1894380 135
1894390 135
1894400 135
1894410 135
1894420 135
1894430 135
1894440 135
1894450 135
1894460 135
1894470 135
1894480 134
1894490 134
1894500 134
1894510 134
1894520 134
1894530 134
1894540 134
1894550 134
1894560 134
1894570 134
1894580 134
1894590 134
1894600 135
1894610 135
1894620 135
1894630 135
1894640 135
1894650 135
1894660 135
1894670 135
1894680 135
1894690 135
1894700 135
1894710 135
1894720 135
1894730 135
1894740 135
1894750 135
1894760 135
1894770 135
1894780 135
1894790 135
1894800 135
1894810 135
1894820 135
1894830 135
1894840 135
1894850 135
1894860 135
1894870 135
1894880 135
1894890 135
1894900 135
1894910 135
1894920 134
1894930 134
1894940 134
1894950 134
1894960 134
1894970 134
1894980 134
1894990 134
1895000 134
1895010 134
1895020 134
1895030 134
1895040 134
1895050 134
1895060 134
1895070 134
1895080 134
1895090 134
1895100 134
1895110 134
1895120 134
1895130 134
1895140 134
1895150 134
1895160 134
1895170 134
1895180 134
1895190 134
1895200 134
1895210 134
1895220 134
1895230 134
1895240 134
1895250 134
1895260 134
1895270 134
1895280 134
1895290 134
1895300 134
1895310 134
1895320 134
1895330 134
1895340 134
1895350 134
1895360 134
1895370 134
1895380 134
1895390 134
1895400 134
1895410 134
1895420 134
1895430 134
1895440 134
1895450 134
1895460 134
1895470 134
1895480 134
1895490 134
1895500 134
1895510 134
1895520 134
1895530 134
1895540 134
1895550 134
1895560 134
1895570 134
1895580 134
1895590 134
1895600 134
1895610 134
1895620 134
1895630 134
1895640 134
1895650 134
1895660 134
1895670 134
1895680 134
1895690 134
1895700 134
1895710 134
1895720 134
1895730 134
1895740 134
1895750 134
1895760 134
1895770 134
1895780 134
1895790 134
1895800 134
1895810 134
1895820 134
1895830 134
1895840 134
1895850 134
1895860 134
1895870 134
1895880 134
1895890 134
1895900 134
1895910 134
1895920 134
1895930 134
1895940 134
1895950 134
1895960 134
1895970 134
1895980 134
1895990 134
1896000 134
1896010 134
1896020 134
1896030 134
1896040 134
1896050 133
1896060 133
1896070 133
1896080 133
1896090 133
1896100 133
1896110 133
1896120 133
1896130 133
1896140 133
1896150 133
1896160 133
1896170 133
1896180 133
1896190 133
1896200 133
1896210 133
1896220 133
1896230 133
1896240 133
1896250 133
1896260 133
1896270 133
1896280 133
1896290 133
1896300 133
1896310 133
1896320 133
1896330 133
1896340 133
1896350 133
1896360 133
1896370 134
1896380 134
1896390 134
1896400 134
1896410 134
1896420 134
1896430 134
1896440 134
1896450 134
1896460 133
1896470 133
1896480 133
1896490 133
1896500 133
1896510 133
1896520 134
1896530 134
1896540 134
1896550 134
1896560 134
1896570 134
1896580 134
1896590 134
1896600 134
1896610 134
1896620 134
1896630 134
1896640 134
1896650 134
1896660 134
1896670 134
1896680 133
1896690 133
1896700 133
1896710 133
1896720 133
1896730 133
1896740 133
1896750 133
1896760 133
1896770 133
1896780 133
1896790 133
1896800 133
1896810 133
1896820 133
1896830 133
1896840 133
1896850 133
1896860 133
1896870 133
1896880 133
1896890 133
1896900 133
1896910 133
1896920 133
1896930 133
1896940 133
1896950 133
1896960 133
1896970 133
1896980 133
1896990 133
1897000 133
1897010 133
1897020 133
1897030 133
1897040 133
1897050 133
1897060 133
1897070 133
1897080 133
1897090 133
1897100 133
1897110 133
1897120 133
1897130 133
1897140 133
1897150 133
1897160 133
1897170 133
1897180 133
1897190 133
1897200 133
1897210 133
1897220 133
1897230 133
1897240 133
1897250 132
1897260 132
1897270 132
1897280 133
1897290 132
1897300 132
1897310 132
1897320 132
1897330 132
1897340 132
1897350 132
1897360 132
1897370 132
1897380 132
1897390 132
1897400 132
1897410 132
1897420 132
1897430 132
1897440 132
1897450 132
1897460 132
1897470 132
1897480 132
1897490 132
1897500 132
1897510 132
1897520 132
1897530 132
1897540 132
1897550 132
1897560 132
1897570 132
1897580 132
1897590 132
1897600 132
1897610 132
1897620 132
1897630 132
1897640 132
1897650 132
1897660 132
1897670 132
1897680 132
1897690 132
1897700 132
1897710 132
1897720 132
1897730 132
1897740 132
1897750 132
1897760 132
1897770 132
1897780 132
1897790 132
1897800 132
1897810 132
1897820 132
1897830 132
1897840 132
1897850 132
1897860 132
1897870 132
1897880 132
1897890 132
1897900 132
1897910 132
1897920 132
1897930 132
1897940 132
1897950 132
1897960 132
1897970 132
1897980 132
1897990 132
1898000 132
1898010 132
1898020 132
1898030 132
1898040 132
1898050 132
1898060 132
1898070 132
1898080 132
1898090 132
1898100 132
1898110 132
1898120 132
1898130 132
1898140 132
1898150 132
1898160 132
1898170 132
1898180 132
1898190 132
1898200 133
1898210 133
1898220 132
1898230 132
1898240 132
1898250 132
1898260 132
1898270 132
1898280 132
1898290 132
1898300 132
1898310 132
1898320 132
1898330 132
1898340 132
1898350 132
1898360 132
1898370 132
1898380 132
1898390 132
1898400 132
1898410 132
1898420 132
1898430 132
1898440 132
1898450 132
1898460 132
1898470 132
1898480 132
1898490 132
1898500 132
1898510 132
1898520 132
1898530 132
1898540 132
1898550 132
1898560 132
1898570 132
1898580 132
1898590 132
1898600 132
1898610 132
1898620 132
1898630 132
1898640 133
1898650 133
1898660 133
1898670 133
1898680 133
1898690 133
1898700 132
1898710 132
1898720 132
1898730 132
1898740 132
1898750 132
1898760 132
1898770 132
1898780 132
1898790 132
1898800 132
1898810 132
1898820 132
1898830 132
1898840 132
1898850 132
1898860 132
1898870 132
1898880 132
1898890 132
1898900 132
1898910 132
1898920 132
1898930 132
1898940 132
1898950 132
1898960 132
1898970 132
1898980 132
1898990 132
1899000 132
1899010 132
1899020 132
1899030 132
1899040 132
1899050 132
1899060 132
1899070 132
1899080 132
1899090 132
1899100 132
1899110 132
1899120 132
1899130 132
1899140 132
1899150 132
1899160 132
1899170 132
1899180 132
1899190 132
1899200 132
1899210 132
1899220 132
1899230 132
1899240 132
1899250 132
1899260 132
1899270 132
1899280 132
1899290 132
1899300 132
1899310 132
1899320 132
1899330 132
1899340 132
1899350 132
1899360 132
1899370 132
1899380 132
1899390 132
1899400 132
1899410 132
1899420 132
1899430 132
1899440 132
1899450 132
1899460 132
1899470 132
1899480 132
1899490 132
1899500 132
1899510 132
1899520 132
1899530 132
1899540 132
1899550 132
1899560 132
1899570 132
1899580 132
1899590 132
1899600 132
1899610 132
1899620 132
1899630 132
1899640 132
1899650 132
1899660 132
1899670 132
1899680 132
1899690 132
1899700 132
1899710 132
1899720 132
1899730 132
1899740 132
1899750 132
1899760 132
1899770 132
1899780 132
1899790 132
1899800 132
1899810 132
1899820 132
1899830 132
1899840 132
1899850 132
1899860 132
1899870 132
1899880 132
1899890 132
1899900 132
1899910 132
1899920 132
1899930 132
1899940 132
1899950 132
1899960 132
1899970 133
1899980 133
1899990 133
