1880000 181
1880010 181
1880020 181
1880030 181
1880040 181
1880050 181
1880060 181
1880070 181
1880080 181
1880090 181
1880100 180
1880110 180
1880120 180
1880130 180
1880140 180
1880150 180
1880160 180
1880170 180
1880180 180
1880190 180
1880200 181
1880210 181
1880220 181
1880230 181
1880240 181
1880250 180
1880260 180
1880270 180
1880280 180
1880290 180
1880300 180
1880310 180
1880320 180
1880330 180
1880340 180
1880350 180
1880360 180
1880370 180
1880380 180
1880390 180
1880400 180
1880410 181
1880420 181
1880430 180
1880440 181
1880450 181
1880460 181
1880470 181
1880480 181
1880490 181
1880500 180
1880510 180
1880520 180
1880530 180
1880540 180
1880550 180
1880560 180
1880570 180
1880580 180
1880590 180
1880600 180
1880610 180
1880620 180
1880630 180
1880640 180
1880650 180
1880660 180
1880670 180
1880680 180
1880690 180
1880700 180
1880710 180
1880720 180
1880730 180
1880740 180
1880750 180
1880760 180
1880770 180
1880780 180
1880790 180
1880800 180
1880810 180
1880820 180
1880830 180
1880840 180
1880850 180
1880860 180
1880870 180
1880880 180
1880890 180
1880900 179
1880910 179
1880920 179
1880930 179
1880940 179
1880950 179
1880960 179
1880970 179
1880980 179
1880990 179
1881000 179
1881010 179
1881020 179
1881030 179
1881040 179
1881050 179
1881060 179
1881070 179
1881080 179
1881090 179
1881100 179
1881110 179
1881120 179
1881130 179
1881140 179
1881150 179
1881160 179
1881170 179
1881180 179
1881190 179
1881200 179
1881210 179
1881220 179
1881230 179
1881240 179
1881250 179
1881260 179
1881270 179
1881280 179
1881290 179
1881300 179
1881310 179
1881320 180
1881330 180
1881340 180
1881350 180
1881360 180
1881370 180
1881380 180
1881390 180
1881400 180
1881410 180
1881420 180
1881430 180
1881440 180
1881450 180
1881460 180
1881470 180
1881480 180
1881490 180
1881500 180
1881510 180
1881520 180
1881530 180
1881540 180
1881550 180
1881560 180
1881570 180
1881580 180
1881590 180
1881600 180
1881610 180
1881620 180
1881630 180
1881640 180
1881650 180
1881660 180
1881670 180
1881680 180
1881690 180
1881700 180
1881710 180
1881720 180
1881730 180
1881740 180
1881750 180
1881760 180
1881770 180
1881780 180
1881790 180
1881800 180
1881810 180
1881820 180
1881830 180
1881840 180
1881850 180
1881860 180
1881870 180
1881880 180
1881890 180
1881900 180
1881910 180
1881920 180
1881930 180
1881940 180
1881950 180
1881960 180
1881970 180
1881980 180
1881990 180
1882000 180
1882010 180
1882020 180
1882030 180
1882040 180
1882050 180
1882060 180
1882070 180
1882080 180
1882090 180
1882100 180
1882110 180
1882120 180
1882130 180
1882140 180
1882150 180
1882160 180
1882170 180
1882180 180
1882190 180
1882200 179
1882210 179
1882220 179
1882230 179
1882240 179
1882250 179
1882260 179
1882270 179
1882280 179
1882290 179
1882300 179
1882310 179
1882320 179
1882330 179
1882340 179
1882350 179
1882360 179
1882370 179
1882380 179
1882390 179
1882400 178
1882410 178
1882420 178
1882430 178
1882440 178
1882450 178
1882460 178
1882470 178
1882480 178
1882490 178
1882500 178
1882510 178
1882520 178
1882530 178
1882540 178
1882550 178
1882560 178
1882570 178
1882580 178
1882590 178
1882600 178
1882610 178
1882620 178
1882630 178
1882640 178
1882650 178
1882660 178
1882670 178
1882680 179
1882690 179
1882700 179
1882710 179
1882720 179
1882730 178
1882740 178
1882750 178
1882760 178
1882770 178
1882780 178
1882790 178
1882800 178
1882810 178
1882820 179
1882830 179
1882840 179
1882850 179
1882860 179
1882870 179
1882880 179
1882890 179
1882900 179
1882910 179
1882920 179
1882930 179
1882940 179
1882950 179
1882960 179
1882970 178
1882980 178
1882990 178
1883000 178
1883010 178
1883020 178
1883030 178
1883040 178
1883050 178
1883060 178
1883070 178
1883080 178
1883090 178
1883100 178
1883110 178
1883120 178
1883130 178
1883140 178
1883150 178
1883160 178
1883170 178
1883180 178
1883190 178
1883200 178
1883210 178
1883220 178
1883230 178
1883240 178
1883250 178
1883260 178
1883270 178
1883280 178
1883290 178
1883300 178
1883310 178
1883320 178
1883330 178
1883340 178
1883350 178
1883360 178
1883370 178
1883380 178
1883390 178
1883400 178
1883410 178
1883420 178
1883430 178
1883440 178
1883450 178
1883460 178
1883470 178
1883480 178
1883490 178
1883500 178
1883510 178
1883520 178
1883530 178
1883540 178
1883550 178
1883560 178
1883570 178
1883580 178
1883590 178
1883600 178
1883610 178
1883620 178
1883630 178
1883640 178
1883650 178
1883660 178
1883670 178
1883680 178
1883690 178
1883700 178
1883710 178
1883720 178
1883730 178
1883740 178
1883750 178
1883760 178
1883770 178
1883780 178
1883790 178
1883800 178
1883810 178
1883820 178
1883830 177
1883840 177
1883850 177
1883860 177
1883870 177
1883880 177
1883890 177
1883900 177
1883910 177
1883920 177
1883930 177
1883940 177
1883950 177
1883960 177
1883970 177
1883980 177
1883990 177
1884000 176
1884010 176
1884020 176
1884030 176
1884040 176
1884050 176
1884060 176
1884070 176
1884080 176
1884090 176
1884100 176
1884110 176
1884120 176
1884130 176
1884140 176
1884150 176
1884160 176
1884170 176
1884180 176
1884190 176
1884200 176
1884210 176
1884220 176
1884230 176
1884240 176
1884250 176
1884260 176
1884270 176
1884280 176
1884290 176
1884300 176
1884310 176
1884320 176
1884330 176
1884340 176
1884350 176
1884360 176
1884370 176
1884380 176
1884390 176
1884400 176
1884410 176
1884420 176
1884430 176
1884440 176
1884450 176
1884460 176
1884470 176
1884480 176
1884490 176
1884500 176
1884510 176
1884520 176
1884530 176
1884540 176
1884550 176
1884560 176
1884570 176
1884580 176
1884590 176
1884600 176
1884610 176
1884620 176
1884630 176
1884640 176
1884650 176
1884660 176
1884670 176
1884680 176
1884690 176
1884700 176
1884710 176
1884720 176
1884730 176
1884740 176
1884750 176
1884760 176
1884770 176
1884780 176
1884790 176
1884800 175
1884810 175
1884820 175
1884830 176
1884840 176
1884850 176
1884860 176
1884870 176
1884880 175
1884890 176
1884900 176
1884910 176
1884920 176
1884930 176
1884940 176
1884950 175
1884960 175
1884970 175
1884980 175
1884990 175
1885000 174
1885010 174
1885020 174
1885030 174
1885040 174
1885050 174
1885060 174
1885070 174
1885080 174
1885090 175
1885100 174
1885110 174
1885120 172
1885130 172
1885140 172
1885150 172
1885160 172
1885170 172
1885180 172
1885190 174
1885200 174
1885210 175
1885220 175
1885230 175
1885240 175
1885250 175
1885260 175
1885270 175
1885280 175
1885290 175
1885300 175
1885310 175
1885320 175
1885330 175
1885340 175
1885350 175
1885360 175
1885370 175
1885380 175
1885390 175
1885400 175
1885410 175
1885420 175
1885430 175
1885440 175
1885450 175
1885460 175
1885470 175
1885480 175
1885490 175
1885500 175
1885510 175
1885520 175
1885530 175
1885540 175
1885550 175
1885560 175
1885570 175
1885580 175
1885590 175
1885600 175
1885610 175
1885620 175
1885630 175
1885640 175
1885650 175
1885660 175
1885670 174
1885680 174
1885690 174
1885700 174
1885710 174
1885720 174
1885730 175
1885740 174
1885750 174
1885760 174
1885770 174
1885780 174
1885790 174
1885800 174
1885810 174
1885820 174
1885830 173
1885840 173
1885850 173
1885860 173
1885870 173
1885880 173
1885890 173
1885900 173
1885910 173
1885920 173
1885930 173
1885940 173
1885950 174
1885960 174
1885970 174
1885980 174
1885990 174
1886000 174
1886010 173
1886020 173
1886030 173
1886040 173
1886050 173
1886060 173
1886070 172
1886080 172
1886090 172
1886100 172
1886110 172
1886120 173
1886130 174
1886140 174
1886150 174
1886160 174
1886170 174
1886180 174
1886190 174
1886200 174
1886210 174
1886220 174
1886230 174
1886240 174
1886250 174
1886260 174
1886270 174
1886280 174
1886290 174
1886300 174
1886310 174
1886320 174
1886330 174
1886340 173
1886350 173
1886360 173
1886370 173
1886380 173
1886390 173
1886400 172
1886410 172
1886420 172
1886430 172
1886440 172
1886450 172
1886460 172
1886470 172
1886480 172
1886490 171
1886500 171
1886510 171
1886520 171
1886530 171
1886540 170
1886550 170
1886560 170
1886570 169
1886580 168
1886590 168
1886600 168
1886610 167
1886620 167
1886630 167
1886640 166
1886650 166
1886660 166
1886670 166
1886680 166
1886690 166
1886700 165
1886710 165
1886720 165
1886730 165
1886740 165
1886750 164
1886760 164
1886770 164
1886780 164
1886790 163
1886800 163
1886810 163
1886820 163
1886830 163
1886840 163
1886850 163
1886860 163
1886870 164
1886880 164
1886890 164
1886900 164
1886910 164
1886920 164
1886930 164
1886940 164
1886950 164
1886960 164
1886970 164
1886980 163
1886990 163
1887000 162
1887010 163
1887020 163
1887030 163
1887040 163
1887050 163
1887060 163
1887070 163
1887080 163
1887090 163
1887100 163
1887110 163
1887120 163
1887130 163
1887140 163
1887150 163
1887160 163
1887170 163
1887180 162
1887190 162
1887200 162
1887210 162
1887220 161
1887230 161
1887240 161
1887250 161
1887260 161
1887270 160
1887280 161
1887290 161
1887300 161
1887310 161
1887320 161
1887330 161
1887340 161
1887350 161
1887360 161
1887370 161
1887380 161
1887390 161
1887400 162
1887410 162
1887420 162
1887430 163
1887440 163
1887450 163
1887460 162
1887470 162
1887480 162
1887490 162
1887500 162
1887510 161
1887520 161
1887530 161
1887540 159
1887550 159
1887560 159
1887570 159
1887580 158
1887590 158
1887600 158
1887610 158
1887620 158
1887630 158
1887640 157
1887650 157
1887660 157
1887670 157
1887680 157
1887690 157
1887700 157
1887710 157
1887720 157
1887730 156
1887740 156
1887750 156
1887760 156
1887770 156
1887780 156
1887790 156
1887800 156
1887810 156
1887820 156
1887830 156
1887840 155
1887850 155
1887860 155
1887870 155
1887880 155
1887890 155
1887900 155
1887910 155
1887920 155
1887930 155
1887940 155
1887950 155
1887960 155
1887970 154
1887980 154
1887990 154
1888000 154
1888010 154
1888020 154
1888030 154
1888040 154
1888050 154
1888060 154
1888070 154
1888080 154
1888090 154
1888100 154
1888110 154
1888120 154
1888130 154
1888140 154
1888150 154
1888160 154
1888170 154
1888180 154
1888190 154
1888200 154
1888210 154
1888220 154
1888230 154
1888240 154
1888250 154
1888260 154
1888270 154
1888280 154
1888290 154
1888300 154
1888310 154
1888320 154
1888330 154
1888340 154
1888350 154
1888360 154
1888370 154
1888380 154
1888390 154
1888400 154
1888410 154
1888420 154
1888430 154
1888440 154
1888450 154
1888460 154
1888470 154
1888480 154
1888490 154
1888500 154
1888510 154
1888520 154
1888530 154
1888540 154
1888550 154
1888560 154
1888570 154
1888580 154
1888590 154
1888600 154
1888610 154
1888620 154
1888630 154
1888640 154
1888650 154
1888660 154
1888670 154
1888680 154
1888690 154
1888700 154
1888710 154
1888720 154
1888730 154
1888740 154
1888750 154
1888760 154
1888770 154
1888780 154
1888790 153
1888800 153
1888810 153
1888820 153
1888830 153
1888840 153
1888850 153
1888860 153
1888870 153
1888880 153
1888890 153
1888900 153
1888910 153
1888920 153
1888930 153
1888940 153
1888950 153
1888960 153
1888970 152
1888980 152
1888990 152
1889000 152
1889010 152
1889020 152
1889030 152
1889040 152
1889050 152
1889060 152
1889070 152
1889080 152
1889090 152
1889100 152
1889110 152
1889120 152
1889130 152
1889140 152
1889150 152
1889160 152
1889170 152
1889180 152
1889190 152
1889200 152
1889210 151
1889220 151
1889230 151
1889240 151
1889250 151
1889260 151
1889270 151
1889280 151
1889290 151
1889300 151
1889310 151
1889320 151
1889330 151
1889340 151
1889350 151
1889360 151
1889370 151
1889380 151
1889390 151
1889400 151
1889410 151
1889420 151
1889430 151
1889440 151
1889450 151
1889460 151
1889470 151
1889480 151
1889490 151
1889500 151
1889510 151
1889520 150
1889530 150
1889540 150
1889550 150
1889560 150
1889570 150
1889580 150
1889590 150
1889600 150
1889610 150
1889620 150
1889630 150
1889640 150
1889650 150
1889660 150
1889670 150
1889680 150
1889690 150
1889700 150
1889710 150
1889720 150
1889730 150
1889740 150
1889750 150
1889760 150
1889770 150
1889780 149
1889790 149
1889800 149
1889810 149
1889820 149
1889830 149
1889840 149
1889850 149
1889860 149
1889870 149
1889880 149
1889890 149
1889900 149
1889910 149
1889920 149
1889930 149
1889940 149
1889950 149
1889960 149
1889970 149
1889980 149
1889990 149
1890000 149
1890010 149
1890020 149
1890030 149
1890040 149
1890050 149
1890060 149
1890070 149
1890080 149
1890090 149
1890100 149
1890110 149
1890120 148
1890130 148
1890140 148
1890150 148
1890160 148
1890170 148
1890180 148
1890190 148
1890200 148
1890210 148
1890220 148
1890230 148
1890240 148
1890250 148
1890260 148
1890270 148
1890280 148
1890290 148
1890300 148
1890310 148
1890320 148
1890330 148
1890340 148
1890350 148
1890360 148
1890370 148
1890380 148
1890390 148
1890400 148
1890410 147
1890420 147
1890430 147
1890440 147
1890450 147
1890460 147
1890470 147
1890480 147
1890490 147
1890500 147
1890510 147
1890520 147
1890530 147
1890540 147
1890550 147
1890560 147
1890570 147
1890580 147
1890590 147
1890600 147
1890610 147
1890620 147
1890630 147
1890640 147
1890650 147
1890660 147
1890670 147
1890680 147
1890690 147
1890700 147
1890710 147
1890720 147
1890730 147
1890740 147
1890750 147
1890760 147
1890770 147
1890780 147
1890790 147
1890800 147
1890810 147
1890820 147
1890830 147
1890840 147
1890850 147
1890860 147
1890870 147
1890880 147
1890890 147
1890900 147
1890910 147
1890920 147
1890930 147
1890940 147
1890950 147
1890960 147
1890970 147
1890980 147
1890990 147
1891000 147
1891010 147
1891020 147
1891030 147
1891040 147
1891050 147
1891060 147
1891070 147
1891080 147
1891090 147
1891100 147
1891110 147
1891120 146
1891130 146
1891140 147
1891150 147
1891160 147
1891170 147
1891180 147
1891190 147
1891200 147
1891210 147
1891220 147
1891230 146
1891240 146
1891250 146
1891260 146
1891270 146
1891280 146
1891290 146
1891300 146
1891310 146
1891320 146
1891330 146
1891340 146
1891350 146
1891360 146
1891370 146
1891380 146
1891390 146
1891400 146
1891410 146
1891420 146
1891430 146
1891440 146
1891450 147
1891460 147
1891470 147
1891480 147
1891490 147
1891500 147
1891510 146
1891520 146
1891530 146
1891540 146
1891550 146
1891560 146
1891570 146
1891580 146
1891590 146
1891600 145
1891610 145
1891620 145
1891630 144
1891640 144
1891650 144
1891660 143
1891670 143
1891680 143
1891690 142
1891700 142
1891710 142
1891720 141
1891730 141
1891740 141
1891750 141
1891760 141
1891770 140
1891780 140
1891790 140
1891800 140
1891810 140
1891820 140
1891830 139
1891840 139
1891850 139
1891860 139
1891870 139
1891880 139
1891890 139
1891900 139
1891910 139
1891920 138
1891930 138
1891940 138
1891950 138
1891960 138
1891970 138
1891980 137
1891990 137
1892000 137
1892010 137
1892020 137
1892030 136
1892040 136
1892050 136
1892060 136
1892070 136
1892080 136
1892090 136
1892100 136
1892110 136
1892120 136
1892130 136
1892140 136
1892150 135
1892160 135
1892170 135
1892180 136
1892190 136
1892200 136
1892210 136
1892220 136
1892230 136
1892240 136
1892250 136
1892260 136
1892270 136
1892280 136
1892290 136
1892300 136
1892310 136
1892320 136
1892330 136
1892340 136
1892350 135
1892360 135
1892370 135
1892380 135
1892390 135
1892400 135
1892410 136
1892420 136
1892430 136
1892440 136
1892450 136
1892460 136
1892470 136
1892480 136
1892490 136
1892500 136
1892510 136
1892520 136
1892530 136
1892540 136
1892550 136
1892560 136
1892570 136
1892580 136
1892590 136
1892600 136
1892610 136
1892620 136
1892630 136
1892640 136
1892650 136
1892660 136
1892670 136
1892680 136
1892690 136
1892700 136
1892710 136
1892720 136
1892730 136
1892740 136
1892750 136
1892760 136
1892770 136
1892780 136
1892790 136
1892800 136
1892810 136
1892820 136
1892830 136
1892840 136
1892850 136
1892860 135
1892870 136
1892880 136
1892890 136
1892900 136
1892910 136
1892920 136
1892930 135
1892940 135
1892950 135
1892960 135
1892970 135
1892980 135
1892990 135
1893000 135
1893010 135
1893020 135
1893030 135
1893040 136
1893050 136
1893060 136
1893070 136
1893080 136
1893090 136
1893100 135
1893110 135
1893120 135
1893130 135
1893140 135
1893150 135
1893160 135
1893170 135
1893180 135
1893190 135
1893200 135
1893210 135
1893220 135
1893230 135
1893240 135
1893250 135
1893260 135
1893270 135
1893280 135
1893290 135
1893300 135
1893310 135
1893320 135
1893330 135
1893340 135
1893350 135
1893360 135
1893370 135
1893380 136
1893390 136
1893400 136
1893410 136
1893420 136
1893430 136
1893440 136
1893450 135
1893460 135
1893470 135
1893480 135
1893490 135
1893500 135
1893510 135
1893520 135
1893530 135
1893540 135
1893550 135
1893560 135
1893570 135
1893580 135
1893590 135
1893600 135
1893610 135
1893620 135
1893630 135
1893640 135
1893650 135
1893660 135
1893670 135
1893680 135
1893690 135
1893700 135
1893710 135
1893720 135
1893730 135
1893740 135
1893750 135
1893760 135
1893770 135
1893780 135
1893790 135
1893800 135
1893810 135
1893820 135
1893830 135
1893840 135
1893850 135
1893860 135
1893870 135
1893880 135
1893890 135
1893900 135
1893910 135
1893920 135
1893930 135
1893940 135
1893950 135
1893960 135
1893970 135
1893980 135
1893990 135
1894000 135
1894010 135
1894020 135
1894030 135
1894040 135
1894050 135
1894060 135
1894070 135
1894080 135
1894090 135
1894100 135
1894110 134
1894120 134
1894130 134
1894140 134
1894150 134
1894160 134
1894170 135
1894180 135
1894190 135
1894200 135
1894210 135
1894220 135
1894230 135
1894240 135
1894250 135
1894260 135
1894270 135
1894280 135
1894290 134
1894300 134
1894310 134
1894320 134
1894330 134
1894340 135
1894350 134
1894360 134
1894370 134
1894380 135
1894390 135
1894400 135
1894410 135
1894420 135
1894430 135
1894440 135
1894450 135
1894460 135
1894470 135
1894480 135
1894490 135
1894500 134
1894510 134
1894520 134
1894530 134
1894540 134
1894550 134
1894560 134
1894570 134
1894580 134
1894590 135
1894600 135
1894610 135
1894620 134
1894630 134
1894640 134
1894650 134
1894660 134
1894670 134
1894680 134
1894690 134
1894700 134
1894710 135
1894720 135
1894730 135
1894740 134
1894750 134
1894760 134
1894770 134
1894780 134
1894790 134
1894800 134
1894810 134
1894820 134
1894830 134
1894840 134
1894850 134
1894860 134
1894870 134
1894880 134
1894890 134
1894900 134
1894910 134
1894920 134
1894930 134
1894940 134
1894950 134
1894960 134
1894970 134
1894980 134
1894990 134
1895000 134
1895010 134
1895020 134
1895030 134
1895040 134
1895050 134
1895060 134
1895070 134
1895080 134
1895090 134
1895100 134
1895110 134
1895120 134
1895130 134
1895140 134
1895150 134
1895160 134
1895170 134
1895180 134
1895190 134
1895200 134
1895210 134
1895220 134
1895230 134
1895240 134
1895250 134
1895260 134
1895270 134
1895280 134
1895290 134
1895300 134
1895310 134
1895320 134
1895330 134
1895340 134
1895350 134
1895360 134
1895370 134
1895380 134
1895390 134
1895400 134
1895410 134
1895420 134
1895430 134
1895440 134
1895450 134
1895460 134
1895470 134
1895480 134
1895490 134
1895500 134
1895510 134
1895520 134
1895530 134
1895540 134
1895550 134
1895560 134
1895570 134
1895580 134
1895590 134
1895600 134
1895610 134
1895620 134
1895630 134
1895640 134
1895650 134
1895660 134
1895670 134
1895680 134
1895690 134
1895700 134
1895710 134
1895720 134
1895730 134
1895740 134
1895750 133
1895760 133
1895770 133
1895780 134
1895790 133
1895800 133
1895810 133
1895820 133
1895830 133
1895840 133
1895850 133
1895860 133
1895870 133
1895880 133
1895890 133
1895900 133
1895910 133
1895920 133
1895930 133
1895940 133
1895950 133
1895960 133
1895970 133
1895980 133
1895990 133
1896000 133
1896010 133
1896020 133
1896030 133
1896040 133
1896050 134
1896060 134
1896070 134
1896080 133
1896090 133
1896100 133
1896110 133
1896120 133
1896130 134
1896140 134
1896150 134
1896160 134
1896170 134
1896180 134
1896190 133
1896200 133
1896210 133
1896220 133
1896230 133
1896240 133
1896250 133
1896260 133
1896270 133
1896280 133
1896290 133
1896300 133
1896310 133
1896320 133
1896330 133
1896340 133
1896350 133
1896360 133
1896370 133
1896380 133
1896390 133
1896400 133
1896410 133
1896420 133
1896430 133
1896440 133
1896450 133
1896460 133
1896470 133
1896480 133
1896490 133
1896500 133
1896510 133
1896520 133
1896530 133
1896540 133
1896550 133
1896560 133
1896570 133
1896580 133
1896590 133
1896600 133
1896610 133
1896620 133
1896630 133
1896640 133
1896650 133
1896660 133
1896670 133
1896680 133
1896690 133
1896700 133
1896710 133
1896720 133
1896730 133
1896740 133
1896750 133
1896760 133
1896770 133
1896780 133
1896790 133
1896800 133
1896810 133
1896820 133
1896830 133
1896840 133
1896850 133
1896860 133
1896870 133
1896880 133
1896890 133
1896900 133
1896910 133
1896920 133
1896930 133
1896940 133
1896950 133
1896960 133
1896970 133
1896980 133
1896990 133
1897000 133
1897010 133
1897020 133
1897030 133
1897040 133
1897050 133
1897060 133
1897070 133
1897080 133
1897090 133
1897100 133
1897110 133
1897120 133
1897130 133
1897140 133
1897150 133
1897160 133
1897170 132
1897180 132
1897190 132
1897200 132
1897210 132
1897220 132
1897230 132
1897240 132
1897250 132
1897260 133
1897270 133
1897280 132
1897290 132
1897300 132
1897310 132
1897320 132
1897330 132
1897340 132
1897350 132
1897360 132
1897370 132
1897380 132
1897390 132
1897400 132
1897410 132
1897420 132
1897430 132
1897440 132
1897450 132
1897460 133
1897470 133
1897480 133
1897490 133
1897500 133
1897510 133
1897520 133
1897530 133
1897540 133
1897550 133
1897560 133
1897570 133
1897580 133
1897590 133
1897600 133
1897610 133
1897620 133
1897630 133
1897640 133
1897650 133
1897660 133
1897670 133
1897680 133
1897690 133
1897700 133
1897710 133
1897720 133
1897730 133
1897740 133
1897750 133
1897760 133
1897770 133
1897780 133
1897790 133
1897800 133
1897810 133
1897820 133
1897830 133
1897840 133
1897850 133
1897860 133
1897870 133
1897880 133
1897890 133
1897900 133
1897910 133
1897920 133
1897930 133
1897940 133
1897950 132
1897960 132
1897970 132
1897980 132
1897990 132
1898000 132
1898010 132
1898020 132
1898030 133
1898040 133
1898050 133
1898060 132
1898070 132
1898080 132
1898090 133
1898100 132
1898110 132
1898120 132
1898130 132
1898140 132
1898150 132
1898160 132
1898170 132
1898180 132
1898190 132
1898200 132
1898210 132
1898220 132
1898230 132
1898240 132
1898250 132
1898260 132
1898270 132
1898280 132
1898290 132
1898300 132
1898310 132
1898320 132
1898330 132
1898340 132
1898350 132
1898360 132
1898370 132
1898380 133
1898390 133
1898400 133
1898410 133
1898420 133
1898430 133
1898440 133
1898450 133
1898460 132
1898470 132
1898480 132
1898490 132
1898500 132
1898510 132
1898520 132
1898530 132
1898540 132
1898550 132
1898560 132
1898570 132
1898580 132
1898590 133
1898600 133
1898610 133
1898620 133
1898630 133
1898640 132
1898650 132
1898660 132
1898670 132
1898680 132
1898690 132
1898700 132
1898710 132
1898720 132
1898730 132
1898740 132
1898750 132
1898760 132
1898770 132
1898780 132
1898790 132
1898800 132
1898810 132
1898820 133
1898830 133
1898840 133
1898850 133
1898860 133
1898870 133
1898880 133
1898890 133
1898900 133
1898910 133
1898920 133
1898930 133
1898940 133
1898950 133
1898960 133
1898970 133
1898980 132
1898990 132
1899000 132
1899010 133
1899020 133
1899030 133
1899040 132
1899050 132
1899060 132
1899070 132
1899080 132
1899090 132
1899100 132
1899110 132
1899120 132
1899130 132
1899140 132
1899150 132
1899160 132
1899170 132
1899180 132
1899190 132
1899200 132
1899210 132
1899220 132
1899230 132
1899240 132
1899250 132
1899260 132
1899270 132
1899280 132
1899290 132
1899300 132
1899310 132
1899320 132
1899330 132
1899340 132
1899350 132
1899360 132
1899370 132
1899380 132
1899390 132
1899400 133
1899410 133
1899420 133
1899430 133
1899440 133
1899450 133
1899460 133
1899470 133
1899480 133
1899490 133
1899500 133
1899510 133
1899520 132
1899530 132
1899540 132
1899550 133
1899560 133
1899570 133
1899580 133
1899590 133
1899600 133
1899610 133
1899620 133
1899630 133
1899640 133
1899650 133
1899660 133
1899670 133
1899680 133
1899690 133
1899700 133
1899710 133
1899720 133
1899730 133
1899740 133
1899750 133
1899760 133
1899770 134
1899780 134
1899790 133
1899800 133
1899810 133
1899820 133
1899830 133
1899840 133
1899850 133
1899860 133
1899870 133
1899880 133
1899890 133
1899900 133
1899910 133
1899920 133
1899930 133
1899940 133
1899950 133
1899960 133
1899970 133
1899980 133
1899990 133
