1880000 181
1880010 181
1880020 181
1880030 181
1880040 181
1880050 181
1880060 181
1880070 181
1880080 181
1880090 181
1880100 181
1880110 181
1880120 181
1880130 181
1880140 181
1880150 181
1880160 181
1880170 181
1880180 181
1880190 181
1880200 181
1880210 181
1880220 181
1880230 181
1880240 181
1880250 181
1880260 181
1880270 181
1880280 181
1880290 181
1880300 181
1880310 181
1880320 181
1880330 181
1880340 181
1880350 181
1880360 181
1880370 181
1880380 181
1880390 180
1880400 180
1880410 180
1880420 180
1880430 180
1880440 180
1880450 180
1880460 180
1880470 180
1880480 180
1880490 180
1880500 180
1880510 180
1880520 180
1880530 180
1880540 180
1880550 180
1880560 180
1880570 180
1880580 180
1880590 180
1880600 180
1880610 180
1880620 180
1880630 180
1880640 180
1880650 180
1880660 180
1880670 180
1880680 180
1880690 180
1880700 180
1880710 180
1880720 180
1880730 180
1880740 180
1880750 180
1880760 180
1880770 180
1880780 180
1880790 180
1880800 180
1880810 180
1880820 180
1880830 180
1880840 180
1880850 180
1880860 180
1880870 180
1880880 180
1880890 180
1880900 180
1880910 180
1880920 180
1880930 180
1880940 180
1880950 180
1880960 180
1880970 180
1880980 180
1880990 180
1881000 180
1881010 180
1881020 180
1881030 180
1881040 180
1881050 180
1881060 180
1881070 180
1881080 180
1881090 180
1881100 180
1881110 180
1881120 180
1881130 180
1881140 180
1881150 180
1881160 180
1881170 180
1881180 180
1881190 180
1881200 180
1881210 180
1881220 180
1881230 180
1881240 180
1881250 180
1881260 180
1881270 180
1881280 181
1881290 181
1881300 181
1881310 181
1881320 181
1881330 181
1881340 181
1881350 181
1881360 181
1881370 180
1881380 180
1881390 180
1881400 180
1881410 180
1881420 180
1881430 180
1881440 180
1881450 180
1881460 180
1881470 180
1881480 180
1881490 180
1881500 180
1881510 180
1881520 180
1881530 180
1881540 180
1881550 179
1881560 179
1881570 179
1881580 179
1881590 179
1881600 179
1881610 180
1881620 180
1881630 179
1881640 179
1881650 179
1881660 179
1881670 179
1881680 179
1881690 179
1881700 179
1881710 179
1881720 179
1881730 179
1881740 179
1881750 179
1881760 179
1881770 179
1881780 179
1881790 179
1881800 179
1881810 179
1881820 179
1881830 179
1881840 179
1881850 179
1881860 179
1881870 179
1881880 179
1881890 179
1881900 179
1881910 179
1881920 179
1881930 179
1881940 179
1881950 179
1881960 179
1881970 179
1881980 178
1881990 178
1882000 178
1882010 178
1882020 178
1882030 178
1882040 178
1882050 178
1882060 178
1882070 178
1882080 178
1882090 178
1882100 178
1882110 178
1882120 178
1882130 178
1882140 178
1882150 178
1882160 178
1882170 178
1882180 178
1882190 178
1882200 178
1882210 178
1882220 178
1882230 178
1882240 178
1882250 178
1882260 178
1882270 178
1882280 178
1882290 178
1882300 178
1882310 178
1882320 178
1882330 178
1882340 178
1882350 178
1882360 178
1882370 178
1882380 178
1882390 178
1882400 177
1882410 177
1882420 177
1882430 177
1882440 177
1882450 177
1882460 178
1882470 178
1882480 178
1882490 178
1882500 178
1882510 178
1882520 178
1882530 178
1882540 178
1882550 178
1882560 178
1882570 177
1882580 178
1882590 178
1882600 178
1882610 178
1882620 178
1882630 178
1882640 178
1882650 178
1882660 178
1882670 178
1882680 178
1882690 178
1882700 178
1882710 178
1882720 178
1882730 178
1882740 178
1882750 178
1882760 178
1882770 178
1882780 178
1882790 178
1882800 178
1882810 178
1882820 178
1882830 178
1882840 178
1882850 178
1882860 178
1882870 178
1882880 178
1882890 178
1882900 178
1882910 178
1882920 178
1882930 178
1882940 178
1882950 178
1882960 178
1882970 178
1882980 178
1882990 178
1883000 178
1883010 178
1883020 178
1883030 179
1883040 179
1883050 179
1883060 178
1883070 178
1883080 178
1883090 178
1883100 178
1883110 178
1883120 178
1883130 179
1883140 179
1883150 178
1883160 178
1883170 178
1883180 178
1883190 178
1883200 178
1883210 178
1883220 178
1883230 178
1883240 178
1883250 178
1883260 178
1883270 178
1883280 178
1883290 178
1883300 178
1883310 178
1883320 178
1883330 178
1883340 178
1883350 178
1883360 178
1883370 178
1883380 178
1883390 178
1883400 178
1883410 178
1883420 178
1883430 178
1883440 178
1883450 178
1883460 178
1883470 178
1883480 178
1883490 178
1883500 178
1883510 178
1883520 178
1883530 178
1883540 178
1883550 177
1883560 177
1883570 177
1883580 177
1883590 177
1883600 177
1883610 177
1883620 177
1883630 177
1883640 177
1883650 177
1883660 177
1883670 177
1883680 177
1883690 177
1883700 177
1883710 177
1883720 177
1883730 177
1883740 177
1883750 177
1883760 177
1883770 177
1883780 177
1883790 177
1883800 177
1883810 177
1883820 177
1883830 177
1883840 177
1883850 177
1883860 177
1883870 177
1883880 177
1883890 177
1883900 176
1883910 176
1883920 176
1883930 176
1883940 176
1883950 176
1883960 176
1883970 176
1883980 176
1883990 176
1884000 176
1884010 176
1884020 176
1884030 176
1884040 176
1884050 176
1884060 176
1884070 176
1884080 176
1884090 176
1884100 176
1884110 176
1884120 176
1884130 176
1884140 176
1884150 176
1884160 176
1884170 176
1884180 176
1884190 176
1884200 176
1884210 176
1884220 176
1884230 177
1884240 176
1884250 176
1884260 177
1884270 177
1884280 177
1884290 177
1884300 177
1884310 176
1884320 176
1884330 177
1884340 177
1884350 177
1884360 177
1884370 177
1884380 177
1884390 177
1884400 177
1884410 177
1884420 177
1884430 177
1884440 177
1884450 177
1884460 177
1884470 177
1884480 177
1884490 177
1884500 177
1884510 177
1884520 177
1884530 177
1884540 177
1884550 177
1884560 177
1884570 177
1884580 177
1884590 177
1884600 177
1884610 177
1884620 177
1884630 176
1884640 176
1884650 176
1884660 176
1884670 176
1884680 176
1884690 176
1884700 176
1884710 176
1884720 176
1884730 176
1884740 176
1884750 176
1884760 175
1884770 175
1884780 175
1884790 175
1884800 175
1884810 175
1884820 175
1884830 175
1884840 175
1884850 175
1884860 175
1884870 175
1884880 175
1884890 175
1884900 175
1884910 175
1884920 175
1884930 175
1884940 175
1884950 175
1884960 175
1884970 175
1884980 175
1884990 175
1885000 175
1885010 175
1885020 174
1885030 174
1885040 174
1885050 174
1885060 174
1885070 174
1885080 174
1885090 173
1885100 173
1885110 173
1885120 173
1885130 173
1885140 173
1885150 173
1885160 173
1885170 173
1885180 173
1885190 173
1885200 173
1885210 173
1885220 173
1885230 173
1885240 174
1885250 174
1885260 174
1885270 174
1885280 174
1885290 174
1885300 175
1885310 175
1885320 175
1885330 175
1885340 175
1885350 175
1885360 175
1885370 175
1885380 175
1885390 175
1885400 175
1885410 175
1885420 175
1885430 175
1885440 176
1885450 176
1885460 176
1885470 176
1885480 176
1885490 176
1885500 175
1885510 176
1885520 176
1885530 176
1885540 176
1885550 176
1885560 176
1885570 176
1885580 176
1885590 175
1885600 175
1885610 175
1885620 175
1885630 175
1885640 175
1885650 175
1885660 175
1885670 175
1885680 175
1885690 175
1885700 175
1885710 175
1885720 175
1885730 175
1885740 175
1885750 175
1885760 175
1885770 175
1885780 174
1885790 174
1885800 174
1885810 174
1885820 173
1885830 173
1885840 173
1885850 172
1885860 172
1885870 172
1885880 171
1885890 171
1885900 170
1885910 169
1885920 169
1885930 168
1885940 168
1885950 168
1885960 168
1885970 168
1885980 168
1885990 167
1886000 167
1886010 167
1886020 167
1886030 167
1886040 167
1886050 167
1886060 166
1886070 166
1886080 166
1886090 165
1886100 165
1886110 164
1886120 164
1886130 164
1886140 164
1886150 164
1886160 164
1886170 163
1886180 163
1886190 163
1886200 164
1886210 164
1886220 164
1886230 164
1886240 164
1886250 164
1886260 164
1886270 164
1886280 164
1886290 164
1886300 164
1886310 164
1886320 164
1886330 164
1886340 164
1886350 164
1886360 164
1886370 164
1886380 164
1886390 164
1886400 164
1886410 164
1886420 165
1886430 165
1886440 165
1886450 165
1886460 165
1886470 165
1886480 166
1886490 166
1886500 166
1886510 167
1886520 167
1886530 168
1886540 168
1886550 168
1886560 168
1886570 167
1886580 167
1886590 167
1886600 167
1886610 167
1886620 168
1886630 168
1886640 168
1886650 167
1886660 167
1886670 167
1886680 167
1886690 167
1886700 167
1886710 167
1886720 167
1886730 167
1886740 167
1886750 167
1886760 167
1886770 167
1886780 166
1886790 166
1886800 166
1886810 166
1886820 166
1886830 166
1886840 166
1886850 166
1886860 166
1886870 166
1886880 165
1886890 166
1886900 166
1886910 166
1886920 166
1886930 166
1886940 166
1886950 166
1886960 165
1886970 165
1886980 165
1886990 165
1887000 165
1887010 165
1887020 165
1887030 164
1887040 164
1887050 164
1887060 164
1887070 164
1887080 164
1887090 164
1887100 164
1887110 163
1887120 163
1887130 163
1887140 163
1887150 162
1887160 162
1887170 162
1887180 162
1887190 162
1887200 162
1887210 163
1887220 163
1887230 162
1887240 163
1887250 163
1887260 163
1887270 163
1887280 163
1887290 162
1887300 163
1887310 163
1887320 163
1887330 163
1887340 163
1887350 163
1887360 163
1887370 163
1887380 163
1887390 163
1887400 163
1887410 163
1887420 164
1887430 164
1887440 164
1887450 164
1887460 164
1887470 164
1887480 164
1887490 164
1887500 164
1887510 163
1887520 163
1887530 164
1887540 164
1887550 164
1887560 163
1887570 163
1887580 163
1887590 163
1887600 163
1887610 163
1887620 163
1887630 163
1887640 163
1887650 163
1887660 163
1887670 163
1887680 163
1887690 162
1887700 162
1887710 162
1887720 162
1887730 162
1887740 162
1887750 162
1887760 162
1887770 162
1887780 162
1887790 162
1887800 162
1887810 161
1887820 161
1887830 161
1887840 161
1887850 161
1887860 161
1887870 161
1887880 161
1887890 161
1887900 161
1887910 161
1887920 161
1887930 160
1887940 160
1887950 160
1887960 160
1887970 160
1887980 160
1887990 160
1888000 160
1888010 160
1888020 160
1888030 160
1888040 160
1888050 160
1888060 160
1888070 159
1888080 159
1888090 159
1888100 159
1888110 159
1888120 159
1888130 159
1888140 159
1888150 158
1888160 158
1888170 158
1888180 158
1888190 158
1888200 158
1888210 158
1888220 158
1888230 158
1888240 157
1888250 157
1888260 157
1888270 157
1888280 157
1888290 157
1888300 157
1888310 157
1888320 157
1888330 156
1888340 156
1888350 156
1888360 156
1888370 156
1888380 156
1888390 156
1888400 156
1888410 156
1888420 155
1888430 155
1888440 155
1888450 155
1888460 155
1888470 155
1888480 155
1888490 155
1888500 154
1888510 154
1888520 154
1888530 154
1888540 154
1888550 154
1888560 154
1888570 154
1888580 154
1888590 154
1888600 154
1888610 154
1888620 154
1888630 154
1888640 154
1888650 154
1888660 154
1888670 154
1888680 154
1888690 154
1888700 154
1888710 154
1888720 154
1888730 154
1888740 154
1888750 153
1888760 153
1888770 153
1888780 153
1888790 153
1888800 153
1888810 153
1888820 153
1888830 153
1888840 153
1888850 153
1888860 152
1888870 152
1888880 152
1888890 152
1888900 152
1888910 152
1888920 152
1888930 152
1888940 152
1888950 152
1888960 152
1888970 152
1888980 152
1888990 152
1889000 152
1889010 152
1889020 152
1889030 152
1889040 152
1889050 152
1889060 152
1889070 152
1889080 151
1889090 151
1889100 151
1889110 151
1889120 151
1889130 151
1889140 151
1889150 151
1889160 151
1889170 151
1889180 151
1889190 151
1889200 151
1889210 151
1889220 151
1889230 151
1889240 151
1889250 151
1889260 151
1889270 151
1889280 151
1889290 151
1889300 151
1889310 151
1889320 151
1889330 151
1889340 150
1889350 150
1889360 150
1889370 150
1889380 150
1889390 150
1889400 150
1889410 150
1889420 150
1889430 150
1889440 150
1889450 150
1889460 150
1889470 150
1889480 150
1889490 150
1889500 150
1889510 150
1889520 150
1889530 150
1889540 150
1889550 150
1889560 150
1889570 150
1889580 150
1889590 150
1889600 149
1889610 149
1889620 150
1889630 149
1889640 149
1889650 149
1889660 149
1889670 149
1889680 149
1889690 149
1889700 149
1889710 149
1889720 149
1889730 149
1889740 149
1889750 149
1889760 149
1889770 149
1889780 149
1889790 149
1889800 149
1889810 149
1889820 149
1889830 149
1889840 149
1889850 149
1889860 149
1889870 149
1889880 149
1889890 149
1889900 149
1889910 149
1889920 149
1889930 149
1889940 149
1889950 149
1889960 149
1889970 149
1889980 149
1889990 149
1890000 149
1890010 149
1890020 148
1890030 148
1890040 148
1890050 148
1890060 148
1890070 148
1890080 148
1890090 148
1890100 148
1890110 148
1890120 148
1890130 148
1890140 148
1890150 148
1890160 148
1890170 148
1890180 148
1890190 148
1890200 148
1890210 148
1890220 148
1890230 148
1890240 148
1890250 148
1890260 148
1890270 148
1890280 148
1890290 148
1890300 148
1890310 148
1890320 147
1890330 147
1890340 147
1890350 147
1890360 147
1890370 147
1890380 147
1890390 147
1890400 147
1890410 147
1890420 147
1890430 147
1890440 147
1890450 147
1890460 147
1890470 147
1890480 147
1890490 147
1890500 147
1890510 147
1890520 146
1890530 146
1890540 146
1890550 146
1890560 146
1890570 146
1890580 145
1890590 144
1890600 144
1890610 144
1890620 145
1890630 145
1890640 147
1890650 147
1890660 147
1890670 147
1890680 147
1890690 147
1890700 147
1890710 147
1890720 147
1890730 147
1890740 147
1890750 147
1890760 147
1890770 147
1890780 147
1890790 147
1890800 147
1890810 147
1890820 147
1890830 147
1890840 147
1890850 147
1890860 147
1890870 147
1890880 147
1890890 147
1890900 147
1890910 147
1890920 147
1890930 147
1890940 147
1890950 147
1890960 147
1890970 147
1890980 147
1890990 147
1891000 147
1891010 147
1891020 147
1891030 147
1891040 147
1891050 147
1891060 147
1891070 146
1891080 146
1891090 146
1891100 146
1891110 146
1891120 146
1891130 146
1891140 146
1891150 146
1891160 147
1891170 146
1891180 146
1891190 145
1891200 146
1891210 146
1891220 147
1891230 147
1891240 147
1891250 147
1891260 147
1891270 147
1891280 147
1891290 147
1891300 147
1891310 147
1891320 146
1891330 146
1891340 146
1891350 145
1891360 145
1891370 144
1891380 144
1891390 144
1891400 143
1891410 143
1891420 143
1891430 142
1891440 142
1891450 142
1891460 141
1891470 141
1891480 141
1891490 141
1891500 140
1891510 140
1891520 140
1891530 140
1891540 140
1891550 139
1891560 139
1891570 139
1891580 139
1891590 139
1891600 139
1891610 138
1891620 138
1891630 138
1891640 138
1891650 138
1891660 138
1891670 138
1891680 138
1891690 138
1891700 138
1891710 138
1891720 138
1891730 137
1891740 138
1891750 138
1891760 137
1891770 137
1891780 137
1891790 137
1891800 137
1891810 137
1891820 137
1891830 137
1891840 137
1891850 137
1891860 137
1891870 137
1891880 137
1891890 137
1891900 137
1891910 137
1891920 136
1891930 136
1891940 136
1891950 136
1891960 135
1891970 135
1891980 136
1891990 136
1892000 136
1892010 135
1892020 135
1892030 135
1892040 135
1892050 135
1892060 135
1892070 136
1892080 136
1892090 136
1892100 137
1892110 137
1892120 137
1892130 137
1892140 137
1892150 137
1892160 137
1892170 137
1892180 137
1892190 137
1892200 137
1892210 137
1892220 137
1892230 137
1892240 137
1892250 137
1892260 137
1892270 137
1892280 137
1892290 137
1892300 137
1892310 136
1892320 136
1892330 136
1892340 136
1892350 136
1892360 136
1892370 136
1892380 136
1892390 136
1892400 136
1892410 136
1892420 136
1892430 136
1892440 136
1892450 136
1892460 136
1892470 136
1892480 136
1892490 136
1892500 136
1892510 136
1892520 136
1892530 136
1892540 136
1892550 136
1892560 136
1892570 136
1892580 136
1892590 136
1892600 136
1892610 136
1892620 136
1892630 136
1892640 136
1892650 136
1892660 136
1892670 136
1892680 136
1892690 136
1892700 136
1892710 136
1892720 136
1892730 136
1892740 136
1892750 136
1892760 136
1892770 136
1892780 136
1892790 136
1892800 136
1892810 136
1892820 136
1892830 136
1892840 136
1892850 136
1892860 136
1892870 136
1892880 136
1892890 136
1892900 136
1892910 136
1892920 136
1892930 136
1892940 136
1892950 136
1892960 136
1892970 136
1892980 136
1892990 136
1893000 136
1893010 136
1893020 136
1893030 136
1893040 136
1893050 136
1893060 136
1893070 136
1893080 136
1893090 135
1893100 135
1893110 135
1893120 136
1893130 136
1893140 136
1893150 136
1893160 136
1893170 136
1893180 135
1893190 136
1893200 136
1893210 136
1893220 136
1893230 136
1893240 136
1893250 136
1893260 136
1893270 136
1893280 136
1893290 136
1893300 136
1893310 136
1893320 136
1893330 136
1893340 136
1893350 136
1893360 136
1893370 135
1893380 135
1893390 135
1893400 136
1893410 136
1893420 136
1893430 136
1893440 136
1893450 136
1893460 136
1893470 136
1893480 136
1893490 136
1893500 136
1893510 136
1893520 136
1893530 136
1893540 136
1893550 136
1893560 135
1893570 135
1893580 135
1893590 135
1893600 135
1893610 135
1893620 136
1893630 136
1893640 136
1893650 136
1893660 136
1893670 136
1893680 136
1893690 136
1893700 136
1893710 136
1893720 136
1893730 135
1893740 135
1893750 135
1893760 135
1893770 135
1893780 135
1893790 135
1893800 135
1893810 135
1893820 135
1893830 135
1893840 135
1893850 135
1893860 135
1893870 135
1893880 135
1893890 135
1893900 135
1893910 135
1893920 135
1893930 135
1893940 135
1893950 135
1893960 135
1893970 135
1893980 135
1893990 135
1894000 135
1894010 135
1894020 135
1894030 135
1894040 135
1894050 135
1894060 135
1894070 135
1894080 135
1894090 135
1894100 135
1894110 135
1894120 135
1894130 135
1894140 135
1894150 135
1894160 135
1894170 135
1894180 135
1894190 135
1894200 135
1894210 135
1894220 135
1894230 135
1894240 135
1894250 135
1894260 135
1894270 135
1894280 135
1894290 135
1894300 135
1894310 135
1894320 135
1894330 135
1894340 135
1894350 135
1894360 135
1894370 135
1894380 135
1894390 135
1894400 135
1894410 135
1894420 135
1894430 135
1894440 135
1894450 135
1894460 135
1894470 135
1894480 135
1894490 135
1894500 135
1894510 135
1894520 134
1894530 134
1894540 134
1894550 134
1894560 134
1894570 134
1894580 134
1894590 134
1894600 134
1894610 134
1894620 134
1894630 134
1894640 134
1894650 134
1894660 134
1894670 134
1894680 134
1894690 134
1894700 134
1894710 134
1894720 134
1894730 134
1894740 134
1894750 134
1894760 134
1894770 134
1894780 134
1894790 134
1894800 134
1894810 134
1894820 134
1894830 134
1894840 134
1894850 134
1894860 134
1894870 134
1894880 134
1894890 134
1894900 134
1894910 134
1894920 134
1894930 134
1894940 134
1894950 134
1894960 134
1894970 134
1894980 134
1894990 134
1895000 134
1895010 134
1895020 134
1895030 134
1895040 134
1895050 134
1895060 134
1895070 134
1895080 134
1895090 134
1895100 134
1895110 134
1895120 134
1895130 134
1895140 134
1895150 134
1895160 134
1895170 134
1895180 134
1895190 134
1895200 134
1895210 134
1895220 134
1895230 134
1895240 134
1895250 134
1895260 134
1895270 134
1895280 134
1895290 134
1895300 134
1895310 134
1895320 134
1895330 134
1895340 134
1895350 134
1895360 134
1895370 134
1895380 134
1895390 134
1895400 134
1895410 134
1895420 134
1895430 134
1895440 134
1895450 134
1895460 134
1895470 134
1895480 134
1895490 134
1895500 134
1895510 134
1895520 134
1895530 134
1895540 134
1895550 134
1895560 134
1895570 134
1895580 134
1895590 134
1895600 134
1895610 134
1895620 134
1895630 134
1895640 134
1895650 134
1895660 134
1895670 134
1895680 134
1895690 134
1895700 134
1895710 134
1895720 134
1895730 134
1895740 134
1895750 134
1895760 134
1895770 134
1895780 134
1895790 134
1895800 134
1895810 134
1895820 134
1895830 134
1895840 134
1895850 134
1895860 134
1895870 134
1895880 133
1895890 133
1895900 133
1895910 133
1895920 133
1895930 133
1895940 133
1895950 133
1895960 133
1895970 133
1895980 133
1895990 133
1896000 133
1896010 133
1896020 133
1896030 133
1896040 133
1896050 133
1896060 133
1896070 133
1896080 133
1896090 133
1896100 133
1896110 133
1896120 133
1896130 133
1896140 133
1896150 133
1896160 133
1896170 133
1896180 133
1896190 133
1896200 133
1896210 133
1896220 133
1896230 133
1896240 133
1896250 133
1896260 133
1896270 133
1896280 133
1896290 133
1896300 133
1896310 133
1896320 133
1896330 133
1896340 133
1896350 133
1896360 133
1896370 133
1896380 133
1896390 133
1896400 133
1896410 133
1896420 133
1896430 133
1896440 133
1896450 133
1896460 133
1896470 133
1896480 133
1896490 133
1896500 133
1896510 133
1896520 133
1896530 133
1896540 133
1896550 133
1896560 133
1896570 133
1896580 133
1896590 133
1896600 133
1896610 133
1896620 133
1896630 133
1896640 133
1896650 133
1896660 133
1896670 133
1896680 133
1896690 133
1896700 133
1896710 133
1896720 133
1896730 133
1896740 133
1896750 133
1896760 133
1896770 133
1896780 133
1896790 133
1896800 133
1896810 133
1896820 133
1896830 133
1896840 133
1896850 133
1896860 133
1896870 133
1896880 133
1896890 133
1896900 133
1896910 133
1896920 133
1896930 133
1896940 133
1896950 133
1896960 133
1896970 133
1896980 133
1896990 133
1897000 133
1897010 133
1897020 133
1897030 134
1897040 134
1897050 134
1897060 134
1897070 134
1897080 134
1897090 134
1897100 134
1897110 134
1897120 134
1897130 134
1897140 134
1897150 133
1897160 133
1897170 133
1897180 133
1897190 133
1897200 133
1897210 133
1897220 133
1897230 133
1897240 133
1897250 132
1897260 132
1897270 132
1897280 133
1897290 133
1897300 133
1897310 133
1897320 133
1897330 133
1897340 133
1897350 132
1897360 132
1897370 133
1897380 133
1897390 133
1897400 133
1897410 133
1897420 133
1897430 133
1897440 133
1897450 133
1897460 133
1897470 133
1897480 133
1897490 133
1897500 133
1897510 133
1897520 133
1897530 133
1897540 133
1897550 133
1897560 133
1897570 133
1897580 133
1897590 133
1897600 133
1897610 132
1897620 132
1897630 132
1897640 132
1897650 132
1897660 132
1897670 132
1897680 132
1897690 132
1897700 132
1897710 132
1897720 132
1897730 132
1897740 132
1897750 132
1897760 132
1897770 132
1897780 132
1897790 132
1897800 132
1897810 132
1897820 132
1897830 132
1897840 132
1897850 132
1897860 132
1897870 132
1897880 132
1897890 132
1897900 133
1897910 133
1897920 133
1897930 133
1897940 133
1897950 133
1897960 133
1897970 133
1897980 133
1897990 133
1898000 133
1898010 133
1898020 133
1898030 133
1898040 133
1898050 133
1898060 134
1898070 134
1898080 134
1898090 134
1898100 134
1898110 133
1898120 133
1898130 133
1898140 133
1898150 133
1898160 133
1898170 133
1898180 133
1898190 133
1898200 133
1898210 133
1898220 133
1898230 133
1898240 133
1898250 133
1898260 133
1898270 133
1898280 133
1898290 132
1898300 132
1898310 132
1898320 132
1898330 132
1898340 132
1898350 132
1898360 132
1898370 132
1898380 132
1898390 132
1898400 132
1898410 132
1898420 132
1898430 132
1898440 132
1898450 132
1898460 132
1898470 132
1898480 132
1898490 132
1898500 132
1898510 133
1898520 133
1898530 133
1898540 133
1898550 133
1898560 133
1898570 133
1898580 133
1898590 133
1898600 133
1898610 132
1898620 132
1898630 132
1898640 132
1898650 132
1898660 132
1898670 132
1898680 132
1898690 132
1898700 132
1898710 132
1898720 132
1898730 132
1898740 132
1898750 133
1898760 133
1898770 133
1898780 133
1898790 133
1898800 133
1898810 133
1898820 133
1898830 133
1898840 133
1898850 133
1898860 133
1898870 133
1898880 133
1898890 133
1898900 133
1898910 133
1898920 133
1898930 133
1898940 133
1898950 133
1898960 133
1898970 133
1898980 133
1898990 133
1899000 133
1899010 133
1899020 133
1899030 133
1899040 133
1899050 133
1899060 133
1899070 133
1899080 133
1899090 133
1899100 133
1899110 133
1899120 133
1899130 133
1899140 133
1899150 133
1899160 133
1899170 133
1899180 133
1899190 133
1899200 133
1899210 133
1899220 134
1899230 133
1899240 133
1899250 133
1899260 133
1899270 133
1899280 133
1899290 133
1899300 133
1899310 133
1899320 133
1899330 133
1899340 133
1899350 133
1899360 133
1899370 133
1899380 133
1899390 133
1899400 133
1899410 133
1899420 133
1899430 133
1899440 133
1899450 133
1899460 133
1899470 133
1899480 133
1899490 133
1899500 132
1899510 132
1899520 132
1899530 132
1899540 132
1899550 132
1899560 132
1899570 132
1899580 132
1899590 132
1899600 132
1899610 132
1899620 132
1899630 132
1899640 132
1899650 132
1899660 132
1899670 132
1899680 132
1899690 132
1899700 132
1899710 132
1899720 132
1899730 132
1899740 132
1899750 132
1899760 132
1899770 132
1899780 132
1899790 133
1899800 133
1899810 133
1899820 133
1899830 133
1899840 132
1899850 132
1899860 132
1899870 132
1899880 132
1899890 132
1899900 132
1899910 132
1899920 132
1899930 132
1899940 132
1899950 132
1899960 132
1899970 132
1899980 132
1899990 132
