1880000 181
1880010 181
1880020 181
1880030 181
1880040 181
1880050 182
1880060 182
1880070 182
1880080 182
1880090 181
1880100 181
1880110 181
1880120 181
1880130 181
1880140 181
1880150 181
1880160 181
1880170 181
1880180 181
1880190 181
1880200 181
1880210 181
1880220 181
1880230 181
1880240 181
1880250 181
1880260 181
1880270 181
1880280 181
1880290 182
1880300 181
1880310 181
1880320 182
1880330 181
1880340 181
1880350 182
1880360 182
1880370 182
1880380 181
1880390 181
1880400 181
1880410 181
1880420 181
1880430 181
1880440 181
1880450 181
1880460 181
1880470 181
1880480 181
1880490 181
1880500 181
1880510 181
1880520 181
1880530 181
1880540 181
1880550 181
1880560 181
1880570 181
1880580 181
1880590 181
1880600 181
1880610 181
1880620 181
1880630 181
1880640 181
1880650 181
1880660 181
1880670 181
1880680 181
1880690 181
1880700 181
1880710 181
1880720 181
1880730 181
1880740 181
1880750 181
1880760 181
1880770 181
1880780 181
1880790 181
1880800 181
1880810 181
1880820 181
1880830 180
1880840 180
1880850 180
1880860 180
1880870 180
1880880 180
1880890 180
1880900 180
1880910 180
1880920 180
1880930 180
1880940 180
1880950 180
1880960 180
1880970 180
1880980 180
1880990 180
1881000 180
1881010 180
1881020 180
1881030 180
1881040 180
1881050 180
1881060 180
1881070 180
1881080 180
1881090 180
1881100 180
1881110 180
1881120 180
1881130 180
1881140 180
1881150 180
1881160 180
1881170 180
1881180 180
1881190 180
1881200 180
1881210 180
1881220 180
1881230 180
1881240 179
1881250 179
1881260 179
1881270 180
1881280 180
1881290 180
1881300 179
1881310 179
1881320 179
1881330 179
1881340 179
1881350 179
1881360 179
1881370 179
1881380 179
1881390 179
1881400 179
1881410 179
1881420 179
1881430 179
1881440 179
1881450 179
1881460 179
1881470 179
1881480 179
1881490 179
1881500 179
1881510 179
1881520 179
1881530 179
1881540 179
1881550 179
1881560 179
1881570 179
1881580 179
1881590 179
1881600 179
1881610 179
1881620 179
1881630 179
1881640 179
1881650 179
1881660 179
1881670 179
1881680 179
1881690 179
1881700 179
1881710 179
1881720 179
1881730 179
1881740 179
1881750 179
1881760 179
1881770 179
1881780 179
1881790 179
1881800 179
1881810 179
1881820 179
1881830 179
1881840 179
1881850 179
1881860 179
1881870 179
1881880 179
1881890 179
1881900 179
1881910 179
1881920 179
1881930 179
1881940 179
1881950 179
1881960 179
1881970 179
1881980 179
1881990 179
1882000 179
1882010 179
1882020 179
1882030 179
1882040 179
1882050 179
1882060 179
1882070 179
1882080 179
1882090 179
1882100 179
1882110 179
1882120 179
1882130 178
1882140 179
1882150 179
1882160 179
1882170 179
1882180 179
1882190 179
1882200 179
1882210 179
1882220 179
1882230 179
1882240 178
1882250 178
1882260 178
1882270 178
1882280 178
1882290 178
1882300 178
1882310 178
1882320 178
1882330 178
1882340 178
1882350 178
1882360 178
1882370 178
1882380 178
1882390 178
1882400 178
1882410 178
1882420 178
1882430 178
1882440 178
1882450 178
1882460 178
1882470 178
1882480 178
1882490 178
1882500 178
1882510 178
1882520 178
1882530 178
1882540 178
1882550 178
1882560 178
1882570 178
1882580 178
1882590 178
1882600 178
1882610 178
1882620 178
1882630 178
1882640 178
1882650 178
1882660 178
1882670 178
1882680 178
1882690 178
1882700 178
1882710 178
1882720 178
1882730 178
1882740 178
1882750 178
1882760 178
1882770 178
1882780 178
1882790 178
1882800 178
1882810 178
1882820 178
1882830 178
1882840 178
1882850 178
1882860 178
1882870 178
1882880 178
1882890 178
1882900 178
1882910 178
1882920 178
1882930 177
1882940 177
1882950 177
1882960 177
1882970 177
1882980 177
1882990 177
1883000 177
1883010 177
1883020 177
1883030 177
1883040 177
1883050 177
1883060 177
1883070 177
1883080 177
1883090 177
1883100 177
1883110 177
1883120 177
1883130 177
1883140 177
1883150 177
1883160 177
1883170 177
1883180 177
1883190 177
1883200 177
1883210 177
1883220 177
1883230 177
1883240 177
1883250 177
1883260 177
1883270 177
1883280 177
1883290 177
1883300 177
1883310 177
1883320 177
1883330 177
1883340 177
1883350 177
1883360 177
1883370 177
1883380 177
1883390 177
1883400 177
1883410 177
1883420 177
1883430 177
1883440 177
1883450 177
1883460 177
1883470 177
1883480 177
1883490 177
1883500 177
1883510 177
1883520 177
1883530 177
1883540 177
1883550 177
1883560 177
1883570 178
1883580 178
1883590 178
1883600 178
1883610 178
1883620 178
1883630 178
1883640 178
1883650 178
1883660 177
1883670 177
1883680 177
1883690 177
1883700 177
1883710 177
1883720 177
1883730 177
1883740 177
1883750 177
1883760 177
1883770 177
1883780 177
1883790 177
1883800 177
1883810 177
1883820 177
1883830 177
1883840 177
1883850 177
1883860 177
1883870 177
1883880 177
1883890 177
1883900 177
1883910 177
1883920 177
1883930 177
1883940 177
1883950 177
1883960 177
1883970 177
1883980 176
1883990 176
1884000 176
1884010 176
1884020 176
1884030 176
1884040 176
1884050 176
1884060 176
1884070 176
1884080 176
1884090 176
1884100 176
1884110 176
1884120 176
1884130 176
1884140 176
1884150 176
1884160 176
1884170 176
1884180 176
1884190 176
1884200 176
1884210 176
1884220 176
1884230 175
1884240 175
1884250 176
1884260 175
1884270 175
1884280 176
1884290 175
1884300 175
1884310 176
1884320 176
1884330 176
1884340 175
1884350 176
1884360 176
1884370 176
1884380 176
1884390 176
1884400 176
1884410 176
1884420 176
1884430 176
1884440 176
1884450 176
1884460 176
1884470 176
1884480 176
1884490 176
1884500 176
1884510 176
1884520 176
1884530 176
1884540 176
1884550 176
1884560 176
1884570 176
1884580 176
1884590 176
1884600 176
1884610 176
1884620 176
1884630 176
1884640 176
1884650 176
1884660 176
1884670 175
1884680 176
1884690 176
1884700 176
1884710 176
1884720 176
1884730 176
1884740 176
1884750 176
1884760 176
1884770 176
1884780 176
1884790 176
1884800 176
1884810 176
1884820 176
1884830 176
1884840 176
1884850 176
1884860 176
1884870 176
1884880 176
1884890 176
1884900 176
1884910 176
1884920 176
1884930 176
1884940 176
1884950 176
1884960 176
1884970 176
1884980 176
1884990 176
1885000 176
1885010 176
1885020 175
1885030 175
1885040 175
1885050 175
1885060 174
1885070 174
1885080 174
1885090 174
1885100 174
1885110 173
1885120 173
1885130 173
1885140 173
1885150 173
1885160 173
1885170 172
1885180 172
1885190 172
1885200 170
1885210 170
1885220 170
1885230 170
1885240 170
1885250 170
1885260 170
1885270 170
1885280 170
1885290 170
1885300 170
1885310 170
1885320 169
1885330 169
1885340 169
1885350 168
1885360 168
1885370 168
1885380 168
1885390 168
1885400 167
1885410 167
1885420 167
1885430 167
1885440 167
1885450 167
1885460 167
1885470 167
1885480 167
1885490 167
1885500 167
1885510 167
1885520 166
1885530 166
1885540 166
1885550 166
1885560 167
1885570 167
1885580 167
1885590 166
1885600 166
1885610 166
1885620 166
1885630 166
1885640 167
1885650 167
1885660 167
1885670 167
1885680 167
1885690 167
1885700 168
1885710 168
1885720 168
1885730 169
1885740 169
1885750 169
1885760 170
1885770 170
1885780 170
1885790 171
1885800 172
1885810 172
1885820 172
1885830 172
1885840 172
1885850 172
1885860 172
1885870 172
1885880 172
1885890 172
1885900 172
1885910 173
1885920 173
1885930 173
1885940 173
1885950 173
1885960 173
1885970 173
1885980 173
1885990 174
1886000 174
1886010 173
1886020 173
1886030 173
1886040 173
1886050 173
1886060 173
1886070 173
1886080 173
1886090 173
1886100 173
1886110 173
1886120 173
1886130 173
1886140 173
1886150 173
1886160 173
1886170 173
1886180 173
1886190 173
1886200 173
1886210 173
1886220 173
1886230 173
1886240 173
1886250 173
1886260 173
1886270 173
1886280 173
1886290 173
1886300 173
1886310 173
1886320 173
1886330 173
1886340 173
1886350 173
1886360 173
1886370 173
1886380 173
1886390 173
1886400 173
1886410 173
1886420 173
1886430 173
1886440 173
1886450 173
1886460 173
1886470 172
1886480 172
1886490 172
1886500 172
1886510 172
1886520 172
1886530 172
1886540 172
1886550 172
1886560 172
1886570 172
1886580 172
1886590 172
1886600 172
1886610 172
1886620 172
1886630 172
1886640 172
1886650 172
1886660 172
1886670 172
1886680 172
1886690 172
1886700 172
1886710 172
1886720 172
1886730 172
1886740 172
1886750 172
1886760 172
1886770 172
1886780 172
1886790 172
1886800 171
1886810 171
1886820 171
1886830 171
1886840 171
1886850 171
1886860 171
1886870 171
1886880 171
1886890 171
1886900 171
1886910 171
1886920 171
1886930 171
1886940 171
1886950 171
1886960 171
1886970 171
1886980 171
1886990 171
1887000 171
1887010 171
1887020 171
1887030 171
1887040 171
1887050 171
1887060 171
1887070 172
1887080 172
1887090 172
1887100 172
1887110 172
1887120 172
1887130 172
1887140 172
1887150 172
1887160 172
1887170 172
1887180 172
1887190 172
1887200 172
1887210 172
1887220 171
1887230 171
1887240 171
1887250 171
1887260 171
1887270 171
1887280 171
1887290 171
1887300 171
1887310 171
1887320 171
1887330 171
1887340 171
1887350 170
1887360 170
1887370 170
1887380 170
1887390 170
1887400 170
1887410 169
1887420 169
1887430 169
1887440 169
1887450 169
1887460 168
1887470 168
1887480 168
1887490 168
1887500 167
1887510 167
1887520 167
1887530 166
1887540 166
1887550 166
1887560 165
1887570 165
1887580 165
1887590 164
1887600 164
1887610 164
1887620 163
1887630 163
1887640 163
1887650 162
1887660 162
1887670 162
1887680 161
1887690 161
1887700 161
1887710 161
1887720 161
1887730 160
1887740 160
1887750 160
1887760 160
1887770 159
1887780 159
1887790 159
1887800 159
1887810 159
1887820 159
1887830 158
1887840 158
1887850 158
1887860 158
1887870 158
1887880 157
1887890 157
1887900 157
1887910 157
1887920 157
1887930 157
1887940 156
1887950 156
1887960 156
1887970 156
1887980 155
1887990 155
1888000 155
1888010 155
1888020 155
1888030 155
1888040 155
1888050 155
1888060 155
1888070 154
1888080 154
1888090 154
1888100 154
1888110 154
1888120 154
1888130 154
1888140 154
1888150 154
1888160 153
1888170 153
1888180 153
1888190 153
1888200 153
1888210 153
1888220 153
1888230 153
1888240 153
1888250 153
1888260 153
1888270 152
1888280 152
1888290 152
1888300 152
1888310 152
1888320 152
1888330 152
1888340 151
1888350 151
1888360 151
1888370 151
1888380 151
1888390 151
1888400 151
1888410 151
1888420 151
1888430 150
1888440 150
1888450 150
1888460 150
1888470 150
1888480 150
1888490 150
1888500 150
1888510 150
1888520 150
1888530 150
1888540 150
1888550 150
1888560 150
1888570 150
1888580 150
1888590 150
1888600 150
1888610 149
1888620 149
1888630 149
1888640 149
1888650 149
1888660 149
1888670 149
1888680 149
1888690 149
1888700 149
1888710 149
1888720 149
1888730 149
1888740 149
1888750 149
1888760 149
1888770 149
1888780 149
1888790 149
1888800 149
1888810 149
1888820 149
1888830 149
1888840 149
1888850 149
1888860 149
1888870 149
1888880 149
1888890 149
1888900 149
1888910 149
1888920 149
1888930 149
1888940 150
1888950 150
1888960 150
1888970 150
1888980 150
1888990 150
1889000 150
1889010 150
1889020 150
1889030 150
1889040 150
1889050 150
1889060 150
1889070 150
1889080 150
1889090 150
1889100 150
1889110 150
1889120 150
1889130 150
1889140 150
1889150 150
1889160 150
1889170 150
1889180 150
1889190 150
1889200 150
1889210 150
1889220 150
1889230 149
1889240 149
1889250 150
1889260 150
1889270 150
1889280 150
1889290 150
1889300 150
1889310 149
1889320 149
1889330 149
1889340 149
1889350 149
1889360 149
1889370 149
1889380 149
1889390 149
1889400 149
1889410 149
1889420 149
1889430 149
1889440 149
1889450 149
1889460 149
1889470 149
1889480 149
1889490 149
1889500 149
1889510 149
1889520 149
1889530 149
1889540 149
1889550 149
1889560 149
1889570 149
1889580 149
1889590 149
1889600 149
1889610 148
1889620 148
1889630 148
1889640 148
1889650 148
1889660 148
1889670 148
1889680 148
1889690 148
1889700 148
1889710 148
1889720 148
1889730 148
1889740 148
1889750 148
1889760 149
1889770 149
1889780 149
1889790 148
1889800 148
1889810 148
1889820 148
1889830 148
1889840 148
1889850 148
1889860 148
1889870 148
1889880 148
1889890 148
1889900 148
1889910 148
1889920 148
1889930 148
1889940 148
1889950 148
1889960 148
1889970 148
1889980 148
1889990 148
1890000 148
1890010 148
1890020 148
1890030 148
1890040 148
1890050 148
1890060 148
1890070 148
1890080 148
1890090 148
1890100 148
1890110 148
1890120 148
1890130 148
1890140 148
1890150 148
1890160 148
1890170 148
1890180 148
1890190 148
1890200 148
1890210 148
1890220 147
1890230 147
1890240 147
1890250 148
1890260 148
1890270 148
1890280 148
1890290 148
1890300 148
1890310 147
1890320 147
1890330 148
1890340 148
1890350 148
1890360 148
1890370 148
1890380 148
1890390 148
1890400 148
1890410 148
1890420 148
1890430 148
1890440 148
1890450 147
1890460 147
1890470 147
1890480 147
1890490 147
1890500 147
1890510 147
1890520 147
1890530 147
1890540 147
1890550 147
1890560 147
1890570 147
1890580 147
1890590 147
1890600 147
1890610 147
1890620 147
1890630 147
1890640 147
1890650 147
1890660 147
1890670 147
1890680 147
1890690 147
1890700 147
1890710 147
1890720 147
1890730 147
1890740 147
1890750 147
1890760 147
1890770 147
1890780 147
1890790 147
1890800 147
1890810 147
1890820 147
1890830 147
1890840 147
1890850 147
1890860 147
1890870 147
1890880 147
1890890 147
1890900 147
1890910 147
1890920 147
1890930 147
1890940 146
1890950 146
1890960 146
1890970 145
1890980 145
1890990 145
1891000 144
1891010 144
1891020 144
1891030 144
1891040 144
1891050 144
1891060 143
1891070 143
1891080 143
1891090 143
1891100 143
1891110 143
1891120 143
1891130 143
1891140 143
1891150 142
1891160 142
1891170 142
1891180 142
1891190 142
1891200 142
1891210 141
1891220 141
1891230 141
1891240 141
1891250 141
1891260 141
1891270 141
1891280 141
1891290 141
1891300 140
1891310 140
1891320 140
1891330 140
1891340 140
1891350 140
1891360 140
1891370 140
1891380 140
1891390 140
1891400 139
1891410 139
1891420 139
1891430 139
1891440 139
1891450 139
1891460 139
1891470 139
1891480 139
1891490 139
1891500 139
1891510 139
1891520 139
1891530 139
1891540 138
1891550 138
1891560 138
1891570 138
1891580 138
1891590 138
1891600 138
1891610 138
1891620 138
1891630 137
1891640 137
1891650 137
1891660 138
1891670 138
1891680 138
1891690 137
1891700 137
1891710 137
1891720 138
1891730 136
1891740 136
1891750 136
1891760 136
1891770 136
1891780 136
1891790 137
1891800 137
1891810 137
1891820 138
1891830 138
1891840 138
1891850 137
1891860 137
1891870 137
1891880 138
1891890 138
1891900 139
1891910 139
1891920 139
1891930 140
1891940 141
1891950 141
1891960 140
1891970 138
1891980 138
1891990 137
1892000 137
1892010 137
1892020 137
1892030 137
1892040 137
1892050 137
1892060 137
1892070 137
1892080 137
1892090 137
1892100 137
1892110 137
1892120 137
1892130 137
1892140 137
1892150 137
1892160 137
1892170 137
1892180 137
1892190 137
1892200 137
1892210 137
1892220 137
1892230 137
1892240 137
1892250 137
1892260 137
1892270 137
1892280 137
1892290 137
1892300 137
1892310 137
1892320 137
1892330 137
1892340 137
1892350 137
1892360 137
1892370 137
1892380 137
1892390 137
1892400 137
1892410 137
1892420 137
1892430 137
1892440 137
1892450 137
1892460 137
1892470 137
1892480 137
1892490 137
1892500 137
1892510 137
1892520 137
1892530 137
1892540 137
1892550 137
1892560 137
1892570 137
1892580 137
1892590 137
1892600 137
1892610 136
1892620 136
1892630 136
1892640 136
1892650 136
1892660 136
1892670 136
1892680 136
1892690 136
1892700 136
1892710 136
1892720 136
1892730 136
1892740 136
1892750 136
1892760 136
1892770 136
1892780 136
1892790 136
1892800 136
1892810 136
1892820 136
1892830 136
1892840 136
1892850 136
1892860 136
1892870 136
1892880 136
1892890 136
1892900 136
1892910 136
1892920 136
1892930 136
1892940 136
1892950 136
1892960 136
1892970 136
1892980 136
1892990 136
1893000 136
1893010 136
1893020 136
1893030 136
1893040 136
1893050 136
1893060 136
1893070 136
1893080 136
1893090 136
1893100 136
1893110 136
1893120 136
1893130 136
1893140 136
1893150 136
1893160 136
1893170 136
1893180 136
1893190 136
1893200 136
1893210 136
1893220 136
1893230 136
1893240 136
1893250 136
1893260 136
1893270 136
1893280 136
1893290 136
1893300 136
1893310 136
1893320 136
1893330 136
1893340 136
1893350 136
1893360 136
1893370 136
1893380 136
1893390 136
1893400 136
1893410 136
1893420 136
1893430 136
1893440 136
1893450 135
1893460 135
1893470 135
1893480 135
1893490 135
1893500 136
1893510 136
1893520 136
1893530 136
1893540 136
1893550 136
1893560 136
1893570 136
1893580 136
1893590 136
1893600 137
1893610 137
1893620 136
1893630 136
1893640 136
1893650 136
1893660 136
1893670 136
1893680 136
1893690 136
1893700 136
1893710 136
1893720 136
1893730 136
1893740 136
1893750 136
1893760 135
1893770 135
1893780 135
1893790 135
1893800 135
1893810 135
1893820 135
1893830 135
1893840 135
1893850 135
1893860 135
1893870 135
1893880 135
1893890 135
1893900 135
1893910 135
1893920 135
1893930 135
1893940 135
1893950 135
1893960 135
1893970 135
1893980 135
1893990 135
1894000 135
1894010 135
1894020 135
1894030 135
1894040 135
1894050 135
1894060 135
1894070 135
1894080 135
1894090 135
1894100 135
1894110 135
1894120 135
1894130 135
1894140 135
1894150 135
1894160 135
1894170 135
1894180 135
1894190 135
1894200 135
1894210 135
1894220 135
1894230 135
1894240 135
1894250 135
1894260 135
1894270 135
1894280 135
1894290 135
1894300 135
1894310 135
1894320 135
1894330 135
1894340 135
1894350 135
1894360 135
1894370 135
1894380 135
1894390 135
1894400 135
1894410 135
1894420 135
1894430 135
1894440 135
1894450 135
1894460 135
1894470 135
1894480 135
1894490 135
1894500 135
1894510 135
1894520 135
1894530 135
1894540 135
1894550 135
1894560 135
1894570 135
1894580 135
1894590 135
1894600 135
1894610 135
1894620 135
1894630 135
1894640 135
1894650 135
1894660 135
1894670 135
1894680 135
1894690 135
1894700 135
1894710 135
1894720 135
1894730 135
1894740 135
1894750 135
1894760 135
1894770 135
1894780 135
1894790 135
1894800 134
1894810 134
1894820 134
1894830 134
1894840 134
1894850 134
1894860 134
1894870 134
1894880 134
1894890 134
1894900 134
1894910 134
1894920 134
1894930 134
1894940 134
1894950 134
1894960 134
1894970 134
1894980 134
1894990 134
1895000 134
1895010 134
1895020 134
1895030 134
1895040 134
1895050 134
1895060 134
1895070 134
1895080 134
1895090 134
1895100 134
1895110 134
1895120 135
1895130 135
1895140 135
1895150 135
1895160 135
1895170 135
1895180 135
1895190 135
1895200 135
1895210 135
1895220 135
1895230 135
1895240 135
1895250 135
1895260 135
1895270 135
1895280 135
1895290 135
1895300 135
1895310 135
1895320 135
1895330 135
1895340 135
1895350 135
1895360 135
1895370 135
1895380 135
1895390 135
1895400 135
1895410 135
1895420 134
1895430 134
1895440 134
1895450 134
1895460 134
1895470 134
1895480 134
1895490 134
1895500 134
1895510 134
1895520 134
1895530 134
1895540 134
1895550 134
1895560 134
1895570 134
1895580 134
1895590 134
1895600 134
1895610 134
1895620 134
1895630 134
1895640 134
1895650 134
1895660 134
1895670 134
1895680 134
1895690 134
1895700 134
1895710 134
1895720 134
1895730 134
1895740 134
1895750 134
1895760 134
1895770 134
1895780 134
1895790 134
1895800 134
1895810 134
1895820 134
1895830 134
1895840 134
1895850 134
1895860 134
1895870 134
1895880 134
1895890 133
1895900 133
1895910 133
1895920 133
1895930 133
1895940 133
1895950 133
1895960 133
1895970 133
1895980 133
1895990 133
1896000 133
1896010 133
1896020 133
1896030 133
1896040 133
1896050 133
1896060 133
1896070 133
1896080 133
1896090 133
1896100 133
1896110 133
1896120 133
1896130 133
1896140 133
1896150 133
1896160 133
1896170 133
1896180 133
1896190 133
1896200 133
1896210 133
1896220 133
1896230 133
1896240 133
1896250 133
1896260 133
1896270 133
1896280 133
1896290 133
1896300 133
1896310 133
1896320 133
1896330 133
1896340 133
1896350 133
1896360 133
1896370 133
1896380 133
1896390 133
1896400 133
1896410 133
1896420 133
1896430 133
1896440 133
1896450 133
1896460 133
1896470 133
1896480 133
1896490 133
1896500 133
1896510 133
1896520 133
1896530 133
1896540 133
1896550 133
1896560 133
1896570 133
1896580 133
1896590 133
1896600 133
1896610 133
1896620 133
1896630 133
1896640 133
1896650 133
1896660 133
1896670 133
1896680 133
1896690 133
1896700 133
1896710 133
1896720 133
1896730 133
1896740 133
1896750 133
1896760 133
1896770 133
1896780 133
1896790 133
1896800 133
1896810 133
1896820 133
1896830 133
1896840 133
1896850 133
1896860 133
1896870 133
1896880 133
1896890 133
1896900 133
1896910 133
1896920 133
1896930 133
1896940 133
1896950 133
1896960 133
1896970 133
1896980 133
1896990 133
1897000 133
1897010 133
1897020 133
1897030 133
1897040 133
1897050 133
1897060 133
1897070 133
1897080 133
1897090 133
1897100 133
1897110 133
1897120 133
1897130 133
1897140 133
1897150 133
1897160 133
1897170 133
1897180 133
1897190 133
1897200 133
1897210 133
1897220 133
1897230 133
1897240 133
1897250 133
1897260 133
1897270 133
1897280 133
1897290 133
1897300 133
1897310 133
1897320 133
1897330 133
1897340 133
1897350 133
1897360 133
1897370 133
1897380 133
1897390 133
1897400 133
1897410 133
1897420 133
1897430 133
1897440 133
1897450 133
1897460 133
1897470 133
1897480 133
1897490 133
1897500 133
1897510 133
1897520 133
1897530 133
1897540 133
1897550 133
1897560 133
1897570 133
1897580 133
1897590 133
1897600 133
1897610 133
1897620 133
1897630 133
1897640 133
1897650 133
1897660 133
1897670 133
1897680 133
1897690 133
1897700 133
1897710 133
1897720 133
1897730 133
1897740 133
1897750 133
1897760 133
1897770 133
1897780 133
1897790 133
1897800 133
1897810 132
1897820 132
1897830 132
1897840 132
1897850 132
1897860 132
1897870 132
1897880 132
1897890 132
1897900 133
1897910 133
1897920 133
1897930 133
1897940 133
1897950 133
1897960 133
1897970 133
1897980 133
1897990 133
1898000 133
1898010 133
1898020 133
1898030 133
1898040 133
1898050 133
1898060 133
1898070 133
1898080 133
1898090 133
1898100 133
1898110 133
1898120 133
1898130 133
1898140 133
1898150 133
1898160 133
1898170 133
1898180 133
1898190 133
1898200 133
1898210 133
1898220 133
1898230 133
1898240 133
1898250 133
1898260 133
1898270 133
1898280 133
1898290 133
1898300 133
1898310 133
1898320 133
1898330 133
1898340 133
1898350 133
1898360 133
1898370 133
1898380 133
1898390 133
1898400 133
1898410 133
1898420 133
1898430 133
1898440 133
1898450 133
1898460 133
1898470 133
1898480 133
1898490 133
1898500 133
1898510 133
1898520 133
1898530 133
1898540 133
1898550 133
1898560 133
1898570 133
1898580 133
1898590 133
1898600 133
1898610 133
1898620 133
1898630 133
1898640 134
1898650 133
1898660 133
1898670 134
1898680 134
1898690 134
1898700 134
1898710 134
1898720 134
1898730 134
1898740 134
1898750 134
1898760 133
1898770 133
1898780 133
1898790 133
1898800 133
1898810 133
1898820 133
1898830 133
1898840 133
1898850 133
1898860 133
1898870 133
1898880 133
1898890 133
1898900 133
1898910 133
1898920 133
1898930 133
1898940 133
1898950 133
1898960 133
1898970 133
1898980 133
1898990 133
1899000 133
1899010 133
1899020 133
1899030 133
1899040 133
1899050 133
1899060 133
1899070 133
1899080 133
1899090 133
1899100 133
1899110 133
1899120 133
1899130 133
1899140 132
1899150 132
1899160 132
1899170 132
1899180 132
1899190 132
1899200 132
1899210 132
1899220 132
1899230 132
1899240 132
1899250 132
1899260 132
1899270 132
1899280 132
1899290 132
1899300 132
1899310 132
1899320 132
1899330 132
1899340 132
1899350 132
1899360 132
1899370 132
1899380 132
1899390 132
1899400 132
1899410 132
1899420 132
1899430 132
1899440 132
1899450 132
1899460 132
1899470 132
1899480 132
1899490 132
1899500 132
1899510 132
1899520 132
1899530 132
1899540 132
1899550 132
1899560 132
1899570 132
1899580 132
1899590 132
1899600 132
1899610 132
1899620 132
1899630 132
1899640 132
1899650 132
1899660 132
1899670 132
1899680 132
1899690 132
1899700 132
1899710 132
1899720 132
1899730 132
1899740 132
1899750 132
1899760 132
1899770 132
1899780 132
1899790 132
1899800 132
1899810 132
1899820 132
1899830 132
1899840 132
1899850 132
1899860 132
1899870 132
1899880 132
1899890 132
1899900 132
1899910 132
1899920 132
1899930 132
1899940 132
1899950 132
1899960 132
1899970 132
1899980 132
1899990 132
