1880000 183
1880010 183
1880020 183
1880030 183
1880040 183
1880050 183
1880060 183
1880070 183
1880080 183
1880090 183
1880100 183
1880110 183
1880120 183
1880130 182
1880140 182
1880150 182
1880160 182
1880170 182
1880180 182
1880190 182
1880200 182
1880210 182
1880220 182
1880230 182
1880240 182
1880250 182
1880260 182
1880270 182
1880280 182
1880290 182
1880300 182
1880310 182
1880320 182
1880330 182
1880340 182
1880350 182
1880360 182
1880370 182
1880380 182
1880390 182
1880400 182
1880410 182
1880420 182
1880430 182
1880440 182
1880450 182
1880460 182
1880470 182
1880480 182
1880490 182
1880500 182
1880510 182
1880520 182
1880530 182
1880540 182
1880550 182
1880560 182
1880570 182
1880580 182
1880590 182
1880600 181
1880610 181
1880620 181
1880630 181
1880640 181
1880650 181
1880660 181
1880670 181
1880680 181
1880690 181
1880700 181
1880710 181
1880720 181
1880730 181
1880740 181
1880750 181
1880760 181
1880770 181
1880780 181
1880790 181
1880800 181
1880810 181
1880820 181
1880830 181
1880840 181
1880850 181
1880860 181
1880870 181
1880880 181
1880890 181
1880900 181
1880910 181
1880920 180
1880930 180
1880940 180
1880950 181
1880960 181
1880970 181
1880980 180
1880990 180
1881000 180
1881010 180
1881020 180
1881030 180
1881040 180
1881050 180
1881060 180
1881070 180
1881080 180
1881090 180
1881100 180
1881110 180
1881120 180
1881130 180
1881140 180
1881150 180
1881160 180
1881170 180
1881180 180
1881190 180
1881200 180
1881210 180
1881220 180
1881230 180
1881240 180
1881250 180
1881260 180
1881270 180
1881280 180
1881290 180
1881300 180
1881310 180
1881320 180
1881330 180
1881340 180
1881350 180
1881360 180
1881370 181
1881380 181
1881390 181
1881400 181
1881410 181
1881420 181
1881430 181
1881440 181
1881450 181
1881460 181
1881470 181
1881480 181
1881490 181
1881500 181
1881510 181
1881520 181
1881530 180
1881540 180
1881550 180
1881560 180
1881570 180
1881580 180
1881590 181
1881600 181
1881610 180
1881620 180
1881630 180
1881640 181
1881650 181
1881660 181
1881670 181
1881680 181
1881690 181
1881700 180
1881710 180
1881720 180
1881730 180
1881740 180
1881750 180
1881760 180
1881770 180
1881780 180
1881790 180
1881800 180
1881810 180
1881820 180
1881830 180
1881840 180
1881850 180
1881860 180
1881870 180
1881880 180
1881890 180
1881900 180
1881910 180
1881920 179
1881930 179
1881940 179
1881950 179
1881960 179
1881970 179
1881980 179
1881990 179
1882000 179
1882010 179
1882020 179
1882030 179
1882040 179
1882050 179
1882060 179
1882070 179
1882080 179
1882090 179
1882100 179
1882110 179
1882120 179
1882130 179
1882140 179
1882150 179
1882160 179
1882170 179
1882180 179
1882190 179
1882200 179
1882210 179
1882220 179
1882230 179
1882240 179
1882250 180
1882260 180
1882270 180
1882280 180
1882290 180
1882300 180
1882310 180
1882320 180
1882330 180
1882340 180
1882350 180
1882360 179
1882370 179
1882380 179
1882390 179
1882400 179
1882410 179
1882420 179
1882430 179
1882440 179
1882450 179
1882460 179
1882470 179
1882480 179
1882490 179
1882500 179
1882510 179
1882520 179
1882530 179
1882540 179
1882550 179
1882560 179
1882570 179
1882580 179
1882590 179
1882600 179
1882610 179
1882620 179
1882630 179
1882640 179
1882650 179
1882660 179
1882670 179
1882680 179
1882690 179
1882700 179
1882710 179
1882720 179
1882730 179
1882740 178
1882750 178
1882760 178
1882770 178
1882780 178
1882790 178
1882800 178
1882810 178
1882820 178
1882830 179
1882840 179
1882850 179
1882860 179
1882870 179
1882880 179
1882890 179
1882900 179
1882910 179
1882920 179
1882930 179
1882940 178
1882950 178
1882960 178
1882970 179
1882980 178
1882990 178
1883000 179
1883010 179
1883020 179
1883030 179
1883040 179
1883050 179
1883060 179
1883070 179
1883080 179
1883090 179
1883100 179
1883110 179
1883120 179
1883130 179
1883140 179
1883150 178
1883160 179
1883170 179
1883180 179
1883190 179
1883200 178
1883210 178
1883220 178
1883230 178
1883240 178
1883250 178
1883260 178
1883270 178
1883280 178
1883290 178
1883300 178
1883310 178
1883320 178
1883330 178
1883340 178
1883350 178
1883360 178
1883370 178
1883380 178
1883390 178
1883400 178
1883410 178
1883420 178
1883430 178
1883440 178
1883450 178
1883460 178
1883470 178
1883480 178
1883490 178
1883500 178
1883510 178
1883520 177
1883530 177
1883540 178
1883550 178
1883560 178
1883570 178
1883580 178
1883590 178
1883600 178
1883610 178
1883620 178
1883630 178
1883640 178
1883650 178
1883660 178
1883670 178
1883680 178
1883690 178
1883700 178
1883710 178
1883720 177
1883730 177
1883740 177
1883750 177
1883760 177
1883770 177
1883780 177
1883790 177
1883800 177
1883810 177
1883820 177
1883830 177
1883840 177
1883850 177
1883860 177
1883870 177
1883880 177
1883890 177
1883900 177
1883910 177
1883920 177
1883930 177
1883940 177
1883950 177
1883960 177
1883970 177
1883980 177
1883990 177
1884000 176
1884010 176
1884020 176
1884030 176
1884040 176
1884050 176
1884060 176
1884070 176
1884080 176
1884090 176
1884100 176
1884110 176
1884120 176
1884130 176
1884140 176
1884150 176
1884160 176
1884170 176
1884180 176
1884190 176
1884200 176
1884210 176
1884220 176
1884230 176
1884240 176
1884250 176
1884260 176
1884270 176
1884280 176
1884290 176
1884300 176
1884310 175
1884320 175
1884330 175
1884340 175
1884350 175
1884360 175
1884370 175
1884380 175
1884390 175
1884400 175
1884410 175
1884420 175
1884430 175
1884440 175
1884450 175
1884460 175
1884470 175
1884480 175
1884490 175
1884500 175
1884510 175
1884520 175
1884530 175
1884540 175
1884550 175
1884560 175
1884570 175
1884580 175
1884590 175
1884600 175
1884610 175
1884620 175
1884630 175
1884640 175
1884650 175
1884660 175
1884670 175
1884680 175
1884690 175
1884700 175
1884710 175
1884720 174
1884730 174
1884740 174
1884750 174
1884760 174
1884770 174
1884780 175
1884790 174
1884800 174
1884810 174
1884820 174
1884830 174
1884840 174
1884850 174
1884860 174
1884870 174
1884880 174
1884890 174
1884900 174
1884910 174
1884920 174
1884930 174
1884940 174
1884950 174
1884960 174
1884970 174
1884980 174
1884990 174
1885000 174
1885010 174
1885020 174
1885030 174
1885040 174
1885050 174
1885060 174
1885070 174
1885080 175
1885090 175
1885100 175
1885110 175
1885120 175
1885130 175
1885140 175
1885150 175
1885160 175
1885170 175
1885180 175
1885190 175
1885200 175
1885210 176
1885220 176
1885230 176
1885240 176
1885250 176
1885260 176
1885270 176
1885280 176
1885290 176
1885300 176
1885310 176
1885320 176
1885330 176
1885340 176
1885350 176
1885360 176
1885370 176
1885380 176
1885390 176
1885400 176
1885410 176
1885420 176
1885430 176
1885440 176
1885450 176
1885460 176
1885470 176
1885480 177
1885490 176
1885500 176
1885510 176
1885520 176
1885530 176
1885540 176
1885550 177
1885560 177
1885570 176
1885580 176
1885590 176
1885600 176
1885610 177
1885620 177
1885630 177
1885640 176
1885650 176
1885660 176
1885670 176
1885680 176
1885690 176
1885700 176
1885710 176
1885720 176
1885730 176
1885740 176
1885750 176
1885760 176
1885770 176
1885780 176
1885790 176
1885800 176
1885810 176
1885820 176
1885830 176
1885840 175
1885850 175
1885860 175
1885870 175
1885880 175
1885890 175
1885900 175
1885910 176
1885920 176
1885930 176
1885940 175
1885950 175
1885960 175
1885970 175
1885980 175
1885990 175
1886000 175
1886010 175
1886020 175
1886030 175
1886040 175
1886050 176
1886060 176
1886070 176
1886080 176
1886090 176
1886100 176
1886110 176
1886120 176
1886130 176
1886140 176
1886150 176
1886160 176
1886170 176
1886180 176
1886190 176
1886200 176
1886210 176
1886220 176
1886230 176
1886240 176
1886250 176
1886260 176
1886270 176
1886280 176
1886290 176
1886300 176
1886310 176
1886320 176
1886330 176
1886340 176
1886350 176
1886360 175
1886370 175
1886380 175
1886390 175
1886400 175
1886410 175
1886420 175
1886430 175
1886440 175
1886450 175
1886460 175
1886470 175
1886480 175
1886490 175
1886500 175
1886510 175
1886520 175
1886530 174
1886540 174
1886550 174
1886560 174
1886570 174
1886580 174
1886590 174
1886600 174
1886610 174
1886620 174
1886630 174
1886640 174
1886650 174
1886660 174
1886670 174
1886680 174
1886690 173
1886700 173
1886710 173
1886720 173
1886730 173
1886740 173
1886750 173
1886760 173
1886770 173
1886780 173
1886790 173
1886800 173
1886810 172
1886820 172
1886830 172
1886840 172
1886850 172
1886860 172
1886870 171
1886880 171
1886890 171
1886900 171
1886910 171
1886920 171
1886930 170
1886940 170
1886950 170
1886960 170
1886970 169
1886980 169
1886990 169
1887000 169
1887010 169
1887020 169
1887030 168
1887040 168
1887050 168
1887060 167
1887070 167
1887080 167
1887090 166
1887100 166
1887110 166
1887120 166
1887130 166
1887140 165
1887150 165
1887160 165
1887170 164
1887180 164
1887190 164
1887200 163
1887210 163
1887220 163
1887230 163
1887240 162
1887250 162
1887260 162
1887270 162
1887280 162
1887290 161
1887300 161
1887310 161
1887320 161
1887330 160
1887340 160
1887350 160
1887360 160
1887370 160
1887380 160
1887390 159
1887400 159
1887410 159
1887420 159
1887430 159
1887440 159
1887450 159
1887460 159
1887470 159
1887480 159
1887490 159
1887500 159
1887510 159
1887520 159
1887530 159
1887540 159
1887550 159
1887560 159
1887570 159
1887580 159
1887590 158
1887600 158
1887610 158
1887620 158
1887630 157
1887640 157
1887650 157
1887660 157
1887670 157
1887680 157
1887690 156
1887700 156
1887710 157
1887720 156
1887730 156
1887740 156
1887750 156
1887760 156
1887770 156
1887780 156
1887790 156
1887800 155
1887810 155
1887820 155
1887830 155
1887840 155
1887850 155
1887860 155
1887870 155
1887880 155
1887890 154
1887900 154
1887910 154
1887920 154
1887930 154
1887940 154
1887950 154
1887960 154
1887970 154
1887980 154
1887990 154
1888000 153
1888010 153
1888020 153
1888030 153
1888040 153
1888050 153
1888060 152
1888070 152
1888080 152
1888090 152
1888100 152
1888110 152
1888120 151
1888130 151
1888140 151
1888150 151
1888160 151
1888170 151
1888180 150
1888190 150
1888200 150
1888210 150
1888220 150
1888230 150
1888240 150
1888250 150
1888260 150
1888270 150
1888280 150
1888290 150
1888300 150
1888310 150
1888320 150
1888330 149
1888340 149
1888350 149
1888360 149
1888370 149
1888380 149
1888390 149
1888400 149
1888410 149
1888420 149
1888430 149
1888440 149
1888450 149
1888460 149
1888470 149
1888480 149
1888490 149
1888500 149
1888510 149
1888520 149
1888530 149
1888540 149
1888550 149
1888560 149
1888570 149
1888580 149
1888590 149
1888600 146
1888610 146
1888620 145
1888630 145
1888640 145
1888650 146
1888660 146
1888670 147
1888680 146
1888690 146
1888700 146
1888710 145
1888720 145
1888730 145
1888740 145
1888750 145
1888760 145
1888770 145
1888780 144
1888790 144
1888800 144
1888810 144
1888820 144
1888830 143
1888840 143
1888850 143
1888860 142
1888870 142
1888880 142
1888890 142
1888900 142
1888910 142
1888920 142
1888930 141
1888940 141
1888950 141
1888960 141
1888970 141
1888980 141
1888990 141
1889000 141
1889010 140
1889020 140
1889030 140
1889040 140
1889050 140
1889060 140
1889070 140
1889080 139
1889090 139
1889100 139
1889110 139
1889120 139
1889130 139
1889140 139
1889150 139
1889160 139
1889170 139
1889180 139
1889190 139
1889200 139
1889210 139
1889220 139
1889230 139
1889240 139
1889250 139
1889260 139
1889270 139
1889280 139
1889290 139
1889300 139
1889310 139
1889320 139
1889330 139
1889340 139
1889350 139
1889360 139
1889370 139
1889380 139
1889390 139
1889400 139
1889410 139
1889420 139
1889430 139
1889440 139
1889450 139
1889460 139
1889470 139
1889480 139
1889490 139
1889500 139
1889510 140
1889520 140
1889530 140
1889540 141
1889550 141
1889560 141
1889570 141
1889580 141
1889590 142
1889600 142
1889610 142
1889620 143
1889630 143
1889640 143
1889650 144
1889660 144
1889670 144
1889680 144
1889690 144
1889700 144
1889710 144
1889720 144
1889730 144
1889740 145
1889750 145
1889760 145
1889770 145
1889780 145
1889790 145
1889800 145
1889810 145
1889820 145
1889830 145
1889840 145
1889850 145
1889860 145
1889870 145
1889880 145
1889890 145
1889900 145
1889910 145
1889920 145
1889930 145
1889940 145
1889950 145
1889960 145
1889970 145
1889980 145
1889990 145
1890000 145
1890010 145
1890020 145
1890030 145
1890040 145
1890050 145
1890060 145
1890070 145
1890080 145
1890090 145
1890100 145
1890110 145
1890120 145
1890130 145
1890140 145
1890150 145
1890160 146
1890170 146
1890180 146
1890190 146
1890200 146
1890210 146
1890220 146
1890230 145
1890240 145
1890250 145
1890260 145
1890270 145
1890280 145
1890290 145
1890300 145
1890310 145
1890320 145
1890330 145
1890340 145
1890350 145
1890360 145
1890370 145
1890380 145
1890390 145
1890400 145
1890410 144
1890420 144
1890430 144
1890440 144
1890450 144
1890460 144
1890470 144
1890480 144
1890490 144
1890500 144
1890510 144
1890520 144
1890530 143
1890540 143
1890550 143
1890560 143
1890570 143
1890580 143
1890590 142
1890600 142
1890610 142
1890620 142
1890630 141
1890640 141
1890650 141
1890660 141
1890670 141
1890680 141
1890690 141
1890700 141
1890710 140
1890720 140
1890730 140
1890740 140
1890750 140
1890760 140
1890770 140
1890780 140
1890790 140
1890800 140
1890810 140
1890820 140
1890830 139
1890840 139
1890850 139
1890860 139
1890870 139
1890880 139
1890890 139
1890900 139
1890910 139
1890920 139
1890930 139
1890940 139
1890950 139
1890960 139
1890970 139
1890980 139
1890990 139
1891000 139
1891010 139
1891020 139
1891030 139
1891040 139
1891050 139
1891060 139
1891070 138
1891080 138
1891090 138
1891100 138
1891110 138
1891120 138
1891130 138
1891140 138
1891150 138
1891160 137
1891170 137
1891180 137
1891190 137
1891200 137
1891210 137
1891220 137
1891230 137
1891240 137
1891250 137
1891260 137
1891270 137
1891280 137
1891290 138
1891300 138
1891310 138
1891320 137
1891330 137
1891340 137
1891350 137
1891360 137
1891370 137
1891380 137
1891390 137
1891400 137
1891410 137
1891420 137
1891430 137
1891440 137
1891450 137
1891460 137
1891470 137
1891480 137
1891490 137
1891500 137
1891510 137
1891520 137
1891530 137
1891540 137
1891550 137
1891560 137
1891570 137
1891580 137
1891590 137
1891600 137
1891610 137
1891620 137
1891630 137
1891640 137
1891650 137
1891660 137
1891670 137
1891680 137
1891690 137
1891700 137
1891710 137
1891720 137
1891730 137
1891740 137
1891750 137
1891760 137
1891770 137
1891780 137
1891790 137
1891800 137
1891810 137
1891820 137
1891830 137
1891840 137
1891850 137
1891860 137
1891870 137
1891880 137
1891890 137
1891900 137
1891910 137
1891920 137
1891930 137
1891940 137
1891950 137
1891960 137
1891970 137
1891980 137
1891990 137
1892000 137
1892010 137
1892020 137
1892030 137
1892040 137
1892050 137
1892060 137
1892070 137
1892080 137
1892090 137
1892100 137
1892110 137
1892120 137
1892130 137
1892140 137
1892150 137
1892160 137
1892170 137
1892180 137
1892190 137
1892200 137
1892210 137
1892220 137
1892230 137
1892240 137
1892250 137
1892260 137
1892270 137
1892280 137
1892290 137
1892300 137
1892310 137
1892320 137
1892330 137
1892340 137
1892350 136
1892360 136
1892370 137
1892380 137
1892390 137
1892400 137
1892410 137
1892420 137
1892430 137
1892440 137
1892450 137
1892460 137
1892470 137
1892480 137
1892490 137
1892500 137
1892510 137
1892520 136
1892530 136
1892540 136
1892550 137
1892560 136
1892570 136
1892580 136
1892590 136
1892600 136
1892610 136
1892620 136
1892630 136
1892640 136
1892650 136
1892660 136
1892670 136
1892680 136
1892690 136
1892700 136
1892710 136
1892720 136
1892730 136
1892740 136
1892750 136
1892760 136
1892770 136
1892780 136
1892790 136
1892800 136
1892810 136
1892820 136
1892830 136
1892840 136
1892850 136
1892860 136
1892870 136
1892880 136
1892890 136
1892900 136
1892910 137
1892920 137
1892930 137
1892940 137
1892950 137
1892960 137
1892970 136
1892980 136
1892990 136
1893000 137
1893010 137
1893020 137
1893030 137
1893040 137
1893050 137
1893060 137
1893070 136
1893080 136
1893090 136
1893100 136
1893110 136
1893120 136
1893130 136
1893140 136
1893150 135
1893160 135
1893170 135
1893180 135
1893190 135
1893200 135
1893210 135
1893220 135
1893230 135
1893240 135
1893250 136
1893260 136
1893270 136
1893280 135
1893290 135
1893300 135
1893310 135
1893320 135
1893330 135
1893340 135
1893350 135
1893360 135
1893370 135
1893380 135
1893390 135
1893400 135
1893410 135
1893420 135
1893430 135
1893440 135
1893450 135
1893460 136
1893470 136
1893480 136
1893490 137
1893500 137
1893510 137
1893520 136
1893530 136
1893540 136
1893550 136
1893560 136
1893570 136
1893580 136
1893590 136
1893600 136
1893610 136
1893620 136
1893630 136
1893640 136
1893650 136
1893660 136
1893670 136
1893680 136
1893690 136
1893700 136
1893710 136
1893720 136
1893730 136
1893740 136
1893750 136
1893760 136
1893770 136
1893780 136
1893790 136
1893800 136
1893810 136
1893820 136
1893830 136
1893840 136
1893850 136
1893860 136
1893870 136
1893880 136
1893890 136
1893900 136
1893910 135
1893920 135
1893930 135
1893940 135
1893950 135
1893960 135
1893970 135
1893980 135
1893990 135
1894000 135
1894010 135
1894020 135
1894030 135
1894040 135
1894050 135
1894060 135
1894070 135
1894080 135
1894090 135
1894100 135
1894110 135
1894120 135
1894130 135
1894140 135
1894150 135
1894160 135
1894170 135
1894180 135
1894190 135
1894200 135
1894210 135
1894220 135
1894230 135
1894240 135
1894250 135
1894260 135
1894270 135
1894280 135
1894290 135
1894300 135
1894310 135
1894320 135
1894330 135
1894340 134
1894350 134
1894360 134
1894370 134
1894380 134
1894390 134
1894400 134
1894410 134
1894420 134
1894430 134
1894440 134
1894450 134
1894460 134
1894470 134
1894480 134
1894490 134
1894500 134
1894510 134
1894520 134
1894530 134
1894540 134
1894550 134
1894560 134
1894570 134
1894580 134
1894590 134
1894600 134
1894610 134
1894620 134
1894630 134
1894640 134
1894650 134
1894660 134
1894670 134
1894680 134
1894690 134
1894700 134
1894710 134
1894720 134
1894730 134
1894740 134
1894750 134
1894760 134
1894770 134
1894780 134
1894790 134
1894800 134
1894810 134
1894820 134
1894830 134
1894840 134
1894850 134
1894860 134
1894870 134
1894880 134
1894890 134
1894900 134
1894910 134
1894920 134
1894930 134
1894940 134
1894950 134
1894960 134
1894970 134
1894980 134
1894990 134
1895000 134
1895010 134
1895020 134
1895030 134
1895040 134
1895050 134
1895060 134
1895070 134
1895080 134
1895090 134
1895100 134
1895110 134
1895120 134
1895130 134
1895140 134
1895150 134
1895160 134
1895170 134
1895180 134
1895190 134
1895200 134
1895210 134
1895220 134
1895230 134
1895240 134
1895250 134
1895260 134
1895270 134
1895280 134
1895290 134
1895300 134
1895310 134
1895320 134
1895330 133
1895340 133
1895350 133
1895360 133
1895370 133
1895380 133
1895390 133
1895400 133
1895410 133
1895420 133
1895430 133
1895440 133
1895450 133
1895460 133
1895470 133
1895480 133
1895490 133
1895500 133
1895510 133
1895520 133
1895530 133
1895540 133
1895550 133
1895560 133
1895570 133
1895580 133
1895590 133
1895600 133
1895610 133
1895620 133
1895630 133
1895640 133
1895650 133
1895660 133
1895670 133
1895680 133
1895690 133
1895700 133
1895710 133
1895720 133
1895730 133
1895740 133
1895750 133
1895760 133
1895770 133
1895780 133
1895790 133
1895800 133
1895810 133
1895820 133
1895830 133
1895840 134
1895850 133
1895860 133
1895870 133
1895880 133
1895890 133
1895900 133
1895910 133
1895920 133
1895930 133
1895940 133
1895950 133
1895960 133
1895970 133
1895980 133
1895990 133
1896000 133
1896010 133
1896020 133
1896030 133
1896040 133
1896050 133
1896060 133
1896070 133
1896080 133
1896090 133
1896100 133
1896110 133
1896120 133
1896130 133
1896140 133
1896150 134
1896160 134
1896170 134
1896180 134
1896190 134
1896200 134
1896210 134
1896220 134
1896230 134
1896240 134
1896250 134
1896260 134
1896270 134
1896280 134
1896290 134
1896300 134
1896310 134
1896320 134
1896330 134
1896340 134
1896350 134
1896360 134
1896370 134
1896380 134
1896390 134
1896400 134
1896410 134
1896420 134
1896430 134
1896440 134
1896450 134
1896460 134
1896470 134
1896480 134
1896490 134
1896500 134
1896510 134
1896520 134
1896530 134
1896540 134
1896550 134
1896560 134
1896570 134
1896580 134
1896590 134
1896600 134
1896610 134
1896620 134
1896630 134
1896640 134
1896650 134
1896660 134
1896670 134
1896680 134
1896690 134
1896700 134
1896710 134
1896720 134
1896730 134
1896740 134
1896750 134
1896760 134
1896770 134
1896780 134
1896790 134
1896800 134
1896810 134
1896820 134
1896830 134
1896840 134
1896850 135
1896860 135
1896870 135
1896880 134
1896890 134
1896900 134
1896910 134
1896920 134
1896930 134
1896940 134
1896950 134
1896960 134
1896970 134
1896980 134
1896990 133
1897000 133
1897010 133
1897020 133
1897030 133
1897040 133
1897050 133
1897060 133
1897070 133
1897080 133
1897090 133
1897100 133
1897110 133
1897120 133
1897130 133
1897140 133
1897150 133
1897160 133
1897170 133
1897180 133
1897190 133
1897200 133
1897210 133
1897220 133
1897230 133
1897240 133
1897250 133
1897260 133
1897270 133
1897280 133
1897290 133
1897300 133
1897310 133
1897320 133
1897330 133
1897340 133
1897350 133
1897360 133
1897370 133
1897380 133
1897390 133
1897400 133
1897410 133
1897420 133
1897430 133
1897440 133
1897450 133
1897460 133
1897470 133
1897480 133
1897490 133
1897500 133
1897510 133
1897520 133
1897530 133
1897540 133
1897550 133
1897560 133
1897570 133
1897580 134
1897590 134
1897600 134
1897610 134
1897620 134
1897630 134
1897640 134
1897650 134
1897660 134
1897670 134
1897680 134
1897690 134
1897700 134
1897710 134
1897720 134
1897730 134
1897740 134
1897750 134
1897760 134
1897770 134
1897780 134
1897790 133
1897800 133
1897810 133
1897820 133
1897830 133
1897840 133
1897850 133
1897860 133
1897870 133
1897880 133
1897890 133
1897900 133
1897910 133
1897920 133
1897930 133
1897940 133
1897950 133
1897960 133
1897970 133
1897980 133
1897990 133
1898000 133
1898010 133
1898020 133
1898030 133
1898040 133
1898050 133
1898060 133
1898070 133
1898080 133
1898090 133
1898100 133
1898110 133
1898120 133
1898130 133
1898140 133
1898150 133
1898160 133
1898170 133
1898180 133
1898190 133
1898200 133
1898210 133
1898220 133
1898230 133
1898240 133
1898250 133
1898260 133
1898270 133
1898280 133
1898290 133
1898300 133
1898310 133
1898320 133
1898330 133
1898340 133
1898350 133
1898360 133
1898370 133
1898380 133
1898390 133
1898400 133
1898410 133
1898420 133
1898430 133
1898440 133
1898450 133
1898460 133
1898470 133
1898480 133
1898490 133
1898500 133
1898510 133
1898520 133
1898530 133
1898540 133
1898550 133
1898560 133
1898570 133
1898580 133
1898590 133
1898600 133
1898610 133
1898620 133
1898630 133
1898640 133
1898650 133
1898660 133
1898670 133
1898680 133
1898690 133
1898700 133
1898710 133
1898720 133
1898730 133
1898740 133
1898750 133
1898760 133
1898770 133
1898780 133
1898790 133
1898800 133
1898810 133
1898820 133
1898830 133
1898840 133
1898850 133
1898860 133
1898870 133
1898880 132
1898890 132
1898900 133
1898910 133
1898920 133
1898930 133
1898940 133
1898950 133
1898960 133
1898970 133
1898980 133
1898990 133
1899000 133
1899010 133
1899020 133
1899030 133
1899040 133
1899050 133
1899060 133
1899070 133
1899080 133
1899090 133
1899100 133
1899110 133
1899120 133
1899130 133
1899140 133
1899150 133
1899160 133
1899170 133
1899180 133
1899190 133
1899200 133
1899210 133
1899220 133
1899230 133
1899240 133
1899250 133
1899260 133
1899270 133
1899280 133
1899290 133
1899300 133
1899310 133
1899320 132
1899330 132
1899340 132
1899350 132
1899360 132
1899370 132
1899380 132
1899390 132
1899400 132
1899410 132
1899420 132
1899430 132
1899440 132
1899450 132
1899460 132
1899470 132
1899480 132
1899490 132
1899500 132
1899510 132
1899520 132
1899530 132
1899540 132
1899550 132
1899560 132
1899570 133
1899580 133
1899590 133
1899600 133
1899610 133
1899620 133
1899630 133
1899640 133
1899650 133
1899660 133
1899670 133
1899680 133
1899690 133
1899700 133
1899710 133
1899720 133
1899730 133
1899740 133
1899750 133
1899760 133
1899770 133
1899780 133
1899790 133
1899800 133
1899810 133
1899820 133
1899830 133
1899840 133
1899850 133
1899860 133
1899870 133
1899880 133
1899890 133
1899900 133
1899910 133
1899920 133
1899930 133
1899940 133
1899950 133
1899960 133
1899970 133
1899980 133
1899990 133
