1880000 168
1880010 168
1880020 168
1880030 168
1880040 168
1880050 168
1880060 168
1880070 169
1880080 169
1880090 169
1880100 169
1880110 169
1880120 169
1880130 169
1880140 170
1880150 170
1880160 170
1880170 170
1880180 170
1880190 170
1880200 170
1880210 170
1880220 171
1880230 171
1880240 171
1880250 171
1880260 171
1880270 171
1880280 171
1880290 172
1880300 172
1880310 172
1880320 172
1880330 172
1880340 173
1880350 173
1880360 173
1880370 173
1880380 174
1880390 174
1880400 174
1880410 174
1880420 174
1880430 175
1880440 175
1880450 174
1880460 175
1880470 175
1880480 175
1880490 176
1880500 176
1880510 176
1880520 177
1880530 177
1880540 177
1880550 177
1880560 177
1880570 177
1880580 177
1880590 177
1880600 177
1880610 177
1880620 177
1880630 177
1880640 176
1880650 177
1880660 177
1880670 177
1880680 178
1880690 178
1880700 179
1880710 180
1880720 180
1880730 180
1880740 180
1880750 180
1880760 180
1880770 179
1880780 179
1880790 178
1880800 178
1880810 178
1880820 178
1880830 178
1880840 178
1880850 178
1880860 178
1880870 178
1880880 179
1880890 179
1880900 179
1880910 179
1880920 179
1880930 179
1880940 179
1880950 179
1880960 179
1880970 179
1880980 180
1880990 180
1881000 180
1881010 181
1881020 181
1881030 181
1881040 182
1881050 182
1881060 182
1881070 182
1881080 182
1881090 182
1881100 182
1881110 182
1881120 182
1881130 182
1881140 182
1881150 182
1881160 182
1881170 182
1881180 182
1881190 182
1881200 182
1881210 182
1881220 182
1881230 182
1881240 182
1881250 182
1881260 182
1881270 182
1881280 182
1881290 182
1881300 182
1881310 182
1881320 182
1881330 183
1881340 183
1881350 183
1881360 183
1881370 183
1881380 183
1881390 183
1881400 183
1881410 183
1881420 183
1881430 183
1881440 183
1881450 183
1881460 183
1881470 183
1881480 183
1881490 183
1881500 183
1881510 184
1881520 184
1881530 184
1881540 184
1881550 184
1881560 184
1881570 184
1881580 184
1881590 184
1881600 184
1881610 184
1881620 183
1881630 183
1881640 183
1881650 183
1881660 183
1881670 184
1881680 184
1881690 184
1881700 184
1881710 184
1881720 184
1881730 184
1881740 184
1881750 184
1881760 184
1881770 184
1881780 184
1881790 184
1881800 184
1881810 184
1881820 183
1881830 183
1881840 183
1881850 183
1881860 183
1881870 183
1881880 183
1881890 183
1881900 183
1881910 182
1881920 182
1881930 182
1881940 182
1881950 182
1881960 182
1881970 182
1881980 182
1881990 182
1882000 182
1882010 182
1882020 182
1882030 182
1882040 182
1882050 182
1882060 182
1882070 182
1882080 182
1882090 182
1882100 182
1882110 182
1882120 182
1882130 182
1882140 182
1882150 182
1882160 182
1882170 182
1882180 182
1882190 182
1882200 182
1882210 182
1882220 182
1882230 182
1882240 182
1882250 182
1882260 182
1882270 182
1882280 182
1882290 182
1882300 182
1882310 182
1882320 182
1882330 183
1882340 183
1882350 183
1882360 183
1882370 183
1882380 183
1882390 183
1882400 183
1882410 183
1882420 183
1882430 183
1882440 183
1882450 183
1882460 183
1882470 183
1882480 183
1882490 183
1882500 183
1882510 183
1882520 183
1882530 183
1882540 183
1882550 183
1882560 183
1882570 183
1882580 183
1882590 183
1882600 183
1882610 183
1882620 183
1882630 183
1882640 182
1882650 182
1882660 182
1882670 182
1882680 182
1882690 182
1882700 182
1882710 182
1882720 182
1882730 182
1882740 182
1882750 182
1882760 182
1882770 182
1882780 182
1882790 182
1882800 182
1882810 182
1882820 182
1882830 182
1882840 182
1882850 182
1882860 182
1882870 182
1882880 182
1882890 182
1882900 182
1882910 182
1882920 182
1882930 182
1882940 182
1882950 182
1882960 182
1882970 182
1882980 182
1882990 182
1883000 182
1883010 182
1883020 182
1883030 182
1883040 182
1883050 182
1883060 182
1883070 182
1883080 182
1883090 182
1883100 182
1883110 182
1883120 182
1883130 182
1883140 182
1883150 182
1883160 182
1883170 182
1883180 182
1883190 182
1883200 182
1883210 182
1883220 182
1883230 182
1883240 182
1883250 182
1883260 182
1883270 182
1883280 182
1883290 182
1883300 182
1883310 182
1883320 182
1883330 182
1883340 182
1883350 182
1883360 182
1883370 182
1883380 182
1883390 182
1883400 182
1883410 182
1883420 182
1883430 182
1883440 182
1883450 181
1883460 181
1883470 181
1883480 181
1883490 181
1883500 181
1883510 181
1883520 181
1883530 181
1883540 181
1883550 181
1883560 181
1883570 181
1883580 181
1883590 181
1883600 181
1883610 181
1883620 181
1883630 181
1883640 181
1883650 181
1883660 181
1883670 181
1883680 181
1883690 181
1883700 181
1883710 181
1883720 181
1883730 181
1883740 181
1883750 181
1883760 181
1883770 181
1883780 181
1883790 181
1883800 181
1883810 181
1883820 181
1883830 181
1883840 181
1883850 181
1883860 181
1883870 181
1883880 181
1883890 181
1883900 181
1883910 181
1883920 181
1883930 181
1883940 181
1883950 181
1883960 181
1883970 181
1883980 181
1883990 181
1884000 181
1884010 181
1884020 181
1884030 181
1884040 181
1884050 181
1884060 181
1884070 181
1884080 181
1884090 181
1884100 181
1884110 180
1884120 180
1884130 180
1884140 181
1884150 180
1884160 180
1884170 180
1884180 180
1884190 180
1884200 180
1884210 180
1884220 180
1884230 180
1884240 180
1884250 180
1884260 180
1884270 180
1884280 180
1884290 180
1884300 180
1884310 180
1884320 180
1884330 179
1884340 179
1884350 179
1884360 179
1884370 179
1884380 179
1884390 179
1884400 179
1884410 179
1884420 179
1884430 179
1884440 179
1884450 179
1884460 179
1884470 178
1884480 178
1884490 178
1884500 178
1884510 178
1884520 178
1884530 178
1884540 178
1884550 178
1884560 178
1884570 178
1884580 178
1884590 178
1884600 178
1884610 178
1884620 178
1884630 177
1884640 177
1884650 177
1884660 177
1884670 177
1884680 177
1884690 177
1884700 177
1884710 177
1884720 177
1884730 177
1884740 177
1884750 177
1884760 177
1884770 177
1884780 177
1884790 177
1884800 177
1884810 177
1884820 177
1884830 177
1884840 177
1884850 177
1884860 177
1884870 177
1884880 177
1884890 177
1884900 177
1884910 177
1884920 177
1884930 177
1884940 177
1884950 177
1884960 177
1884970 177
1884980 177
1884990 176
1885000 176
1885010 176
1885020 176
1885030 176
1885040 176
1885050 176
1885060 176
1885070 176
1885080 176
1885090 175
1885100 175
1885110 175
1885120 175
1885130 175
1885140 175
1885150 175
1885160 175
1885170 175
1885180 174
1885190 174
1885200 174
1885210 174
1885220 174
1885230 174
1885240 173
1885250 173
1885260 173
1885270 173
1885280 173
1885290 173
1885300 173
1885310 173
1885320 173
1885330 173
1885340 173
1885350 173
1885360 173
1885370 173
1885380 173
1885390 173
1885400 173
1885410 174
1885420 174
1885430 174
1885440 174
1885450 174
1885460 174
1885470 174
1885480 171
1885490 171
1885500 167
1885510 167
1885520 167
1885530 167
1885540 167
1885550 167
1885560 166
1885570 167
1885580 167
1885590 167
1885600 168
1885610 168
1885620 170
1885630 173
1885640 170
1885650 172
1885660 173
1885670 173
1885680 173
1885690 173
1885700 173
1885710 173
1885720 173
1885730 173
1885740 173
1885750 172
1885760 172
1885770 172
1885780 172
1885790 172
1885800 171
1885810 171
1885820 171
1885830 170
1885840 169
1885850 169
1885860 169
1885870 168
1885880 168
1885890 168
1885900 167
1885910 167
1885920 167
1885930 166
1885940 166
1885950 166
1885960 165
1885970 165
1885980 165
1885990 164
1886000 164
1886010 164
1886020 164
1886030 164
1886040 163
1886050 163
1886060 162
1886070 162
1886080 162
1886090 162
1886100 162
1886110 162
1886120 162
1886130 162
1886140 162
1886150 162
1886160 162
1886170 162
1886180 161
1886190 161
1886200 161
1886210 161
1886220 161
1886230 160
1886240 160
1886250 160
1886260 160
1886270 160
1886280 160
1886290 160
1886300 160
1886310 160
1886320 160
1886330 159
1886340 159
1886350 159
1886360 159
1886370 159
1886380 159
1886390 159
1886400 159
1886410 159
1886420 158
1886430 158
1886440 159
1886450 159
1886460 159
1886470 159
1886480 159
1886490 159
1886500 159
1886510 159
1886520 159
1886530 158
1886540 158
1886550 158
1886560 158
1886570 158
1886580 158
1886590 158
1886600 158
1886610 158
1886620 159
1886630 159
1886640 159
1886650 158
1886660 158
1886670 158
1886680 158
1886690 158
1886700 158
1886710 158
1886720 158
1886730 158
1886740 158
1886750 159
1886760 159
1886770 159
1886780 159
1886790 159
1886800 159
1886810 159
1886820 159
1886830 159
1886840 159
1886850 159
1886860 159
1886870 159
1886880 159
1886890 159
1886900 159
1886910 159
1886920 159
1886930 159
1886940 159
1886950 159
1886960 158
1886970 158
1886980 158
1886990 158
1887000 158
1887010 158
1887020 157
1887030 157
1887040 157
1887050 157
1887060 157
1887070 157
1887080 157
1887090 157
1887100 157
1887110 156
1887120 156
1887130 156
1887140 156
1887150 156
1887160 156
1887170 155
1887180 155
1887190 155
1887200 155
1887210 155
1887220 154
1887230 154
1887240 154
1887250 153
1887260 153
1887270 153
1887280 153
1887290 152
1887300 152
1887310 152
1887320 152
1887330 152
1887340 152
1887350 152
1887360 152
1887370 152
1887380 151
1887390 151
1887400 151
1887410 151
1887420 151
1887430 151
1887440 151
1887450 151
1887460 151
1887470 151
1887480 151
1887490 151
1887500 151
1887510 151
1887520 151
1887530 151
1887540 151
1887550 151
1887560 151
1887570 151
1887580 151
1887590 151
1887600 151
1887610 151
1887620 151
1887630 151
1887640 151
1887650 151
1887660 151
1887670 151
1887680 151
1887690 151
1887700 151
1887710 151
1887720 151
1887730 151
1887740 151
1887750 151
1887760 151
1887770 151
1887780 151
1887790 151
1887800 151
1887810 151
1887820 151
1887830 151
1887840 151
1887850 151
1887860 151
1887870 151
1887880 151
1887890 151
1887900 151
1887910 151
1887920 151
1887930 151
1887940 151
1887950 150
1887960 150
1887970 150
1887980 150
1887990 150
1888000 150
1888010 150
1888020 150
1888030 150
1888040 150
1888050 149
1888060 149
1888070 149
1888080 148
1888090 148
1888100 148
1888110 148
1888120 148
1888130 148
1888140 148
1888150 148
1888160 147
1888170 147
1888180 147
1888190 147
1888200 147
1888210 147
1888220 147
1888230 146
1888240 146
1888250 146
1888260 146
1888270 146
1888280 145
1888290 145
1888300 145
1888310 143
1888320 143
1888330 143
1888340 142
1888350 141
1888360 141
1888370 141
1888380 140
1888390 140
1888400 140
1888410 141
1888420 141
1888430 141
1888440 141
1888450 141
1888460 142
1888470 142
1888480 142
1888490 142
1888500 142
1888510 142
1888520 142
1888530 142
1888540 142
1888550 142
1888560 141
1888570 141
1888580 141
1888590 141
1888600 141
1888610 141
1888620 141
1888630 141
1888640 141
1888650 141
1888660 141
1888670 141
1888680 141
1888690 141
1888700 141
1888710 141
1888720 141
1888730 141
1888740 141
1888750 141
1888760 141
1888770 141
1888780 141
1888790 141
1888800 141
1888810 141
1888820 142
1888830 142
1888840 142
1888850 141
1888860 141
1888870 141
1888880 141
1888890 141
1888900 141
1888910 141
1888920 142
1888930 142
1888940 142
1888950 142
1888960 142
1888970 142
1888980 142
1888990 142
1889000 142
1889010 142
1889020 142
1889030 142
1889040 142
1889050 142
1889060 142
1889070 142
1889080 142
1889090 142
1889100 142
1889110 142
1889120 142
1889130 142
1889140 142
1889150 142
1889160 142
1889170 142
1889180 142
1889190 142
1889200 142
1889210 142
1889220 143
1889230 143
1889240 143
1889250 143
1889260 143
1889270 143
1889280 144
1889290 144
1889300 144
1889310 144
1889320 145
1889330 145
1889340 145
1889350 145
1889360 145
1889370 145
1889380 145
1889390 145
1889400 145
1889410 145
1889420 145
1889430 145
1889440 145
1889450 145
1889460 146
1889470 146
1889480 146
1889490 147
1889500 147
1889510 147
1889520 147
1889530 147
1889540 147
1889550 147
1889560 147
1889570 147
1889580 147
1889590 147
1889600 147
1889610 147
1889620 148
1889630 148
1889640 148
1889650 148
1889660 148
1889670 148
1889680 148
1889690 148
1889700 148
1889710 148
1889720 148
1889730 149
1889740 149
1889750 149
1889760 149
1889770 149
1889780 149
1889790 150
1889800 150
1889810 150
1889820 150
1889830 151
1889840 151
1889850 151
1889860 151
1889870 151
1889880 151
1889890 151
1889900 151
1889910 151
1889920 151
1889930 151
1889940 151
1889950 151
1889960 151
1889970 151
1889980 151
1889990 151
1890000 151
1890010 151
1890020 151
1890030 151
1890040 150
1890050 150
1890060 150
1890070 151
1890080 151
1890090 150
1890100 150
1890110 150
1890120 151
1890130 151
1890140 151
1890150 151
1890160 151
1890170 151
1890180 151
1890190 151
1890200 151
1890210 150
1890220 150
1890230 150
1890240 150
1890250 150
1890260 150
1890270 150
1890280 150
1890290 150
1890300 150
1890310 150
1890320 150
1890330 150
1890340 150
1890350 150
1890360 150
1890370 150
1890380 150
1890390 150
1890400 150
1890410 150
1890420 150
1890430 150
1890440 150
1890450 150
1890460 150
1890470 150
1890480 150
1890490 150
1890500 150
1890510 150
1890520 150
1890530 150
1890540 150
1890550 150
1890560 150
1890570 150
1890580 150
1890590 150
1890600 150
1890610 150
1890620 150
1890630 150
1890640 150
1890650 150
1890660 150
1890670 149
1890680 149
1890690 149
1890700 149
1890710 149
1890720 149
1890730 149
1890740 149
1890750 149
1890760 149
1890770 149
1890780 149
1890790 149
1890800 149
1890810 149
1890820 148
1890830 148
1890840 148
1890850 148
1890860 148
1890870 148
1890880 148
1890890 148
1890900 148
1890910 148
1890920 148
1890930 148
1890940 148
1890950 148
1890960 148
1890970 148
1890980 148
1890990 148
1891000 148
1891010 148
1891020 148
1891030 148
1891040 148
1891050 148
1891060 148
1891070 148
1891080 147
1891090 147
1891100 147
1891110 147
1891120 147
1891130 146
1891140 146
1891150 146
1891160 145
1891170 145
1891180 145
1891190 144
1891200 144
1891210 144
1891220 144
1891230 144
1891240 143
1891250 143
1891260 143
1891270 142
1891280 142
1891290 142
1891300 142
1891310 141
1891320 141
1891330 141
1891340 140
1891350 140
1891360 140
1891370 139
1891380 139
1891390 139
1891400 139
1891410 139
1891420 138
1891430 138
1891440 138
1891450 138
1891460 140
1891470 140
1891480 140
1891490 140
1891500 140
1891510 138
1891520 137
1891530 137
1891540 137
1891550 138
1891560 138
1891570 138
1891580 136
1891590 136
1891600 136
1891610 136
1891620 136
1891630 136
1891640 136
1891650 136
1891660 136
1891670 136
1891680 136
1891690 136
1891700 136
1891710 136
1891720 136
1891730 136
1891740 136
1891750 136
1891760 136
1891770 136
1891780 136
1891790 135
1891800 135
1891810 135
1891820 135
1891830 135
1891840 135
1891850 135
1891860 135
1891870 135
1891880 135
1891890 135
1891900 135
1891910 135
1891920 135
1891930 135
1891940 135
1891950 135
1891960 135
1891970 135
1891980 135
1891990 135
1892000 135
1892010 135
1892020 135
1892030 135
1892040 135
1892050 135
1892060 135
1892070 135
1892080 135
1892090 135
1892100 135
1892110 135
1892120 135
1892130 135
1892140 135
1892150 135
1892160 135
1892170 135
1892180 135
1892190 135
1892200 135
1892210 135
1892220 135
1892230 135
1892240 135
1892250 135
1892260 135
1892270 135
1892280 135
1892290 135
1892300 135
1892310 135
1892320 135
1892330 135
1892340 135
1892350 135
1892360 135
1892370 135
1892380 135
1892390 135
1892400 135
1892410 135
1892420 135
1892430 135
1892440 135
1892450 135
1892460 135
1892470 135
1892480 135
1892490 135
1892500 135
1892510 135
1892520 135
1892530 135
1892540 135
1892550 135
1892560 135
1892570 135
1892580 135
1892590 135
1892600 135
1892610 135
1892620 135
1892630 135
1892640 135
1892650 135
1892660 135
1892670 135
1892680 135
1892690 135
1892700 135
1892710 135
1892720 135
1892730 135
1892740 135
1892750 135
1892760 135
1892770 135
1892780 135
1892790 135
1892800 135
1892810 135
1892820 135
1892830 135
1892840 135
1892850 135
1892860 135
1892870 135
1892880 135
1892890 135
1892900 135
1892910 135
1892920 135
1892930 135
1892940 135
1892950 135
1892960 135
1892970 135
1892980 135
1892990 135
1893000 135
1893010 135
1893020 135
1893030 135
1893040 135
1893050 135
1893060 135
1893070 135
1893080 135
1893090 135
1893100 135
1893110 135
1893120 135
1893130 135
1893140 135
1893150 135
1893160 135
1893170 135
1893180 135
1893190 135
1893200 135
1893210 134
1893220 134
1893230 134
1893240 134
1893250 134
1893260 134
1893270 134
1893280 134
1893290 134
1893300 134
1893310 134
1893320 135
1893330 135
1893340 135
1893350 135
1893360 135
1893370 135
1893380 135
1893390 135
1893400 135
1893410 135
1893420 135
1893430 135
1893440 135
1893450 135
1893460 135
1893470 134
1893480 134
1893490 134
1893500 134
1893510 134
1893520 134
1893530 134
1893540 134
1893550 134
1893560 134
1893570 134
1893580 134
1893590 134
1893600 134
1893610 134
1893620 134
1893630 134
1893640 134
1893650 134
1893660 134
1893670 134
1893680 134
1893690 134
1893700 134
1893710 134
1893720 134
1893730 134
1893740 134
1893750 134
1893760 134
1893770 134
1893780 134
1893790 134
1893800 134
1893810 134
1893820 134
1893830 134
1893840 134
1893850 134
1893860 134
1893870 134
1893880 134
1893890 134
1893900 134
1893910 134
1893920 134
1893930 134
1893940 134
1893950 134
1893960 134
1893970 134
1893980 134
1893990 134
1894000 134
1894010 134
1894020 134
1894030 134
1894040 134
1894050 134
1894060 134
1894070 134
1894080 134
1894090 134
1894100 134
1894110 134
1894120 134
1894130 134
1894140 134
1894150 134
1894160 134
1894170 134
1894180 134
1894190 134
1894200 134
1894210 134
1894220 134
1894230 134
1894240 134
1894250 134
1894260 134
1894270 134
1894280 134
1894290 134
1894300 134
1894310 134
1894320 134
1894330 134
1894340 134
1894350 134
1894360 134
1894370 134
1894380 134
1894390 134
1894400 134
1894410 134
1894420 134
1894430 134
1894440 134
1894450 134
1894460 134
1894470 134
1894480 134
1894490 134
1894500 134
1894510 134
1894520 134
1894530 134
1894540 134
1894550 134
1894560 134
1894570 134
1894580 134
1894590 134
1894600 134
1894610 134
1894620 134
1894630 134
1894640 134
1894650 134
1894660 134
1894670 134
1894680 134
1894690 134
1894700 134
1894710 134
1894720 134
1894730 134
1894740 134
1894750 134
1894760 134
1894770 134
1894780 134
1894790 134
1894800 134
1894810 134
1894820 134
1894830 134
1894840 134
1894850 134
1894860 134
1894870 134
1894880 134
1894890 134
1894900 134
1894910 134
1894920 134
1894930 134
1894940 134
1894950 134
1894960 134
1894970 134
1894980 134
1894990 134
1895000 134
1895010 134
1895020 134
1895030 134
1895040 134
1895050 134
1895060 134
1895070 134
1895080 134
1895090 134
1895100 134
1895110 134
1895120 134
1895130 134
1895140 134
1895150 134
1895160 134
1895170 134
1895180 134
1895190 134
1895200 134
1895210 134
1895220 134
1895230 134
1895240 134
1895250 134
1895260 134
1895270 134
1895280 134
1895290 134
1895300 134
1895310 134
1895320 134
1895330 134
1895340 134
1895350 134
1895360 134
1895370 134
1895380 134
1895390 134
1895400 134
1895410 134
1895420 134
1895430 134
1895440 134
1895450 134
1895460 134
1895470 134
1895480 134
1895490 134
1895500 134
1895510 134
1895520 134
1895530 134
1895540 134
1895550 134
1895560 134
1895570 134
1895580 134
1895590 134
1895600 134
1895610 134
1895620 134
1895630 134
1895640 134
1895650 134
1895660 134
1895670 134
1895680 134
1895690 134
1895700 134
1895710 134
1895720 134
1895730 134
1895740 134
1895750 134
1895760 134
1895770 134
1895780 134
1895790 134
1895800 134
1895810 134
1895820 134
1895830 134
1895840 134
1895850 134
1895860 134
1895870 134
1895880 134
1895890 134
1895900 134
1895910 134
1895920 134
1895930 134
1895940 134
1895950 134
1895960 134
1895970 134
1895980 134
1895990 134
1896000 134
1896010 134
1896020 134
1896030 134
1896040 134
1896050 134
1896060 134
1896070 134
1896080 134
1896090 134
1896100 134
1896110 134
1896120 134
1896130 134
1896140 134
1896150 134
1896160 134
1896170 134
1896180 134
1896190 134
1896200 134
1896210 134
1896220 134
1896230 134
1896240 134
1896250 134
1896260 134
1896270 134
1896280 134
1896290 134
1896300 134
1896310 134
1896320 134
1896330 134
1896340 134
1896350 134
1896360 134
1896370 134
1896380 134
1896390 134
1896400 134
1896410 135
1896420 135
1896430 135
1896440 135
1896450 135
1896460 135
1896470 135
1896480 135
1896490 135
1896500 135
1896510 135
1896520 135
1896530 135
1896540 135
1896550 135
1896560 135
1896570 135
1896580 135
1896590 134
1896600 134
1896610 134
1896620 134
1896630 134
1896640 134
1896650 134
1896660 134
1896670 134
1896680 134
1896690 134
1896700 134
1896710 134
1896720 134
1896730 134
1896740 134
1896750 134
1896760 134
1896770 134
1896780 135
1896790 135
1896800 135
1896810 135
1896820 135
1896830 135
1896840 134
1896850 134
1896860 135
1896870 135
1896880 135
1896890 135
1896900 135
1896910 135
1896920 135
1896930 135
1896940 135
1896950 133
1896960 134
1896970 134
1896980 135
1896990 135
1897000 135
1897010 135
1897020 135
1897030 135
1897040 135
1897050 135
1897060 135
1897070 135
1897080 135
1897090 135
1897100 135
1897110 135
1897120 135
1897130 135
1897140 135
1897150 135
1897160 135
1897170 135
1897180 135
1897190 135
1897200 135
1897210 135
1897220 135
1897230 135
1897240 135
1897250 135
1897260 135
1897270 135
1897280 135
1897290 135
1897300 135
1897310 135
1897320 135
1897330 135
1897340 135
1897350 135
1897360 135
1897370 135
1897380 135
1897390 135
1897400 135
1897410 135
1897420 135
1897430 136
1897440 136
1897450 136
1897460 135
1897470 135
1897480 135
1897490 135
1897500 135
1897510 135
1897520 135
1897530 135
1897540 135
1897550 135
1897560 135
1897570 135
1897580 135
1897590 135
1897600 135
1897610 135
1897620 135
1897630 135
1897640 135
1897650 135
1897660 135
1897670 135
1897680 135
1897690 135
1897700 135
1897710 135
1897720 135
1897730 135
1897740 135
1897750 135
1897760 135
1897770 135
1897780 135
1897790 135
1897800 135
1897810 135
1897820 135
1897830 135
1897840 135
1897850 135
1897860 135
1897870 135
1897880 135
1897890 135
1897900 135
1897910 135
1897920 135
1897930 135
1897940 135
1897950 135
1897960 135
1897970 135
1897980 135
1897990 135
1898000 135
1898010 135
1898020 135
1898030 135
1898040 135
1898050 135
1898060 135
1898070 135
1898080 135
1898090 135
1898100 135
1898110 135
1898120 135
1898130 135
1898140 135
1898150 135
1898160 135
1898170 135
1898180 135
1898190 135
1898200 135
1898210 135
1898220 135
1898230 135
1898240 135
1898250 135
1898260 135
1898270 135
1898280 135
1898290 135
1898300 135
1898310 135
1898320 135
1898330 135
1898340 135
1898350 135
1898360 135
1898370 135
1898380 135
1898390 135
1898400 135
1898410 134
1898420 134
1898430 134
1898440 134
1898450 134
1898460 134
1898470 134
1898480 134
1898490 134
1898500 134
1898510 134
1898520 134
1898530 134
1898540 134
1898550 134
1898560 134
1898570 134
1898580 134
1898590 134
1898600 134
1898610 134
1898620 134
1898630 134
1898640 134
1898650 134
1898660 134
1898670 134
1898680 134
1898690 134
1898700 134
1898710 134
1898720 134
1898730 134
1898740 135
1898750 135
1898760 135
1898770 135
1898780 135
1898790 135
1898800 135
1898810 135
1898820 135
1898830 135
1898840 135
1898850 135
1898860 135
1898870 135
1898880 135
1898890 135
1898900 135
1898910 135
1898920 135
1898930 135
1898940 135
1898950 135
1898960 135
1898970 135
1898980 135
1898990 135
1899000 135
1899010 135
1899020 135
1899030 135
1899040 135
1899050 135
1899060 135
1899070 135
1899080 135
1899090 135
1899100 135
1899110 135
1899120 135
1899130 135
1899140 135
1899150 135
1899160 135
1899170 135
1899180 135
1899190 135
1899200 135
1899210 135
1899220 135
1899230 135
1899240 135
1899250 135
1899260 135
1899270 135
1899280 135
1899290 135
1899300 135
1899310 135
1899320 135
1899330 135
1899340 135
1899350 135
1899360 135
1899370 135
1899380 135
1899390 135
1899400 135
1899410 135
1899420 135
1899430 135
1899440 135
1899450 135
1899460 135
1899470 135
1899480 135
1899490 135
1899500 135
1899510 135
1899520 135
1899530 135
1899540 135
1899550 135
1899560 135
1899570 135
1899580 135
1899590 135
1899600 135
1899610 135
1899620 135
1899630 135
1899640 135
1899650 135
1899660 135
1899670 135
1899680 135
1899690 135
1899700 135
1899710 135
1899720 135
1899730 134
1899740 134
1899750 134
1899760 134
1899770 135
1899780 135
1899790 135
1899800 135
1899810 135
1899820 134
1899830 134
1899840 134
1899850 134
1899860 134
1899870 134
1899880 134
1899890 134
1899900 134
1899910 134
1899920 134
1899930 134
1899940 134
1899950 134
1899960 134
1899970 134
1899980 134
1899990 134
