1880000 167
1880010 167
1880020 167
1880030 167
1880040 167
1880050 167
1880060 167
1880070 167
1880080 168
1880090 168
1880100 168
1880110 168
1880120 168
1880130 168
1880140 169
1880150 169
1880160 169
1880170 169
1880180 169
1880190 169
1880200 169
1880210 169
1880220 169
1880230 169
1880240 169
1880250 169
1880260 170
1880270 170
1880280 170
1880290 170
1880300 170
1880310 170
1880320 170
1880330 170
1880340 170
1880350 170
1880360 170
1880370 170
1880380 170
1880390 170
1880400 170
1880410 171
1880420 171
1880430 171
1880440 171
1880450 171
1880460 171
1880470 171
1880480 172
1880490 172
1880500 172
1880510 172
1880520 172
1880530 172
1880540 172
1880550 172
1880560 172
1880570 172
1880580 172
1880590 172
1880600 172
1880610 172
1880620 171
1880630 171
1880640 171
1880650 171
1880660 171
1880670 171
1880680 171
1880690 171
1880700 171
1880710 172
1880720 172
1880730 172
1880740 172
1880750 172
1880760 172
1880770 173
1880780 173
1880790 173
1880800 173
1880810 173
1880820 173
1880830 173
1880840 173
1880850 173
1880860 173
1880870 173
1880880 173
1880890 173
1880900 174
1880910 174
1880920 174
1880930 174
1880940 174
1880950 174
1880960 174
1880970 175
1880980 175
1880990 174
1881000 175
1881010 175
1881020 175
1881030 175
1881040 175
1881050 175
1881060 175
1881070 175
1881080 175
1881090 176
1881100 176
1881110 176
1881120 176
1881130 176
1881140 176
1881150 176
1881160 176
1881170 176
1881180 176
1881190 176
1881200 176
1881210 177
1881220 177
1881230 177
1881240 178
1881250 178
1881260 178
1881270 179
1881280 179
1881290 179
1881300 180
1881310 180
1881320 179
1881330 179
1881340 179
1881350 179
1881360 179
1881370 179
1881380 179
1881390 179
1881400 179
1881410 180
1881420 180
1881430 180
1881440 180
1881450 180
1881460 180
1881470 180
1881480 180
1881490 180
1881500 180
1881510 181
1881520 181
1881530 181
1881540 181
1881550 181
1881560 181
1881570 182
1881580 182
1881590 182
1881600 182
1881610 182
1881620 182
1881630 182
1881640 182
1881650 182
1881660 182
1881670 182
1881680 182
1881690 183
1881700 183
1881710 183
1881720 183
1881730 183
1881740 183
1881750 183
1881760 183
1881770 183
1881780 183
1881790 183
1881800 183
1881810 183
1881820 183
1881830 183
1881840 183
1881850 183
1881860 183
1881870 183
1881880 183
1881890 183
1881900 183
1881910 183
1881920 183
1881930 182
1881940 182
1881950 182
1881960 182
1881970 182
1881980 182
1881990 182
1882000 182
1882010 182
1882020 182
1882030 182
1882040 182
1882050 182
1882060 182
1882070 182
1882080 181
1882090 181
1882100 182
1882110 182
1882120 182
1882130 182
1882140 182
1882150 182
1882160 182
1882170 182
1882180 182
1882190 182
1882200 182
1882210 182
1882220 182
1882230 182
1882240 182
1882250 182
1882260 182
1882270 182
1882280 182
1882290 182
1882300 182
1882310 182
1882320 182
1882330 182
1882340 182
1882350 182
1882360 182
1882370 182
1882380 182
1882390 182
1882400 182
1882410 182
1882420 182
1882430 182
1882440 182
1882450 182
1882460 182
1882470 182
1882480 182
1882490 182
1882500 182
1882510 182
1882520 182
1882530 182
1882540 182
1882550 182
1882560 182
1882570 182
1882580 182
1882590 182
1882600 182
1882610 182
1882620 182
1882630 182
1882640 182
1882650 182
1882660 182
1882670 182
1882680 182
1882690 182
1882700 182
1882710 182
1882720 183
1882730 183
1882740 183
1882750 183
1882760 183
1882770 183
1882780 183
1882790 183
1882800 183
1882810 183
1882820 183
1882830 183
1882840 183
1882850 183
1882860 183
1882870 183
1882880 183
1882890 183
1882900 183
1882910 183
1882920 183
1882930 183
1882940 183
1882950 183
1882960 183
1882970 183
1882980 182
1882990 183
1883000 183
1883010 183
1883020 183
1883030 183
1883040 183
1883050 183
1883060 183
1883070 183
1883080 183
1883090 183
1883100 183
1883110 183
1883120 183
1883130 183
1883140 183
1883150 183
1883160 183
1883170 183
1883180 183
1883190 183
1883200 183
1883210 183
1883220 183
1883230 183
1883240 183
1883250 182
1883260 182
1883270 182
1883280 182
1883290 182
1883300 182
1883310 182
1883320 182
1883330 182
1883340 182
1883350 182
1883360 182
1883370 182
1883380 182
1883390 182
1883400 182
1883410 182
1883420 182
1883430 182
1883440 181
1883450 181
1883460 181
1883470 181
1883480 181
1883490 181
1883500 181
1883510 181
1883520 181
1883530 181
1883540 181
1883550 181
1883560 181
1883570 181
1883580 181
1883590 181
1883600 181
1883610 181
1883620 181
1883630 181
1883640 181
1883650 181
1883660 181
1883670 181
1883680 181
1883690 181
1883700 181
1883710 181
1883720 181
1883730 181
1883740 181
1883750 181
1883760 181
1883770 181
1883780 181
1883790 181
1883800 181
1883810 181
1883820 181
1883830 181
1883840 181
1883850 181
1883860 181
1883870 181
1883880 181
1883890 181
1883900 181
1883910 181
1883920 181
1883930 181
1883940 181
1883950 181
1883960 181
1883970 181
1883980 181
1883990 181
1884000 181
1884010 181
1884020 181
1884030 181
1884040 181
1884050 181
1884060 181
1884070 181
1884080 181
1884090 181
1884100 180
1884110 180
1884120 180
1884130 180
1884140 180
1884150 180
1884160 180
1884170 180
1884180 180
1884190 180
1884200 180
1884210 180
1884220 180
1884230 180
1884240 180
1884250 180
1884260 180
1884270 180
1884280 180
1884290 180
1884300 180
1884310 179
1884320 179
1884330 179
1884340 179
1884350 179
1884360 179
1884370 179
1884380 179
1884390 179
1884400 179
1884410 178
1884420 178
1884430 178
1884440 178
1884450 178
1884460 178
1884470 178
1884480 178
1884490 178
1884500 178
1884510 178
1884520 177
1884530 177
1884540 177
1884550 177
1884560 177
1884570 177
1884580 177
1884590 177
1884600 177
1884610 177
1884620 177
1884630 177
1884640 177
1884650 177
1884660 177
1884670 177
1884680 177
1884690 177
1884700 177
1884710 177
1884720 177
1884730 177
1884740 177
1884750 177
1884760 176
1884770 176
1884780 176
1884790 176
1884800 176
1884810 176
1884820 176
1884830 176
1884840 176
1884850 176
1884860 176
1884870 176
1884880 176
1884890 176
1884900 176
1884910 176
1884920 176
1884930 176
1884940 176
1884950 175
1884960 175
1884970 175
1884980 175
1884990 175
1885000 175
1885010 175
1885020 175
1885030 175
1885040 175
1885050 175
1885060 175
1885070 175
1885080 175
1885090 175
1885100 175
1885110 175
1885120 175
1885130 175
1885140 175
1885150 174
1885160 175
1885170 175
1885180 175
1885190 175
1885200 175
1885210 175
1885220 175
1885230 175
1885240 175
1885250 175
1885260 175
1885270 175
1885280 175
1885290 175
1885300 175
1885310 175
1885320 175
1885330 175
1885340 175
1885350 175
1885360 175
1885370 175
1885380 175
1885390 175
1885400 175
1885410 175
1885420 175
1885430 174
1885440 174
1885450 174
1885460 174
1885470 174
1885480 174
1885490 174
1885500 173
1885510 173
1885520 173
1885530 173
1885540 173
1885550 172
1885560 172
1885570 172
1885580 171
1885590 171
1885600 171
1885610 170
1885620 170
1885630 170
1885640 170
1885650 170
1885660 170
1885670 170
1885680 169
1885690 169
1885700 169
1885710 169
1885720 169
1885730 169
1885740 168
1885750 168
1885760 168
1885770 167
1885780 167
1885790 167
1885800 167
1885810 167
1885820 166
1885830 166
1885840 166
1885850 166
1885860 166
1885870 166
1885880 165
1885890 165
1885900 165
1885910 165
1885920 165
1885930 165
1885940 165
1885950 165
1885960 165
1885970 165
1885980 164
1885990 164
1886000 164
1886010 164
1886020 164
1886030 164
1886040 164
1886050 164
1886060 164
1886070 163
1886080 163
1886090 163
1886100 163
1886110 163
1886120 163
1886130 163
1886140 163
1886150 163
1886160 163
1886170 163
1886180 163
1886190 163
1886200 163
1886210 163
1886220 163
1886230 163
1886240 162
1886250 162
1886260 162
1886270 162
1886280 162
1886290 162
1886300 162
1886310 161
1886320 161
1886330 161
1886340 161
1886350 161
1886360 161
1886370 161
1886380 161
1886390 161
1886400 160
1886410 160
1886420 160
1886430 160
1886440 160
1886450 160
1886460 160
1886470 160
1886480 160
1886490 159
1886500 159
1886510 159
1886520 159
1886530 159
1886540 159
1886550 159
1886560 159
1886570 159
1886580 159
1886590 159
1886600 159
1886610 159
1886620 159
1886630 159
1886640 159
1886650 159
1886660 160
1886670 160
1886680 160
1886690 160
1886700 159
1886710 159
1886720 160
1886730 160
1886740 160
1886750 160
1886760 160
1886770 160
1886780 160
1886790 159
1886800 159
1886810 159
1886820 159
1886830 159
1886840 158
1886850 158
1886860 158
1886870 158
1886880 158
1886890 158
1886900 158
1886910 157
1886920 157
1886930 157
1886940 157
1886950 157
1886960 157
1886970 157
1886980 157
1886990 157
1887000 156
1887010 156
1887020 156
1887030 155
1887040 155
1887050 155
1887060 155
1887070 155
1887080 155
1887090 154
1887100 154
1887110 154
1887120 153
1887130 153
1887140 153
1887150 153
1887160 152
1887170 152
1887180 152
1887190 152
1887200 152
1887210 152
1887220 151
1887230 151
1887240 151
1887250 151
1887260 151
1887270 151
1887280 151
1887290 151
1887300 151
1887310 151
1887320 151
1887330 151
1887340 151
1887350 151
1887360 151
1887370 151
1887380 151
1887390 151
1887400 151
1887410 151
1887420 151
1887430 151
1887440 151
1887450 151
1887460 151
1887470 151
1887480 150
1887490 150
1887500 150
1887510 150
1887520 150
1887530 150
1887540 150
1887550 149
1887560 149
1887570 149
1887580 150
1887590 150
1887600 149
1887610 149
1887620 149
1887630 149
1887640 149
1887650 149
1887660 150
1887670 150
1887680 150
1887690 150
1887700 150
1887710 150
1887720 150
1887730 150
1887740 150
1887750 150
1887760 150
1887770 150
1887780 150
1887790 149
1887800 149
1887810 149
1887820 149
1887830 149
1887840 148
1887850 148
1887860 148
1887870 147
1887880 147
1887890 147
1887900 147
1887910 145
1887920 145
1887930 144
1887940 143
1887950 143
1887960 143
1887970 142
1887980 142
1887990 142
1888000 141
1888010 141
1888020 141
1888030 141
1888040 141
1888050 141
1888060 141
1888070 141
1888080 141
1888090 141
1888100 141
1888110 141
1888120 141
1888130 141
1888140 142
1888150 141
1888160 141
1888170 141
1888180 142
1888190 142
1888200 142
1888210 142
1888220 142
1888230 142
1888240 142
1888250 142
1888260 142
1888270 142
1888280 142
1888290 142
1888300 142
1888310 142
1888320 142
1888330 141
1888340 141
1888350 142
1888360 141
1888370 141
1888380 141
1888390 141
1888400 141
1888410 141
1888420 141
1888430 141
1888440 141
1888450 141
1888460 141
1888470 141
1888480 141
1888490 141
1888500 141
1888510 141
1888520 141
1888530 141
1888540 141
1888550 142
1888560 142
1888570 142
1888580 142
1888590 142
1888600 142
1888610 142
1888620 142
1888630 142
1888640 142
1888650 142
1888660 142
1888670 142
1888680 142
1888690 142
1888700 142
1888710 142
1888720 142
1888730 142
1888740 142
1888750 142
1888760 142
1888770 142
1888780 142
1888790 142
1888800 142
1888810 142
1888820 143
1888830 143
1888840 143
1888850 143
1888860 143
1888870 144
1888880 144
1888890 144
1888900 145
1888910 146
1888920 146
1888930 147
1888940 147
1888950 147
1888960 146
1888970 146
1888980 146
1888990 146
1889000 146
1889010 146
1889020 146
1889030 145
1889040 145
1889050 145
1889060 145
1889070 145
1889080 145
1889090 145
1889100 145
1889110 146
1889120 146
1889130 146
1889140 146
1889150 146
1889160 146
1889170 146
1889180 146
1889190 146
1889200 146
1889210 146
1889220 146
1889230 146
1889240 146
1889250 146
1889260 146
1889270 146
1889280 146
1889290 146
1889300 146
1889310 146
1889320 146
1889330 146
1889340 146
1889350 146
1889360 147
1889370 147
1889380 147
1889390 147
1889400 147
1889410 147
1889420 147
1889430 147
1889440 148
1889450 148
1889460 148
1889470 148
1889480 148
1889490 148
1889500 148
1889510 148
1889520 148
1889530 148
1889540 149
1889550 149
1889560 149
1889570 149
1889580 149
1889590 149
1889600 150
1889610 150
1889620 150
1889630 151
1889640 151
1889650 151
1889660 151
1889670 151
1889680 151
1889690 151
1889700 151
1889710 151
1889720 151
1889730 151
1889740 151
1889750 151
1889760 151
1889770 151
1889780 151
1889790 151
1889800 151
1889810 151
1889820 151
1889830 151
1889840 151
1889850 151
1889860 151
1889870 151
1889880 151
1889890 151
1889900 151
1889910 151
1889920 151
1889930 151
1889940 151
1889950 151
1889960 151
1889970 151
1889980 151
1889990 151
1890000 151
1890010 151
1890020 151
1890030 151
1890040 151
1890050 151
1890060 151
1890070 151
1890080 151
1890090 151
1890100 151
1890110 151
1890120 151
1890130 151
1890140 151
1890150 150
1890160 150
1890170 151
1890180 150
1890190 150
1890200 150
1890210 150
1890220 150
1890230 150
1890240 150
1890250 150
1890260 150
1890270 150
1890280 150
1890290 150
1890300 150
1890310 150
1890320 150
1890330 150
1890340 150
1890350 150
1890360 150
1890370 150
1890380 150
1890390 150
1890400 150
1890410 150
1890420 150
1890430 150
1890440 150
1890450 150
1890460 150
1890470 149
1890480 149
1890490 149
1890500 149
1890510 149
1890520 149
1890530 149
1890540 149
1890550 149
1890560 149
1890570 149
1890580 149
1890590 149
1890600 149
1890610 149
1890620 149
1890630 149
1890640 149
1890650 149
1890660 149
1890670 149
1890680 149
1890690 149
1890700 149
1890710 149
1890720 149
1890730 149
1890740 149
1890750 149
1890760 149
1890770 149
1890780 149
1890790 149
1890800 149
1890810 149
1890820 149
1890830 149
1890840 149
1890850 149
1890860 149
1890870 149
1890880 149
1890890 149
1890900 149
1890910 149
1890920 149
1890930 149
1890940 149
1890950 148
1890960 149
1890970 149
1890980 149
1890990 148
1891000 148
1891010 148
1891020 149
1891030 149
1891040 148
1891050 148
1891060 148
1891070 148
1891080 148
1891090 148
1891100 148
1891110 148
1891120 148
1891130 148
1891140 148
1891150 148
1891160 148
1891170 147
1891180 147
1891190 147
1891200 146
1891210 146
1891220 146
1891230 145
1891240 145
1891250 145
1891260 144
1891270 144
1891280 143
1891290 142
1891300 142
1891310 142
1891320 141
1891330 141
1891340 141
1891350 140
1891360 140
1891370 140
1891380 140
1891390 140
1891400 140
1891410 139
1891420 139
1891430 139
1891440 138
1891450 137
1891460 137
1891470 137
1891480 137
1891490 137
1891500 138
1891510 138
1891520 138
1891530 139
1891540 140
1891550 140
1891560 140
1891570 139
1891580 139
1891590 138
1891600 138
1891610 138
1891620 138
1891630 137
1891640 137
1891650 137
1891660 136
1891670 136
1891680 136
1891690 136
1891700 136
1891710 136
1891720 136
1891730 136
1891740 136
1891750 136
1891760 136
1891770 136
1891780 136
1891790 136
1891800 135
1891810 135
1891820 135
1891830 135
1891840 135
1891850 135
1891860 135
1891870 135
1891880 135
1891890 135
1891900 135
1891910 135
1891920 135
1891930 135
1891940 135
1891950 135
1891960 135
1891970 135
1891980 135
1891990 135
1892000 135
1892010 135
1892020 135
1892030 135
1892040 135
1892050 135
1892060 135
1892070 135
1892080 135
1892090 135
1892100 135
1892110 135
1892120 135
1892130 135
1892140 135
1892150 135
1892160 135
1892170 135
1892180 135
1892190 135
1892200 135
1892210 135
1892220 135
1892230 135
1892240 135
1892250 135
1892260 135
1892270 135
1892280 135
1892290 135
1892300 135
1892310 135
1892320 135
1892330 135
1892340 135
1892350 135
1892360 135
1892370 135
1892380 135
1892390 135
1892400 135
1892410 135
1892420 135
1892430 135
1892440 135
1892450 135
1892460 135
1892470 135
1892480 135
1892490 135
1892500 135
1892510 135
1892520 135
1892530 135
1892540 135
1892550 136
1892560 136
1892570 136
1892580 136
1892590 136
1892600 136
1892610 136
1892620 136
1892630 136
1892640 135
1892650 135
1892660 135
1892670 135
1892680 135
1892690 135
1892700 135
1892710 135
1892720 135
1892730 135
1892740 135
1892750 135
1892760 135
1892770 135
1892780 135
1892790 135
1892800 135
1892810 135
1892820 135
1892830 135
1892840 135
1892850 135
1892860 135
1892870 135
1892880 135
1892890 135
1892900 135
1892910 135
1892920 135
1892930 135
1892940 135
1892950 135
1892960 135
1892970 135
1892980 135
1892990 135
1893000 135
1893010 135
1893020 135
1893030 135
1893040 135
1893050 135
1893060 135
1893070 135
1893080 135
1893090 135
1893100 135
1893110 135
1893120 135
1893130 135
1893140 135
1893150 135
1893160 134
1893170 135
1893180 135
1893190 134
1893200 134
1893210 134
1893220 134
1893230 134
1893240 134
1893250 135
1893260 135
1893270 135
1893280 135
1893290 135
1893300 135
1893310 135
1893320 135
1893330 135
1893340 135
1893350 135
1893360 135
1893370 135
1893380 135
1893390 135
1893400 135
1893410 135
1893420 135
1893430 135
1893440 135
1893450 135
1893460 135
1893470 135
1893480 135
1893490 135
1893500 135
1893510 135
1893520 134
1893530 134
1893540 134
1893550 134
1893560 134
1893570 134
1893580 134
1893590 135
1893600 135
1893610 135
1893620 134
1893630 134
1893640 134
1893650 134
1893660 134
1893670 134
1893680 134
1893690 134
1893700 134
1893710 135
1893720 135
1893730 135
1893740 135
1893750 135
1893760 135
1893770 135
1893780 135
1893790 135
1893800 135
1893810 135
1893820 135
1893830 135
1893840 135
1893850 135
1893860 135
1893870 135
1893880 135
1893890 134
1893900 134
1893910 134
1893920 134
1893930 134
1893940 134
1893950 134
1893960 134
1893970 134
1893980 134
1893990 134
1894000 134
1894010 134
1894020 134
1894030 134
1894040 134
1894050 134
1894060 134
1894070 134
1894080 134
1894090 134
1894100 134
1894110 134
1894120 134
1894130 134
1894140 134
1894150 134
1894160 134
1894170 134
1894180 134
1894190 134
1894200 134
1894210 134
1894220 134
1894230 134
1894240 134
1894250 134
1894260 134
1894270 134
1894280 134
1894290 134
1894300 134
1894310 134
1894320 134
1894330 134
1894340 134
1894350 134
1894360 134
1894370 134
1894380 134
1894390 134
1894400 134
1894410 134
1894420 134
1894430 134
1894440 134
1894450 134
1894460 134
1894470 134
1894480 134
1894490 134
1894500 135
1894510 135
1894520 135
1894530 135
1894540 135
1894550 134
1894560 134
1894570 134
1894580 134
1894590 134
1894600 134
1894610 134
1894620 134
1894630 134
1894640 134
1894650 134
1894660 134
1894670 134
1894680 134
1894690 134
1894700 134
1894710 134
1894720 134
1894730 134
1894740 134
1894750 134
1894760 134
1894770 134
1894780 134
1894790 134
1894800 134
1894810 134
1894820 134
1894830 134
1894840 134
1894850 134
1894860 134
1894870 134
1894880 134
1894890 134
1894900 134
1894910 134
1894920 134
1894930 134
1894940 134
1894950 134
1894960 134
1894970 134
1894980 134
1894990 134
1895000 134
1895010 134
1895020 134
1895030 134
1895040 134
1895050 134
1895060 134
1895070 134
1895080 134
1895090 134
1895100 134
1895110 134
1895120 134
1895130 134
1895140 134
1895150 134
1895160 134
1895170 134
1895180 134
1895190 134
1895200 134
1895210 134
1895220 134
1895230 134
1895240 134
1895250 134
1895260 134
1895270 134
1895280 134
1895290 134
1895300 134
1895310 134
1895320 134
1895330 134
1895340 134
1895350 134
1895360 134
1895370 134
1895380 134
1895390 134
1895400 134
1895410 134
1895420 134
1895430 134
1895440 134
1895450 134
1895460 134
1895470 134
1895480 134
1895490 134
1895500 134
1895510 134
1895520 134
1895530 134
1895540 134
1895550 134
1895560 134
1895570 134
1895580 134
1895590 134
1895600 134
1895610 134
1895620 134
1895630 134
1895640 134
1895650 134
1895660 134
1895670 134
1895680 134
1895690 134
1895700 134
1895710 134
1895720 134
1895730 134
1895740 134
1895750 134
1895760 134
1895770 134
1895780 134
1895790 134
1895800 134
1895810 134
1895820 134
1895830 134
1895840 134
1895850 134
1895860 134
1895870 134
1895880 134
1895890 134
1895900 134
1895910 134
1895920 134
1895930 134
1895940 134
1895950 134
1895960 134
1895970 134
1895980 134
1895990 134
1896000 134
1896010 134
1896020 134
1896030 134
1896040 134
1896050 134
1896060 134
1896070 134
1896080 134
1896090 134
1896100 134
1896110 134
1896120 134
1896130 135
1896140 135
1896150 135
1896160 134
1896170 134
1896180 134
1896190 134
1896200 134
1896210 134
1896220 134
1896230 134
1896240 134
1896250 134
1896260 134
1896270 134
1896280 134
1896290 134
1896300 134
1896310 134
1896320 134
1896330 134
1896340 134
1896350 134
1896360 135
1896370 135
1896380 135
1896390 135
1896400 135
1896410 135
1896420 135
1896430 135
1896440 135
1896450 135
1896460 135
1896470 135
1896480 135
1896490 135
1896500 135
1896510 135
1896520 135
1896530 135
1896540 135
1896550 135
1896560 135
1896570 135
1896580 135
1896590 135
1896600 135
1896610 135
1896620 135
1896630 135
1896640 135
1896650 135
1896660 135
1896670 135
1896680 135
1896690 135
1896700 135
1896710 135
1896720 135
1896730 135
1896740 135
1896750 135
1896760 135
1896770 135
1896780 135
1896790 135
1896800 135
1896810 135
1896820 135
1896830 135
1896840 135
1896850 135
1896860 135
1896870 135
1896880 135
1896890 135
1896900 134
1896910 135
1896920 135
1896930 135
1896940 135
1896950 135
1896960 135
1896970 135
1896980 135
1896990 135
1897000 135
1897010 135
1897020 135
1897030 135
1897040 135
1897050 135
1897060 135
1897070 135
1897080 135
1897090 135
1897100 135
1897110 134
1897120 135
1897130 135
1897140 135
1897150 135
1897160 135
1897170 135
1897180 135
1897190 135
1897200 136
1897210 136
1897220 136
1897230 136
1897240 136
1897250 136
1897260 136
1897270 136
1897280 136
1897290 136
1897300 135
1897310 135
1897320 135
1897330 135
1897340 135
1897350 135
1897360 135
1897370 135
1897380 135
1897390 135
1897400 135
1897410 135
1897420 135
1897430 135
1897440 135
1897450 135
1897460 135
1897470 135
1897480 135
1897490 135
1897500 135
1897510 135
1897520 135
1897530 135
1897540 135
1897550 135
1897560 135
1897570 135
1897580 135
1897590 135
1897600 135
1897610 135
1897620 135
1897630 135
1897640 135
1897650 135
1897660 135
1897670 135
1897680 135
1897690 135
1897700 135
1897710 135
1897720 135
1897730 135
1897740 135
1897750 135
1897760 135
1897770 135
1897780 135
1897790 135
1897800 135
1897810 135
1897820 135
1897830 135
1897840 135
1897850 135
1897860 135
1897870 135
1897880 135
1897890 135
1897900 135
1897910 135
1897920 135
1897930 135
1897940 135
1897950 135
1897960 135
1897970 135
1897980 135
1897990 135
1898000 135
1898010 135
1898020 135
1898030 135
1898040 135
1898050 135
1898060 135
1898070 135
1898080 135
1898090 135
1898100 135
1898110 135
1898120 135
1898130 135
1898140 135
1898150 135
1898160 135
1898170 135
1898180 135
1898190 135
1898200 135
1898210 135
1898220 135
1898230 135
1898240 135
1898250 135
1898260 135
1898270 135
1898280 135
1898290 135
1898300 135
1898310 135
1898320 134
1898330 134
1898340 134
1898350 134
1898360 134
1898370 134
1898380 134
1898390 134
1898400 134
1898410 134
1898420 134
1898430 134
1898440 134
1898450 134
1898460 134
1898470 134
1898480 134
1898490 134
1898500 134
1898510 134
1898520 134
1898530 134
1898540 134
1898550 134
1898560 135
1898570 135
1898580 135
1898590 135
1898600 135
1898610 135
1898620 135
1898630 135
1898640 135
1898650 135
1898660 135
1898670 135
1898680 135
1898690 135
1898700 135
1898710 135
1898720 135
1898730 135
1898740 135
1898750 135
1898760 135
1898770 135
1898780 135
1898790 135
1898800 135
1898810 135
1898820 135
1898830 135
1898840 135
1898850 135
1898860 135
1898870 135
1898880 135
1898890 135
1898900 135
1898910 135
1898920 135
1898930 135
1898940 135
1898950 135
1898960 135
1898970 135
1898980 135
1898990 135
1899000 135
1899010 135
1899020 135
1899030 135
1899040 135
1899050 135
1899060 135
1899070 135
1899080 135
1899090 135
1899100 135
1899110 135
1899120 135
1899130 135
1899140 135
1899150 135
1899160 135
1899170 135
1899180 135
1899190 135
1899200 135
1899210 135
1899220 135
1899230 135
1899240 135
1899250 135
1899260 135
1899270 135
1899280 135
1899290 135
1899300 135
1899310 135
1899320 135
1899330 135
1899340 135
1899350 135
1899360 135
1899370 135
1899380 135
1899390 135
1899400 135
1899410 135
1899420 135
1899430 135
1899440 135
1899450 135
1899460 135
1899470 135
1899480 135
1899490 135
1899500 135
1899510 135
1899520 135
1899530 135
1899540 135
1899550 135
1899560 135
1899570 135
1899580 135
1899590 135
1899600 135
1899610 135
1899620 135
1899630 135
1899640 135
1899650 135
1899660 135
1899670 135
1899680 135
1899690 135
1899700 135
1899710 135
1899720 135
1899730 135
1899740 135
1899750 135
1899760 135
1899770 135
1899780 135
1899790 135
1899800 135
1899810 135
1899820 135
1899830 135
1899840 135
1899850 135
1899860 135
1899870 135
1899880 135
1899890 135
1899900 135
1899910 135
1899920 135
1899930 135
1899940 135
1899950 135
1899960 135
1899970 135
1899980 135
1899990 135
