1880000 166
1880010 166
1880020 166
1880030 166
1880040 166
1880050 166
1880060 166
1880070 166
1880080 166
1880090 166
1880100 166
1880110 166
1880120 166
1880130 166
1880140 166
1880150 166
1880160 166
1880170 166
1880180 166
1880190 166
1880200 166
1880210 166
1880220 166
1880230 166
1880240 166
1880250 166
1880260 166
1880270 166
1880280 166
1880290 166
1880300 166
1880310 166
1880320 166
1880330 166
1880340 166
1880350 166
1880360 167
1880370 167
1880380 167
1880390 167
1880400 167
1880410 167
1880420 167
1880430 167
1880440 167
1880450 166
1880460 166
1880470 166
1880480 166
1880490 166
1880500 166
1880510 167
1880520 167
1880530 167
1880540 167
1880550 167
1880560 167
1880570 167
1880580 167
1880590 167
1880600 167
1880610 167
1880620 167
1880630 167
1880640 167
1880650 167
1880660 167
1880670 167
1880680 167
1880690 168
1880700 168
1880710 168
1880720 168
1880730 168
1880740 168
1880750 168
1880760 168
1880770 168
1880780 168
1880790 168
1880800 168
1880810 168
1880820 168
1880830 168
1880840 168
1880850 168
1880860 168
1880870 169
1880880 169
1880890 169
1880900 169
1880910 169
1880920 169
1880930 169
1880940 169
1880950 169
1880960 169
1880970 169
1880980 169
1880990 170
1881000 170
1881010 170
1881020 170
1881030 170
1881040 170
1881050 170
1881060 170
1881070 170
1881080 171
1881090 171
1881100 171
1881110 171
1881120 171
1881130 171
1881140 171
1881150 171
1881160 171
1881170 171
1881180 171
1881190 171
1881200 171
1881210 171
1881220 171
1881230 171
1881240 171
1881250 171
1881260 171
1881270 171
1881280 171
1881290 171
1881300 171
1881310 171
1881320 171
1881330 171
1881340 171
1881350 171
1881360 171
1881370 171
1881380 172
1881390 172
1881400 172
1881410 172
1881420 172
1881430 172
1881440 172
1881450 172
1881460 173
1881470 173
1881480 173
1881490 173
1881500 173
1881510 174
1881520 174
1881530 174
1881540 174
1881550 175
1881560 175
1881570 175
1881580 175
1881590 175
1881600 175
1881610 175
1881620 175
1881630 176
1881640 176
1881650 176
1881660 177
1881670 177
1881680 177
1881690 178
1881700 178
1881710 178
1881720 179
1881730 179
1881740 179
1881750 179
1881760 179
1881770 179
1881780 179
1881790 179
1881800 179
1881810 180
1881820 180
1881830 180
1881840 180
1881850 180
1881860 180
1881870 180
1881880 180
1881890 180
1881900 180
1881910 179
1881920 179
1881930 179
1881940 179
1881950 179
1881960 179
1881970 179
1881980 179
1881990 179
1882000 179
1882010 179
1882020 179
1882030 179
1882040 179
1882050 180
1882060 180
1882070 180
1882080 181
1882090 181
1882100 181
1882110 181
1882120 182
1882130 182
1882140 182
1882150 182
1882160 182
1882170 182
1882180 182
1882190 182
1882200 182
1882210 182
1882220 182
1882230 182
1882240 182
1882250 182
1882260 182
1882270 181
1882280 181
1882290 182
1882300 182
1882310 182
1882320 182
1882330 182
1882340 182
1882350 182
1882360 182
1882370 182
1882380 182
1882390 182
1882400 182
1882410 182
1882420 182
1882430 182
1882440 182
1882450 182
1882460 182
1882470 182
1882480 182
1882490 182
1882500 182
1882510 182
1882520 182
1882530 182
1882540 182
1882550 182
1882560 182
1882570 182
1882580 182
1882590 182
1882600 182
1882610 182
1882620 182
1882630 182
1882640 182
1882650 182
1882660 183
1882670 183
1882680 183
1882690 183
1882700 183
1882710 183
1882720 183
1882730 183
1882740 183
1882750 183
1882760 183
1882770 183
1882780 183
1882790 183
1882800 183
1882810 183
1882820 183
1882830 183
1882840 183
1882850 183
1882860 183
1882870 183
1882880 183
1882890 183
1882900 183
1882910 183
1882920 183
1882930 183
1882940 183
1882950 183
1882960 182
1882970 182
1882980 182
1882990 182
1883000 182
1883010 182
1883020 182
1883030 182
1883040 182
1883050 182
1883060 182
1883070 182
1883080 182
1883090 182
1883100 182
1883110 182
1883120 182
1883130 182
1883140 182
1883150 182
1883160 182
1883170 182
1883180 182
1883190 182
1883200 182
1883210 182
1883220 182
1883230 182
1883240 182
1883250 182
1883260 182
1883270 182
1883280 182
1883290 182
1883300 182
1883310 182
1883320 182
1883330 182
1883340 182
1883350 182
1883360 182
1883370 182
1883380 182
1883390 182
1883400 182
1883410 182
1883420 182
1883430 182
1883440 182
1883450 182
1883460 182
1883470 182
1883480 182
1883490 182
1883500 182
1883510 182
1883520 182
1883530 182
1883540 182
1883550 182
1883560 182
1883570 182
1883580 182
1883590 182
1883600 182
1883610 182
1883620 182
1883630 182
1883640 182
1883650 182
1883660 182
1883670 182
1883680 182
1883690 181
1883700 181
1883710 181
1883720 181
1883730 181
1883740 181
1883750 181
1883760 181
1883770 181
1883780 181
1883790 181
1883800 181
1883810 181
1883820 181
1883830 181
1883840 181
1883850 181
1883860 181
1883870 181
1883880 181
1883890 181
1883900 181
1883910 181
1883920 181
1883930 180
1883940 180
1883950 180
1883960 180
1883970 180
1883980 180
1883990 180
1884000 180
1884010 180
1884020 180
1884030 180
1884040 180
1884050 180
1884060 180
1884070 180
1884080 180
1884090 180
1884100 180
1884110 180
1884120 180
1884130 180
1884140 179
1884150 179
1884160 180
1884170 180
1884180 180
1884190 179
1884200 180
1884210 180
1884220 179
1884230 179
1884240 179
1884250 179
1884260 179
1884270 179
1884280 179
1884290 179
1884300 179
1884310 179
1884320 178
1884330 178
1884340 178
1884350 178
1884360 178
1884370 178
1884380 178
1884390 178
1884400 177
1884410 177
1884420 177
1884430 177
1884440 177
1884450 177
1884460 177
1884470 177
1884480 177
1884490 177
1884500 177
1884510 177
1884520 177
1884530 177
1884540 177
1884550 177
1884560 177
1884570 177
1884580 177
1884590 177
1884600 177
1884610 177
1884620 176
1884630 176
1884640 176
1884650 176
1884660 176
1884670 176
1884680 176
1884690 176
1884700 176
1884710 176
1884720 176
1884730 176
1884740 176
1884750 176
1884760 176
1884770 176
1884780 176
1884790 176
1884800 176
1884810 176
1884820 176
1884830 176
1884840 176
1884850 176
1884860 176
1884870 176
1884880 176
1884890 176
1884900 176
1884910 176
1884920 176
1884930 176
1884940 176
1884950 176
1884960 176
1884970 176
1884980 176
1884990 176
1885000 176
1885010 176
1885020 176
1885030 176
1885040 176
1885050 175
1885060 175
1885070 175
1885080 175
1885090 175
1885100 175
1885110 175
1885120 175
1885130 175
1885140 175
1885150 175
1885160 175
1885170 174
1885180 174
1885190 174
1885200 174
1885210 174
1885220 174
1885230 173
1885240 173
1885250 173
1885260 173
1885270 173
1885280 173
1885290 173
1885300 173
1885310 172
1885320 172
1885330 172
1885340 172
1885350 172
1885360 172
1885370 172
1885380 172
1885390 172
1885400 172
1885410 171
1885420 171
1885430 171
1885440 171
1885450 171
1885460 171
1885470 171
1885480 171
1885490 171
1885500 171
1885510 171
1885520 171
1885530 171
1885540 171
1885550 171
1885560 171
1885570 171
1885580 171
1885590 172
1885600 172
1885610 172
1885620 172
1885630 172
1885640 172
1885650 172
1885660 172
1885670 172
1885680 171
1885690 171
1885700 171
1885710 171
1885720 171
1885730 171
1885740 171
1885750 171
1885760 171
1885770 171
1885780 171
1885790 171
1885800 171
1885810 171
1885820 171
1885830 170
1885840 170
1885850 170
1885860 170
1885870 170
1885880 170
1885890 169
1885900 169
1885910 169
1885920 168
1885930 168
1885940 168
1885950 168
1885960 168
1885970 168
1885980 168
1885990 168
1886000 168
1886010 168
1886020 168
1886030 168
1886040 168
1886050 168
1886060 168
1886070 168
1886080 168
1886090 168
1886100 168
1886110 168
1886120 168
1886130 167
1886140 167
1886150 167
1886160 167
1886170 166
1886180 166
1886190 166
1886200 165
1886210 165
1886220 165
1886230 164
1886240 164
1886250 163
1886260 163
1886270 163
1886280 162
1886290 162
1886300 162
1886310 162
1886320 161
1886330 161
1886340 161
1886350 160
1886360 160
1886370 160
1886380 160
1886390 160
1886400 160
1886410 160
1886420 160
1886430 160
1886440 160
1886450 160
1886460 159
1886470 159
1886480 159
1886490 159
1886500 159
1886510 159
1886520 159
1886530 159
1886540 159
1886550 159
1886560 158
1886570 158
1886580 158
1886590 158
1886600 157
1886610 157
1886620 156
1886630 156
1886640 157
1886650 157
1886660 157
1886670 156
1886680 156
1886690 156
1886700 155
1886710 155
1886720 155
1886730 155
1886740 155
1886750 155
1886760 155
1886770 155
1886780 155
1886790 155
1886800 154
1886810 154
1886820 154
1886830 154
1886840 154
1886850 153
1886860 153
1886870 153
1886880 153
1886890 153
1886900 153
1886910 152
1886920 152
1886930 152
1886940 152
1886950 151
1886960 151
1886970 151
1886980 151
1886990 151
1887000 151
1887010 150
1887020 150
1887030 150
1887040 150
1887050 150
1887060 150
1887070 150
1887080 150
1887090 150
1887100 150
1887110 150
1887120 148
1887130 148
1887140 148
1887150 147
1887160 146
1887170 146
1887180 146
1887190 145
1887200 145
1887210 144
1887220 145
1887230 145
1887240 144
1887250 144
1887260 144
1887270 144
1887280 143
1887290 143
1887300 143
1887310 143
1887320 143
1887330 143
1887340 142
1887350 142
1887360 143
1887370 143
1887380 143
1887390 143
1887400 143
1887410 143
1887420 143
1887430 143
1887440 143
1887450 143
1887460 143
1887470 143
1887480 143
1887490 143
1887500 142
1887510 142
1887520 142
1887530 142
1887540 142
1887550 142
1887560 142
1887570 142
1887580 142
1887590 142
1887600 142
1887610 142
1887620 142
1887630 142
1887640 142
1887650 142
1887660 142
1887670 142
1887680 142
1887690 142
1887700 142
1887710 142
1887720 142
1887730 142
1887740 141
1887750 141
1887760 141
1887770 141
1887780 141
1887790 141
1887800 142
1887810 142
1887820 142
1887830 142
1887840 142
1887850 142
1887860 142
1887870 142
1887880 142
1887890 142
1887900 142
1887910 142
1887920 142
1887930 142
1887940 142
1887950 142
1887960 142
1887970 142
1887980 142
1887990 142
1888000 142
1888010 143
1888020 143
1888030 143
1888040 143
1888050 143
1888060 143
1888070 143
1888080 143
1888090 143
1888100 143
1888110 143
1888120 143
1888130 143
1888140 143
1888150 143
1888160 143
1888170 143
1888180 143
1888190 143
1888200 143
1888210 144
1888220 144
1888230 144
1888240 144
1888250 144
1888260 144
1888270 145
1888280 145
1888290 145
1888300 145
1888310 145
1888320 145
1888330 145
1888340 146
1888350 146
1888360 146
1888370 146
1888380 146
1888390 146
1888400 146
1888410 146
1888420 146
1888430 146
1888440 146
1888450 146
1888460 146
1888470 146
1888480 146
1888490 146
1888500 146
1888510 146
1888520 146
1888530 147
1888540 147
1888550 147
1888560 147
1888570 147
1888580 147
1888590 147
1888600 146
1888610 146
1888620 146
1888630 146
1888640 147
1888650 147
1888660 147
1888670 147
1888680 147
1888690 147
1888700 147
1888710 147
1888720 147
1888730 147
1888740 147
1888750 148
1888760 148
1888770 148
1888780 148
1888790 148
1888800 148
1888810 148
1888820 148
1888830 148
1888840 148
1888850 149
1888860 149
1888870 149
1888880 149
1888890 149
1888900 149
1888910 149
1888920 149
1888930 149
1888940 149
1888950 149
1888960 149
1888970 149
1888980 149
1888990 149
1889000 149
1889010 149
1889020 149
1889030 149
1889040 149
1889050 149
1889060 149
1889070 149
1889080 149
1889090 149
1889100 149
1889110 149
1889120 149
1889130 149
1889140 149
1889150 149
1889160 149
1889170 149
1889180 149
1889190 150
1889200 150
1889210 150
1889220 150
1889230 150
1889240 150
1889250 150
1889260 150
1889270 150
1889280 150
1889290 150
1889300 150
1889310 150
1889320 150
1889330 150
1889340 150
1889350 150
1889360 150
1889370 151
1889380 151
1889390 151
1889400 151
1889410 151
1889420 151
1889430 151
1889440 151
1889450 151
1889460 151
1889470 151
1889480 151
1889490 151
1889500 151
1889510 152
1889520 151
1889530 151
1889540 151
1889550 151
1889560 151
1889570 151
1889580 151
1889590 151
1889600 151
1889610 151
1889620 151
1889630 151
1889640 151
1889650 151
1889660 151
1889670 151
1889680 151
1889690 151
1889700 151
1889710 151
1889720 151
1889730 151
1889740 151
1889750 151
1889760 151
1889770 151
1889780 151
1889790 151
1889800 151
1889810 151
1889820 151
1889830 151
1889840 151
1889850 151
1889860 151
1889870 151
1889880 151
1889890 151
1889900 151
1889910 151
1889920 151
1889930 151
1889940 151
1889950 151
1889960 151
1889970 151
1889980 151
1889990 150
1890000 151
1890010 151
1890020 150
1890030 150
1890040 150
1890050 150
1890060 150
1890070 150
1890080 150
1890090 150
1890100 150
1890110 150
1890120 150
1890130 150
1890140 150
1890150 149
1890160 149
1890170 149
1890180 149
1890190 149
1890200 149
1890210 149
1890220 149
1890230 149
1890240 149
1890250 149
1890260 149
1890270 149
1890280 149
1890290 149
1890300 149
1890310 149
1890320 149
1890330 149
1890340 149
1890350 149
1890360 149
1890370 149
1890380 149
1890390 149
1890400 149
1890410 149
1890420 149
1890430 149
1890440 149
1890450 149
1890460 149
1890470 149
1890480 149
1890490 149
1890500 149
1890510 149
1890520 149
1890530 149
1890540 148
1890550 148
1890560 148
1890570 148
1890580 148
1890590 148
1890600 148
1890610 148
1890620 148
1890630 148
1890640 148
1890650 148
1890660 148
1890670 148
1890680 148
1890690 148
1890700 148
1890710 148
1890720 148
1890730 148
1890740 148
1890750 148
1890760 148
1890770 148
1890780 148
1890790 148
1890800 148
1890810 148
1890820 148
1890830 148
1890840 148
1890850 148
1890860 148
1890870 147
1890880 147
1890890 147
1890900 147
1890910 147
1890920 147
1890930 146
1890940 146
1890950 146
1890960 146
1890970 146
1890980 146
1890990 146
1891000 146
1891010 146
1891020 146
1891030 146
1891040 146
1891050 146
1891060 146
1891070 146
1891080 146
1891090 146
1891100 146
1891110 146
1891120 146
1891130 146
1891140 146
1891150 145
1891160 145
1891170 145
1891180 145
1891190 145
1891200 145
1891210 144
1891220 144
1891230 144
1891240 144
1891250 144
1891260 144
1891270 144
1891280 144
1891290 144
1891300 144
1891310 144
1891320 143
1891330 143
1891340 143
1891350 143
1891360 143
1891370 143
1891380 142
1891390 142
1891400 142
1891410 142
1891420 142
1891430 142
1891440 141
1891450 141
1891460 141
1891470 141
1891480 140
1891490 140
1891500 140
1891510 140
1891520 140
1891530 139
1891540 139
1891550 139
1891560 139
1891570 138
1891580 138
1891590 137
1891600 139
1891610 139
1891620 140
1891630 140
1891640 140
1891650 140
1891660 138
1891670 138
1891680 137
1891690 138
1891700 138
1891710 137
1891720 137
1891730 137
1891740 136
1891750 136
1891760 136
1891770 136
1891780 136
1891790 136
1891800 136
1891810 136
1891820 136
1891830 136
1891840 136
1891850 136
1891860 136
1891870 136
1891880 136
1891890 136
1891900 136
1891910 136
1891920 136
1891930 136
1891940 136
1891950 136
1891960 136
1891970 136
1891980 136
1891990 136
1892000 136
1892010 136
1892020 136
1892030 136
1892040 136
1892050 136
1892060 136
1892070 136
1892080 136
1892090 136
1892100 136
1892110 136
1892120 136
1892130 136
1892140 136
1892150 136
1892160 136
1892170 136
1892180 136
1892190 136
1892200 136
1892210 136
1892220 136
1892230 135
1892240 135
1892250 135
1892260 135
1892270 135
1892280 135
1892290 135
1892300 135
1892310 135
1892320 135
1892330 135
1892340 135
1892350 135
1892360 135
1892370 135
1892380 135
1892390 135
1892400 135
1892410 135
1892420 135
1892430 135
1892440 135
1892450 135
1892460 135
1892470 135
1892480 135
1892490 135
1892500 135
1892510 135
1892520 135
1892530 135
1892540 135
1892550 135
1892560 135
1892570 135
1892580 135
1892590 135
1892600 135
1892610 135
1892620 135
1892630 135
1892640 135
1892650 135
1892660 135
1892670 135
1892680 135
1892690 135
1892700 135
1892710 135
1892720 135
1892730 135
1892740 135
1892750 135
1892760 135
1892770 135
1892780 135
1892790 135
1892800 135
1892810 135
1892820 135
1892830 135
1892840 135
1892850 135
1892860 135
1892870 135
1892880 135
1892890 135
1892900 135
1892910 135
1892920 135
1892930 135
1892940 135
1892950 135
1892960 135
1892970 135
1892980 135
1892990 135
1893000 135
1893010 135
1893020 135
1893030 135
1893040 135
1893050 135
1893060 135
1893070 135
1893080 135
1893090 135
1893100 135
1893110 135
1893120 135
1893130 135
1893140 134
1893150 134
1893160 134
1893170 134
1893180 134
1893190 134
1893200 134
1893210 134
1893220 135
1893230 135
1893240 135
1893250 135
1893260 134
1893270 134
1893280 134
1893290 134
1893300 134
1893310 134
1893320 135
1893330 135
1893340 135
1893350 135
1893360 135
1893370 135
1893380 135
1893390 135
1893400 134
1893410 134
1893420 134
1893430 135
1893440 135
1893450 135
1893460 134
1893470 135
1893480 135
1893490 135
1893500 135
1893510 135
1893520 135
1893530 135
1893540 134
1893550 134
1893560 134
1893570 134
1893580 134
1893590 134
1893600 134
1893610 134
1893620 134
1893630 134
1893640 134
1893650 134
1893660 134
1893670 134
1893680 134
1893690 134
1893700 134
1893710 134
1893720 134
1893730 134
1893740 134
1893750 134
1893760 134
1893770 134
1893780 134
1893790 134
1893800 134
1893810 134
1893820 134
1893830 134
1893840 134
1893850 134
1893860 134
1893870 134
1893880 134
1893890 134
1893900 134
1893910 134
1893920 134
1893930 134
1893940 134
1893950 134
1893960 134
1893970 134
1893980 134
1893990 134
1894000 134
1894010 134
1894020 134
1894030 134
1894040 134
1894050 134
1894060 134
1894070 134
1894080 134
1894090 134
1894100 134
1894110 134
1894120 134
1894130 134
1894140 134
1894150 134
1894160 134
1894170 134
1894180 134
1894190 134
1894200 134
1894210 134
1894220 134
1894230 134
1894240 134
1894250 134
1894260 134
1894270 134
1894280 134
1894290 134
1894300 134
1894310 134
1894320 134
1894330 134
1894340 134
1894350 134
1894360 134
1894370 134
1894380 134
1894390 134
1894400 134
1894410 134
1894420 134
1894430 134
1894440 134
1894450 134
1894460 134
1894470 134
1894480 134
1894490 134
1894500 134
1894510 134
1894520 134
1894530 134
1894540 134
1894550 134
1894560 134
1894570 134
1894580 134
1894590 134
1894600 134
1894610 134
1894620 134
1894630 134
1894640 134
1894650 134
1894660 134
1894670 134
1894680 134
1894690 134
1894700 134
1894710 134
1894720 134
1894730 134
1894740 134
1894750 134
1894760 134
1894770 134
1894780 134
1894790 134
1894800 134
1894810 134
1894820 134
1894830 134
1894840 134
1894850 134
1894860 134
1894870 134
1894880 134
1894890 134
1894900 134
1894910 134
1894920 134
1894930 134
1894940 134
1894950 134
1894960 134
1894970 134
1894980 134
1894990 134
1895000 134
1895010 134
1895020 134
1895030 134
1895040 135
1895050 135
1895060 135
1895070 135
1895080 135
1895090 135
1895100 134
1895110 134
1895120 134
1895130 134
1895140 134
1895150 134
1895160 134
1895170 134
1895180 134
1895190 134
1895200 134
1895210 134
1895220 134
1895230 134
1895240 134
1895250 134
1895260 134
1895270 134
1895280 134
1895290 134
1895300 134
1895310 134
1895320 134
1895330 134
1895340 134
1895350 134
1895360 134
1895370 134
1895380 134
1895390 134
1895400 134
1895410 134
1895420 134
1895430 134
1895440 134
1895450 134
1895460 134
1895470 134
1895480 134
1895490 134
1895500 134
1895510 134
1895520 134
1895530 134
1895540 134
1895550 134
1895560 134
1895570 134
1895580 134
1895590 135
1895600 135
1895610 135
1895620 136
1895630 136
1895640 135
1895650 135
1895660 135
1895670 135
1895680 135
1895690 135
1895700 135
1895710 135
1895720 135
1895730 134
1895740 134
1895750 134
1895760 134
1895770 134
1895780 134
1895790 134
1895800 134
1895810 134
1895820 134
1895830 134
1895840 134
1895850 134
1895860 134
1895870 134
1895880 135
1895890 135
1895900 135
1895910 135
1895920 135
1895930 135
1895940 135
1895950 135
1895960 135
1895970 135
1895980 134
1895990 134
1896000 135
1896010 135
1896020 135
1896030 135
1896040 134
1896050 134
1896060 134
1896070 134
1896080 134
1896090 134
1896100 134
1896110 134
1896120 134
1896130 134
1896140 134
1896150 134
1896160 134
1896170 134
1896180 135
1896190 135
1896200 135
1896210 135
1896220 135
1896230 135
1896240 135
1896250 135
1896260 135
1896270 134
1896280 135
1896290 135
1896300 135
1896310 135
1896320 135
1896330 135
1896340 135
1896350 135
1896360 135
1896370 135
1896380 135
1896390 135
1896400 135
1896410 135
1896420 135
1896430 135
1896440 135
1896450 135
1896460 135
1896470 135
1896480 135
1896490 135
1896500 135
1896510 135
1896520 135
1896530 135
1896540 135
1896550 135
1896560 135
1896570 135
1896580 135
1896590 134
1896600 134
1896610 134
1896620 135
1896630 135
1896640 135
1896650 135
1896660 135
1896670 135
1896680 135
1896690 135
1896700 135
1896710 135
1896720 135
1896730 135
1896740 135
1896750 135
1896760 135
1896770 135
1896780 135
1896790 135
1896800 135
1896810 135
1896820 135
1896830 135
1896840 135
1896850 135
1896860 135
1896870 135
1896880 134
1896890 134
1896900 134
1896910 134
1896920 134
1896930 134
1896940 134
1896950 134
1896960 134
1896970 135
1896980 136
1896990 136
1897000 136
1897010 136
1897020 136
1897030 136
1897040 136
1897050 136
1897060 135
1897070 135
1897080 135
1897090 135
1897100 135
1897110 135
1897120 135
1897130 135
1897140 135
1897150 135
1897160 135
1897170 135
1897180 135
1897190 135
1897200 135
1897210 135
1897220 135
1897230 135
1897240 134
1897250 135
1897260 135
1897270 135
1897280 135
1897290 135
1897300 135
1897310 135
1897320 135
1897330 135
1897340 135
1897350 135
1897360 135
1897370 135
1897380 135
1897390 135
1897400 135
1897410 135
1897420 135
1897430 135
1897440 135
1897450 135
1897460 135
1897470 135
1897480 135
1897490 135
1897500 135
1897510 135
1897520 135
1897530 135
1897540 135
1897550 135
1897560 135
1897570 135
1897580 135
1897590 135
1897600 135
1897610 135
1897620 135
1897630 135
1897640 135
1897650 135
1897660 135
1897670 135
1897680 135
1897690 135
1897700 135
1897710 135
1897720 135
1897730 135
1897740 135
1897750 135
1897760 135
1897770 135
1897780 135
1897790 135
1897800 135
1897810 135
1897820 135
1897830 135
1897840 135
1897850 135
1897860 135
1897870 135
1897880 135
1897890 135
1897900 135
1897910 135
1897920 135
1897930 135
1897940 135
1897950 135
1897960 135
1897970 135
1897980 135
1897990 135
1898000 135
1898010 135
1898020 135
1898030 135
1898040 135
1898050 135
1898060 135
1898070 135
1898080 135
1898090 135
1898100 135
1898110 135
1898120 135
1898130 135
1898140 135
1898150 135
1898160 135
1898170 135
1898180 135
1898190 135
1898200 135
1898210 135
1898220 135
1898230 135
1898240 135
1898250 135
1898260 135
1898270 135
1898280 135
1898290 135
1898300 134
1898310 134
1898320 134
1898330 135
1898340 135
1898350 135
1898360 135
1898370 135
1898380 135
1898390 135
1898400 135
1898410 135
1898420 135
1898430 136
1898440 136
1898450 136
1898460 136
1898470 136
1898480 136
1898490 136
1898500 136
1898510 136
1898520 136
1898530 136
1898540 136
1898550 136
1898560 136
1898570 136
1898580 136
1898590 136
1898600 135
1898610 135
1898620 135
1898630 135
1898640 136
1898650 136
1898660 136
1898670 135
1898680 135
1898690 136
1898700 136
1898710 136
1898720 136
1898730 136
1898740 136
1898750 136
1898760 136
1898770 136
1898780 136
1898790 136
1898800 136
1898810 136
1898820 136
1898830 136
1898840 136
1898850 136
1898860 136
1898870 136
1898880 136
1898890 136
1898900 136
1898910 136
1898920 136
1898930 136
1898940 136
1898950 136
1898960 136
1898970 135
1898980 135
1898990 135
1899000 135
1899010 135
1899020 136
1899030 136
1899040 136
1899050 136
1899060 136
1899070 136
1899080 136
1899090 136
1899100 136
1899110 136
1899120 136
1899130 136
1899140 136
1899150 136
1899160 136
1899170 136
1899180 136
1899190 136
1899200 136
1899210 136
1899220 136
1899230 135
1899240 135
1899250 135
1899260 136
1899270 136
1899280 136
1899290 136
1899300 136
1899310 136
1899320 135
1899330 136
1899340 136
1899350 135
1899360 135
1899370 135
1899380 135
1899390 135
1899400 135
1899410 135
1899420 135
1899430 135
1899440 135
1899450 135
1899460 135
1899470 135
1899480 135
1899490 135
1899500 135
1899510 135
1899520 135
1899530 135
1899540 135
1899550 135
1899560 135
1899570 135
1899580 135
1899590 135
1899600 135
1899610 135
1899620 135
1899630 135
1899640 135
1899650 135
1899660 135
1899670 135
1899680 135
1899690 135
1899700 135
1899710 135
1899720 135
1899730 135
1899740 135
1899750 135
1899760 135
1899770 135
1899780 135
1899790 135
1899800 135
1899810 135
1899820 135
1899830 135
1899840 135
1899850 135
1899860 135
1899870 135
1899880 135
1899890 135
1899900 135
1899910 135
1899920 135
1899930 135
1899940 135
1899950 135
1899960 135
1899970 135
1899980 135
1899990 135
