1880000 162
1880010 162
1880020 162
1880030 162
1880040 162
1880050 162
1880060 163
1880070 163
1880080 163
1880090 163
1880100 163
1880110 164
1880120 164
1880130 164
1880140 164
1880150 164
1880160 164
1880170 164
1880180 164
1880190 164
1880200 164
1880210 164
1880220 164
1880230 164
1880240 164
1880250 164
1880260 164
1880270 164
1880280 164
1880290 164
1880300 163
1880310 163
1880320 163
1880330 163
1880340 163
1880350 163
1880360 163
1880370 163
1880380 162
1880390 162
1880400 162
1880410 162
1880420 162
1880430 162
1880440 162
1880450 162
1880460 162
1880470 162
1880480 162
1880490 162
1880500 162
1880510 162
1880520 162
1880530 162
1880540 163
1880550 163
1880560 163
1880570 163
1880580 163
1880590 163
1880600 163
1880610 163
1880620 163
1880630 163
1880640 163
1880650 163
1880660 164
1880670 164
1880680 164
1880690 164
1880700 164
1880710 164
1880720 164
1880730 164
1880740 164
1880750 164
1880760 164
1880770 165
1880780 165
1880790 165
1880800 165
1880810 165
1880820 165
1880830 165
1880840 165
1880850 165
1880860 165
1880870 165
1880880 165
1880890 165
1880900 165
1880910 165
1880920 165
1880930 165
1880940 165
1880950 165
1880960 165
1880970 165
1880980 165
1880990 165
1881000 165
1881010 165
1881020 165
1881030 165
1881040 165
1881050 165
1881060 165
1881070 165
1881080 165
1881090 165
1881100 165
1881110 165
1881120 165
1881130 165
1881140 166
1881150 166
1881160 166
1881170 166
1881180 166
1881190 166
1881200 166
1881210 166
1881220 166
1881230 166
1881240 166
1881250 166
1881260 167
1881270 167
1881280 167
1881290 167
1881300 167
1881310 167
1881320 167
1881330 167
1881340 167
1881350 167
1881360 167
1881370 168
1881380 168
1881390 168
1881400 168
1881410 168
1881420 168
1881430 168
1881440 168
1881450 168
1881460 169
1881470 169
1881480 169
1881490 169
1881500 169
1881510 169
1881520 169
1881530 169
1881540 170
1881550 170
1881560 170
1881570 170
1881580 170
1881590 170
1881600 170
1881610 170
1881620 170
1881630 171
1881640 171
1881650 171
1881660 171
1881670 171
1881680 171
1881690 171
1881700 171
1881710 172
1881720 172
1881730 172
1881740 172
1881750 172
1881760 172
1881770 172
1881780 173
1881790 173
1881800 173
1881810 173
1881820 173
1881830 173
1881840 173
1881850 173
1881860 173
1881870 173
1881880 173
1881890 173
1881900 173
1881910 173
1881920 173
1881930 173
1881940 173
1881950 172
1881960 172
1881970 172
1881980 172
1881990 171
1882000 171
1882010 171
1882020 171
1882030 171
1882040 171
1882050 171
1882060 171
1882070 171
1882080 172
1882090 172
1882100 172
1882110 173
1882120 173
1882130 173
1882140 173
1882150 173
1882160 174
1882170 174
1882180 174
1882190 175
1882200 175
1882210 175
1882220 176
1882230 177
1882240 177
1882250 177
1882260 178
1882270 178
1882280 178
1882290 179
1882300 179
1882310 179
1882320 179
1882330 179
1882340 180
1882350 180
1882360 180
1882370 180
1882380 180
1882390 180
1882400 181
1882410 181
1882420 181
1882430 181
1882440 181
1882450 181
1882460 181
1882470 181
1882480 181
1882490 181
1882500 181
1882510 181
1882520 181
1882530 181
1882540 181
1882550 182
1882560 182
1882570 182
1882580 182
1882590 182
1882600 182
1882610 182
1882620 182
1882630 182
1882640 182
1882650 182
1882660 182
1882670 182
1882680 182
1882690 182
1882700 182
1882710 182
1882720 182
1882730 182
1882740 182
1882750 182
1882760 182
1882770 182
1882780 182
1882790 182
1882800 182
1882810 182
1882820 182
1882830 182
1882840 182
1882850 182
1882860 182
1882870 182
1882880 182
1882890 182
1882900 182
1882910 182
1882920 182
1882930 182
1882940 182
1882950 182
1882960 182
1882970 182
1882980 182
1882990 181
1883000 181
1883010 182
1883020 182
1883030 182
1883040 182
1883050 182
1883060 182
1883070 182
1883080 182
1883090 182
1883100 181
1883110 181
1883120 181
1883130 181
1883140 181
1883150 181
1883160 181
1883170 181
1883180 181
1883190 181
1883200 181
1883210 181
1883220 181
1883230 181
1883240 181
1883250 181
1883260 181
1883270 181
1883280 180
1883290 180
1883300 180
1883310 180
1883320 180
1883330 180
1883340 180
1883350 180
1883360 180
1883370 180
1883380 180
1883390 180
1883400 180
1883410 180
1883420 180
1883430 180
1883440 180
1883450 180
1883460 180
1883470 180
1883480 180
1883490 179
1883500 179
1883510 179
1883520 178
1883530 178
1883540 178
1883550 177
1883560 176
1883570 176
1883580 175
1883590 174
1883600 174
1883610 172
1883620 171
1883630 171
1883640 170
1883650 169
1883660 169
1883670 169
1883680 168
1883690 168
1883700 169
1883710 169
1883720 169
1883730 169
1883740 170
1883750 170
1883760 171
1883770 171
1883780 171
1883790 172
1883800 172
1883810 172
1883820 173
1883830 174
1883840 174
1883850 175
1883860 176
1883870 176
1883880 176
1883890 176
1883900 176
1883910 176
1883920 176
1883930 176
1883940 176
1883950 176
1883960 176
1883970 176
1883980 176
1883990 176
1884000 176
1884010 176
1884020 176
1884030 176
1884040 176
1884050 176
1884060 175
1884070 175
1884080 175
1884090 175
1884100 175
1884110 175
1884120 175
1884130 175
1884140 175
1884150 175
1884160 175
1884170 175
1884180 175
1884190 175
1884200 175
1884210 174
1884220 174
1884230 174
1884240 173
1884250 173
1884260 173
1884270 172
1884280 171
1884290 171
1884300 169
1884310 168
1884320 168
1884330 167
1884340 165
1884350 165
1884360 164
1884370 162
1884380 162
1884390 161
1884400 161
1884410 161
1884420 158
1884430 160
1884440 160
1884450 162
1884460 163
1884470 163
1884480 164
1884490 166
1884500 166
1884510 168
1884520 168
1884530 168
1884540 168
1884550 168
1884560 167
1884570 167
1884580 166
1884590 166
1884600 166
1884610 166
1884620 166
1884630 166
1884640 166
1884650 167
1884660 167
1884670 168
1884680 169
1884690 169
1884700 171
1884710 172
1884720 172
1884730 173
1884740 173
1884750 173
1884760 173
1884770 173
1884780 173
1884790 173
1884800 173
1884810 173
1884820 173
1884830 173
1884840 173
1884850 173
1884860 173
1884870 173
1884880 172
1884890 172
1884900 172
1884910 173
1884920 173
1884930 173
1884940 173
1884950 173
1884960 173
1884970 172
1884980 172
1884990 172
1885000 172
1885010 172
1885020 172
1885030 172
1885040 172
1885050 172
1885060 172
1885070 172
1885080 172
1885090 172
1885100 172
1885110 172
1885120 172
1885130 171
1885140 171
1885150 171
1885160 171
1885170 171
1885180 171
1885190 171
1885200 171
1885210 171
1885220 171
1885230 171
1885240 171
1885250 171
1885260 171
1885270 171
1885280 171
1885290 171
1885300 171
1885310 171
1885320 171
1885330 171
1885340 171
1885350 171
1885360 171
1885370 171
1885380 171
1885390 170
1885400 170
1885410 170
1885420 170
1885430 171
1885440 171
1885450 172
1885460 172
1885470 172
1885480 172
1885490 172
1885500 172
1885510 172
1885520 172
1885530 171
1885540 170
1885550 169
1885560 169
1885570 169
1885580 167
1885590 167
1885600 166
1885610 166
1885620 166
1885630 165
1885640 164
1885650 164
1885660 164
1885670 165
1885680 165
1885690 165
1885700 165
1885710 165
1885720 165
1885730 164
1885740 164
1885750 163
1885760 162
1885770 162
1885780 161
1885790 160
1885800 160
1885810 159
1885820 158
1885830 158
1885840 158
1885850 155
1885860 155
1885870 154
1885880 153
1885890 153
1885900 152
1885910 152
1885920 152
1885930 152
1885940 150
1885950 150
1885960 149
1885970 149
1885980 149
1885990 149
1886000 148
1886010 148
1886020 147
1886030 147
1886040 148
1886050 148
1886060 147
1886070 146
1886080 146
1886090 146
1886100 146
1886110 146
1886120 145
1886130 145
1886140 145
1886150 145
1886160 145
1886170 145
1886180 145
1886190 144
1886200 144
1886210 143
1886220 143
1886230 143
1886240 143
1886250 143
1886260 143
1886270 142
1886280 142
1886290 142
1886300 142
1886310 142
1886320 142
1886330 142
1886340 142
1886350 142
1886360 142
1886370 142
1886380 142
1886390 142
1886400 142
1886410 142
1886420 142
1886430 143
1886440 143
1886450 143
1886460 142
1886470 142
1886480 142
1886490 142
1886500 142
1886510 142
1886520 142
1886530 142
1886540 142
1886550 142
1886560 142
1886570 142
1886580 142
1886590 142
1886600 142
1886610 142
1886620 142
1886630 142
1886640 142
1886650 142
1886660 142
1886670 142
1886680 142
1886690 142
1886700 143
1886710 143
1886720 143
1886730 143
1886740 143
1886750 142
1886760 142
1886770 142
1886780 142
1886790 142
1886800 142
1886810 142
1886820 142
1886830 142
1886840 142
1886850 142
1886860 142
1886870 142
1886880 142
1886890 142
1886900 142
1886910 142
1886920 142
1886930 142
1886940 142
1886950 142
1886960 142
1886970 141
1886980 141
1886990 141
1887000 141
1887010 141
1887020 141
1887030 142
1887040 142
1887050 142
1887060 142
1887070 142
1887080 142
1887090 142
1887100 142
1887110 143
1887120 143
1887130 144
1887140 144
1887150 145
1887160 145
1887170 146
1887180 147
1887190 147
1887200 147
1887210 148
1887220 148
1887230 148
1887240 148
1887250 148
1887260 148
1887270 148
1887280 148
1887290 148
1887300 148
1887310 148
1887320 148
1887330 149
1887340 149
1887350 149
1887360 149
1887370 149
1887380 149
1887390 149
1887400 149
1887410 149
1887420 151
1887430 151
1887440 151
1887450 151
1887460 151
1887470 151
1887480 151
1887490 151
1887500 151
1887510 151
1887520 151
1887530 151
1887540 151
1887550 151
1887560 151
1887570 151
1887580 151
1887590 151
1887600 151
1887610 151
1887620 151
1887630 152
1887640 152
1887650 152
1887660 152
1887670 152
1887680 152
1887690 152
1887700 152
1887710 152
1887720 153
1887730 153
1887740 153
1887750 153
1887760 153
1887770 153
1887780 153
1887790 153
1887800 153
1887810 153
1887820 153
1887830 153
1887840 153
1887850 153
1887860 153
1887870 153
1887880 153
1887890 153
1887900 153
1887910 153
1887920 153
1887930 153
1887940 153
1887950 153
1887960 153
1887970 153
1887980 153
1887990 153
1888000 153
1888010 153
1888020 153
1888030 153
1888040 153
1888050 153
1888060 153
1888070 153
1888080 152
1888090 153
1888100 153
1888110 153
1888120 153
1888130 153
1888140 153
1888150 153
1888160 153
1888170 152
1888180 152
1888190 152
1888200 152
1888210 152
1888220 152
1888230 152
1888240 152
1888250 152
1888260 152
1888270 152
1888280 152
1888290 152
1888300 152
1888310 152
1888320 152
1888330 152
1888340 152
1888350 152
1888360 152
1888370 152
1888380 152
1888390 152
1888400 152
1888410 152
1888420 152
1888430 152
1888440 152
1888450 152
1888460 152
1888470 152
1888480 152
1888490 152
1888500 152
1888510 152
1888520 152
1888530 152
1888540 153
1888550 153
1888560 153
1888570 153
1888580 153
1888590 153
1888600 153
1888610 153
1888620 153
1888630 153
1888640 153
1888650 153
1888660 153
1888670 153
1888680 153
1888690 153
1888700 153
1888710 153
1888720 153
1888730 153
1888740 153
1888750 153
1888760 153
1888770 153
1888780 153
1888790 153
1888800 153
1888810 153
1888820 153
1888830 152
1888840 152
1888850 152
1888860 153
1888870 153
1888880 153
1888890 153
1888900 153
1888910 153
1888920 153
1888930 152
1888940 152
1888950 152
1888960 152
1888970 152
1888980 152
1888990 152
1889000 152
1889010 152
1889020 152
1889030 152
1889040 152
1889050 152
1889060 152
1889070 152
1889080 152
1889090 152
1889100 152
1889110 152
1889120 152
1889130 152
1889140 152
1889150 152
1889160 152
1889170 152
1889180 152
1889190 152
1889200 152
1889210 152
1889220 152
1889230 152
1889240 152
1889250 152
1889260 152
1889270 152
1889280 152
1889290 152
1889300 151
1889310 151
1889320 151
1889330 151
1889340 151
1889350 151
1889360 151
1889370 151
1889380 151
1889390 151
1889400 151
1889410 151
1889420 151
1889430 151
1889440 151
1889450 151
1889460 151
1889470 151
1889480 151
1889490 151
1889500 151
1889510 151
1889520 151
1889530 150
1889540 150
1889550 150
1889560 150
1889570 150
1889580 150
1889590 150
1889600 150
1889610 150
1889620 150
1889630 150
1889640 150
1889650 150
1889660 150
1889670 150
1889680 150
1889690 150
1889700 150
1889710 150
1889720 150
1889730 150
1889740 150
1889750 150
1889760 150
1889770 150
1889780 150
1889790 150
1889800 150
1889810 150
1889820 150
1889830 150
1889840 150
1889850 150
1889860 150
1889870 150
1889880 150
1889890 150
1889900 150
1889910 150
1889920 150
1889930 150
1889940 150
1889950 150
1889960 150
1889970 150
1889980 150
1889990 150
1890000 150
1890010 149
1890020 149
1890030 149
1890040 149
1890050 149
1890060 149
1890070 149
1890080 149
1890090 149
1890100 149
1890110 149
1890120 149
1890130 149
1890140 149
1890150 149
1890160 149
1890170 149
1890180 149
1890190 149
1890200 149
1890210 149
1890220 149
1890230 149
1890240 149
1890250 149
1890260 149
1890270 149
1890280 149
1890290 149
1890300 149
1890310 149
1890320 149
1890330 149
1890340 149
1890350 149
1890360 149
1890370 149
1890380 149
1890390 149
1890400 149
1890410 149
1890420 149
1890430 149
1890440 149
1890450 149
1890460 149
1890470 149
1890480 149
1890490 149
1890500 149
1890510 149
1890520 149
1890530 149
1890540 149
1890550 149
1890560 149
1890570 149
1890580 149
1890590 149
1890600 149
1890610 149
1890620 149
1890630 149
1890640 149
1890650 149
1890660 149
1890670 149
1890680 149
1890690 149
1890700 149
1890710 149
1890720 148
1890730 148
1890740 149
1890750 149
1890760 149
1890770 149
1890780 149
1890790 149
1890800 148
1890810 148
1890820 148
1890830 148
1890840 148
1890850 148
1890860 148
1890870 148
1890880 148
1890890 148
1890900 149
1890910 149
1890920 149
1890930 148
1890940 148
1890950 148
1890960 148
1890970 148
1890980 148
1890990 148
1891000 148
1891010 148
1891020 148
1891030 148
1891040 148
1891050 148
1891060 148
1891070 148
1891080 148
1891090 148
1891100 148
1891110 148
1891120 148
1891130 148
1891140 148
1891150 148
1891160 148
1891170 148
1891180 148
1891190 148
1891200 147
1891210 147
1891220 147
1891230 147
1891240 147
1891250 147
1891260 146
1891270 146
1891280 146
1891290 145
1891300 145
1891310 145
1891320 145
1891330 145
1891340 146
1891350 146
1891360 146
1891370 146
1891380 145
1891390 145
1891400 145
1891410 145
1891420 145
1891430 144
1891440 144
1891450 144
1891460 144
1891470 143
1891480 143
1891490 143
1891500 142
1891510 142
1891520 142
1891530 141
1891540 141
1891550 141
1891560 141
1891570 141
1891580 140
1891590 140
1891600 140
1891610 140
1891620 140
1891630 140
1891640 139
1891650 139
1891660 139
1891670 139
1891680 139
1891690 139
1891700 138
1891710 139
1891720 139
1891730 141
1891740 141
1891750 141
1891760 141
1891770 139
1891780 139
1891790 138
1891800 138
1891810 138
1891820 138
1891830 138
1891840 138
1891850 137
1891860 137
1891870 137
1891880 137
1891890 137
1891900 137
1891910 137
1891920 137
1891930 137
1891940 137
1891950 137
1891960 137
1891970 137
1891980 137
1891990 137
1892000 137
1892010 137
1892020 137
1892030 137
1892040 137
1892050 137
1892060 137
1892070 137
1892080 137
1892090 137
1892100 137
1892110 137
1892120 137
1892130 137
1892140 137
1892150 137
1892160 137
1892170 137
1892180 137
1892190 137
1892200 137
1892210 137
1892220 137
1892230 137
1892240 137
1892250 137
1892260 137
1892270 137
1892280 137
1892290 137
1892300 137
1892310 137
1892320 137
1892330 137
1892340 137
1892350 137
1892360 137
1892370 137
1892380 137
1892390 137
1892400 137
1892410 137
1892420 137
1892430 137
1892440 137
1892450 137
1892460 137
1892470 137
1892480 137
1892490 137
1892500 137
1892510 137
1892520 136
1892530 136
1892540 136
1892550 136
1892560 136
1892570 136
1892580 136
1892590 136
1892600 136
1892610 136
1892620 136
1892630 136
1892640 136
1892650 136
1892660 136
1892670 136
1892680 136
1892690 136
1892700 136
1892710 136
1892720 136
1892730 135
1892740 135
1892750 135
1892760 135
1892770 135
1892780 135
1892790 135
1892800 135
1892810 135
1892820 135
1892830 135
1892840 135
1892850 135
1892860 135
1892870 135
1892880 135
1892890 135
1892900 135
1892910 135
1892920 135
1892930 135
1892940 135
1892950 135
1892960 135
1892970 135
1892980 135
1892990 135
1893000 135
1893010 135
1893020 135
1893030 135
1893040 135
1893050 135
1893060 135
1893070 135
1893080 135
1893090 135
1893100 135
1893110 135
1893120 135
1893130 135
1893140 135
1893150 135
1893160 135
1893170 135
1893180 135
1893190 135
1893200 135
1893210 135
1893220 135
1893230 135
1893240 135
1893250 135
1893260 135
1893270 135
1893280 135
1893290 135
1893300 135
1893310 135
1893320 135
1893330 135
1893340 135
1893350 135
1893360 135
1893370 134
1893380 134
1893390 134
1893400 134
1893410 134
1893420 134
1893430 134
1893440 134
1893450 134
1893460 134
1893470 134
1893480 134
1893490 134
1893500 134
1893510 134
1893520 134
1893530 134
1893540 134
1893550 134
1893560 134
1893570 134
1893580 134
1893590 134
1893600 134
1893610 134
1893620 134
1893630 134
1893640 134
1893650 134
1893660 135
1893670 135
1893680 135
1893690 135
1893700 134
1893710 134
1893720 134
1893730 135
1893740 135
1893750 135
1893760 135
1893770 135
1893780 135
1893790 135
1893800 134
1893810 134
1893820 134
1893830 135
1893840 135
1893850 134
1893860 135
1893870 135
1893880 134
1893890 134
1893900 134
1893910 134
1893920 134
1893930 134
1893940 134
1893950 135
1893960 135
1893970 134
1893980 134
1893990 134
1894000 135
1894010 135
1894020 135
1894030 135
1894040 135
1894050 135
1894060 135
1894070 135
1894080 135
1894090 135
1894100 135
1894110 135
1894120 134
1894130 134
1894140 134
1894150 134
1894160 134
1894170 134
1894180 134
1894190 134
1894200 134
1894210 134
1894220 134
1894230 134
1894240 134
1894250 134
1894260 134
1894270 134
1894280 134
1894290 134
1894300 134
1894310 134
1894320 134
1894330 134
1894340 134
1894350 134
1894360 134
1894370 134
1894380 134
1894390 134
1894400 134
1894410 134
1894420 134
1894430 134
1894440 134
1894450 134
1894460 135
1894470 135
1894480 135
1894490 135
1894500 135
1894510 135
1894520 135
1894530 135
1894540 134
1894550 135
1894560 135
1894570 135
1894580 135
1894590 135
1894600 135
1894610 135
1894620 135
1894630 134
1894640 134
1894650 134
1894660 134
1894670 134
1894680 134
1894690 134
1894700 134
1894710 134
1894720 134
1894730 134
1894740 134
1894750 134
1894760 134
1894770 134
1894780 134
1894790 134
1894800 134
1894810 134
1894820 134
1894830 134
1894840 134
1894850 134
1894860 134
1894870 134
1894880 134
1894890 134
1894900 134
1894910 134
1894920 134
1894930 134
1894940 134
1894950 134
1894960 134
1894970 134
1894980 134
1894990 134
1895000 134
1895010 134
1895020 134
1895030 134
1895040 134
1895050 134
1895060 134
1895070 134
1895080 134
1895090 134
1895100 134
1895110 134
1895120 134
1895130 134
1895140 134
1895150 134
1895160 134
1895170 134
1895180 134
1895190 134
1895200 134
1895210 134
1895220 134
1895230 134
1895240 134
1895250 134
1895260 134
1895270 134
1895280 134
1895290 134
1895300 134
1895310 134
1895320 134
1895330 134
1895340 135
1895350 135
1895360 135
1895370 135
1895380 135
1895390 135
1895400 135
1895410 135
1895420 135
1895430 135
1895440 135
1895450 135
1895460 135
1895470 135
1895480 135
1895490 135
1895500 135
1895510 135
1895520 135
1895530 135
1895540 135
1895550 135
1895560 135
1895570 135
1895580 135
1895590 135
1895600 135
1895610 135
1895620 135
1895630 135
1895640 135
1895650 135
1895660 135
1895670 135
1895680 135
1895690 135
1895700 135
1895710 135
1895720 135
1895730 135
1895740 135
1895750 134
1895760 134
1895770 134
1895780 134
1895790 134
1895800 134
1895810 134
1895820 134
1895830 134
1895840 134
1895850 134
1895860 134
1895870 134
1895880 134
1895890 134
1895900 134
1895910 134
1895920 134
1895930 134
1895940 134
1895950 134
1895960 134
1895970 134
1895980 134
1895990 134
1896000 134
1896010 134
1896020 134
1896030 134
1896040 134
1896050 134
1896060 135
1896070 135
1896080 135
1896090 135
1896100 135
1896110 135
1896120 135
1896130 135
1896140 135
1896150 135
1896160 135
1896170 135
1896180 135
1896190 135
1896200 135
1896210 135
1896220 135
1896230 135
1896240 135
1896250 135
1896260 135
1896270 135
1896280 135
1896290 135
1896300 135
1896310 135
1896320 135
1896330 135
1896340 135
1896350 135
1896360 135
1896370 135
1896380 135
1896390 135
1896400 135
1896410 135
1896420 135
1896430 135
1896440 135
1896450 135
1896460 135
1896470 135
1896480 135
1896490 135
1896500 135
1896510 135
1896520 135
1896530 135
1896540 135
1896550 135
1896560 135
1896570 135
1896580 135
1896590 135
1896600 135
1896610 135
1896620 135
1896630 134
1896640 134
1896650 135
1896660 135
1896670 135
1896680 134
1896690 134
1896700 134
1896710 134
1896720 134
1896730 134
1896740 134
1896750 134
1896760 134
1896770 134
1896780 135
1896790 135
1896800 135
1896810 135
1896820 135
1896830 135
1896840 135
1896850 135
1896860 135
1896870 135
1896880 135
1896890 135
1896900 135
1896910 135
1896920 135
1896930 135
1896940 135
1896950 135
1896960 135
1896970 135
1896980 135
1896990 135
1897000 135
1897010 135
1897020 135
1897030 135
1897040 135
1897050 135
1897060 135
1897070 135
1897080 135
1897090 135
1897100 135
1897110 135
1897120 135
1897130 135
1897140 135
1897150 135
1897160 135
1897170 135
1897180 135
1897190 135
1897200 135
1897210 135
1897220 135
1897230 135
1897240 135
1897250 135
1897260 135
1897270 135
1897280 135
1897290 135
1897300 135
1897310 135
1897320 135
1897330 135
1897340 135
1897350 135
1897360 135
1897370 135
1897380 135
1897390 135
1897400 135
1897410 135
1897420 136
1897430 136
1897440 135
1897450 135
1897460 135
1897470 135
1897480 135
1897490 135
1897500 135
1897510 135
1897520 135
1897530 135
1897540 135
1897550 135
1897560 135
1897570 135
1897580 135
1897590 135
1897600 135
1897610 135
1897620 135
1897630 135
1897640 135
1897650 135
1897660 135
1897670 135
1897680 135
1897690 135
1897700 135
1897710 135
1897720 135
1897730 135
1897740 135
1897750 135
1897760 135
1897770 135
1897780 135
1897790 135
1897800 135
1897810 135
1897820 135
1897830 135
1897840 135
1897850 135
1897860 135
1897870 135
1897880 135
1897890 135
1897900 135
1897910 135
1897920 135
1897930 135
1897940 135
1897950 135
1897960 135
1897970 135
1897980 135
1897990 135
1898000 135
1898010 135
1898020 135
1898030 135
1898040 135
1898050 135
1898060 135
1898070 135
1898080 135
1898090 135
1898100 135
1898110 135
1898120 135
1898130 135
1898140 135
1898150 135
1898160 135
1898170 135
1898180 135
1898190 135
1898200 135
1898210 135
1898220 135
1898230 135
1898240 135
1898250 135
1898260 135
1898270 135
1898280 135
1898290 136
1898300 136
1898310 136
1898320 136
1898330 136
1898340 135
1898350 135
1898360 135
1898370 135
1898380 135
1898390 135
1898400 135
1898410 135
1898420 135
1898430 135
1898440 135
1898450 135
1898460 135
1898470 135
1898480 135
1898490 135
1898500 135
1898510 135
1898520 135
1898530 135
1898540 135
1898550 135
1898560 135
1898570 135
1898580 135
1898590 135
1898600 135
1898610 135
1898620 134
1898630 134
1898640 134
1898650 134
1898660 134
1898670 134
1898680 134
1898690 135
1898700 135
1898710 135
1898720 135
1898730 135
1898740 134
1898750 134
1898760 134
1898770 134
1898780 135
1898790 135
1898800 135
1898810 135
1898820 135
1898830 135
1898840 135
1898850 135
1898860 135
1898870 135
1898880 135
1898890 135
1898900 135
1898910 135
1898920 135
1898930 135
1898940 135
1898950 135
1898960 135
1898970 135
1898980 135
1898990 135
1899000 135
1899010 135
1899020 135
1899030 135
1899040 136
1899050 136
1899060 136
1899070 136
1899080 137
1899090 137
1899100 137
1899110 137
1899120 137
1899130 137
1899140 137
1899150 137
1899160 137
1899170 137
1899180 137
1899190 137
1899200 137
1899210 137
1899220 137
1899230 136
1899240 136
1899250 136
1899260 136
1899270 136
1899280 136
1899290 136
1899300 136
1899310 136
1899320 136
1899330 136
1899340 136
1899350 136
1899360 136
1899370 136
1899380 136
1899390 136
1899400 136
1899410 136
1899420 136
1899430 136
1899440 136
1899450 136
1899460 136
1899470 136
1899480 136
1899490 136
1899500 136
1899510 136
1899520 136
1899530 136
1899540 136
1899550 136
1899560 136
1899570 136
1899580 136
1899590 136
1899600 136
1899610 136
1899620 136
1899630 136
1899640 136
1899650 136
1899660 136
1899670 136
1899680 136
1899690 136
1899700 136
1899710 136
1899720 136
1899730 136
1899740 136
1899750 136
1899760 136
1899770 136
1899780 136
1899790 136
1899800 136
1899810 136
1899820 136
1899830 136
1899840 136
1899850 136
1899860 136
1899870 136
1899880 136
1899890 136
1899900 136
1899910 136
1899920 136
1899930 136
1899940 136
1899950 136
1899960 136
1899970 136
1899980 136
1899990 135
