1880000 165
1880010 165
1880020 165
1880030 165
1880040 166
1880050 166
1880060 166
1880070 166
1880080 166
1880090 166
1880100 166
1880110 166
1880120 166
1880130 165
1880140 165
1880150 165
1880160 165
1880170 165
1880180 165
1880190 165
1880200 165
1880210 165
1880220 164
1880230 164
1880240 164
1880250 164
1880260 164
1880270 164
1880280 164
1880290 164
1880300 164
1880310 164
1880320 164
1880330 164
1880340 164
1880350 164
1880360 164
1880370 164
1880380 164
1880390 164
1880400 164
1880410 164
1880420 164
1880430 164
1880440 164
1880450 164
1880460 164
1880470 164
1880480 164
1880490 164
1880500 164
1880510 164
1880520 164
1880530 164
1880540 164
1880550 164
1880560 164
1880570 164
1880580 164
1880590 164
1880600 164
1880610 165
1880620 165
1880630 165
1880640 165
1880650 165
1880660 165
1880670 165
1880680 165
1880690 165
1880700 165
1880710 165
1880720 165
1880730 165
1880740 165
1880750 165
1880760 165
1880770 165
1880780 165
1880790 165
1880800 165
1880810 165
1880820 165
1880830 165
1880840 165
1880850 165
1880860 166
1880870 166
1880880 166
1880890 166
1880900 166
1880910 166
1880920 166
1880930 167
1880940 167
1880950 167
1880960 167
1880970 167
1880980 167
1880990 167
1881000 167
1881010 167
1881020 167
1881030 167
1881040 168
1881050 168
1881060 168
1881070 168
1881080 168
1881090 168
1881100 167
1881110 167
1881120 167
1881130 167
1881140 167
1881150 167
1881160 168
1881170 168
1881180 168
1881190 168
1881200 168
1881210 168
1881220 168
1881230 168
1881240 168
1881250 168
1881260 168
1881270 168
1881280 168
1881290 169
1881300 169
1881310 169
1881320 169
1881330 169
1881340 169
1881350 169
1881360 169
1881370 169
1881380 170
1881390 170
1881400 170
1881410 170
1881420 170
1881430 170
1881440 170
1881450 170
1881460 170
1881470 170
1881480 170
1881490 170
1881500 170
1881510 170
1881520 171
1881530 171
1881540 171
1881550 171
1881560 171
1881570 171
1881580 171
1881590 171
1881600 171
1881610 172
1881620 172
1881630 172
1881640 172
1881650 173
1881660 173
1881670 173
1881680 173
1881690 173
1881700 173
1881710 174
1881720 174
1881730 174
1881740 174
1881750 174
1881760 174
1881770 174
1881780 174
1881790 174
1881800 174
1881810 174
1881820 175
1881830 174
1881840 174
1881850 175
1881860 175
1881870 175
1881880 175
1881890 175
1881900 175
1881910 175
1881920 175
1881930 175
1881940 175
1881950 176
1881960 176
1881970 176
1881980 176
1881990 176
1882000 176
1882010 177
1882020 177
1882030 177
1882040 178
1882050 178
1882060 178
1882070 178
1882080 178
1882090 178
1882100 179
1882110 179
1882120 179
1882130 179
1882140 179
1882150 179
1882160 179
1882170 179
1882180 178
1882190 178
1882200 178
1882210 179
1882220 179
1882230 179
1882240 179
1882250 179
1882260 179
1882270 179
1882280 179
1882290 179
1882300 179
1882310 179
1882320 179
1882330 179
1882340 179
1882350 179
1882360 179
1882370 179
1882380 179
1882390 179
1882400 180
1882410 180
1882420 180
1882430 180
1882440 181
1882450 181
1882460 181
1882470 181
1882480 181
1882490 181
1882500 181
1882510 181
1882520 181
1882530 182
1882540 182
1882550 182
1882560 182
1882570 182
1882580 182
1882590 182
1882600 182
1882610 182
1882620 182
1882630 182
1882640 182
1882650 182
1882660 182
1882670 182
1882680 182
1882690 182
1882700 182
1882710 182
1882720 182
1882730 182
1882740 182
1882750 182
1882760 182
1882770 182
1882780 182
1882790 183
1882800 182
1882810 182
1882820 182
1882830 182
1882840 182
1882850 182
1882860 182
1882870 182
1882880 182
1882890 182
1882900 182
1882910 182
1882920 182
1882930 182
1882940 182
1882950 182
1882960 182
1882970 182
1882980 182
1882990 182
1883000 182
1883010 182
1883020 182
1883030 182
1883040 182
1883050 182
1883060 182
1883070 182
1883080 182
1883090 182
1883100 182
1883110 182
1883120 182
1883130 182
1883140 182
1883150 182
1883160 182
1883170 182
1883180 182
1883190 182
1883200 182
1883210 181
1883220 181
1883230 181
1883240 182
1883250 181
1883260 181
1883270 181
1883280 181
1883290 181
1883300 181
1883310 182
1883320 182
1883330 182
1883340 181
1883350 181
1883360 182
1883370 181
1883380 181
1883390 182
1883400 182
1883410 182
1883420 181
1883430 182
1883440 182
1883450 182
1883460 182
1883470 182
1883480 182
1883490 182
1883500 182
1883510 182
1883520 182
1883530 182
1883540 182
1883550 182
1883560 182
1883570 182
1883580 182
1883590 182
1883600 182
1883610 181
1883620 181
1883630 181
1883640 181
1883650 181
1883660 181
1883670 181
1883680 181
1883690 181
1883700 181
1883710 181
1883720 180
1883730 180
1883740 180
1883750 180
1883760 180
1883770 180
1883780 180
1883790 180
1883800 180
1883810 180
1883820 180
1883830 180
1883840 180
1883850 180
1883860 180
1883870 180
1883880 180
1883890 180
1883900 180
1883910 180
1883920 180
1883930 180
1883940 180
1883950 180
1883960 180
1883970 180
1883980 180
1883990 180
1884000 179
1884010 179
1884020 179
1884030 179
1884040 179
1884050 179
1884060 179
1884070 179
1884080 179
1884090 179
1884100 179
1884110 179
1884120 179
1884130 178
1884140 178
1884150 178
1884160 177
1884170 177
1884180 176
1884190 176
1884200 176
1884210 175
1884220 175
1884230 175
1884240 175
1884250 175
1884260 175
1884270 174
1884280 175
1884290 175
1884300 175
1884310 175
1884320 175
1884330 175
1884340 174
1884350 174
1884360 175
1884370 175
1884380 175
1884390 176
1884400 176
1884410 176
1884420 176
1884430 176
1884440 176
1884450 176
1884460 177
1884470 177
1884480 177
1884490 177
1884500 177
1884510 176
1884520 176
1884530 176
1884540 176
1884550 176
1884560 176
1884570 176
1884580 176
1884590 176
1884600 176
1884610 176
1884620 176
1884630 176
1884640 176
1884650 176
1884660 176
1884670 176
1884680 176
1884690 176
1884700 176
1884710 176
1884720 176
1884730 176
1884740 176
1884750 176
1884760 176
1884770 176
1884780 176
1884790 176
1884800 176
1884810 176
1884820 176
1884830 176
1884840 176
1884850 176
1884860 176
1884870 176
1884880 176
1884890 176
1884900 176
1884910 176
1884920 176
1884930 175
1884940 175
1884950 175
1884960 175
1884970 175
1884980 175
1884990 174
1885000 174
1885010 174
1885020 174
1885030 174
1885040 174
1885050 174
1885060 173
1885070 173
1885080 173
1885090 173
1885100 173
1885110 173
1885120 173
1885130 173
1885140 173
1885150 173
1885160 173
1885170 173
1885180 173
1885190 173
1885200 173
1885210 173
1885220 173
1885230 173
1885240 173
1885250 173
1885260 173
1885270 173
1885280 173
1885290 173
1885300 173
1885310 173
1885320 173
1885330 173
1885340 173
1885350 173
1885360 173
1885370 173
1885380 173
1885390 174
1885400 174
1885410 174
1885420 174
1885430 174
1885440 174
1885450 174
1885460 174
1885470 174
1885480 174
1885490 174
1885500 174
1885510 174
1885520 174
1885530 174
1885540 173
1885550 173
1885560 173
1885570 173
1885580 173
1885590 173
1885600 173
1885610 173
1885620 173
1885630 173
1885640 173
1885650 173
1885660 173
1885670 173
1885680 173
1885690 172
1885700 172
1885710 172
1885720 172
1885730 172
1885740 172
1885750 172
1885760 172
1885770 172
1885780 172
1885790 172
1885800 172
1885810 172
1885820 172
1885830 172
1885840 172
1885850 171
1885860 171
1885870 171
1885880 171
1885890 171
1885900 171
1885910 171
1885920 171
1885930 171
1885940 171
1885950 171
1885960 171
1885970 170
1885980 170
1885990 170
1886000 169
1886010 169
1886020 169
1886030 168
1886040 168
1886050 168
1886060 167
1886070 167
1886080 167
1886090 166
1886100 166
1886110 165
1886120 163
1886130 163
1886140 162
1886150 161
1886160 161
1886170 161
1886180 161
1886190 161
1886200 161
1886210 161
1886220 161
1886230 161
1886240 159
1886250 159
1886260 157
1886270 156
1886280 156
1886290 155
1886300 155
1886310 155
1886320 155
1886330 155
1886340 155
1886350 154
1886360 154
1886370 154
1886380 154
1886390 154
1886400 154
1886410 154
1886420 154
1886430 154
1886440 154
1886450 154
1886460 154
1886470 154
1886480 154
1886490 154
1886500 153
1886510 153
1886520 153
1886530 153
1886540 152
1886550 152
1886560 152
1886570 152
1886580 152
1886590 152
1886600 152
1886610 152
1886620 152
1886630 152
1886640 152
1886650 151
1886660 151
1886670 151
1886680 151
1886690 151
1886700 151
1886710 151
1886720 151
1886730 151
1886740 150
1886750 150
1886760 150
1886770 151
1886780 151
1886790 151
1886800 151
1886810 151
1886820 151
1886830 150
1886840 150
1886850 150
1886860 149
1886870 149
1886880 149
1886890 149
1886900 149
1886910 149
1886920 147
1886930 147
1886940 147
1886950 147
1886960 146
1886970 145
1886980 145
1886990 145
1887000 144
1887010 144
1887020 144
1887030 143
1887040 143
1887050 143
1887060 143
1887070 143
1887080 143
1887090 142
1887100 142
1887110 142
1887120 142
1887130 142
1887140 142
1887150 142
1887160 142
1887170 142
1887180 142
1887190 142
1887200 141
1887210 141
1887220 141
1887230 141
1887240 141
1887250 141
1887260 141
1887270 141
1887280 141
1887290 141
1887300 141
1887310 141
1887320 141
1887330 141
1887340 141
1887350 142
1887360 142
1887370 142
1887380 142
1887390 142
1887400 142
1887410 142
1887420 142
1887430 142
1887440 142
1887450 141
1887460 141
1887470 142
1887480 142
1887490 142
1887500 142
1887510 142
1887520 142
1887530 142
1887540 141
1887550 141
1887560 142
1887570 143
1887580 143
1887590 144
1887600 144
1887610 144
1887620 144
1887630 144
1887640 144
1887650 144
1887660 144
1887670 144
1887680 144
1887690 144
1887700 144
1887710 144
1887720 144
1887730 144
1887740 144
1887750 144
1887760 144
1887770 144
1887780 144
1887790 144
1887800 144
1887810 145
1887820 145
1887830 145
1887840 145
1887850 145
1887860 145
1887870 145
1887880 146
1887890 146
1887900 146
1887910 146
1887920 146
1887930 146
1887940 146
1887950 146
1887960 146
1887970 146
1887980 146
1887990 146
1888000 146
1888010 147
1888020 147
1888030 147
1888040 147
1888050 147
1888060 147
1888070 147
1888080 147
1888090 147
1888100 147
1888110 148
1888120 148
1888130 148
1888140 148
1888150 148
1888160 148
1888170 148
1888180 148
1888190 149
1888200 149
1888210 149
1888220 149
1888230 150
1888240 150
1888250 150
1888260 150
1888270 150
1888280 150
1888290 150
1888300 150
1888310 150
1888320 150
1888330 150
1888340 150
1888350 150
1888360 150
1888370 150
1888380 150
1888390 150
1888400 150
1888410 150
1888420 150
1888430 150
1888440 150
1888450 150
1888460 150
1888470 150
1888480 150
1888490 150
1888500 150
1888510 149
1888520 150
1888530 150
1888540 150
1888550 150
1888560 150
1888570 150
1888580 150
1888590 150
1888600 150
1888610 150
1888620 150
1888630 150
1888640 150
1888650 150
1888660 150
1888670 150
1888680 151
1888690 150
1888700 150
1888710 150
1888720 150
1888730 150
1888740 150
1888750 150
1888760 150
1888770 150
1888780 150
1888790 150
1888800 150
1888810 150
1888820 150
1888830 150
1888840 150
1888850 150
1888860 150
1888870 150
1888880 150
1888890 150
1888900 150
1888910 150
1888920 150
1888930 150
1888940 150
1888950 150
1888960 151
1888970 151
1888980 150
1888990 150
1889000 150
1889010 150
1889020 151
1889030 151
1889040 151
1889050 151
1889060 151
1889070 151
1889080 151
1889090 151
1889100 151
1889110 151
1889120 151
1889130 151
1889140 151
1889150 151
1889160 152
1889170 152
1889180 152
1889190 152
1889200 152
1889210 152
1889220 152
1889230 152
1889240 152
1889250 152
1889260 152
1889270 152
1889280 152
1889290 152
1889300 152
1889310 151
1889320 152
1889330 152
1889340 152
1889350 151
1889360 151
1889370 151
1889380 151
1889390 151
1889400 151
1889410 151
1889420 151
1889430 151
1889440 151
1889450 151
1889460 151
1889470 151
1889480 151
1889490 151
1889500 151
1889510 151
1889520 151
1889530 151
1889540 151
1889550 151
1889560 151
1889570 151
1889580 151
1889590 151
1889600 151
1889610 151
1889620 151
1889630 151
1889640 151
1889650 151
1889660 151
1889670 151
1889680 151
1889690 151
1889700 151
1889710 151
1889720 151
1889730 151
1889740 151
1889750 151
1889760 151
1889770 150
1889780 150
1889790 150
1889800 150
1889810 150
1889820 150
1889830 150
1889840 150
1889850 150
1889860 150
1889870 150
1889880 150
1889890 150
1889900 150
1889910 150
1889920 150
1889930 150
1889940 150
1889950 150
1889960 150
1889970 150
1889980 150
1889990 150
1890000 150
1890010 150
1890020 149
1890030 149
1890040 149
1890050 150
1890060 150
1890070 149
1890080 149
1890090 149
1890100 149
1890110 149
1890120 149
1890130 149
1890140 149
1890150 149
1890160 149
1890170 149
1890180 149
1890190 149
1890200 149
1890210 149
1890220 149
1890230 149
1890240 149
1890250 149
1890260 149
1890270 149
1890280 149
1890290 149
1890300 149
1890310 149
1890320 149
1890330 149
1890340 149
1890350 149
1890360 149
1890370 149
1890380 149
1890390 149
1890400 149
1890410 149
1890420 149
1890430 149
1890440 149
1890450 149
1890460 149
1890470 149
1890480 149
1890490 149
1890500 149
1890510 149
1890520 149
1890530 149
1890540 149
1890550 149
1890560 149
1890570 149
1890580 149
1890590 149
1890600 149
1890610 149
1890620 149
1890630 149
1890640 149
1890650 149
1890660 149
1890670 149
1890680 148
1890690 148
1890700 149
1890710 148
1890720 148
1890730 148
1890740 148
1890750 148
1890760 148
1890770 148
1890780 148
1890790 148
1890800 148
1890810 148
1890820 148
1890830 148
1890840 148
1890850 148
1890860 148
1890870 148
1890880 148
1890890 149
1890900 149
1890910 149
1890920 149
1890930 149
1890940 149
1890950 149
1890960 149
1890970 149
1890980 149
1890990 149
1891000 148
1891010 148
1891020 148
1891030 148
1891040 148
1891050 148
1891060 148
1891070 148
1891080 148
1891090 148
1891100 148
1891110 148
1891120 148
1891130 147
1891140 147
1891150 147
1891160 147
1891170 147
1891180 147
1891190 148
1891200 148
1891210 148
1891220 148
1891230 148
1891240 148
1891250 148
1891260 148
1891270 147
1891280 147
1891290 147
1891300 147
1891310 147
1891320 147
1891330 147
1891340 146
1891350 146
1891360 146
1891370 145
1891380 145
1891390 145
1891400 144
1891410 144
1891420 144
1891430 143
1891440 143
1891450 143
1891460 142
1891470 142
1891480 142
1891490 141
1891500 141
1891510 141
1891520 140
1891530 140
1891540 140
1891550 140
1891560 139
1891570 139
1891580 139
1891590 139
1891600 139
1891610 139
1891620 138
1891630 138
1891640 138
1891650 140
1891660 140
1891670 140
1891680 140
1891690 140
1891700 138
1891710 138
1891720 138
1891730 138
1891740 138
1891750 138
1891760 137
1891770 137
1891780 137
1891790 137
1891800 137
1891810 137
1891820 137
1891830 137
1891840 137
1891850 137
1891860 136
1891870 136
1891880 136
1891890 136
1891900 136
1891910 136
1891920 136
1891930 136
1891940 136
1891950 136
1891960 136
1891970 136
1891980 136
1891990 136
1892000 136
1892010 136
1892020 136
1892030 136
1892040 136
1892050 136
1892060 136
1892070 136
1892080 136
1892090 136
1892100 136
1892110 136
1892120 136
1892130 136
1892140 136
1892150 136
1892160 136
1892170 136
1892180 136
1892190 136
1892200 136
1892210 136
1892220 136
1892230 136
1892240 136
1892250 136
1892260 136
1892270 136
1892280 136
1892290 136
1892300 136
1892310 136
1892320 136
1892330 136
1892340 136
1892350 136
1892360 136
1892370 136
1892380 136
1892390 136
1892400 136
1892410 136
1892420 136
1892430 136
1892440 136
1892450 136
1892460 136
1892470 136
1892480 136
1892490 136
1892500 136
1892510 136
1892520 136
1892530 136
1892540 136
1892550 136
1892560 136
1892570 136
1892580 135
1892590 135
1892600 135
1892610 135
1892620 135
1892630 135
1892640 135
1892650 135
1892660 136
1892670 136
1892680 136
1892690 136
1892700 136
1892710 136
1892720 136
1892730 136
1892740 136
1892750 136
1892760 136
1892770 136
1892780 136
1892790 136
1892800 136
1892810 136
1892820 136
1892830 136
1892840 136
1892850 136
1892860 136
1892870 136
1892880 135
1892890 135
1892900 135
1892910 135
1892920 135
1892930 135
1892940 135
1892950 135
1892960 135
1892970 135
1892980 135
1892990 135
1893000 135
1893010 135
1893020 135
1893030 135
1893040 135
1893050 135
1893060 135
1893070 135
1893080 135
1893090 135
1893100 135
1893110 135
1893120 135
1893130 135
1893140 135
1893150 135
1893160 135
1893170 135
1893180 135
1893190 135
1893200 135
1893210 135
1893220 135
1893230 135
1893240 135
1893250 135
1893260 135
1893270 135
1893280 135
1893290 135
1893300 135
1893310 135
1893320 135
1893330 135
1893340 135
1893350 135
1893360 134
1893370 134
1893380 134
1893390 134
1893400 134
1893410 134
1893420 134
1893430 134
1893440 134
1893450 134
1893460 134
1893470 134
1893480 134
1893490 134
1893500 134
1893510 134
1893520 134
1893530 134
1893540 134
1893550 134
1893560 134
1893570 134
1893580 134
1893590 134
1893600 134
1893610 134
1893620 134
1893630 134
1893640 134
1893650 134
1893660 134
1893670 134
1893680 134
1893690 134
1893700 134
1893710 134
1893720 134
1893730 135
1893740 135
1893750 135
1893760 135
1893770 135
1893780 135
1893790 135
1893800 135
1893810 135
1893820 135
1893830 135
1893840 135
1893850 134
1893860 134
1893870 134
1893880 134
1893890 134
1893900 134
1893910 134
1893920 134
1893930 134
1893940 134
1893950 134
1893960 134
1893970 135
1893980 135
1893990 135
1894000 135
1894010 135
1894020 134
1894030 134
1894040 134
1894050 135
1894060 135
1894070 135
1894080 135
1894090 135
1894100 135
1894110 135
1894120 135
1894130 135
1894140 135
1894150 135
1894160 135
1894170 135
1894180 135
1894190 135
1894200 135
1894210 135
1894220 135
1894230 134
1894240 134
1894250 134
1894260 134
1894270 134
1894280 134
1894290 134
1894300 134
1894310 134
1894320 134
1894330 134
1894340 134
1894350 134
1894360 134
1894370 134
1894380 134
1894390 134
1894400 134
1894410 134
1894420 134
1894430 134
1894440 134
1894450 134
1894460 134
1894470 134
1894480 134
1894490 134
1894500 134
1894510 134
1894520 134
1894530 134
1894540 134
1894550 134
1894560 134
1894570 134
1894580 134
1894590 134
1894600 134
1894610 134
1894620 134
1894630 134
1894640 134
1894650 134
1894660 134
1894670 134
1894680 134
1894690 134
1894700 134
1894710 134
1894720 134
1894730 134
1894740 134
1894750 134
1894760 134
1894770 134
1894780 134
1894790 134
1894800 134
1894810 134
1894820 134
1894830 134
1894840 134
1894850 134
1894860 134
1894870 134
1894880 134
1894890 134
1894900 134
1894910 134
1894920 134
1894930 134
1894940 134
1894950 134
1894960 135
1894970 135
1894980 135
1894990 135
1895000 135
1895010 135
1895020 135
1895030 135
1895040 135
1895050 135
1895060 135
1895070 135
1895080 135
1895090 135
1895100 135
1895110 135
1895120 135
1895130 135
1895140 135
1895150 135
1895160 135
1895170 135
1895180 134
1895190 134
1895200 134
1895210 134
1895220 134
1895230 134
1895240 134
1895250 134
1895260 134
1895270 134
1895280 134
1895290 134
1895300 134
1895310 134
1895320 134
1895330 134
1895340 134
1895350 134
1895360 134
1895370 134
1895380 134
1895390 134
1895400 134
1895410 134
1895420 134
1895430 134
1895440 134
1895450 134
1895460 134
1895470 134
1895480 134
1895490 134
1895500 134
1895510 134
1895520 134
1895530 134
1895540 135
1895550 135
1895560 135
1895570 135
1895580 135
1895590 135
1895600 135
1895610 135
1895620 135
1895630 135
1895640 135
1895650 135
1895660 134
1895670 134
1895680 134
1895690 134
1895700 134
1895710 135
1895720 135
1895730 135
1895740 135
1895750 135
1895760 135
1895770 135
1895780 135
1895790 135
1895800 135
1895810 135
1895820 135
1895830 135
1895840 135
1895850 135
1895860 135
1895870 134
1895880 134
1895890 134
1895900 134
1895910 134
1895920 134
1895930 134
1895940 134
1895950 134
1895960 134
1895970 134
1895980 134
1895990 134
1896000 134
1896010 134
1896020 134
1896030 134
1896040 134
1896050 134
1896060 134
1896070 135
1896080 135
1896090 136
1896100 136
1896110 136
1896120 135
1896130 135
1896140 135
1896150 135
1896160 135
1896170 135
1896180 135
1896190 135
1896200 134
1896210 134
1896220 134
1896230 135
1896240 135
1896250 135
1896260 135
1896270 134
1896280 134
1896290 135
1896300 135
1896310 135
1896320 135
1896330 135
1896340 135
1896350 135
1896360 135
1896370 135
1896380 135
1896390 135
1896400 135
1896410 135
1896420 135
1896430 135
1896440 134
1896450 134
1896460 134
1896470 134
1896480 134
1896490 134
1896500 135
1896510 135
1896520 135
1896530 135
1896540 135
1896550 135
1896560 135
1896570 135
1896580 135
1896590 135
1896600 135
1896610 135
1896620 135
1896630 135
1896640 135
1896650 135
1896660 135
1896670 135
1896680 135
1896690 135
1896700 135
1896710 135
1896720 135
1896730 135
1896740 135
1896750 135
1896760 135
1896770 135
1896780 135
1896790 135
1896800 134
1896810 134
1896820 134
1896830 135
1896840 135
1896850 135
1896860 136
1896870 136
1896880 136
1896890 136
1896900 135
1896910 135
1896920 135
1896930 135
1896940 135
1896950 135
1896960 135
1896970 135
1896980 135
1896990 135
1897000 135
1897010 135
1897020 135
1897030 135
1897040 135
1897050 135
1897060 135
1897070 135
1897080 135
1897090 135
1897100 135
1897110 135
1897120 135
1897130 135
1897140 135
1897150 135
1897160 135
1897170 135
1897180 135
1897190 135
1897200 135
1897210 135
1897220 135
1897230 135
1897240 135
1897250 135
1897260 135
1897270 135
1897280 135
1897290 134
1897300 134
1897310 135
1897320 134
1897330 134
1897340 135
1897350 135
1897360 135
1897370 135
1897380 135
1897390 135
1897400 135
1897410 135
1897420 135
1897430 135
1897440 135
1897450 135
1897460 135
1897470 135
1897480 135
1897490 135
1897500 135
1897510 135
1897520 135
1897530 135
1897540 135
1897550 135
1897560 135
1897570 135
1897580 135
1897590 135
1897600 135
1897610 135
1897620 135
1897630 135
1897640 135
1897650 135
1897660 135
1897670 135
1897680 135
1897690 135
1897700 135
1897710 135
1897720 135
1897730 135
1897740 135
1897750 135
1897760 135
1897770 135
1897780 135
1897790 135
1897800 135
1897810 135
1897820 135
1897830 135
1897840 135
1897850 135
1897860 135
1897870 135
1897880 135
1897890 135
1897900 135
1897910 135
1897920 135
1897930 135
1897940 135
1897950 135
1897960 135
1897970 135
1897980 135
1897990 135
1898000 135
1898010 135
1898020 135
1898030 135
1898040 135
1898050 135
1898060 135
1898070 135
1898080 135
1898090 135
1898100 135
1898110 135
1898120 135
1898130 135
1898140 135
1898150 135
1898160 135
1898170 135
1898180 135
1898190 135
1898200 135
1898210 135
1898220 135
1898230 135
1898240 135
1898250 135
1898260 135
1898270 135
1898280 135
1898290 135
1898300 135
1898310 135
1898320 135
1898330 135
1898340 135
1898350 135
1898360 135
1898370 136
1898380 136
1898390 136
1898400 136
1898410 136
1898420 136
1898430 136
1898440 136
1898450 136
1898460 136
1898470 136
1898480 136
1898490 136
1898500 136
1898510 136
1898520 136
1898530 136
1898540 136
1898550 136
1898560 136
1898570 136
1898580 136
1898590 136
1898600 136
1898610 136
1898620 136
1898630 136
1898640 136
1898650 136
1898660 136
1898670 136
1898680 136
1898690 136
1898700 136
1898710 136
1898720 136
1898730 136
1898740 136
1898750 136
1898760 136
1898770 136
1898780 136
1898790 136
1898800 136
1898810 136
1898820 136
1898830 136
1898840 136
1898850 136
1898860 136
1898870 136
1898880 136
1898890 136
1898900 136
1898910 136
1898920 136
1898930 136
1898940 136
1898950 136
1898960 136
1898970 136
1898980 136
1898990 136
1899000 136
1899010 136
1899020 136
1899030 136
1899040 136
1899050 136
1899060 136
1899070 136
1899080 136
1899090 136
1899100 136
1899110 136
1899120 136
1899130 136
1899140 136
1899150 136
1899160 136
1899170 136
1899180 136
1899190 136
1899200 136
1899210 136
1899220 136
1899230 136
1899240 136
1899250 136
1899260 136
1899270 136
1899280 136
1899290 136
1899300 136
1899310 136
1899320 136
1899330 136
1899340 136
1899350 135
1899360 135
1899370 135
1899380 135
1899390 135
1899400 135
1899410 135
1899420 135
1899430 135
1899440 135
1899450 135
1899460 136
1899470 135
1899480 135
1899490 135
1899500 135
1899510 135
1899520 135
1899530 135
1899540 135
1899550 135
1899560 135
1899570 135
1899580 135
1899590 135
1899600 135
1899610 136
1899620 136
1899630 136
1899640 136
1899650 136
1899660 136
1899670 136
1899680 136
1899690 136
1899700 136
1899710 136
1899720 136
1899730 136
1899740 136
1899750 136
1899760 136
1899770 136
1899780 136
1899790 136
1899800 136
1899810 136
1899820 136
1899830 136
1899840 136
1899850 136
1899860 136
1899870 136
1899880 136
1899890 136
1899900 136
1899910 136
1899920 136
1899930 136
1899940 136
1899950 136
1899960 136
1899970 136
1899980 136
1899990 136
