1880000 155
1880010 155
1880020 155
1880030 155
1880040 155
1880050 155
1880060 156
1880070 156
1880080 156
1880090 156
1880100 156
1880110 156
1880120 156
1880130 156
1880140 156
1880150 156
1880160 157
1880170 157
1880180 157
1880190 157
1880200 157
1880210 157
1880220 157
1880230 157
1880240 158
1880250 158
1880260 158
1880270 158
1880280 158
1880290 158
1880300 158
1880310 158
1880320 158
1880330 158
1880340 158
1880350 158
1880360 159
1880370 158
1880380 158
1880390 159
1880400 159
1880410 159
1880420 159
1880430 159
1880440 159
1880450 159
1880460 159
1880470 159
1880480 159
1880490 160
1880500 160
1880510 160
1880520 160
1880530 160
1880540 160
1880550 160
1880560 160
1880570 160
1880580 160
1880590 160
1880600 161
1880610 161
1880620 161
1880630 161
1880640 162
1880650 162
1880660 162
1880670 162
1880680 162
1880690 162
1880700 162
1880710 162
1880720 163
1880730 163
1880740 163
1880750 163
1880760 163
1880770 163
1880780 164
1880790 164
1880800 164
1880810 164
1880820 165
1880830 165
1880840 165
1880850 165
1880860 165
1880870 166
1880880 166
1880890 166
1880900 166
1880910 167
1880920 167
1880930 167
1880940 167
1880950 167
1880960 167
1880970 167
1880980 167
1880990 167
1881000 167
1881010 167
1881020 167
1881030 167
1881040 167
1881050 167
1881060 167
1881070 167
1881080 168
1881090 167
1881100 167
1881110 168
1881120 167
1881130 167
1881140 167
1881150 167
1881160 167
1881170 167
1881180 168
1881190 168
1881200 168
1881210 168
1881220 168
1881230 168
1881240 168
1881250 168
1881260 168
1881270 167
1881280 167
1881290 167
1881300 167
1881310 167
1881320 167
1881330 167
1881340 167
1881350 167
1881360 166
1881370 166
1881380 166
1881390 166
1881400 166
1881410 166
1881420 165
1881430 165
1881440 165
1881450 165
1881460 165
1881470 165
1881480 165
1881490 164
1881500 164
1881510 164
1881520 164
1881530 164
1881540 164
1881550 164
1881560 164
1881570 164
1881580 163
1881590 163
1881600 163
1881610 163
1881620 163
1881630 163
1881640 163
1881650 163
1881660 162
1881670 162
1881680 162
1881690 162
1881700 162
1881710 162
1881720 162
1881730 161
1881740 161
1881750 161
1881760 161
1881770 161
1881780 161
1881790 160
1881800 160
1881810 160
1881820 160
1881830 160
1881840 160
1881850 160
1881860 160
1881870 159
1881880 159
1881890 159
1881900 159
1881910 159
1881920 159
1881930 159
1881940 159
1881950 159
1881960 159
1881970 159
1881980 159
1881990 159
1882000 159
1882010 159
1882020 159
1882030 159
1882040 159
1882050 159
1882060 159
1882070 159
1882080 159
1882090 159
1882100 159
1882110 159
1882120 159
1882130 159
1882140 159
1882150 159
1882160 159
1882170 159
1882180 159
1882190 159
1882200 159
1882210 159
1882220 159
1882230 159
1882240 159
1882250 159
1882260 159
1882270 159
1882280 159
1882290 158
1882300 158
1882310 158
1882320 158
1882330 158
1882340 158
1882350 158
1882360 157
1882370 157
1882380 157
1882390 157
1882400 157
1882410 157
1882420 156
1882430 156
1882440 156
1882450 156
1882460 156
1882470 155
1882480 155
1882490 155
1882500 154
1882510 154
1882520 154
1882530 154
1882540 153
1882550 153
1882560 153
1882570 153
1882580 153
1882590 152
1882600 152
1882610 152
1882620 152
1882630 152
1882640 152
1882650 151
1882660 151
1882670 151
1882680 151
1882690 151
1882700 151
1882710 151
1882720 151
1882730 151
1882740 151
1882750 151
1882760 151
1882770 150
1882780 150
1882790 150
1882800 150
1882810 150
1882820 150
1882830 150
1882840 149
1882850 149
1882860 149
1882870 149
1882880 149
1882890 149
1882900 148
1882910 148
1882920 148
1882930 148
1882940 147
1882950 147
1882960 147
1882970 147
1882980 147
1882990 146
1883000 146
1883010 146
1883020 146
1883030 145
1883040 145
1883050 145
1883060 145
1883070 145
1883080 144
1883090 144
1883100 144
1883110 144
1883120 144
1883130 144
1883140 144
1883150 144
1883160 144
1883170 144
1883180 143
1883190 143
1883200 143
1883210 143
1883220 143
1883230 143
1883240 143
1883250 143
1883260 143
1883270 143
1883280 143
1883290 143
1883300 143
1883310 143
1883320 143
1883330 143
1883340 143
1883350 144
1883360 144
1883370 145
1883380 145
1883390 146
1883400 146
1883410 146
1883420 147
1883430 147
1883440 147
1883450 148
1883460 148
1883470 149
1883480 149
1883490 149
1883500 150
1883510 151
1883520 151
1883530 152
1883540 152
1883550 152
1883560 153
1883570 153
1883580 153
1883590 154
1883600 154
1883610 154
1883620 155
1883630 155
1883640 155
1883650 155
1883660 156
1883670 156
1883680 156
1883690 157
1883700 157
1883710 157
1883720 157
1883730 157
1883740 157
1883750 158
1883760 158
1883770 159
1883780 159
1883790 159
1883800 159
1883810 160
1883820 160
1883830 160
1883840 160
1883850 160
1883860 160
1883870 160
1883880 160
1883890 160
1883900 160
1883910 160
1883920 160
1883930 160
1883940 160
1883950 160
1883960 161
1883970 161
1883980 161
1883990 161
1884000 161
1884010 162
1884020 162
1884030 162
1884040 163
1884050 163
1884060 163
1884070 163
1884080 163
1884090 163
1884100 164
1884110 164
1884120 164
1884130 164
1884140 165
1884150 165
1884160 165
1884170 165
1884180 165
1884190 166
1884200 166
1884210 166
1884220 166
1884230 166
1884240 166
1884250 166
1884260 166
1884270 166
1884280 166
1884290 166
1884300 166
1884310 167
1884320 167
1884330 167
1884340 167
1884350 167
1884360 167
1884370 167
1884380 166
1884390 166
1884400 166
1884410 165
1884420 165
1884430 165
1884440 164
1884450 164
1884460 164
1884470 163
1884480 163
1884490 163
1884500 163
1884510 162
1884520 162
1884530 162
1884540 162
1884550 162
1884560 162
1884570 162
1884580 162
1884590 161
1884600 161
1884610 161
1884620 161
1884630 161
1884640 161
1884650 161
1884660 161
1884670 161
1884680 161
1884690 161
1884700 161
1884710 161
1884720 162
1884730 162
1884740 162
1884750 162
1884760 162
1884770 162
1884780 162
1884790 162
1884800 162
1884810 162
1884820 162
1884830 161
1884840 161
1884850 161
1884860 161
1884870 162
1884880 162
1884890 162
1884900 162
1884910 162
1884920 163
1884930 163
1884940 163
1884950 163
1884960 164
1884970 164
1884980 165
1884990 165
1885000 165
1885010 165
1885020 165
1885030 165
1885040 165
1885050 165
1885060 165
1885070 166
1885080 166
1885090 166
1885100 167
1885110 167
1885120 167
1885130 168
1885140 168
1885150 168
1885160 168
1885170 169
1885180 169
1885190 169
1885200 169
1885210 169
1885220 170
1885230 170
1885240 170
1885250 170
1885260 170
1885270 170
1885280 170
1885290 170
1885300 170
1885310 171
1885320 171
1885330 171
1885340 172
1885350 172
1885360 172
1885370 173
1885380 173
1885390 173
1885400 173
1885410 173
1885420 173
1885430 173
1885440 172
1885450 172
1885460 172
1885470 171
1885480 171
1885490 171
1885500 171
1885510 171
1885520 171
1885530 171
1885540 171
1885550 171
1885560 172
1885570 172
1885580 172
1885590 172
1885600 172
1885610 172
1885620 171
1885630 171
1885640 170
1885650 170
1885660 170
1885670 169
1885680 170
1885690 170
1885700 168
1885710 168
1885720 168
1885730 168
1885740 168
1885750 168
1885760 168
1885770 169
1885780 169
1885790 171
1885800 171
1885810 171
1885820 172
1885830 172
1885840 172
1885850 172
1885860 173
1885870 173
1885880 173
1885890 173
1885900 173
1885910 173
1885920 173
1885930 173
1885940 173
1885950 173
1885960 173
1885970 173
1885980 173
1885990 173
1886000 173
1886010 172
1886020 171
1886030 171
1886040 171
1886050 170
1886060 170
1886070 170
1886080 170
1886090 170
1886100 170
1886110 171
1886120 171
1886130 172
1886140 172
1886150 172
1886160 173
1886170 174
1886180 174
1886190 174
1886200 174
1886210 174
1886220 174
1886230 174
1886240 174
1886250 174
1886260 174
1886270 174
1886280 174
1886290 174
1886300 174
1886310 174
1886320 173
1886330 173
1886340 173
1886350 173
1886360 173
1886370 173
1886380 172
1886390 172
1886400 171
1886410 171
1886420 171
1886430 171
1886440 171
1886450 171
1886460 171
1886470 171
1886480 171
1886490 172
1886500 173
1886510 173
1886520 173
1886530 174
1886540 174
1886550 174
1886560 174
1886570 174
1886580 174
1886590 174
1886600 174
1886610 174
1886620 174
1886630 174
1886640 174
1886650 174
1886660 174
1886670 174
1886680 174
1886690 174
1886700 174
1886710 174
1886720 174
1886730 174
1886740 174
1886750 174
1886760 174
1886770 174
1886780 174
1886790 174
1886800 174
1886810 174
1886820 174
1886830 173
1886840 173
1886850 173
1886860 173
1886870 173
1886880 173
1886890 173
1886900 173
1886910 173
1886920 173
1886930 173
1886940 173
1886950 173
1886960 173
1886970 173
1886980 173
1886990 173
1887000 173
1887010 173
1887020 173
1887030 173
1887040 173
1887050 173
1887060 173
1887070 172
1887080 172
1887090 172
1887100 173
1887110 173
1887120 173
1887130 173
1887140 173
1887150 173
1887160 173
1887170 173
1887180 172
1887190 172
1887200 172
1887210 172
1887220 172
1887230 172
1887240 172
1887250 171
1887260 171
1887270 170
1887280 170
1887290 170
1887300 169
1887310 169
1887320 169
1887330 169
1887340 168
1887350 168
1887360 168
1887370 168
1887380 168
1887390 167
1887400 167
1887410 167
1887420 166
1887430 166
1887440 166
1887450 166
1887460 165
1887470 165
1887480 165
1887490 164
1887500 164
1887510 164
1887520 164
1887530 164
1887540 163
1887550 163
1887560 163
1887570 163
1887580 163
1887590 162
1887600 162
1887610 162
1887620 162
1887630 162
1887640 162
1887650 161
1887660 161
1887670 161
1887680 160
1887690 160
1887700 160
1887710 160
1887720 160
1887730 160
1887740 160
1887750 160
1887760 159
1887770 159
1887780 159
1887790 159
1887800 159
1887810 159
1887820 159
1887830 159
1887840 159
1887850 158
1887860 158
1887870 158
1887880 158
1887890 158
1887900 158
1887910 158
1887920 158
1887930 158
1887940 157
1887950 157
1887960 157
1887970 157
1887980 157
1887990 157
1888000 157
1888010 157
1888020 157
1888030 157
1888040 157
1888050 157
1888060 157
1888070 156
1888080 156
1888090 156
1888100 156
1888110 156
1888120 156
1888130 156
1888140 156
1888150 156
1888160 156
1888170 156
1888180 156
1888190 156
1888200 156
1888210 156
1888220 156
1888230 156
1888240 156
1888250 156
1888260 156
1888270 155
1888280 155
1888290 155
1888300 155
1888310 155
1888320 155
1888330 155
1888340 155
1888350 155
1888360 155
1888370 155
1888380 155
1888390 155
1888400 155
1888410 155
1888420 155
1888430 155
1888440 155
1888450 155
1888460 155
1888470 155
1888480 155
1888490 155
1888500 155
1888510 155
1888520 155
1888530 155
1888540 155
1888550 155
1888560 155
1888570 155
1888580 155
1888590 155
1888600 155
1888610 155
1888620 155
1888630 155
1888640 155
1888650 155
1888660 155
1888670 154
1888680 154
1888690 154
1888700 154
1888710 154
1888720 154
1888730 154
1888740 154
1888750 154
1888760 154
1888770 154
1888780 154
1888790 154
1888800 154
1888810 154
1888820 154
1888830 154
1888840 154
1888850 153
1888860 153
1888870 153
1888880 153
1888890 153
1888900 153
1888910 153
1888920 153
1888930 153
1888940 153
1888950 153
1888960 153
1888970 153
1888980 153
1888990 153
1889000 153
1889010 153
1889020 153
1889030 153
1889040 153
1889050 153
1889060 153
1889070 153
1889080 153
1889090 152
1889100 152
1889110 153
1889120 153
1889130 153
1889140 152
1889150 152
1889160 152
1889170 152
1889180 152
1889190 152
1889200 152
1889210 152
1889220 152
1889230 152
1889240 152
1889250 152
1889260 152
1889270 152
1889280 152
1889290 152
1889300 152
1889310 152
1889320 152
1889330 152
1889340 152
1889350 152
1889360 151
1889370 151
1889380 151
1889390 151
1889400 151
1889410 151
1889420 151
1889430 151
1889440 151
1889450 151
1889460 151
1889470 151
1889480 150
1889490 150
1889500 150
1889510 150
1889520 150
1889530 150
1889540 150
1889550 149
1889560 149
1889570 149
1889580 149
1889590 149
1889600 149
1889610 149
1889620 149
1889630 149
1889640 149
1889650 149
1889660 149
1889670 149
1889680 149
1889690 149
1889700 149
1889710 149
1889720 149
1889730 149
1889740 149
1889750 149
1889760 149
1889770 149
1889780 150
1889790 150
1889800 150
1889810 150
1889820 150
1889830 150
1889840 150
1889850 150
1889860 150
1889870 150
1889880 150
1889890 150
1889900 150
1889910 150
1889920 150
1889930 150
1889940 150
1889950 150
1889960 150
1889970 150
1889980 150
1889990 150
1890000 149
1890010 149
1890020 149
1890030 149
1890040 149
1890050 149
1890060 149
1890070 149
1890080 149
1890090 149
1890100 149
1890110 149
1890120 149
1890130 149
1890140 149
1890150 149
1890160 149
1890170 149
1890180 149
1890190 149
1890200 149
1890210 149
1890220 149
1890230 149
1890240 149
1890250 149
1890260 149
1890270 149
1890280 149
1890290 149
1890300 149
1890310 149
1890320 149
1890330 149
1890340 149
1890350 149
1890360 149
1890370 149
1890380 149
1890390 149
1890400 149
1890410 149
1890420 149
1890430 149
1890440 148
1890450 148
1890460 148
1890470 148
1890480 148
1890490 148
1890500 147
1890510 147
1890520 147
1890530 147
1890540 147
1890550 147
1890560 147
1890570 146
1890580 146
1890590 146
1890600 146
1890610 146
1890620 146
1890630 146
1890640 146
1890650 146
1890660 146
1890670 146
1890680 146
1890690 145
1890700 145
1890710 145
1890720 145
1890730 145
1890740 145
1890750 145
1890760 145
1890770 145
1890780 145
1890790 145
1890800 145
1890810 145
1890820 145
1890830 145
1890840 144
1890850 144
1890860 144
1890870 144
1890880 144
1890890 144
1890900 144
1890910 144
1890920 144
1890930 144
1890940 144
1890950 144
1890960 144
1890970 144
1890980 144
1890990 144
1891000 144
1891010 144
1891020 144
1891030 144
1891040 144
1891050 143
1891060 143
1891070 144
1891080 144
1891090 143
1891100 143
1891110 143
1891120 143
1891130 143
1891140 143
1891150 143
1891160 143
1891170 143
1891180 143
1891190 143
1891200 143
1891210 143
1891220 143
1891230 143
1891240 143
1891250 143
1891260 143
1891270 142
1891280 142
1891290 142
1891300 142
1891310 142
1891320 142
1891330 142
1891340 142
1891350 142
1891360 142
1891370 142
1891380 142
1891390 142
1891400 142
1891410 142
1891420 142
1891430 142
1891440 142
1891450 142
1891460 142
1891470 142
1891480 142
1891490 142
1891500 142
1891510 142
1891520 142
1891530 142
1891540 142
1891550 142
1891560 142
1891570 142
1891580 142
1891590 142
1891600 142
1891610 142
1891620 142
1891630 142
1891640 142
1891650 141
1891660 141
1891670 141
1891680 141
1891690 141
1891700 141
1891710 141
1891720 141
1891730 141
1891740 141
1891750 141
1891760 141
1891770 141
1891780 141
1891790 141
1891800 141
1891810 140
1891820 140
1891830 140
1891840 140
1891850 140
1891860 140
1891870 140
1891880 140
1891890 140
1891900 140
1891910 140
1891920 140
1891930 140
1891940 140
1891950 140
1891960 140
1891970 140
1891980 139
1891990 139
1892000 139
1892010 139
1892020 139
1892030 139
1892040 139
1892050 139
1892060 139
1892070 139
1892080 139
1892090 139
1892100 139
1892110 142
1892120 142
1892130 143
1892140 143
1892150 143
1892160 143
1892170 140
1892180 140
1892190 138
1892200 139
1892210 139
1892220 139
1892230 139
1892240 139
1892250 138
1892260 138
1892270 138
1892280 139
1892290 139
1892300 139
1892310 140
1892320 140
1892330 140
1892340 140
1892350 140
1892360 140
1892370 140
1892380 140
1892390 139
1892400 139
1892410 138
1892420 137
1892430 137
1892440 137
1892450 137
1892460 137
1892470 137
1892480 137
1892490 137
1892500 137
1892510 137
1892520 137
1892530 137
1892540 136
1892550 136
1892560 136
1892570 136
1892580 136
1892590 136
1892600 136
1892610 136
1892620 136
1892630 136
1892640 136
1892650 136
1892660 136
1892670 136
1892680 136
1892690 136
1892700 136
1892710 136
1892720 136
1892730 136
1892740 136
1892750 136
1892760 136
1892770 135
1892780 135
1892790 135
1892800 135
1892810 135
1892820 135
1892830 135
1892840 135
1892850 135
1892860 135
1892870 135
1892880 135
1892890 135
1892900 135
1892910 135
1892920 135
1892930 135
1892940 135
1892950 135
1892960 135
1892970 135
1892980 135
1892990 135
1893000 135
1893010 135
1893020 135
1893030 135
1893040 135
1893050 135
1893060 135
1893070 135
1893080 135
1893090 135
1893100 135
1893110 135
1893120 135
1893130 135
1893140 135
1893150 135
1893160 135
1893170 135
1893180 135
1893190 135
1893200 135
1893210 135
1893220 135
1893230 135
1893240 135
1893250 135
1893260 135
1893270 135
1893280 135
1893290 134
1893300 134
1893310 134
1893320 134
1893330 134
1893340 135
1893350 135
1893360 135
1893370 135
1893380 135
1893390 135
1893400 135
1893410 135
1893420 135
1893430 135
1893440 135
1893450 135
1893460 135
1893470 135
1893480 135
1893490 135
1893500 135
1893510 135
1893520 135
1893530 135
1893540 135
1893550 135
1893560 135
1893570 135
1893580 135
1893590 135
1893600 135
1893610 135
1893620 135
1893630 135
1893640 135
1893650 135
1893660 135
1893670 135
1893680 135
1893690 135
1893700 135
1893710 135
1893720 135
1893730 135
1893740 135
1893750 135
1893760 135
1893770 135
1893780 135
1893790 135
1893800 134
1893810 134
1893820 134
1893830 134
1893840 134
1893850 134
1893860 134
1893870 134
1893880 134
1893890 134
1893900 134
1893910 134
1893920 135
1893930 135
1893940 135
1893950 135
1893960 135
1893970 135
1893980 135
1893990 135
1894000 135
1894010 135
1894020 135
1894030 135
1894040 135
1894050 135
1894060 135
1894070 135
1894080 135
1894090 135
1894100 135
1894110 135
1894120 135
1894130 135
1894140 135
1894150 135
1894160 135
1894170 135
1894180 135
1894190 135
1894200 135
1894210 135
1894220 135
1894230 135
1894240 135
1894250 135
1894260 135
1894270 135
1894280 134
1894290 134
1894300 134
1894310 135
1894320 135
1894330 135
1894340 135
1894350 135
1894360 135
1894370 135
1894380 135
1894390 135
1894400 135
1894410 135
1894420 135
1894430 135
1894440 135
1894450 135
1894460 135
1894470 135
1894480 135
1894490 135
1894500 135
1894510 135
1894520 135
1894530 135
1894540 135
1894550 135
1894560 135
1894570 135
1894580 135
1894590 135
1894600 135
1894610 135
1894620 135
1894630 135
1894640 135
1894650 135
1894660 135
1894670 135
1894680 135
1894690 135
1894700 135
1894710 135
1894720 135
1894730 135
1894740 135
1894750 135
1894760 135
1894770 135
1894780 135
1894790 135
1894800 135
1894810 135
1894820 135
1894830 135
1894840 135
1894850 135
1894860 135
1894870 135
1894880 135
1894890 135
1894900 135
1894910 135
1894920 135
1894930 135
1894940 135
1894950 135
1894960 135
1894970 135
1894980 135
1894990 135
1895000 135
1895010 135
1895020 135
1895030 135
1895040 135
1895050 135
1895060 135
1895070 135
1895080 135
1895090 135
1895100 135
1895110 135
1895120 136
1895130 136
1895140 136
1895150 136
1895160 136
1895170 136
1895180 136
1895190 136
1895200 136
1895210 136
1895220 136
1895230 136
1895240 136
1895250 136
1895260 136
1895270 136
1895280 136
1895290 136
1895300 135
1895310 135
1895320 135
1895330 136
1895340 136
1895350 136
1895360 135
1895370 135
1895380 135
1895390 135
1895400 135
1895410 135
1895420 135
1895430 135
1895440 135
1895450 135
1895460 135
1895470 135
1895480 135
1895490 134
1895500 134
1895510 134
1895520 135
1895530 135
1895540 135
1895550 135
1895560 135
1895570 135
1895580 135
1895590 135
1895600 135
1895610 135
1895620 135
1895630 135
1895640 135
1895650 135
1895660 135
1895670 135
1895680 135
1895690 135
1895700 135
1895710 135
1895720 135
1895730 135
1895740 135
1895750 135
1895760 135
1895770 136
1895780 136
1895790 136
1895800 136
1895810 136
1895820 136
1895830 136
1895840 136
1895850 136
1895860 136
1895870 136
1895880 136
1895890 136
1895900 136
1895910 136
1895920 136
1895930 136
1895940 136
1895950 136
1895960 136
1895970 136
1895980 136
1895990 136
1896000 136
1896010 136
1896020 136
1896030 136
1896040 136
1896050 136
1896060 136
1896070 136
1896080 136
1896090 135
1896100 136
1896110 136
1896120 136
1896130 136
1896140 136
1896150 136
1896160 136
1896170 136
1896180 136
1896190 136
1896200 136
1896210 136
1896220 136
1896230 136
1896240 136
1896250 136
1896260 136
1896270 136
1896280 136
1896290 136
1896300 136
1896310 136
1896320 136
1896330 136
1896340 136
1896350 136
1896360 136
1896370 136
1896380 136
1896390 136
1896400 136
1896410 136
1896420 136
1896430 136
1896440 136
1896450 136
1896460 136
1896470 136
1896480 136
1896490 136
1896500 136
1896510 136
1896520 136
1896530 136
1896540 136
1896550 136
1896560 136
1896570 136
1896580 136
1896590 136
1896600 136
1896610 136
1896620 136
1896630 136
1896640 137
1896650 137
1896660 137
1896670 137
1896680 137
1896690 137
1896700 137
1896710 137
1896720 137
1896730 137
1896740 137
1896750 137
1896760 137
1896770 137
1896780 137
1896790 136
1896800 136
1896810 136
1896820 136
1896830 136
1896840 136
1896850 136
1896860 136
1896870 136
1896880 136
1896890 136
1896900 136
1896910 136
1896920 136
1896930 136
1896940 136
1896950 136
1896960 136
1896970 136
1896980 136
1896990 136
1897000 136
1897010 136
1897020 136
1897030 136
1897040 136
1897050 136
1897060 136
1897070 136
1897080 136
1897090 136
1897100 136
1897110 136
1897120 136
1897130 136
1897140 136
1897150 136
1897160 136
1897170 136
1897180 136
1897190 136
1897200 136
1897210 136
1897220 136
1897230 136
1897240 136
1897250 136
1897260 136
1897270 136
1897280 136
1897290 136
1897300 136
1897310 136
1897320 136
1897330 136
1897340 136
1897350 136
1897360 136
1897370 136
1897380 136
1897390 136
1897400 136
1897410 136
1897420 136
1897430 136
1897440 136
1897450 136
1897460 136
1897470 136
1897480 136
1897490 136
1897500 136
1897510 136
1897520 136
1897530 136
1897540 136
1897550 136
1897560 136
1897570 136
1897580 136
1897590 136
1897600 136
1897610 137
1897620 137
1897630 137
1897640 137
1897650 137
1897660 137
1897670 136
1897680 136
1897690 137
1897700 137
1897710 137
1897720 137
1897730 136
1897740 136
1897750 136
1897760 136
1897770 136
1897780 136
1897790 136
1897800 136
1897810 136
1897820 136
1897830 136
1897840 136
1897850 136
1897860 136
1897870 136
1897880 136
1897890 136
1897900 136
1897910 136
1897920 136
1897930 136
1897940 136
1897950 136
1897960 136
1897970 136
1897980 136
1897990 136
1898000 136
1898010 135
1898020 136
1898030 136
1898040 136
1898050 136
1898060 136
1898070 136
1898080 136
1898090 136
1898100 136
1898110 136
1898120 136
1898130 136
1898140 136
1898150 136
1898160 136
1898170 136
1898180 136
1898190 136
1898200 136
1898210 136
1898220 136
1898230 136
1898240 136
1898250 136
1898260 136
1898270 136
1898280 136
1898290 135
1898300 135
1898310 135
1898320 136
1898330 136
1898340 136
1898350 136
1898360 136
1898370 136
1898380 136
1898390 136
1898400 136
1898410 136
1898420 136
1898430 136
1898440 136
1898450 135
1898460 135
1898470 135
1898480 135
1898490 135
1898500 135
1898510 135
1898520 135
1898530 135
1898540 135
1898550 135
1898560 135
1898570 135
1898580 135
1898590 135
1898600 135
1898610 135
1898620 135
1898630 135
1898640 135
1898650 135
1898660 135
1898670 135
1898680 135
1898690 135
1898700 135
1898710 135
1898720 135
1898730 135
1898740 135
1898750 135
1898760 135
1898770 135
1898780 135
1898790 135
1898800 135
1898810 135
1898820 135
1898830 135
1898840 135
1898850 135
1898860 135
1898870 135
1898880 135
1898890 135
1898900 135
1898910 135
1898920 135
1898930 135
1898940 135
1898950 135
1898960 135
1898970 135
1898980 135
1898990 135
1899000 135
1899010 135
1899020 135
1899030 135
1899040 135
1899050 135
1899060 135
1899070 135
1899080 135
1899090 135
1899100 135
1899110 135
1899120 135
1899130 135
1899140 135
1899150 135
1899160 135
1899170 135
1899180 135
1899190 135
1899200 135
1899210 135
1899220 135
1899230 135
1899240 135
1899250 135
1899260 135
1899270 135
1899280 135
1899290 135
1899300 135
1899310 135
1899320 135
1899330 135
1899340 135
1899350 135
1899360 135
1899370 135
1899380 135
1899390 135
1899400 135
1899410 135
1899420 135
1899430 135
1899440 135
1899450 135
1899460 135
1899470 135
1899480 135
1899490 135
1899500 135
1899510 135
1899520 135
1899530 135
1899540 135
1899550 135
1899560 135
1899570 135
1899580 135
1899590 135
1899600 135
1899610 135
1899620 135
1899630 135
1899640 135
1899650 135
1899660 135
1899670 135
1899680 135
1899690 135
1899700 135
1899710 135
1899720 135
1899730 135
1899740 135
1899750 135
1899760 135
1899770 135
1899780 134
1899790 134
1899800 134
1899810 134
1899820 134
1899830 134
1899840 134
1899850 134
1899860 134
1899870 134
1899880 134
1899890 134
1899900 134
1899910 134
1899920 134
1899930 134
1899940 134
1899950 134
1899960 134
1899970 134
1899980 134
1899990 134
