1880000 156
1880010 156
1880020 156
1880030 156
1880040 156
1880050 156
1880060 156
1880070 156
1880080 156
1880090 156
1880100 156
1880110 156
1880120 156
1880130 157
1880140 157
1880150 157
1880160 157
1880170 157
1880180 157
1880190 157
1880200 157
1880210 157
1880220 157
1880230 158
1880240 158
1880250 158
1880260 158
1880270 158
1880280 158
1880290 158
1880300 158
1880310 159
1880320 159
1880330 159
1880340 159
1880350 159
1880360 159
1880370 159
1880380 159
1880390 159
1880400 159
1880410 160
1880420 160
1880430 160
1880440 160
1880450 160
1880460 160
1880470 160
1880480 160
1880490 160
1880500 161
1880510 161
1880520 161
1880530 161
1880540 161
1880550 161
1880560 162
1880570 162
1880580 162
1880590 162
1880600 162
1880610 163
1880620 163
1880630 163
1880640 163
1880650 163
1880660 163
1880670 163
1880680 164
1880690 164
1880700 164
1880710 164
1880720 164
1880730 165
1880740 165
1880750 165
1880760 165
1880770 166
1880780 166
1880790 166
1880800 167
1880810 167
1880820 167
1880830 168
1880840 168
1880850 168
1880860 168
1880870 168
1880880 169
1880890 169
1880900 169
1880910 169
1880920 169
1880930 170
1880940 170
1880950 170
1880960 171
1880970 171
1880980 170
1880990 171
1881000 171
1881010 171
1881020 171
1881030 171
1881040 172
1881050 172
1881060 172
1881070 172
1881080 172
1881090 172
1881100 172
1881110 172
1881120 172
1881130 172
1881140 173
1881150 173
1881160 173
1881170 172
1881180 172
1881190 172
1881200 172
1881210 172
1881220 172
1881230 171
1881240 171
1881250 171
1881260 171
1881270 171
1881280 170
1881290 170
1881300 170
1881310 169
1881320 169
1881330 169
1881340 168
1881350 168
1881360 168
1881370 168
1881380 168
1881390 168
1881400 167
1881410 167
1881420 167
1881430 167
1881440 166
1881450 166
1881460 166
1881470 166
1881480 166
1881490 166
1881500 165
1881510 165
1881520 165
1881530 165
1881540 165
1881550 165
1881560 165
1881570 165
1881580 164
1881590 164
1881600 164
1881610 164
1881620 163
1881630 164
1881640 163
1881650 163
1881660 163
1881670 163
1881680 163
1881690 163
1881700 162
1881710 162
1881720 162
1881730 162
1881740 161
1881750 161
1881760 161
1881770 161
1881780 161
1881790 160
1881800 160
1881810 160
1881820 160
1881830 159
1881840 159
1881850 159
1881860 159
1881870 159
1881880 158
1881890 158
1881900 158
1881910 158
1881920 158
1881930 158
1881940 157
1881950 157
1881960 157
1881970 157
1881980 156
1881990 156
1882000 156
1882010 156
1882020 156
1882030 155
1882040 155
1882050 155
1882060 155
1882070 155
1882080 155
1882090 155
1882100 155
1882110 155
1882120 155
1882130 155
1882140 155
1882150 155
1882160 156
1882170 156
1882180 156
1882190 156
1882200 156
1882210 156
1882220 155
1882230 155
1882240 155
1882250 155
1882260 155
1882270 155
1882280 155
1882290 155
1882300 155
1882310 155
1882320 155
1882330 155
1882340 155
1882350 155
1882360 155
1882370 154
1882380 154
1882390 154
1882400 154
1882410 154
1882420 154
1882430 153
1882440 153
1882450 153
1882460 153
1882470 153
1882480 153
1882490 152
1882500 152
1882510 152
1882520 152
1882530 152
1882540 152
1882550 152
1882560 151
1882570 151
1882580 151
1882590 150
1882600 150
1882610 151
1882620 150
1882630 150
1882640 150
1882650 150
1882660 150
1882670 150
1882680 149
1882690 149
1882700 149
1882710 149
1882720 149
1882730 149
1882740 149
1882750 149
1882760 149
1882770 149
1882780 149
1882790 149
1882800 149
1882810 149
1882820 149
1882830 148
1882840 148
1882850 148
1882860 148
1882870 148
1882880 148
1882890 148
1882900 148
1882910 148
1882920 148
1882930 147
1882940 147
1882950 147
1882960 147
1882970 147
1882980 147
1882990 147
1883000 147
1883010 147
1883020 147
1883030 146
1883040 146
1883050 146
1883060 146
1883070 146
1883080 146
1883090 145
1883100 145
1883110 145
1883120 145
1883130 145
1883140 145
1883150 145
1883160 145
1883170 145
1883180 144
1883190 144
1883200 144
1883210 144
1883220 143
1883230 143
1883240 143
1883250 143
1883260 143
1883270 143
1883280 144
1883290 144
1883300 143
1883310 142
1883320 142
1883330 143
1883340 143
1883350 143
1883360 143
1883370 143
1883380 143
1883390 143
1883400 143
1883410 143
1883420 143
1883430 144
1883440 144
1883450 144
1883460 144
1883470 144
1883480 144
1883490 144
1883500 144
1883510 145
1883520 145
1883530 145
1883540 145
1883550 146
1883560 146
1883570 146
1883580 147
1883590 147
1883600 147
1883610 147
1883620 147
1883630 147
1883640 147
1883650 147
1883660 147
1883670 148
1883680 148
1883690 148
1883700 149
1883710 149
1883720 150
1883730 151
1883740 151
1883750 152
1883760 153
1883770 153
1883780 153
1883790 154
1883800 154
1883810 154
1883820 155
1883830 155
1883840 155
1883850 155
1883860 155
1883870 155
1883880 155
1883890 155
1883900 155
1883910 156
1883920 156
1883930 156
1883940 157
1883950 157
1883960 157
1883970 158
1883980 158
1883990 158
1884000 159
1884010 159
1884020 159
1884030 159
1884040 159
1884050 160
1884060 160
1884070 160
1884080 160
1884090 160
1884100 160
1884110 160
1884120 160
1884130 160
1884140 160
1884150 161
1884160 161
1884170 161
1884180 161
1884190 161
1884200 161
1884210 161
1884220 161
1884230 162
1884240 162
1884250 162
1884260 162
1884270 162
1884280 162
1884290 162
1884300 162
1884310 162
1884320 162
1884330 162
1884340 161
1884350 161
1884360 161
1884370 161
1884380 161
1884390 161
1884400 161
1884410 161
1884420 161
1884430 160
1884440 160
1884450 160
1884460 160
1884470 160
1884480 160
1884490 159
1884500 159
1884510 159
1884520 159
1884530 159
1884540 159
1884550 159
1884560 159
1884570 159
1884580 159
1884590 159
1884600 159
1884610 158
1884620 158
1884630 158
1884640 158
1884650 158
1884660 158
1884670 158
1884680 158
1884690 158
1884700 158
1884710 158
1884720 158
1884730 158
1884740 158
1884750 159
1884760 159
1884770 159
1884780 159
1884790 159
1884800 159
1884810 158
1884820 159
1884830 159
1884840 158
1884850 158
1884860 158
1884870 158
1884880 158
1884890 158
1884900 158
1884910 159
1884920 159
1884930 159
1884940 159
1884950 159
1884960 159
1884970 159
1884980 159
1884990 159
1885000 159
1885010 159
1885020 160
1885030 160
1885040 160
1885050 160
1885060 161
1885070 161
1885080 161
1885090 161
1885100 161
1885110 162
1885120 162
1885130 162
1885140 162
1885150 162
1885160 162
1885170 162
1885180 162
1885190 162
1885200 163
1885210 163
1885220 163
1885230 163
1885240 164
1885250 164
1885260 164
1885270 164
1885280 164
1885290 165
1885300 165
1885310 165
1885320 166
1885330 166
1885340 166
1885350 167
1885360 167
1885370 167
1885380 167
1885390 167
1885400 167
1885410 167
1885420 167
1885430 167
1885440 167
1885450 167
1885460 167
1885470 167
1885480 167
1885490 167
1885500 167
1885510 166
1885520 167
1885530 167
1885540 167
1885550 167
1885560 167
1885570 167
1885580 167
1885590 167
1885600 167
1885610 167
1885620 167
1885630 167
1885640 167
1885650 166
1885660 166
1885670 166
1885680 166
1885690 165
1885700 165
1885710 165
1885720 165
1885730 164
1885740 164
1885750 164
1885760 164
1885770 164
1885780 164
1885790 164
1885800 164
1885810 164
1885820 165
1885830 165
1885840 165
1885850 166
1885860 166
1885870 170
1885880 172
1885890 172
1885900 172
1885910 172
1885920 172
1885930 172
1885940 172
1885950 172
1885960 172
1885970 172
1885980 172
1885990 172
1886000 172
1886010 172
1886020 172
1886030 172
1886040 172
1886050 172
1886060 172
1886070 172
1886080 172
1886090 171
1886100 171
1886110 170
1886120 168
1886130 168
1886140 167
1886150 167
1886160 167
1886170 167
1886180 166
1886190 166
1886200 166
1886210 166
1886220 166
1886230 167
1886240 167
1886250 167
1886260 168
1886270 168
1886280 168
1886290 168
1886300 169
1886310 169
1886320 169
1886330 170
1886340 170
1886350 171
1886360 172
1886370 172
1886380 172
1886390 172
1886400 172
1886410 172
1886420 171
1886430 171
1886440 171
1886450 170
1886460 170
1886470 170
1886480 169
1886490 169
1886500 169
1886510 169
1886520 169
1886530 169
1886540 169
1886550 169
1886560 170
1886570 171
1886580 171
1886590 171
1886600 172
1886610 172
1886620 172
1886630 172
1886640 172
1886650 172
1886660 172
1886670 172
1886680 172
1886690 171
1886700 171
1886710 171
1886720 171
1886730 171
1886740 170
1886750 170
1886760 170
1886770 170
1886780 170
1886790 170
1886800 171
1886810 171
1886820 171
1886830 172
1886840 172
1886850 172
1886860 173
1886870 173
1886880 173
1886890 173
1886900 172
1886910 172
1886920 172
1886930 172
1886940 172
1886950 172
1886960 171
1886970 171
1886980 171
1886990 170
1887000 170
1887010 170
1887020 171
1887030 171
1887040 171
1887050 172
1887060 172
1887070 172
1887080 172
1887090 172
1887100 172
1887110 172
1887120 172
1887130 172
1887140 172
1887150 172
1887160 172
1887170 172
1887180 172
1887190 171
1887200 171
1887210 171
1887220 171
1887230 171
1887240 170
1887250 170
1887260 170
1887270 170
1887280 170
1887290 170
1887300 169
1887310 169
1887320 169
1887330 169
1887340 169
1887350 168
1887360 168
1887370 168
1887380 168
1887390 167
1887400 167
1887410 167
1887420 166
1887430 166
1887440 166
1887450 166
1887460 166
1887470 165
1887480 165
1887490 165
1887500 165
1887510 164
1887520 164
1887530 164
1887540 163
1887550 163
1887560 163
1887570 163
1887580 163
1887590 162
1887600 162
1887610 162
1887620 162
1887630 162
1887640 162
1887650 161
1887660 161
1887670 161
1887680 161
1887690 161
1887700 161
1887710 160
1887720 160
1887730 160
1887740 160
1887750 160
1887760 160
1887770 159
1887780 159
1887790 159
1887800 159
1887810 159
1887820 159
1887830 159
1887840 158
1887850 158
1887860 158
1887870 158
1887880 158
1887890 158
1887900 158
1887910 158
1887920 158
1887930 158
1887940 158
1887950 158
1887960 158
1887970 158
1887980 157
1887990 157
1888000 157
1888010 157
1888020 157
1888030 157
1888040 157
1888050 157
1888060 157
1888070 157
1888080 157
1888090 156
1888100 156
1888110 156
1888120 156
1888130 156
1888140 156
1888150 156
1888160 156
1888170 156
1888180 156
1888190 156
1888200 156
1888210 156
1888220 156
1888230 156
1888240 156
1888250 155
1888260 155
1888270 155
1888280 155
1888290 155
1888300 155
1888310 155
1888320 155
1888330 155
1888340 155
1888350 155
1888360 155
1888370 155
1888380 155
1888390 155
1888400 155
1888410 155
1888420 155
1888430 155
1888440 155
1888450 155
1888460 154
1888470 154
1888480 154
1888490 154
1888500 154
1888510 154
1888520 154
1888530 154
1888540 154
1888550 154
1888560 154
1888570 154
1888580 154
1888590 154
1888600 154
1888610 154
1888620 154
1888630 154
1888640 154
1888650 154
1888660 154
1888670 154
1888680 154
1888690 154
1888700 154
1888710 154
1888720 154
1888730 154
1888740 154
1888750 154
1888760 154
1888770 154
1888780 154
1888790 153
1888800 153
1888810 153
1888820 153
1888830 153
1888840 153
1888850 153
1888860 153
1888870 153
1888880 153
1888890 153
1888900 153
1888910 153
1888920 153
1888930 153
1888940 153
1888950 153
1888960 153
1888970 153
1888980 152
1888990 152
1889000 152
1889010 153
1889020 152
1889030 152
1889040 152
1889050 152
1889060 152
1889070 152
1889080 152
1889090 152
1889100 152
1889110 152
1889120 152
1889130 152
1889140 152
1889150 152
1889160 152
1889170 152
1889180 152
1889190 151
1889200 151
1889210 151
1889220 151
1889230 151
1889240 151
1889250 151
1889260 151
1889270 151
1889280 151
1889290 151
1889300 151
1889310 151
1889320 150
1889330 150
1889340 150
1889350 150
1889360 150
1889370 150
1889380 150
1889390 150
1889400 150
1889410 150
1889420 150
1889430 150
1889440 150
1889450 150
1889460 150
1889470 150
1889480 150
1889490 150
1889500 150
1889510 150
1889520 150
1889530 149
1889540 149
1889550 149
1889560 149
1889570 149
1889580 149
1889590 149
1889600 149
1889610 149
1889620 149
1889630 149
1889640 149
1889650 149
1889660 149
1889670 149
1889680 149
1889690 149
1889700 149
1889710 149
1889720 149
1889730 148
1889740 148
1889750 148
1889760 148
1889770 148
1889780 148
1889790 148
1889800 148
1889810 148
1889820 148
1889830 148
1889840 148
1889850 148
1889860 148
1889870 148
1889880 148
1889890 148
1889900 148
1889910 148
1889920 148
1889930 148
1889940 148
1889950 147
1889960 147
1889970 147
1889980 147
1889990 147
1890000 147
1890010 148
1890020 148
1890030 148
1890040 148
1890050 148
1890060 148
1890070 148
1890080 148
1890090 148
1890100 148
1890110 148
1890120 148
1890130 147
1890140 147
1890150 147
1890160 147
1890170 147
1890180 147
1890190 147
1890200 147
1890210 147
1890220 147
1890230 147
1890240 148
1890250 148
1890260 148
1890270 148
1890280 148
1890290 148
1890300 148
1890310 148
1890320 148
1890330 149
1890340 148
1890350 148
1890360 149
1890370 149
1890380 149
1890390 149
1890400 149
1890410 149
1890420 149
1890430 149
1890440 149
1890450 149
1890460 149
1890470 149
1890480 149
1890490 149
1890500 149
1890510 149
1890520 149
1890530 149
1890540 149
1890550 149
1890560 149
1890570 149
1890580 149
1890590 149
1890600 149
1890610 149
1890620 149
1890630 149
1890640 149
1890650 149
1890660 149
1890670 149
1890680 149
1890690 149
1890700 149
1890710 149
1890720 149
1890730 149
1890740 149
1890750 149
1890760 149
1890770 149
1890780 149
1890790 149
1890800 149
1890810 149
1890820 149
1890830 148
1890840 148
1890850 148
1890860 148
1890870 148
1890880 149
1890890 148
1890900 148
1890910 148
1890920 148
1890930 148
1890940 148
1890950 148
1890960 147
1890970 147
1890980 147
1890990 147
1891000 147
1891010 147
1891020 147
1891030 147
1891040 147
1891050 147
1891060 147
1891070 147
1891080 147
1891090 147
1891100 147
1891110 147
1891120 147
1891130 147
1891140 147
1891150 146
1891160 146
1891170 146
1891180 145
1891190 145
1891200 145
1891210 145
1891220 144
1891230 144
1891240 144
1891250 143
1891260 143
1891270 143
1891280 143
1891290 143
1891300 142
1891310 142
1891320 142
1891330 142
1891340 142
1891350 142
1891360 142
1891370 142
1891380 142
1891390 142
1891400 142
1891410 142
1891420 142
1891430 142
1891440 142
1891450 142
1891460 142
1891470 142
1891480 142
1891490 142
1891500 142
1891510 142
1891520 142
1891530 142
1891540 142
1891550 142
1891560 142
1891570 142
1891580 141
1891590 141
1891600 141
1891610 141
1891620 141
1891630 141
1891640 141
1891650 141
1891660 141
1891670 141
1891680 141
1891690 141
1891700 141
1891710 141
1891720 141
1891730 141
1891740 141
1891750 141
1891760 141
1891770 141
1891780 141
1891790 141
1891800 141
1891810 141
1891820 140
1891830 140
1891840 140
1891850 140
1891860 140
1891870 140
1891880 140
1891890 140
1891900 140
1891910 140
1891920 140
1891930 140
1891940 140
1891950 140
1891960 140
1891970 140
1891980 140
1891990 140
1892000 139
1892010 139
1892020 139
1892030 139
1892040 141
1892050 141
1892060 145
1892070 145
1892080 145
1892090 145
1892100 142
1892110 142
1892120 139
1892130 139
1892140 139
1892150 140
1892160 139
1892170 139
1892180 138
1892190 138
1892200 138
1892210 138
1892220 138
1892230 138
1892240 138
1892250 138
1892260 138
1892270 138
1892280 138
1892290 138
1892300 138
1892310 138
1892320 138
1892330 138
1892340 138
1892350 138
1892360 137
1892370 137
1892380 137
1892390 137
1892400 137
1892410 137
1892420 137
1892430 137
1892440 137
1892450 137
1892460 137
1892470 137
1892480 137
1892490 137
1892500 137
1892510 137
1892520 137
1892530 137
1892540 137
1892550 137
1892560 137
1892570 137
1892580 136
1892590 136
1892600 136
1892610 136
1892620 136
1892630 136
1892640 136
1892650 136
1892660 136
1892670 136
1892680 136
1892690 136
1892700 136
1892710 136
1892720 136
1892730 136
1892740 136
1892750 136
1892760 136
1892770 136
1892780 136
1892790 136
1892800 136
1892810 136
1892820 136
1892830 136
1892840 135
1892850 135
1892860 135
1892870 135
1892880 135
1892890 135
1892900 135
1892910 135
1892920 135
1892930 135
1892940 135
1892950 135
1892960 135
1892970 135
1892980 135
1892990 135
1893000 135
1893010 135
1893020 135
1893030 135
1893040 135
1893050 135
1893060 135
1893070 135
1893080 135
1893090 135
1893100 135
1893110 135
1893120 135
1893130 135
1893140 135
1893150 135
1893160 135
1893170 135
1893180 135
1893190 135
1893200 135
1893210 135
1893220 135
1893230 134
1893240 134
1893250 134
1893260 135
1893270 135
1893280 135
1893290 134
1893300 135
1893310 135
1893320 135
1893330 135
1893340 135
1893350 135
1893360 135
1893370 135
1893380 135
1893390 135
1893400 135
1893410 134
1893420 135
1893430 135
1893440 135
1893450 135
1893460 135
1893470 135
1893480 135
1893490 135
1893500 135
1893510 135
1893520 135
1893530 135
1893540 134
1893550 134
1893560 134
1893570 134
1893580 134
1893590 134
1893600 134
1893610 134
1893620 134
1893630 134
1893640 134
1893650 134
1893660 135
1893670 135
1893680 135
1893690 135
1893700 135
1893710 135
1893720 135
1893730 135
1893740 135
1893750 135
1893760 135
1893770 135
1893780 135
1893790 135
1893800 135
1893810 135
1893820 135
1893830 135
1893840 135
1893850 135
1893860 135
1893870 135
1893880 135
1893890 135
1893900 135
1893910 135
1893920 135
1893930 135
1893940 135
1893950 135
1893960 135
1893970 135
1893980 135
1893990 135
1894000 135
1894010 135
1894020 135
1894030 135
1894040 135
1894050 135
1894060 135
1894070 135
1894080 135
1894090 135
1894100 135
1894110 135
1894120 135
1894130 135
1894140 135
1894150 135
1894160 135
1894170 135
1894180 135
1894190 135
1894200 135
1894210 135
1894220 135
1894230 135
1894240 135
1894250 135
1894260 135
1894270 135
1894280 135
1894290 135
1894300 135
1894310 135
1894320 135
1894330 135
1894340 135
1894350 135
1894360 135
1894370 135
1894380 135
1894390 135
1894400 135
1894410 135
1894420 135
1894430 135
1894440 135
1894450 135
1894460 135
1894470 135
1894480 135
1894490 135
1894500 135
1894510 135
1894520 135
1894530 135
1894540 135
1894550 135
1894560 135
1894570 135
1894580 135
1894590 135
1894600 135
1894610 135
1894620 135
1894630 135
1894640 135
1894650 135
1894660 135
1894670 135
1894680 135
1894690 135
1894700 135
1894710 135
1894720 135
1894730 135
1894740 135
1894750 135
1894760 135
1894770 135
1894780 135
1894790 135
1894800 135
1894810 135
1894820 135
1894830 135
1894840 135
1894850 135
1894860 135
1894870 135
1894880 135
1894890 135
1894900 135
1894910 135
1894920 135
1894930 135
1894940 135
1894950 135
1894960 135
1894970 135
1894980 135
1894990 135
1895000 135
1895010 135
1895020 135
1895030 135
1895040 135
1895050 135
1895060 135
1895070 135
1895080 135
1895090 135
1895100 135
1895110 135
1895120 135
1895130 135
1895140 135
1895150 135
1895160 135
1895170 135
1895180 135
1895190 135
1895200 135
1895210 135
1895220 135
1895230 135
1895240 135
1895250 135
1895260 136
1895270 136
1895280 136
1895290 135
1895300 135
1895310 135
1895320 135
1895330 135
1895340 135
1895350 135
1895360 135
1895370 135
1895380 135
1895390 135
1895400 135
1895410 135
1895420 135
1895430 135
1895440 135
1895450 135
1895460 135
1895470 136
1895480 136
1895490 136
1895500 136
1895510 136
1895520 136
1895530 136
1895540 135
1895550 135
1895560 135
1895570 134
1895580 134
1895590 134
1895600 135
1895610 135
1895620 135
1895630 135
1895640 135
1895650 135
1895660 135
1895670 135
1895680 135
1895690 135
1895700 135
1895710 135
1895720 135
1895730 135
1895740 135
1895750 135
1895760 135
1895770 135
1895780 135
1895790 135
1895800 135
1895810 134
1895820 134
1895830 135
1895840 135
1895850 135
1895860 135
1895870 135
1895880 135
1895890 135
1895900 135
1895910 135
1895920 135
1895930 135
1895940 135
1895950 135
1895960 135
1895970 135
1895980 135
1895990 136
1896000 136
1896010 136
1896020 136
1896030 136
1896040 136
1896050 136
1896060 136
1896070 136
1896080 136
1896090 136
1896100 136
1896110 136
1896120 136
1896130 136
1896140 136
1896150 136
1896160 136
1896170 136
1896180 136
1896190 136
1896200 136
1896210 136
1896220 136
1896230 136
1896240 136
1896250 136
1896260 136
1896270 136
1896280 136
1896290 136
1896300 136
1896310 136
1896320 135
1896330 135
1896340 135
1896350 136
1896360 136
1896370 136
1896380 136
1896390 136
1896400 136
1896410 136
1896420 136
1896430 136
1896440 136
1896450 136
1896460 136
1896470 136
1896480 136
1896490 136
1896500 136
1896510 136
1896520 136
1896530 136
1896540 136
1896550 136
1896560 136
1896570 136
1896580 136
1896590 136
1896600 136
1896610 136
1896620 136
1896630 136
1896640 136
1896650 136
1896660 136
1896670 136
1896680 136
1896690 136
1896700 136
1896710 136
1896720 136
1896730 136
1896740 136
1896750 136
1896760 136
1896770 136
1896780 136
1896790 136
1896800 136
1896810 136
1896820 136
1896830 136
1896840 136
1896850 136
1896860 136
1896870 136
1896880 136
1896890 136
1896900 136
1896910 136
1896920 136
1896930 136
1896940 136
1896950 136
1896960 136
1896970 136
1896980 135
1896990 135
1897000 135
1897010 135
1897020 135
1897030 135
1897040 135
1897050 135
1897060 135
1897070 135
1897080 135
1897090 135
1897100 135
1897110 135
1897120 135
1897130 135
1897140 135
1897150 135
1897160 135
1897170 135
1897180 135
1897190 135
1897200 135
1897210 135
1897220 135
1897230 135
1897240 135
1897250 135
1897260 135
1897270 135
1897280 135
1897290 135
1897300 135
1897310 135
1897320 135
1897330 135
1897340 135
1897350 135
1897360 135
1897370 135
1897380 135
1897390 135
1897400 135
1897410 135
1897420 135
1897430 135
1897440 135
1897450 135
1897460 135
1897470 135
1897480 135
1897490 135
1897500 135
1897510 135
1897520 135
1897530 135
1897540 135
1897550 135
1897560 136
1897570 136
1897580 136
1897590 136
1897600 136
1897610 136
1897620 136
1897630 136
1897640 136
1897650 136
1897660 136
1897670 136
1897680 136
1897690 136
1897700 136
1897710 136
1897720 136
1897730 136
1897740 136
1897750 136
1897760 136
1897770 136
1897780 136
1897790 135
1897800 136
1897810 136
1897820 136
1897830 135
1897840 135
1897850 135
1897860 136
1897870 136
1897880 136
1897890 136
1897900 136
1897910 135
1897920 136
1897930 136
1897940 136
1897950 135
1897960 135
1897970 136
1897980 136
1897990 136
1898000 136
1898010 136
1898020 136
1898030 136
1898040 136
1898050 136
1898060 136
1898070 136
1898080 136
1898090 136
1898100 136
1898110 136
1898120 136
1898130 136
1898140 136
1898150 136
1898160 136
1898170 136
1898180 136
1898190 136
1898200 136
1898210 136
1898220 135
1898230 135
1898240 135
1898250 135
1898260 135
1898270 135
1898280 136
1898290 136
1898300 136
1898310 136
1898320 136
1898330 136
1898340 136
1898350 136
1898360 135
1898370 135
1898380 135
1898390 135
1898400 135
1898410 135
1898420 135
1898430 135
1898440 135
1898450 135
1898460 135
1898470 135
1898480 135
1898490 135
1898500 135
1898510 135
1898520 135
1898530 135
1898540 135
1898550 135
1898560 135
1898570 135
1898580 135
1898590 135
1898600 135
1898610 135
1898620 135
1898630 135
1898640 135
1898650 135
1898660 135
1898670 135
1898680 135
1898690 135
1898700 135
1898710 135
1898720 135
1898730 135
1898740 135
1898750 135
1898760 135
1898770 135
1898780 135
1898790 135
1898800 135
1898810 135
1898820 135
1898830 135
1898840 135
1898850 135
1898860 135
1898870 135
1898880 135
1898890 135
1898900 135
1898910 135
1898920 135
1898930 135
1898940 135
1898950 135
1898960 135
1898970 135
1898980 135
1898990 135
1899000 135
1899010 135
1899020 135
1899030 135
1899040 135
1899050 135
1899060 135
1899070 135
1899080 135
1899090 135
1899100 135
1899110 135
1899120 135
1899130 135
1899140 135
1899150 135
1899160 135
1899170 135
1899180 135
1899190 135
1899200 135
1899210 135
1899220 135
1899230 135
1899240 135
1899250 135
1899260 135
1899270 135
1899280 135
1899290 135
1899300 135
1899310 135
1899320 135
1899330 135
1899340 135
1899350 135
1899360 135
1899370 135
1899380 135
1899390 135
1899400 135
1899410 135
1899420 135
1899430 135
1899440 135
1899450 135
1899460 135
1899470 135
1899480 135
1899490 135
1899500 135
1899510 135
1899520 135
1899530 135
1899540 135
1899550 135
1899560 135
1899570 135
1899580 135
1899590 135
1899600 135
1899610 135
1899620 135
1899630 135
1899640 135
1899650 135
1899660 135
1899670 135
1899680 135
1899690 135
1899700 135
1899710 135
1899720 135
1899730 135
1899740 135
1899750 135
1899760 135
1899770 134
1899780 134
1899790 134
1899800 134
1899810 134
1899820 134
1899830 134
1899840 134
1899850 134
1899860 134
1899870 134
1899880 134
1899890 134
1899900 134
1899910 134
1899920 134
1899930 134
1899940 134
1899950 134
1899960 134
1899970 134
1899980 134
1899990 134
