1880000 159
1880010 159
1880020 159
1880030 159
1880040 159
1880050 159
1880060 159
1880070 159
1880080 159
1880090 159
1880100 159
1880110 159
1880120 159
1880130 159
1880140 159
1880150 160
1880160 160
1880170 160
1880180 160
1880190 160
1880200 160
1880210 160
1880220 160
1880230 160
1880240 160
1880250 160
1880260 160
1880270 160
1880280 160
1880290 160
1880300 161
1880310 161
1880320 161
1880330 161
1880340 161
1880350 161
1880360 161
1880370 161
1880380 161
1880390 162
1880400 162
1880410 162
1880420 162
1880430 162
1880440 162
1880450 163
1880460 163
1880470 163
1880480 163
1880490 163
1880500 163
1880510 163
1880520 163
1880530 164
1880540 164
1880550 164
1880560 165
1880570 165
1880580 165
1880590 166
1880600 166
1880610 166
1880620 166
1880630 167
1880640 167
1880650 167
1880660 167
1880670 167
1880680 168
1880690 168
1880700 168
1880710 169
1880720 169
1880730 169
1880740 170
1880750 170
1880760 170
1880770 171
1880780 171
1880790 171
1880800 172
1880810 172
1880820 172
1880830 173
1880840 173
1880850 173
1880860 174
1880870 174
1880880 174
1880890 174
1880900 175
1880910 175
1880920 175
1880930 175
1880940 175
1880950 176
1880960 176
1880970 176
1880980 176
1880990 176
1881000 176
1881010 176
1881020 176
1881030 176
1881040 176
1881050 176
1881060 176
1881070 176
1881080 176
1881090 176
1881100 176
1881110 175
1881120 175
1881130 175
1881140 175
1881150 175
1881160 175
1881170 174
1881180 174
1881190 174
1881200 175
1881210 175
1881220 174
1881230 174
1881240 174
1881250 174
1881260 173
1881270 173
1881280 173
1881290 173
1881300 173
1881310 173
1881320 173
1881330 173
1881340 173
1881350 172
1881360 172
1881370 172
1881380 172
1881390 172
1881400 172
1881410 171
1881420 171
1881430 171
1881440 171
1881450 171
1881460 171
1881470 170
1881480 170
1881490 170
1881500 170
1881510 170
1881520 170
1881530 169
1881540 169
1881550 169
1881560 169
1881570 168
1881580 168
1881590 168
1881600 168
1881610 168
1881620 168
1881630 167
1881640 167
1881650 167
1881660 167
1881670 167
1881680 166
1881690 166
1881700 166
1881710 166
1881720 166
1881730 166
1881740 165
1881750 165
1881760 165
1881770 165
1881780 165
1881790 165
1881800 164
1881810 164
1881820 164
1881830 164
1881840 163
1881850 163
1881860 163
1881870 163
1881880 163
1881890 162
1881900 162
1881910 162
1881920 161
1881930 161
1881940 161
1881950 161
1881960 160
1881970 160
1881980 160
1881990 160
1882000 160
1882010 160
1882020 160
1882030 160
1882040 160
1882050 160
1882060 160
1882070 160
1882080 160
1882090 160
1882100 160
1882110 160
1882120 160
1882130 161
1882140 161
1882150 161
1882160 161
1882170 162
1882180 161
1882190 161
1882200 162
1882210 162
1882220 162
1882230 163
1882240 163
1882250 163
1882260 164
1882270 164
1882280 164
1882290 165
1882300 165
1882310 165
1882320 165
1882330 165
1882340 165
1882350 165
1882360 165
1882370 166
1882380 166
1882390 166
1882400 166
1882410 166
1882420 166
1882430 166
1882440 166
1882450 166
1882460 166
1882470 167
1882480 167
1882490 167
1882500 168
1882510 168
1882520 168
1882530 169
1882540 169
1882550 170
1882560 170
1882570 170
1882580 170
1882590 170
1882600 170
1882610 170
1882620 170
1882630 170
1882640 170
1882650 170
1882660 170
1882670 170
1882680 170
1882690 170
1882700 169
1882710 169
1882720 169
1882730 169
1882740 170
1882750 170
1882760 170
1882770 170
1882780 170
1882790 170
1882800 169
1882810 169
1882820 169
1882830 168
1882840 168
1882850 167
1882860 166
1882870 166
1882880 165
1882890 164
1882900 164
1882910 162
1882920 161
1882930 161
1882940 161
1882950 160
1882960 160
1882970 160
1882980 160
1882990 161
1883000 161
1883010 161
1883020 160
1883030 160
1883040 160
1883050 159
1883060 159
1883070 159
1883080 158
1883090 158
1883100 157
1883110 156
1883120 156
1883130 156
1883140 155
1883150 155
1883160 154
1883170 154
1883180 154
1883190 153
1883200 153
1883210 153
1883220 153
1883230 153
1883240 153
1883250 153
1883260 152
1883270 152
1883280 152
1883290 151
1883300 151
1883310 151
1883320 151
1883330 151
1883340 150
1883350 150
1883360 150
1883370 149
1883380 149
1883390 149
1883400 149
1883410 149
1883420 149
1883430 149
1883440 148
1883450 148
1883460 148
1883470 148
1883480 147
1883490 147
1883500 146
1883510 146
1883520 145
1883530 144
1883540 144
1883550 143
1883560 143
1883570 143
1883580 142
1883590 142
1883600 142
1883610 142
1883620 142
1883630 142
1883640 142
1883650 142
1883660 142
1883670 142
1883680 142
1883690 142
1883700 143
1883710 143
1883720 143
1883730 144
1883740 144
1883750 144
1883760 144
1883770 143
1883780 143
1883790 143
1883800 143
1883810 143
1883820 143
1883830 143
1883840 143
1883850 143
1883860 142
1883870 142
1883880 142
1883890 142
1883900 142
1883910 143
1883920 143
1883930 143
1883940 143
1883950 143
1883960 143
1883970 143
1883980 143
1883990 143
1884000 143
1884010 142
1884020 142
1884030 142
1884040 142
1884050 142
1884060 142
1884070 142
1884080 142
1884090 142
1884100 142
1884110 142
1884120 142
1884130 142
1884140 142
1884150 143
1884160 143
1884170 143
1884180 143
1884190 143
1884200 143
1884210 143
1884220 143
1884230 143
1884240 143
1884250 143
1884260 143
1884270 142
1884280 142
1884290 142
1884300 141
1884310 142
1884320 142
1884330 142
1884340 142
1884350 142
1884360 143
1884370 142
1884380 142
1884390 142
1884400 142
1884410 142
1884420 141
1884430 141
1884440 141
1884450 144
1884460 144
1884470 144
1884480 145
1884490 145
1884500 145
1884510 145
1884520 144
1884530 144
1884540 145
1884550 146
1884560 147
1884570 147
1884580 147
1884590 147
1884600 147
1884610 147
1884620 147
1884630 147
1884640 147
1884650 147
1884660 147
1884670 147
1884680 147
1884690 147
1884700 147
1884710 147
1884720 147
1884730 147
1884740 148
1884750 148
1884760 148
1884770 149
1884780 149
1884790 149
1884800 149
1884810 149
1884820 149
1884830 149
1884840 149
1884850 149
1884860 149
1884870 149
1884880 149
1884890 149
1884900 149
1884910 149
1884920 149
1884930 149
1884940 149
1884950 149
1884960 149
1884970 149
1884980 149
1884990 149
1885000 149
1885010 149
1885020 149
1885030 149
1885040 149
1885050 149
1885060 149
1885070 149
1885080 149
1885090 150
1885100 150
1885110 150
1885120 151
1885130 151
1885140 151
1885150 151
1885160 151
1885170 151
1885180 151
1885190 151
1885200 151
1885210 151
1885220 151
1885230 151
1885240 151
1885250 151
1885260 151
1885270 151
1885280 151
1885290 151
1885300 151
1885310 151
1885320 151
1885330 151
1885340 151
1885350 151
1885360 152
1885370 152
1885380 152
1885390 152
1885400 152
1885410 152
1885420 153
1885430 153
1885440 153
1885450 153
1885460 153
1885470 153
1885480 154
1885490 154
1885500 154
1885510 153
1885520 153
1885530 153
1885540 154
1885550 154
1885560 154
1885570 154
1885580 154
1885590 154
1885600 154
1885610 154
1885620 154
1885630 154
1885640 154
1885650 154
1885660 154
1885670 154
1885680 154
1885690 154
1885700 154
1885710 154
1885720 154
1885730 154
1885740 155
1885750 154
1885760 154
1885770 154
1885780 154
1885790 154
1885800 154
1885810 154
1885820 154
1885830 154
1885840 154
1885850 154
1885860 154
1885870 155
1885880 155
1885890 155
1885900 155
1885910 155
1885920 155
1885930 155
1885940 155
1885950 155
1885960 155
1885970 155
1885980 155
1885990 155
1886000 156
1886010 156
1886020 155
1886030 155
1886040 155
1886050 155
1886060 156
1886070 156
1886080 156
1886090 156
1886100 155
1886110 155
1886120 155
1886130 155
1886140 155
1886150 155
1886160 155
1886170 155
1886180 155
1886190 155
1886200 155
1886210 155
1886220 154
1886230 154
1886240 154
1886250 154
1886260 154
1886270 154
1886280 154
1886290 154
1886300 154
1886310 155
1886320 155
1886330 156
1886340 158
1886350 158
1886360 159
1886370 160
1886380 162
1886390 163
1886400 164
1886410 164
1886420 164
1886430 164
1886440 164
1886450 164
1886460 164
1886470 164
1886480 165
1886490 165
1886500 165
1886510 165
1886520 166
1886530 166
1886540 167
1886550 167
1886560 167
1886570 168
1886580 168
1886590 168
1886600 168
1886610 168
1886620 168
1886630 168
1886640 168
1886650 168
1886660 167
1886670 167
1886680 167
1886690 167
1886700 166
1886710 166
1886720 166
1886730 165
1886740 165
1886750 164
1886760 163
1886770 163
1886780 162
1886790 161
1886800 161
1886810 160
1886820 160
1886830 160
1886840 160
1886850 159
1886860 159
1886870 159
1886880 159
1886890 159
1886900 159
1886910 159
1886920 159
1886930 159
1886940 159
1886950 159
1886960 159
1886970 159
1886980 159
1886990 159
1887000 159
1887010 159
1887020 160
1887030 160
1887040 160
1887050 161
1887060 161
1887070 161
1887080 161
1887090 161
1887100 161
1887110 161
1887120 161
1887130 161
1887140 161
1887150 160
1887160 160
1887170 160
1887180 159
1887190 159
1887200 160
1887210 160
1887220 160
1887230 160
1887240 161
1887250 161
1887260 161
1887270 162
1887280 162
1887290 162
1887300 162
1887310 162
1887320 162
1887330 162
1887340 162
1887350 162
1887360 162
1887370 162
1887380 162
1887390 162
1887400 162
1887410 162
1887420 161
1887430 161
1887440 161
1887450 161
1887460 161
1887470 161
1887480 161
1887490 161
1887500 161
1887510 161
1887520 161
1887530 161
1887540 160
1887550 160
1887560 160
1887570 160
1887580 160
1887590 160
1887600 160
1887610 160
1887620 160
1887630 160
1887640 160
1887650 160
1887660 160
1887670 160
1887680 160
1887690 160
1887700 160
1887710 160
1887720 159
1887730 159
1887740 159
1887750 159
1887760 159
1887770 159
1887780 159
1887790 159
1887800 159
1887810 159
1887820 159
1887830 159
1887840 159
1887850 159
1887860 159
1887870 159
1887880 158
1887890 158
1887900 158
1887910 158
1887920 158
1887930 158
1887940 158
1887950 158
1887960 158
1887970 158
1887980 158
1887990 158
1888000 158
1888010 158
1888020 158
1888030 158
1888040 158
1888050 158
1888060 158
1888070 158
1888080 158
1888090 158
1888100 158
1888110 158
1888120 158
1888130 158
1888140 158
1888150 158
1888160 158
1888170 158
1888180 158
1888190 158
1888200 158
1888210 158
1888220 158
1888230 158
1888240 157
1888250 157
1888260 157
1888270 157
1888280 157
1888290 157
1888300 157
1888310 157
1888320 157
1888330 157
1888340 157
1888350 157
1888360 157
1888370 157
1888380 157
1888390 157
1888400 157
1888410 157
1888420 157
1888430 157
1888440 157
1888450 157
1888460 157
1888470 157
1888480 157
1888490 157
1888500 156
1888510 156
1888520 156
1888530 156
1888540 156
1888550 156
1888560 156
1888570 156
1888580 156
1888590 156
1888600 156
1888610 156
1888620 156
1888630 155
1888640 155
1888650 155
1888660 155
1888670 155
1888680 155
1888690 155
1888700 155
1888710 155
1888720 154
1888730 154
1888740 154
1888750 154
1888760 154
1888770 154
1888780 153
1888790 153
1888800 153
1888810 153
1888820 153
1888830 153
1888840 153
1888850 153
1888860 153
1888870 153
1888880 153
1888890 153
1888900 152
1888910 152
1888920 152
1888930 152
1888940 152
1888950 152
1888960 152
1888970 152
1888980 152
1888990 152
1889000 152
1889010 152
1889020 152
1889030 152
1889040 152
1889050 152
1889060 152
1889070 152
1889080 152
1889090 152
1889100 151
1889110 151
1889120 151
1889130 152
1889140 152
1889150 152
1889160 152
1889170 152
1889180 152
1889190 152
1889200 152
1889210 152
1889220 152
1889230 152
1889240 152
1889250 152
1889260 152
1889270 152
1889280 152
1889290 152
1889300 152
1889310 152
1889320 152
1889330 152
1889340 152
1889350 152
1889360 152
1889370 152
1889380 152
1889390 151
1889400 151
1889410 151
1889420 151
1889430 151
1889440 151
1889450 151
1889460 151
1889470 151
1889480 151
1889490 151
1889500 151
1889510 151
1889520 151
1889530 151
1889540 151
1889550 151
1889560 151
1889570 151
1889580 151
1889590 150
1889600 150
1889610 150
1889620 150
1889630 150
1889640 150
1889650 150
1889660 150
1889670 150
1889680 150
1889690 150
1889700 150
1889710 150
1889720 150
1889730 150
1889740 150
1889750 150
1889760 150
1889770 150
1889780 150
1889790 150
1889800 150
1889810 150
1889820 150
1889830 150
1889840 150
1889850 150
1889860 150
1889870 150
1889880 150
1889890 150
1889900 150
1889910 150
1889920 150
1889930 150
1889940 150
1889950 150
1889960 150
1889970 150
1889980 150
1889990 149
1890000 149
1890010 149
1890020 149
1890030 149
1890040 149
1890050 149
1890060 149
1890070 149
1890080 149
1890090 149
1890100 149
1890110 149
1890120 149
1890130 149
1890140 149
1890150 149
1890160 149
1890170 149
1890180 149
1890190 149
1890200 149
1890210 149
1890220 149
1890230 149
1890240 149
1890250 149
1890260 149
1890270 149
1890280 149
1890290 149
1890300 149
1890310 149
1890320 149
1890330 149
1890340 149
1890350 149
1890360 149
1890370 149
1890380 149
1890390 149
1890400 149
1890410 149
1890420 149
1890430 148
1890440 148
1890450 148
1890460 148
1890470 148
1890480 148
1890490 148
1890500 148
1890510 148
1890520 148
1890530 148
1890540 147
1890550 147
1890560 147
1890570 147
1890580 146
1890590 146
1890600 146
1890610 145
1890620 145
1890630 145
1890640 145
1890650 145
1890660 145
1890670 145
1890680 145
1890690 145
1890700 145
1890710 145
1890720 145
1890730 145
1890740 145
1890750 145
1890760 145
1890770 145
1890780 145
1890790 145
1890800 144
1890810 144
1890820 144
1890830 145
1890840 144
1890850 144
1890860 144
1890870 144
1890880 144
1890890 144
1890900 144
1890910 144
1890920 144
1890930 144
1890940 144
1890950 144
1890960 144
1890970 144
1890980 144
1890990 144
1891000 144
1891010 144
1891020 145
1891030 145
1891040 145
1891050 145
1891060 145
1891070 146
1891080 146
1891090 146
1891100 146
1891110 147
1891120 147
1891130 147
1891140 147
1891150 147
1891160 147
1891170 146
1891180 146
1891190 143
1891200 141
1891210 141
1891220 140
1891230 140
1891240 140
1891250 140
1891260 140
1891270 140
1891280 141
1891290 141
1891300 141
1891310 142
1891320 140
1891330 140
1891340 141
1891350 145
1891360 145
1891370 145
1891380 145
1891390 145
1891400 145
1891410 144
1891420 144
1891430 143
1891440 142
1891450 142
1891460 142
1891470 142
1891480 142
1891490 141
1891500 141
1891510 141
1891520 141
1891530 141
1891540 141
1891550 141
1891560 140
1891570 140
1891580 140
1891590 141
1891600 141
1891610 141
1891620 141
1891630 141
1891640 141
1891650 141
1891660 141
1891670 141
1891680 141
1891690 141
1891700 140
1891710 140
1891720 140
1891730 140
1891740 140
1891750 140
1891760 140
1891770 140
1891780 140
1891790 140
1891800 140
1891810 140
1891820 140
1891830 140
1891840 140
1891850 140
1891860 140
1891870 140
1891880 140
1891890 143
1891900 143
1891910 146
1891920 146
1891930 146
1891940 146
1891950 143
1891960 143
1891970 144
1891980 145
1891990 145
1892000 142
1892010 140
1892020 140
1892030 140
1892040 140
1892050 140
1892060 140
1892070 139
1892080 139
1892090 139
1892100 139
1892110 139
1892120 139
1892130 139
1892140 139
1892150 139
1892160 139
1892170 139
1892180 138
1892190 138
1892200 138
1892210 138
1892220 138
1892230 138
1892240 138
1892250 138
1892260 138
1892270 138
1892280 138
1892290 138
1892300 138
1892310 138
1892320 138
1892330 138
1892340 138
1892350 138
1892360 138
1892370 138
1892380 138
1892390 138
1892400 137
1892410 137
1892420 137
1892430 137
1892440 137
1892450 137
1892460 137
1892470 137
1892480 137
1892490 137
1892500 137
1892510 137
1892520 137
1892530 137
1892540 137
1892550 137
1892560 137
1892570 137
1892580 137
1892590 137
1892600 137
1892610 137
1892620 137
1892630 137
1892640 137
1892650 137
1892660 137
1892670 137
1892680 137
1892690 137
1892700 136
1892710 136
1892720 136
1892730 136
1892740 136
1892750 136
1892760 136
1892770 136
1892780 136
1892790 136
1892800 136
1892810 136
1892820 136
1892830 136
1892840 136
1892850 136
1892860 136
1892870 136
1892880 136
1892890 136
1892900 136
1892910 136
1892920 136
1892930 136
1892940 136
1892950 136
1892960 136
1892970 136
1892980 136
1892990 136
1893000 135
1893010 135
1893020 135
1893030 135
1893040 135
1893050 135
1893060 135
1893070 135
1893080 135
1893090 135
1893100 135
1893110 135
1893120 135
1893130 135
1893140 135
1893150 135
1893160 135
1893170 135
1893180 135
1893190 135
1893200 135
1893210 135
1893220 135
1893230 135
1893240 135
1893250 135
1893260 135
1893270 135
1893280 135
1893290 135
1893300 135
1893310 135
1893320 135
1893330 135
1893340 135
1893350 135
1893360 135
1893370 135
1893380 135
1893390 135
1893400 134
1893410 134
1893420 135
1893430 135
1893440 135
1893450 135
1893460 135
1893470 135
1893480 135
1893490 135
1893500 135
1893510 134
1893520 134
1893530 134
1893540 134
1893550 134
1893560 134
1893570 134
1893580 134
1893590 134
1893600 134
1893610 135
1893620 135
1893630 134
1893640 134
1893650 134
1893660 135
1893670 134
1893680 134
1893690 134
1893700 134
1893710 134
1893720 134
1893730 134
1893740 134
1893750 134
1893760 134
1893770 134
1893780 134
1893790 134
1893800 134
1893810 134
1893820 134
1893830 134
1893840 135
1893850 135
1893860 135
1893870 135
1893880 135
1893890 135
1893900 135
1893910 135
1893920 135
1893930 134
1893940 134
1893950 134
1893960 134
1893970 134
1893980 135
1893990 135
1894000 135
1894010 135
1894020 135
1894030 135
1894040 135
1894050 135
1894060 135
1894070 134
1894080 134
1894090 134
1894100 134
1894110 134
1894120 135
1894130 135
1894140 135
1894150 135
1894160 135
1894170 135
1894180 135
1894190 135
1894200 135
1894210 135
1894220 135
1894230 135
1894240 135
1894250 135
1894260 135
1894270 135
1894280 135
1894290 135
1894300 135
1894310 135
1894320 135
1894330 135
1894340 135
1894350 135
1894360 135
1894370 135
1894380 135
1894390 135
1894400 135
1894410 135
1894420 135
1894430 135
1894440 135
1894450 135
1894460 135
1894470 135
1894480 135
1894490 135
1894500 135
1894510 135
1894520 135
1894530 135
1894540 135
1894550 135
1894560 135
1894570 135
1894580 135
1894590 135
1894600 135
1894610 135
1894620 135
1894630 135
1894640 135
1894650 135
1894660 135
1894670 135
1894680 135
1894690 135
1894700 135
1894710 135
1894720 135
1894730 135
1894740 135
1894750 135
1894760 135
1894770 135
1894780 135
1894790 135
1894800 135
1894810 135
1894820 135
1894830 135
1894840 135
1894850 135
1894860 135
1894870 135
1894880 135
1894890 135
1894900 135
1894910 135
1894920 135
1894930 135
1894940 135
1894950 135
1894960 135
1894970 135
1894980 135
1894990 135
1895000 135
1895010 135
1895020 135
1895030 135
1895040 135
1895050 135
1895060 135
1895070 135
1895080 135
1895090 135
1895100 135
1895110 135
1895120 135
1895130 135
1895140 135
1895150 135
1895160 135
1895170 135
1895180 135
1895190 135
1895200 135
1895210 135
1895220 135
1895230 135
1895240 135
1895250 135
1895260 135
1895270 135
1895280 135
1895290 135
1895300 135
1895310 135
1895320 135
1895330 135
1895340 135
1895350 135
1895360 135
1895370 135
1895380 135
1895390 135
1895400 135
1895410 135
1895420 134
1895430 134
1895440 134
1895450 134
1895460 134
1895470 134
1895480 134
1895490 134
1895500 134
1895510 134
1895520 134
1895530 134
1895540 134
1895550 134
1895560 135
1895570 135
1895580 135
1895590 135
1895600 134
1895610 134
1895620 134
1895630 134
1895640 135
1895650 135
1895660 135
1895670 135
1895680 135
1895690 135
1895700 135
1895710 135
1895720 135
1895730 135
1895740 135
1895750 135
1895760 135
1895770 135
1895780 135
1895790 135
1895800 135
1895810 135
1895820 135
1895830 135
1895840 135
1895850 136
1895860 136
1895870 136
1895880 136
1895890 136
1895900 135
1895910 135
1895920 135
1895930 136
1895940 136
1895950 136
1895960 136
1895970 136
1895980 136
1895990 136
1896000 135
1896010 135
1896020 135
1896030 135
1896040 135
1896050 135
1896060 135
1896070 135
1896080 136
1896090 136
1896100 136
1896110 136
1896120 135
1896130 135
1896140 135
1896150 135
1896160 135
1896170 135
1896180 135
1896190 135
1896200 135
1896210 135
1896220 135
1896230 135
1896240 135
1896250 135
1896260 135
1896270 135
1896280 135
1896290 135
1896300 136
1896310 136
1896320 136
1896330 136
1896340 136
1896350 135
1896360 135
1896370 135
1896380 135
1896390 135
1896400 135
1896410 135
1896420 135
1896430 135
1896440 135
1896450 135
1896460 135
1896470 135
1896480 135
1896490 135
1896500 135
1896510 135
1896520 135
1896530 135
1896540 135
1896550 135
1896560 135
1896570 135
1896580 135
1896590 135
1896600 136
1896610 136
1896620 136
1896630 136
1896640 136
1896650 136
1896660 136
1896670 136
1896680 136
1896690 136
1896700 136
1896710 135
1896720 136
1896730 136
1896740 136
1896750 136
1896760 136
1896770 136
1896780 136
1896790 136
1896800 136
1896810 136
1896820 136
1896830 136
1896840 136
1896850 136
1896860 136
1896870 136
1896880 136
1896890 136
1896900 136
1896910 136
1896920 136
1896930 136
1896940 136
1896950 136
1896960 136
1896970 136
1896980 136
1896990 136
1897000 136
1897010 136
1897020 136
1897030 136
1897040 136
1897050 136
1897060 136
1897070 135
1897080 135
1897090 135
1897100 135
1897110 135
1897120 135
1897130 135
1897140 135
1897150 135
1897160 135
1897170 135
1897180 135
1897190 135
1897200 135
1897210 135
1897220 135
1897230 135
1897240 135
1897250 135
1897260 135
1897270 135
1897280 135
1897290 135
1897300 135
1897310 135
1897320 135
1897330 135
1897340 135
1897350 135
1897360 135
1897370 135
1897380 135
1897390 136
1897400 136
1897410 136
1897420 136
1897430 136
1897440 136
1897450 136
1897460 136
1897470 136
1897480 136
1897490 136
1897500 136
1897510 135
1897520 135
1897530 135
1897540 135
1897550 135
1897560 135
1897570 135
1897580 135
1897590 135
1897600 135
1897610 135
1897620 135
1897630 135
1897640 135
1897650 135
1897660 135
1897670 135
1897680 135
1897690 135
1897700 135
1897710 135
1897720 136
1897730 136
1897740 136
1897750 135
1897760 135
1897770 135
1897780 135
1897790 135
1897800 135
1897810 135
1897820 135
1897830 135
1897840 135
1897850 135
1897860 135
1897870 135
1897880 135
1897890 135
1897900 135
1897910 135
1897920 135
1897930 135
1897940 135
1897950 135
1897960 135
1897970 135
1897980 135
1897990 135
1898000 135
1898010 135
1898020 135
1898030 135
1898040 135
1898050 135
1898060 135
1898070 135
1898080 135
1898090 135
1898100 135
1898110 135
1898120 135
1898130 135
1898140 135
1898150 135
1898160 135
1898170 135
1898180 135
1898190 135
1898200 135
1898210 135
1898220 135
1898230 135
1898240 135
1898250 135
1898260 135
1898270 135
1898280 135
1898290 135
1898300 135
1898310 135
1898320 135
1898330 135
1898340 135
1898350 135
1898360 135
1898370 135
1898380 135
1898390 135
1898400 135
1898410 135
1898420 135
1898430 135
1898440 135
1898450 135
1898460 135
1898470 135
1898480 135
1898490 135
1898500 135
1898510 135
1898520 135
1898530 135
1898540 135
1898550 135
1898560 135
1898570 135
1898580 135
1898590 135
1898600 135
1898610 135
1898620 135
1898630 135
1898640 135
1898650 135
1898660 135
1898670 135
1898680 135
1898690 135
1898700 135
1898710 135
1898720 135
1898730 135
1898740 135
1898750 135
1898760 135
1898770 135
1898780 135
1898790 135
1898800 135
1898810 135
1898820 135
1898830 135
1898840 135
1898850 135
1898860 135
1898870 135
1898880 135
1898890 135
1898900 135
1898910 135
1898920 135
1898930 135
1898940 135
1898950 135
1898960 135
1898970 135
1898980 135
1898990 135
1899000 135
1899010 135
1899020 135
1899030 135
1899040 135
1899050 135
1899060 135
1899070 135
1899080 135
1899090 135
1899100 135
1899110 135
1899120 135
1899130 135
1899140 135
1899150 135
1899160 135
1899170 135
1899180 135
1899190 135
1899200 135
1899210 135
1899220 135
1899230 135
1899240 135
1899250 135
1899260 135
1899270 135
1899280 135
1899290 135
1899300 135
1899310 135
1899320 135
1899330 135
1899340 135
1899350 135
1899360 135
1899370 135
1899380 135
1899390 135
1899400 134
1899410 134
1899420 134
1899430 134
1899440 134
1899450 134
1899460 134
1899470 135
1899480 135
1899490 134
1899500 134
1899510 134
1899520 134
1899530 135
1899540 135
1899550 135
1899560 135
1899570 135
1899580 135
1899590 135
1899600 135
1899610 135
1899620 135
1899630 135
1899640 135
1899650 135
1899660 135
1899670 135
1899680 135
1899690 135
1899700 136
1899710 137
1899720 137
1899730 137
1899740 138
1899750 138
1899760 138
1899770 139
1899780 139
1899790 139
1899800 139
1899810 139
1899820 139
1899830 139
1899840 139
1899850 138
1899860 138
1899870 138
1899880 138
1899890 138
1899900 138
1899910 138
1899920 138
1899930 138
1899940 138
1899950 137
1899960 137
1899970 137
1899980 137
1899990 137
