1880000 158
1880010 158
1880020 158
1880030 158
1880040 158
1880050 158
1880060 158
1880070 158
1880080 158
1880090 158
1880100 158
1880110 158
1880120 158
1880130 158
1880140 158
1880150 158
1880160 158
1880170 158
1880180 158
1880190 158
1880200 159
1880210 159
1880220 159
1880230 159
1880240 159
1880250 159
1880260 160
1880270 160
1880280 160
1880290 160
1880300 160
1880310 160
1880320 160
1880330 160
1880340 160
1880350 160
1880360 160
1880370 161
1880380 161
1880390 161
1880400 161
1880410 161
1880420 161
1880430 161
1880440 162
1880450 162
1880460 162
1880470 162
1880480 162
1880490 162
1880500 163
1880510 163
1880520 163
1880530 163
1880540 163
1880550 164
1880560 164
1880570 164
1880580 165
1880590 165
1880600 165
1880610 165
1880620 166
1880630 166
1880640 166
1880650 167
1880660 166
1880670 167
1880680 167
1880690 167
1880700 168
1880710 169
1880720 169
1880730 169
1880740 170
1880750 170
1880760 170
1880770 170
1880780 170
1880790 171
1880800 171
1880810 171
1880820 172
1880830 172
1880840 172
1880850 172
1880860 173
1880870 173
1880880 173
1880890 174
1880900 174
1880910 174
1880920 175
1880930 175
1880940 175
1880950 176
1880960 176
1880970 176
1880980 176
1880990 176
1881000 177
1881010 177
1881020 177
1881030 177
1881040 177
1881050 177
1881060 178
1881070 178
1881080 178
1881090 178
1881100 178
1881110 178
1881120 177
1881130 177
1881140 177
1881150 177
1881160 177
1881170 177
1881180 176
1881190 176
1881200 176
1881210 175
1881220 175
1881230 175
1881240 175
1881250 174
1881260 174
1881270 174
1881280 173
1881290 173
1881300 173
1881310 172
1881320 172
1881330 172
1881340 172
1881350 172
1881360 171
1881370 171
1881380 171
1881390 171
1881400 170
1881410 170
1881420 170
1881430 170
1881440 170
1881450 169
1881460 169
1881470 169
1881480 169
1881490 169
1881500 169
1881510 168
1881520 168
1881530 168
1881540 168
1881550 168
1881560 168
1881570 168
1881580 168
1881590 168
1881600 167
1881610 167
1881620 167
1881630 166
1881640 166
1881650 166
1881660 166
1881670 165
1881680 165
1881690 165
1881700 165
1881710 165
1881720 165
1881730 164
1881740 164
1881750 164
1881760 164
1881770 164
1881780 164
1881790 163
1881800 163
1881810 163
1881820 163
1881830 162
1881840 162
1881850 162
1881860 162
1881870 162
1881880 162
1881890 162
1881900 162
1881910 161
1881920 161
1881930 161
1881940 160
1881950 160
1881960 160
1881970 160
1881980 160
1881990 160
1882000 159
1882010 159
1882020 159
1882030 158
1882040 158
1882050 158
1882060 158
1882070 157
1882080 157
1882090 157
1882100 157
1882110 157
1882120 157
1882130 157
1882140 157
1882150 157
1882160 158
1882170 158
1882180 158
1882190 159
1882200 159
1882210 159
1882220 160
1882230 160
1882240 160
1882250 160
1882260 160
1882270 160
1882280 161
1882290 160
1882300 160
1882310 161
1882320 161
1882330 161
1882340 161
1882350 161
1882360 160
1882370 160
1882380 160
1882390 160
1882400 160
1882410 160
1882420 160
1882430 161
1882440 161
1882450 161
1882460 162
1882470 162
1882480 162
1882490 162
1882500 162
1882510 163
1882520 163
1882530 163
1882540 163
1882550 163
1882560 163
1882570 163
1882580 164
1882590 164
1882600 164
1882610 163
1882620 163
1882630 163
1882640 164
1882650 164
1882660 164
1882670 164
1882680 164
1882690 164
1882700 164
1882710 164
1882720 163
1882730 163
1882740 163
1882750 162
1882760 161
1882770 161
1882780 161
1882790 161
1882800 161
1882810 161
1882820 161
1882830 161
1882840 160
1882850 160
1882860 160
1882870 160
1882880 159
1882890 159
1882900 159
1882910 158
1882920 158
1882930 158
1882940 156
1882950 156
1882960 156
1882970 155
1882980 155
1882990 154
1883000 154
1883010 154
1883020 153
1883030 152
1883040 152
1883050 152
1883060 151
1883070 151
1883080 151
1883090 151
1883100 151
1883110 151
1883120 151
1883130 151
1883140 151
1883150 151
1883160 151
1883170 150
1883180 150
1883190 150
1883200 150
1883210 149
1883220 149
1883230 149
1883240 148
1883250 148
1883260 147
1883270 147
1883280 147
1883290 147
1883300 147
1883310 147
1883320 147
1883330 147
1883340 145
1883350 145
1883360 144
1883370 143
1883380 143
1883390 143
1883400 143
1883410 143
1883420 143
1883430 143
1883440 143
1883450 143
1883460 143
1883470 143
1883480 142
1883490 141
1883500 141
1883510 143
1883520 144
1883530 144
1883540 143
1883550 143
1883560 143
1883570 143
1883580 143
1883590 143
1883600 143
1883610 143
1883620 143
1883630 143
1883640 143
1883650 143
1883660 143
1883670 143
1883680 143
1883690 143
1883700 143
1883710 143
1883720 143
1883730 143
1883740 143
1883750 143
1883760 143
1883770 143
1883780 143
1883790 143
1883800 143
1883810 143
1883820 143
1883830 143
1883840 143
1883850 143
1883860 143
1883870 143
1883880 143
1883890 143
1883900 143
1883910 143
1883920 143
1883930 143
1883940 143
1883950 143
1883960 143
1883970 143
1883980 143
1883990 144
1884000 144
1884010 144
1884020 144
1884030 144
1884040 144
1884050 144
1884060 145
1884070 145
1884080 146
1884090 146
1884100 146
1884110 146
1884120 146
1884130 146
1884140 147
1884150 147
1884160 147
1884170 147
1884180 147
1884190 147
1884200 147
1884210 147
1884220 147
1884230 147
1884240 147
1884250 147
1884260 147
1884270 147
1884280 147
1884290 148
1884300 148
1884310 148
1884320 148
1884330 148
1884340 148
1884350 148
1884360 148
1884370 148
1884380 148
1884390 148
1884400 148
1884410 148
1884420 149
1884430 149
1884440 149
1884450 149
1884460 149
1884470 149
1884480 149
1884490 149
1884500 150
1884510 150
1884520 150
1884530 151
1884540 151
1884550 152
1884560 152
1884570 153
1884580 153
1884590 153
1884600 153
1884610 153
1884620 152
1884630 152
1884640 152
1884650 152
1884660 152
1884670 152
1884680 152
1884690 152
1884700 152
1884710 152
1884720 152
1884730 152
1884740 153
1884750 153
1884760 153
1884770 153
1884780 153
1884790 153
1884800 153
1884810 153
1884820 153
1884830 153
1884840 153
1884850 153
1884860 153
1884870 153
1884880 153
1884890 153
1884900 153
1884910 153
1884920 153
1884930 153
1884940 153
1884950 153
1884960 152
1884970 152
1884980 152
1884990 152
1885000 152
1885010 152
1885020 152
1885030 152
1885040 152
1885050 152
1885060 153
1885070 153
1885080 153
1885090 153
1885100 153
1885110 153
1885120 153
1885130 153
1885140 153
1885150 153
1885160 153
1885170 153
1885180 154
1885190 154
1885200 154
1885210 155
1885220 155
1885230 155
1885240 155
1885250 155
1885260 155
1885270 155
1885280 155
1885290 155
1885300 155
1885310 155
1885320 155
1885330 155
1885340 155
1885350 155
1885360 155
1885370 155
1885380 156
1885390 156
1885400 156
1885410 156
1885420 156
1885430 156
1885440 156
1885450 156
1885460 156
1885470 157
1885480 157
1885490 157
1885500 157
1885510 157
1885520 157
1885530 157
1885540 157
1885550 157
1885560 157
1885570 157
1885580 157
1885590 157
1885600 158
1885610 158
1885620 158
1885630 158
1885640 158
1885650 158
1885660 158
1885670 158
1885680 158
1885690 158
1885700 158
1885710 158
1885720 159
1885730 159
1885740 159
1885750 158
1885760 158
1885770 158
1885780 158
1885790 158
1885800 158
1885810 158
1885820 158
1885830 158
1885840 158
1885850 158
1885860 159
1885870 159
1885880 159
1885890 159
1885900 160
1885910 160
1885920 160
1885930 160
1885940 160
1885950 160
1885960 160
1885970 160
1885980 161
1885990 161
1886000 161
1886010 161
1886020 161
1886030 161
1886040 162
1886050 162
1886060 162
1886070 162
1886080 162
1886090 162
1886100 162
1886110 162
1886120 162
1886130 162
1886140 162
1886150 162
1886160 162
1886170 162
1886180 162
1886190 162
1886200 162
1886210 162
1886220 161
1886230 161
1886240 161
1886250 160
1886260 160
1886270 160
1886280 159
1886290 159
1886300 159
1886310 159
1886320 160
1886330 160
1886340 161
1886350 163
1886360 163
1886370 165
1886380 167
1886390 167
1886400 169
1886410 170
1886420 170
1886430 171
1886440 171
1886450 171
1886460 171
1886470 171
1886480 171
1886490 171
1886500 171
1886510 171
1886520 171
1886530 171
1886540 171
1886550 171
1886560 170
1886570 170
1886580 170
1886590 170
1886600 169
1886610 169
1886620 168
1886630 166
1886640 166
1886650 166
1886660 165
1886670 165
1886680 164
1886690 164
1886700 164
1886710 163
1886720 162
1886730 162
1886740 162
1886750 162
1886760 162
1886770 162
1886780 161
1886790 161
1886800 161
1886810 162
1886820 162
1886830 162
1886840 162
1886850 162
1886860 163
1886870 163
1886880 163
1886890 164
1886900 164
1886910 164
1886920 165
1886930 165
1886940 165
1886950 165
1886960 165
1886970 165
1886980 165
1886990 165
1887000 165
1887010 165
1887020 165
1887030 165
1887040 165
1887050 164
1887060 164
1887070 164
1887080 163
1887090 163
1887100 163
1887110 162
1887120 162
1887130 162
1887140 163
1887150 163
1887160 163
1887170 162
1887180 162
1887190 163
1887200 163
1887210 163
1887220 164
1887230 164
1887240 164
1887250 164
1887260 164
1887270 164
1887280 164
1887290 164
1887300 164
1887310 164
1887320 164
1887330 164
1887340 164
1887350 164
1887360 164
1887370 164
1887380 164
1887390 164
1887400 163
1887410 163
1887420 163
1887430 163
1887440 163
1887450 163
1887460 163
1887470 163
1887480 163
1887490 163
1887500 162
1887510 162
1887520 162
1887530 162
1887540 162
1887550 162
1887560 162
1887570 162
1887580 162
1887590 162
1887600 162
1887610 161
1887620 161
1887630 161
1887640 161
1887650 161
1887660 161
1887670 161
1887680 161
1887690 161
1887700 160
1887710 160
1887720 160
1887730 160
1887740 160
1887750 160
1887760 160
1887770 160
1887780 160
1887790 159
1887800 159
1887810 159
1887820 159
1887830 159
1887840 159
1887850 159
1887860 159
1887870 159
1887880 159
1887890 159
1887900 159
1887910 159
1887920 159
1887930 159
1887940 159
1887950 158
1887960 158
1887970 158
1887980 158
1887990 158
1888000 158
1888010 158
1888020 158
1888030 158
1888040 158
1888050 158
1888060 158
1888070 158
1888080 158
1888090 158
1888100 158
1888110 158
1888120 158
1888130 158
1888140 158
1888150 158
1888160 158
1888170 157
1888180 157
1888190 157
1888200 157
1888210 157
1888220 157
1888230 157
1888240 157
1888250 157
1888260 157
1888270 157
1888280 157
1888290 157
1888300 157
1888310 157
1888320 157
1888330 157
1888340 157
1888350 157
1888360 157
1888370 157
1888380 157
1888390 157
1888400 156
1888410 156
1888420 156
1888430 156
1888440 156
1888450 156
1888460 156
1888470 156
1888480 156
1888490 155
1888500 155
1888510 155
1888520 155
1888530 155
1888540 155
1888550 155
1888560 155
1888570 155
1888580 154
1888590 154
1888600 154
1888610 154
1888620 154
1888630 154
1888640 154
1888650 154
1888660 154
1888670 154
1888680 153
1888690 153
1888700 153
1888710 153
1888720 153
1888730 153
1888740 153
1888750 153
1888760 153
1888770 153
1888780 153
1888790 153
1888800 153
1888810 153
1888820 153
1888830 152
1888840 152
1888850 152
1888860 152
1888870 152
1888880 152
1888890 152
1888900 152
1888910 152
1888920 152
1888930 152
1888940 152
1888950 152
1888960 152
1888970 152
1888980 152
1888990 152
1889000 152
1889010 152
1889020 152
1889030 152
1889040 152
1889050 152
1889060 152
1889070 151
1889080 151
1889090 151
1889100 151
1889110 151
1889120 151
1889130 151
1889140 151
1889150 151
1889160 151
1889170 151
1889180 151
1889190 151
1889200 151
1889210 151
1889220 150
1889230 150
1889240 150
1889250 150
1889260 150
1889270 150
1889280 150
1889290 150
1889300 150
1889310 150
1889320 150
1889330 150
1889340 150
1889350 150
1889360 150
1889370 150
1889380 150
1889390 150
1889400 150
1889410 150
1889420 150
1889430 150
1889440 150
1889450 150
1889460 150
1889470 150
1889480 150
1889490 150
1889500 150
1889510 150
1889520 150
1889530 150
1889540 150
1889550 150
1889560 150
1889570 150
1889580 150
1889590 150
1889600 150
1889610 150
1889620 150
1889630 150
1889640 150
1889650 150
1889660 150
1889670 150
1889680 150
1889690 150
1889700 150
1889710 150
1889720 150
1889730 150
1889740 150
1889750 150
1889760 150
1889770 150
1889780 150
1889790 150
1889800 150
1889810 150
1889820 150
1889830 150
1889840 150
1889850 150
1889860 150
1889870 150
1889880 150
1889890 150
1889900 150
1889910 150
1889920 149
1889930 149
1889940 149
1889950 149
1889960 149
1889970 149
1889980 149
1889990 149
1890000 149
1890010 149
1890020 149
1890030 149
1890040 149
1890050 149
1890060 149
1890070 149
1890080 149
1890090 149
1890100 149
1890110 149
1890120 149
1890130 149
1890140 149
1890150 149
1890160 149
1890170 149
1890180 149
1890190 149
1890200 149
1890210 149
1890220 149
1890230 149
1890240 149
1890250 149
1890260 149
1890270 148
1890280 148
1890290 148
1890300 148
1890310 148
1890320 148
1890330 147
1890340 147
1890350 147
1890360 146
1890370 146
1890380 146
1890390 146
1890400 146
1890410 146
1890420 146
1890430 145
1890440 145
1890450 145
1890460 145
1890470 145
1890480 145
1890490 145
1890500 145
1890510 145
1890520 145
1890530 145
1890540 145
1890550 145
1890560 145
1890570 145
1890580 145
1890590 145
1890600 145
1890610 145
1890620 145
1890630 145
1890640 144
1890650 144
1890660 144
1890670 144
1890680 144
1890690 144
1890700 144
1890710 144
1890720 144
1890730 144
1890740 144
1890750 144
1890760 144
1890770 144
1890780 144
1890790 144
1890800 144
1890810 144
1890820 144
1890830 144
1890840 144
1890850 144
1890860 144
1890870 144
1890880 144
1890890 144
1890900 144
1890910 144
1890920 144
1890930 144
1890940 144
1890950 144
1890960 144
1890970 144
1890980 144
1890990 144
1891000 144
1891010 144
1891020 143
1891030 143
1891040 143
1891050 143
1891060 143
1891070 143
1891080 143
1891090 143
1891100 143
1891110 143
1891120 143
1891130 143
1891140 143
1891150 143
1891160 143
1891170 143
1891180 143
1891190 143
1891200 143
1891210 142
1891220 142
1891230 142
1891240 142
1891250 142
1891260 142
1891270 142
1891280 142
1891290 142
1891300 142
1891310 142
1891320 142
1891330 142
1891340 142
1891350 142
1891360 141
1891370 141
1891380 141
1891390 141
1891400 141
1891410 141
1891420 141
1891430 141
1891440 141
1891450 141
1891460 141
1891470 141
1891480 141
1891490 141
1891500 141
1891510 141
1891520 141
1891530 141
1891540 141
1891550 141
1891560 141
1891570 141
1891580 141
1891590 141
1891600 141
1891610 141
1891620 141
1891630 141
1891640 141
1891650 141
1891660 141
1891670 141
1891680 141
1891690 141
1891700 141
1891710 141
1891720 141
1891730 141
1891740 141
1891750 141
1891760 140
1891770 140
1891780 140
1891790 140
1891800 140
1891810 140
1891820 140
1891830 140
1891840 141
1891850 141
1891860 141
1891870 141
1891880 141
1891890 141
1891900 140
1891910 140
1891920 140
1891930 140
1891940 144
1891950 144
1891960 146
1891970 146
1891980 146
1891990 146
1892000 142
1892010 142
1892020 143
1892030 146
1892040 146
1892050 143
1892060 140
1892070 140
1892080 140
1892090 140
1892100 140
1892110 140
1892120 139
1892130 139
1892140 139
1892150 139
1892160 139
1892170 138
1892180 138
1892190 138
1892200 138
1892210 138
1892220 138
1892230 138
1892240 138
1892250 138
1892260 138
1892270 138
1892280 138
1892290 138
1892300 138
1892310 138
1892320 138
1892330 138
1892340 138
1892350 138
1892360 138
1892370 138
1892380 138
1892390 138
1892400 138
1892410 138
1892420 138
1892430 138
1892440 138
1892450 137
1892460 137
1892470 137
1892480 137
1892490 137
1892500 137
1892510 137
1892520 137
1892530 137
1892540 137
1892550 137
1892560 137
1892570 137
1892580 137
1892590 137
1892600 137
1892610 137
1892620 137
1892630 137
1892640 137
1892650 137
1892660 137
1892670 137
1892680 137
1892690 136
1892700 136
1892710 136
1892720 136
1892730 136
1892740 136
1892750 136
1892760 136
1892770 136
1892780 136
1892790 136
1892800 136
1892810 137
1892820 136
1892830 136
1892840 136
1892850 136
1892860 136
1892870 136
1892880 136
1892890 136
1892900 136
1892910 136
1892920 136
1892930 136
1892940 135
1892950 135
1892960 135
1892970 135
1892980 135
1892990 135
1893000 135
1893010 135
1893020 135
1893030 135
1893040 135
1893050 135
1893060 135
1893070 135
1893080 135
1893090 135
1893100 135
1893110 135
1893120 135
1893130 135
1893140 135
1893150 135
1893160 135
1893170 135
1893180 135
1893190 135
1893200 135
1893210 135
1893220 135
1893230 135
1893240 135
1893250 135
1893260 135
1893270 135
1893280 135
1893290 135
1893300 135
1893310 135
1893320 135
1893330 135
1893340 135
1893350 135
1893360 135
1893370 135
1893380 135
1893390 135
1893400 135
1893410 135
1893420 135
1893430 135
1893440 135
1893450 135
1893460 135
1893470 134
1893480 134
1893490 134
1893500 134
1893510 134
1893520 134
1893530 134
1893540 134
1893550 134
1893560 134
1893570 134
1893580 134
1893590 134
1893600 134
1893610 134
1893620 134
1893630 134
1893640 134
1893650 134
1893660 134
1893670 134
1893680 134
1893690 134
1893700 134
1893710 134
1893720 134
1893730 134
1893740 134
1893750 134
1893760 134
1893770 134
1893780 134
1893790 134
1893800 134
1893810 134
1893820 135
1893830 135
1893840 134
1893850 134
1893860 134
1893870 134
1893880 134
1893890 134
1893900 134
1893910 134
1893920 134
1893930 134
1893940 134
1893950 135
1893960 135
1893970 135
1893980 135
1893990 135
1894000 135
1894010 135
1894020 134
1894030 134
1894040 134
1894050 134
1894060 134
1894070 135
1894080 135
1894090 135
1894100 135
1894110 135
1894120 135
1894130 135
1894140 135
1894150 135
1894160 135
1894170 135
1894180 135
1894190 135
1894200 135
1894210 135
1894220 135
1894230 135
1894240 135
1894250 135
1894260 135
1894270 135
1894280 135
1894290 135
1894300 135
1894310 135
1894320 135
1894330 135
1894340 135
1894350 135
1894360 135
1894370 135
1894380 135
1894390 135
1894400 135
1894410 135
1894420 135
1894430 135
1894440 135
1894450 135
1894460 135
1894470 135
1894480 135
1894490 135
1894500 135
1894510 135
1894520 135
1894530 135
1894540 135
1894550 135
1894560 135
1894570 135
1894580 135
1894590 135
1894600 135
1894610 135
1894620 135
1894630 135
1894640 135
1894650 135
1894660 135
1894670 135
1894680 135
1894690 135
1894700 135
1894710 135
1894720 135
1894730 135
1894740 135
1894750 135
1894760 135
1894770 135
1894780 135
1894790 135
1894800 135
1894810 135
1894820 135
1894830 135
1894840 135
1894850 135
1894860 135
1894870 135
1894880 135
1894890 135
1894900 135
1894910 135
1894920 135
1894930 135
1894940 135
1894950 135
1894960 135
1894970 135
1894980 135
1894990 135
1895000 135
1895010 135
1895020 135
1895030 135
1895040 135
1895050 135
1895060 135
1895070 135
1895080 135
1895090 135
1895100 135
1895110 135
1895120 135
1895130 135
1895140 135
1895150 135
1895160 135
1895170 135
1895180 135
1895190 135
1895200 135
1895210 135
1895220 135
1895230 135
1895240 135
1895250 135
1895260 135
1895270 135
1895280 135
1895290 135
1895300 135
1895310 135
1895320 135
1895330 135
1895340 135
1895350 135
1895360 135
1895370 135
1895380 135
1895390 134
1895400 134
1895410 135
1895420 135
1895430 134
1895440 134
1895450 134
1895460 135
1895470 135
1895480 135
1895490 135
1895500 135
1895510 135
1895520 135
1895530 134
1895540 134
1895550 134
1895560 134
1895570 134
1895580 134
1895590 134
1895600 134
1895610 134
1895620 135
1895630 135
1895640 135
1895650 135
1895660 135
1895670 135
1895680 135
1895690 135
1895700 135
1895710 135
1895720 135
1895730 135
1895740 135
1895750 135
1895760 135
1895770 135
1895780 135
1895790 135
1895800 135
1895810 135
1895820 135
1895830 135
1895840 135
1895850 136
1895860 136
1895870 136
1895880 136
1895890 136
1895900 136
1895910 135
1895920 135
1895930 135
1895940 135
1895950 135
1895960 135
1895970 135
1895980 135
1895990 135
1896000 135
1896010 135
1896020 135
1896030 135
1896040 135
1896050 135
1896060 135
1896070 135
1896080 134
1896090 134
1896100 135
1896110 135
1896120 135
1896130 135
1896140 136
1896150 136
1896160 136
1896170 136
1896180 136
1896190 136
1896200 136
1896210 136
1896220 136
1896230 136
1896240 136
1896250 136
1896260 136
1896270 136
1896280 136
1896290 136
1896300 136
1896310 136
1896320 136
1896330 136
1896340 136
1896350 136
1896360 136
1896370 135
1896380 135
1896390 135
1896400 136
1896410 136
1896420 136
1896430 135
1896440 135
1896450 135
1896460 135
1896470 136
1896480 136
1896490 136
1896500 136
1896510 136
1896520 136
1896530 136
1896540 136
1896550 136
1896560 136
1896570 136
1896580 136
1896590 136
1896600 136
1896610 136
1896620 136
1896630 136
1896640 136
1896650 136
1896660 136
1896670 136
1896680 136
1896690 136
1896700 136
1896710 136
1896720 136
1896730 136
1896740 136
1896750 136
1896760 136
1896770 136
1896780 136
1896790 136
1896800 136
1896810 136
1896820 136
1896830 136
1896840 136
1896850 136
1896860 136
1896870 136
1896880 136
1896890 136
1896900 136
1896910 136
1896920 136
1896930 136
1896940 136
1896950 136
1896960 136
1896970 135
1896980 135
1896990 135
1897000 135
1897010 135
1897020 135
1897030 135
1897040 135
1897050 135
1897060 135
1897070 135
1897080 135
1897090 135
1897100 135
1897110 135
1897120 135
1897130 135
1897140 135
1897150 135
1897160 135
1897170 135
1897180 135
1897190 135
1897200 135
1897210 135
1897220 135
1897230 135
1897240 135
1897250 135
1897260 135
1897270 135
1897280 135
1897290 135
1897300 135
1897310 135
1897320 135
1897330 135
1897340 135
1897350 135
1897360 135
1897370 135
1897380 135
1897390 135
1897400 135
1897410 135
1897420 135
1897430 135
1897440 135
1897450 135
1897460 135
1897470 135
1897480 135
1897490 135
1897500 135
1897510 135
1897520 135
1897530 135
1897540 135
1897550 135
1897560 135
1897570 135
1897580 135
1897590 135
1897600 135
1897610 135
1897620 135
1897630 135
1897640 135
1897650 135
1897660 135
1897670 135
1897680 135
1897690 135
1897700 135
1897710 135
1897720 135
1897730 135
1897740 135
1897750 135
1897760 135
1897770 135
1897780 135
1897790 136
1897800 136
1897810 136
1897820 135
1897830 135
1897840 135
1897850 135
1897860 135
1897870 135
1897880 135
1897890 135
1897900 135
1897910 135
1897920 135
1897930 135
1897940 135
1897950 135
1897960 135
1897970 135
1897980 135
1897990 135
1898000 135
1898010 135
1898020 135
1898030 135
1898040 135
1898050 135
1898060 135
1898070 135
1898080 135
1898090 135
1898100 135
1898110 135
1898120 135
1898130 135
1898140 135
1898150 135
1898160 135
1898170 135
1898180 135
1898190 135
1898200 135
1898210 135
1898220 135
1898230 135
1898240 135
1898250 135
1898260 135
1898270 135
1898280 135
1898290 135
1898300 135
1898310 135
1898320 135
1898330 135
1898340 135
1898350 135
1898360 135
1898370 135
1898380 135
1898390 135
1898400 135
1898410 135
1898420 135
1898430 135
1898440 135
1898450 135
1898460 135
1898470 135
1898480 135
1898490 135
1898500 135
1898510 135
1898520 135
1898530 135
1898540 135
1898550 135
1898560 135
1898570 135
1898580 135
1898590 135
1898600 135
1898610 135
1898620 135
1898630 135
1898640 135
1898650 135
1898660 135
1898670 135
1898680 135
1898690 135
1898700 135
1898710 135
1898720 135
1898730 135
1898740 135
1898750 135
1898760 135
1898770 135
1898780 135
1898790 135
1898800 135
1898810 135
1898820 135
1898830 135
1898840 135
1898850 135
1898860 135
1898870 135
1898880 135
1898890 135
1898900 135
1898910 135
1898920 135
1898930 135
1898940 135
1898950 135
1898960 135
1898970 135
1898980 135
1898990 135
1899000 135
1899010 135
1899020 135
1899030 135
1899040 135
1899050 135
1899060 135
1899070 135
1899080 135
1899090 135
1899100 135
1899110 135
1899120 135
1899130 135
1899140 135
1899150 135
1899160 135
1899170 135
1899180 135
1899190 135
1899200 135
1899210 135
1899220 135
1899230 135
1899240 135
1899250 135
1899260 135
1899270 135
1899280 135
1899290 135
1899300 135
1899310 135
1899320 135
1899330 135
1899340 135
1899350 135
1899360 135
1899370 135
1899380 135
1899390 135
1899400 135
1899410 135
1899420 135
1899430 135
1899440 135
1899450 135
1899460 135
1899470 135
1899480 135
1899490 135
1899500 135
1899510 135
1899520 135
1899530 135
1899540 135
1899550 135
1899560 135
1899570 135
1899580 135
1899590 135
1899600 135
1899610 135
1899620 135
1899630 135
1899640 135
1899650 135
1899660 135
1899670 135
1899680 135
1899690 135
1899700 135
1899710 135
1899720 134
1899730 134
1899740 134
1899750 134
1899760 135
1899770 134
1899780 135
1899790 135
1899800 135
1899810 135
1899820 135
1899830 135
1899840 136
1899850 136
1899860 136
1899870 137
1899880 137
1899890 137
1899900 137
1899910 138
1899920 138
1899930 138
1899940 138
1899950 138
1899960 138
1899970 138
1899980 138
1899990 139
