1880000 153
1880010 153
1880020 153
1880030 153
1880040 153
1880050 153
1880060 153
1880070 153
1880080 153
1880090 153
1880100 153
1880110 153
1880120 153
1880130 153
1880140 153
1880150 153
1880160 153
1880170 153
1880180 153
1880190 153
1880200 153
1880210 153
1880220 153
1880230 153
1880240 154
1880250 154
1880260 154
1880270 154
1880280 154
1880290 154
1880300 154
1880310 154
1880320 154
1880330 154
1880340 154
1880350 154
1880360 154
1880370 154
1880380 154
1880390 155
1880400 155
1880410 155
1880420 155
1880430 155
1880440 155
1880450 155
1880460 155
1880470 155
1880480 156
1880490 156
1880500 156
1880510 156
1880520 156
1880530 156
1880540 157
1880550 156
1880560 156
1880570 156
1880580 156
1880590 156
1880600 156
1880610 157
1880620 157
1880630 157
1880640 157
1880650 157
1880660 157
1880670 157
1880680 157
1880690 157
1880700 157
1880710 157
1880720 157
1880730 157
1880740 157
1880750 157
1880760 158
1880770 158
1880780 158
1880790 158
1880800 158
1880810 158
1880820 158
1880830 158
1880840 158
1880850 159
1880860 159
1880870 159
1880880 159
1880890 159
1880900 159
1880910 159
1880920 159
1880930 160
1880940 160
1880950 160
1880960 160
1880970 161
1880980 161
1880990 161
1881000 161
1881010 161
1881020 161
1881030 161
1881040 161
1881050 162
1881060 162
1881070 162
1881080 163
1881090 163
1881100 163
1881110 163
1881120 164
1881130 164
1881140 164
1881150 165
1881160 165
1881170 165
1881180 165
1881190 165
1881200 166
1881210 166
1881220 166
1881230 166
1881240 167
1881250 167
1881260 167
1881270 167
1881280 167
1881290 168
1881300 168
1881310 168
1881320 168
1881330 169
1881340 169
1881350 169
1881360 169
1881370 169
1881380 170
1881390 170
1881400 170
1881410 170
1881420 171
1881430 171
1881440 171
1881450 172
1881460 172
1881470 172
1881480 173
1881490 173
1881500 173
1881510 174
1881520 174
1881530 174
1881540 174
1881550 174
1881560 175
1881570 175
1881580 175
1881590 176
1881600 176
1881610 176
1881620 177
1881630 177
1881640 177
1881650 177
1881660 177
1881670 177
1881680 178
1881690 178
1881700 178
1881710 178
1881720 178
1881730 178
1881740 178
1881750 178
1881760 178
1881770 178
1881780 178
1881790 178
1881800 178
1881810 178
1881820 178
1881830 178
1881840 177
1881850 178
1881860 177
1881870 177
1881880 177
1881890 177
1881900 176
1881910 176
1881920 176
1881930 176
1881940 176
1881950 176
1881960 176
1881970 175
1881980 175
1881990 175
1882000 175
1882010 175
1882020 175
1882030 175
1882040 175
1882050 174
1882060 174
1882070 174
1882080 174
1882090 174
1882100 174
1882110 174
1882120 174
1882130 174
1882140 174
1882150 174
1882160 174
1882170 174
1882180 173
1882190 173
1882200 173
1882210 173
1882220 173
1882230 173
1882240 172
1882250 172
1882260 172
1882270 172
1882280 172
1882290 171
1882300 171
1882310 171
1882320 170
1882330 170
1882340 170
1882350 169
1882360 169
1882370 169
1882380 168
1882390 168
1882400 168
1882410 167
1882420 167
1882430 167
1882440 166
1882450 166
1882460 166
1882470 165
1882480 164
1882490 164
1882500 164
1882510 163
1882520 163
1882530 162
1882540 161
1882550 161
1882560 161
1882570 160
1882580 160
1882590 159
1882600 158
1882610 158
1882620 158
1882630 157
1882640 157
1882650 157
1882660 156
1882670 156
1882680 155
1882690 155
1882700 155
1882710 154
1882720 154
1882730 154
1882740 153
1882750 152
1882760 152
1882770 152
1882780 151
1882790 151
1882800 151
1882810 150
1882820 150
1882830 150
1882840 149
1882850 149
1882860 149
1882870 148
1882880 148
1882890 148
1882900 147
1882910 147
1882920 147
1882930 146
1882940 146
1882950 146
1882960 146
1882970 146
1882980 145
1882990 145
1883000 145
1883010 144
1883020 144
1883030 144
1883040 144
1883050 144
1883060 144
1883070 143
1883080 142
1883090 142
1883100 142
1883110 144
1883120 144
1883130 144
1883140 144
1883150 144
1883160 144
1883170 144
1883180 144
1883190 145
1883200 146
1883210 146
1883220 146
1883230 147
1883240 147
1883250 148
1883260 149
1883270 149
1883280 149
1883290 150
1883300 150
1883310 151
1883320 152
1883330 152
1883340 153
1883350 154
1883360 154
1883370 157
1883380 159
1883390 159
1883400 162
1883410 163
1883420 163
1883430 164
1883440 165
1883450 165
1883460 166
1883470 167
1883480 167
1883490 168
1883500 169
1883510 169
1883520 169
1883530 170
1883540 171
1883550 171
1883560 172
1883570 173
1883580 173
1883590 173
1883600 174
1883610 174
1883620 175
1883630 175
1883640 175
1883650 175
1883660 176
1883670 176
1883680 176
1883690 176
1883700 176
1883710 176
1883720 177
1883730 177
1883740 177
1883750 177
1883760 177
1883770 177
1883780 177
1883790 177
1883800 178
1883810 178
1883820 178
1883830 178
1883840 178
1883850 178
1883860 178
1883870 178
1883880 178
1883890 178
1883900 178
1883910 178
1883920 179
1883930 179
1883940 179
1883950 179
1883960 179
1883970 179
1883980 179
1883990 179
1884000 179
1884010 179
1884020 179
1884030 179
1884040 179
1884050 179
1884060 179
1884070 179
1884080 179
1884090 179
1884100 179
1884110 179
1884120 179
1884130 179
1884140 179
1884150 179
1884160 179
1884170 179
1884180 179
1884190 179
1884200 180
1884210 180
1884220 180
1884230 180
1884240 180
1884250 180
1884260 180
1884270 180
1884280 180
1884290 180
1884300 180
1884310 180
1884320 180
1884330 180
1884340 180
1884350 180
1884360 180
1884370 180
1884380 180
1884390 180
1884400 180
1884410 180
1884420 180
1884430 180
1884440 180
1884450 180
1884460 180
1884470 180
1884480 180
1884490 180
1884500 180
1884510 180
1884520 180
1884530 180
1884540 180
1884550 180
1884560 180
1884570 180
1884580 180
1884590 180
1884600 180
1884610 180
1884620 180
1884630 180
1884640 180
1884650 180
1884660 180
1884670 180
1884680 180
1884690 180
1884700 180
1884710 179
1884720 179
1884730 179
1884740 179
1884750 179
1884760 179
1884770 179
1884780 179
1884790 179
1884800 179
1884810 179
1884820 179
1884830 179
1884840 179
1884850 179
1884860 179
1884870 179
1884880 179
1884890 179
1884900 179
1884910 179
1884920 179
1884930 179
1884940 179
1884950 179
1884960 179
1884970 179
1884980 179
1884990 179
1885000 179
1885010 179
1885020 179
1885030 179
1885040 179
1885050 179
1885060 179
1885070 179
1885080 179
1885090 180
1885100 180
1885110 180
1885120 179
1885130 179
1885140 179
1885150 179
1885160 179
1885170 179
1885180 179
1885190 179
1885200 179
1885210 179
1885220 179
1885230 179
1885240 179
1885250 178
1885260 179
1885270 179
1885280 178
1885290 178
1885300 178
1885310 178
1885320 178
1885330 178
1885340 178
1885350 178
1885360 178
1885370 178
1885380 178
1885390 178
1885400 178
1885410 178
1885420 178
1885430 178
1885440 178
1885450 178
1885460 178
1885470 178
1885480 178
1885490 178
1885500 178
1885510 178
1885520 178
1885530 178
1885540 178
1885550 178
1885560 178
1885570 178
1885580 178
1885590 178
1885600 178
1885610 178
1885620 178
1885630 178
1885640 178
1885650 178
1885660 178
1885670 178
1885680 178
1885690 178
1885700 178
1885710 178
1885720 178
1885730 177
1885740 177
1885750 177
1885760 177
1885770 177
1885780 177
1885790 177
1885800 177
1885810 177
1885820 177
1885830 177
1885840 177
1885850 177
1885860 177
1885870 177
1885880 177
1885890 177
1885900 177
1885910 177
1885920 177
1885930 177
1885940 177
1885950 177
1885960 177
1885970 177
1885980 177
1885990 177
1886000 177
1886010 177
1886020 177
1886030 177
1886040 177
1886050 177
1886060 177
1886070 177
1886080 177
1886090 177
1886100 176
1886110 176
1886120 176
1886130 176
1886140 176
1886150 176
1886160 176
1886170 176
1886180 176
1886190 176
1886200 176
1886210 176
1886220 176
1886230 176
1886240 176
1886250 176
1886260 176
1886270 176
1886280 176
1886290 176
1886300 176
1886310 176
1886320 176
1886330 175
1886340 175
1886350 175
1886360 175
1886370 175
1886380 175
1886390 175
1886400 175
1886410 175
1886420 175
1886430 175
1886440 175
1886450 175
1886460 175
1886470 175
1886480 175
1886490 175
1886500 175
1886510 175
1886520 175
1886530 175
1886540 175
1886550 176
1886560 176
1886570 176
1886580 176
1886590 176
1886600 176
1886610 176
1886620 176
1886630 176
1886640 176
1886650 176
1886660 176
1886670 176
1886680 176
1886690 176
1886700 176
1886710 176
1886720 175
1886730 175
1886740 175
1886750 175
1886760 175
1886770 175
1886780 175
1886790 175
1886800 175
1886810 175
1886820 174
1886830 174
1886840 174
1886850 174
1886860 174
1886870 174
1886880 174
1886890 174
1886900 174
1886910 174
1886920 174
1886930 174
1886940 174
1886950 174
1886960 174
1886970 173
1886980 171
1886990 171
1887000 170
1887010 169
1887020 168
1887030 168
1887040 167
1887050 167
1887060 167
1887070 167
1887080 167
1887090 166
1887100 166
1887110 166
1887120 165
1887130 165
1887140 165
1887150 164
1887160 164
1887170 164
1887180 164
1887190 163
1887200 163
1887210 163
1887220 162
1887230 162
1887240 162
1887250 162
1887260 162
1887270 162
1887280 161
1887290 161
1887300 161
1887310 161
1887320 161
1887330 161
1887340 161
1887350 161
1887360 161
1887370 161
1887380 161
1887390 161
1887400 161
1887410 161
1887420 161
1887430 161
1887440 161
1887450 161
1887460 161
1887470 161
1887480 161
1887490 161
1887500 161
1887510 161
1887520 161
1887530 161
1887540 162
1887550 163
1887560 163
1887570 165
1887580 166
1887590 166
1887600 167
1887610 167
1887620 167
1887630 168
1887640 168
1887650 168
1887660 168
1887670 167
1887680 167
1887690 167
1887700 167
1887710 167
1887720 166
1887730 166
1887740 166
1887750 166
1887760 166
1887770 166
1887780 166
1887790 166
1887800 166
1887810 165
1887820 165
1887830 165
1887840 165
1887850 165
1887860 165
1887870 165
1887880 165
1887890 165
1887900 164
1887910 164
1887920 164
1887930 164
1887940 164
1887950 164
1887960 164
1887970 164
1887980 164
1887990 164
1888000 163
1888010 163
1888020 163
1888030 163
1888040 163
1888050 163
1888060 163
1888070 163
1888080 163
1888090 162
1888100 162
1888110 162
1888120 162
1888130 162
1888140 162
1888150 162
1888160 162
1888170 162
1888180 161
1888190 161
1888200 161
1888210 161
1888220 161
1888230 161
1888240 161
1888250 161
1888260 161
1888270 161
1888280 161
1888290 160
1888300 161
1888310 161
1888320 160
1888330 160
1888340 160
1888350 160
1888360 160
1888370 160
1888380 159
1888390 159
1888400 159
1888410 159
1888420 159
1888430 159
1888440 159
1888450 159
1888460 159
1888470 159
1888480 159
1888490 158
1888500 158
1888510 158
1888520 158
1888530 158
1888540 158
1888550 158
1888560 158
1888570 158
1888580 158
1888590 158
1888600 158
1888610 158
1888620 158
1888630 158
1888640 158
1888650 158
1888660 157
1888670 157
1888680 157
1888690 157
1888700 157
1888710 157
1888720 157
1888730 157
1888740 157
1888750 157
1888760 157
1888770 157
1888780 157
1888790 156
1888800 156
1888810 156
1888820 156
1888830 156
1888840 156
1888850 156
1888860 156
1888870 155
1888880 155
1888890 155
1888900 155
1888910 155
1888920 155
1888930 155
1888940 155
1888950 155
1888960 154
1888970 154
1888980 154
1888990 154
1889000 154
1889010 154
1889020 154
1889030 154
1889040 154
1889050 154
1889060 154
1889070 154
1889080 154
1889090 154
1889100 154
1889110 154
1889120 154
1889130 154
1889140 154
1889150 154
1889160 154
1889170 154
1889180 153
1889190 153
1889200 153
1889210 154
1889220 154
1889230 154
1889240 154
1889250 154
1889260 154
1889270 154
1889280 154
1889290 154
1889300 154
1889310 154
1889320 154
1889330 153
1889340 153
1889350 153
1889360 153
1889370 153
1889380 153
1889390 153
1889400 153
1889410 153
1889420 153
1889430 153
1889440 153
1889450 153
1889460 153
1889470 153
1889480 153
1889490 153
1889500 153
1889510 152
1889520 152
1889530 152
1889540 152
1889550 152
1889560 152
1889570 152
1889580 152
1889590 151
1889600 151
1889610 151
1889620 151
1889630 151
1889640 151
1889650 151
1889660 150
1889670 150
1889680 150
1889690 151
1889700 151
1889710 151
1889720 151
1889730 151
1889740 150
1889750 150
1889760 150
1889770 150
1889780 150
1889790 150
1889800 150
1889810 150
1889820 150
1889830 150
1889840 151
1889850 151
1889860 151
1889870 151
1889880 151
1889890 151
1889900 151
1889910 151
1889920 151
1889930 151
1889940 151
1889950 151
1889960 151
1889970 151
1889980 151
1889990 152
1890000 152
1890010 151
1890020 151
1890030 151
1890040 151
1890050 151
1890060 151
1890070 151
1890080 151
1890090 151
1890100 151
1890110 151
1890120 151
1890130 151
1890140 151
1890150 151
1890160 151
1890170 151
1890180 151
1890190 151
1890200 151
1890210 151
1890220 151
1890230 151
1890240 151
1890250 151
1890260 151
1890270 151
1890280 151
1890290 151
1890300 150
1890310 150
1890320 150
1890330 150
1890340 150
1890350 150
1890360 150
1890370 150
1890380 150
1890390 150
1890400 150
1890410 150
1890420 150
1890430 150
1890440 150
1890450 150
1890460 150
1890470 150
1890480 150
1890490 150
1890500 149
1890510 149
1890520 149
1890530 149
1890540 149
1890550 149
1890560 149
1890570 149
1890580 149
1890590 149
1890600 149
1890610 149
1890620 149
1890630 149
1890640 149
1890650 149
1890660 149
1890670 149
1890680 149
1890690 149
1890700 149
1890710 149
1890720 149
1890730 149
1890740 149
1890750 149
1890760 149
1890770 149
1890780 149
1890790 149
1890800 149
1890810 149
1890820 149
1890830 149
1890840 149
1890850 149
1890860 149
1890870 149
1890880 149
1890890 148
1890900 148
1890910 148
1890920 148
1890930 148
1890940 148
1890950 148
1890960 148
1890970 148
1890980 147
1890990 147
1891000 147
1891010 147
1891020 146
1891030 146
1891040 146
1891050 146
1891060 146
1891070 146
1891080 146
1891090 146
1891100 146
1891110 147
1891120 147
1891130 147
1891140 147
1891150 147
1891160 148
1891170 148
1891180 148
1891190 148
1891200 148
1891210 148
1891220 148
1891230 148
1891240 148
1891250 148
1891260 148
1891270 148
1891280 148
1891290 148
1891300 148
1891310 148
1891320 148
1891330 148
1891340 148
1891350 148
1891360 148
1891370 148
1891380 148
1891390 148
1891400 148
1891410 148
1891420 148
1891430 148
1891440 147
1891450 147
1891460 147
1891470 147
1891480 147
1891490 146
1891500 145
1891510 145
1891520 145
1891530 145
1891540 145
1891550 144
1891560 144
1891570 144
1891580 143
1891590 143
1891600 143
1891610 142
1891620 142
1891630 142
1891640 141
1891650 141
1891660 141
1891670 140
1891680 140
1891690 140
1891700 140
1891710 140
1891720 140
1891730 140
1891740 139
1891750 139
1891760 139
1891770 139
1891780 139
1891790 139
1891800 139
1891810 139
1891820 139
1891830 139
1891840 138
1891850 138
1891860 138
1891870 138
1891880 138
1891890 138
1891900 138
1891910 138
1891920 138
1891930 138
1891940 138
1891950 138
1891960 138
1891970 138
1891980 138
1891990 138
1892000 138
1892010 138
1892020 138
1892030 138
1892040 138
1892050 138
1892060 138
1892070 138
1892080 138
1892090 138
1892100 137
1892110 137
1892120 137
1892130 137
1892140 137
1892150 137
1892160 137
1892170 137
1892180 137
1892190 137
1892200 137
1892210 137
1892220 137
1892230 137
1892240 137
1892250 137
1892260 137
1892270 137
1892280 137
1892290 137
1892300 137
1892310 137
1892320 137
1892330 137
1892340 136
1892350 136
1892360 136
1892370 136
1892380 136
1892390 136
1892400 136
1892410 136
1892420 136
1892430 136
1892440 136
1892450 136
1892460 136
1892470 136
1892480 136
1892490 136
1892500 136
1892510 136
1892520 136
1892530 137
1892540 137
1892550 138
1892560 138
1892570 138
1892580 138
1892590 136
1892600 136
1892610 136
1892620 136
1892630 136
1892640 136
1892650 136
1892660 136
1892670 136
1892680 135
1892690 135
1892700 135
1892710 135
1892720 135
1892730 135
1892740 135
1892750 135
1892760 135
1892770 135
1892780 135
1892790 135
1892800 135
1892810 135
1892820 135
1892830 135
1892840 135
1892850 135
1892860 135
1892870 135
1892880 135
1892890 135
1892900 135
1892910 135
1892920 135
1892930 135
1892940 135
1892950 135
1892960 135
1892970 135
1892980 135
1892990 135
1893000 135
1893010 135
1893020 135
1893030 135
1893040 135
1893050 135
1893060 135
1893070 135
1893080 135
1893090 135
1893100 135
1893110 135
1893120 135
1893130 135
1893140 135
1893150 135
1893160 135
1893170 135
1893180 135
1893190 135
1893200 135
1893210 135
1893220 135
1893230 135
1893240 135
1893250 135
1893260 135
1893270 135
1893280 135
1893290 135
1893300 135
1893310 135
1893320 135
1893330 135
1893340 135
1893350 135
1893360 135
1893370 135
1893380 135
1893390 135
1893400 135
1893410 135
1893420 135
1893430 135
1893440 135
1893450 135
1893460 135
1893470 135
1893480 135
1893490 135
1893500 135
1893510 135
1893520 135
1893530 135
1893540 135
1893550 135
1893560 135
1893570 135
1893580 135
1893590 135
1893600 135
1893610 135
1893620 135
1893630 135
1893640 135
1893650 135
1893660 135
1893670 135
1893680 135
1893690 135
1893700 135
1893710 135
1893720 135
1893730 135
1893740 135
1893750 135
1893760 135
1893770 134
1893780 134
1893790 135
1893800 135
1893810 135
1893820 135
1893830 135
1893840 135
1893850 135
1893860 135
1893870 135
1893880 135
1893890 135
1893900 135
1893910 135
1893920 135
1893930 135
1893940 135
1893950 135
1893960 135
1893970 135
1893980 135
1893990 135
1894000 135
1894010 135
1894020 135
1894030 135
1894040 135
1894050 135
1894060 135
1894070 135
1894080 135
1894090 135
1894100 135
1894110 135
1894120 135
1894130 135
1894140 135
1894150 135
1894160 135
1894170 135
1894180 135
1894190 135
1894200 135
1894210 135
1894220 135
1894230 135
1894240 136
1894250 136
1894260 136
1894270 136
1894280 136
1894290 136
1894300 136
1894310 136
1894320 136
1894330 136
1894340 137
1894350 137
1894360 136
1894370 136
1894380 136
1894390 136
1894400 136
1894410 136
1894420 136
1894430 136
1894440 136
1894450 136
1894460 136
1894470 136
1894480 136
1894490 136
1894500 136
1894510 136
1894520 136
1894530 136
1894540 136
1894550 136
1894560 136
1894570 136
1894580 135
1894590 135
1894600 135
1894610 135
1894620 135
1894630 135
1894640 135
1894650 135
1894660 135
1894670 135
1894680 135
1894690 136
1894700 136
1894710 136
1894720 135
1894730 135
1894740 135
1894750 136
1894760 136
1894770 136
1894780 136
1894790 136
1894800 136
1894810 136
1894820 136
1894830 136
1894840 136
1894850 135
1894860 135
1894870 135
1894880 135
1894890 135
1894900 136
1894910 136
1894920 136
1894930 136
1894940 136
1894950 136
1894960 136
1894970 136
1894980 136
1894990 136
1895000 136
1895010 136
1895020 136
1895030 135
1895040 135
1895050 135
1895060 136
1895070 136
1895080 136
1895090 136
1895100 136
1895110 136
1895120 136
1895130 136
1895140 136
1895150 136
1895160 136
1895170 136
1895180 136
1895190 136
1895200 136
1895210 136
1895220 135
1895230 135
1895240 136
1895250 136
1895260 136
1895270 135
1895280 135
1895290 135
1895300 135
1895310 135
1895320 135
1895330 135
1895340 135
1895350 135
1895360 135
1895370 135
1895380 135
1895390 135
1895400 135
1895410 135
1895420 135
1895430 135
1895440 135
1895450 135
1895460 135
1895470 135
1895480 135
1895490 135
1895500 135
1895510 135
1895520 135
1895530 135
1895540 135
1895550 135
1895560 135
1895570 135
1895580 135
1895590 135
1895600 135
1895610 135
1895620 135
1895630 135
1895640 135
1895650 135
1895660 135
1895670 135
1895680 135
1895690 135
1895700 135
1895710 135
1895720 135
1895730 135
1895740 135
1895750 135
1895760 135
1895770 135
1895780 135
1895790 135
1895800 135
1895810 135
1895820 135
1895830 135
1895840 135
1895850 135
1895860 135
1895870 135
1895880 135
1895890 135
1895900 135
1895910 135
1895920 135
1895930 135
1895940 135
1895950 135
1895960 135
1895970 135
1895980 135
1895990 135
1896000 135
1896010 135
1896020 135
1896030 135
1896040 135
1896050 135
1896060 135
1896070 135
1896080 135
1896090 135
1896100 135
1896110 135
1896120 135
1896130 135
1896140 135
1896150 135
1896160 135
1896170 136
1896180 136
1896190 136
1896200 136
1896210 136
1896220 136
1896230 136
1896240 136
1896250 136
1896260 136
1896270 136
1896280 136
1896290 136
1896300 136
1896310 136
1896320 136
1896330 136
1896340 136
1896350 136
1896360 136
1896370 136
1896380 136
1896390 136
1896400 136
1896410 136
1896420 136
1896430 136
1896440 136
1896450 137
1896460 137
1896470 137
1896480 137
1896490 137
1896500 137
1896510 137
1896520 137
1896530 137
1896540 137
1896550 137
1896560 137
1896570 136
1896580 136
1896590 136
1896600 136
1896610 136
1896620 136
1896630 136
1896640 136
1896650 136
1896660 136
1896670 136
1896680 136
1896690 136
1896700 136
1896710 135
1896720 136
1896730 136
1896740 136
1896750 136
1896760 136
1896770 136
1896780 135
1896790 135
1896800 135
1896810 135
1896820 135
1896830 135
1896840 135
1896850 135
1896860 135
1896870 136
1896880 136
1896890 136
1896900 136
1896910 136
1896920 136
1896930 136
1896940 136
1896950 136
1896960 136
1896970 136
1896980 136
1896990 136
1897000 136
1897010 136
1897020 136
1897030 136
1897040 136
1897050 136
1897060 136
1897070 136
1897080 136
1897090 136
1897100 136
1897110 136
1897120 136
1897130 136
1897140 137
1897150 137
1897160 137
1897170 137
1897180 138
1897190 138
1897200 138
1897210 139
1897220 139
1897230 139
1897240 139
1897250 139
1897260 139
1897270 139
1897280 139
1897290 139
1897300 139
1897310 139
1897320 139
1897330 138
1897340 138
1897350 138
1897360 138
1897370 138
1897380 138
1897390 137
1897400 137
1897410 137
1897420 137
1897430 137
1897440 136
1897450 136
1897460 136
1897470 136
1897480 136
1897490 136
1897500 136
1897510 136
1897520 136
1897530 135
1897540 135
1897550 135
1897560 135
1897570 136
1897580 136
1897590 135
1897600 135
1897610 135
1897620 135
1897630 135
1897640 135
1897650 135
1897660 135
1897670 135
1897680 135
1897690 135
1897700 135
1897710 135
1897720 135
1897730 135
1897740 135
1897750 135
1897760 135
1897770 135
1897780 135
1897790 135
1897800 135
1897810 135
1897820 135
1897830 135
1897840 135
1897850 135
1897860 135
1897870 135
1897880 135
1897890 135
1897900 135
1897910 135
1897920 135
1897930 135
1897940 135
1897950 135
1897960 135
1897970 135
1897980 135
1897990 135
1898000 135
1898010 135
1898020 135
1898030 135
1898040 135
1898050 135
1898060 135
1898070 135
1898080 135
1898090 135
1898100 135
1898110 135
1898120 135
1898130 135
1898140 135
1898150 135
1898160 135
1898170 135
1898180 135
1898190 135
1898200 135
1898210 135
1898220 135
1898230 135
1898240 135
1898250 135
1898260 135
1898270 135
1898280 135
1898290 135
1898300 135
1898310 136
1898320 136
1898330 136
1898340 135
1898350 135
1898360 135
1898370 135
1898380 136
1898390 136
1898400 136
1898410 137
1898420 137
1898430 137
1898440 137
1898450 137
1898460 137
1898470 137
1898480 137
1898490 137
1898500 137
1898510 136
1898520 136
1898530 136
1898540 136
1898550 136
1898560 136
1898570 136
1898580 136
1898590 136
1898600 136
1898610 136
1898620 136
1898630 136
1898640 136
1898650 136
1898660 136
1898670 136
1898680 136
1898690 136
1898700 136
1898710 136
1898720 136
1898730 136
1898740 136
1898750 136
1898760 136
1898770 136
1898780 136
1898790 136
1898800 136
1898810 136
1898820 136
1898830 136
1898840 136
1898850 136
1898860 136
1898870 136
1898880 136
1898890 136
1898900 136
1898910 136
1898920 136
1898930 136
1898940 136
1898950 136
1898960 136
1898970 136
1898980 135
1898990 135
1899000 135
1899010 135
1899020 135
1899030 135
1899040 135
1899050 135
1899060 135
1899070 135
1899080 135
1899090 135
1899100 135
1899110 135
1899120 135
1899130 135
1899140 135
1899150 135
1899160 135
1899170 135
1899180 135
1899190 135
1899200 135
1899210 135
1899220 135
1899230 135
1899240 135
1899250 135
1899260 135
1899270 135
1899280 135
1899290 135
1899300 135
1899310 135
1899320 135
1899330 135
1899340 135
1899350 135
1899360 135
1899370 135
1899380 135
1899390 135
1899400 135
1899410 135
1899420 135
1899430 135
1899440 135
1899450 135
1899460 135
1899470 135
1899480 135
1899490 135
1899500 135
1899510 135
1899520 135
1899530 135
1899540 135
1899550 135
1899560 135
1899570 135
1899580 135
1899590 135
1899600 135
1899610 135
1899620 135
1899630 135
1899640 135
1899650 135
1899660 135
1899670 135
1899680 135
1899690 135
1899700 135
1899710 135
1899720 135
1899730 135
1899740 135
1899750 135
1899760 135
1899770 135
1899780 135
1899790 135
1899800 135
1899810 135
1899820 135
1899830 135
1899840 135
1899850 135
1899860 135
1899870 135
1899880 135
1899890 135
1899900 135
1899910 135
1899920 135
1899930 135
1899940 135
1899950 135
1899960 135
1899970 135
1899980 135
1899990 135
