1880000 146
1880010 146
1880020 146
1880030 147
1880040 147
1880050 147
1880060 147
1880070 147
1880080 147
1880090 147
1880100 147
1880110 147
1880120 147
1880130 147
1880140 147
1880150 147
1880160 147
1880170 147
1880180 147
1880190 147
1880200 147
1880210 147
1880220 147
1880230 148
1880240 148
1880250 148
1880260 148
1880270 148
1880280 148
1880290 148
1880300 148
1880310 148
1880320 148
1880330 148
1880340 148
1880350 148
1880360 148
1880370 148
1880380 148
1880390 148
1880400 148
1880410 148
1880420 148
1880430 148
1880440 148
1880450 148
1880460 148
1880470 148
1880480 148
1880490 148
1880500 148
1880510 148
1880520 148
1880530 148
1880540 148
1880550 148
1880560 148
1880570 148
1880580 148
1880590 148
1880600 148
1880610 148
1880620 148
1880630 149
1880640 149
1880650 149
1880660 149
1880670 149
1880680 149
1880690 149
1880700 149
1880710 149
1880720 149
1880730 149
1880740 149
1880750 149
1880760 149
1880770 149
1880780 149
1880790 149
1880800 150
1880810 150
1880820 150
1880830 150
1880840 150
1880850 150
1880860 150
1880870 150
1880880 150
1880890 150
1880900 150
1880910 150
1880920 150
1880930 150
1880940 150
1880950 151
1880960 151
1880970 151
1880980 151
1880990 151
1881000 151
1881010 151
1881020 151
1881030 151
1881040 151
1881050 152
1881060 152
1881070 152
1881080 152
1881090 152
1881100 152
1881110 152
1881120 152
1881130 152
1881140 153
1881150 153
1881160 153
1881170 153
1881180 153
1881190 153
1881200 154
1881210 154
1881220 154
1881230 154
1881240 155
1881250 155
1881260 155
1881270 155
1881280 155
1881290 156
1881300 156
1881310 156
1881320 156
1881330 157
1881340 157
1881350 157
1881360 157
1881370 157
1881380 158
1881390 158
1881400 158
1881410 158
1881420 159
1881430 159
1881440 159
1881450 159
1881460 159
1881470 160
1881480 160
1881490 160
1881500 160
1881510 161
1881520 161
1881530 161
1881540 161
1881550 161
1881560 162
1881570 162
1881580 162
1881590 162
1881600 162
1881610 162
1881620 163
1881630 163
1881640 163
1881650 164
1881660 164
1881670 164
1881680 165
1881690 165
1881700 165
1881710 166
1881720 166
1881730 166
1881740 166
1881750 167
1881760 167
1881770 167
1881780 167
1881790 167
1881800 168
1881810 169
1881820 169
1881830 169
1881840 170
1881850 170
1881860 171
1881870 172
1881880 172
1881890 173
1881900 173
1881910 173
1881920 174
1881930 175
1881940 175
1881950 175
1881960 176
1881970 176
1881980 176
1881990 177
1882000 177
1882010 178
1882020 178
1882030 178
1882040 179
1882050 179
1882060 179
1882070 179
1882080 180
1882090 180
1882100 180
1882110 180
1882120 180
1882130 180
1882140 180
1882150 180
1882160 180
1882170 180
1882180 181
1882190 181
1882200 181
1882210 181
1882220 181
1882230 181
1882240 181
1882250 182
1882260 182
1882270 182
1882280 182
1882290 182
1882300 182
1882310 182
1882320 183
1882330 183
1882340 184
1882350 184
1882360 184
1882370 184
1882380 184
1882390 184
1882400 184
1882410 184
1882420 184
1882430 184
1882440 184
1882450 184
1882460 183
1882470 183
1882480 183
1882490 183
1882500 183
1882510 183
1882520 183
1882530 183
1882540 183
1882550 183
1882560 183
1882570 183
1882580 183
1882590 183
1882600 183
1882610 183
1882620 183
1882630 183
1882640 183
1882650 183
1882660 183
1882670 183
1882680 184
1882690 184
1882700 184
1882710 185
1882720 185
1882730 185
1882740 185
1882750 185
1882760 186
1882770 186
1882780 186
1882790 186
1882800 186
1882810 186
1882820 186
1882830 185
1882840 185
1882850 183
1882860 182
1882870 182
1882880 182
1882890 183
1882900 183
1882910 184
1882920 184
1882930 184
1882940 185
1882950 185
1882960 185
1882970 185
1882980 185
1882990 185
1883000 185
1883010 185
1883020 185
1883030 185
1883040 185
1883050 185
1883060 185
1883070 184
1883080 184
1883090 184
1883100 184
1883110 184
1883120 184
1883130 183
1883140 183
1883150 183
1883160 182
1883170 182
1883180 182
1883190 182
1883200 182
1883210 182
1883220 182
1883230 182
1883240 182
1883250 183
1883260 183
1883270 183
1883280 183
1883290 183
1883300 183
1883310 184
1883320 184
1883330 184
1883340 184
1883350 184
1883360 184
1883370 184
1883380 184
1883390 184
1883400 184
1883410 184
1883420 184
1883430 184
1883440 184
1883450 184
1883460 184
1883470 184
1883480 184
1883490 184
1883500 184
1883510 184
1883520 184
1883530 184
1883540 184
1883550 184
1883560 184
1883570 184
1883580 184
1883590 183
1883600 183
1883610 183
1883620 183
1883630 183
1883640 183
1883650 183
1883660 183
1883670 183
1883680 183
1883690 183
1883700 183
1883710 183
1883720 183
1883730 183
1883740 183
1883750 183
1883760 183
1883770 183
1883780 183
1883790 183
1883800 183
1883810 183
1883820 182
1883830 182
1883840 182
1883850 182
1883860 182
1883870 182
1883880 182
1883890 182
1883900 182
1883910 182
1883920 182
1883930 182
1883940 182
1883950 182
1883960 182
1883970 182
1883980 182
1883990 182
1884000 182
1884010 182
1884020 182
1884030 182
1884040 182
1884050 182
1884060 182
1884070 182
1884080 182
1884090 182
1884100 182
1884110 182
1884120 182
1884130 182
1884140 182
1884150 182
1884160 182
1884170 182
1884180 182
1884190 182
1884200 182
1884210 182
1884220 182
1884230 182
1884240 182
1884250 182
1884260 182
1884270 182
1884280 182
1884290 182
1884300 181
1884310 181
1884320 181
1884330 181
1884340 181
1884350 181
1884360 181
1884370 181
1884380 181
1884390 181
1884400 181
1884410 181
1884420 181
1884430 181
1884440 181
1884450 181
1884460 181
1884470 181
1884480 181
1884490 181
1884500 181
1884510 181
1884520 181
1884530 181
1884540 181
1884550 181
1884560 181
1884570 181
1884580 181
1884590 181
1884600 181
1884610 181
1884620 181
1884630 181
1884640 181
1884650 181
1884660 181
1884670 181
1884680 181
1884690 181
1884700 181
1884710 181
1884720 181
1884730 181
1884740 181
1884750 181
1884760 181
1884770 181
1884780 181
1884790 181
1884800 181
1884810 181
1884820 181
1884830 181
1884840 181
1884850 181
1884860 181
1884870 181
1884880 181
1884890 181
1884900 181
1884910 181
1884920 181
1884930 181
1884940 181
1884950 181
1884960 181
1884970 181
1884980 181
1884990 181
1885000 180
1885010 180
1885020 180
1885030 180
1885040 180
1885050 180
1885060 180
1885070 180
1885080 180
1885090 180
1885100 180
1885110 180
1885120 180
1885130 180
1885140 180
1885150 180
1885160 180
1885170 180
1885180 180
1885190 180
1885200 180
1885210 180
1885220 180
1885230 180
1885240 180
1885250 180
1885260 180
1885270 180
1885280 180
1885290 180
1885300 180
1885310 180
1885320 180
1885330 180
1885340 180
1885350 180
1885360 180
1885370 180
1885380 180
1885390 180
1885400 180
1885410 180
1885420 180
1885430 180
1885440 180
1885450 180
1885460 180
1885470 180
1885480 180
1885490 180
1885500 180
1885510 180
1885520 180
1885530 180
1885540 180
1885550 179
1885560 179
1885570 179
1885580 179
1885590 179
1885600 179
1885610 179
1885620 179
1885630 179
1885640 179
1885650 179
1885660 179
1885670 179
1885680 179
1885690 179
1885700 179
1885710 179
1885720 179
1885730 179
1885740 179
1885750 179
1885760 179
1885770 179
1885780 179
1885790 179
1885800 179
1885810 178
1885820 178
1885830 178
1885840 178
1885850 178
1885860 178
1885870 178
1885880 178
1885890 178
1885900 178
1885910 178
1885920 178
1885930 178
1885940 178
1885950 178
1885960 177
1885970 177
1885980 177
1885990 177
1886000 177
1886010 177
1886020 177
1886030 177
1886040 177
1886050 177
1886060 177
1886070 177
1886080 177
1886090 177
1886100 177
1886110 177
1886120 176
1886130 176
1886140 176
1886150 175
1886160 175
1886170 175
1886180 175
1886190 175
1886200 175
1886210 175
1886220 175
1886230 175
1886240 175
1886250 175
1886260 175
1886270 175
1886280 175
1886290 176
1886300 177
1886310 177
1886320 178
1886330 178
1886340 178
1886350 178
1886360 179
1886370 179
1886380 179
1886390 179
1886400 179
1886410 179
1886420 179
1886430 179
1886440 179
1886450 179
1886460 179
1886470 179
1886480 179
1886490 179
1886500 179
1886510 178
1886520 178
1886530 178
1886540 178
1886550 178
1886560 178
1886570 178
1886580 178
1886590 178
1886600 178
1886610 178
1886620 178
1886630 178
1886640 178
1886650 178
1886660 178
1886670 178
1886680 178
1886690 178
1886700 178
1886710 178
1886720 177
1886730 177
1886740 177
1886750 177
1886760 177
1886770 177
1886780 177
1886790 177
1886800 177
1886810 177
1886820 177
1886830 177
1886840 177
1886850 177
1886860 177
1886870 177
1886880 177
1886890 177
1886900 177
1886910 177
1886920 177
1886930 177
1886940 177
1886950 177
1886960 176
1886970 176
1886980 176
1886990 176
1887000 176
1887010 176
1887020 176
1887030 176
1887040 176
1887050 176
1887060 176
1887070 176
1887080 176
1887090 176
1887100 176
1887110 175
1887120 175
1887130 175
1887140 175
1887150 174
1887160 174
1887170 174
1887180 174
1887190 174
1887200 174
1887210 173
1887220 173
1887230 173
1887240 173
1887250 173
1887260 173
1887270 173
1887280 173
1887290 174
1887300 175
1887310 175
1887320 175
1887330 175
1887340 175
1887350 176
1887360 176
1887370 176
1887380 176
1887390 176
1887400 176
1887410 176
1887420 176
1887430 176
1887440 177
1887450 177
1887460 177
1887470 177
1887480 177
1887490 177
1887500 177
1887510 177
1887520 177
1887530 177
1887540 177
1887550 177
1887560 177
1887570 177
1887580 177
1887590 177
1887600 177
1887610 177
1887620 177
1887630 176
1887640 176
1887650 176
1887660 176
1887670 176
1887680 176
1887690 176
1887700 176
1887710 176
1887720 176
1887730 176
1887740 176
1887750 176
1887760 176
1887770 176
1887780 176
1887790 176
1887800 176
1887810 176
1887820 176
1887830 176
1887840 176
1887850 176
1887860 176
1887870 176
1887880 176
1887890 176
1887900 176
1887910 176
1887920 176
1887930 176
1887940 176
1887950 176
1887960 175
1887970 175
1887980 175
1887990 175
1888000 175
1888010 175
1888020 175
1888030 175
1888040 175
1888050 176
1888060 176
1888070 175
1888080 175
1888090 175
1888100 175
1888110 175
1888120 175
1888130 175
1888140 175
1888150 175
1888160 175
1888170 175
1888180 175
1888190 175
1888200 175
1888210 175
1888220 176
1888230 176
1888240 176
1888250 176
1888260 176
1888270 176
1888280 176
1888290 176
1888300 176
1888310 176
1888320 176
1888330 176
1888340 176
1888350 176
1888360 176
1888370 176
1888380 176
1888390 176
1888400 176
1888410 176
1888420 176
1888430 176
1888440 176
1888450 176
1888460 175
1888470 175
1888480 175
1888490 175
1888500 175
1888510 175
1888520 175
1888530 176
1888540 176
1888550 176
1888560 175
1888570 175
1888580 175
1888590 175
1888600 175
1888610 175
1888620 175
1888630 175
1888640 175
1888650 175
1888660 175
1888670 175
1888680 175
1888690 175
1888700 175
1888710 175
1888720 175
1888730 175
1888740 174
1888750 174
1888760 174
1888770 174
1888780 174
1888790 174
1888800 174
1888810 174
1888820 174
1888830 174
1888840 174
1888850 174
1888860 174
1888870 174
1888880 174
1888890 173
1888900 173
1888910 173
1888920 173
1888930 173
1888940 173
1888950 173
1888960 173
1888970 173
1888980 173
1888990 173
1889000 173
1889010 172
1889020 172
1889030 172
1889040 172
1889050 172
1889060 172
1889070 172
1889080 172
1889090 172
1889100 172
1889110 172
1889120 172
1889130 172
1889140 172
1889150 172
1889160 172
1889170 172
1889180 172
1889190 172
1889200 171
1889210 171
1889220 172
1889230 172
1889240 172
1889250 172
1889260 172
1889270 172
1889280 172
1889290 172
1889300 172
1889310 172
1889320 172
1889330 172
1889340 173
1889350 172
1889360 172
1889370 172
1889380 173
1889390 173
1889400 172
1889410 172
1889420 172
1889430 172
1889440 172
1889450 172
1889460 172
1889470 172
1889480 172
1889490 172
1889500 172
1889510 172
1889520 172
1889530 172
1889540 172
1889550 172
1889560 172
1889570 172
1889580 172
1889590 172
1889600 172
1889610 172
1889620 172
1889630 172
1889640 172
1889650 172
1889660 172
1889670 172
1889680 172
1889690 172
1889700 172
1889710 172
1889720 172
1889730 172
1889740 172
1889750 172
1889760 172
1889770 172
1889780 172
1889790 172
1889800 173
1889810 173
1889820 173
1889830 173
1889840 173
1889850 173
1889860 172
1889870 172
1889880 172
1889890 172
1889900 172
1889910 171
1889920 171
1889930 171
1889940 171
1889950 171
1889960 171
1889970 171
1889980 171
1889990 171
1890000 171
1890010 170
1890020 170
1890030 170
1890040 170
1890050 170
1890060 170
1890070 170
1890080 170
1890090 170
1890100 169
1890110 169
1890120 169
1890130 169
1890140 169
1890150 169
1890160 169
1890170 169
1890180 168
1890190 168
1890200 168
1890210 167
1890220 167
1890230 166
1890240 166
1890250 165
1890260 165
1890270 165
1890280 165
1890290 165
1890300 164
1890310 164
1890320 164
1890330 163
1890340 163
1890350 163
1890360 162
1890370 161
1890380 161
1890390 160
1890400 160
1890410 160
1890420 159
1890430 159
1890440 159
1890450 159
1890460 158
1890470 158
1890480 158
1890490 157
1890500 157
1890510 157
1890520 156
1890530 156
1890540 156
1890550 155
1890560 154
1890570 154
1890580 154
1890590 153
1890600 153
1890610 153
1890620 153
1890630 153
1890640 153
1890650 152
1890660 152
1890670 152
1890680 151
1890690 151
1890700 151
1890710 151
1890720 151
1890730 151
1890740 151
1890750 151
1890760 150
1890770 150
1890780 150
1890790 150
1890800 150
1890810 150
1890820 150
1890830 149
1890840 149
1890850 149
1890860 149
1890870 149
1890880 149
1890890 149
1890900 149
1890910 149
1890920 148
1890930 148
1890940 148
1890950 148
1890960 148
1890970 148
1890980 148
1890990 148
1891000 148
1891010 148
1891020 148
1891030 149
1891040 149
1891050 149
1891060 149
1891070 149
1891080 149
1891090 148
1891100 148
1891110 148
1891120 148
1891130 148
1891140 148
1891150 148
1891160 148
1891170 148
1891180 148
1891190 148
1891200 148
1891210 148
1891220 148
1891230 148
1891240 148
1891250 148
1891260 148
1891270 149
1891280 149
1891290 149
1891300 150
1891310 150
1891320 150
1891330 150
1891340 151
1891350 151
1891360 152
1891370 152
1891380 152
1891390 153
1891400 153
1891410 153
1891420 154
1891430 154
1891440 154
1891450 155
1891460 155
1891470 155
1891480 155
1891490 156
1891500 156
1891510 156
1891520 156
1891530 156
1891540 157
1891550 157
1891560 157
1891570 157
1891580 157
1891590 157
1891600 157
1891610 157
1891620 157
1891630 157
1891640 157
1891650 157
1891660 157
1891670 157
1891680 157
1891690 157
1891700 156
1891710 156
1891720 156
1891730 156
1891740 156
1891750 155
1891760 155
1891770 155
1891780 154
1891790 154
1891800 154
1891810 154
1891820 154
1891830 154
1891840 154
1891850 155
1891860 155
1891870 155
1891880 155
1891890 155
1891900 156
1891910 156
1891920 156
1891930 156
1891940 156
1891950 156
1891960 156
1891970 156
1891980 156
1891990 156
1892000 156
1892010 156
1892020 156
1892030 156
1892040 156
1892050 156
1892060 156
1892070 156
1892080 156
1892090 156
1892100 156
1892110 156
1892120 156
1892130 156
1892140 157
1892150 157
1892160 157
1892170 157
1892180 157
1892190 157
1892200 157
1892210 157
1892220 157
1892230 156
1892240 156
1892250 156
1892260 156
1892270 156
1892280 156
1892290 155
1892300 155
1892310 155
1892320 155
1892330 155
1892340 155
1892350 154
1892360 154
1892370 154
1892380 154
1892390 154
1892400 154
1892410 154
1892420 153
1892430 153
1892440 153
1892450 152
1892460 152
1892470 152
1892480 151
1892490 151
1892500 151
1892510 151
1892520 151
1892530 151
1892540 151
1892550 150
1892560 150
1892570 150
1892580 150
1892590 150
1892600 151
1892610 151
1892620 151
1892630 151
1892640 151
1892650 151
1892660 151
1892670 150
1892680 150
1892690 150
1892700 150
1892710 150
1892720 150
1892730 150
1892740 150
1892750 150
1892760 150
1892770 151
1892780 151
1892790 151
1892800 151
1892810 151
1892820 151
1892830 151
1892840 151
1892850 151
1892860 151
1892870 151
1892880 151
1892890 151
1892900 151
1892910 151
1892920 151
1892930 151
1892940 151
1892950 151
1892960 152
1892970 152
1892980 152
1892990 152
1893000 152
1893010 152
1893020 152
1893030 152
1893040 152
1893050 152
1893060 152
1893070 152
1893080 152
1893090 152
1893100 152
1893110 152
1893120 152
1893130 152
1893140 152
1893150 152
1893160 152
1893170 152
1893180 152
1893190 152
1893200 151
1893210 151
1893220 151
1893230 151
1893240 151
1893250 151
1893260 151
1893270 151
1893280 151
1893290 151
1893300 150
1893310 150
1893320 150
1893330 149
1893340 149
1893350 149
1893360 149
1893370 149
1893380 149
1893390 148
1893400 148
1893410 148
1893420 148
1893430 148
1893440 148
1893450 148
1893460 148
1893470 147
1893480 147
1893490 147
1893500 147
1893510 147
1893520 147
1893530 146
1893540 146
1893550 146
1893560 146
1893570 146
1893580 146
1893590 146
1893600 146
1893610 146
1893620 146
1893630 146
1893640 146
1893650 146
1893660 146
1893670 146
1893680 146
1893690 146
1893700 146
1893710 146
1893720 146
1893730 146
1893740 146
1893750 145
1893760 145
1893770 145
1893780 145
1893790 145
1893800 145
1893810 144
1893820 144
1893830 144
1893840 144
1893850 144
1893860 144
1893870 144
1893880 144
1893890 143
1893900 143
1893910 143
1893920 143
1893930 143
1893940 143
1893950 143
1893960 143
1893970 143
1893980 143
1893990 143
1894000 143
1894010 143
1894020 143
1894030 143
1894040 144
1894050 144
1894060 144
1894070 144
1894080 144
1894090 144
1894100 144
1894110 144
1894120 144
1894130 145
1894140 145
1894150 145
1894160 145
1894170 145
1894180 145
1894190 145
1894200 145
1894210 145
1894220 145
1894230 145
1894240 145
1894250 145
1894260 145
1894270 145
1894280 145
1894290 145
1894300 145
1894310 145
1894320 144
1894330 144
1894340 144
1894350 144
1894360 144
1894370 144
1894380 144
1894390 144
1894400 144
1894410 144
1894420 144
1894430 144
1894440 144
1894450 144
1894460 144
1894470 144
1894480 144
1894490 144
1894500 144
1894510 143
1894520 143
1894530 143
1894540 142
1894550 142
1894560 142
1894570 141
1894580 141
1894590 141
1894600 141
1894610 141
1894620 141
1894630 141
1894640 141
1894650 141
1894660 140
1894670 141
1894680 141
1894690 140
1894700 140
1894710 140
1894720 140
1894730 140
1894740 140
1894750 140
1894760 140
1894770 140
1894780 140
1894790 140
1894800 140
1894810 139
1894820 139
1894830 139
1894840 141
1894850 141
1894860 141
1894870 140
1894880 140
1894890 140
1894900 139
1894910 139
1894920 139
1894930 139
1894940 139
1894950 139
1894960 139
1894970 139
1894980 139
1894990 139
1895000 139
1895010 139
1895020 138
1895030 138
1895040 138
1895050 138
1895060 138
1895070 138
1895080 138
1895090 138
1895100 138
1895110 138
1895120 138
1895130 138
1895140 138
1895150 138
1895160 138
1895170 138
1895180 138
1895190 138
1895200 138
1895210 138
1895220 138
1895230 138
1895240 138
1895250 138
1895260 139
1895270 139
1895280 139
1895290 139
1895300 139
1895310 139
1895320 139
1895330 139
1895340 139
1895350 139
1895360 139
1895370 139
1895380 138
1895390 138
1895400 138
1895410 138
1895420 138
1895430 138
1895440 138
1895450 138
1895460 138
1895470 138
1895480 138
1895490 138
1895500 137
1895510 137
1895520 137
1895530 137
1895540 137
1895550 137
1895560 137
1895570 137
1895580 137
1895590 137
1895600 137
1895610 137
1895620 137
1895630 137
1895640 137
1895650 137
1895660 137
1895670 137
1895680 137
1895690 137
1895700 137
1895710 137
1895720 137
1895730 137
1895740 137
1895750 137
1895760 137
1895770 137
1895780 137
1895790 137
1895800 137
1895810 137
1895820 137
1895830 137
1895840 137
1895850 137
1895860 137
1895870 137
1895880 137
1895890 137
1895900 137
1895910 137
1895920 137
1895930 137
1895940 137
1895950 137
1895960 137
1895970 137
1895980 137
1895990 137
1896000 137
1896010 137
1896020 137
1896030 137
1896040 137
1896050 137
1896060 137
1896070 137
1896080 137
1896090 137
1896100 137
1896110 137
1896120 137
1896130 137
1896140 137
1896150 137
1896160 137
1896170 137
1896180 137
1896190 137
1896200 137
1896210 137
1896220 137
1896230 137
1896240 137
1896250 137
1896260 137
1896270 137
1896280 137
1896290 137
1896300 137
1896310 137
1896320 137
1896330 137
1896340 137
1896350 137
1896360 137
1896370 138
1896380 138
1896390 138
1896400 138
1896410 137
1896420 137
1896430 138
1896440 138
1896450 138
1896460 138
1896470 138
1896480 138
1896490 138
1896500 138
1896510 138
1896520 138
1896530 138
1896540 138
1896550 138
1896560 138
1896570 138
1896580 138
1896590 138
1896600 138
1896610 138
1896620 138
1896630 138
1896640 138
1896650 138
1896660 138
1896670 137
1896680 137
1896690 137
1896700 137
1896710 137
1896720 137
1896730 138
1896740 138
1896750 138
1896760 138
1896770 138
1896780 138
1896790 138
1896800 138
1896810 138
1896820 139
1896830 139
1896840 139
1896850 139
1896860 139
1896870 139
1896880 139
1896890 139
1896900 139
1896910 139
1896920 139
1896930 139
1896940 139
1896950 138
1896960 138
1896970 138
1896980 138
1896990 138
1897000 138
1897010 137
1897020 137
1897030 137
1897040 137
1897050 137
1897060 137
1897070 137
1897080 137
1897090 137
1897100 137
1897110 137
1897120 137
1897130 137
1897140 137
1897150 137
1897160 137
1897170 137
1897180 136
1897190 136
1897200 136
1897210 136
1897220 136
1897230 136
1897240 136
1897250 136
1897260 136
1897270 136
1897280 136
1897290 136
1897300 136
1897310 136
1897320 136
1897330 136
1897340 136
1897350 136
1897360 136
1897370 136
1897380 136
1897390 136
1897400 137
1897410 137
1897420 137
1897430 137
1897440 137
1897450 137
1897460 137
1897470 137
1897480 137
1897490 137
1897500 136
1897510 136
1897520 136
1897530 136
1897540 136
1897550 136
1897560 136
1897570 136
1897580 136
1897590 136
1897600 136
1897610 136
1897620 136
1897630 136
1897640 136
1897650 136
1897660 136
1897670 136
1897680 136
1897690 136
1897700 136
1897710 136
1897720 136
1897730 136
1897740 136
1897750 136
1897760 136
1897770 136
1897780 136
1897790 136
1897800 136
1897810 137
1897820 137
1897830 137
1897840 137
1897850 137
1897860 137
1897870 137
1897880 137
1897890 137
1897900 137
1897910 137
1897920 137
1897930 137
1897940 137
1897950 137
1897960 137
1897970 137
1897980 137
1897990 138
1898000 138
1898010 138
1898020 138
1898030 138
1898040 138
1898050 138
1898060 138
1898070 138
1898080 139
1898090 139
1898100 139
1898110 139
1898120 139
1898130 139
1898140 139
1898150 139
1898160 139
1898170 138
1898180 137
1898190 138
1898200 138
1898210 139
1898220 139
1898230 139
1898240 139
1898250 139
1898260 139
1898270 138
1898280 138
1898290 138
1898300 138
1898310 138
1898320 138
1898330 138
1898340 139
1898350 139
1898360 139
1898370 139
1898380 139
1898390 139
1898400 139
1898410 139
1898420 139
1898430 139
1898440 139
1898450 139
1898460 139
1898470 139
1898480 139
1898490 139
1898500 139
1898510 139
1898520 139
1898530 139
1898540 139
1898550 139
1898560 139
1898570 139
1898580 139
1898590 139
1898600 139
1898610 139
1898620 139
1898630 139
1898640 138
1898650 138
1898660 138
1898670 138
1898680 138
1898690 138
1898700 138
1898710 138
1898720 138
1898730 138
1898740 138
1898750 138
1898760 138
1898770 138
1898780 138
1898790 138
1898800 138
1898810 138
1898820 138
1898830 138
1898840 137
1898850 137
1898860 137
1898870 137
1898880 137
1898890 137
1898900 137
1898910 137
1898920 137
1898930 137
1898940 137
1898950 137
1898960 137
1898970 137
1898980 137
1898990 138
1899000 138
1899010 138
1899020 138
1899030 138
1899040 138
1899050 138
1899060 138
1899070 138
1899080 138
1899090 138
1899100 138
1899110 137
1899120 137
1899130 137
1899140 137
1899150 137
1899160 137
1899170 137
1899180 137
1899190 137
1899200 137
1899210 137
1899220 137
1899230 137
1899240 137
1899250 137
1899260 137
1899270 137
1899280 137
1899290 137
1899300 137
1899310 137
1899320 137
1899330 137
1899340 137
1899350 137
1899360 137
1899370 136
1899380 136
1899390 137
1899400 137
1899410 137
1899420 137
1899430 137
1899440 137
1899450 137
1899460 137
1899470 137
1899480 137
1899490 137
1899500 137
1899510 137
1899520 137
1899530 137
1899540 137
1899550 137
1899560 137
1899570 137
1899580 137
1899590 136
1899600 137
1899610 137
1899620 137
1899630 137
1899640 137
1899650 137
1899660 137
1899670 137
1899680 137
1899690 137
1899700 137
1899710 137
1899720 137
1899730 137
1899740 137
1899750 137
1899760 137
1899770 137
1899780 137
1899790 137
1899800 137
1899810 137
1899820 137
1899830 137
1899840 137
1899850 137
1899860 137
1899870 137
1899880 137
1899890 137
1899900 137
1899910 137
1899920 137
1899930 137
1899940 137
1899950 136
1899960 136
1899970 136
1899980 136
1899990 136
