1880000 145
1880010 145
1880020 148
1880030 146
1880040 146
1880050 145
1880060 145
1880070 145
1880080 145
1880090 145
1880100 145
1880110 145
1880120 146
1880130 146
1880140 146
1880150 146
1880160 146
1880170 146
1880180 146
1880190 146
1880200 147
1880210 146
1880220 146
1880230 146
1880240 146
1880250 146
1880260 146
1880270 147
1880280 147
1880290 147
1880300 146
1880310 146
1880320 146
1880330 146
1880340 146
1880350 146
1880360 146
1880370 146
1880380 146
1880390 146
1880400 146
1880410 146
1880420 146
1880430 146
1880440 146
1880450 146
1880460 146
1880470 146
1880480 146
1880490 146
1880500 146
1880510 146
1880520 146
1880530 146
1880540 146
1880550 146
1880560 146
1880570 146
1880580 146
1880590 146
1880600 146
1880610 146
1880620 146
1880630 146
1880640 146
1880650 146
1880660 147
1880670 147
1880680 147
1880690 147
1880700 147
1880710 147
1880720 147
1880730 147
1880740 147
1880750 147
1880760 147
1880770 147
1880780 147
1880790 147
1880800 147
1880810 147
1880820 147
1880830 147
1880840 147
1880850 147
1880860 147
1880870 147
1880880 147
1880890 148
1880900 148
1880910 148
1880920 148
1880930 148
1880940 148
1880950 148
1880960 148
1880970 148
1880980 149
1880990 149
1881000 149
1881010 149
1881020 149
1881030 149
1881040 149
1881050 149
1881060 149
1881070 149
1881080 150
1881090 150
1881100 150
1881110 150
1881120 150
1881130 150
1881140 150
1881150 150
1881160 150
1881170 150
1881180 150
1881190 151
1881200 151
1881210 151
1881220 151
1881230 151
1881240 151
1881250 151
1881260 152
1881270 152
1881280 152
1881290 152
1881300 152
1881310 152
1881320 153
1881330 153
1881340 153
1881350 153
1881360 154
1881370 154
1881380 154
1881390 154
1881400 154
1881410 154
1881420 155
1881430 155
1881440 155
1881450 155
1881460 155
1881470 155
1881480 155
1881490 155
1881500 156
1881510 156
1881520 156
1881530 156
1881540 156
1881550 156
1881560 156
1881570 157
1881580 157
1881590 157
1881600 157
1881610 157
1881620 157
1881630 158
1881640 158
1881650 158
1881660 159
1881670 159
1881680 159
1881690 159
1881700 159
1881710 159
1881720 159
1881730 159
1881740 160
1881750 160
1881760 160
1881770 161
1881780 161
1881790 161
1881800 161
1881810 161
1881820 161
1881830 162
1881840 162
1881850 162
1881860 162
1881870 162
1881880 162
1881890 162
1881900 162
1881910 162
1881920 162
1881930 162
1881940 162
1881950 163
1881960 163
1881970 163
1881980 163
1881990 164
1882000 164
1882010 164
1882020 164
1882030 164
1882040 165
1882050 164
1882060 164
1882070 165
1882080 165
1882090 165
1882100 165
1882110 165
1882120 165
1882130 166
1882140 166
1882150 166
1882160 166
1882170 166
1882180 166
1882190 166
1882200 166
1882210 166
1882220 167
1882230 167
1882240 167
1882250 167
1882260 168
1882270 168
1882280 168
1882290 170
1882300 170
1882310 170
1882320 170
1882330 170
1882340 170
1882350 170
1882360 170
1882370 170
1882380 170
1882390 170
1882400 170
1882410 171
1882420 171
1882430 171
1882440 171
1882450 171
1882460 172
1882470 172
1882480 172
1882490 172
1882500 172
1882510 172
1882520 172
1882530 172
1882540 172
1882550 172
1882560 172
1882570 172
1882580 172
1882590 172
1882600 172
1882610 172
1882620 172
1882630 172
1882640 171
1882650 171
1882660 171
1882670 170
1882680 170
1882690 170
1882700 170
1882710 170
1882720 170
1882730 169
1882740 169
1882750 169
1882760 169
1882770 169
1882780 169
1882790 170
1882800 170
1882810 170
1882820 171
1882830 170
1882840 170
1882850 170
1882860 171
1882870 171
1882880 171
1882890 172
1882900 172
1882910 173
1882920 174
1882930 174
1882940 175
1882950 176
1882960 176
1882970 177
1882980 177
1882990 177
1883000 178
1883010 179
1883020 179
1883030 180
1883040 180
1883050 180
1883060 180
1883070 180
1883080 180
1883090 180
1883100 180
1883110 180
1883120 180
1883130 180
1883140 180
1883150 180
1883160 179
1883170 178
1883180 178
1883190 177
1883200 177
1883210 177
1883220 177
1883230 176
1883240 176
1883250 175
1883260 175
1883270 175
1883280 175
1883290 175
1883300 175
1883310 176
1883320 176
1883330 176
1883340 176
1883350 177
1883360 177
1883370 177
1883380 178
1883390 178
1883400 178
1883410 179
1883420 179
1883430 179
1883440 180
1883450 180
1883460 180
1883470 181
1883480 181
1883490 182
1883500 183
1883510 183
1883520 183
1883530 183
1883540 183
1883550 183
1883560 183
1883570 183
1883580 183
1883590 183
1883600 183
1883610 183
1883620 183
1883630 183
1883640 183
1883650 183
1883660 183
1883670 183
1883680 183
1883690 183
1883700 183
1883710 183
1883720 183
1883730 183
1883740 183
1883750 183
1883760 183
1883770 182
1883780 182
1883790 182
1883800 182
1883810 182
1883820 182
1883830 182
1883840 182
1883850 182
1883860 182
1883870 182
1883880 182
1883890 182
1883900 182
1883910 182
1883920 182
1883930 182
1883940 182
1883950 182
1883960 182
1883970 182
1883980 182
1883990 182
1884000 182
1884010 182
1884020 182
1884030 182
1884040 182
1884050 182
1884060 182
1884070 182
1884080 182
1884090 182
1884100 182
1884110 182
1884120 181
1884130 181
1884140 181
1884150 181
1884160 181
1884170 181
1884180 181
1884190 181
1884200 181
1884210 181
1884220 181
1884230 181
1884240 181
1884250 181
1884260 181
1884270 181
1884280 181
1884290 181
1884300 181
1884310 181
1884320 181
1884330 181
1884340 181
1884350 181
1884360 181
1884370 181
1884380 181
1884390 181
1884400 181
1884410 181
1884420 181
1884430 181
1884440 181
1884450 181
1884460 181
1884470 181
1884480 181
1884490 181
1884500 181
1884510 181
1884520 181
1884530 181
1884540 181
1884550 181
1884560 181
1884570 181
1884580 181
1884590 181
1884600 181
1884610 181
1884620 181
1884630 181
1884640 181
1884650 181
1884660 181
1884670 181
1884680 181
1884690 181
1884700 180
1884710 180
1884720 180
1884730 180
1884740 180
1884750 180
1884760 180
1884770 180
1884780 180
1884790 180
1884800 180
1884810 180
1884820 180
1884830 180
1884840 180
1884850 180
1884860 180
1884870 180
1884880 180
1884890 180
1884900 180
1884910 179
1884920 179
1884930 179
1884940 179
1884950 179
1884960 180
1884970 180
1884980 180
1884990 180
1885000 180
1885010 180
1885020 180
1885030 180
1885040 180
1885050 180
1885060 180
1885070 180
1885080 180
1885090 180
1885100 180
1885110 180
1885120 180
1885130 180
1885140 180
1885150 180
1885160 180
1885170 180
1885180 180
1885190 180
1885200 180
1885210 180
1885220 180
1885230 180
1885240 180
1885250 180
1885260 180
1885270 180
1885280 180
1885290 180
1885300 180
1885310 180
1885320 180
1885330 180
1885340 180
1885350 180
1885360 180
1885370 180
1885380 180
1885390 180
1885400 180
1885410 180
1885420 180
1885430 180
1885440 180
1885450 180
1885460 180
1885470 180
1885480 180
1885490 180
1885500 180
1885510 180
1885520 179
1885530 180
1885540 179
1885550 179
1885560 179
1885570 179
1885580 179
1885590 179
1885600 179
1885610 179
1885620 179
1885630 179
1885640 179
1885650 179
1885660 179
1885670 179
1885680 179
1885690 179
1885700 179
1885710 179
1885720 179
1885730 179
1885740 179
1885750 179
1885760 179
1885770 179
1885780 179
1885790 179
1885800 179
1885810 179
1885820 179
1885830 179
1885840 179
1885850 179
1885860 179
1885870 178
1885880 178
1885890 178
1885900 178
1885910 178
1885920 178
1885930 178
1885940 178
1885950 178
1885960 178
1885970 178
1885980 178
1885990 178
1886000 178
1886010 178
1886020 178
1886030 178
1886040 178
1886050 178
1886060 178
1886070 178
1886080 178
1886090 178
1886100 178
1886110 178
1886120 178
1886130 178
1886140 178
1886150 178
1886160 178
1886170 178
1886180 177
1886190 177
1886200 177
1886210 177
1886220 177
1886230 177
1886240 177
1886250 177
1886260 177
1886270 177
1886280 177
1886290 177
1886300 176
1886310 176
1886320 174
1886330 173
1886340 173
1886350 173
1886360 173
1886370 173
1886380 173
1886390 173
1886400 173
1886410 173
1886420 173
1886430 173
1886440 173
1886450 173
1886460 173
1886470 174
1886480 174
1886490 174
1886500 175
1886510 176
1886520 176
1886530 176
1886540 176
1886550 176
1886560 177
1886570 177
1886580 177
1886590 177
1886600 176
1886610 176
1886620 177
1886630 177
1886640 177
1886650 177
1886660 177
1886670 177
1886680 176
1886690 177
1886700 177
1886710 177
1886720 177
1886730 177
1886740 177
1886750 177
1886760 177
1886770 176
1886780 176
1886790 176
1886800 176
1886810 176
1886820 176
1886830 176
1886840 176
1886850 177
1886860 177
1886870 176
1886880 176
1886890 176
1886900 176
1886910 176
1886920 176
1886930 176
1886940 176
1886950 176
1886960 176
1886970 176
1886980 176
1886990 176
1887000 176
1887010 176
1887020 176
1887030 176
1887040 176
1887050 176
1887060 176
1887070 176
1887080 176
1887090 176
1887100 176
1887110 175
1887120 175
1887130 175
1887140 175
1887150 175
1887160 175
1887170 174
1887180 174
1887190 174
1887200 174
1887210 173
1887220 173
1887230 173
1887240 173
1887250 173
1887260 173
1887270 173
1887280 173
1887290 172
1887300 172
1887310 172
1887320 172
1887330 172
1887340 172
1887350 173
1887360 173
1887370 173
1887380 173
1887390 174
1887400 174
1887410 175
1887420 175
1887430 175
1887440 175
1887450 175
1887460 176
1887470 175
1887480 175
1887490 175
1887500 175
1887510 175
1887520 175
1887530 176
1887540 176
1887550 176
1887560 176
1887570 176
1887580 176
1887590 176
1887600 177
1887610 177
1887620 177
1887630 177
1887640 177
1887650 177
1887660 177
1887670 177
1887680 177
1887690 177
1887700 177
1887710 177
1887720 177
1887730 177
1887740 177
1887750 177
1887760 177
1887770 177
1887780 177
1887790 177
1887800 177
1887810 177
1887820 177
1887830 177
1887840 177
1887850 177
1887860 177
1887870 177
1887880 177
1887890 177
1887900 177
1887910 177
1887920 176
1887930 176
1887940 176
1887950 176
1887960 176
1887970 176
1887980 176
1887990 176
1888000 176
1888010 176
1888020 176
1888030 176
1888040 176
1888050 176
1888060 176
1888070 176
1888080 176
1888090 176
1888100 176
1888110 176
1888120 176
1888130 176
1888140 175
1888150 175
1888160 175
1888170 175
1888180 175
1888190 175
1888200 175
1888210 175
1888220 175
1888230 175
1888240 175
1888250 174
1888260 174
1888270 174
1888280 174
1888290 174
1888300 174
1888310 174
1888320 174
1888330 174
1888340 174
1888350 173
1888360 173
1888370 173
1888380 173
1888390 173
1888400 173
1888410 173
1888420 173
1888430 173
1888440 173
1888450 173
1888460 174
1888470 174
1888480 174
1888490 174
1888500 174
1888510 174
1888520 174
1888530 174
1888540 174
1888550 174
1888560 174
1888570 174
1888580 175
1888590 174
1888600 174
1888610 174
1888620 174
1888630 174
1888640 174
1888650 174
1888660 174
1888670 174
1888680 174
1888690 174
1888700 174
1888710 174
1888720 174
1888730 174
1888740 174
1888750 174
1888760 174
1888770 174
1888780 173
1888790 173
1888800 173
1888810 173
1888820 173
1888830 173
1888840 173
1888850 173
1888860 173
1888870 173
1888880 173
1888890 173
1888900 172
1888910 172
1888920 172
1888930 172
1888940 172
1888950 172
1888960 172
1888970 172
1888980 172
1888990 172
1889000 172
1889010 171
1889020 171
1889030 171
1889040 171
1889050 171
1889060 171
1889070 171
1889080 171
1889090 171
1889100 170
1889110 170
1889120 170
1889130 170
1889140 170
1889150 170
1889160 170
1889170 170
1889180 170
1889190 170
1889200 169
1889210 169
1889220 169
1889230 169
1889240 169
1889250 169
1889260 169
1889270 169
1889280 169
1889290 169
1889300 169
1889310 169
1889320 169
1889330 169
1889340 169
1889350 169
1889360 169
1889370 169
1889380 170
1889390 170
1889400 170
1889410 170
1889420 170
1889430 170
1889440 170
1889450 170
1889460 170
1889470 170
1889480 170
1889490 171
1889500 171
1889510 171
1889520 171
1889530 171
1889540 171
1889550 171
1889560 172
1889570 172
1889580 172
1889590 172
1889600 172
1889610 172
1889620 172
1889630 172
1889640 171
1889650 171
1889660 171
1889670 171
1889680 171
1889690 171
1889700 171
1889710 171
1889720 171
1889730 172
1889740 172
1889750 172
1889760 172
1889770 172
1889780 172
1889790 172
1889800 172
1889810 172
1889820 172
1889830 172
1889840 172
1889850 172
1889860 172
1889870 172
1889880 172
1889890 172
1889900 172
1889910 172
1889920 172
1889930 172
1889940 172
1889950 172
1889960 172
1889970 172
1889980 172
1889990 172
1890000 172
1890010 171
1890020 171
1890030 171
1890040 171
1890050 171
1890060 171
1890070 171
1890080 171
1890090 171
1890100 170
1890110 170
1890120 170
1890130 170
1890140 170
1890150 170
1890160 170
1890170 170
1890180 170
1890190 169
1890200 169
1890210 169
1890220 169
1890230 169
1890240 169
1890250 168
1890260 168
1890270 168
1890280 168
1890290 168
1890300 168
1890310 168
1890320 168
1890330 168
1890340 168
1890350 168
1890360 168
1890370 168
1890380 168
1890390 168
1890400 167
1890410 167
1890420 167
1890430 167
1890440 167
1890450 167
1890460 166
1890470 166
1890480 166
1890490 166
1890500 166
1890510 165
1890520 165
1890530 165
1890540 164
1890550 164
1890560 163
1890570 163
1890580 163
1890590 163
1890600 163
1890610 162
1890620 162
1890630 162
1890640 161
1890650 161
1890660 161
1890670 160
1890680 160
1890690 160
1890700 159
1890710 158
1890720 158
1890730 158
1890740 158
1890750 158
1890760 157
1890770 157
1890780 157
1890790 157
1890800 156
1890810 156
1890820 156
1890830 156
1890840 156
1890850 156
1890860 155
1890870 155
1890880 155
1890890 155
1890900 155
1890910 155
1890920 155
1890930 155
1890940 155
1890950 155
1890960 155
1890970 154
1890980 154
1890990 154
1891000 154
1891010 154
1891020 154
1891030 155
1891040 154
1891050 154
1891060 154
1891070 154
1891080 154
1891090 154
1891100 154
1891110 154
1891120 154
1891130 154
1891140 154
1891150 154
1891160 154
1891170 154
1891180 154
1891190 154
1891200 154
1891210 153
1891220 153
1891230 153
1891240 153
1891250 153
1891260 153
1891270 153
1891280 152
1891290 151
1891300 151
1891310 150
1891320 150
1891330 150
1891340 149
1891350 149
1891360 149
1891370 149
1891380 149
1891390 149
1891400 148
1891410 148
1891420 148
1891430 148
1891440 148
1891450 148
1891460 148
1891470 148
1891480 148
1891490 148
1891500 148
1891510 149
1891520 149
1891530 149
1891540 149
1891550 150
1891560 150
1891570 150
1891580 150
1891590 150
1891600 151
1891610 152
1891620 152
1891630 152
1891640 152
1891650 152
1891660 152
1891670 153
1891680 153
1891690 153
1891700 153
1891710 153
1891720 153
1891730 153
1891740 153
1891750 153
1891760 152
1891770 152
1891780 152
1891790 152
1891800 152
1891810 151
1891820 151
1891830 151
1891840 150
1891850 149
1891860 149
1891870 149
1891880 148
1891890 148
1891900 148
1891910 147
1891920 147
1891930 147
1891940 147
1891950 147
1891960 148
1891970 148
1891980 148
1891990 147
1892000 147
1892010 147
1892020 147
1892030 147
1892040 147
1892050 147
1892060 147
1892070 147
1892080 147
1892090 147
1892100 147
1892110 146
1892120 146
1892130 146
1892140 146
1892150 146
1892160 146
1892170 146
1892180 146
1892190 146
1892200 146
1892210 146
1892220 146
1892230 146
1892240 146
1892250 146
1892260 146
1892270 146
1892280 146
1892290 146
1892300 146
1892310 146
1892320 146
1892330 146
1892340 146
1892350 146
1892360 146
1892370 146
1892380 146
1892390 146
1892400 146
1892410 146
1892420 146
1892430 146
1892440 146
1892450 146
1892460 146
1892470 146
1892480 146
1892490 146
1892500 146
1892510 147
1892520 147
1892530 147
1892540 147
1892550 146
1892560 146
1892570 146
1892580 146
1892590 146
1892600 146
1892610 145
1892620 145
1892630 145
1892640 144
1892650 144
1892660 144
1892670 144
1892680 144
1892690 144
1892700 145
1892710 145
1892720 144
1892730 144
1892740 144
1892750 144
1892760 144
1892770 144
1892780 143
1892790 143
1892800 143
1892810 143
1892820 143
1892830 143
1892840 143
1892850 142
1892860 142
1892870 142
1892880 143
1892890 143
1892900 143
1892910 143
1892920 143
1892930 143
1892940 143
1892950 143
1892960 143
1892970 143
1892980 143
1892990 143
1893000 143
1893010 143
1893020 144
1893030 144
1893040 144
1893050 144
1893060 144
1893070 144
1893080 144
1893090 144
1893100 144
1893110 145
1893120 145
1893130 145
1893140 145
1893150 145
1893160 145
1893170 145
1893180 146
1893190 146
1893200 146
1893210 146
1893220 146
1893230 146
1893240 147
1893250 147
1893260 147
1893270 147
1893280 147
1893290 147
1893300 147
1893310 147
1893320 147
1893330 147
1893340 147
1893350 147
1893360 147
1893370 147
1893380 147
1893390 147
1893400 147
1893410 147
1893420 146
1893430 146
1893440 146
1893450 145
1893460 145
1893470 145
1893480 144
1893490 144
1893500 144
1893510 143
1893520 143
1893530 143
1893540 143
1893550 143
1893560 143
1893570 142
1893580 142
1893590 142
1893600 142
1893610 142
1893620 142
1893630 142
1893640 142
1893650 142
1893660 141
1893670 141
1893680 141
1893690 141
1893700 141
1893710 141
1893720 141
1893730 141
1893740 141
1893750 141
1893760 141
1893770 141
1893780 141
1893790 141
1893800 141
1893810 141
1893820 141
1893830 142
1893840 142
1893850 142
1893860 142
1893870 142
1893880 142
1893890 142
1893900 142
1893910 142
1893920 142
1893930 142
1893940 142
1893950 142
1893960 143
1893970 143
1893980 143
1893990 143
1894000 143
1894010 143
1894020 142
1894030 142
1894040 142
1894050 142
1894060 142
1894070 141
1894080 141
1894090 141
1894100 141
1894110 141
1894120 141
1894130 141
1894140 141
1894150 141
1894160 141
1894170 141
1894180 141
1894190 141
1894200 142
1894210 142
1894220 142
1894230 142
1894240 142
1894250 142
1894260 142
1894270 142
1894280 142
1894290 142
1894300 142
1894310 142
1894320 142
1894330 142
1894340 142
1894350 142
1894360 142
1894370 142
1894380 142
1894390 142
1894400 142
1894410 141
1894420 141
1894430 141
1894440 141
1894450 141
1894460 141
1894470 140
1894480 140
1894490 140
1894500 140
1894510 140
1894520 140
1894530 140
1894540 142
1894550 142
1894560 142
1894570 142
1894580 142
1894590 141
1894600 139
1894610 139
1894620 139
1894630 139
1894640 139
1894650 139
1894660 139
1894670 139
1894680 138
1894690 138
1894700 138
1894710 138
1894720 138
1894730 138
1894740 138
1894750 138
1894760 138
1894770 138
1894780 138
1894790 138
1894800 138
1894810 138
1894820 138
1894830 138
1894840 138
1894850 138
1894860 138
1894870 138
1894880 138
1894890 138
1894900 137
1894910 137
1894920 137
1894930 137
1894940 137
1894950 137
1894960 137
1894970 137
1894980 137
1894990 137
1895000 137
1895010 137
1895020 137
1895030 137
1895040 137
1895050 137
1895060 137
1895070 137
1895080 137
1895090 137
1895100 137
1895110 137
1895120 137
1895130 137
1895140 137
1895150 137
1895160 137
1895170 137
1895180 137
1895190 137
1895200 137
1895210 137
1895220 137
1895230 137
1895240 137
1895250 137
1895260 137
1895270 137
1895280 137
1895290 137
1895300 137
1895310 137
1895320 137
1895330 137
1895340 137
1895350 137
1895360 137
1895370 137
1895380 137
1895390 137
1895400 137
1895410 137
1895420 137
1895430 137
1895440 137
1895450 137
1895460 137
1895470 137
1895480 137
1895490 137
1895500 137
1895510 137
1895520 137
1895530 137
1895540 137
1895550 137
1895560 137
1895570 137
1895580 137
1895590 137
1895600 137
1895610 137
1895620 137
1895630 137
1895640 137
1895650 137
1895660 137
1895670 137
1895680 137
1895690 137
1895700 137
1895710 137
1895720 137
1895730 137
1895740 137
1895750 137
1895760 137
1895770 137
1895780 137
1895790 137
1895800 137
1895810 137
1895820 137
1895830 137
1895840 137
1895850 137
1895860 137
1895870 137
1895880 137
1895890 137
1895900 137
1895910 137
1895920 137
1895930 137
1895940 137
1895950 137
1895960 137
1895970 137
1895980 137
1895990 137
1896000 137
1896010 137
1896020 137
1896030 137
1896040 137
1896050 137
1896060 137
1896070 137
1896080 137
1896090 137
1896100 137
1896110 137
1896120 137
1896130 136
1896140 136
1896150 136
1896160 136
1896170 136
1896180 136
1896190 136
1896200 136
1896210 136
1896220 136
1896230 136
1896240 136
1896250 136
1896260 136
1896270 136
1896280 136
1896290 136
1896300 136
1896310 136
1896320 136
1896330 136
1896340 136
1896350 136
1896360 136
1896370 136
1896380 136
1896390 136
1896400 136
1896410 136
1896420 136
1896430 136
1896440 136
1896450 136
1896460 136
1896470 136
1896480 136
1896490 136
1896500 136
1896510 136
1896520 136
1896530 136
1896540 136
1896550 136
1896560 136
1896570 136
1896580 136
1896590 136
1896600 136
1896610 136
1896620 136
1896630 136
1896640 137
1896650 137
1896660 137
1896670 137
1896680 137
1896690 137
1896700 138
1896710 138
1896720 138
1896730 138
1896740 138
1896750 138
1896760 138
1896770 138
1896780 138
1896790 138
1896800 138
1896810 138
1896820 138
1896830 138
1896840 138
1896850 139
1896860 139
1896870 139
1896880 139
1896890 139
1896900 139
1896910 139
1896920 139
1896930 139
1896940 139
1896950 139
1896960 139
1896970 139
1896980 139
1896990 139
1897000 139
1897010 138
1897020 138
1897030 138
1897040 138
1897050 138
1897060 137
1897070 137
1897080 137
1897090 137
1897100 137
1897110 137
1897120 137
1897130 137
1897140 137
1897150 137
1897160 137
1897170 137
1897180 137
1897190 137
1897200 137
1897210 136
1897220 136
1897230 136
1897240 136
1897250 136
1897260 136
1897270 136
1897280 136
1897290 136
1897300 136
1897310 136
1897320 136
1897330 136
1897340 136
1897350 136
1897360 136
1897370 136
1897380 136
1897390 136
1897400 136
1897410 136
1897420 136
1897430 136
1897440 136
1897450 136
1897460 136
1897470 136
1897480 136
1897490 136
1897500 136
1897510 136
1897520 136
1897530 136
1897540 136
1897550 136
1897560 136
1897570 136
1897580 136
1897590 136
1897600 136
1897610 136
1897620 136
1897630 136
1897640 136
1897650 136
1897660 136
1897670 136
1897680 136
1897690 136
1897700 136
1897710 136
1897720 136
1897730 136
1897740 136
1897750 136
1897760 136
1897770 136
1897780 136
1897790 136
1897800 136
1897810 136
1897820 136
1897830 136
1897840 136
1897850 136
1897860 136
1897870 136
1897880 136
1897890 136
1897900 136
1897910 136
1897920 136
1897930 136
1897940 136
1897950 136
1897960 136
1897970 136
1897980 136
1897990 136
1898000 136
1898010 136
1898020 136
1898030 136
1898040 136
1898050 136
1898060 136
1898070 136
1898080 136
1898090 136
1898100 137
1898110 137
1898120 137
1898130 137
1898140 137
1898150 138
1898160 137
1898170 137
1898180 137
1898190 137
1898200 137
1898210 137
1898220 137
1898230 138
1898240 138
1898250 138
1898260 138
1898270 138
1898280 138
1898290 138
1898300 138
1898310 138
1898320 138
1898330 138
1898340 138
1898350 138
1898360 138
1898370 137
1898380 137
1898390 134
1898400 132
1898410 132
1898420 133
1898430 135
1898440 135
1898450 136
1898460 138
1898470 138
1898480 138
1898490 138
1898500 138
1898510 138
1898520 138
1898530 138
1898540 138
1898550 138
1898560 138
1898570 138
1898580 138
1898590 138
1898600 138
1898610 138
1898620 138
1898630 138
1898640 138
1898650 138
1898660 138
1898670 138
1898680 138
1898690 138
1898700 138
1898710 138
1898720 138
1898730 139
1898740 139
1898750 139
1898760 139
1898770 139
1898780 139
1898790 139
1898800 139
1898810 139
1898820 139
1898830 139
1898840 137
1898850 137
1898860 137
1898870 137
1898880 137
1898890 137
1898900 137
1898910 137
1898920 137
1898930 137
1898940 137
1898950 137
1898960 137
1898970 137
1898980 137
1898990 137
1899000 137
1899010 137
1899020 137
1899030 137
1899040 137
1899050 137
1899060 136
1899070 136
1899080 136
1899090 136
1899100 136
1899110 136
1899120 136
1899130 136
1899140 137
1899150 137
1899160 136
1899170 136
1899180 136
1899190 136
1899200 137
1899210 137
1899220 137
1899230 136
1899240 136
1899250 136
1899260 136
1899270 136
1899280 136
1899290 136
1899300 136
1899310 136
1899320 136
1899330 136
1899340 136
1899350 136
1899360 137
1899370 137
1899380 137
1899390 137
1899400 137
1899410 137
1899420 137
1899430 137
1899440 137
1899450 137
1899460 137
1899470 137
1899480 137
1899490 137
1899500 137
1899510 137
1899520 137
1899530 137
1899540 137
1899550 137
1899560 137
1899570 136
1899580 136
1899590 137
1899600 137
1899610 137
1899620 136
1899630 136
1899640 136
1899650 136
1899660 136
1899670 136
1899680 136
1899690 136
1899700 136
1899710 136
1899720 136
1899730 136
1899740 136
1899750 136
1899760 136
1899770 136
1899780 136
1899790 137
1899800 136
1899810 137
1899820 137
1899830 137
1899840 136
1899850 136
1899860 136
1899870 136
1899880 136
1899890 136
1899900 136
1899910 136
1899920 136
1899930 136
1899940 136
1899950 136
1899960 136
1899970 136
1899980 136
1899990 136
