1880000 155
1880010 156
1880020 156
1880030 156
1880040 156
1880050 156
1880060 156
1880070 156
1880080 156
1880090 156
1880100 156
1880110 156
1880120 156
1880130 157
1880140 157
1880150 157
1880160 157
1880170 157
1880180 157
1880190 157
1880200 157
1880210 157
1880220 157
1880230 157
1880240 157
1880250 157
1880260 157
1880270 157
1880280 158
1880290 158
1880300 158
1880310 158
1880320 158
1880330 158
1880340 158
1880350 158
1880360 158
1880370 158
1880380 158
1880390 158
1880400 158
1880410 158
1880420 158
1880430 159
1880440 159
1880450 159
1880460 159
1880470 159
1880480 159
1880490 159
1880500 159
1880510 159
1880520 159
1880530 159
1880540 159
1880550 159
1880560 160
1880570 160
1880580 160
1880590 160
1880600 160
1880610 160
1880620 160
1880630 160
1880640 161
1880650 161
1880660 161
1880670 161
1880680 161
1880690 161
1880700 161
1880710 162
1880720 162
1880730 162
1880740 162
1880750 162
1880760 162
1880770 162
1880780 163
1880790 163
1880800 163
1880810 163
1880820 163
1880830 163
1880840 163
1880850 164
1880860 164
1880870 164
1880880 164
1880890 164
1880900 164
1880910 164
1880920 165
1880930 165
1880940 165
1880950 165
1880960 165
1880970 165
1880980 165
1880990 165
1881000 166
1881010 166
1881020 166
1881030 166
1881040 166
1881050 166
1881060 167
1881070 167
1881080 167
1881090 167
1881100 168
1881110 168
1881120 168
1881130 168
1881140 168
1881150 169
1881160 169
1881170 169
1881180 169
1881190 169
1881200 169
1881210 170
1881220 170
1881230 170
1881240 170
1881250 170
1881260 170
1881270 170
1881280 171
1881290 171
1881300 171
1881310 172
1881320 172
1881330 173
1881340 173
1881350 173
1881360 174
1881370 175
1881380 175
1881390 175
1881400 175
1881410 175
1881420 176
1881430 177
1881440 177
1881450 177
1881460 178
1881470 178
1881480 178
1881490 179
1881500 179
1881510 179
1881520 180
1881530 180
1881540 181
1881550 181
1881560 181
1881570 182
1881580 183
1881590 183
1881600 183
1881610 184
1881620 184
1881630 184
1881640 185
1881650 185
1881660 185
1881670 185
1881680 185
1881690 185
1881700 185
1881710 185
1881720 185
1881730 184
1881740 184
1881750 184
1881760 184
1881770 184
1881780 184
1881790 184
1881800 184
1881810 184
1881820 184
1881830 184
1881840 184
1881850 185
1881860 185
1881870 186
1881880 186
1881890 186
1881900 186
1881910 186
1881920 186
1881930 186
1881940 186
1881950 186
1881960 186
1881970 186
1881980 186
1881990 186
1882000 186
1882010 186
1882020 186
1882030 187
1882040 187
1882050 187
1882060 187
1882070 187
1882080 187
1882090 187
1882100 187
1882110 187
1882120 187
1882130 187
1882140 187
1882150 187
1882160 187
1882170 187
1882180 187
1882190 187
1882200 187
1882210 187
1882220 187
1882230 187
1882240 187
1882250 187
1882260 187
1882270 187
1882280 187
1882290 187
1882300 187
1882310 187
1882320 187
1882330 187
1882340 187
1882350 187
1882360 187
1882370 187
1882380 187
1882390 187
1882400 187
1882410 187
1882420 186
1882430 186
1882440 186
1882450 186
1882460 186
1882470 186
1882480 186
1882490 186
1882500 186
1882510 186
1882520 186
1882530 186
1882540 186
1882550 186
1882560 186
1882570 186
1882580 186
1882590 186
1882600 186
1882610 186
1882620 186
1882630 186
1882640 186
1882650 186
1882660 186
1882670 186
1882680 186
1882690 186
1882700 186
1882710 186
1882720 186
1882730 186
1882740 186
1882750 186
1882760 186
1882770 186
1882780 186
1882790 186
1882800 186
1882810 186
1882820 186
1882830 186
1882840 186
1882850 186
1882860 186
1882870 186
1882880 186
1882890 186
1882900 186
1882910 186
1882920 186
1882930 186
1882940 186
1882950 186
1882960 186
1882970 186
1882980 186
1882990 186
1883000 186
1883010 186
1883020 186
1883030 186
1883040 186
1883050 186
1883060 186
1883070 186
1883080 186
1883090 186
1883100 186
1883110 186
1883120 185
1883130 185
1883140 185
1883150 185
1883160 185
1883170 185
1883180 185
1883190 185
1883200 185
1883210 185
1883220 185
1883230 185
1883240 185
1883250 185
1883260 185
1883270 185
1883280 185
1883290 185
1883300 185
1883310 185
1883320 185
1883330 185
1883340 185
1883350 185
1883360 185
1883370 185
1883380 185
1883390 185
1883400 185
1883410 185
1883420 185
1883430 185
1883440 185
1883450 185
1883460 185
1883470 184
1883480 184
1883490 184
1883500 184
1883510 184
1883520 184
1883530 184
1883540 184
1883550 184
1883560 184
1883570 184
1883580 184
1883590 184
1883600 184
1883610 184
1883620 184
1883630 184
1883640 184
1883650 184
1883660 184
1883670 184
1883680 184
1883690 184
1883700 184
1883710 184
1883720 183
1883730 183
1883740 183
1883750 183
1883760 183
1883770 183
1883780 183
1883790 183
1883800 183
1883810 183
1883820 183
1883830 183
1883840 183
1883850 183
1883860 183
1883870 183
1883880 183
1883890 183
1883900 183
1883910 183
1883920 183
1883930 183
1883940 183
1883950 183
1883960 183
1883970 183
1883980 183
1883990 183
1884000 183
1884010 183
1884020 183
1884030 183
1884040 183
1884050 183
1884060 183
1884070 183
1884080 183
1884090 183
1884100 183
1884110 183
1884120 183
1884130 183
1884140 183
1884150 182
1884160 182
1884170 182
1884180 182
1884190 182
1884200 182
1884210 182
1884220 182
1884230 182
1884240 182
1884250 182
1884260 182
1884270 182
1884280 182
1884290 182
1884300 182
1884310 182
1884320 182
1884330 182
1884340 182
1884350 182
1884360 182
1884370 182
1884380 182
1884390 182
1884400 182
1884410 182
1884420 182
1884430 182
1884440 182
1884450 182
1884460 182
1884470 182
1884480 182
1884490 182
1884500 182
1884510 182
1884520 182
1884530 182
1884540 182
1884550 182
1884560 182
1884570 182
1884580 182
1884590 182
1884600 182
1884610 182
1884620 181
1884630 182
1884640 182
1884650 181
1884660 182
1884670 182
1884680 182
1884690 182
1884700 182
1884710 182
1884720 181
1884730 181
1884740 181
1884750 181
1884760 181
1884770 181
1884780 181
1884790 181
1884800 181
1884810 181
1884820 181
1884830 181
1884840 181
1884850 181
1884860 181
1884870 181
1884880 181
1884890 181
1884900 181
1884910 181
1884920 181
1884930 181
1884940 181
1884950 181
1884960 181
1884970 181
1884980 181
1884990 181
1885000 181
1885010 181
1885020 181
1885030 181
1885040 181
1885050 181
1885060 181
1885070 181
1885080 181
1885090 181
1885100 181
1885110 180
1885120 180
1885130 180
1885140 180
1885150 180
1885160 180
1885170 180
1885180 180
1885190 180
1885200 181
1885210 181
1885220 181
1885230 181
1885240 181
1885250 181
1885260 180
1885270 180
1885280 180
1885290 181
1885300 181
1885310 181
1885320 180
1885330 181
1885340 180
1885350 180
1885360 180
1885370 180
1885380 180
1885390 180
1885400 180
1885410 180
1885420 180
1885430 180
1885440 180
1885450 180
1885460 180
1885470 180
1885480 180
1885490 180
1885500 180
1885510 180
1885520 180
1885530 180
1885540 180
1885550 180
1885560 180
1885570 180
1885580 180
1885590 180
1885600 180
1885610 180
1885620 180
1885630 180
1885640 180
1885650 180
1885660 180
1885670 180
1885680 180
1885690 180
1885700 180
1885710 180
1885720 180
1885730 180
1885740 180
1885750 180
1885760 180
1885770 180
1885780 180
1885790 180
1885800 180
1885810 180
1885820 180
1885830 180
1885840 180
1885850 180
1885860 179
1885870 179
1885880 179
1885890 179
1885900 179
1885910 179
1885920 179
1885930 179
1885940 179
1885950 179
1885960 179
1885970 179
1885980 179
1885990 179
1886000 179
1886010 179
1886020 179
1886030 179
1886040 179
1886050 179
1886060 179
1886070 179
1886080 179
1886090 179
1886100 179
1886110 179
1886120 179
1886130 179
1886140 179
1886150 179
1886160 179
1886170 179
1886180 179
1886190 179
1886200 179
1886210 179
1886220 180
1886230 179
1886240 179
1886250 179
1886260 179
1886270 179
1886280 179
1886290 179
1886300 179
1886310 179
1886320 179
1886330 179
1886340 179
1886350 179
1886360 179
1886370 179
1886380 179
1886390 179
1886400 179
1886410 179
1886420 179
1886430 179
1886440 179
1886450 179
1886460 179
1886470 179
1886480 179
1886490 179
1886500 179
1886510 179
1886520 179
1886530 179
1886540 179
1886550 179
1886560 179
1886570 179
1886580 179
1886590 179
1886600 179
1886610 179
1886620 179
1886630 179
1886640 179
1886650 179
1886660 179
1886670 179
1886680 179
1886690 179
1886700 179
1886710 179
1886720 179
1886730 179
1886740 179
1886750 179
1886760 179
1886770 179
1886780 179
1886790 179
1886800 179
1886810 179
1886820 180
1886830 179
1886840 179
1886850 179
1886860 179
1886870 179
1886880 179
1886890 179
1886900 179
1886910 179
1886920 179
1886930 179
1886940 179
1886950 179
1886960 179
1886970 179
1886980 179
1886990 179
1887000 180
1887010 180
1887020 180
1887030 180
1887040 180
1887050 180
1887060 180
1887070 180
1887080 180
1887090 180
1887100 180
1887110 180
1887120 180
1887130 180
1887140 180
1887150 180
1887160 180
1887170 180
1887180 180
1887190 180
1887200 180
1887210 180
1887220 179
1887230 179
1887240 179
1887250 180
1887260 180
1887270 180
1887280 180
1887290 180
1887300 179
1887310 179
1887320 179
1887330 179
1887340 179
1887350 179
1887360 179
1887370 179
1887380 179
1887390 179
1887400 179
1887410 179
1887420 179
1887430 179
1887440 179
1887450 179
1887460 179
1887470 179
1887480 179
1887490 179
1887500 179
1887510 179
1887520 179
1887530 179
1887540 179
1887550 179
1887560 179
1887570 179
1887580 179
1887590 179
1887600 179
1887610 179
1887620 179
1887630 179
1887640 179
1887650 179
1887660 179
1887670 179
1887680 179
1887690 179
1887700 179
1887710 179
1887720 179
1887730 179
1887740 179
1887750 179
1887760 179
1887770 179
1887780 179
1887790 179
1887800 179
1887810 179
1887820 179
1887830 179
1887840 179
1887850 179
1887860 179
1887870 179
1887880 178
1887890 178
1887900 178
1887910 178
1887920 178
1887930 178
1887940 178
1887950 178
1887960 178
1887970 178
1887980 178
1887990 178
1888000 178
1888010 178
1888020 178
1888030 178
1888040 178
1888050 178
1888060 178
1888070 178
1888080 178
1888090 177
1888100 177
1888110 177
1888120 177
1888130 177
1888140 177
1888150 177
1888160 176
1888170 176
1888180 176
1888190 176
1888200 176
1888210 176
1888220 175
1888230 175
1888240 175
1888250 174
1888260 174
1888270 174
1888280 173
1888290 173
1888300 173
1888310 172
1888320 172
1888330 172
1888340 172
1888350 172
1888360 171
1888370 171
1888380 171
1888390 170
1888400 170
1888410 170
1888420 170
1888430 169
1888440 169
1888450 169
1888460 168
1888470 168
1888480 168
1888490 168
1888500 168
1888510 168
1888520 167
1888530 167
1888540 167
1888550 167
1888560 167
1888570 167
1888580 166
1888590 166
1888600 166
1888610 166
1888620 166
1888630 166
1888640 165
1888650 165
1888660 165
1888670 165
1888680 165
1888690 164
1888700 164
1888710 164
1888720 164
1888730 164
1888740 164
1888750 163
1888760 163
1888770 163
1888780 163
1888790 163
1888800 163
1888810 163
1888820 163
1888830 163
1888840 163
1888850 162
1888860 162
1888870 162
1888880 162
1888890 162
1888900 162
1888910 162
1888920 162
1888930 161
1888940 161
1888950 161
1888960 161
1888970 161
1888980 161
1888990 161
1889000 161
1889010 161
1889020 161
1889030 161
1889040 161
1889050 161
1889060 161
1889070 161
1889080 161
1889090 161
1889100 161
1889110 160
1889120 160
1889130 160
1889140 160
1889150 160
1889160 160
1889170 160
1889180 160
1889190 160
1889200 160
1889210 160
1889220 160
1889230 160
1889240 160
1889250 160
1889260 160
1889270 160
1889280 160
1889290 160
1889300 160
1889310 160
1889320 160
1889330 160
1889340 160
1889350 160
1889360 161
1889370 161
1889380 161
1889390 161
1889400 161
1889410 161
1889420 161
1889430 161
1889440 160
1889450 160
1889460 160
1889470 159
1889480 159
1889490 159
1889500 160
1889510 160
1889520 160
1889530 160
1889540 160
1889550 160
1889560 160
1889570 161
1889580 161
1889590 161
1889600 161
1889610 161
1889620 161
1889630 161
1889640 161
1889650 161
1889660 161
1889670 161
1889680 161
1889690 161
1889700 161
1889710 161
1889720 161
1889730 161
1889740 161
1889750 161
1889760 161
1889770 161
1889780 161
1889790 161
1889800 161
1889810 161
1889820 161
1889830 161
1889840 162
1889850 162
1889860 162
1889870 162
1889880 162
1889890 162
1889900 163
1889910 163
1889920 163
1889930 163
1889940 163
1889950 163
1889960 163
1889970 163
1889980 163
1889990 163
1890000 162
1890010 162
1890020 162
1890030 162
1890040 162
1890050 162
1890060 162
1890070 162
1890080 162
1890090 162
1890100 162
1890110 162
1890120 162
1890130 162
1890140 163
1890150 163
1890160 163
1890170 163
1890180 163
1890190 163
1890200 163
1890210 163
1890220 163
1890230 163
1890240 163
1890250 163
1890260 164
1890270 164
1890280 164
1890290 164
1890300 165
1890310 165
1890320 165
1890330 165
1890340 165
1890350 165
1890360 165
1890370 165
1890380 165
1890390 166
1890400 166
1890410 166
1890420 166
1890430 166
1890440 167
1890450 167
1890460 166
1890470 166
1890480 166
1890490 166
1890500 167
1890510 167
1890520 167
1890530 167
1890540 167
1890550 167
1890560 167
1890570 167
1890580 167
1890590 167
1890600 167
1890610 167
1890620 167
1890630 167
1890640 167
1890650 167
1890660 167
1890670 167
1890680 167
1890690 167
1890700 167
1890710 167
1890720 167
1890730 167
1890740 167
1890750 167
1890760 167
1890770 167
1890780 167
1890790 167
1890800 167
1890810 167
1890820 167
1890830 167
1890840 167
1890850 167
1890860 167
1890870 168
1890880 168
1890890 168
1890900 168
1890910 168
1890920 168
1890930 168
1890940 168
1890950 168
1890960 169
1890970 169
1890980 169
1890990 169
1891000 169
1891010 169
1891020 169
1891030 169
1891040 169
1891050 170
1891060 170
1891070 170
1891080 170
1891090 171
1891100 171
1891110 171
1891120 171
1891130 171
1891140 172
1891150 172
1891160 172
1891170 172
1891180 172
1891190 172
1891200 173
1891210 173
1891220 173
1891230 173
1891240 173
1891250 174
1891260 174
1891270 174
1891280 174
1891290 174
1891300 174
1891310 174
1891320 174
1891330 174
1891340 175
1891350 175
1891360 175
1891370 175
1891380 175
1891390 175
1891400 175
1891410 175
1891420 175
1891430 175
1891440 175
1891450 175
1891460 176
1891470 176
1891480 176
1891490 177
1891500 177
1891510 177
1891520 177
1891530 178
1891540 178
1891550 178
1891560 179
1891570 179
1891580 180
1891590 181
1891600 181
1891610 182
1891620 183
1891630 183
1891640 184
1891650 185
1891660 185
1891670 185
1891680 186
1891690 186
1891700 187
1891710 188
1891720 188
1891730 189
1891740 190
1891750 190
1891760 191
1891770 192
1891780 192
1891790 192
1891800 193
1891810 193
1891820 193
1891830 193
1891840 194
1891850 194
1891860 194
1891870 195
1891880 195
1891890 195
1891900 195
1891910 195
1891920 196
1891930 196
1891940 196
1891950 196
1891960 196
1891970 196
1891980 196
1891990 196
1892000 196
1892010 196
1892020 196
1892030 196
1892040 196
1892050 196
1892060 196
1892070 196
1892080 196
1892090 196
1892100 196
1892110 196
1892120 196
1892130 195
1892140 193
1892150 193
1892160 192
1892170 190
1892180 190
1892190 189
1892200 188
1892210 188
1892220 187
1892230 187
1892240 187
1892250 186
1892260 186
1892270 186
1892280 185
1892290 184
1892300 184
1892310 183
1892320 182
1892330 182
1892340 181
1892350 180
1892360 180
1892370 179
1892380 178
1892390 178
1892400 177
1892410 176
1892420 176
1892430 175
1892440 174
1892450 174
1892460 174
1892470 173
1892480 173
1892490 172
1892500 171
1892510 171
1892520 170
1892530 169
1892540 169
1892550 169
1892560 168
1892570 168
1892580 168
1892590 167
1892600 167
1892610 167
1892620 166
1892630 166
1892640 166
1892650 167
1892660 167
1892670 167
1892680 168
1892690 168
1892700 168
1892710 168
1892720 168
1892730 169
1892740 169
1892750 169
1892760 169
1892770 170
1892780 170
1892790 170
1892800 170
1892810 170
1892820 170
1892830 170
1892840 170
1892850 170
1892860 170
1892870 170
1892880 170
1892890 170
1892900 170
1892910 169
1892920 169
1892930 169
1892940 168
1892950 168
1892960 168
1892970 167
1892980 166
1892990 166
1893000 165
1893010 165
1893020 165
1893030 164
1893040 163
1893050 163
1893060 163
1893070 163
1893080 163
1893090 162
1893100 162
1893110 162
1893120 162
1893130 162
1893140 162
1893150 162
1893160 161
1893170 161
1893180 161
1893190 161
1893200 161
1893210 161
1893220 161
1893230 161
1893240 161
1893250 161
1893260 161
1893270 161
1893280 160
1893290 160
1893300 160
1893310 160
1893320 160
1893330 160
1893340 159
1893350 159
1893360 159
1893370 159
1893380 159
1893390 159
1893400 159
1893410 159
1893420 159
1893430 159
1893440 159
1893450 159
1893460 159
1893470 159
1893480 159
1893490 159
1893500 159
1893510 158
1893520 158
1893530 158
1893540 158
1893550 158
1893560 158
1893570 158
1893580 158
1893590 158
1893600 157
1893610 157
1893620 157
1893630 157
1893640 157
1893650 157
1893660 157
1893670 157
1893680 157
1893690 157
1893700 157
1893710 157
1893720 157
1893730 157
1893740 157
1893750 157
1893760 157
1893770 156
1893780 156
1893790 156
1893800 156
1893810 156
1893820 156
1893830 155
1893840 155
1893850 155
1893860 155
1893870 155
1893880 155
1893890 155
1893900 155
1893910 155
1893920 155
1893930 155
1893940 155
1893950 155
1893960 155
1893970 155
1893980 155
1893990 155
1894000 155
1894010 155
1894020 155
1894030 155
1894040 154
1894050 154
1894060 154
1894070 154
1894080 154
1894090 154
1894100 154
1894110 154
1894120 154
1894130 153
1894140 153
1894150 153
1894160 153
1894170 153
1894180 153
1894190 153
1894200 153
1894210 152
1894220 152
1894230 152
1894240 152
1894250 151
1894260 151
1894270 150
1894280 150
1894290 150
1894300 149
1894310 149
1894320 149
1894330 149
1894340 148
1894350 148
1894360 148
1894370 148
1894380 148
1894390 147
1894400 147
1894410 147
1894420 147
1894430 146
1894440 146
1894450 147
1894460 147
1894470 147
1894480 147
1894490 147
1894500 147
1894510 147
1894520 147
1894530 147
1894540 147
1894550 147
1894560 147
1894570 148
1894580 148
1894590 148
1894600 148
1894610 148
1894620 148
1894630 148
1894640 148
1894650 148
1894660 148
1894670 148
1894680 148
1894690 148
1894700 148
1894710 148
1894720 148
1894730 148
1894740 148
1894750 148
1894760 148
1894770 148
1894780 147
1894790 146
1894800 146
1894810 146
1894820 145
1894830 145
1894840 145
1894850 145
1894860 145
1894870 144
1894880 144
1894890 144
1894900 143
1894910 143
1894920 143
1894930 143
1894940 142
1894950 142
1894960 142
1894970 142
1894980 142
1894990 142
1895000 141
1895010 141
1895020 141
1895030 141
1895040 141
1895050 141
1895060 141
1895070 141
1895080 141
1895090 141
1895100 141
1895110 141
1895120 140
1895130 140
1895140 140
1895150 140
1895160 140
1895170 140
1895180 140
1895190 140
1895200 140
1895210 140
1895220 140
1895230 140
1895240 140
1895250 140
1895260 140
1895270 140
1895280 140
1895290 140
1895300 140
1895310 140
1895320 139
1895330 139
1895340 139
1895350 139
1895360 139
1895370 139
1895380 139
1895390 139
1895400 139
1895410 139
1895420 139
1895430 139
1895440 139
1895450 139
1895460 139
1895470 139
1895480 139
1895490 139
1895500 139
1895510 139
1895520 139
1895530 139
1895540 139
1895550 139
1895560 139
1895570 139
1895580 139
1895590 139
1895600 139
1895610 139
1895620 139
1895630 139
1895640 139
1895650 139
1895660 139
1895670 139
1895680 139
1895690 139
1895700 139
1895710 139
1895720 139
1895730 139
1895740 139
1895750 139
1895760 139
1895770 139
1895780 139
1895790 139
1895800 139
1895810 139
1895820 139
1895830 139
1895840 139
1895850 139
1895860 139
1895870 139
1895880 139
1895890 139
1895900 139
1895910 139
1895920 139
1895930 139
1895940 138
1895950 138
1895960 138
1895970 138
1895980 138
1895990 138
1896000 138
1896010 138
1896020 138
1896030 138
1896040 138
1896050 138
1896060 138
1896070 138
1896080 138
1896090 138
1896100 138
1896110 138
1896120 138
1896130 138
1896140 138
1896150 138
1896160 138
1896170 138
1896180 138
1896190 138
1896200 138
1896210 138
1896220 138
1896230 138
1896240 138
1896250 138
1896260 138
1896270 138
1896280 138
1896290 138
1896300 138
1896310 138
1896320 138
1896330 138
1896340 138
1896350 137
1896360 137
1896370 137
1896380 137
1896390 137
1896400 137
1896410 137
1896420 137
1896430 137
1896440 137
1896450 137
1896460 137
1896470 137
1896480 137
1896490 137
1896500 137
1896510 137
1896520 137
1896530 137
1896540 137
1896550 137
1896560 137
1896570 137
1896580 137
1896590 137
1896600 137
1896610 137
1896620 137
1896630 138
1896640 138
1896650 138
1896660 138
1896670 138
1896680 138
1896690 138
1896700 138
1896710 138
1896720 138
1896730 138
1896740 138
1896750 138
1896760 138
1896770 138
1896780 138
1896790 138
1896800 138
1896810 137
1896820 137
1896830 137
1896840 137
1896850 137
1896860 138
1896870 138
1896880 138
1896890 138
1896900 138
1896910 138
1896920 138
1896930 138
1896940 138
1896950 138
1896960 137
1896970 137
1896980 137
1896990 137
1897000 137
1897010 137
1897020 137
1897030 137
1897040 137
1897050 137
1897060 137
1897070 137
1897080 137
1897090 137
1897100 137
1897110 137
1897120 137
1897130 137
1897140 137
1897150 137
1897160 137
1897170 137
1897180 137
1897190 137
1897200 137
1897210 137
1897220 137
1897230 137
1897240 137
1897250 137
1897260 137
1897270 137
1897280 137
1897290 138
1897300 138
1897310 138
1897320 138
1897330 138
1897340 139
1897350 139
1897360 139
1897370 140
1897380 140
1897390 140
1897400 140
1897410 140
1897420 140
1897430 140
1897440 141
1897450 141
1897460 141
1897470 141
1897480 141
1897490 140
1897500 141
1897510 141
1897520 141
1897530 141
1897540 141
1897550 140
1897560 140
1897570 140
1897580 140
1897590 140
1897600 140
1897610 140
1897620 140
1897630 140
1897640 140
1897650 139
1897660 139
1897670 139
1897680 139
1897690 139
1897700 139
1897710 139
1897720 139
1897730 139
1897740 138
1897750 138
1897760 138
1897770 138
1897780 138
1897790 138
1897800 138
1897810 138
1897820 138
1897830 138
1897840 138
1897850 138
1897860 138
1897870 138
1897880 138
1897890 138
1897900 138
1897910 138
1897920 138
1897930 138
1897940 138
1897950 138
1897960 137
1897970 137
1897980 137
1897990 137
1898000 137
1898010 137
1898020 137
1898030 137
1898040 137
1898050 137
1898060 137
1898070 137
1898080 137
1898090 137
1898100 137
1898110 137
1898120 137
1898130 137
1898140 137
1898150 137
1898160 137
1898170 137
1898180 137
1898190 137
1898200 137
1898210 137
1898220 137
1898230 137
1898240 137
1898250 137
1898260 137
1898270 137
1898280 137
1898290 137
1898300 137
1898310 137
1898320 137
1898330 137
1898340 137
1898350 137
1898360 137
1898370 137
1898380 137
1898390 137
1898400 137
1898410 137
1898420 137
1898430 137
1898440 137
1898450 137
1898460 137
1898470 137
1898480 137
1898490 137
1898500 137
1898510 137
1898520 137
1898530 137
1898540 137
1898550 137
1898560 137
1898570 137
1898580 137
1898590 137
1898600 137
1898610 137
1898620 137
1898630 137
1898640 137
1898650 137
1898660 137
1898670 137
1898680 137
1898690 137
1898700 137
1898710 137
1898720 137
1898730 137
1898740 137
1898750 137
1898760 137
1898770 136
1898780 136
1898790 136
1898800 136
1898810 136
1898820 136
1898830 136
1898840 136
1898850 136
1898860 136
1898870 136
1898880 136
1898890 136
1898900 136
1898910 136
1898920 136
1898930 136
1898940 136
1898950 136
1898960 136
1898970 136
1898980 136
1898990 136
1899000 136
1899010 136
1899020 136
1899030 136
1899040 136
1899050 136
1899060 136
1899070 136
1899080 136
1899090 136
1899100 136
1899110 136
1899120 136
1899130 136
1899140 136
1899150 136
1899160 136
1899170 136
1899180 136
1899190 136
1899200 136
1899210 136
1899220 136
1899230 136
1899240 136
1899250 136
1899260 136
1899270 136
1899280 136
1899290 136
1899300 136
1899310 136
1899320 136
1899330 136
1899340 136
1899350 136
1899360 135
1899370 135
1899380 135
1899390 135
1899400 135
1899410 135
1899420 135
1899430 135
1899440 135
1899450 135
1899460 135
1899470 135
1899480 136
1899490 136
1899500 136
1899510 136
1899520 136
1899530 136
1899540 136
1899550 136
1899560 136
1899570 136
1899580 136
1899590 136
1899600 136
1899610 136
1899620 136
1899630 136
1899640 136
1899650 136
1899660 136
1899670 137
1899680 137
1899690 137
1899700 137
1899710 137
1899720 137
1899730 137
1899740 137
1899750 137
1899760 137
1899770 137
1899780 137
1899790 137
1899800 137
1899810 137
1899820 137
1899830 137
1899840 137
1899850 137
1899860 137
1899870 137
1899880 137
1899890 137
1899900 137
1899910 137
1899920 137
1899930 137
1899940 137
1899950 137
1899960 137
1899970 137
1899980 137
1899990 137
