1880000 149
1880010 149
1880020 149
1880030 149
1880040 149
1880050 149
1880060 149
1880070 149
1880080 149
1880090 149
1880100 149
1880110 149
1880120 149
1880130 149
1880140 149
1880150 149
1880160 149
1880170 149
1880180 149
1880190 149
1880200 149
1880210 149
1880220 149
1880230 149
1880240 149
1880250 149
1880260 149
1880270 149
1880280 149
1880290 149
1880300 149
1880310 149
1880320 149
1880330 149
1880340 149
1880350 149
1880360 149
1880370 149
1880380 149
1880390 149
1880400 149
1880410 149
1880420 149
1880430 149
1880440 149
1880450 149
1880460 150
1880470 150
1880480 150
1880490 150
1880500 150
1880510 150
1880520 150
1880530 150
1880540 150
1880550 150
1880560 150
1880570 150
1880580 150
1880590 150
1880600 150
1880610 150
1880620 150
1880630 150
1880640 150
1880650 150
1880660 150
1880670 151
1880680 151
1880690 151
1880700 151
1880710 151
1880720 151
1880730 151
1880740 151
1880750 151
1880760 151
1880770 152
1880780 152
1880790 152
1880800 152
1880810 152
1880820 152
1880830 152
1880840 152
1880850 152
1880860 152
1880870 152
1880880 152
1880890 152
1880900 152
1880910 153
1880920 153
1880930 153
1880940 153
1880950 153
1880960 153
1880970 153
1880980 153
1880990 154
1881000 154
1881010 154
1881020 154
1881030 154
1881040 154
1881050 154
1881060 154
1881070 154
1881080 155
1881090 155
1881100 155
1881110 155
1881120 155
1881130 155
1881140 155
1881150 155
1881160 155
1881170 156
1881180 156
1881190 156
1881200 156
1881210 157
1881220 157
1881230 157
1881240 157
1881250 157
1881260 157
1881270 158
1881280 158
1881290 158
1881300 158
1881310 158
1881320 159
1881330 159
1881340 159
1881350 159
1881360 160
1881370 160
1881380 160
1881390 160
1881400 161
1881410 161
1881420 161
1881430 161
1881440 161
1881450 162
1881460 162
1881470 162
1881480 162
1881490 163
1881500 163
1881510 163
1881520 163
1881530 163
1881540 164
1881550 164
1881560 164
1881570 165
1881580 165
1881590 165
1881600 165
1881610 166
1881620 166
1881630 166
1881640 167
1881650 167
1881660 167
1881670 168
1881680 168
1881690 168
1881700 169
1881710 169
1881720 169
1881730 169
1881740 169
1881750 170
1881760 171
1881770 171
1881780 171
1881790 172
1881800 172
1881810 173
1881820 173
1881830 173
1881840 174
1881850 175
1881860 175
1881870 175
1881880 176
1881890 176
1881900 176
1881910 177
1881920 177
1881930 177
1881940 177
1881950 177
1881960 177
1881970 178
1881980 178
1881990 178
1882000 178
1882010 178
1882020 179
1882030 180
1882040 180
1882050 181
1882060 182
1882070 182
1882080 182
1882090 183
1882100 183
1882110 183
1882120 184
1882130 184
1882140 185
1882150 185
1882160 185
1882170 185
1882180 185
1882190 185
1882200 186
1882210 186
1882220 186
1882230 186
1882240 186
1882250 186
1882260 186
1882270 186
1882280 186
1882290 186
1882300 186
1882310 186
1882320 186
1882330 186
1882340 186
1882350 186
1882360 186
1882370 186
1882380 186
1882390 186
1882400 186
1882410 186
1882420 186
1882430 186
1882440 186
1882450 186
1882460 186
1882470 186
1882480 186
1882490 186
1882500 186
1882510 186
1882520 186
1882530 186
1882540 186
1882550 186
1882560 186
1882570 186
1882580 186
1882590 186
1882600 186
1882610 186
1882620 186
1882630 186
1882640 186
1882650 186
1882660 186
1882670 186
1882680 186
1882690 186
1882700 186
1882710 186
1882720 186
1882730 186
1882740 186
1882750 186
1882760 186
1882770 186
1882780 186
1882790 186
1882800 186
1882810 186
1882820 186
1882830 186
1882840 186
1882850 186
1882860 186
1882870 185
1882880 185
1882890 185
1882900 185
1882910 185
1882920 185
1882930 185
1882940 185
1882950 185
1882960 185
1882970 185
1882980 185
1882990 185
1883000 185
1883010 185
1883020 184
1883030 184
1883040 184
1883050 185
1883060 185
1883070 185
1883080 185
1883090 185
1883100 185
1883110 185
1883120 185
1883130 185
1883140 185
1883150 185
1883160 185
1883170 185
1883180 185
1883190 185
1883200 185
1883210 185
1883220 185
1883230 185
1883240 185
1883250 185
1883260 185
1883270 184
1883280 184
1883290 184
1883300 184
1883310 184
1883320 184
1883330 184
1883340 184
1883350 184
1883360 184
1883370 184
1883380 184
1883390 184
1883400 184
1883410 184
1883420 184
1883430 184
1883440 184
1883450 184
1883460 184
1883470 184
1883480 184
1883490 184
1883500 184
1883510 184
1883520 184
1883530 184
1883540 184
1883550 184
1883560 184
1883570 184
1883580 184
1883590 184
1883600 184
1883610 184
1883620 184
1883630 184
1883640 184
1883650 184
1883660 184
1883670 184
1883680 183
1883690 183
1883700 183
1883710 183
1883720 183
1883730 183
1883740 183
1883750 183
1883760 183
1883770 183
1883780 183
1883790 183
1883800 183
1883810 183
1883820 183
1883830 183
1883840 183
1883850 183
1883860 183
1883870 182
1883880 182
1883890 182
1883900 182
1883910 182
1883920 182
1883930 182
1883940 182
1883950 182
1883960 182
1883970 182
1883980 182
1883990 182
1884000 182
1884010 182
1884020 182
1884030 182
1884040 182
1884050 182
1884060 182
1884070 182
1884080 182
1884090 182
1884100 182
1884110 182
1884120 182
1884130 182
1884140 182
1884150 182
1884160 182
1884170 182
1884180 182
1884190 182
1884200 182
1884210 182
1884220 182
1884230 182
1884240 182
1884250 182
1884260 181
1884270 181
1884280 181
1884290 181
1884300 181
1884310 181
1884320 181
1884330 181
1884340 181
1884350 181
1884360 181
1884370 181
1884380 181
1884390 181
1884400 181
1884410 181
1884420 181
1884430 181
1884440 181
1884450 181
1884460 181
1884470 181
1884480 181
1884490 181
1884500 181
1884510 181
1884520 181
1884530 181
1884540 181
1884550 181
1884560 181
1884570 181
1884580 181
1884590 181
1884600 181
1884610 181
1884620 181
1884630 181
1884640 181
1884650 181
1884660 181
1884670 181
1884680 181
1884690 181
1884700 181
1884710 181
1884720 181
1884730 181
1884740 181
1884750 181
1884760 181
1884770 181
1884780 181
1884790 181
1884800 181
1884810 181
1884820 181
1884830 181
1884840 181
1884850 181
1884860 181
1884870 181
1884880 181
1884890 181
1884900 181
1884910 181
1884920 181
1884930 181
1884940 181
1884950 181
1884960 181
1884970 181
1884980 181
1884990 181
1885000 181
1885010 181
1885020 181
1885030 181
1885040 181
1885050 181
1885060 181
1885070 181
1885080 181
1885090 181
1885100 181
1885110 181
1885120 181
1885130 181
1885140 181
1885150 181
1885160 181
1885170 181
1885180 181
1885190 180
1885200 180
1885210 180
1885220 180
1885230 180
1885240 180
1885250 180
1885260 180
1885270 180
1885280 180
1885290 180
1885300 180
1885310 180
1885320 180
1885330 180
1885340 180
1885350 180
1885360 180
1885370 180
1885380 180
1885390 180
1885400 179
1885410 179
1885420 179
1885430 179
1885440 179
1885450 179
1885460 179
1885470 179
1885480 179
1885490 179
1885500 179
1885510 179
1885520 179
1885530 179
1885540 179
1885550 179
1885560 179
1885570 179
1885580 179
1885590 179
1885600 179
1885610 179
1885620 179
1885630 179
1885640 179
1885650 179
1885660 179
1885670 179
1885680 179
1885690 179
1885700 179
1885710 179
1885720 179
1885730 179
1885740 179
1885750 179
1885760 178
1885770 178
1885780 178
1885790 179
1885800 179
1885810 179
1885820 179
1885830 179
1885840 179
1885850 179
1885860 179
1885870 179
1885880 179
1885890 178
1885900 178
1885910 178
1885920 178
1885930 178
1885940 178
1885950 178
1885960 178
1885970 178
1885980 177
1885990 177
1886000 177
1886010 177
1886020 177
1886030 176
1886040 176
1886050 176
1886060 176
1886070 175
1886080 175
1886090 175
1886100 175
1886110 175
1886120 175
1886130 175
1886140 175
1886150 175
1886160 176
1886170 176
1886180 176
1886190 177
1886200 177
1886210 178
1886220 178
1886230 178
1886240 178
1886250 179
1886260 179
1886270 179
1886280 179
1886290 179
1886300 180
1886310 180
1886320 180
1886330 180
1886340 181
1886350 181
1886360 181
1886370 180
1886380 180
1886390 180
1886400 180
1886410 180
1886420 179
1886430 179
1886440 179
1886450 179
1886460 179
1886470 179
1886480 179
1886490 179
1886500 179
1886510 179
1886520 178
1886530 178
1886540 178
1886550 178
1886560 178
1886570 178
1886580 178
1886590 178
1886600 178
1886610 178
1886620 178
1886630 178
1886640 178
1886650 178
1886660 178
1886670 178
1886680 178
1886690 178
1886700 178
1886710 178
1886720 178
1886730 178
1886740 178
1886750 177
1886760 178
1886770 178
1886780 178
1886790 177
1886800 177
1886810 177
1886820 177
1886830 177
1886840 177
1886850 177
1886860 177
1886870 177
1886880 177
1886890 177
1886900 176
1886910 177
1886920 177
1886930 176
1886940 176
1886950 176
1886960 176
1886970 176
1886980 176
1886990 176
1887000 176
1887010 176
1887020 175
1887030 175
1887040 175
1887050 175
1887060 175
1887070 175
1887080 175
1887090 175
1887100 175
1887110 175
1887120 175
1887130 175
1887140 175
1887150 175
1887160 175
1887170 175
1887180 175
1887190 175
1887200 175
1887210 176
1887220 176
1887230 176
1887240 176
1887250 177
1887260 177
1887270 177
1887280 177
1887290 177
1887300 177
1887310 177
1887320 177
1887330 177
1887340 177
1887350 177
1887360 177
1887370 177
1887380 177
1887390 177
1887400 177
1887410 177
1887420 177
1887430 177
1887440 177
1887450 177
1887460 177
1887470 177
1887480 177
1887490 177
1887500 177
1887510 176
1887520 176
1887530 176
1887540 176
1887550 176
1887560 176
1887570 176
1887580 176
1887590 176
1887600 176
1887610 176
1887620 176
1887630 176
1887640 176
1887650 176
1887660 176
1887670 176
1887680 176
1887690 176
1887700 176
1887710 176
1887720 176
1887730 176
1887740 176
1887750 176
1887760 176
1887770 176
1887780 176
1887790 176
1887800 176
1887810 176
1887820 176
1887830 176
1887840 176
1887850 176
1887860 176
1887870 176
1887880 176
1887890 176
1887900 176
1887910 176
1887920 176
1887930 176
1887940 176
1887950 176
1887960 176
1887970 176
1887980 176
1887990 176
1888000 176
1888010 176
1888020 176
1888030 176
1888040 176
1888050 176
1888060 176
1888070 176
1888080 176
1888090 176
1888100 176
1888110 176
1888120 176
1888130 176
1888140 176
1888150 177
1888160 177
1888170 177
1888180 177
1888190 177
1888200 177
1888210 177
1888220 177
1888230 177
1888240 177
1888250 177
1888260 177
1888270 177
1888280 177
1888290 177
1888300 177
1888310 177
1888320 177
1888330 177
1888340 177
1888350 177
1888360 177
1888370 177
1888380 177
1888390 176
1888400 176
1888410 176
1888420 176
1888430 176
1888440 176
1888450 176
1888460 176
1888470 176
1888480 176
1888490 176
1888500 176
1888510 176
1888520 176
1888530 176
1888540 176
1888550 176
1888560 176
1888570 176
1888580 176
1888590 175
1888600 175
1888610 175
1888620 175
1888630 175
1888640 175
1888650 175
1888660 175
1888670 175
1888680 175
1888690 175
1888700 175
1888710 175
1888720 175
1888730 175
1888740 174
1888750 174
1888760 174
1888770 174
1888780 174
1888790 174
1888800 174
1888810 174
1888820 174
1888830 174
1888840 174
1888850 174
1888860 174
1888870 174
1888880 174
1888890 173
1888900 173
1888910 173
1888920 173
1888930 173
1888940 173
1888950 173
1888960 173
1888970 173
1888980 173
1888990 173
1889000 173
1889010 173
1889020 173
1889030 173
1889040 173
1889050 173
1889060 172
1889070 172
1889080 173
1889090 172
1889100 172
1889110 172
1889120 172
1889130 172
1889140 172
1889150 172
1889160 172
1889170 172
1889180 172
1889190 172
1889200 172
1889210 172
1889220 172
1889230 172
1889240 172
1889250 172
1889260 172
1889270 172
1889280 172
1889290 172
1889300 172
1889310 172
1889320 172
1889330 172
1889340 172
1889350 171
1889360 171
1889370 171
1889380 170
1889390 169
1889400 169
1889410 169
1889420 169
1889430 169
1889440 169
1889450 169
1889460 169
1889470 170
1889480 170
1889490 169
1889500 169
1889510 168
1889520 168
1889530 166
1889540 165
1889550 165
1889560 165
1889570 165
1889580 165
1889590 165
1889600 165
1889610 165
1889620 165
1889630 166
1889640 166
1889650 165
1889660 165
1889670 165
1889680 165
1889690 165
1889700 165
1889710 165
1889720 165
1889730 165
1889740 165
1889750 165
1889760 165
1889770 164
1889780 164
1889790 164
1889800 164
1889810 163
1889820 163
1889830 162
1889840 162
1889850 162
1889860 162
1889870 161
1889880 161
1889890 161
1889900 161
1889910 161
1889920 160
1889930 160
1889940 160
1889950 160
1889960 159
1889970 159
1889980 159
1889990 159
1890000 159
1890010 159
1890020 158
1890030 158
1890040 158
1890050 158
1890060 158
1890070 158
1890080 158
1890090 158
1890100 158
1890110 157
1890120 157
1890130 157
1890140 156
1890150 156
1890160 156
1890170 156
1890180 156
1890190 156
1890200 155
1890210 155
1890220 155
1890230 155
1890240 155
1890250 155
1890260 155
1890270 155
1890280 154
1890290 154
1890300 154
1890310 154
1890320 154
1890330 154
1890340 154
1890350 154
1890360 154
1890370 153
1890380 153
1890390 153
1890400 153
1890410 153
1890420 153
1890430 153
1890440 152
1890450 152
1890460 152
1890470 152
1890480 152
1890490 151
1890500 151
1890510 151
1890520 151
1890530 151
1890540 151
1890550 151
1890560 151
1890570 151
1890580 151
1890590 150
1890600 150
1890610 150
1890620 150
1890630 150
1890640 150
1890650 150
1890660 150
1890670 150
1890680 150
1890690 150
1890700 150
1890710 150
1890720 150
1890730 150
1890740 150
1890750 150
1890760 150
1890770 150
1890780 150
1890790 150
1890800 150
1890810 150
1890820 150
1890830 150
1890840 150
1890850 150
1890860 150
1890870 150
1890880 150
1890890 150
1890900 150
1890910 150
1890920 150
1890930 150
1890940 150
1890950 150
1890960 150
1890970 150
1890980 150
1890990 151
1891000 151
1891010 151
1891020 151
1891030 151
1891040 151
1891050 151
1891060 151
1891070 151
1891080 152
1891090 152
1891100 153
1891110 154
1891120 154
1891130 154
1891140 155
1891150 155
1891160 155
1891170 156
1891180 156
1891190 156
1891200 157
1891210 157
1891220 157
1891230 158
1891240 158
1891250 158
1891260 159
1891270 159
1891280 159
1891290 160
1891300 160
1891310 160
1891320 160
1891330 160
1891340 160
1891350 160
1891360 160
1891370 161
1891380 161
1891390 161
1891400 161
1891410 161
1891420 161
1891430 161
1891440 161
1891450 161
1891460 161
1891470 161
1891480 161
1891490 161
1891500 160
1891510 160
1891520 160
1891530 160
1891540 160
1891550 159
1891560 159
1891570 159
1891580 159
1891590 159
1891600 159
1891610 159
1891620 159
1891630 159
1891640 159
1891650 159
1891660 159
1891670 158
1891680 158
1891690 158
1891700 159
1891710 159
1891720 159
1891730 159
1891740 160
1891750 160
1891760 160
1891770 160
1891780 160
1891790 160
1891800 160
1891810 160
1891820 161
1891830 161
1891840 161
1891850 161
1891860 161
1891870 161
1891880 161
1891890 161
1891900 161
1891910 161
1891920 161
1891930 161
1891940 161
1891950 161
1891960 161
1891970 161
1891980 162
1891990 162
1892000 162
1892010 162
1892020 162
1892030 162
1892040 163
1892050 163
1892060 163
1892070 163
1892080 163
1892090 163
1892100 163
1892110 163
1892120 163
1892130 163
1892140 163
1892150 162
1892160 162
1892170 162
1892180 162
1892190 162
1892200 162
1892210 162
1892220 162
1892230 162
1892240 162
1892250 162
1892260 162
1892270 162
1892280 162
1892290 162
1892300 161
1892310 161
1892320 161
1892330 160
1892340 160
1892350 160
1892360 159
1892370 158
1892380 158
1892390 156
1892400 155
1892410 155
1892420 155
1892430 155
1892440 155
1892450 154
1892460 154
1892470 154
1892480 155
1892490 155
1892500 155
1892510 155
1892520 156
1892530 156
1892540 156
1892550 156
1892560 156
1892570 157
1892580 157
1892590 157
1892600 157
1892610 157
1892620 157
1892630 157
1892640 157
1892650 157
1892660 157
1892670 157
1892680 157
1892690 157
1892700 157
1892710 157
1892720 157
1892730 157
1892740 157
1892750 157
1892760 157
1892770 157
1892780 157
1892790 157
1892800 157
1892810 157
1892820 157
1892830 157
1892840 157
1892850 156
1892860 156
1892870 156
1892880 156
1892890 156
1892900 156
1892910 156
1892920 156
1892930 156
1892940 156
1892950 156
1892960 156
1892970 156
1892980 156
1892990 156
1893000 156
1893010 156
1893020 156
1893030 155
1893040 155
1893050 155
1893060 155
1893070 155
1893080 155
1893090 154
1893100 154
1893110 154
1893120 154
1893130 154
1893140 154
1893150 154
1893160 153
1893170 153
1893180 153
1893190 153
1893200 153
1893210 152
1893220 152
1893230 152
1893240 152
1893250 152
1893260 152
1893270 151
1893280 151
1893290 151
1893300 150
1893310 150
1893320 150
1893330 150
1893340 150
1893350 150
1893360 150
1893370 149
1893380 149
1893390 149
1893400 149
1893410 149
1893420 149
1893430 149
1893440 149
1893450 149
1893460 149
1893470 149
1893480 149
1893490 148
1893500 148
1893510 148
1893520 148
1893530 148
1893540 147
1893550 147
1893560 147
1893570 147
1893580 147
1893590 147
1893600 147
1893610 146
1893620 146
1893630 146
1893640 146
1893650 146
1893660 146
1893670 146
1893680 146
1893690 146
1893700 145
1893710 145
1893720 145
1893730 145
1893740 145
1893750 145
1893760 145
1893770 145
1893780 145
1893790 145
1893800 145
1893810 145
1893820 145
1893830 145
1893840 145
1893850 145
1893860 145
1893870 145
1893880 145
1893890 145
1893900 145
1893910 146
1893920 146
1893930 146
1893940 146
1893950 146
1893960 147
1893970 147
1893980 147
1893990 147
1894000 147
1894010 147
1894020 147
1894030 147
1894040 147
1894050 147
1894060 147
1894070 147
1894080 147
1894090 147
1894100 147
1894110 147
1894120 146
1894130 146
1894140 146
1894150 146
1894160 146
1894170 146
1894180 146
1894190 146
1894200 146
1894210 145
1894220 145
1894230 145
1894240 145
1894250 145
1894260 145
1894270 145
1894280 145
1894290 145
1894300 145
1894310 145
1894320 145
1894330 145
1894340 145
1894350 145
1894360 145
1894370 145
1894380 144
1894390 144
1894400 144
1894410 144
1894420 144
1894430 144
1894440 144
1894450 144
1894460 144
1894470 144
1894480 144
1894490 144
1894500 144
1894510 144
1894520 144
1894530 144
1894540 144
1894550 144
1894560 144
1894570 144
1894580 144
1894590 144
1894600 144
1894610 144
1894620 144
1894630 144
1894640 144
1894650 144
1894660 144
1894670 144
1894680 144
1894690 144
1894700 144
1894710 143
1894720 143
1894730 142
1894740 142
1894750 142
1894760 141
1894770 141
1894780 141
1894790 141
1894800 141
1894810 140
1894820 140
1894830 140
1894840 140
1894850 140
1894860 140
1894870 140
1894880 140
1894890 140
1894900 140
1894910 140
1894920 140
1894930 140
1894940 140
1894950 140
1894960 140
1894970 140
1894980 140
1894990 140
1895000 140
1895010 140
1895020 140
1895030 139
1895040 139
1895050 139
1895060 139
1895070 139
1895080 139
1895090 139
1895100 139
1895110 140
1895120 139
1895130 139
1895140 139
1895150 138
1895160 138
1895170 138
1895180 139
1895190 139
1895200 139
1895210 140
1895220 140
1895230 139
1895240 139
1895250 139
1895260 139
1895270 139
1895280 139
1895290 139
1895300 139
1895310 139
1895320 139
1895330 138
1895340 138
1895350 138
1895360 138
1895370 138
1895380 138
1895390 138
1895400 138
1895410 138
1895420 138
1895430 138
1895440 138
1895450 138
1895460 138
1895470 138
1895480 138
1895490 138
1895500 138
1895510 138
1895520 138
1895530 138
1895540 138
1895550 138
1895560 138
1895570 138
1895580 138
1895590 138
1895600 137
1895610 137
1895620 137
1895630 137
1895640 137
1895650 137
1895660 137
1895670 137
1895680 137
1895690 137
1895700 137
1895710 137
1895720 137
1895730 137
1895740 137
1895750 137
1895760 137
1895770 137
1895780 137
1895790 137
1895800 137
1895810 137
1895820 137
1895830 137
1895840 137
1895850 137
1895860 137
1895870 137
1895880 137
1895890 137
1895900 137
1895910 137
1895920 137
1895930 137
1895940 137
1895950 137
1895960 137
1895970 137
1895980 137
1895990 137
1896000 137
1896010 137
1896020 137
1896030 137
1896040 137
1896050 137
1896060 137
1896070 137
1896080 137
1896090 137
1896100 138
1896110 137
1896120 137
1896130 137
1896140 137
1896150 137
1896160 137
1896170 137
1896180 137
1896190 137
1896200 137
1896210 137
1896220 137
1896230 137
1896240 137
1896250 137
1896260 137
1896270 137
1896280 137
1896290 137
1896300 137
1896310 137
1896320 137
1896330 137
1896340 137
1896350 137
1896360 137
1896370 137
1896380 137
1896390 137
1896400 137
1896410 137
1896420 137
1896430 137
1896440 137
1896450 137
1896460 137
1896470 137
1896480 137
1896490 137
1896500 137
1896510 137
1896520 137
1896530 137
1896540 137
1896550 137
1896560 137
1896570 137
1896580 137
1896590 137
1896600 137
1896610 137
1896620 137
1896630 137
1896640 137
1896650 137
1896660 137
1896670 137
1896680 137
1896690 137
1896700 137
1896710 137
1896720 137
1896730 137
1896740 137
1896750 137
1896760 137
1896770 137
1896780 137
1896790 137
1896800 137
1896810 137
1896820 137
1896830 137
1896840 137
1896850 137
1896860 137
1896870 137
1896880 137
1896890 137
1896900 137
1896910 137
1896920 137
1896930 137
1896940 137
1896950 137
1896960 137
1896970 137
1896980 137
1896990 137
1897000 137
1897010 137
1897020 137
1897030 137
1897040 137
1897050 137
1897060 137
1897070 137
1897080 137
1897090 137
1897100 137
1897110 137
1897120 137
1897130 137
1897140 137
1897150 137
1897160 137
1897170 137
1897180 137
1897190 137
1897200 137
1897210 137
1897220 136
1897230 136
1897240 136
1897250 136
1897260 136
1897270 136
1897280 136
1897290 136
1897300 136
1897310 136
1897320 136
1897330 136
1897340 136
1897350 136
1897360 136
1897370 136
1897380 136
1897390 136
1897400 136
1897410 137
1897420 137
1897430 137
1897440 137
1897450 137
1897460 137
1897470 137
1897480 137
1897490 137
1897500 137
1897510 137
1897520 137
1897530 137
1897540 137
1897550 137
1897560 137
1897570 137
1897580 137
1897590 137
1897600 137
1897610 137
1897620 137
1897630 137
1897640 137
1897650 137
1897660 137
1897670 137
1897680 137
1897690 137
1897700 137
1897710 137
1897720 137
1897730 137
1897740 137
1897750 137
1897760 137
1897770 137
1897780 137
1897790 137
1897800 137
1897810 137
1897820 138
1897830 138
1897840 138
1897850 139
1897860 139
1897870 139
1897880 139
1897890 138
1897900 138
1897910 138
1897920 137
1897930 137
1897940 136
1897950 136
1897960 136
1897970 136
1897980 136
1897990 136
1898000 136
1898010 137
1898020 137
1898030 137
1898040 137
1898050 137
1898060 138
1898070 138
1898080 138
1898090 138
1898100 139
1898110 139
1898120 139
1898130 139
1898140 139
1898150 139
1898160 139
1898170 139
1898180 139
1898190 139
1898200 139
1898210 139
1898220 139
1898230 139
1898240 139
1898250 139
1898260 139
1898270 139
1898280 139
1898290 139
1898300 139
1898310 139
1898320 139
1898330 139
1898340 139
1898350 139
1898360 139
1898370 139
1898380 139
1898390 139
1898400 139
1898410 139
1898420 139
1898430 139
1898440 139
1898450 139
1898460 139
1898470 139
1898480 139
1898490 140
1898500 140
1898510 140
1898520 140
1898530 140
1898540 140
1898550 140
1898560 140
1898570 140
1898580 139
1898590 139
1898600 139
1898610 139
1898620 139
1898630 139
1898640 138
1898650 138
1898660 138
1898670 137
1898680 137
1898690 137
1898700 137
1898710 137
1898720 137
1898730 137
1898740 136
1898750 136
1898760 136
1898770 136
1898780 136
1898790 136
1898800 136
1898810 136
1898820 136
1898830 136
1898840 136
1898850 136
1898860 136
1898870 136
1898880 137
1898890 137
1898900 137
1898910 137
1898920 138
1898930 138
1898940 138
1898950 139
1898960 138
1898970 139
1898980 139
1898990 139
1899000 138
1899010 138
1899020 138
1899030 138
1899040 137
1899050 137
1899060 137
1899070 137
1899080 137
1899090 137
1899100 137
1899110 137
1899120 137
1899130 137
1899140 137
1899150 137
1899160 137
1899170 137
1899180 137
1899190 137
1899200 137
1899210 137
1899220 136
1899230 136
1899240 136
1899250 136
1899260 136
1899270 136
1899280 136
1899290 136
1899300 137
1899310 137
1899320 137
1899330 137
1899340 136
1899350 136
1899360 136
1899370 136
1899380 136
1899390 136
1899400 136
1899410 136
1899420 136
1899430 136
1899440 136
1899450 136
1899460 136
1899470 136
1899480 136
1899490 136
1899500 136
1899510 136
1899520 137
1899530 137
1899540 137
1899550 137
1899560 137
1899570 137
1899580 137
1899590 137
1899600 137
1899610 137
1899620 137
1899630 137
1899640 137
1899650 137
1899660 137
1899670 137
1899680 137
1899690 137
1899700 137
1899710 137
1899720 137
1899730 137
1899740 137
1899750 137
1899760 137
1899770 137
1899780 137
1899790 136
1899800 136
1899810 136
1899820 136
1899830 136
1899840 136
1899850 136
1899860 136
1899870 136
1899880 136
1899890 136
1899900 136
1899910 136
1899920 136
1899930 136
1899940 136
1899950 136
1899960 136
1899970 136
1899980 136
1899990 136
