1880000 167
1880010 167
1880020 167
1880030 167
1880040 168
1880050 168
1880060 168
1880070 168
1880080 168
1880090 168
1880100 168
1880110 168
1880120 169
1880130 169
1880140 169
1880150 169
1880160 169
1880170 169
1880180 169
1880190 170
1880200 170
1880210 170
1880220 170
1880230 170
1880240 170
1880250 170
1880260 171
1880270 171
1880280 171
1880290 171
1880300 171
1880310 171
1880320 171
1880330 171
1880340 171
1880350 172
1880360 172
1880370 172
1880380 172
1880390 172
1880400 173
1880410 172
1880420 172
1880430 172
1880440 172
1880450 172
1880460 172
1880470 173
1880480 173
1880490 173
1880500 173
1880510 173
1880520 173
1880530 174
1880540 174
1880550 174
1880560 174
1880570 174
1880580 175
1880590 175
1880600 175
1880610 175
1880620 176
1880630 176
1880640 176
1880650 176
1880660 176
1880670 177
1880680 177
1880690 177
1880700 178
1880710 178
1880720 178
1880730 179
1880740 179
1880750 179
1880760 180
1880770 182
1880780 182
1880790 182
1880800 183
1880810 183
1880820 184
1880830 184
1880840 184
1880850 184
1880860 185
1880870 185
1880880 185
1880890 185
1880900 185
1880910 185
1880920 184
1880930 184
1880940 184
1880950 184
1880960 184
1880970 184
1880980 184
1880990 184
1881000 185
1881010 185
1881020 185
1881030 186
1881040 186
1881050 186
1881060 186
1881070 186
1881080 186
1881090 186
1881100 186
1881110 186
1881120 186
1881130 186
1881140 186
1881150 186
1881160 185
1881170 185
1881180 185
1881190 184
1881200 184
1881210 184
1881220 185
1881230 185
1881240 185
1881250 186
1881260 186
1881270 186
1881280 187
1881290 187
1881300 187
1881310 187
1881320 187
1881330 187
1881340 187
1881350 187
1881360 187
1881370 187
1881380 187
1881390 187
1881400 187
1881410 187
1881420 187
1881430 187
1881440 187
1881450 187
1881460 187
1881470 187
1881480 187
1881490 187
1881500 187
1881510 187
1881520 187
1881530 187
1881540 187
1881550 187
1881560 187
1881570 187
1881580 187
1881590 187
1881600 187
1881610 187
1881620 187
1881630 187
1881640 187
1881650 187
1881660 187
1881670 187
1881680 187
1881690 187
1881700 187
1881710 187
1881720 187
1881730 187
1881740 187
1881750 187
1881760 187
1881770 187
1881780 187
1881790 187
1881800 187
1881810 187
1881820 187
1881830 187
1881840 187
1881850 187
1881860 187
1881870 187
1881880 187
1881890 187
1881900 187
1881910 187
1881920 187
1881930 187
1881940 187
1881950 187
1881960 187
1881970 187
1881980 187
1881990 187
1882000 187
1882010 187
1882020 187
1882030 187
1882040 187
1882050 187
1882060 187
1882070 187
1882080 187
1882090 187
1882100 187
1882110 187
1882120 187
1882130 187
1882140 187
1882150 187
1882160 187
1882170 187
1882180 187
1882190 187
1882200 187
1882210 187
1882220 187
1882230 187
1882240 187
1882250 187
1882260 187
1882270 187
1882280 187
1882290 187
1882300 187
1882310 187
1882320 187
1882330 187
1882340 187
1882350 187
1882360 187
1882370 187
1882380 187
1882390 186
1882400 186
1882410 186
1882420 186
1882430 186
1882440 186
1882450 186
1882460 186
1882470 186
1882480 186
1882490 186
1882500 186
1882510 186
1882520 186
1882530 186
1882540 186
1882550 186
1882560 186
1882570 186
1882580 186
1882590 186
1882600 186
1882610 186
1882620 186
1882630 186
1882640 186
1882650 186
1882660 186
1882670 186
1882680 186
1882690 186
1882700 186
1882710 186
1882720 186
1882730 186
1882740 186
1882750 186
1882760 186
1882770 186
1882780 186
1882790 186
1882800 186
1882810 186
1882820 186
1882830 186
1882840 186
1882850 186
1882860 186
1882870 186
1882880 186
1882890 186
1882900 186
1882910 186
1882920 186
1882930 186
1882940 186
1882950 186
1882960 186
1882970 186
1882980 186
1882990 186
1883000 186
1883010 186
1883020 185
1883030 185
1883040 185
1883050 185
1883060 185
1883070 185
1883080 185
1883090 185
1883100 185
1883110 185
1883120 185
1883130 185
1883140 185
1883150 185
1883160 185
1883170 185
1883180 185
1883190 185
1883200 185
1883210 185
1883220 185
1883230 185
1883240 185
1883250 185
1883260 185
1883270 185
1883280 185
1883290 185
1883300 185
1883310 185
1883320 185
1883330 185
1883340 185
1883350 185
1883360 185
1883370 185
1883380 185
1883390 185
1883400 185
1883410 185
1883420 184
1883430 184
1883440 184
1883450 184
1883460 184
1883470 184
1883480 184
1883490 184
1883500 184
1883510 184
1883520 184
1883530 184
1883540 184
1883550 184
1883560 184
1883570 184
1883580 184
1883590 184
1883600 184
1883610 184
1883620 184
1883630 184
1883640 184
1883650 184
1883660 184
1883670 184
1883680 184
1883690 184
1883700 184
1883710 184
1883720 184
1883730 184
1883740 184
1883750 184
1883760 184
1883770 184
1883780 184
1883790 184
1883800 184
1883810 184
1883820 184
1883830 184
1883840 184
1883850 184
1883860 184
1883870 184
1883880 184
1883890 184
1883900 184
1883910 184
1883920 184
1883930 184
1883940 184
1883950 184
1883960 183
1883970 183
1883980 183
1883990 183
1884000 183
1884010 183
1884020 183
1884030 183
1884040 183
1884050 183
1884060 183
1884070 183
1884080 183
1884090 183
1884100 183
1884110 183
1884120 183
1884130 183
1884140 183
1884150 183
1884160 183
1884170 183
1884180 183
1884190 183
1884200 183
1884210 183
1884220 183
1884230 183
1884240 183
1884250 183
1884260 183
1884270 183
1884280 183
1884290 183
1884300 183
1884310 183
1884320 183
1884330 183
1884340 183
1884350 183
1884360 183
1884370 183
1884380 183
1884390 183
1884400 183
1884410 183
1884420 183
1884430 183
1884440 182
1884450 182
1884460 182
1884470 182
1884480 182
1884490 182
1884500 182
1884510 182
1884520 182
1884530 182
1884540 182
1884550 182
1884560 182
1884570 182
1884580 182
1884590 182
1884600 182
1884610 182
1884620 182
1884630 182
1884640 182
1884650 182
1884660 182
1884670 182
1884680 182
1884690 182
1884700 182
1884710 182
1884720 182
1884730 182
1884740 182
1884750 182
1884760 182
1884770 182
1884780 182
1884790 182
1884800 182
1884810 182
1884820 182
1884830 182
1884840 182
1884850 182
1884860 182
1884870 182
1884880 182
1884890 182
1884900 182
1884910 182
1884920 182
1884930 182
1884940 182
1884950 182
1884960 182
1884970 182
1884980 182
1884990 182
1885000 182
1885010 182
1885020 182
1885030 182
1885040 182
1885050 182
1885060 182
1885070 182
1885080 182
1885090 182
1885100 182
1885110 182
1885120 182
1885130 181
1885140 181
1885150 181
1885160 181
1885170 181
1885180 181
1885190 181
1885200 181
1885210 181
1885220 181
1885230 181
1885240 181
1885250 181
1885260 181
1885270 181
1885280 181
1885290 181
1885300 181
1885310 181
1885320 181
1885330 181
1885340 181
1885350 181
1885360 181
1885370 181
1885380 181
1885390 181
1885400 181
1885410 181
1885420 181
1885430 181
1885440 181
1885450 181
1885460 181
1885470 181
1885480 181
1885490 181
1885500 181
1885510 181
1885520 181
1885530 181
1885540 181
1885550 181
1885560 181
1885570 181
1885580 181
1885590 181
1885600 181
1885610 181
1885620 181
1885630 181
1885640 181
1885650 181
1885660 181
1885670 181
1885680 181
1885690 181
1885700 181
1885710 181
1885720 181
1885730 181
1885740 181
1885750 181
1885760 181
1885770 181
1885780 181
1885790 181
1885800 181
1885810 181
1885820 181
1885830 181
1885840 181
1885850 181
1885860 181
1885870 181
1885880 181
1885890 181
1885900 181
1885910 181
1885920 181
1885930 181
1885940 181
1885950 181
1885960 181
1885970 181
1885980 181
1885990 181
1886000 181
1886010 181
1886020 181
1886030 181
1886040 181
1886050 181
1886060 181
1886070 181
1886080 181
1886090 181
1886100 181
1886110 181
1886120 181
1886130 181
1886140 181
1886150 181
1886160 181
1886170 181
1886180 181
1886190 181
1886200 181
1886210 181
1886220 181
1886230 181
1886240 181
1886250 181
1886260 181
1886270 181
1886280 181
1886290 181
1886300 181
1886310 182
1886320 182
1886330 182
1886340 182
1886350 182
1886360 182
1886370 182
1886380 182
1886390 182
1886400 182
1886410 182
1886420 182
1886430 182
1886440 182
1886450 182
1886460 182
1886470 182
1886480 182
1886490 182
1886500 182
1886510 182
1886520 182
1886530 182
1886540 182
1886550 182
1886560 182
1886570 182
1886580 182
1886590 182
1886600 182
1886610 182
1886620 182
1886630 182
1886640 182
1886650 182
1886660 182
1886670 182
1886680 182
1886690 182
1886700 182
1886710 182
1886720 182
1886730 182
1886740 182
1886750 182
1886760 182
1886770 182
1886780 182
1886790 182
1886800 182
1886810 182
1886820 182
1886830 182
1886840 182
1886850 182
1886860 182
1886870 182
1886880 182
1886890 182
1886900 182
1886910 181
1886920 182
1886930 182
1886940 182
1886950 182
1886960 182
1886970 181
1886980 181
1886990 181
1887000 181
1887010 181
1887020 181
1887030 180
1887040 180
1887050 180
1887060 180
1887070 179
1887080 179
1887090 179
1887100 179
1887110 179
1887120 178
1887130 178
1887140 178
1887150 178
1887160 178
1887170 178
1887180 177
1887190 177
1887200 177
1887210 177
1887220 176
1887230 176
1887240 176
1887250 176
1887260 176
1887270 176
1887280 175
1887290 175
1887300 175
1887310 175
1887320 175
1887330 175
1887340 175
1887350 175
1887360 175
1887370 175
1887380 175
1887390 175
1887400 175
1887410 175
1887420 175
1887430 174
1887440 174
1887450 175
1887460 175
1887470 175
1887480 175
1887490 175
1887500 175
1887510 175
1887520 175
1887530 175
1887540 175
1887550 175
1887560 175
1887570 174
1887580 174
1887590 174
1887600 174
1887610 174
1887620 174
1887630 174
1887640 174
1887650 174
1887660 174
1887670 174
1887680 174
1887690 174
1887700 174
1887710 174
1887720 174
1887730 174
1887740 174
1887750 174
1887760 174
1887770 174
1887780 174
1887790 174
1887800 174
1887810 174
1887820 175
1887830 175
1887840 175
1887850 174
1887860 174
1887870 174
1887880 173
1887890 173
1887900 173
1887910 173
1887920 173
1887930 173
1887940 173
1887950 173
1887960 173
1887970 173
1887980 173
1887990 173
1888000 173
1888010 174
1888020 174
1888030 174
1888040 174
1888050 174
1888060 174
1888070 174
1888080 174
1888090 174
1888100 174
1888110 174
1888120 174
1888130 174
1888140 174
1888150 174
1888160 174
1888170 174
1888180 174
1888190 174
1888200 174
1888210 174
1888220 174
1888230 174
1888240 174
1888250 174
1888260 174
1888270 174
1888280 174
1888290 175
1888300 175
1888310 175
1888320 175
1888330 175
1888340 175
1888350 175
1888360 175
1888370 175
1888380 175
1888390 175
1888400 175
1888410 175
1888420 175
1888430 174
1888440 174
1888450 174
1888460 174
1888470 174
1888480 174
1888490 174
1888500 174
1888510 174
1888520 174
1888530 174
1888540 174
1888550 174
1888560 174
1888570 174
1888580 174
1888590 174
1888600 174
1888610 174
1888620 174
1888630 174
1888640 173
1888650 174
1888660 174
1888670 174
1888680 174
1888690 174
1888700 174
1888710 174
1888720 174
1888730 174
1888740 174
1888750 173
1888760 173
1888770 173
1888780 173
1888790 173
1888800 173
1888810 173
1888820 173
1888830 173
1888840 173
1888850 173
1888860 173
1888870 173
1888880 173
1888890 173
1888900 174
1888910 174
1888920 174
1888930 174
1888940 174
1888950 174
1888960 174
1888970 175
1888980 175
1888990 175
1889000 175
1889010 175
1889020 175
1889030 175
1889040 175
1889050 175
1889060 175
1889070 175
1889080 174
1889090 174
1889100 174
1889110 174
1889120 174
1889130 174
1889140 174
1889150 173
1889160 173
1889170 173
1889180 173
1889190 173
1889200 174
1889210 174
1889220 174
1889230 175
1889240 177
1889250 177
1889260 178
1889270 179
1889280 179
1889290 179
1889300 179
1889310 179
1889320 179
1889330 179
1889340 179
1889350 179
1889360 179
1889370 179
1889380 180
1889390 180
1889400 180
1889410 180
1889420 180
1889430 180
1889440 180
1889450 180
1889460 180
1889470 180
1889480 180
1889490 180
1889500 180
1889510 180
1889520 180
1889530 180
1889540 180
1889550 180
1889560 180
1889570 180
1889580 180
1889590 180
1889600 180
1889610 180
1889620 180
1889630 180
1889640 180
1889650 180
1889660 180
1889670 180
1889680 180
1889690 180
1889700 180
1889710 180
1889720 180
1889730 180
1889740 180
1889750 180
1889760 180
1889770 181
1889780 182
1889790 182
1889800 182
1889810 182
1889820 182
1889830 182
1889840 182
1889850 182
1889860 182
1889870 182
1889880 182
1889890 181
1889900 181
1889910 181
1889920 181
1889930 182
1889940 182
1889950 182
1889960 181
1889970 181
1889980 181
1889990 181
1890000 181
1890010 182
1890020 182
1890030 182
1890040 182
1890050 182
1890060 182
1890070 182
1890080 182
1890090 182
1890100 182
1890110 183
1890120 183
1890130 182
1890140 182
1890150 182
1890160 182
1890170 182
1890180 182
1890190 182
1890200 182
1890210 182
1890220 182
1890230 183
1890240 183
1890250 183
1890260 183
1890270 183
1890280 183
1890290 183
1890300 183
1890310 184
1890320 184
1890330 184
1890340 184
1890350 184
1890360 184
1890370 184
1890380 184
1890390 185
1890400 185
1890410 185
1890420 185
1890430 185
1890440 185
1890450 185
1890460 185
1890470 185
1890480 185
1890490 185
1890500 185
1890510 185
1890520 185
1890530 185
1890540 184
1890550 184
1890560 186
1890570 188
1890580 188
1890590 189
1890600 189
1890610 189
1890620 189
1890630 189
1890640 189
1890650 190
1890660 190
1890670 190
1890680 191
1890690 191
1890700 191
1890710 192
1890720 192
1890730 192
1890740 193
1890750 193
1890760 193
1890770 194
1890780 194
1890790 194
1890800 194
1890810 195
1890820 195
1890830 195
1890840 195
1890850 195
1890860 195
1890870 195
1890880 195
1890890 196
1890900 196
1890910 196
1890920 195
1890930 195
1890940 195
1890950 195
1890960 195
1890970 195
1890980 195
1890990 195
1891000 195
1891010 194
1891020 193
1891030 193
1891040 193
1891050 193
1891060 193
1891070 193
1891080 192
1891090 192
1891100 192
1891110 192
1891120 192
1891130 191
1891140 191
1891150 191
1891160 191
1891170 190
1891180 190
1891190 190
1891200 190
1891210 189
1891220 189
1891230 188
1891240 188
1891250 188
1891260 187
1891270 187
1891280 187
1891290 187
1891300 187
1891310 186
1891320 186
1891330 186
1891340 186
1891350 185
1891360 185
1891370 185
1891380 185
1891390 185
1891400 184
1891410 184
1891420 184
1891430 184
1891440 183
1891450 183
1891460 183
1891470 183
1891480 183
1891490 182
1891500 182
1891510 182
1891520 182
1891530 181
1891540 181
1891550 181
1891560 180
1891570 180
1891580 180
1891590 180
1891600 180
1891610 179
1891620 179
1891630 179
1891640 178
1891650 178
1891660 178
1891670 178
1891680 177
1891690 177
1891700 177
1891710 177
1891720 177
1891730 177
1891740 177
1891750 177
1891760 176
1891770 176
1891780 176
1891790 176
1891800 176
1891810 176
1891820 176
1891830 176
1891840 176
1891850 177
1891860 177
1891870 177
1891880 177
1891890 177
1891900 177
1891910 178
1891920 178
1891930 178
1891940 179
1891950 179
1891960 179
1891970 179
1891980 180
1891990 180
1892000 180
1892010 180
1892020 180
1892030 179
1892040 179
1892050 179
1892060 179
1892070 179
1892080 179
1892090 179
1892100 179
1892110 179
1892120 179
1892130 179
1892140 179
1892150 178
1892160 179
1892170 179
1892180 179
1892190 178
1892200 178
1892210 179
1892220 179
1892230 179
1892240 179
1892250 180
1892260 180
1892270 180
1892280 181
1892290 181
1892300 181
1892310 182
1892320 182
1892330 183
1892340 184
1892350 184
1892360 185
1892370 186
1892380 186
1892390 187
1892400 190
1892410 191
1892420 191
1892430 190
1892440 190
1892450 190
1892460 192
1892470 192
1892480 190
1892490 189
1892500 189
1892510 189
1892520 189
1892530 188
1892540 188
1892550 186
1892560 186
1892570 186
1892580 186
1892590 187
1892600 187
1892610 189
1892620 191
1892630 191
1892640 191
1892650 192
1892660 192
1892670 194
1892680 195
1892690 195
1892700 194
1892710 193
1892720 193
1892730 193
1892740 193
1892750 193
1892760 192
1892770 192
1892780 192
1892790 192
1892800 192
1892810 192
1892820 191
1892830 190
1892840 190
1892850 190
1892860 189
1892870 189
1892880 189
1892890 188
1892900 188
1892910 187
1892920 187
1892930 187
1892940 186
1892950 185
1892960 185
1892970 184
1892980 184
1892990 184
1893000 183
1893010 183
1893020 183
1893030 182
1893040 181
1893050 181
1893060 181
1893070 180
1893080 180
1893090 180
1893100 179
1893110 179
1893120 179
1893130 178
1893140 178
1893150 177
1893160 177
1893170 177
1893180 176
1893190 176
1893200 176
1893210 175
1893220 174
1893230 174
1893240 173
1893250 173
1893260 173
1893270 172
1893280 172
1893290 172
1893300 171
1893310 171
1893320 171
1893330 170
1893340 170
1893350 170
1893360 169
1893370 169
1893380 169
1893390 168
1893400 168
1893410 168
1893420 167
1893430 167
1893440 167
1893450 166
1893460 166
1893470 166
1893480 165
1893490 165
1893500 165
1893510 164
1893520 164
1893530 164
1893540 163
1893550 163
1893560 163
1893570 162
1893580 162
1893590 162
1893600 161
1893610 160
1893620 160
1893630 159
1893640 159
1893650 159
1893660 158
1893670 158
1893680 158
1893690 157
1893700 157
1893710 157
1893720 156
1893730 156
1893740 155
1893750 155
1893760 154
1893770 154
1893780 154
1893790 154
1893800 154
1893810 153
1893820 153
1893830 153
1893840 153
1893850 153
1893860 153
1893870 153
1893880 153
1893890 153
1893900 153
1893910 154
1893920 154
1893930 155
1893940 155
1893950 155
1893960 156
1893970 157
1893980 157
1893990 157
1894000 157
1894010 157
1894020 157
1894030 157
1894040 157
1894050 157
1894060 157
1894070 157
1894080 157
1894090 157
1894100 157
1894110 157
1894120 156
1894130 156
1894140 156
1894150 156
1894160 156
1894170 156
1894180 156
1894190 156
1894200 156
1894210 156
1894220 156
1894230 156
1894240 156
1894250 156
1894260 156
1894270 156
1894280 156
1894290 155
1894300 155
1894310 155
1894320 155
1894330 155
1894340 155
1894350 155
1894360 155
1894370 155
1894380 154
1894390 154
1894400 154
1894410 154
1894420 154
1894430 154
1894440 154
1894450 154
1894460 154
1894470 153
1894480 153
1894490 153
1894500 153
1894510 153
1894520 153
1894530 153
1894540 153
1894550 152
1894560 152
1894570 152
1894580 152
1894590 152
1894600 152
1894610 152
1894620 152
1894630 152
1894640 152
1894650 152
1894660 152
1894670 152
1894680 152
1894690 152
1894700 151
1894710 151
1894720 151
1894730 151
1894740 151
1894750 151
1894760 151
1894770 151
1894780 151
1894790 151
1894800 151
1894810 151
1894820 151
1894830 151
1894840 150
1894850 150
1894860 150
1894870 150
1894880 150
1894890 150
1894900 150
1894910 150
1894920 150
1894930 149
1894940 149
1894950 149
1894960 149
1894970 149
1894980 149
1894990 149
1895000 149
1895010 149
1895020 149
1895030 149
1895040 149
1895050 148
1895060 148
1895070 148
1895080 148
1895090 148
1895100 148
1895110 148
1895120 148
1895130 148
1895140 147
1895150 147
1895160 147
1895170 147
1895180 147
1895190 147
1895200 147
1895210 147
1895220 147
1895230 147
1895240 147
1895250 147
1895260 147
1895270 146
1895280 146
1895290 146
1895300 146
1895310 146
1895320 146
1895330 146
1895340 146
1895350 146
1895360 146
1895370 146
1895380 146
1895390 146
1895400 146
1895410 146
1895420 146
1895430 146
1895440 146
1895450 146
1895460 146
1895470 146
1895480 146
1895490 146
1895500 146
1895510 146
1895520 146
1895530 145
1895540 145
1895550 145
1895560 145
1895570 145
1895580 145
1895590 145
1895600 145
1895610 145
1895620 145
1895630 145
1895640 145
1895650 145
1895660 145
1895670 145
1895680 145
1895690 145
1895700 145
1895710 145
1895720 145
1895730 145
1895740 145
1895750 145
1895760 145
1895770 145
1895780 145
1895790 145
1895800 145
1895810 144
1895820 144
1895830 144
1895840 144
1895850 144
1895860 144
1895870 144
1895880 144
1895890 144
1895900 143
1895910 143
1895920 143
1895930 143
1895940 143
1895950 143
1895960 142
1895970 142
1895980 142
1895990 142
1896000 142
1896010 142
1896020 142
1896030 142
1896040 142
1896050 141
1896060 141
1896070 141
1896080 141
1896090 141
1896100 141
1896110 141
1896120 141
1896130 141
1896140 141
1896150 141
1896160 140
1896170 140
1896180 140
1896190 140
1896200 140
1896210 140
1896220 139
1896230 139
1896240 139
1896250 139
1896260 139
1896270 139
1896280 139
1896290 139
1896300 139
1896310 139
1896320 139
1896330 139
1896340 138
1896350 138
1896360 138
1896370 138
1896380 138
1896390 138
1896400 138
1896410 138
1896420 138
1896430 138
1896440 138
1896450 138
1896460 138
1896470 138
1896480 138
1896490 138
1896500 138
1896510 138
1896520 137
1896530 137
1896540 137
1896550 137
1896560 137
1896570 137
1896580 138
1896590 137
1896600 137
1896610 137
1896620 137
1896630 137
1896640 137
1896650 137
1896660 137
1896670 137
1896680 137
1896690 137
1896700 137
1896710 137
1896720 137
1896730 137
1896740 137
1896750 137
1896760 137
1896770 137
1896780 137
1896790 137
1896800 137
1896810 137
1896820 137
1896830 137
1896840 137
1896850 137
1896860 137
1896870 137
1896880 137
1896890 137
1896900 137
1896910 137
1896920 137
1896930 137
1896940 137
1896950 137
1896960 137
1896970 137
1896980 137
1896990 137
1897000 137
1897010 137
1897020 137
1897030 137
1897040 137
1897050 137
1897060 137
1897070 137
1897080 137
1897090 137
1897100 137
1897110 137
1897120 137
1897130 137
1897140 137
1897150 137
1897160 137
1897170 137
1897180 137
1897190 137
1897200 137
1897210 137
1897220 137
1897230 137
1897240 137
1897250 137
1897260 137
1897270 137
1897280 137
1897290 137
1897300 137
1897310 137
1897320 137
1897330 137
1897340 137
1897350 137
1897360 137
1897370 137
1897380 137
1897390 137
1897400 137
1897410 137
1897420 137
1897430 137
1897440 137
1897450 137
1897460 137
1897470 137
1897480 137
1897490 137
1897500 137
1897510 137
1897520 136
1897530 136
1897540 136
1897550 136
1897560 136
1897570 136
1897580 136
1897590 136
1897600 136
1897610 136
1897620 136
1897630 136
1897640 136
1897650 137
1897660 137
1897670 137
1897680 137
1897690 137
1897700 137
1897710 137
1897720 137
1897730 137
1897740 137
1897750 137
1897760 137
1897770 137
1897780 137
1897790 137
1897800 137
1897810 137
1897820 137
1897830 137
1897840 137
1897850 137
1897860 137
1897870 137
1897880 137
1897890 137
1897900 137
1897910 137
1897920 137
1897930 137
1897940 137
1897950 137
1897960 137
1897970 137
1897980 137
1897990 137
1898000 137
1898010 137
1898020 137
1898030 137
1898040 137
1898050 137
1898060 137
1898070 137
1898080 137
1898090 137
1898100 137
1898110 137
1898120 137
1898130 137
1898140 137
1898150 137
1898160 137
1898170 137
1898180 136
1898190 137
1898200 137
1898210 137
1898220 136
1898230 136
1898240 135
1898250 134
1898260 134
1898270 134
1898280 134
1898290 134
1898300 134
1898310 136
1898320 136
1898330 137
1898340 137
1898350 137
1898360 137
1898370 137
1898380 137
1898390 137
1898400 137
1898410 137
1898420 137
1898430 137
1898440 137
1898450 137
1898460 137
1898470 137
1898480 137
1898490 137
1898500 137
1898510 137
1898520 137
1898530 137
1898540 137
1898550 137
1898560 137
1898570 137
1898580 137
1898590 137
1898600 137
1898610 137
1898620 137
1898630 138
1898640 138
1898650 137
1898660 137
1898670 138
1898680 137
1898690 137
1898700 137
1898710 138
1898720 138
1898730 138
1898740 138
1898750 138
1898760 138
1898770 138
1898780 138
1898790 138
1898800 138
1898810 138
1898820 138
1898830 138
1898840 138
1898850 138
1898860 138
1898870 138
1898880 138
1898890 138
1898900 138
1898910 138
1898920 137
1898930 137
1898940 137
1898950 137
1898960 137
1898970 137
1898980 137
1898990 137
1899000 137
1899010 137
1899020 137
1899030 138
1899040 138
1899050 138
1899060 138
1899070 138
1899080 138
1899090 138
1899100 138
1899110 138
1899120 138
1899130 138
1899140 138
1899150 138
1899160 138
1899170 138
1899180 138
1899190 138
1899200 138
1899210 138
1899220 138
1899230 138
1899240 139
1899250 139
1899260 139
1899270 139
1899280 139
1899290 139
1899300 138
1899310 138
1899320 138
1899330 138
1899340 138
1899350 138
1899360 138
1899370 138
1899380 138
1899390 138
1899400 138
1899410 138
1899420 138
1899430 137
1899440 137
1899450 137
1899460 137
1899470 137
1899480 137
1899490 137
1899500 137
1899510 137
1899520 138
1899530 138
1899540 138
1899550 137
1899560 137
1899570 137
1899580 137
1899590 137
1899600 137
1899610 137
1899620 137
1899630 137
1899640 138
1899650 138
1899660 138
1899670 138
1899680 138
1899690 138
1899700 137
1899710 137
1899720 137
1899730 137
1899740 137
1899750 137
1899760 137
1899770 137
1899780 137
1899790 137
1899800 137
1899810 137
1899820 137
1899830 137
1899840 137
1899850 137
1899860 137
1899870 137
1899880 137
1899890 137
1899900 137
1899910 137
1899920 137
1899930 137
1899940 138
1899950 138
1899960 137
1899970 137
1899980 137
1899990 137
