1880000 189
1880010 189
1880020 189
1880030 189
1880040 189
1880050 189
1880060 189
1880070 189
1880080 189
1880090 189
1880100 189
1880110 189
1880120 189
1880130 189
1880140 189
1880150 189
1880160 189
1880170 189
1880180 189
1880190 189
1880200 189
1880210 189
1880220 189
1880230 189
1880240 189
1880250 188
1880260 188
1880270 188
1880280 188
1880290 188
1880300 188
1880310 188
1880320 188
1880330 188
1880340 188
1880350 188
1880360 188
1880370 188
1880380 188
1880390 188
1880400 188
1880410 188
1880420 188
1880430 188
1880440 188
1880450 188
1880460 187
1880470 187
1880480 187
1880490 187
1880500 187
1880510 187
1880520 187
1880530 187
1880540 187
1880550 187
1880560 187
1880570 187
1880580 187
1880590 187
1880600 187
1880610 187
1880620 187
1880630 187
1880640 187
1880650 187
1880660 187
1880670 187
1880680 187
1880690 187
1880700 186
1880710 186
1880720 186
1880730 186
1880740 186
1880750 186
1880760 186
1880770 186
1880780 186
1880790 186
1880800 186
1880810 186
1880820 186
1880830 186
1880840 186
1880850 186
1880860 186
1880870 186
1880880 186
1880890 186
1880900 186
1880910 186
1880920 186
1880930 186
1880940 186
1880950 186
1880960 186
1880970 186
1880980 186
1880990 186
1881000 186
1881010 186
1881020 186
1881030 186
1881040 186
1881050 186
1881060 186
1881070 186
1881080 186
1881090 186
1881100 186
1881110 186
1881120 186
1881130 186
1881140 186
1881150 186
1881160 186
1881170 186
1881180 186
1881190 186
1881200 186
1881210 186
1881220 186
1881230 186
1881240 185
1881250 185
1881260 185
1881270 185
1881280 185
1881290 185
1881300 185
1881310 185
1881320 185
1881330 185
1881340 185
1881350 185
1881360 185
1881370 185
1881380 185
1881390 185
1881400 185
1881410 185
1881420 185
1881430 185
1881440 185
1881450 185
1881460 185
1881470 185
1881480 185
1881490 185
1881500 185
1881510 185
1881520 185
1881530 185
1881540 185
1881550 185
1881560 185
1881570 185
1881580 185
1881590 185
1881600 185
1881610 185
1881620 185
1881630 185
1881640 185
1881650 185
1881660 185
1881670 185
1881680 185
1881690 185
1881700 185
1881710 185
1881720 185
1881730 185
1881740 185
1881750 185
1881760 185
1881770 185
1881780 185
1881790 185
1881800 185
1881810 186
1881820 186
1881830 186
1881840 185
1881850 186
1881860 186
1881870 186
1881880 186
1881890 186
1881900 186
1881910 186
1881920 186
1881930 186
1881940 186
1881950 186
1881960 186
1881970 186
1881980 186
1881990 186
1882000 186
1882010 186
1882020 186
1882030 186
1882040 186
1882050 186
1882060 186
1882070 186
1882080 186
1882090 186
1882100 186
1882110 186
1882120 186
1882130 186
1882140 186
1882150 186
1882160 186
1882170 186
1882180 186
1882190 186
1882200 186
1882210 186
1882220 186
1882230 186
1882240 186
1882250 186
1882260 186
1882270 186
1882280 186
1882290 186
1882300 186
1882310 186
1882320 186
1882330 186
1882340 186
1882350 186
1882360 186
1882370 186
1882380 186
1882390 186
1882400 186
1882410 186
1882420 186
1882430 186
1882440 186
1882450 186
1882460 186
1882470 186
1882480 186
1882490 186
1882500 186
1882510 186
1882520 186
1882530 186
1882540 186
1882550 186
1882560 186
1882570 186
1882580 186
1882590 186
1882600 186
1882610 186
1882620 186
1882630 186
1882640 186
1882650 186
1882660 186
1882670 186
1882680 186
1882690 186
1882700 186
1882710 186
1882720 186
1882730 186
1882740 186
1882750 186
1882760 186
1882770 186
1882780 186
1882790 186
1882800 186
1882810 186
1882820 186
1882830 186
1882840 186
1882850 186
1882860 186
1882870 186
1882880 186
1882890 186
1882900 186
1882910 186
1882920 186
1882930 186
1882940 186
1882950 186
1882960 186
1882970 186
1882980 186
1882990 186
1883000 186
1883010 186
1883020 186
1883030 186
1883040 186
1883050 186
1883060 186
1883070 186
1883080 186
1883090 186
1883100 186
1883110 186
1883120 186
1883130 186
1883140 186
1883150 186
1883160 186
1883170 186
1883180 186
1883190 186
1883200 186
1883210 186
1883220 186
1883230 186
1883240 186
1883250 185
1883260 185
1883270 185
1883280 186
1883290 186
1883300 186
1883310 186
1883320 185
1883330 185
1883340 185
1883350 185
1883360 185
1883370 185
1883380 185
1883390 185
1883400 185
1883410 186
1883420 186
1883430 185
1883440 185
1883450 185
1883460 185
1883470 185
1883480 185
1883490 185
1883500 185
1883510 185
1883520 185
1883530 185
1883540 185
1883550 185
1883560 185
1883570 185
1883580 185
1883590 185
1883600 185
1883610 185
1883620 185
1883630 185
1883640 185
1883650 185
1883660 185
1883670 185
1883680 185
1883690 185
1883700 185
1883710 185
1883720 185
1883730 185
1883740 185
1883750 185
1883760 185
1883770 184
1883780 184
1883790 184
1883800 184
1883810 184
1883820 184
1883830 184
1883840 184
1883850 184
1883860 184
1883870 184
1883880 184
1883890 184
1883900 184
1883910 184
1883920 184
1883930 184
1883940 184
1883950 184
1883960 184
1883970 184
1883980 184
1883990 184
1884000 184
1884010 184
1884020 184
1884030 184
1884040 184
1884050 184
1884060 184
1884070 183
1884080 183
1884090 183
1884100 183
1884110 183
1884120 183
1884130 183
1884140 183
1884150 183
1884160 183
1884170 183
1884180 183
1884190 183
1884200 183
1884210 183
1884220 183
1884230 183
1884240 183
1884250 183
1884260 183
1884270 183
1884280 183
1884290 183
1884300 183
1884310 183
1884320 183
1884330 183
1884340 183
1884350 183
1884360 183
1884370 183
1884380 183
1884390 183
1884400 183
1884410 183
1884420 183
1884430 183
1884440 183
1884450 183
1884460 183
1884470 183
1884480 183
1884490 183
1884500 183
1884510 183
1884520 183
1884530 183
1884540 183
1884550 183
1884560 183
1884570 183
1884580 183
1884590 183
1884600 183
1884610 183
1884620 183
1884630 183
1884640 183
1884650 183
1884660 183
1884670 183
1884680 183
1884690 183
1884700 183
1884710 183
1884720 183
1884730 183
1884740 183
1884750 183
1884760 183
1884770 183
1884780 183
1884790 183
1884800 183
1884810 183
1884820 183
1884830 183
1884840 183
1884850 183
1884860 183
1884870 183
1884880 183
1884890 183
1884900 183
1884910 183
1884920 183
1884930 183
1884940 183
1884950 183
1884960 183
1884970 183
1884980 184
1884990 184
1885000 184
1885010 184
1885020 184
1885030 184
1885040 184
1885050 184
1885060 184
1885070 184
1885080 184
1885090 184
1885100 184
1885110 184
1885120 184
1885130 184
1885140 184
1885150 184
1885160 185
1885170 185
1885180 185
1885190 185
1885200 185
1885210 185
1885220 185
1885230 185
1885240 186
1885250 185
1885260 185
1885270 186
1885280 186
1885290 186
1885300 186
1885310 186
1885320 186
1885330 186
1885340 186
1885350 186
1885360 187
1885370 187
1885380 187
1885390 187
1885400 187
1885410 187
1885420 187
1885430 187
1885440 187
1885450 188
1885460 188
1885470 188
1885480 188
1885490 188
1885500 188
1885510 188
1885520 188
1885530 188
1885540 188
1885550 188
1885560 188
1885570 189
1885580 189
1885590 189
1885600 189
1885610 189
1885620 189
1885630 190
1885640 190
1885650 190
1885660 191
1885670 191
1885680 191
1885690 192
1885700 192
1885710 192
1885720 192
1885730 192
1885740 192
1885750 192
1885760 192
1885770 192
1885780 193
1885790 193
1885800 193
1885810 193
1885820 193
1885830 194
1885840 194
1885850 194
1885860 194
1885870 194
1885880 195
1885890 195
1885900 195
1885910 195
1885920 196
1885930 196
1885940 196
1885950 197
1885960 197
1885970 197
1885980 197
1885990 197
1886000 198
1886010 198
1886020 198
1886030 198
1886040 198
1886050 198
1886060 199
1886070 199
1886080 199
1886090 199
1886100 200
1886110 200
1886120 203
1886130 205
1886140 205
1886150 206
1886160 207
1886170 207
1886180 206
1886190 206
1886200 206
1886210 205
1886220 205
1886230 205
1886240 205
1886250 206
1886260 206
1886270 205
1886280 206
1886290 206
1886300 207
1886310 207
1886320 207
1886330 207
1886340 207
1886350 207
1886360 208
1886370 209
1886380 209
1886390 210
1886400 211
1886410 211
1886420 214
1886430 214
1886440 214
1886450 213
1886460 213
1886470 213
1886480 213
1886490 214
1886500 214
1886510 213
1886520 212
1886530 212
1886540 211
1886550 210
1886560 210
1886570 210
1886580 211
1886590 211
1886600 211
1886610 211
1886620 211
1886630 210
1886640 210
1886650 210
1886660 211
1886670 211
1886680 211
1886690 211
1886700 211
1886710 211
1886720 212
1886730 212
1886740 214
1886750 214
1886760 215
1886770 215
1886780 216
1886790 216
1886800 216
1886810 217
1886820 217
1886830 217
1886840 217
1886850 217
1886860 217
1886870 217
1886880 217
1886890 217
1886900 217
1886910 218
1886920 218
1886930 218
1886940 218
1886950 218
1886960 218
1886970 219
1886980 219
1886990 219
1887000 220
1887010 220
1887020 220
1887030 220
1887040 220
1887050 219
1887060 220
1887070 220
1887080 219
1887090 218
1887100 218
1887110 217
1887120 217
1887130 217
1887140 217
1887150 220
1887160 220
1887170 223
1887180 224
1887190 224
1887200 223
1887210 223
1887220 223
1887230 222
1887240 222
1887250 222
1887260 222
1887270 221
1887280 221
1887290 221
1887300 222
1887310 222
1887320 222
1887330 222
1887340 222
1887350 222
1887360 221
1887370 221
1887380 220
1887390 222
1887400 222
1887410 223
1887420 224
1887430 224
1887440 224
1887450 223
1887460 223
1887470 223
1887480 223
1887490 223
1887500 223
1887510 223
1887520 223
1887530 223
1887540 224
1887550 224
1887560 224
1887570 224
1887580 224
1887590 225
1887600 225
1887610 225
1887620 226
1887630 228
1887640 228
1887650 230
1887660 230
1887670 230
1887680 230
1887690 232
1887700 232
1887710 237
1887720 239
1887730 239
1887740 241
1887750 243
1887760 243
1887770 244
1887780 245
1887790 245
1887800 246
1887810 247
1887820 247
1887830 247
1887840 248
1887850 248
1887860 248
1887870 249
1887880 249
1887890 249
1887900 250
1887910 251
1887920 251
1887930 252
1887940 252
1887950 252
1887960 253
1887970 253
1887980 253
1887990 253
1888000 253
1888010 253
1888020 254
1888030 255
1888040 255
1888050 256
1888060 256
1888070 256
1888080 256
1888090 256
1888100 256
1888110 257
1888120 257
1888130 257
1888140 257
1888150 258
1888160 258
1888170 259
1888180 260
1888190 260
1888200 261
1888210 261
1888220 261
1888230 261
1888240 261
1888250 261
1888260 261
1888270 261
1888280 261
1888290 261
1888300 261
1888310 261
1888320 260
1888330 260
1888340 260
1888350 263
1888360 263
1888370 263
1888380 263
1888390 262
1888400 262
1888410 261
1888420 261
1888430 261
1888440 261
1888450 260
1888460 260
1888470 260
1888480 259
1888490 259
1888500 259
1888510 258
1888520 258
1888530 258
1888540 257
1888550 257
1888560 257
1888570 257
1888580 257
1888590 257
1888600 256
1888610 256
1888620 256
1888630 256
1888640 256
1888650 255
1888660 255
1888670 257
1888680 257
1888690 256
1888700 256
1888710 255
1888720 255
1888730 255
1888740 254
1888750 253
1888760 253
1888770 252
1888780 250
1888790 250
1888800 248
1888810 246
1888820 246
1888830 245
1888840 244
1888850 244
1888860 243
1888870 244
1888880 244
1888890 246
1888900 248
1888910 248
1888920 251
1888930 252
1888940 252
1888950 253
1888960 253
1888970 253
1888980 254
1888990 255
1889000 255
1889010 256
1889020 258
1889030 258
1889040 259
1889050 259
1889060 259
1889070 260
1889080 260
1889090 260
1889100 260
1889110 260
1889120 260
1889130 260
1889140 260
1889150 260
1889160 260
1889170 260
1889180 260
1889190 261
1889200 261
1889210 261
1889220 261
1889230 261
1889240 261
1889250 261
1889260 261
1889270 261
1889280 261
1889290 261
1889300 261
1889310 262
1889320 262
1889330 262
1889340 260
1889350 260
1889360 260
1889370 259
1889380 258
1889390 258
1889400 257
1889410 257
1889420 257
1889430 256
1889440 256
1889450 256
1889460 256
1889470 256
1889480 256
1889490 256
1889500 257
1889510 257
1889520 258
1889530 259
1889540 259
1889550 260
1889560 262
1889570 262
1889580 263
1889590 264
1889600 264
1889610 264
1889620 264
1889630 266
1889640 266
1889650 266
1889660 266
1889670 266
1889680 266
1889690 266
1889700 266
1889710 268
1889720 268
1889730 270
1889740 272
1889750 272
1889760 274
1889770 275
1889780 275
1889790 277
1889800 277
1889810 277
1889820 276
1889830 277
1889840 277
1889850 278
1889860 278
1889870 278
1889880 279
1889890 280
1889900 280
1889910 281
1889920 281
1889930 281
1889940 280
1889950 280
1889960 280
1889970 279
1889980 278
1889990 278
1890000 276
1890010 273
1890020 273
1890030 267
1890040 259
1890050 255
1890060 255
1890070 253
1890080 251
1890090 251
1890100 254
1890110 259
1890120 259
1890130 254
1890140 250
1890150 250
1890160 252
1890170 255
1890180 255
1890190 255
1890200 253
1890210 253
1890220 251
1890230 250
1890240 250
1890250 248
1890260 245
1890270 244
1890280 242
1890290 239
1890300 239
1890310 237
1890320 235
1890330 235
1890340 233
1890350 231
1890360 231
1890370 229
1890380 227
1890390 227
1890400 226
1890410 224
1890420 224
1890430 223
1890440 222
1890450 222
1890460 221
1890470 219
1890480 219
1890490 217
1890500 216
1890510 216
1890520 214
1890530 213
1890540 213
1890550 212
1890560 210
1890570 210
1890580 209
1890590 208
1890600 208
1890610 207
1890620 205
1890630 205
1890640 204
1890650 203
1890660 203
1890670 202
1890680 200
1890690 200
1890700 199
1890710 198
1890720 198
1890730 197
1890740 196
1890750 196
1890760 195
1890770 194
1890780 194
1890790 193
1890800 193
1890810 193
1890820 192
1890830 192
1890840 192
1890850 191
1890860 190
1890870 190
1890880 190
1890890 189
1890900 189
1890910 189
1890920 188
1890930 188
1890940 188
1890950 187
1890960 187
1890970 187
1890980 187
1890990 187
1891000 186
1891010 186
1891020 186
1891030 185
1891040 185
1891050 185
1891060 184
1891070 184
1891080 184
1891090 183
1891100 183
1891110 183
1891120 183
1891130 182
1891140 182
1891150 181
1891160 179
1891170 179
1891180 179
1891190 179
1891200 179
1891210 179
1891220 179
1891230 179
1891240 179
1891250 179
1891260 179
1891270 179
1891280 180
1891290 180
1891300 180
1891310 180
1891320 180
1891330 179
1891340 179
1891350 179
1891360 178
1891370 178
1891380 178
1891390 178
1891400 177
1891410 177
1891420 177
1891430 177
1891440 177
1891450 177
1891460 177
1891470 177
1891480 177
1891490 176
1891500 176
1891510 176
1891520 176
1891530 176
1891540 176
1891550 176
1891560 176
1891570 176
1891580 176
1891590 176
1891600 176
1891610 175
1891620 175
1891630 175
1891640 175
1891650 175
1891660 175
1891670 175
1891680 175
1891690 175
1891700 175
1891710 175
1891720 174
1891730 174
1891740 174
1891750 174
1891760 174
1891770 174
1891780 174
1891790 175
1891800 175
1891810 174
1891820 175
1891830 175
1891840 174
1891850 174
1891860 174
1891870 174
1891880 173
1891890 173
1891900 173
1891910 173
1891920 173
1891930 174
1891940 174
1891950 174
1891960 174
1891970 174
1891980 174
1891990 174
1892000 174
1892010 174
1892020 174
1892030 173
1892040 173
1892050 174
1892060 174
1892070 174
1892080 174
1892090 173
1892100 173
1892110 174
1892120 174
1892130 174
1892140 174
1892150 173
1892160 173
1892170 174
1892180 174
1892190 174
1892200 174
1892210 173
1892220 173
1892230 173
1892240 173
1892250 173
1892260 173
1892270 173
1892280 173
1892290 173
1892300 173
1892310 173
1892320 173
1892330 172
1892340 172
1892350 172
1892360 172
1892370 172
1892380 172
1892390 172
1892400 172
1892410 172
1892420 172
1892430 172
1892440 172
1892450 172
1892460 172
1892470 172
1892480 172
1892490 172
1892500 172
1892510 172
1892520 172
1892530 172
1892540 172
1892550 172
1892560 172
1892570 172
1892580 171
1892590 171
1892600 171
1892610 171
1892620 171
1892630 171
1892640 171
1892650 171
1892660 171
1892670 171
1892680 171
1892690 171
1892700 171
1892710 171
1892720 171
1892730 171
1892740 171
1892750 171
1892760 170
1892770 170
1892780 170
1892790 170
1892800 170
1892810 170
1892820 170
1892830 170
1892840 169
1892850 169
1892860 169
1892870 169
1892880 169
1892890 169
1892900 169
1892910 169
1892920 169
1892930 168
1892940 168
1892950 168
1892960 168
1892970 168
1892980 168
1892990 168
1893000 168
1893010 168
1893020 168
1893030 168
1893040 168
1893050 168
1893060 168
1893070 168
1893080 168
1893090 168
1893100 168
1893110 168
1893120 168
1893130 168
1893140 168
1893150 168
1893160 168
1893170 168
1893180 168
1893190 168
1893200 168
1893210 168
1893220 168
1893230 168
1893240 168
1893250 168
1893260 168
1893270 168
1893280 168
1893290 168
1893300 168
1893310 168
1893320 168
1893330 168
1893340 168
1893350 169
1893360 169
1893370 169
1893380 169
1893390 170
1893400 170
1893410 170
1893420 171
1893430 171
1893440 172
1893450 173
1893460 173
1893470 174
1893480 174
1893490 174
1893500 175
1893510 175
1893520 175
1893530 175
1893540 176
1893550 176
1893560 176
1893570 175
1893580 175
1893590 175
1893600 175
1893610 175
1893620 175
1893630 176
1893640 176
1893650 176
1893660 176
1893670 176
1893680 176
1893690 176
1893700 176
1893710 176
1893720 176
1893730 176
1893740 176
1893750 176
1893760 176
1893770 176
1893780 176
1893790 176
1893800 176
1893810 176
1893820 176
1893830 176
1893840 175
1893850 175
1893860 175
1893870 174
1893880 174
1893890 174
1893900 174
1893910 174
1893920 173
1893930 173
1893940 173
1893950 173
1893960 172
1893970 172
1893980 172
1893990 171
1894000 171
1894010 171
1894020 171
1894030 171
1894040 171
1894050 170
1894060 170
1894070 171
1894080 170
1894090 170
1894100 170
1894110 170
1894120 170
1894130 170
1894140 170
1894150 170
1894160 169
1894170 169
1894180 169
1894190 169
1894200 169
1894210 169
1894220 168
1894230 168
1894240 168
1894250 168
1894260 167
1894270 167
1894280 167
1894290 167
1894300 167
1894310 166
1894320 166
1894330 166
1894340 166
1894350 165
1894360 165
1894370 165
1894380 165
1894390 165
1894400 165
1894410 165
1894420 164
1894430 164
1894440 164
1894450 164
1894460 164
1894470 164
1894480 164
1894490 164
1894500 164
1894510 163
1894520 163
1894530 163
1894540 163
1894550 163
1894560 163
1894570 163
1894580 163
1894590 163
1894600 163
1894610 163
1894620 163
1894630 163
1894640 163
1894650 163
1894660 164
1894670 164
1894680 164
1894690 163
1894700 163
1894710 163
1894720 163
1894730 163
1894740 163
1894750 163
1894760 163
1894770 163
1894780 162
1894790 162
1894800 162
1894810 162
1894820 162
1894830 161
1894840 161
1894850 161
1894860 161
1894870 161
1894880 161
1894890 161
1894900 160
1894910 160
1894920 160
1894930 160
1894940 160
1894950 160
1894960 160
1894970 160
1894980 160
1894990 160
1895000 160
1895010 160
1895020 160
1895030 160
1895040 160
1895050 160
1895060 160
1895070 160
1895080 159
1895090 159
1895100 159
1895110 159
1895120 159
1895130 159
1895140 159
1895150 159
1895160 159
1895170 158
1895180 158
1895190 158
1895200 158
1895210 158
1895220 158
1895230 158
1895240 158
1895250 158
1895260 158
1895270 158
1895280 158
1895290 158
1895300 158
1895310 158
1895320 158
1895330 158
1895340 158
1895350 158
1895360 158
1895370 157
1895380 157
1895390 157
1895400 156
1895410 156
1895420 156
1895430 156
1895440 155
1895450 155
1895460 155
1895470 154
1895480 154
1895490 154
1895500 154
1895510 154
1895520 154
1895530 154
1895540 154
1895550 154
1895560 154
1895570 154
1895580 154
1895590 154
1895600 154
1895610 154
1895620 154
1895630 154
1895640 154
1895650 153
1895660 153
1895670 153
1895680 152
1895690 152
1895700 152
1895710 151
1895720 151
1895730 151
1895740 151
1895750 151
1895760 151
1895770 150
1895780 150
1895790 150
1895800 150
1895810 150
1895820 150
1895830 150
1895840 150
1895850 150
1895860 150
1895870 150
1895880 150
1895890 150
1895900 150
1895910 150
1895920 150
1895930 150
1895940 150
1895950 150
1895960 150
1895970 150
1895980 150
1895990 150
1896000 149
1896010 149
1896020 149
1896030 149
1896040 148
1896050 148
1896060 148
1896070 148
1896080 148
1896090 148
1896100 148
1896110 148
1896120 147
1896130 147
1896140 147
1896150 147
1896160 146
1896170 146
1896180 146
1896190 146
1896200 146
1896210 146
1896220 145
1896230 145
1896240 145
1896250 145
1896260 145
1896270 145
1896280 145
1896290 145
1896300 145
1896310 145
1896320 145
1896330 144
1896340 144
1896350 144
1896360 144
1896370 143
1896380 143
1896390 143
1896400 143
1896410 143
1896420 142
1896430 142
1896440 142
1896450 142
1896460 142
1896470 142
1896480 141
1896490 141
1896500 141
1896510 141
1896520 141
1896530 141
1896540 140
1896550 140
1896560 140
1896570 140
1896580 140
1896590 140
1896600 140
1896610 140
1896620 139
1896630 139
1896640 139
1896650 139
1896660 139
1896670 139
1896680 139
1896690 139
1896700 139
1896710 139
1896720 139
1896730 139
1896740 139
1896750 139
1896760 139
1896770 138
1896780 138
1896790 138
1896800 138
1896810 138
1896820 138
1896830 138
1896840 138
1896850 138
1896860 138
1896870 138
1896880 138
1896890 138
1896900 138
1896910 138
1896920 138
1896930 138
1896940 138
1896950 138
1896960 138
1896970 138
1896980 138
1896990 138
1897000 138
1897010 138
1897020 138
1897030 138
1897040 138
1897050 138
1897060 138
1897070 138
1897080 138
1897090 138
1897100 138
1897110 138
1897120 138
1897130 137
1897140 137
1897150 137
1897160 138
1897170 138
1897180 137
1897190 137
1897200 137
1897210 137
1897220 137
1897230 137
1897240 137
1897250 137
1897260 137
1897270 137
1897280 137
1897290 137
1897300 137
1897310 137
1897320 137
1897330 137
1897340 137
1897350 137
1897360 137
1897370 137
1897380 137
1897390 137
1897400 137
1897410 137
1897420 137
1897430 137
1897440 137
1897450 137
1897460 137
1897470 137
1897480 137
1897490 137
1897500 137
1897510 135
1897520 133
1897530 134
1897540 133
1897550 132
1897560 132
1897570 132
1897580 132
1897590 132
1897600 132
1897610 132
1897620 132
1897630 132
1897640 132
1897650 132
1897660 132
1897670 132
1897680 132
1897690 132
1897700 132
1897710 132
1897720 132
1897730 132
1897740 132
1897750 132
1897760 132
1897770 132
1897780 132
1897790 132
1897800 132
1897810 132
1897820 132
1897830 132
1897840 132
1897850 132
1897860 132
1897870 132
1897880 132
1897890 132
1897900 132
1897910 132
1897920 132
1897930 132
1897940 132
1897950 132
1897960 132
1897970 134
1897980 134
1897990 137
1898000 137
1898010 137
1898020 137
1898030 137
1898040 137
1898050 137
1898060 137
1898070 137
1898080 137
1898090 137
1898100 137
1898110 137
1898120 137
1898130 137
1898140 137
1898150 137
1898160 137
1898170 137
1898180 137
1898190 137
1898200 137
1898210 137
1898220 137
1898230 137
1898240 137
1898250 137
1898260 137
1898270 138
1898280 138
1898290 138
1898300 138
1898310 138
1898320 138
1898330 138
1898340 138
1898350 138
1898360 138
1898370 138
1898380 139
1898390 139
1898400 139
1898410 138
1898420 138
1898430 138
1898440 138
1898450 138
1898460 138
1898470 138
1898480 138
1898490 138
1898500 139
1898510 139
1898520 139
1898530 139
1898540 139
1898550 139
1898560 139
1898570 139
1898580 139
1898590 139
1898600 139
1898610 139
1898620 139
1898630 138
1898640 138
1898650 138
1898660 138
1898670 138
1898680 138
1898690 138
1898700 138
1898710 138
1898720 138
1898730 138
1898740 138
1898750 138
1898760 138
1898770 138
1898780 137
1898790 137
1898800 137
1898810 137
1898820 138
1898830 138
1898840 139
1898850 139
1898860 139
1898870 140
1898880 140
1898890 140
1898900 139
1898910 139
1898920 139
1898930 139
1898940 138
1898950 138
1898960 137
1898970 136
1898980 136
1898990 136
1899000 137
1899010 137
1899020 137
1899030 137
1899040 137
1899050 137
1899060 136
1899070 136
1899080 136
1899090 135
1899100 135
1899110 135
1899120 135
1899130 135
1899140 135
1899150 135
1899160 135
1899170 135
1899180 135
1899190 135
1899200 135
1899210 135
1899220 135
1899230 135
1899240 135
1899250 135
1899260 134
1899270 134
1899280 134
1899290 134
1899300 134
1899310 134
1899320 134
1899330 134
1899340 134
1899350 135
1899360 134
1899370 134
1899380 133
1899390 133
1899400 133
1899410 133
1899420 133
1899430 133
1899440 133
1899450 134
1899460 134
1899470 135
1899480 135
1899490 135
1899500 135
1899510 135
1899520 135
1899530 135
1899540 135
1899550 135
1899560 135
1899570 135
1899580 135
1899590 135
1899600 135
1899610 135
1899620 135
1899630 135
1899640 135
1899650 135
1899660 134
1899670 134
1899680 134
1899690 135
1899700 135
1899710 134
1899720 133
1899730 133
1899740 133
1899750 134
1899760 134
1899770 134
1899780 135
1899790 135
1899800 135
1899810 135
1899820 135
1899830 135
1899840 135
1899850 135
1899860 135
1899870 135
1899880 135
1899890 135
1899900 135
1899910 135
1899920 135
1899930 135
1899940 135
1899950 135
1899960 135
1899970 135
1899980 135
1899990 136
