1880000 190
1880010 189
1880020 189
1880030 189
1880040 189
1880050 189
1880060 189
1880070 189
1880080 189
1880090 189
1880100 189
1880110 189
1880120 189
1880130 189
1880140 189
1880150 189
1880160 189
1880170 189
1880180 189
1880190 189
1880200 189
1880210 189
1880220 189
1880230 189
1880240 189
1880250 189
1880260 189
1880270 189
1880280 189
1880290 189
1880300 189
1880310 189
1880320 189
1880330 189
1880340 189
1880350 189
1880360 189
1880370 188
1880380 188
1880390 188
1880400 188
1880410 188
1880420 188
1880430 188
1880440 188
1880450 188
1880460 188
1880470 188
1880480 188
1880490 188
1880500 188
1880510 188
1880520 188
1880530 188
1880540 188
1880550 188
1880560 187
1880570 187
1880580 187
1880590 187
1880600 187
1880610 187
1880620 187
1880630 187
1880640 187
1880650 187
1880660 187
1880670 187
1880680 187
1880690 187
1880700 187
1880710 187
1880720 187
1880730 187
1880740 187
1880750 187
1880760 187
1880770 187
1880780 187
1880790 187
1880800 187
1880810 187
1880820 187
1880830 187
1880840 187
1880850 187
1880860 187
1880870 187
1880880 187
1880890 187
1880900 187
1880910 187
1880920 187
1880930 187
1880940 187
1880950 187
1880960 187
1880970 186
1880980 186
1880990 186
1881000 186
1881010 186
1881020 186
1881030 186
1881040 186
1881050 186
1881060 186
1881070 186
1881080 186
1881090 186
1881100 186
1881110 186
1881120 186
1881130 186
1881140 186
1881150 186
1881160 186
1881170 186
1881180 186
1881190 186
1881200 186
1881210 186
1881220 186
1881230 186
1881240 186
1881250 186
1881260 186
1881270 186
1881280 186
1881290 186
1881300 186
1881310 186
1881320 186
1881330 186
1881340 186
1881350 186
1881360 186
1881370 186
1881380 186
1881390 186
1881400 186
1881410 186
1881420 186
1881430 186
1881440 186
1881450 186
1881460 186
1881470 186
1881480 186
1881490 186
1881500 186
1881510 186
1881520 186
1881530 186
1881540 186
1881550 186
1881560 186
1881570 186
1881580 186
1881590 186
1881600 186
1881610 186
1881620 186
1881630 186
1881640 186
1881650 186
1881660 186
1881670 186
1881680 186
1881690 186
1881700 186
1881710 186
1881720 186
1881730 186
1881740 186
1881750 186
1881760 186
1881770 186
1881780 186
1881790 186
1881800 186
1881810 186
1881820 186
1881830 186
1881840 186
1881850 186
1881860 186
1881870 186
1881880 186
1881890 186
1881900 186
1881910 186
1881920 186
1881930 186
1881940 186
1881950 186
1881960 186
1881970 186
1881980 186
1881990 186
1882000 186
1882010 186
1882020 186
1882030 186
1882040 186
1882050 186
1882060 186
1882070 186
1882080 186
1882090 186
1882100 186
1882110 186
1882120 186
1882130 186
1882140 186
1882150 186
1882160 186
1882170 186
1882180 186
1882190 186
1882200 186
1882210 186
1882220 186
1882230 186
1882240 186
1882250 186
1882260 186
1882270 186
1882280 186
1882290 186
1882300 186
1882310 186
1882320 186
1882330 186
1882340 186
1882350 186
1882360 186
1882370 186
1882380 186
1882390 186
1882400 186
1882410 186
1882420 186
1882430 186
1882440 186
1882450 186
1882460 186
1882470 186
1882480 186
1882490 186
1882500 186
1882510 186
1882520 186
1882530 186
1882540 186
1882550 186
1882560 186
1882570 186
1882580 186
1882590 186
1882600 186
1882610 186
1882620 186
1882630 186
1882640 186
1882650 186
1882660 186
1882670 186
1882680 186
1882690 186
1882700 186
1882710 186
1882720 186
1882730 186
1882740 186
1882750 186
1882760 186
1882770 186
1882780 186
1882790 186
1882800 186
1882810 186
1882820 186
1882830 186
1882840 186
1882850 186
1882860 186
1882870 186
1882880 186
1882890 186
1882900 186
1882910 186
1882920 186
1882930 186
1882940 186
1882950 186
1882960 186
1882970 186
1882980 186
1882990 186
1883000 186
1883010 186
1883020 186
1883030 186
1883040 186
1883050 186
1883060 186
1883070 186
1883080 186
1883090 186
1883100 186
1883110 186
1883120 186
1883130 186
1883140 186
1883150 186
1883160 186
1883170 186
1883180 186
1883190 186
1883200 186
1883210 186
1883220 186
1883230 186
1883240 185
1883250 185
1883260 185
1883270 185
1883280 185
1883290 185
1883300 185
1883310 185
1883320 185
1883330 185
1883340 185
1883350 185
1883360 185
1883370 185
1883380 185
1883390 186
1883400 186
1883410 185
1883420 185
1883430 185
1883440 185
1883450 185
1883460 185
1883470 185
1883480 185
1883490 185
1883500 185
1883510 185
1883520 185
1883530 185
1883540 185
1883550 185
1883560 185
1883570 185
1883580 185
1883590 185
1883600 185
1883610 185
1883620 185
1883630 185
1883640 185
1883650 185
1883660 185
1883670 185
1883680 185
1883690 185
1883700 185
1883710 185
1883720 185
1883730 185
1883740 185
1883750 185
1883760 185
1883770 185
1883780 185
1883790 185
1883800 185
1883810 184
1883820 184
1883830 184
1883840 184
1883850 184
1883860 184
1883870 184
1883880 184
1883890 184
1883900 184
1883910 184
1883920 184
1883930 184
1883940 184
1883950 184
1883960 184
1883970 184
1883980 184
1883990 184
1884000 184
1884010 184
1884020 184
1884030 184
1884040 184
1884050 184
1884060 184
1884070 184
1884080 184
1884090 184
1884100 183
1884110 183
1884120 183
1884130 183
1884140 183
1884150 183
1884160 183
1884170 183
1884180 183
1884190 183
1884200 183
1884210 183
1884220 183
1884230 183
1884240 183
1884250 183
1884260 183
1884270 183
1884280 183
1884290 183
1884300 183
1884310 183
1884320 183
1884330 183
1884340 183
1884350 183
1884360 183
1884370 183
1884380 183
1884390 183
1884400 183
1884410 183
1884420 183
1884430 183
1884440 183
1884450 183
1884460 183
1884470 183
1884480 183
1884490 183
1884500 183
1884510 183
1884520 183
1884530 183
1884540 183
1884550 183
1884560 183
1884570 183
1884580 183
1884590 183
1884600 183
1884610 183
1884620 183
1884630 183
1884640 183
1884650 183
1884660 183
1884670 183
1884680 183
1884690 183
1884700 183
1884710 183
1884720 183
1884730 183
1884740 183
1884750 183
1884760 183
1884770 183
1884780 183
1884790 183
1884800 183
1884810 183
1884820 183
1884830 183
1884840 183
1884850 183
1884860 183
1884870 183
1884880 183
1884890 183
1884900 183
1884910 183
1884920 183
1884930 183
1884940 183
1884950 183
1884960 183
1884970 183
1884980 183
1884990 183
1885000 183
1885010 183
1885020 183
1885030 183
1885040 183
1885050 183
1885060 183
1885070 183
1885080 184
1885090 184
1885100 184
1885110 184
1885120 184
1885130 184
1885140 184
1885150 184
1885160 184
1885170 184
1885180 184
1885190 184
1885200 184
1885210 184
1885220 185
1885230 185
1885240 185
1885250 185
1885260 185
1885270 185
1885280 185
1885290 185
1885300 185
1885310 185
1885320 185
1885330 185
1885340 186
1885350 186
1885360 186
1885370 186
1885380 186
1885390 186
1885400 186
1885410 186
1885420 186
1885430 187
1885440 187
1885450 187
1885460 187
1885470 187
1885480 187
1885490 187
1885500 187
1885510 187
1885520 187
1885530 187
1885540 187
1885550 187
1885560 187
1885570 187
1885580 188
1885590 188
1885600 188
1885610 188
1885620 187
1885630 187
1885640 188
1885650 188
1885660 188
1885670 189
1885680 189
1885690 189
1885700 189
1885710 190
1885720 190
1885730 190
1885740 190
1885750 190
1885760 191
1885770 191
1885780 191
1885790 192
1885800 192
1885810 192
1885820 192
1885830 192
1885840 192
1885850 192
1885860 193
1885870 193
1885880 193
1885890 193
1885900 193
1885910 194
1885920 194
1885930 194
1885940 194
1885950 194
1885960 194
1885970 195
1885980 195
1885990 195
1886000 195
1886010 196
1886020 196
1886030 196
1886040 196
1886050 196
1886060 196
1886070 197
1886080 197
1886090 197
1886100 198
1886110 198
1886120 199
1886130 200
1886140 200
1886150 200
1886160 199
1886170 199
1886180 199
1886190 199
1886200 199
1886210 199
1886220 199
1886230 199
1886240 199
1886250 200
1886260 200
1886270 200
1886280 200
1886290 200
1886300 200
1886310 199
1886320 199
1886330 199
1886340 200
1886350 200
1886360 200
1886370 200
1886380 200
1886390 200
1886400 200
1886410 200
1886420 202
1886430 202
1886440 202
1886450 202
1886460 202
1886470 202
1886480 202
1886490 202
1886500 202
1886510 203
1886520 203
1886530 203
1886540 203
1886550 203
1886560 203
1886570 203
1886580 204
1886590 204
1886600 204
1886610 204
1886620 204
1886630 205
1886640 205
1886650 205
1886660 205
1886670 205
1886680 206
1886690 206
1886700 206
1886710 206
1886720 206
1886730 207
1886740 208
1886750 208
1886760 209
1886770 210
1886780 210
1886790 210
1886800 211
1886810 211
1886820 211
1886830 211
1886840 211
1886850 212
1886860 212
1886870 212
1886880 212
1886890 212
1886900 212
1886910 213
1886920 213
1886930 213
1886940 213
1886950 214
1886960 214
1886970 214
1886980 214
1886990 214
1887000 214
1887010 215
1887020 215
1887030 215
1887040 214
1887050 214
1887060 215
1887070 214
1887080 214
1887090 214
1887100 214
1887110 214
1887120 213
1887130 210
1887140 210
1887150 213
1887160 215
1887170 215
1887180 214
1887190 214
1887200 214
1887210 214
1887220 215
1887230 215
1887240 215
1887250 215
1887260 215
1887270 215
1887280 215
1887290 215
1887300 215
1887310 215
1887320 215
1887330 214
1887340 214
1887350 214
1887360 214
1887370 215
1887380 216
1887390 216
1887400 216
1887410 216
1887420 217
1887430 217
1887440 217
1887450 217
1887460 217
1887470 217
1887480 217
1887490 217
1887500 217
1887510 217
1887520 217
1887530 217
1887540 218
1887550 218
1887560 218
1887570 218
1887580 218
1887590 218
1887600 219
1887610 220
1887620 220
1887630 221
1887640 221
1887650 221
1887660 220
1887670 221
1887680 221
1887690 221
1887700 222
1887710 225
1887720 226
1887730 226
1887740 226
1887750 227
1887760 228
1887770 228
1887780 228
1887790 229
1887800 229
1887810 229
1887820 230
1887830 230
1887840 231
1887850 232
1887860 232
1887870 234
1887880 235
1887890 235
1887900 238
1887910 239
1887920 239
1887930 241
1887940 242
1887950 242
1887960 243
1887970 244
1887980 244
1887990 243
1888000 243
1888010 243
1888020 243
1888030 246
1888040 246
1888050 245
1888060 245
1888070 245
1888080 245
1888090 245
1888100 245
1888110 246
1888120 248
1888130 248
1888140 249
1888150 249
1888160 249
1888170 249
1888180 249
1888190 249
1888200 250
1888210 250
1888220 250
1888230 251
1888240 251
1888250 251
1888260 251
1888270 252
1888280 252
1888290 252
1888300 252
1888310 252
1888320 251
1888330 251
1888340 251
1888350 254
1888360 254
1888370 254
1888380 254
1888390 253
1888400 253
1888410 253
1888420 253
1888430 253
1888440 252
1888450 252
1888460 252
1888470 252
1888480 252
1888490 252
1888500 251
1888510 251
1888520 251
1888530 251
1888540 251
1888550 251
1888560 250
1888570 249
1888580 249
1888590 248
1888600 248
1888610 248
1888620 248
1888630 247
1888640 247
1888650 247
1888660 246
1888670 249
1888680 248
1888690 248
1888700 248
1888710 247
1888720 247
1888730 247
1888740 246
1888750 246
1888760 246
1888770 245
1888780 243
1888790 243
1888800 242
1888810 240
1888820 240
1888830 239
1888840 238
1888850 237
1888860 237
1888870 238
1888880 240
1888890 240
1888900 244
1888910 246
1888920 246
1888930 246
1888940 246
1888950 246
1888960 246
1888970 246
1888980 246
1888990 249
1889000 250
1889010 250
1889020 251
1889030 251
1889040 251
1889050 252
1889060 253
1889070 253
1889080 253
1889090 254
1889100 254
1889110 254
1889120 254
1889130 254
1889140 253
1889150 253
1889160 253
1889170 253
1889180 253
1889190 253
1889200 253
1889210 253
1889220 253
1889230 253
1889240 253
1889250 253
1889260 254
1889270 254
1889280 254
1889290 254
1889300 254
1889310 256
1889320 256
1889330 256
1889340 256
1889350 256
1889360 255
1889370 255
1889380 255
1889390 254
1889400 254
1889410 253
1889420 253
1889430 253
1889440 253
1889450 252
1889460 252
1889470 252
1889480 252
1889490 252
1889500 253
1889510 253
1889520 253
1889530 253
1889540 254
1889550 254
1889560 254
1889570 255
1889580 255
1889590 255
1889600 256
1889610 256
1889620 256
1889630 258
1889640 258
1889650 258
1889660 258
1889670 258
1889680 258
1889690 258
1889700 258
1889710 259
1889720 259
1889730 259
1889740 260
1889750 261
1889760 261
1889770 261
1889780 261
1889790 261
1889800 262
1889810 263
1889820 263
1889830 263
1889840 263
1889850 263
1889860 264
1889870 265
1889880 265
1889890 266
1889900 268
1889910 268
1889920 269
1889930 269
1889940 269
1889950 274
1889960 274
1889970 274
1889980 274
1889990 273
1890000 273
1890010 272
1890020 271
1890030 271
1890040 270
1890050 269
1890060 269
1890070 268
1890080 267
1890090 267
1890100 265
1890110 263
1890120 263
1890130 262
1890140 261
1890150 261
1890160 260
1890170 258
1890180 258
1890190 257
1890200 255
1890210 255
1890220 254
1890230 252
1890240 252
1890250 250
1890260 248
1890270 248
1890280 245
1890290 243
1890300 243
1890310 241
1890320 239
1890330 239
1890340 236
1890350 234
1890360 234
1890370 232
1890380 230
1890390 230
1890400 228
1890410 227
1890420 227
1890430 225
1890440 223
1890450 223
1890460 222
1890470 221
1890480 221
1890490 219
1890500 217
1890510 217
1890520 216
1890530 214
1890540 214
1890550 213
1890560 211
1890570 211
1890580 209
1890590 208
1890600 208
1890610 207
1890620 205
1890630 205
1890640 204
1890650 203
1890660 203
1890670 202
1890680 201
1890690 201
1890700 200
1890710 199
1890720 199
1890730 198
1890740 198
1890750 198
1890760 196
1890770 195
1890780 195
1890790 195
1890800 194
1890810 194
1890820 194
1890830 193
1890840 193
1890850 192
1890860 192
1890870 192
1890880 191
1890890 190
1890900 190
1890910 189
1890920 189
1890930 189
1890940 188
1890950 188
1890960 188
1890970 187
1890980 187
1890990 186
1891000 186
1891010 186
1891020 185
1891030 185
1891040 185
1891050 184
1891060 184
1891070 184
1891080 184
1891090 184
1891100 183
1891110 183
1891120 183
1891130 182
1891140 182
1891150 182
1891160 182
1891170 181
1891180 181
1891190 181
1891200 181
1891210 181
1891220 180
1891230 179
1891240 179
1891250 179
1891260 180
1891270 180
1891280 180
1891290 179
1891300 179
1891310 179
1891320 179
1891330 179
1891340 179
1891350 179
1891360 179
1891370 179
1891380 178
1891390 178
1891400 178
1891410 177
1891420 177
1891430 177
1891440 177
1891450 177
1891460 176
1891470 176
1891480 176
1891490 176
1891500 176
1891510 176
1891520 176
1891530 176
1891540 176
1891550 176
1891560 175
1891570 175
1891580 175
1891590 175
1891600 175
1891610 175
1891620 175
1891630 175
1891640 175
1891650 175
1891660 175
1891670 175
1891680 175
1891690 175
1891700 175
1891710 174
1891720 174
1891730 174
1891740 174
1891750 174
1891760 174
1891770 174
1891780 174
1891790 174
1891800 174
1891810 174
1891820 174
1891830 173
1891840 173
1891850 173
1891940 173
1891950 173
1891960 173
1891970 173
1891980 173
1891990 173
1892000 173
1892010 173
1892020 173
1892030 173
1892040 173
1892050 173
1892060 173
1892070 173
1892080 173
1892190 173
1892200 173
1892210 173
1892220 173
1892230 173
1892240 173
1892250 173
1892260 173
1892270 173
1892280 172
1892290 172
1892300 172
1892310 172
1892320 172
1892330 172
1892340 172
1892350 172
1892360 172
1892370 172
1892380 172
1892390 172
1892400 171
1892410 171
1892420 171
1892430 171
1892440 171
1892450 171
1892460 171
1892470 171
1892480 171
1892490 171
1892500 171
1892510 171
1892520 171
1892530 171
1892540 171
1892550 171
1892560 171
1892570 171
1892580 171
1892590 171
1892600 171
1892610 170
1892620 170
1892630 170
1892640 170
1892650 170
1892660 170
1892670 170
1892680 170
1892690 170
1892700 170
1892710 170
1892720 170
1892730 170
1892740 170
1892750 170
1892760 170
1892770 170
1892780 170
1892790 169
1892800 169
1892810 169
1892820 169
1892830 169
1892840 169
1892850 168
1892860 168
1892870 168
1892880 168
1892890 168
1892900 168
1892910 168
1892920 168
1892930 168
1892940 168
1892950 168
1892960 168
1892970 168
1892980 168
1892990 168
1893000 167
1893010 167
1893020 167
1893030 167
1893040 167
1893050 167
1893060 167
1893070 167
1893080 167
1893090 167
1893100 167
1893110 167
1893120 168
1893130 168
1893140 167
1893150 167
1893160 168
1893170 168
1893180 168
1893190 167
1893200 167
1893210 167
1893220 167
1893230 167
1893240 168
1893250 168
1893260 168
1893270 168
1893280 168
1893290 168
1893300 169
1893310 169
1893320 169
1893330 169
1893340 169
1893350 169
1893360 169
1893370 169
1893380 169
1893390 169
1893400 170
1893410 170
1893420 170
1893430 170
1893440 171
1893450 171
1893460 172
1893470 172
1893480 172
1893490 172
1893500 172
1893510 173
1893520 173
1893530 173
1893540 174
1893550 174
1893560 174
1893570 174
1893580 174
1893590 174
1893600 174
1893610 174
1893620 174
1893630 174
1893640 174
1893650 174
1893660 173
1893670 173
1893680 173
1893690 173
1893700 173
1893710 173
1893720 173
1893730 173
1893740 173
1893750 173
1893760 174
1893770 174
1893780 173
1893790 173
1893800 173
1893810 173
1893820 173
1893830 173
1893840 173
1893850 172
1893860 172
1893870 172
1893880 172
1893890 172
1893900 172
1893910 171
1893920 171
1893930 171
1893940 171
1893950 171
1893960 171
1893970 171
1893980 171
1893990 170
1894000 170
1894010 170
1894020 170
1894030 170
1894040 170
1894050 169
1894060 169
1894070 169
1894080 169
1894090 169
1894100 169
1894110 169
1894120 168
1894130 168
1894140 168
1894150 168
1894160 168
1894170 168
1894180 168
1894190 168
1894200 168
1894210 168
1894220 168
1894230 167
1894240 167
1894250 167
1894260 167
1894270 166
1894280 166
1894290 166
1894300 166
1894310 166
1894320 165
1894330 165
1894340 165
1894350 165
1894360 164
1894370 164
1894380 164
1894390 164
1894400 164
1894410 163
1894420 163
1894430 163
1894440 163
1894450 163
1894460 163
1894470 163
1894480 163
1894490 163
1894500 162
1894510 162
1894520 162
1894530 162
1894540 162
1894550 162
1894560 162
1894570 162
1894580 162
1894590 162
1894600 162
1894610 162
1894620 162
1894630 162
1894640 162
1894650 162
1894660 162
1894670 162
1894680 162
1894690 163
1894700 163
1894710 163
1894720 163
1894730 163
1894740 162
1894750 162
1894760 162
1894770 162
1894780 161
1894790 161
1894800 161
1894810 161
1894820 161
1894830 161
1894840 160
1894850 160
1894860 160
1894870 160
1894880 160
1894890 160
1894900 160
1894910 160
1894920 160
1894930 160
1894940 160
1894950 160
1894960 160
1894970 160
1894980 160
1894990 159
1895000 159
1895010 158
1895020 158
1895030 158
1895040 158
1895050 158
1895060 158
1895070 158
1895080 158
1895090 158
1895100 158
1895110 158
1895120 158
1895130 158
1895140 158
1895150 158
1895160 158
1895170 158
1895180 158
1895190 158
1895200 157
1895210 157
1895220 157
1895230 157
1895240 157
1895250 157
1895260 157
1895270 157
1895280 157
1895290 157
1895300 157
1895310 157
1895320 157
1895330 157
1895340 157
1895350 157
1895360 157
1895370 157
1895380 157
1895390 157
1895400 157
1895410 157
1895420 157
1895430 157
1895440 156
1895450 156
1895460 156
1895470 155
1895480 155
1895490 155
1895500 154
1895510 154
1895520 154
1895530 153
1895540 153
1895550 153
1895560 153
1895570 152
1895580 152
1895590 152
1895600 152
1895610 152
1895620 152
1895630 152
1895640 152
1895650 153
1895660 153
1895670 153
1895680 153
1895690 153
1895700 153
1895710 152
1895720 152
1895730 152
1895740 151
1895750 151
1895760 151
1895770 150
1895780 150
1895790 150
1895800 150
1895810 149
1895820 149
1895830 149
1895840 149
1895850 149
1895860 149
1895870 149
1895880 149
1895890 149
1895900 149
1895910 149
1895920 149
1895930 149
1895940 149
1895950 149
1895960 149
1895970 149
1895980 149
1895990 149
1896000 149
1896010 148
1896020 148
1896030 148
1896040 147
1896050 147
1896060 147
1896070 147
1896080 146
1896090 146
1896100 146
1896110 146
1896120 146
1896130 145
1896140 145
1896150 145
1896160 145
1896170 145
1896180 145
1896190 145
1896200 144
1896210 144
1896220 144
1896230 144
1896240 144
1896250 144
1896260 144
1896270 144
1896280 144
1896290 144
1896300 144
1896310 144
1896320 143
1896330 143
1896340 143
1896350 143
1896360 143
1896370 143
1896380 142
1896390 142
1896400 142
1896410 142
1896420 142
1896430 142
1896440 141
1896450 141
1896460 141
1896470 141
1896480 141
1896490 140
1896500 140
1896510 140
1896520 140
1896530 140
1896540 140
1896550 140
1896560 139
1896570 139
1896580 139
1896590 139
1896600 139
1896610 139
1896620 139
1896630 139
1896640 139
1896650 139
1896660 139
1896670 139
1896680 139
1896690 139
1896700 139
1896710 139
1896720 139
1896730 139
1896740 138
1896750 138
1896760 138
1896770 138
1896780 138
1896790 138
1896800 138
1896810 138
1896820 138
1896830 138
1896840 138
1896850 138
1896860 138
1896870 138
1896880 138
1896890 138
1896900 138
1896910 138
1896920 138
1896930 138
1896940 138
1896950 138
1896960 138
1896970 138
1896980 138
1896990 138
1897000 138
1897010 138
1897020 138
1897030 138
1897040 138
1897050 138
1897060 138
1897070 137
1897080 137
1897090 137
1897100 137
1897110 137
1897120 137
1897130 137
1897140 137
1897150 137
1897160 137
1897170 137
1897180 137
1897190 137
1897200 137
1897210 137
1897220 137
1897230 137
1897240 137
1897250 137
1897260 137
1897270 137
1897280 137
1897290 137
1897300 137
1897310 137
1897320 137
1897330 137
1897340 137
1897350 137
1897360 137
1897370 137
1897380 137
1897390 137
1897400 137
1897410 137
1897420 137
1897430 137
1897440 137
1897450 137
1897460 135
1897470 135
1897480 133
1897490 132
1897500 132
1897510 132
1897520 132
1897530 132
1897540 132
1897550 132
1897560 132
1897570 132
1897580 132
1897590 132
1897600 132
1897610 132
1897620 132
1897630 132
1897640 132
1897650 132
1897660 132
1897670 132
1897680 132
1897690 132
1897700 132
1897710 132
1897720 132
1897730 132
1897740 132
1897750 132
1897760 132
1897770 132
1897780 132
1897790 132
1897800 132
1897810 132
1897820 132
1897830 132
1897840 132
1897850 132
1897860 132
1897870 132
1897880 132
1897890 133
1897900 133
1897910 133
1897920 135
1897930 135
1897940 137
1897950 137
1897960 137
1897970 137
1897980 137
1897990 137
1898000 137
1898010 137
1898020 137
1898030 137
1898040 137
1898050 137
1898060 137
1898070 137
1898080 137
1898090 137
1898100 137
1898110 137
1898120 137
1898130 137
1898140 137
1898150 137
1898160 137
1898170 137
1898180 137
1898190 137
1898200 137
1898210 137
1898220 137
1898230 137
1898240 137
1898250 137
1898260 137
1898270 137
1898280 137
1898290 137
1898300 137
1898310 137
1898320 137
1898330 137
1898340 138
1898350 138
1898360 138
1898370 138
1898380 138
1898390 138
1898400 138
1898410 138
1898420 138
1898430 138
1898440 138
1898450 138
1898460 138
1898470 139
1898480 139
1898490 139
1898500 139
1898510 139
1898520 139
1898530 139
1898540 139
1898550 139
1898560 139
1898570 139
1898580 139
1898590 139
1898600 139
1898610 139
1898620 139
1898630 139
1898640 139
1898650 139
1898660 139
1898670 139
1898680 139
1898690 139
1898700 139
1898710 139
1898720 139
1898730 139
1898740 139
1898750 139
1898760 139
1898770 139
1898780 139
1898790 139
1898800 139
1898810 139
1898820 140
1898830 140
1898840 140
1898850 140
1898860 140
1898870 140
1898880 140
1898890 140
1898900 140
1898910 140
1898920 140
1898930 140
1898940 139
1898950 139
1898960 139
1898970 139
1898980 139
1898990 138
1899000 138
1899010 138
1899020 138
1899030 138
1899040 138
1899050 138
1899060 138
1899070 138
1899080 138
1899090 136
1899100 136
1899110 136
1899120 135
1899130 135
1899140 134
1899150 134
1899160 134
1899170 135
1899180 136
1899190 136
1899200 136
1899210 135
1899220 135
1899230 134
1899240 134
1899250 134
1899260 135
1899270 135
1899280 135
1899290 135
1899300 135
1899310 135
1899320 135
1899330 135
1899340 135
1899350 135
1899360 134
1899370 134
1899380 134
1899390 134
1899400 134
1899410 134
1899420 134
1899430 134
1899440 134
1899450 135
1899460 135
1899470 134
1899480 134
1899490 134
1899500 133
1899510 133
1899520 133
1899530 135
1899540 135
1899550 135
1899560 135
1899570 135
1899580 135
1899590 135
1899600 135
1899610 135
1899620 135
1899630 135
1899640 135
1899650 135
1899660 134
1899670 134
1899680 134
1899690 134
1899700 135
1899710 135
1899720 135
1899730 135
1899740 135
1899750 135
1899760 135
1899770 135
1899780 135
1899790 135
1899800 135
1899810 135
1899820 136
1899830 136
1899840 136
1899850 136
1899860 136
1899870 136
1899880 136
1899890 136
1899900 136
1899910 136
1899920 136
1899930 136
1899940 135
1899950 135
1899960 136
1899970 136
1899980 136
1899990 136
