1880000 190
1880010 190
1880020 190
1880030 190
1880040 190
1880050 190
1880060 190
1880070 190
1880080 190
1880090 190
1880100 189
1880110 189
1880120 189
1880130 189
1880140 189
1880150 189
1880160 189
1880170 189
1880180 189
1880190 189
1880200 189
1880210 189
1880220 189
1880230 189
1880240 189
1880250 189
1880260 189
1880270 189
1880280 189
1880290 189
1880300 189
1880310 189
1880320 189
1880330 189
1880340 189
1880350 189
1880360 189
1880370 189
1880380 189
1880390 189
1880400 189
1880410 189
1880420 189
1880430 189
1880440 188
1880450 188
1880460 188
1880470 188
1880480 188
1880490 188
1880500 188
1880510 188
1880520 188
1880530 188
1880540 188
1880550 188
1880560 188
1880570 188
1880580 188
1880590 188
1880600 188
1880610 188
1880620 188
1880630 188
1880640 188
1880650 187
1880660 187
1880670 187
1880680 187
1880690 187
1880700 187
1880710 187
1880720 187
1880730 187
1880740 187
1880750 187
1880760 187
1880770 187
1880780 187
1880790 187
1880800 187
1880810 187
1880820 187
1880830 187
1880840 187
1880850 187
1880860 187
1880870 187
1880880 187
1880890 187
1880900 187
1880910 187
1880920 187
1880930 187
1880940 187
1880950 187
1880960 187
1880970 187
1880980 187
1880990 187
1881000 187
1881010 187
1881020 187
1881030 187
1881040 187
1881050 187
1881060 187
1881070 187
1881080 187
1881090 187
1881100 187
1881110 187
1881120 187
1881130 186
1881140 186
1881150 186
1881160 186
1881170 186
1881180 186
1881190 186
1881200 186
1881210 186
1881220 186
1881230 186
1881240 186
1881250 186
1881260 186
1881270 186
1881280 186
1881290 186
1881300 186
1881310 186
1881320 186
1881330 186
1881340 186
1881350 186
1881360 186
1881370 186
1881380 186
1881390 186
1881400 186
1881410 186
1881420 186
1881430 186
1881440 186
1881450 186
1881460 186
1881470 186
1881480 186
1881490 186
1881500 186
1881510 186
1881520 186
1881530 186
1881540 186
1881550 186
1881560 186
1881570 186
1881580 186
1881590 186
1881600 186
1881610 186
1881620 186
1881630 186
1881640 186
1881650 186
1881660 186
1881670 186
1881680 186
1881690 186
1881700 186
1881710 186
1881720 186
1881730 186
1881740 186
1881750 186
1881760 186
1881770 186
1881780 186
1881790 186
1881800 186
1881810 186
1881820 186
1881830 186
1881840 186
1881850 186
1881860 186
1881870 186
1881880 186
1881890 186
1881900 186
1881910 186
1881920 186
1881930 186
1881940 186
1881950 186
1881960 186
1881970 186
1881980 186
1881990 186
1882000 186
1882010 186
1882020 186
1882030 186
1882040 186
1882050 186
1882060 187
1882070 187
1882080 187
1882090 187
1882100 187
1882110 187
1882120 187
1882130 187
1882140 187
1882150 187
1882160 187
1882170 187
1882180 187
1882190 187
1882200 187
1882210 187
1882220 187
1882230 187
1882240 187
1882250 187
1882260 187
1882270 186
1882280 186
1882290 186
1882300 186
1882310 187
1882320 187
1882330 187
1882340 186
1882350 186
1882360 186
1882370 186
1882380 186
1882390 186
1882400 187
1882410 187
1882420 187
1882430 186
1882440 186
1882450 186
1882460 187
1882470 187
1882480 187
1882490 187
1882500 187
1882510 187
1882520 187
1882530 187
1882540 187
1882550 186
1882560 186
1882570 186
1882580 186
1882590 186
1882600 186
1882610 186
1882620 186
1882630 186
1882640 187
1882650 187
1882660 187
1882670 187
1882680 187
1882690 186
1882700 186
1882710 186
1882720 186
1882730 186
1882740 186
1882750 186
1882760 186
1882770 186
1882780 186
1882790 186
1882800 186
1882810 186
1882820 186
1882830 186
1882840 186
1882850 186
1882860 186
1882870 186
1882880 186
1882890 186
1882900 186
1882910 186
1882920 186
1882930 186
1882940 186
1882950 186
1882960 186
1882970 186
1882980 186
1882990 186
1883000 186
1883010 186
1883020 186
1883030 186
1883040 186
1883050 186
1883060 186
1883070 186
1883080 186
1883090 186
1883100 186
1883110 186
1883120 186
1883130 186
1883140 186
1883150 186
1883160 186
1883170 186
1883180 186
1883190 186
1883200 186
1883210 186
1883220 186
1883230 186
1883240 186
1883250 186
1883260 186
1883270 186
1883280 186
1883290 186
1883300 186
1883310 186
1883320 186
1883330 185
1883340 185
1883350 185
1883360 185
1883370 185
1883380 185
1883390 185
1883400 185
1883410 185
1883420 185
1883430 185
1883440 185
1883450 185
1883460 185
1883470 185
1883480 185
1883490 185
1883500 185
1883510 185
1883520 185
1883530 185
1883540 185
1883550 185
1883560 185
1883570 185
1883580 185
1883590 185
1883600 185
1883610 185
1883620 185
1883630 185
1883640 185
1883650 185
1883660 185
1883670 185
1883680 185
1883690 185
1883700 185
1883710 185
1883720 185
1883730 185
1883740 185
1883750 185
1883760 185
1883770 185
1883780 184
1883790 184
1883800 184
1883810 184
1883820 184
1883830 184
1883840 184
1883850 184
1883860 184
1883870 184
1883880 184
1883890 184
1883900 184
1883910 184
1883920 184
1883930 184
1883940 184
1883950 184
1883960 184
1883970 184
1883980 184
1883990 184
1884000 184
1884010 184
1884020 184
1884030 184
1884040 184
1884050 184
1884060 184
1884070 184
1884080 184
1884090 184
1884100 184
1884110 184
1884120 183
1884130 183
1884140 183
1884150 183
1884160 183
1884170 183
1884180 183
1884190 183
1884200 183
1884210 183
1884220 183
1884230 183
1884240 183
1884250 183
1884260 183
1884270 183
1884280 183
1884290 183
1884300 183
1884310 183
1884320 183
1884330 183
1884340 183
1884350 183
1884360 183
1884370 183
1884380 183
1884390 183
1884400 183
1884410 183
1884420 183
1884430 183
1884440 183
1884450 183
1884460 183
1884470 183
1884480 183
1884490 183
1884500 183
1884510 183
1884520 183
1884530 183
1884540 183
1884550 183
1884560 183
1884570 183
1884580 183
1884590 183
1884600 183
1884610 183
1884620 183
1884630 183
1884640 183
1884650 183
1884660 183
1884670 183
1884680 183
1884690 183
1884700 183
1884710 183
1884720 183
1884730 183
1884740 183
1884750 183
1884760 183
1884770 183
1884780 183
1884790 183
1884800 183
1884810 183
1884820 183
1884830 183
1884840 183
1884850 183
1884860 183
1884870 183
1884880 183
1884890 183
1884900 183
1884910 183
1884920 183
1884930 183
1884940 183
1884950 183
1884960 183
1884970 183
1884980 183
1884990 183
1885000 183
1885010 183
1885020 183
1885030 183
1885040 183
1885050 183
1885060 183
1885070 183
1885080 183
1885090 183
1885100 183
1885110 183
1885120 183
1885130 183
1885140 184
1885150 184
1885160 184
1885170 184
1885180 184
1885190 184
1885200 184
1885210 184
1885220 184
1885230 184
1885240 184
1885250 184
1885260 184
1885270 184
1885280 184
1885290 185
1885300 185
1885310 185
1885320 185
1885330 185
1885340 185
1885350 185
1885360 185
1885370 185
1885380 185
1885390 186
1885400 186
1885410 186
1885420 186
1885430 186
1885440 186
1885450 186
1885460 186
1885470 186
1885480 186
1885490 186
1885500 186
1885510 186
1885520 186
1885530 186
1885540 186
1885550 186
1885560 186
1885570 186
1885580 186
1885590 186
1885600 187
1885610 187
1885620 187
1885630 187
1885640 187
1885650 187
1885660 187
1885670 187
1885680 187
1885690 188
1885700 188
1885710 188
1885720 188
1885730 188
1885740 188
1885750 188
1885760 188
1885770 189
1885780 189
1885790 189
1885800 189
1885810 189
1885820 189
1885830 190
1885840 191
1885850 191
1885860 191
1885870 191
1885880 191
1885890 191
1885900 192
1885910 192
1885920 192
1885930 192
1885940 192
1885950 192
1885960 193
1885970 193
1885980 193
1885990 193
1886000 193
1886010 194
1886020 194
1886030 194
1886040 194
1886050 194
1886060 194
1886070 194
1886080 195
1886090 195
1886100 195
1886110 195
1886120 195
1886130 195
1886140 195
1886150 195
1886160 196
1886170 196
1886180 196
1886190 196
1886200 196
1886210 196
1886220 196
1886230 196
1886240 196
1886250 196
1886260 196
1886270 196
1886280 196
1886290 196
1886300 196
1886310 197
1886320 197
1886330 197
1886340 197
1886350 197
1886360 197
1886370 197
1886380 197
1886390 197
1886400 197
1886410 197
1886420 197
1886430 197
1886440 197
1886450 197
1886460 198
1886470 198
1886480 198
1886490 198
1886500 199
1886510 199
1886520 200
1886530 200
1886540 200
1886550 200
1886560 200
1886570 200
1886580 200
1886590 200
1886600 200
1886610 201
1886620 201
1886630 201
1886640 202
1886650 202
1886660 202
1886670 202
1886680 202
1886690 202
1886700 203
1886710 203
1886720 203
1886730 203
1886740 203
1886750 203
1886760 203
1886770 204
1886780 204
1886790 204
1886800 204
1886810 204
1886820 205
1886830 205
1886840 205
1886850 205
1886860 205
1886870 205
1886880 205
1886890 206
1886900 206
1886910 206
1886920 207
1886930 207
1886940 207
1886950 207
1886960 209
1886970 209
1886980 209
1886990 209
1887000 209
1887010 209
1887020 209
1887030 209
1887040 209
1887050 209
1887060 208
1887070 208
1887080 208
1887090 208
1887100 208
1887110 208
1887120 207
1887130 205
1887140 205
1887150 207
1887160 208
1887170 208
1887180 208
1887190 209
1887200 209
1887210 209
1887220 209
1887230 209
1887240 209
1887250 209
1887260 209
1887270 209
1887280 211
1887290 211
1887300 211
1887310 211
1887320 211
1887330 211
1887340 211
1887350 211
1887360 212
1887370 212
1887380 212
1887390 212
1887400 212
1887410 212
1887420 212
1887430 213
1887440 213
1887450 213
1887460 213
1887470 213
1887480 213
1887490 213
1887500 214
1887510 214
1887520 214
1887530 214
1887540 214
1887550 214
1887560 214
1887570 214
1887580 214
1887590 214
1887600 215
1887610 215
1887620 215
1887630 215
1887640 216
1887650 216
1887660 216
1887670 217
1887680 217
1887690 217
1887700 218
1887710 218
1887720 218
1887730 219
1887740 219
1887750 219
1887760 219
1887770 220
1887780 220
1887790 220
1887800 221
1887810 221
1887820 221
1887830 222
1887840 222
1887850 222
1887860 223
1887870 223
1887880 223
1887890 224
1887900 224
1887910 224
1887920 226
1887930 226
1887940 226
1887950 226
1887960 226
1887970 228
1887980 228
1887990 228
1888000 228
1888010 229
1888020 229
1888030 229
1888040 227
1888050 227
1888060 227
1888070 227
1888080 227
1888090 228
1888100 229
1888110 229
1888120 231
1888130 232
1888140 232
1888150 233
1888160 234
1888170 234
1888180 234
1888190 235
1888200 235
1888210 235
1888220 234
1888230 234
1888240 238
1888250 239
1888260 239
1888270 239
1888280 239
1888290 239
1888300 240
1888310 240
1888320 240
1888330 240
1888340 240
1888350 240
1888360 239
1888370 238
1888380 238
1888390 239
1888400 239
1888410 239
1888420 238
1888430 238
1888440 238
1888450 240
1888460 241
1888470 241
1888480 241
1888490 241
1888500 241
1888510 241
1888520 242
1888530 242
1888540 242
1888550 242
1888560 243
1888570 243
1888580 242
1888590 242
1888600 241
1888610 240
1888620 240
1888630 239
1888640 238
1888650 238
1888660 238
1888670 237
1888680 237
1888690 236
1888700 236
1888710 236
1888720 236
1888730 236
1888740 236
1888750 235
1888760 234
1888770 234
1888780 233
1888790 232
1888800 232
1888810 232
1888820 231
1888830 231
1888840 231
1888850 231
1888860 231
1888870 231
1888880 233
1888890 233
1888900 233
1888910 233
1888920 233
1888930 234
1888940 234
1888950 234
1888960 235
1888970 235
1888980 235
1888990 235
1889000 236
1889010 236
1889020 237
1889030 238
1889040 238
1889050 239
1889060 240
1889070 240
1889080 241
1889090 241
1889100 241
1889110 241
1889120 241
1889130 241
1889140 241
1889150 240
1889160 240
1889170 240
1889180 239
1889190 239
1889200 242
1889210 243
1889220 243
1889230 243
1889240 243
1889250 243
1889260 244
1889270 245
1889280 245
1889290 245
1889300 246
1889310 246
1889320 247
1889330 248
1889340 248
1889350 248
1889360 248
1889370 248
1889380 248
1889390 248
1889400 248
1889410 247
1889420 247
1889430 247
1889440 247
1889450 246
1889460 246
1889470 246
1889480 246
1889490 246
1889500 247
1889510 247
1889520 248
1889530 249
1889540 249
1889550 249
1889560 249
1889570 250
1889580 250
1889590 250
1889600 250
1889610 250
1889620 250
1889630 251
1889640 251
1889650 251
1889660 251
1889670 251
1889680 251
1889690 251
1889700 251
1889710 251
1889720 251
1889730 252
1889740 252
1889750 252
1889760 252
1889770 252
1889780 253
1889790 253
1889800 253
1889810 253
1889820 254
1889830 254
1889840 255
1889850 255
1889860 255
1889870 256
1889880 256
1889890 256
1889900 257
1889910 258
1889920 258
1889930 260
1889940 260
1889950 260
1889960 257
1889970 260
1889980 260
1889990 263
1890000 263
1890010 263
1890020 263
1890030 263
1890040 263
1890050 263
1890060 263
1890070 263
1890080 263
1890090 263
1890100 263
1890110 262
1890120 262
1890130 262
1890140 261
1890150 261
1890160 262
1890170 262
1890180 260
1890190 260
1890200 258
1890210 257
1890220 257
1890230 256
1890240 254
1890250 254
1890260 253
1890270 251
1890280 251
1890290 248
1890300 245
1890310 245
1890320 242
1890330 240
1890340 240
1890350 237
1890360 234
1890370 234
1890380 232
1890390 231
1890400 231
1890410 229
1890420 227
1890430 227
1890440 226
1890450 224
1890460 224
1890470 222
1890480 220
1890490 220
1890500 219
1890510 217
1890520 217
1890530 215
1890540 213
1890550 213
1890560 212
1890570 211
1890580 211
1890590 209
1890600 208
1890610 208
1890620 207
1890630 206
1890640 206
1890650 204
1890660 203
1890670 203
1890680 202
1890690 201
1890700 201
1890710 201
1890720 200
1890730 200
1890740 199
1890750 198
1890760 198
1890770 197
1890780 197
1890790 196
1890800 196
1890810 195
1890820 195
1890830 194
1890840 193
1890850 193
1890860 192
1890870 192
1890880 192
1890890 191
1890900 190
1890910 190
1890920 189
1890930 189
1890940 189
1890950 188
1890960 188
1890970 188
1890980 187
1890990 187
1891000 187
1891010 186
1891020 186
1891030 186
1891040 186
1891050 185
1891060 185
1891070 185
1891080 184
1891090 184
1891100 184
1891110 183
1891120 183
1891130 183
1891140 182
1891150 182
1891160 182
1891170 182
1891180 182
1891190 181
1891200 181
1891210 181
1891220 181
1891230 181
1891240 181
1891250 181
1891260 180
1891270 180
1891280 180
1891290 179
1891300 179
1891310 179
1891320 179
1891330 179
1891340 179
1891350 179
1891360 179
1891370 179
1891380 179
1891390 179
1891400 178
1891410 178
1891420 178
1891430 178
1891440 177
1891450 177
1891460 176
1891470 176
1891480 176
1891490 176
1891500 176
1891510 176
1891520 175
1891530 175
1891540 175
1891550 175
1891560 175
1891570 175
1891580 175
1891590 174
1891600 174
1891610 174
1891620 174
1891630 174
1891640 174
1891650 174
1891660 174
1891670 174
1891680 174
1891690 174
1891700 174
1891710 173
1891720 173
1891730 173
1891740 173
1891750 173
1891760 173
1891770 173
1891780 173
1891790 173
1891800 173
1891810 173
1891820 173
1892190 172
1892200 172
1892210 172
1892220 172
1892230 172
1892240 172
1892250 172
1892260 172
1892270 172
1892280 172
1892290 171
1892300 171
1892310 171
1892320 172
1892330 172
1892340 172
1892350 171
1892360 171
1892370 171
1892380 171
1892390 171
1892400 171
1892410 171
1892420 171
1892430 170
1892440 170
1892450 170
1892460 170
1892470 170
1892480 170
1892490 170
1892500 170
1892510 170
1892520 170
1892530 170
1892540 170
1892550 170
1892560 170
1892570 170
1892580 170
1892590 170
1892600 170
1892610 170
1892620 169
1892630 169
1892640 169
1892650 169
1892660 169
1892670 169
1892680 169
1892690 169
1892700 170
1892710 169
1892720 169
1892730 169
1892740 169
1892750 169
1892760 169
1892770 169
1892780 169
1892790 169
1892800 169
1892810 169
1892820 168
1892830 168
1892840 168
1892850 168
1892860 168
1892870 168
1892880 167
1892890 167
1892900 167
1892910 167
1892920 167
1892930 167
1892940 167
1892950 167
1892960 167
1892970 167
1892980 167
1892990 167
1893000 167
1893010 167
1893020 167
1893030 167
1893040 167
1893050 167
1893060 167
1893070 167
1893080 167
1893090 167
1893100 167
1893110 167
1893120 167
1893130 167
1893140 167
1893150 167
1893160 167
1893170 167
1893180 167
1893190 166
1893200 166
1893210 166
1893220 166
1893230 166
1893240 166
1893250 166
1893260 166
1893270 166
1893280 166
1893290 166
1893300 166
1893310 167
1893320 167
1893330 168
1893340 168
1893350 168
1893360 169
1893370 170
1893380 170
1893390 171
1893400 172
1893410 172
1893420 172
1893430 173
1893440 173
1893450 173
1893460 174
1893470 174
1893480 174
1893490 174
1893500 174
1893510 174
1893520 174
1893530 174
1893540 174
1893550 174
1893560 174
1893570 174
1893580 174
1893590 174
1893600 173
1893610 173
1893620 173
1893630 173
1893640 172
1893650 172
1893660 172
1893670 172
1893680 172
1893690 172
1893700 171
1893710 171
1893720 171
1893730 171
1893740 171
1893750 171
1893760 171
1893770 171
1893780 171
1893790 171
1893800 171
1893810 171
1893820 171
1893830 171
1893840 171
1893850 171
1893860 171
1893870 170
1893880 170
1893890 170
1893900 170
1893910 170
1893920 170
1893930 170
1893940 170
1893950 169
1893960 169
1893970 169
1893980 169
1893990 169
1894000 169
1894010 169
1894020 169
1894030 169
1894040 169
1894050 169
1894060 168
1894070 168
1894080 168
1894090 168
1894100 168
1894110 168
1894120 167
1894130 167
1894140 167
1894150 167
1894160 167
1894170 167
1894180 166
1894190 166
1894200 166
1894210 166
1894220 166
1894230 166
1894240 165
1894250 165
1894260 165
1894270 165
1894280 165
1894290 165
1894300 165
1894310 165
1894320 165
1894330 164
1894340 164
1894350 164
1894360 164
1894370 164
1894380 164
1894390 163
1894400 163
1894410 163
1894420 162
1894430 162
1894440 162
1894450 162
1894460 161
1894470 161
1894480 161
1894490 161
1894500 161
1894510 161
1894520 161
1894530 161
1894540 161
1894550 161
1894560 161
1894570 161
1894580 160
1894590 160
1894600 161
1894610 161
1894620 161
1894630 160
1894640 161
1894650 161
1894660 161
1894670 161
1894680 161
1894690 161
1894700 161
1894710 161
1894720 162
1894730 162
1894740 162
1894750 162
1894760 162
1894770 162
1894780 161
1894790 161
1894800 161
1894810 160
1894820 160
1894830 160
1894840 160
1894850 160
1894860 160
1894870 159
1894880 159
1894890 159
1894900 159
1894910 159
1894920 159
1894930 159
1894940 159
1894950 159
1894960 159
1894970 158
1894980 158
1894990 158
1895000 158
1895010 158
1895020 157
1895030 157
1895040 157
1895050 157
1895060 157
1895070 157
1895080 157
1895090 157
1895100 157
1895110 157
1895120 157
1895130 157
1895140 157
1895150 157
1895160 157
1895170 157
1895180 157
1895190 157
1895200 157
1895210 157
1895220 157
1895230 157
1895240 157
1895250 157
1895260 156
1895270 156
1895280 156
1895290 156
1895300 156
1895310 156
1895320 156
1895330 156
1895340 156
1895350 156
1895360 156
1895370 156
1895380 156
1895390 156
1895400 156
1895410 156
1895420 156
1895430 156
1895440 156
1895450 156
1895460 156
1895470 156
1895480 155
1895490 155
1895500 155
1895510 155
1895520 155
1895530 154
1895540 154
1895550 154
1895560 153
1895570 153
1895580 153
1895590 152
1895600 152
1895610 152
1895620 151
1895630 151
1895640 151
1895650 151
1895660 151
1895670 151
1895680 151
1895690 151
1895700 151
1895710 151
1895720 151
1895730 151
1895740 151
1895750 151
1895760 151
1895770 151
1895780 151
1895790 151
1895800 151
1895810 150
1895820 150
1895830 150
1895840 149
1895850 149
1895860 149
1895870 149
1895880 149
1895890 149
1895900 148
1895910 148
1895920 147
1895930 147
1895940 147
1895950 147
1895960 147
1895970 147
1895980 147
1895990 146
1896000 146
1896010 146
1896020 146
1896030 146
1896040 146
1896050 146
1896060 146
1896070 145
1896080 145
1896090 145
1896100 145
1896110 145
1896120 144
1896130 144
1896140 144
1896150 144
1896160 144
1896170 144
1896180 144
1896190 144
1896200 143
1896210 143
1896220 143
1896230 143
1896240 143
1896250 143
1896260 143
1896270 143
1896280 143
1896290 143
1896300 142
1896310 142
1896320 142
1896330 142
1896340 142
1896350 142
1896360 142
1896370 142
1896380 141
1896390 141
1896400 141
1896410 141
1896420 141
1896430 141
1896440 140
1896450 140
1896460 140
1896470 140
1896480 140
1896490 140
1896500 140
1896510 139
1896520 139
1896530 139
1896540 139
1896550 139
1896560 139
1896570 139
1896580 139
1896590 139
1896600 139
1896610 139
1896620 139
1896630 139
1896640 139
1896650 139
1896660 139
1896670 139
1896680 139
1896690 138
1896700 138
1896710 138
1896720 138
1896730 138
1896740 138
1896750 138
1896760 138
1896770 138
1896780 138
1896790 138
1896800 138
1896810 138
1896820 138
1896830 138
1896840 138
1896850 138
1896860 138
1896870 138
1896880 138
1896890 138
1896900 138
1896910 138
1896920 138
1896930 137
1896940 137
1896950 138
1896960 137
1896970 137
1896980 138
1896990 138
1897000 138
1897010 138
1897020 138
1897030 138
1897040 138
1897050 138
1897060 138
1897070 138
1897080 137
1897090 137
1897100 137
1897110 137
1897120 137
1897130 137
1897140 137
1897150 137
1897160 137
1897170 137
1897180 137
1897190 137
1897200 137
1897210 137
1897220 137
1897230 137
1897240 137
1897250 137
1897260 137
1897270 137
1897280 137
1897290 137
1897300 137
1897310 137
1897320 137
1897330 137
1897340 137
1897350 137
1897360 137
1897370 137
1897380 137
1897390 137
1897400 135
1897410 133
1897420 133
1897430 133
1897440 132
1897450 132
1897460 132
1897470 132
1897480 132
1897490 132
1897500 132
1897510 132
1897520 132
1897530 132
1897540 132
1897550 132
1897560 132
1897570 132
1897580 132
1897590 132
1897600 132
1897610 132
1897620 132
1897630 132
1897640 132
1897650 132
1897660 132
1897670 132
1897680 132
1897690 132
1897700 132
1897710 132
1897720 132
1897730 132
1897740 132
1897750 132
1897760 132
1897770 132
1897780 132
1897790 132
1897800 132
1897810 132
1897820 132
1897830 132
1897840 132
1897850 132
1897860 134
1897870 134
1897880 136
1897890 137
1897900 137
1897910 137
1897920 137
1897930 137
1897940 137
1897950 137
1897960 137
1897970 137
1897980 137
1897990 137
1898000 137
1898010 137
1898020 137
1898030 137
1898040 137
1898050 137
1898060 137
1898070 137
1898080 137
1898090 137
1898100 137
1898110 137
1898120 137
1898130 137
1898140 137
1898150 137
1898160 137
1898170 137
1898180 137
1898190 137
1898200 137
1898210 137
1898220 137
1898230 137
1898240 137
1898250 137
1898260 137
1898270 137
1898280 137
1898290 137
1898300 137
1898310 137
1898320 137
1898330 137
1898340 137
1898350 137
1898360 137
1898370 137
1898380 137
1898390 137
1898400 137
1898410 137
1898420 137
1898430 137
1898440 137
1898450 137
1898460 138
1898470 138
1898480 138
1898490 138
1898500 138
1898510 138
1898520 138
1898530 138
1898540 138
1898550 138
1898560 138
1898570 138
1898580 138
1898590 138
1898600 138
1898610 138
1898620 139
1898630 139
1898640 139
1898650 139
1898660 139
1898670 139
1898680 139
1898690 139
1898700 139
1898710 139
1898720 139
1898730 139
1898740 139
1898750 139
1898760 139
1898770 139
1898780 139
1898790 139
1898800 139
1898810 139
1898820 139
1898830 139
1898840 139
1898850 140
1898860 140
1898870 140
1898880 139
1898890 139
1898900 139
1898910 139
1898920 139
1898930 139
1898940 139
1898950 139
1898960 139
1898970 139
1898980 138
1898990 138
1899000 138
1899010 138
1899020 138
1899030 138
1899040 138
1899050 138
1899060 138
1899070 138
1899080 138
1899090 138
1899100 138
1899110 138
1899120 138
1899130 138
1899140 138
1899150 138
1899160 138
1899170 138
1899180 137
1899190 137
1899200 137
1899210 135
1899220 135
1899230 135
1899240 134
1899250 134
1899260 134
1899270 134
1899280 134
1899290 134
1899300 134
1899310 134
1899320 134
1899330 134
1899340 134
1899350 134
1899360 134
1899370 134
1899380 134
1899390 134
1899400 134
1899410 134
1899420 134
1899430 135
1899440 135
1899450 136
1899460 136
1899470 136
1899480 135
1899490 135
1899500 135
1899510 135
1899520 135
1899530 135
1899540 135
1899550 135
1899560 135
1899570 135
1899580 135
1899590 135
1899600 135
1899610 135
1899620 135
1899630 134
1899640 134
1899650 134
1899660 134
1899670 134
1899680 134
1899690 135
1899700 135
1899710 135
1899720 135
1899730 135
1899740 135
1899750 135
1899760 135
1899770 135
1899780 135
1899790 135
1899800 135
1899810 135
1899820 135
1899830 135
1899840 135
1899850 135
1899860 135
1899870 135
1899880 135
1899890 135
1899900 135
1899910 135
1899920 135
1899930 135
1899940 135
1899950 135
1899960 135
1899970 135
1899980 135
1899990 136
