1880000 190
1880010 190
1880020 190
1880030 190
1880040 190
1880050 190
1880060 190
1880070 190
1880080 190
1880090 189
1880100 189
1880110 189
1880120 189
1880130 189
1880140 189
1880150 189
1880160 189
1880170 189
1880180 189
1880190 189
1880200 189
1880210 189
1880220 189
1880230 189
1880240 189
1880250 189
1880260 189
1880270 189
1880280 189
1880290 189
1880300 189
1880310 189
1880320 189
1880330 189
1880340 189
1880350 189
1880360 189
1880370 189
1880380 189
1880390 189
1880400 189
1880410 189
1880420 189
1880430 189
1880440 189
1880450 188
1880460 188
1880470 188
1880480 188
1880490 188
1880500 188
1880510 188
1880520 188
1880530 188
1880540 188
1880550 188
1880560 188
1880570 188
1880580 188
1880590 188
1880600 188
1880610 188
1880620 188
1880630 188
1880640 188
1880650 188
1880660 188
1880670 188
1880680 188
1880690 187
1880700 187
1880710 187
1880720 187
1880730 187
1880740 187
1880750 187
1880760 187
1880770 187
1880780 187
1880790 187
1880800 187
1880810 187
1880820 187
1880830 187
1880840 187
1880850 187
1880860 187
1880870 187
1880880 187
1880890 187
1880900 187
1880910 187
1880920 187
1880930 187
1880940 187
1880950 187
1880960 187
1880970 187
1880980 187
1880990 187
1881000 187
1881010 187
1881020 187
1881030 187
1881040 187
1881050 187
1881060 187
1881070 187
1881080 187
1881090 187
1881100 187
1881110 187
1881120 187
1881130 187
1881140 187
1881150 187
1881160 187
1881170 187
1881180 187
1881190 187
1881200 187
1881210 187
1881220 187
1881230 187
1881240 187
1881250 187
1881260 187
1881270 187
1881280 187
1881290 186
1881300 186
1881310 186
1881320 186
1881330 186
1881340 186
1881350 186
1881360 186
1881370 186
1881380 186
1881390 186
1881400 186
1881410 186
1881420 186
1881430 186
1881440 186
1881450 186
1881460 186
1881470 186
1881480 186
1881490 186
1881500 186
1881510 186
1881520 186
1881530 186
1881540 186
1881550 186
1881560 186
1881570 186
1881580 186
1881590 186
1881600 186
1881610 186
1881620 186
1881630 186
1881640 186
1881650 186
1881660 186
1881670 186
1881680 186
1881690 186
1881700 186
1881710 186
1881720 186
1881730 186
1881740 186
1881750 186
1881760 186
1881770 186
1881780 186
1881790 186
1881800 186
1881810 186
1881820 186
1881830 186
1881840 186
1881850 186
1881860 186
1881870 186
1881880 186
1881890 186
1881900 186
1881910 186
1881920 186
1881930 186
1881940 186
1881950 186
1881960 186
1881970 186
1881980 186
1881990 186
1882000 187
1882010 187
1882020 187
1882030 187
1882040 187
1882050 187
1882060 187
1882070 187
1882080 187
1882090 187
1882100 187
1882110 187
1882120 187
1882130 187
1882140 187
1882150 187
1882160 187
1882170 187
1882180 187
1882190 187
1882200 187
1882210 187
1882220 187
1882230 187
1882240 187
1882250 187
1882260 187
1882270 187
1882280 187
1882290 187
1882300 187
1882310 187
1882320 187
1882330 187
1882340 187
1882350 187
1882360 187
1882370 187
1882380 187
1882390 187
1882400 187
1882410 187
1882420 187
1882430 187
1882440 187
1882450 187
1882460 187
1882470 187
1882480 187
1882490 187
1882500 187
1882510 187
1882520 187
1882530 186
1882540 186
1882550 186
1882560 186
1882570 186
1882580 186
1882590 186
1882600 186
1882610 186
1882620 186
1882630 186
1882640 186
1882650 186
1882660 186
1882670 186
1882680 186
1882690 186
1882700 186
1882710 186
1882720 186
1882730 186
1882740 186
1882750 186
1882760 186
1882770 186
1882780 186
1882790 186
1882800 186
1882810 186
1882820 186
1882830 186
1882840 186
1882850 186
1882860 186
1882870 186
1882880 186
1882890 186
1882900 186
1882910 186
1882920 186
1882930 186
1882940 186
1882950 186
1882960 186
1882970 186
1882980 186
1882990 186
1883000 186
1883010 186
1883020 186
1883030 186
1883040 186
1883050 186
1883060 186
1883070 186
1883080 186
1883090 186
1883100 186
1883110 186
1883120 186
1883130 186
1883140 186
1883150 186
1883160 186
1883170 186
1883180 186
1883190 186
1883200 186
1883210 186
1883220 186
1883230 186
1883240 186
1883250 185
1883260 185
1883270 186
1883280 186
1883290 186
1883300 186
1883310 186
1883320 186
1883330 185
1883340 185
1883350 185
1883360 186
1883370 186
1883380 186
1883390 186
1883400 185
1883410 185
1883420 185
1883430 185
1883440 185
1883450 185
1883460 185
1883470 185
1883480 185
1883490 185
1883500 185
1883510 185
1883520 185
1883530 185
1883540 185
1883550 185
1883560 185
1883570 185
1883580 185
1883590 185
1883600 185
1883610 185
1883620 185
1883630 185
1883640 185
1883650 185
1883660 185
1883670 185
1883680 185
1883690 185
1883700 185
1883710 185
1883720 185
1883730 185
1883740 185
1883750 185
1883760 185
1883770 185
1883780 184
1883790 184
1883800 184
1883810 184
1883820 184
1883830 184
1883840 184
1883850 184
1883860 184
1883870 184
1883880 184
1883890 184
1883900 184
1883910 184
1883920 184
1883930 184
1883940 184
1883950 184
1883960 184
1883970 184
1883980 184
1883990 184
1884000 184
1884010 184
1884020 184
1884030 184
1884040 184
1884050 184
1884060 184
1884070 184
1884080 184
1884090 184
1884100 184
1884110 184
1884120 184
1884130 184
1884140 184
1884150 184
1884160 183
1884170 183
1884180 183
1884190 183
1884200 183
1884210 183
1884220 183
1884230 183
1884240 183
1884250 183
1884260 183
1884270 183
1884280 183
1884290 183
1884300 183
1884310 183
1884320 183
1884330 183
1884340 183
1884350 183
1884360 183
1884370 183
1884380 183
1884390 183
1884400 183
1884410 183
1884420 183
1884430 183
1884440 183
1884450 183
1884460 183
1884470 183
1884480 183
1884490 183
1884500 183
1884510 183
1884520 183
1884530 183
1884540 183
1884550 183
1884560 183
1884570 183
1884580 183
1884590 183
1884600 183
1884610 183
1884620 183
1884630 183
1884640 183
1884650 183
1884660 183
1884670 183
1884680 183
1884690 183
1884700 183
1884710 183
1884720 183
1884730 183
1884740 183
1884750 183
1884760 183
1884770 183
1884780 183
1884790 183
1884800 183
1884810 183
1884820 183
1884830 183
1884840 183
1884850 183
1884860 183
1884870 183
1884880 183
1884890 183
1884900 183
1884910 183
1884920 183
1884930 183
1884940 183
1884950 183
1884960 183
1884970 183
1884980 183
1884990 183
1885000 183
1885010 183
1885020 183
1885030 183
1885040 183
1885050 183
1885060 183
1885070 183
1885080 183
1885090 183
1885100 183
1885110 183
1885120 183
1885130 183
1885140 183
1885150 183
1885160 183
1885170 183
1885180 183
1885190 183
1885200 183
1885210 184
1885220 184
1885230 184
1885240 184
1885250 184
1885260 184
1885270 184
1885280 184
1885290 184
1885300 184
1885310 184
1885320 184
1885330 184
1885340 185
1885350 185
1885360 185
1885370 185
1885380 185
1885390 185
1885400 185
1885410 185
1885420 185
1885430 185
1885440 185
1885450 185
1885460 185
1885470 185
1885480 186
1885490 186
1885500 186
1885510 186
1885520 186
1885530 186
1885540 186
1885550 186
1885560 186
1885570 186
1885580 186
1885590 186
1885600 186
1885610 186
1885620 186
1885630 186
1885640 186
1885650 186
1885660 186
1885670 186
1885680 186
1885690 186
1885700 186
1885710 186
1885720 187
1885730 187
1885740 187
1885750 187
1885760 187
1885770 187
1885780 187
1885790 187
1885800 188
1885810 188
1885820 188
1885830 188
1885840 188
1885850 188
1885860 188
1885870 189
1885880 189
1885890 189
1885900 189
1885910 189
1885920 190
1885930 190
1885940 190
1885950 190
1885960 191
1885970 191
1885980 191
1885990 192
1886000 192
1886010 192
1886020 192
1886030 192
1886040 192
1886050 192
1886060 192
1886070 193
1886080 193
1886090 193
1886100 193
1886110 193
1886120 193
1886130 193
1886140 193
1886150 193
1886160 193
1886170 194
1886180 194
1886190 194
1886200 194
1886210 194
1886220 194
1886230 194
1886240 194
1886250 194
1886260 194
1886270 194
1886280 194
1886290 194
1886300 194
1886310 195
1886320 195
1886330 195
1886340 195
1886350 195
1886360 195
1886370 195
1886380 195
1886390 195
1886400 195
1886410 195
1886420 195
1886430 195
1886440 195
1886450 195
1886460 195
1886470 195
1886480 195
1886490 195
1886500 195
1886510 195
1886520 195
1886530 195
1886540 196
1886550 196
1886560 196
1886570 196
1886580 196
1886590 197
1886600 198
1886610 198
1886620 198
1886630 200
1886640 200
1886650 200
1886660 201
1886670 201
1886680 201
1886690 201
1886700 201
1886710 202
1886720 202
1886730 202
1886740 202
1886750 202
1886760 202
1886770 202
1886780 202
1886790 202
1886800 203
1886810 203
1886820 203
1886830 202
1886840 203
1886850 203
1886860 202
1886870 202
1886880 202
1886890 202
1886900 202
1886910 202
1886920 201
1886930 201
1886940 201
1886950 202
1886960 203
1886970 203
1886980 203
1886990 204
1887000 204
1887010 204
1887020 204
1887030 204
1887040 204
1887050 204
1887060 204
1887070 204
1887080 203
1887090 203
1887100 203
1887110 202
1887120 202
1887130 201
1887140 203
1887150 203
1887160 204
1887170 204
1887180 204
1887190 205
1887200 205
1887210 205
1887220 206
1887230 206
1887240 206
1887250 206
1887260 207
1887270 207
1887280 208
1887290 208
1887300 208
1887310 206
1887320 207
1887330 207
1887340 208
1887350 208
1887360 208
1887370 208
1887380 207
1887390 207
1887400 207
1887410 207
1887420 207
1887430 207
1887440 207
1887450 207
1887460 207
1887470 208
1887480 208
1887490 208
1887500 208
1887510 208
1887520 208
1887530 208
1887540 208
1887550 208
1887560 208
1887570 208
1887580 208
1887590 209
1887600 211
1887610 211
1887620 212
1887630 212
1887640 213
1887650 213
1887660 213
1887670 214
1887680 214
1887690 214
1887700 215
1887710 215
1887720 215
1887730 216
1887740 216
1887750 216
1887760 216
1887770 217
1887780 217
1887790 217
1887800 217
1887810 217
1887820 217
1887830 217
1887840 217
1887850 218
1887860 216
1887870 216
1887880 216
1887890 216
1887900 216
1887910 216
1887920 218
1887930 218
1887940 218
1887950 218
1887960 218
1887970 218
1887980 218
1887990 218
1888000 218
1888010 218
1888020 218
1888030 218
1888040 218
1888050 218
1888060 218
1888070 218
1888080 218
1888090 218
1888100 218
1888110 218
1888120 218
1888130 217
1888140 217
1888150 218
1888160 219
1888170 219
1888180 219
1888190 220
1888200 220
1888210 220
1888220 221
1888230 221
1888240 224
1888250 225
1888260 225
1888270 226
1888280 228
1888290 228
1888300 229
1888310 228
1888320 228
1888330 228
1888340 228
1888350 228
1888360 226
1888370 226
1888380 227
1888390 227
1888400 227
1888410 228
1888420 228
1888430 228
1888440 228
1888450 228
1888460 229
1888470 230
1888480 230
1888490 230
1888500 230
1888510 230
1888520 230
1888530 231
1888540 231
1888550 232
1888560 236
1888570 236
1888580 236
1888590 236
1888600 236
1888610 235
1888620 234
1888630 234
1888640 234
1888650 233
1888660 233
1888670 232
1888680 231
1888690 231
1888700 231
1888710 230
1888720 230
1888730 229
1888740 228
1888750 228
1888760 228
1888770 227
1888780 227
1888790 226
1888800 226
1888810 226
1888820 225
1888830 225
1888840 225
1888850 225
1888860 225
1888870 225
1888880 226
1888890 226
1888900 226
1888910 225
1888920 226
1888930 226
1888940 227
1888950 227
1888960 227
1888970 228
1888980 228
1888990 228
1889000 229
1889010 229
1889020 229
1889030 230
1889040 230
1889050 230
1889060 231
1889070 232
1889080 232
1889090 232
1889100 233
1889110 233
1889120 233
1889130 233
1889140 233
1889150 233
1889160 233
1889170 233
1889180 233
1889190 233
1889200 234
1889210 234
1889220 234
1889230 234
1889240 235
1889250 235
1889260 235
1889270 236
1889280 237
1889290 237
1889300 238
1889310 238
1889320 238
1889330 239
1889340 239
1889350 239
1889360 239
1889370 239
1889380 239
1889390 239
1889400 238
1889410 238
1889420 238
1889430 238
1889440 238
1889450 238
1889460 238
1889470 238
1889480 239
1889490 240
1889500 240
1889510 240
1889520 243
1889530 243
1889540 243
1889550 244
1889560 244
1889570 244
1889580 244
1889590 244
1889600 244
1889610 245
1889620 245
1889630 245
1889640 245
1889650 245
1889660 245
1889670 245
1889680 245
1889690 245
1889700 245
1889710 245
1889720 246
1889730 247
1889740 247
1889750 247
1889760 247
1889770 247
1889780 247
1889790 247
1889800 247
1889810 248
1889820 248
1889830 248
1889840 249
1889850 249
1889860 249
1889870 249
1889880 250
1889890 250
1889900 250
1889910 251
1889920 251
1889930 255
1889940 258
1889950 258
1889960 257
1889970 255
1889980 255
1889990 253
1890000 246
1890010 246
1890020 243
1890030 245
1890040 245
1890050 249
1890060 250
1890070 250
1890080 249
1890090 251
1890100 251
1890110 257
1890120 258
1890130 258
1890140 256
1890150 256
1890160 258
1890170 258
1890180 257
1890190 257
1890200 256
1890210 255
1890220 255
1890230 255
1890240 254
1890250 254
1890260 252
1890270 251
1890280 251
1890290 250
1890300 249
1890310 249
1890320 249
1890330 246
1890340 246
1890350 243
1890360 240
1890370 240
1890380 238
1890390 235
1890400 235
1890410 232
1890420 229
1890430 229
1890440 227
1890450 225
1890460 225
1890470 222
1890480 221
1890490 221
1890500 219
1890510 218
1890520 216
1890530 216
1890540 214
1890550 213
1890560 213
1890570 211
1890580 210
1890590 210
1890600 208
1890610 207
1890620 207
1890630 205
1890640 204
1890650 204
1890660 203
1890670 202
1890680 202
1890690 202
1890700 201
1890710 201
1890720 200
1890730 200
1890740 200
1890750 199
1890760 198
1890770 198
1890780 197
1890790 196
1890800 196
1890810 195
1890820 194
1890830 194
1890840 194
1890850 193
1890860 193
1890870 192
1890880 191
1890890 191
1890900 191
1890910 190
1890920 190
1890930 189
1890940 189
1890950 189
1890960 188
1890970 188
1890980 188
1890990 188
1891000 187
1891010 187
1891020 186
1891030 186
1891040 186
1891050 186
1891060 185
1891070 185
1891080 185
1891090 184
1891100 184
1891110 184
1891120 183
1891130 183
1891140 183
1891150 182
1891160 182
1891170 182
1891180 182
1891190 182
1891200 181
1891210 181
1891220 181
1891230 181
1891240 181
1891250 181
1891260 181
1891270 180
1891280 180
1891290 180
1891300 179
1891310 179
1891320 179
1891330 179
1891340 179
1891350 179
1891360 178
1891370 178
1891380 179
1891390 179
1891400 179
1891410 178
1891420 178
1891430 178
1891440 178
1891450 178
1891460 178
1891470 177
1891480 177
1891490 177
1891500 177
1891510 176
1891520 176
1891530 176
1891540 175
1891550 175
1891560 175
1891570 175
1891580 175
1891590 174
1891600 174
1891610 174
1891620 174
1891630 174
1891640 174
1891650 174
1891660 173
1891670 173
1891680 173
1891690 173
1891700 173
1891710 173
1891720 173
1891730 173
1891740 173
1891750 173
1891760 173
1891770 173
1891780 173
1891790 173
1891800 173
1891810 173
1891820 173
1892190 172
1892200 172
1892210 172
1892220 172
1892230 172
1892240 172
1892250 171
1892260 171
1892270 171
1892280 171
1892290 171
1892300 171
1892310 171
1892320 171
1892330 171
1892340 171
1892350 171
1892360 171
1892370 171
1892380 171
1892390 171
1892400 171
1892410 171
1892420 171
1892430 170
1892440 170
1892450 170
1892460 170
1892470 170
1892480 170
1892490 170
1892500 170
1892510 170
1892520 169
1892530 169
1892540 169
1892550 169
1892560 169
1892570 169
1892580 169
1892590 169
1892600 169
1892610 169
1892620 169
1892630 169
1892640 169
1892650 169
1892660 169
1892670 169
1892680 169
1892690 169
1892700 169
1892710 169
1892720 169
1892730 169
1892740 169
1892750 169
1892760 169
1892770 169
1892780 168
1892790 168
1892800 168
1892810 168
1892820 168
1892830 168
1892840 168
1892850 168
1892860 167
1892870 167
1892880 167
1892890 167
1892900 167
1892910 167
1892920 167
1892930 167
1892940 167
1892950 167
1892960 166
1892970 166
1892980 166
1892990 166
1893000 166
1893010 167
1893020 166
1893030 166
1893040 167
1893050 167
1893060 167
1893070 166
1893080 165
1893090 165
1893100 165
1893110 165
1893120 165
1893130 165
1893140 165
1893150 165
1893160 165
1893170 165
1893180 165
1893190 165
1893200 165
1893210 165
1893220 165
1893230 165
1893240 165
1893250 165
1893260 165
1893270 165
1893280 166
1893290 166
1893300 166
1893310 167
1893320 169
1893330 168
1893340 170
1893350 171
1893360 171
1893370 172
1893380 173
1893390 173
1893400 174
1893410 174
1893420 174
1893430 175
1893440 175
1893450 175
1893460 175
1893470 176
1893480 176
1893490 176
1893500 176
1893510 176
1893520 176
1893530 176
1893540 176
1893550 175
1893560 175
1893570 175
1893580 175
1893590 174
1893600 174
1893610 174
1893620 173
1893630 173
1893640 173
1893650 172
1893660 172
1893670 171
1893680 171
1893690 171
1893700 171
1893710 171
1893720 171
1893730 170
1893740 170
1893750 170
1893760 169
1893770 169
1893780 169
1893790 169
1893800 169
1893810 169
1893820 169
1893830 169
1893840 169
1893850 169
1893860 169
1893870 169
1893880 169
1893890 169
1893900 169
1893910 169
1893920 169
1893930 169
1893940 169
1893950 169
1893960 169
1893970 169
1893980 169
1893990 169
1894000 169
1894010 168
1894020 168
1894030 168
1894040 168
1894050 168
1894060 168
1894070 168
1894080 168
1894090 167
1894100 167
1894110 167
1894120 167
1894130 167
1894140 167
1894150 167
1894160 166
1894170 166
1894180 166
1894190 166
1894200 166
1894210 165
1894220 165
1894230 165
1894240 165
1894250 164
1894260 164
1894270 164
1894280 164
1894290 164
1894300 164
1894310 164
1894320 164
1894330 164
1894340 163
1894350 163
1894360 163
1894370 163
1894380 163
1894390 163
1894400 162
1894410 162
1894420 162
1894430 162
1894440 162
1894450 161
1894460 161
1894470 161
1894480 161
1894490 160
1894500 160
1894510 160
1894520 160
1894530 160
1894540 160
1894550 160
1894560 160
1894570 160
1894580 160
1894590 160
1894600 160
1894610 160
1894620 160
1894630 159
1894640 159
1894650 159
1894660 159
1894670 159
1894680 159
1894690 159
1894700 160
1894710 160
1894720 160
1894730 160
1894740 160
1894750 161
1894760 161
1894770 161
1894780 161
1894790 161
1894800 161
1894810 161
1894820 161
1894830 160
1894840 160
1894850 160
1894860 159
1894870 159
1894880 159
1894890 159
1894900 159
1894910 159
1894920 159
1894930 159
1894940 159
1894950 158
1894960 158
1894970 158
1894980 157
1894990 157
1895000 157
1895010 157
1895020 157
1895030 156
1895040 156
1895050 156
1895060 156
1895070 156
1895080 156
1895090 156
1895100 155
1895110 155
1895120 155
1895130 155
1895140 155
1895150 155
1895160 155
1895170 155
1895180 155
1895190 155
1895200 155
1895210 156
1895220 156
1895230 156
1895240 156
1895250 156
1895260 156
1895270 156
1895280 156
1895290 156
1895300 155
1895310 155
1895320 155
1895330 155
1895340 155
1895350 155
1895360 155
1895370 155
1895380 155
1895390 155
1895400 154
1895410 154
1895420 154
1895430 154
1895440 154
1895450 154
1895460 154
1895470 154
1895480 154
1895490 154
1895500 154
1895510 154
1895520 154
1895530 154
1895540 154
1895550 153
1895560 153
1895570 153
1895580 153
1895590 153
1895600 152
1895610 151
1895620 151
1895630 151
1895640 151
1895650 151
1895660 150
1895670 150
1895680 150
1895690 150
1895700 150
1895710 150
1895720 150
1895730 150
1895740 150
1895750 151
1895760 151
1895770 151
1895780 151
1895790 151
1895800 151
1895810 150
1895820 150
1895830 150
1895840 150
1895850 149
1895860 149
1895870 149
1895880 148
1895890 148
1895900 148
1895910 147
1895920 147
1895930 146
1895940 146
1895950 146
1895960 146
1895970 145
1895980 145
1895990 145
1896000 145
1896010 145
1896020 144
1896030 144
1896040 144
1896050 144
1896060 144
1896070 144
1896080 144
1896090 144
1896100 144
1896110 144
1896120 144
1896130 144
1896140 143
1896150 143
1896160 143
1896170 143
1896180 143
1896190 143
1896200 143
1896210 143
1896220 143
1896230 143
1896240 142
1896250 142
1896260 142
1896270 142
1896280 142
1896290 142
1896300 142
1896310 142
1896320 142
1896330 141
1896340 141
1896350 141
1896360 141
1896370 141
1896380 141
1896390 141
1896400 141
1896410 140
1896420 140
1896430 140
1896440 140
1896450 140
1896460 140
1896470 140
1896480 140
1896490 140
1896500 139
1896510 139
1896520 139
1896530 139
1896540 139
1896550 139
1896560 139
1896570 139
1896580 139
1896590 139
1896600 139
1896610 139
1896620 139
1896630 139
1896640 139
1896650 138
1896660 138
1896670 138
1896680 138
1896690 138
1896700 138
1896710 138
1896720 138
1896730 138
1896740 138
1896750 138
1896760 138
1896770 138
1896780 138
1896790 138
1896800 138
1896810 138
1896820 138
1896830 138
1896840 138
1896850 138
1896860 138
1896870 138
1896880 138
1896890 138
1896900 138
1896910 138
1896920 138
1896930 138
1896940 138
1896950 138
1896960 138
1896970 138
1896980 137
1896990 137
1897000 138
1897010 138
1897020 138
1897030 137
1897040 137
1897050 137
1897060 138
1897070 138
1897080 137
1897090 137
1897100 137
1897110 137
1897120 137
1897130 137
1897140 137
1897150 137
1897160 137
1897170 137
1897180 137
1897190 137
1897200 137
1897210 137
1897220 137
1897230 137
1897240 137
1897250 137
1897260 137
1897270 137
1897280 137
1897290 137
1897300 137
1897310 137
1897320 137
1897330 137
1897340 137
1897350 135
1897360 133
1897370 133
1897380 132
1897390 132
1897400 132
1897410 132
1897420 132
1897430 132
1897440 132
1897450 132
1897460 132
1897470 132
1897480 132
1897490 132
1897500 132
1897510 132
1897520 132
1897530 132
1897540 132
1897550 132
1897560 132
1897570 132
1897580 132
1897590 132
1897600 132
1897610 132
1897620 132
1897630 132
1897640 132
1897650 132
1897660 132
1897670 132
1897680 132
1897690 132
1897700 132
1897710 132
1897720 132
1897730 132
1897740 132
1897750 132
1897760 132
1897770 132
1897780 132
1897790 132
1897800 133
1897810 135
1897820 135
1897830 137
1897840 137
1897850 137
1897860 137
1897870 137
1897880 137
1897890 137
1897900 137
1897910 137
1897920 137
1897930 137
1897940 137
1897950 137
1897960 137
1897970 137
1897980 137
1897990 137
1898000 137
1898010 137
1898020 137
1898030 137
1898040 137
1898050 137
1898060 137
1898070 137
1898080 137
1898090 137
1898100 137
1898110 137
1898120 137
1898130 137
1898140 137
1898150 137
1898160 137
1898170 137
1898180 137
1898190 137
1898200 137
1898210 137
1898220 137
1898230 137
1898240 137
1898250 137
1898260 137
1898270 137
1898280 137
1898290 137
1898300 137
1898310 137
1898320 137
1898330 137
1898340 137
1898350 137
1898360 137
1898370 137
1898380 137
1898390 137
1898400 137
1898410 137
1898420 137
1898430 137
1898440 137
1898450 137
1898460 137
1898470 137
1898480 137
1898490 137
1898500 137
1898510 137
1898520 137
1898530 137
1898540 137
1898550 137
1898560 137
1898570 137
1898580 138
1898590 138
1898600 138
1898610 138
1898620 138
1898630 138
1898640 138
1898650 138
1898660 138
1898670 138
1898680 138
1898690 138
1898700 138
1898710 138
1898720 138
1898730 138
1898740 139
1898750 139
1898760 139
1898770 139
1898780 139
1898790 139
1898800 139
1898810 139
1898820 139
1898830 139
1898840 139
1898850 139
1898860 139
1898870 139
1898880 139
1898890 139
1898900 139
1898910 139
1898920 139
1898930 139
1898940 139
1898950 139
1898960 139
1898970 139
1898980 139
1898990 139
1899000 139
1899010 139
1899020 139
1899030 139
1899040 139
1899050 139
1899060 138
1899070 139
1899080 139
1899090 139
1899100 138
1899110 138
1899120 138
1899130 138
1899140 138
1899150 138
1899160 138
1899170 138
1899180 138
1899190 138
1899200 138
1899210 138
1899220 138
1899230 137
1899240 137
1899250 137
1899260 137
1899270 137
1899280 136
1899290 136
1899300 136
1899310 135
1899320 135
1899330 135
1899340 135
1899350 135
1899360 135
1899370 135
1899380 135
1899390 135
1899400 134
1899410 135
1899420 135
1899430 135
1899440 135
1899450 135
1899460 135
1899470 135
1899480 135
1899490 135
1899500 135
1899510 135
1899520 136
1899530 136
1899540 136
1899550 136
1899560 136
1899570 136
1899580 136
1899590 135
1899600 135
1899610 135
1899620 135
1899630 135
1899640 135
1899650 135
1899660 135
1899670 135
1899680 135
1899690 135
1899700 135
1899710 135
1899720 135
1899730 135
1899740 135
1899750 135
1899760 135
1899770 136
1899780 136
1899790 136
1899800 136
1899810 136
1899820 137
1899830 136
1899840 136
1899850 136
1899860 136
1899870 136
1899880 135
1899890 135
1899900 135
1899910 135
1899920 134
1899930 134
1899940 134
1899950 135
1899960 135
1899970 135
1899980 135
1899990 135
