1880000 183
1880010 183
1880020 183
1880030 184
1880040 184
1880050 184
1880060 185
1880070 185
1880080 185
1880090 185
1880100 185
1880110 185
1880120 186
1880130 186
1880140 186
1880150 186
1880160 186
1880170 186
1880180 186
1880190 186
1880200 186
1880210 186
1880220 186
1880230 186
1880240 186
1880250 186
1880260 186
1880270 186
1880280 186
1880290 186
1880300 186
1880310 186
1880320 186
1880330 186
1880340 186
1880350 186
1880360 187
1880370 187
1880380 187
1880390 187
1880400 186
1880410 186
1880420 186
1880430 186
1880440 186
1880450 186
1880460 185
1880470 185
1880480 185
1880490 185
1880500 185
1880510 185
1880520 185
1880530 185
1880540 186
1880550 185
1880560 185
1880570 186
1880580 186
1880590 186
1880600 186
1880610 186
1880620 186
1880630 186
1880640 187
1880650 187
1880660 187
1880670 187
1880680 187
1880690 187
1880700 187
1880710 187
1880720 187
1880730 187
1880740 187
1880750 187
1880760 187
1880770 187
1880780 187
1880790 187
1880800 187
1880810 187
1880820 187
1880830 187
1880840 187
1880850 187
1880860 187
1880870 187
1880880 187
1880890 187
1880900 187
1880910 187
1880920 187
1880930 187
1880940 187
1880950 187
1880960 187
1880970 187
1880980 187
1880990 187
1881000 187
1881010 187
1881020 187
1881030 187
1881040 187
1881050 187
1881060 187
1881070 187
1881080 187
1881090 187
1881100 187
1881110 187
1881120 187
1881130 187
1881140 187
1881150 187
1881160 187
1881170 187
1881180 187
1881190 187
1881200 187
1881210 187
1881220 187
1881230 187
1881240 187
1881250 187
1881260 187
1881270 187
1881280 187
1881290 187
1881300 187
1881310 187
1881320 187
1881330 186
1881340 187
1881350 187
1881360 187
1881370 187
1881380 186
1881390 186
1881400 186
1881410 186
1881420 187
1881430 187
1881440 187
1881450 187
1881460 187
1881470 187
1881480 187
1881490 187
1881500 187
1881510 187
1881520 187
1881530 187
1881540 187
1881550 187
1881560 187
1881570 187
1881580 187
1881590 187
1881600 187
1881610 187
1881620 187
1881630 187
1881640 187
1881650 187
1881660 187
1881670 187
1881680 187
1881690 187
1881700 187
1881710 187
1881720 187
1881730 187
1881740 187
1881750 187
1881760 187
1881770 187
1881780 187
1881790 187
1881800 187
1881810 187
1881820 187
1881830 187
1881840 187
1881850 187
1881860 187
1881870 187
1881880 187
1881890 187
1881900 187
1881910 187
1881920 187
1881930 187
1881940 187
1881950 187
1881960 187
1881970 187
1881980 187
1881990 187
1882000 187
1882010 187
1882020 187
1882030 187
1882040 187
1882050 187
1882060 187
1882070 187
1882080 187
1882090 187
1882100 187
1882110 187
1882120 187
1882130 187
1882140 187
1882150 187
1882160 187
1882170 187
1882180 187
1882190 187
1882200 187
1882210 187
1882220 187
1882230 187
1882240 187
1882250 187
1882260 187
1882270 187
1882280 187
1882290 187
1882300 187
1882310 187
1882320 187
1882330 187
1882340 187
1882350 187
1882360 187
1882370 187
1882380 187
1882390 187
1882400 187
1882410 187
1882420 186
1882430 186
1882440 186
1882450 186
1882460 186
1882470 186
1882480 186
1882490 186
1882500 186
1882510 186
1882520 186
1882530 186
1882540 186
1882550 186
1882560 186
1882570 186
1882580 186
1882590 186
1882600 186
1882610 186
1882620 186
1882630 186
1882640 186
1882650 186
1882660 186
1882670 186
1882680 186
1882690 186
1882700 186
1882710 186
1882720 186
1882730 186
1882740 186
1882750 186
1882760 186
1882770 186
1882780 186
1882790 186
1882800 186
1882810 186
1882820 186
1882830 186
1882840 186
1882850 186
1882860 186
1882870 186
1882880 186
1882890 186
1882900 186
1882910 186
1882920 186
1882930 186
1882940 186
1882950 186
1882960 186
1882970 186
1882980 186
1882990 186
1883000 186
1883010 186
1883020 186
1883030 186
1883040 186
1883050 186
1883060 186
1883070 186
1883080 186
1883090 186
1883100 186
1883110 186
1883120 186
1883130 186
1883140 185
1883150 185
1883160 185
1883170 185
1883180 185
1883190 186
1883200 185
1883210 185
1883220 185
1883230 185
1883240 185
1883250 185
1883260 185
1883270 185
1883280 185
1883290 185
1883300 185
1883310 185
1883320 185
1883330 185
1883340 185
1883350 185
1883360 185
1883370 185
1883380 185
1883390 185
1883400 185
1883410 185
1883420 185
1883430 185
1883440 185
1883450 185
1883460 185
1883470 185
1883480 185
1883490 185
1883500 185
1883510 185
1883520 185
1883530 185
1883540 185
1883550 185
1883560 185
1883570 185
1883580 185
1883590 185
1883600 185
1883610 185
1883620 185
1883630 185
1883640 185
1883650 185
1883660 185
1883670 185
1883680 185
1883690 185
1883700 185
1883710 185
1883720 185
1883730 185
1883740 184
1883750 184
1883760 184
1883770 184
1883780 184
1883790 184
1883800 184
1883810 184
1883820 184
1883830 184
1883840 184
1883850 184
1883860 184
1883870 184
1883880 184
1883890 184
1883900 184
1883910 184
1883920 184
1883930 184
1883940 184
1883950 184
1883960 184
1883970 184
1883980 184
1883990 184
1884000 184
1884010 184
1884020 184
1884030 184
1884040 184
1884050 184
1884060 184
1884070 183
1884080 183
1884090 183
1884100 183
1884110 183
1884120 183
1884130 183
1884140 183
1884150 183
1884160 183
1884170 183
1884180 183
1884190 183
1884200 183
1884210 183
1884220 183
1884230 183
1884240 183
1884250 183
1884260 183
1884270 183
1884280 183
1884290 183
1884300 183
1884310 183
1884320 183
1884330 183
1884340 183
1884350 183
1884360 183
1884370 183
1884380 183
1884390 183
1884400 183
1884410 183
1884420 183
1884430 183
1884440 183
1884450 183
1884460 183
1884470 183
1884480 183
1884490 183
1884500 183
1884510 183
1884520 183
1884530 183
1884540 183
1884550 183
1884560 183
1884570 183
1884580 183
1884590 183
1884600 183
1884610 183
1884620 183
1884630 183
1884640 183
1884650 183
1884660 183
1884670 183
1884680 183
1884690 183
1884700 183
1884710 183
1884720 183
1884730 183
1884740 183
1884750 183
1884760 183
1884770 183
1884780 183
1884790 183
1884800 183
1884810 183
1884820 182
1884830 182
1884840 182
1884850 182
1884860 182
1884870 182
1884880 182
1884890 182
1884900 182
1884910 182
1884920 182
1884930 182
1884940 182
1884950 182
1884960 182
1884970 182
1884980 182
1884990 182
1885000 182
1885010 182
1885020 182
1885030 182
1885040 182
1885050 182
1885060 182
1885070 182
1885080 182
1885090 182
1885100 182
1885110 182
1885120 182
1885130 182
1885140 182
1885150 182
1885160 182
1885170 182
1885180 182
1885190 182
1885200 182
1885210 182
1885220 182
1885230 182
1885240 182
1885250 182
1885260 182
1885270 182
1885280 182
1885290 182
1885300 182
1885310 182
1885320 182
1885330 182
1885340 182
1885350 182
1885360 182
1885370 182
1885380 182
1885390 182
1885400 182
1885410 182
1885420 182
1885430 182
1885440 182
1885450 182
1885460 182
1885470 182
1885480 182
1885490 182
1885500 182
1885510 182
1885520 182
1885530 182
1885540 182
1885550 182
1885560 182
1885570 182
1885580 183
1885590 183
1885600 183
1885610 183
1885620 183
1885630 182
1885640 183
1885650 183
1885660 183
1885670 183
1885680 183
1885690 183
1885700 183
1885710 183
1885720 183
1885730 183
1885740 183
1885750 183
1885760 183
1885770 183
1885780 183
1885790 183
1885800 183
1885810 183
1885820 183
1885830 183
1885840 183
1885850 183
1885860 183
1885870 183
1885880 183
1885890 183
1885900 183
1885910 183
1885920 183
1885930 184
1885940 184
1885950 184
1885960 184
1885970 184
1885980 184
1885990 184
1886000 184
1886010 184
1886020 184
1886030 184
1886040 184
1886050 184
1886060 184
1886070 184
1886080 184
1886090 184
1886100 184
1886110 184
1886120 184
1886130 184
1886140 184
1886150 184
1886160 184
1886170 184
1886180 184
1886190 184
1886200 184
1886210 184
1886220 184
1886230 184
1886240 184
1886250 184
1886260 184
1886270 184
1886280 184
1886290 184
1886300 184
1886310 184
1886320 184
1886330 184
1886340 184
1886350 184
1886360 184
1886370 184
1886380 184
1886390 184
1886400 184
1886410 184
1886420 184
1886430 184
1886440 184
1886450 184
1886460 184
1886470 184
1886480 184
1886490 184
1886500 184
1886510 184
1886520 184
1886530 184
1886540 184
1886550 184
1886560 184
1886570 184
1886580 184
1886590 184
1886600 184
1886610 184
1886620 184
1886630 184
1886640 184
1886650 184
1886660 184
1886670 184
1886680 184
1886690 183
1886700 183
1886710 183
1886720 183
1886730 183
1886740 183
1886750 183
1886760 183
1886770 183
1886780 183
1886790 183
1886800 183
1886810 183
1886820 183
1886830 183
1886840 183
1886850 183
1886860 183
1886870 183
1886880 183
1886890 183
1886900 183
1886910 183
1886920 183
1886930 183
1886940 183
1886950 183
1886960 183
1886970 183
1886980 183
1886990 183
1887000 184
1887010 184
1887020 184
1887030 184
1887040 184
1887050 184
1887060 183
1887070 183
1887080 183
1887090 183
1887100 183
1887110 183
1887120 183
1887130 183
1887140 183
1887150 183
1887160 184
1887170 184
1887180 184
1887190 184
1887200 184
1887210 184
1887220 184
1887230 184
1887240 185
1887250 185
1887260 185
1887270 186
1887280 186
1887290 186
1887300 186
1887310 186
1887320 186
1887330 186
1887340 186
1887350 187
1887360 187
1887370 187
1887380 187
1887390 187
1887400 187
1887410 187
1887420 187
1887430 187
1887440 187
1887450 187
1887460 187
1887470 187
1887480 189
1887490 189
1887500 189
1887510 189
1887520 189
1887530 189
1887540 188
1887550 188
1887560 188
1887570 188
1887580 188
1887590 188
1887600 188
1887610 188
1887620 188
1887630 189
1887640 189
1887650 189
1887660 189
1887670 189
1887680 189
1887690 189
1887700 189
1887710 189
1887720 188
1887730 188
1887740 188
1887750 187
1887760 187
1887770 187
1887780 187
1887790 187
1887800 187
1887810 188
1887820 188
1887830 188
1887840 188
1887850 188
1887860 188
1887870 188
1887880 188
1887890 188
1887900 189
1887910 189
1887920 189
1887930 189
1887940 189
1887950 190
1887960 190
1887970 190
1887980 190
1887990 190
1888000 190
1888010 190
1888020 190
1888030 190
1888040 188
1888050 189
1888060 189
1888070 189
1888080 189
1888090 189
1888100 189
1888110 189
1888120 189
1888130 190
1888140 190
1888150 190
1888160 191
1888170 191
1888180 191
1888190 191
1888200 192
1888210 192
1888220 192
1888230 192
1888240 192
1888250 192
1888260 192
1888270 192
1888280 193
1888290 193
1888300 193
1888310 193
1888320 193
1888330 193
1888340 193
1888350 192
1888360 192
1888370 192
1888380 192
1888390 192
1888400 192
1888410 192
1888420 192
1888430 192
1888440 192
1888450 192
1888460 192
1888470 192
1888480 191
1888490 191
1888500 191
1888510 191
1888520 191
1888530 191
1888540 191
1888550 191
1888560 191
1888570 191
1888580 191
1888590 191
1888600 192
1888610 192
1888620 192
1888630 192
1888640 192
1888650 192
1888660 193
1888670 193
1888680 193
1888690 193
1888700 193
1888710 193
1888720 193
1888730 193
1888740 191
1888750 191
1888760 191
1888770 193
1888780 193
1888790 193
1888800 192
1888810 192
1888820 192
1888830 192
1888840 193
1888850 193
1888860 193
1888870 194
1888880 194
1888890 194
1888900 195
1888910 195
1888920 195
1888930 195
1888940 195
1888950 196
1888960 196
1888970 196
1888980 197
1888990 197
1889000 197
1889010 197
1889020 196
1889030 196
1889040 196
1889050 196
1889060 196
1889070 196
1889080 196
1889090 196
1889100 196
1889110 196
1889120 196
1889130 196
1889140 196
1889150 196
1889160 196
1889170 196
1889180 196
1889190 196
1889200 197
1889210 197
1889220 197
1889230 198
1889240 198
1889250 198
1889260 199
1889270 199
1889280 199
1889290 200
1889300 200
1889310 200
1889320 201
1889330 201
1889340 201
1889350 201
1889360 201
1889370 201
1889380 201
1889390 201
1889400 201
1889410 201
1889420 201
1889430 201
1889440 200
1889450 200
1889460 200
1889470 200
1889480 200
1889490 200
1889500 200
1889510 200
1889520 201
1889530 201
1889540 201
1889550 201
1889560 201
1889570 201
1889580 202
1889590 202
1889600 202
1889610 202
1889620 201
1889630 201
1889640 201
1889650 201
1889660 201
1889670 202
1889680 202
1889690 202
1889700 203
1889710 203
1889720 204
1889730 205
1889740 205
1889750 205
1889760 206
1889770 206
1889780 206
1889790 206
1889800 207
1889810 207
1889820 207
1889830 207
1889840 207
1889850 207
1889860 208
1889870 208
1889880 208
1889890 208
1889900 208
1889910 207
1889920 207
1889930 207
1889940 207
1889950 207
1889960 207
1889970 206
1889980 206
1889990 206
1890000 206
1890010 206
1890020 206
1890030 205
1890040 206
1890050 206
1890060 206
1890070 206
1890080 206
1890090 207
1890100 207
1890110 207
1890120 207
1890130 208
1890140 208
1890150 209
1890160 209
1890170 209
1890180 210
1890190 210
1890200 210
1890210 210
1890220 211
1890230 211
1890240 211
1890250 212
1890260 212
1890270 212
1890280 213
1890290 213
1890300 213
1890310 213
1890320 213
1890330 213
1890340 213
1890350 213
1890360 215
1890370 215
1890380 215
1890390 215
1890400 216
1890410 216
1890420 217
1890430 217
1890440 218
1890450 218
1890460 218
1890470 218
1890480 218
1890490 218
1890500 217
1890510 217
1890520 218
1890530 218
1890540 218
1890550 218
1890560 217
1890570 217
1890580 217
1890590 216
1890600 216
1890610 216
1890620 216
1890630 216
1890640 215
1890650 213
1890660 213
1890670 212
1890680 212
1890690 212
1890700 210
1890710 210
1890720 210
1890730 209
1890740 208
1890750 208
1890760 206
1890770 205
1890780 205
1890790 204
1890800 203
1890810 203
1890820 203
1890830 202
1890840 202
1890850 201
1890860 200
1890870 200
1890880 200
1890890 199
1890900 199
1890910 198
1890920 198
1890930 198
1890940 197
1890950 197
1890960 197
1890970 196
1890980 196
1890990 196
1891000 195
1891010 195
1891020 195
1891030 194
1891040 194
1891050 194
1891060 193
1891070 193
1891080 193
1891090 192
1891100 191
1891110 191
1891120 191
1891130 190
1891140 190
1891150 189
1891160 189
1891170 189
1891180 188
1891190 187
1891200 187
1891210 187
1891220 186
1891230 186
1891240 186
1891250 185
1891260 185
1891270 184
1891280 184
1891290 184
1891300 183
1891310 183
1891320 182
1891330 182
1891340 181
1891350 181
1891360 181
1891370 181
1891380 181
1891390 180
1891400 180
1891410 180
1891420 179
1891430 179
1891440 179
1891450 179
1891460 178
1891470 178
1891480 178
1891490 178
1891500 178
1891510 178
1891520 178
1891530 178
1891540 178
1891550 178
1891560 178
1891570 178
1891580 178
1891590 178
1891600 178
1891610 178
1891620 178
1891630 178
1891640 177
1891650 177
1891660 177
1891670 177
1891680 177
1891690 177
1891700 177
1891710 177
1891720 177
1891730 177
1891740 177
1891750 177
1891760 176
1891770 176
1891780 176
1891790 175
1891800 175
1891810 175
1891820 174
1891830 174
1891840 174
1891850 173
1891860 173
1891870 173
1891880 173
1891890 173
1891900 173
1891910 172
1891920 172
1891930 172
1891940 172
1891950 171
1891960 171
1891970 171
1891980 171
1891990 171
1892000 171
1892010 171
1892020 171
1892030 171
1892040 171
1892050 170
1892060 170
1892070 170
1892080 170
1892090 170
1892100 170
1892110 170
1892120 170
1892130 170
1892140 169
1892150 169
1892160 169
1892170 169
1892180 169
1892190 169
1892200 168
1892210 168
1892220 168
1892230 168
1892240 168
1892250 168
1892260 167
1892270 167
1892280 167
1892290 167
1892300 167
1892310 167
1892320 167
1892330 166
1892340 166
1892350 166
1892360 166
1892370 166
1892380 166
1892390 166
1892400 166
1892410 166
1892420 166
1892430 166
1892440 166
1892450 166
1892460 166
1892470 166
1892480 166
1892490 166
1892500 166
1892510 166
1892520 166
1892530 166
1892540 166
1892550 167
1892560 167
1892570 167
1892580 167
1892590 168
1892600 168
1892610 168
1892620 168
1892630 168
1892640 168
1892650 168
1892660 167
1892670 167
1892680 167
1892690 167
1892700 166
1892710 166
1892720 166
1892730 166
1892740 166
1892750 165
1892760 165
1892770 165
1892780 165
1892790 165
1892800 165
1892810 164
1892820 164
1892830 164
1892840 163
1892850 162
1892860 162
1892870 162
1892880 162
1892890 162
1892900 164
1892910 164
1892920 164
1892930 164
1892940 163
1892950 163
1892960 163
1892970 162
1892980 162
1892990 162
1893000 162
1893010 162
1893020 162
1893030 161
1893040 161
1893050 161
1893060 160
1893070 160
1893080 160
1893090 160
1893100 160
1893110 159
1893120 159
1893130 159
1893140 159
1893150 159
1893160 159
1893170 159
1893180 158
1893190 158
1893200 158
1893210 158
1893220 159
1893230 159
1893240 159
1893250 159
1893260 159
1893270 159
1893280 159
1893290 158
1893300 158
1893310 158
1893320 158
1893330 158
1893340 158
1893350 158
1893360 158
1893370 158
1893380 159
1893390 159
1893400 159
1893410 159
1893420 159
1893430 159
1893440 159
1893450 159
1893460 159
1893470 160
1893480 160
1893490 160
1893500 160
1893510 160
1893520 160
1893530 161
1893540 162
1893550 162
1893560 163
1893570 164
1893580 164
1893590 165
1893600 165
1893610 165
1893620 165
1893630 166
1893640 166
1893650 166
1893660 166
1893670 166
1893680 166
1893690 167
1893700 167
1893710 167
1893720 167
1893730 167
1893740 167
1893750 167
1893760 167
1893770 167
1893780 166
1893790 166
1893800 166
1893810 166
1893820 166
1893830 165
1893840 165
1893850 165
1893860 165
1893870 164
1893880 164
1893890 164
1893900 164
1893910 164
1893920 163
1893930 163
1893940 163
1893950 163
1893960 163
1893970 163
1893980 163
1893990 162
1894000 162
1894010 162
1894020 162
1894030 162
1894040 162
1894050 161
1894060 161
1894070 161
1894080 161
1894090 161
1894100 161
1894110 160
1894120 160
1894130 160
1894140 160
1894150 160
1894160 160
1894170 159
1894180 159
1894190 159
1894200 159
1894210 159
1894220 159
1894230 159
1894240 159
1894250 159
1894260 159
1894270 159
1894280 159
1894290 159
1894300 159
1894310 159
1894320 159
1894330 159
1894340 158
1894350 158
1894360 158
1894370 158
1894380 158
1894390 158
1894400 158
1894410 158
1894420 158
1894430 157
1894440 157
1894450 157
1894460 157
1894470 157
1894480 157
1894490 157
1894500 156
1894510 156
1894520 156
1894530 156
1894540 156
1894550 156
1894560 156
1894570 156
1894580 156
1894590 155
1894600 155
1894610 155
1894620 155
1894630 155
1894640 155
1894650 154
1894660 154
1894670 154
1894680 154
1894690 154
1894700 154
1894710 154
1894720 154
1894730 154
1894740 153
1894750 153
1894760 153
1894770 153
1894780 153
1894790 153
1894800 153
1894810 153
1894820 153
1894830 153
1894840 153
1894850 153
1894860 153
1894870 153
1894880 153
1894890 152
1894900 152
1894910 152
1894920 152
1894930 152
1894940 152
1894950 152
1894960 152
1894970 152
1894980 152
1894990 152
1895000 152
1895010 152
1895020 152
1895030 152
1895040 152
1895050 152
1895060 152
1895070 152
1895080 152
1895090 152
1895100 152
1895110 152
1895120 152
1895130 152
1895140 152
1895150 152
1895160 152
1895170 152
1895180 152
1895190 152
1895200 151
1895210 151
1895220 151
1895230 151
1895240 151
1895250 151
1895260 151
1895270 151
1895280 150
1895290 150
1895300 150
1895310 150
1895320 150
1895330 150
1895340 150
1895350 150
1895360 150
1895370 149
1895380 149
1895390 149
1895400 149
1895410 149
1895420 149
1895430 149
1895440 149
1895450 149
1895460 149
1895470 149
1895480 149
1895490 149
1895500 149
1895510 149
1895520 149
1895530 148
1895540 148
1895550 148
1895560 148
1895570 148
1895580 148
1895590 148
1895600 148
1895610 148
1895620 148
1895630 148
1895640 148
1895650 148
1895660 148
1895670 147
1895680 147
1895690 147
1895700 147
1895710 147
1895720 147
1895730 146
1895740 146
1895750 146
1895760 146
1895770 146
1895780 146
1895790 145
1895800 145
1895810 145
1895820 145
1895830 145
1895840 145
1895850 145
1895860 144
1895870 144
1895880 145
1895890 144
1895900 144
1895910 144
1895920 144
1895930 144
1895940 144
1895950 144
1895960 144
1895970 143
1895980 143
1895990 143
1896000 143
1896010 143
1896020 143
1896030 143
1896040 143
1896050 143
1896060 144
1896070 144
1896080 144
1896090 144
1896100 144
1896110 144
1896120 144
1896130 143
1896140 143
1896150 143
1896160 142
1896170 142
1896180 142
1896190 142
1896200 142
1896210 141
1896220 141
1896230 141
1896240 141
1896250 140
1896260 140
1896270 140
1896280 140
1896290 140
1896300 140
1896310 139
1896320 139
1896330 139
1896340 139
1896350 139
1896360 139
1896370 139
1896380 139
1896390 139
1896400 139
1896410 139
1896420 139
1896430 138
1896440 138
1896450 138
1896460 138
1896470 138
1896480 138
1896490 138
1896500 138
1896510 138
1896520 138
1896530 138
1896540 138
1896550 138
1896560 138
1896570 138
1896580 138
1896590 138
1896600 138
1896610 138
1896620 138
1896630 138
1896640 138
1896650 138
1896660 138
1896670 138
1896680 138
1896690 138
1896700 138
1896710 138
1896720 138
1896730 137
1896740 137
1896750 137
1896760 137
1896770 137
1896780 137
1896790 137
1896800 137
1896810 137
1896820 137
1896830 138
1896840 138
1896850 138
1896860 138
1896870 138
1896880 138
1896890 138
1896900 138
1896910 138
1896920 138
1896930 138
1896940 138
1896950 138
1896960 138
1896970 138
1896980 138
1896990 138
1897000 137
1897010 137
1897020 137
1897030 137
1897040 137
1897050 137
1897060 137
1897070 137
1897080 137
1897090 137
1897100 137
1897110 137
1897120 137
1897130 137
1897140 137
1897150 137
1897160 137
1897170 137
1897180 137
1897190 137
1897200 137
1897210 137
1897220 137
1897230 137
1897240 137
1897250 137
1897260 137
1897270 137
1897280 137
1897290 137
1897300 137
1897310 137
1897320 137
1897330 137
1897340 137
1897350 137
1897360 137
1897370 137
1897380 137
1897390 137
1897400 137
1897410 137
1897420 137
1897430 137
1897440 137
1897450 137
1897460 137
1897470 137
1897480 137
1897490 137
1897500 137
1897510 137
1897520 137
1897530 137
1897540 137
1897550 137
1897560 137
1897570 137
1897580 137
1897590 137
1897600 137
1897610 137
1897620 137
1897630 137
1897640 137
1897650 137
1897660 137
1897670 137
1897680 137
1897690 136
1897700 137
1897710 137
1897720 137
1897730 137
1897740 137
1897750 137
1897760 137
1897770 137
1897780 137
1897790 137
1897800 137
1897810 136
1897820 136
1897830 136
1897840 136
1897850 137
1897860 137
1897870 137
1897880 137
1897890 137
1897900 137
1897910 137
1897920 137
1897930 137
1897940 137
1897950 137
1897960 137
1897970 137
1897980 137
1897990 137
1898000 137
1898010 137
1898020 137
1898030 137
1898040 137
1898050 137
1898060 137
1898070 137
1898080 137
1898090 137
1898100 137
1898110 137
1898120 137
1898130 137
1898140 137
1898150 137
1898160 137
1898170 137
1898180 137
1898190 137
1898200 137
1898210 137
1898220 137
1898230 137
1898240 137
1898250 137
1898260 137
1898270 137
1898280 137
1898290 137
1898300 137
1898310 137
1898320 137
1898330 137
1898340 137
1898350 137
1898360 137
1898370 137
1898380 137
1898390 137
1898400 137
1898410 137
1898420 138
1898430 138
1898440 138
1898450 138
1898460 138
1898470 138
1898480 138
1898490 138
1898500 138
1898510 138
1898520 138
1898530 138
1898540 138
1898550 138
1898560 138
1898570 138
1898580 138
1898590 138
1898600 138
1898610 138
1898620 138
1898630 138
1898640 138
1898650 138
1898660 138
1898670 138
1898680 138
1898690 138
1898700 138
1898710 139
1898720 139
1898730 139
1898740 139
1898750 139
1898760 139
1898770 138
1898780 138
1898790 138
1898800 138
1898810 138
1898820 138
1898830 138
1898840 138
1898850 138
1898860 138
1898870 138
1898880 138
1898890 138
1898900 138
1898910 138
1898920 138
1898930 138
1898940 138
1898950 138
1898960 138
1898970 138
1898980 138
1898990 138
1899000 138
1899010 138
1899020 138
1899030 137
1899040 137
1899050 137
1899060 136
1899070 136
1899080 136
1899090 137
1899100 137
1899110 137
1899120 138
1899130 138
1899140 138
1899150 138
1899160 138
1899170 137
1899180 137
1899190 137
1899200 137
1899210 137
1899220 137
1899230 137
1899240 137
1899250 137
1899260 137
1899270 137
1899280 137
1899290 137
1899300 137
1899310 137
1899320 137
1899330 137
1899340 137
1899350 137
1899360 137
1899370 137
1899380 137
1899390 137
1899400 137
1899410 137
1899420 138
1899430 138
1899440 138
1899450 138
1899460 138
1899470 138
1899480 138
1899490 138
1899500 138
1899510 138
1899520 138
1899530 138
1899540 138
1899550 138
1899560 138
1899570 138
1899580 138
1899590 137
1899600 137
1899610 137
1899620 137
1899630 137
1899640 137
1899650 137
1899660 138
1899670 138
1899680 138
1899690 138
1899700 138
1899710 138
1899720 138
1899730 138
1899740 137
1899750 137
1899760 137
1899770 137
1899780 138
1899790 138
1899800 138
1899810 138
1899820 138
1899830 138
1899840 138
1899850 138
1899860 138
1899870 137
1899880 137
1899890 137
1899900 137
1899910 137
1899920 137
1899930 137
1899940 137
1899950 137
1899960 137
1899970 137
1899980 137
1899990 137
