1880000 186
1880010 187
1880020 187
1880030 187
1880040 188
1880050 188
1880060 188
1880070 188
1880080 188
1880090 188
1880100 188
1880110 188
1880120 188
1880130 188
1880140 188
1880150 188
1880160 188
1880170 188
1880180 188
1880190 188
1880200 188
1880210 188
1880220 188
1880230 188
1880240 188
1880250 188
1880260 188
1880270 188
1880280 188
1880290 188
1880300 188
1880310 188
1880320 188
1880330 188
1880340 188
1880350 188
1880360 188
1880370 188
1880380 188
1880390 188
1880400 188
1880410 188
1880420 188
1880430 188
1880440 188
1880450 188
1880460 188
1880470 188
1880480 188
1880490 188
1880500 188
1880510 188
1880520 188
1880530 188
1880540 188
1880550 188
1880560 188
1880570 188
1880580 188
1880590 188
1880600 188
1880610 188
1880620 188
1880630 188
1880640 188
1880650 188
1880660 188
1880670 188
1880680 188
1880690 188
1880700 188
1880710 188
1880720 188
1880730 188
1880740 188
1880750 188
1880760 188
1880770 187
1880780 187
1880790 187
1880800 187
1880810 187
1880820 187
1880830 187
1880840 187
1880850 187
1880860 187
1880870 187
1880880 187
1880890 187
1880900 187
1880910 187
1880920 187
1880930 187
1880940 187
1880950 187
1880960 187
1880970 187
1880980 187
1880990 187
1881000 187
1881010 187
1881020 187
1881030 187
1881040 187
1881050 187
1881060 187
1881070 187
1881080 187
1881090 187
1881100 187
1881110 187
1881120 187
1881130 187
1881140 187
1881150 187
1881160 187
1881170 187
1881180 187
1881190 187
1881200 187
1881210 187
1881220 187
1881230 187
1881240 187
1881250 187
1881260 187
1881270 187
1881280 187
1881290 187
1881300 187
1881310 187
1881320 187
1881330 187
1881340 187
1881350 187
1881360 187
1881370 187
1881380 187
1881390 187
1881400 187
1881410 187
1881420 187
1881430 187
1881440 187
1881450 187
1881460 187
1881470 187
1881480 187
1881490 187
1881500 187
1881510 187
1881520 187
1881530 187
1881540 187
1881550 187
1881560 187
1881570 187
1881580 187
1881590 187
1881600 187
1881610 187
1881620 187
1881630 187
1881640 187
1881650 187
1881660 187
1881670 187
1881680 187
1881690 187
1881700 187
1881710 187
1881720 187
1881730 187
1881740 187
1881750 187
1881760 187
1881770 187
1881780 187
1881790 187
1881800 187
1881810 187
1881820 187
1881830 187
1881840 187
1881850 187
1881860 187
1881870 187
1881880 187
1881890 187
1881900 187
1881910 187
1881920 187
1881930 187
1881940 187
1881950 187
1881960 187
1881970 187
1881980 187
1881990 187
1882000 187
1882010 187
1882020 187
1882030 187
1882040 187
1882050 187
1882060 187
1882070 187
1882080 187
1882090 187
1882100 187
1882110 187
1882120 187
1882130 187
1882140 187
1882150 187
1882160 187
1882170 187
1882180 187
1882190 187
1882200 187
1882210 187
1882220 187
1882230 187
1882240 187
1882250 187
1882260 187
1882270 187
1882280 187
1882290 187
1882300 187
1882310 187
1882320 187
1882330 187
1882340 187
1882350 187
1882360 187
1882370 187
1882380 187
1882390 187
1882400 187
1882410 187
1882420 187
1882430 187
1882440 187
1882450 187
1882460 187
1882470 187
1882480 187
1882490 187
1882500 187
1882510 187
1882520 187
1882530 187
1882540 187
1882550 186
1882560 186
1882570 187
1882580 186
1882590 186
1882600 186
1882610 186
1882620 186
1882630 186
1882640 186
1882650 186
1882660 186
1882670 186
1882680 186
1882690 186
1882700 186
1882710 186
1882720 186
1882730 186
1882740 186
1882750 186
1882760 186
1882770 186
1882780 186
1882790 186
1882800 186
1882810 186
1882820 186
1882830 186
1882840 186
1882850 186
1882860 186
1882870 186
1882880 186
1882890 186
1882900 186
1882910 186
1882920 186
1882930 186
1882940 186
1882950 186
1882960 186
1882970 186
1882980 186
1882990 186
1883000 186
1883010 186
1883020 186
1883030 186
1883040 186
1883050 186
1883060 186
1883070 186
1883080 186
1883090 186
1883100 186
1883110 186
1883120 186
1883130 186
1883140 185
1883150 185
1883160 185
1883170 185
1883180 185
1883190 185
1883200 185
1883210 185
1883220 185
1883230 185
1883240 185
1883250 185
1883260 185
1883270 185
1883280 185
1883290 185
1883300 185
1883310 185
1883320 185
1883330 185
1883340 185
1883350 185
1883360 185
1883370 185
1883380 185
1883390 185
1883400 185
1883410 185
1883420 185
1883430 185
1883440 185
1883450 185
1883460 185
1883470 185
1883480 185
1883490 185
1883500 185
1883510 185
1883520 185
1883530 185
1883540 185
1883550 185
1883560 185
1883570 185
1883580 185
1883590 185
1883600 185
1883610 185
1883620 185
1883630 185
1883640 185
1883650 185
1883660 185
1883670 185
1883680 185
1883690 185
1883700 185
1883710 185
1883720 185
1883730 185
1883740 185
1883750 184
1883760 184
1883770 184
1883780 184
1883790 184
1883800 184
1883810 184
1883820 184
1883830 184
1883840 184
1883850 184
1883860 184
1883870 184
1883880 184
1883890 184
1883900 184
1883910 184
1883920 184
1883930 184
1883940 184
1883950 184
1883960 184
1883970 184
1883980 184
1883990 184
1884000 184
1884010 184
1884020 184
1884030 184
1884040 184
1884050 184
1884060 184
1884070 184
1884080 184
1884090 184
1884100 184
1884110 184
1884120 184
1884130 184
1884140 184
1884150 184
1884160 184
1884170 184
1884180 184
1884190 184
1884200 183
1884210 183
1884220 183
1884230 183
1884240 183
1884250 183
1884260 183
1884270 183
1884280 183
1884290 183
1884300 183
1884310 183
1884320 183
1884330 183
1884340 183
1884350 183
1884360 183
1884370 183
1884380 183
1884390 183
1884400 183
1884410 183
1884420 183
1884430 183
1884440 183
1884450 183
1884460 183
1884470 183
1884480 183
1884490 183
1884500 183
1884510 183
1884520 183
1884530 183
1884540 183
1884550 183
1884560 183
1884570 183
1884580 183
1884590 183
1884600 183
1884610 183
1884620 183
1884630 183
1884640 183
1884650 183
1884660 183
1884670 183
1884680 183
1884690 183
1884700 183
1884710 183
1884720 183
1884730 183
1884740 183
1884750 183
1884760 183
1884770 183
1884780 183
1884790 183
1884800 183
1884810 183
1884820 183
1884830 183
1884840 183
1884850 183
1884860 183
1884870 183
1884880 183
1884890 183
1884900 183
1884910 183
1884920 183
1884930 182
1884940 182
1884950 182
1884960 182
1884970 182
1884980 182
1884990 182
1885000 182
1885010 182
1885020 182
1885030 182
1885040 182
1885050 182
1885060 182
1885070 182
1885080 182
1885090 182
1885100 182
1885110 182
1885120 182
1885130 182
1885140 182
1885150 182
1885160 182
1885170 182
1885180 182
1885190 182
1885200 182
1885210 182
1885220 182
1885230 182
1885240 182
1885250 182
1885260 182
1885270 182
1885280 182
1885290 183
1885300 183
1885310 183
1885320 183
1885330 183
1885340 183
1885350 183
1885360 183
1885370 183
1885380 183
1885390 183
1885400 183
1885410 183
1885420 183
1885430 183
1885440 183
1885450 183
1885460 183
1885470 183
1885480 183
1885490 183
1885500 183
1885510 183
1885520 183
1885530 183
1885540 183
1885550 183
1885560 184
1885570 184
1885580 184
1885590 184
1885600 184
1885610 184
1885620 184
1885630 184
1885640 184
1885650 184
1885660 184
1885670 184
1885680 184
1885690 184
1885700 184
1885710 184
1885720 184
1885730 184
1885740 184
1885750 184
1885760 184
1885770 184
1885780 184
1885790 184
1885800 184
1885810 185
1885820 185
1885830 185
1885840 185
1885850 185
1885860 185
1885870 185
1885880 185
1885890 185
1885900 185
1885910 185
1885920 185
1885930 185
1885940 185
1885950 185
1885960 185
1885970 185
1885980 185
1885990 185
1886000 185
1886010 185
1886020 185
1886030 185
1886040 185
1886050 185
1886060 185
1886070 185
1886080 185
1886090 185
1886100 185
1886110 185
1886120 185
1886130 185
1886140 185
1886150 185
1886160 186
1886170 186
1886180 186
1886190 186
1886200 186
1886210 186
1886220 186
1886230 186
1886240 186
1886250 186
1886260 187
1886270 187
1886280 187
1886290 187
1886300 187
1886310 187
1886320 187
1886330 187
1886340 187
1886350 187
1886360 187
1886370 187
1886380 187
1886390 187
1886400 187
1886410 187
1886420 187
1886430 188
1886440 188
1886450 188
1886460 188
1886470 188
1886480 188
1886490 188
1886500 188
1886510 188
1886520 188
1886530 188
1886540 188
1886550 188
1886560 189
1886570 189
1886580 189
1886590 189
1886600 189
1886610 189
1886620 189
1886630 189
1886640 189
1886650 189
1886660 189
1886670 189
1886680 189
1886690 189
1886700 189
1886710 188
1886720 188
1886730 188
1886740 188
1886750 188
1886760 188
1886770 188
1886780 188
1886790 188
1886800 188
1886810 188
1886820 188
1886830 188
1886840 188
1886850 189
1886860 189
1886870 189
1886880 189
1886890 189
1886900 189
1886910 189
1886920 189
1886930 189
1886940 189
1886950 189
1886960 189
1886970 189
1886980 189
1886990 189
1887000 188
1887010 189
1887020 189
1887030 189
1887040 189
1887050 189
1887060 189
1887070 189
1887080 189
1887090 189
1887100 189
1887110 189
1887120 187
1887130 190
1887140 190
1887150 191
1887160 192
1887170 192
1887180 193
1887190 194
1887200 194
1887210 194
1887220 195
1887230 195
1887240 196
1887250 196
1887260 196
1887270 196
1887280 196
1887290 196
1887300 196
1887310 196
1887320 196
1887330 196
1887340 196
1887350 196
1887360 196
1887370 196
1887380 196
1887390 196
1887400 196
1887410 196
1887420 196
1887430 196
1887440 196
1887450 195
1887460 195
1887470 195
1887480 195
1887490 196
1887500 196
1887510 196
1887520 196
1887530 196
1887540 196
1887550 196
1887560 196
1887570 196
1887580 197
1887590 197
1887600 197
1887610 197
1887620 197
1887630 197
1887640 198
1887650 198
1887660 198
1887670 198
1887680 198
1887690 198
1887700 198
1887710 198
1887720 198
1887730 198
1887740 198
1887750 198
1887760 198
1887770 197
1887780 197
1887790 197
1887800 198
1887810 198
1887820 198
1887830 198
1887840 198
1887850 198
1887860 198
1887870 198
1887880 198
1887890 198
1887900 198
1887910 198
1887920 198
1887930 198
1887940 198
1887950 198
1887960 198
1887970 198
1887980 198
1887990 198
1888000 198
1888010 198
1888020 198
1888030 198
1888040 198
1888050 198
1888060 197
1888070 198
1888080 198
1888090 199
1888100 199
1888110 199
1888120 199
1888130 201
1888140 201
1888150 201
1888160 201
1888170 201
1888180 202
1888190 202
1888200 202
1888210 203
1888220 203
1888230 203
1888240 203
1888250 203
1888260 203
1888270 204
1888280 204
1888290 204
1888300 204
1888310 204
1888320 204
1888330 203
1888340 203
1888350 203
1888360 203
1888370 202
1888380 202
1888390 202
1888400 201
1888410 201
1888420 201
1888430 201
1888440 201
1888450 202
1888460 202
1888470 202
1888480 202
1888490 203
1888500 203
1888510 204
1888520 205
1888530 205
1888540 206
1888550 206
1888560 206
1888570 207
1888580 207
1888590 207
1888600 207
1888610 207
1888620 207
1888630 207
1888640 206
1888650 206
1888660 206
1888670 205
1888680 205
1888690 205
1888700 205
1888710 205
1888720 205
1888730 204
1888740 204
1888750 204
1888760 204
1888770 204
1888780 204
1888790 204
1888800 204
1888810 204
1888820 204
1888830 204
1888840 204
1888850 203
1888860 203
1888870 205
1888880 205
1888890 205
1888900 205
1888910 206
1888920 206
1888930 206
1888940 206
1888950 206
1888960 206
1888970 206
1888980 206
1888990 206
1889000 206
1889010 206
1889020 206
1889030 206
1889040 206
1889050 206
1889060 205
1889070 205
1889080 205
1889090 206
1889100 206
1889110 206
1889120 206
1889130 206
1889140 206
1889150 206
1889160 206
1889170 207
1889180 207
1889190 207
1889200 208
1889210 209
1889220 209
1889230 210
1889240 212
1889250 212
1889260 214
1889270 216
1889280 216
1889290 216
1889300 216
1889310 216
1889320 216
1889330 216
1889340 216
1889350 216
1889360 216
1889370 216
1889380 215
1889390 215
1889400 215
1889410 215
1889420 215
1889430 215
1889440 215
1889450 215
1889460 215
1889470 215
1889480 215
1889490 215
1889500 217
1889510 218
1889520 218
1889530 218
1889540 218
1889550 218
1889560 218
1889570 218
1889580 218
1889590 219
1889600 219
1889610 219
1889620 219
1889630 218
1889640 218
1889650 218
1889660 218
1889670 218
1889680 218
1889690 218
1889700 218
1889710 219
1889720 219
1889730 221
1889740 222
1889750 223
1889760 223
1889770 223
1889780 223
1889790 223
1889800 223
1889810 223
1889820 223
1889830 223
1889840 223
1889850 221
1889860 221
1889870 220
1889880 220
1889890 220
1889900 220
1889910 219
1889920 219
1889930 219
1889940 219
1889950 219
1889960 219
1889970 219
1889980 219
1889990 220
1890000 220
1890010 220
1890020 220
1890030 221
1890040 221
1890050 223
1890060 223
1890070 223
1890080 223
1890090 224
1890100 224
1890110 224
1890120 225
1890130 225
1890140 226
1890150 226
1890160 226
1890170 227
1890180 227
1890190 227
1890200 229
1890210 230
1890220 230
1890230 230
1890240 231
1890250 231
1890260 233
1890270 233
1890280 233
1890290 233
1890300 233
1890310 233
1890320 232
1890330 232
1890340 232
1890350 231
1890360 231
1890370 232
1890380 232
1890390 233
1890400 233
1890410 234
1890420 232
1890430 232
1890440 231
1890450 230
1890460 230
1890470 229
1890480 228
1890490 228
1890500 227
1890510 226
1890520 226
1890530 224
1890540 222
1890550 222
1890560 221
1890570 219
1890580 219
1890590 218
1890600 217
1890610 217
1890620 216
1890630 215
1890640 215
1890650 214
1890660 212
1890670 212
1890680 211
1890690 209
1890700 209
1890710 208
1890720 206
1890730 206
1890740 205
1890750 204
1890760 204
1890770 202
1890780 202
1890790 202
1890800 200
1890810 199
1890820 199
1890830 198
1890840 198
1890850 198
1890860 197
1890870 196
1890880 196
1890890 195
1890900 195
1890910 195
1890920 194
1890930 194
1890940 194
1890950 193
1890960 193
1890970 193
1890980 192
1890990 191
1891000 191
1891010 190
1891020 190
1891030 190
1891040 189
1891050 188
1891060 188
1891070 188
1891080 188
1891090 188
1891100 187
1891110 187
1891120 187
1891130 186
1891140 185
1891150 185
1891160 185
1891170 185
1891180 185
1891190 185
1891200 184
1891210 184
1891220 183
1891230 183
1891240 183
1891250 183
1891260 182
1891270 182
1891280 182
1891290 181
1891300 181
1891310 181
1891320 180
1891330 180
1891340 180
1891350 180
1891360 180
1891370 179
1891380 179
1891390 179
1891400 179
1891410 178
1891420 178
1891430 178
1891440 178
1891450 178
1891460 178
1891470 178
1891480 178
1891490 178
1891500 177
1891510 177
1891520 177
1891530 176
1891540 176
1891550 176
1891560 176
1891570 176
1891580 176
1891590 176
1891600 176
1891610 176
1891620 176
1891630 176
1891640 176
1891650 176
1891660 176
1891670 175
1891680 175
1891690 175
1891700 175
1891710 175
1891720 175
1891730 174
1891740 174
1891750 174
1891760 174
1891770 173
1891780 173
1891790 173
1891800 173
1891810 173
1891820 173
1891830 172
1891840 172
1891850 172
1891860 172
1891870 172
1891880 172
1891890 171
1891900 171
1891910 171
1891920 171
1891930 171
1891940 171
1891950 170
1891960 170
1891970 170
1891980 170
1891990 170
1892000 170
1892010 170
1892020 170
1892030 170
1892040 170
1892050 170
1892060 170
1892070 170
1892080 170
1892090 170
1892100 169
1892110 169
1892120 169
1892130 169
1892140 169
1892150 169
1892160 169
1892170 168
1892180 168
1892190 168
1892200 168
1892210 168
1892220 168
1892230 168
1892240 168
1892250 168
1892260 168
1892270 168
1892280 168
1892290 168
1892300 168
1892310 168
1892320 168
1892330 168
1892340 168
1892350 168
1892360 168
1892370 168
1892380 168
1892390 168
1892400 168
1892410 168
1892420 168
1892430 167
1892440 167
1892450 167
1892460 167
1892470 168
1892480 168
1892490 168
1892500 168
1892510 168
1892520 168
1892530 168
1892540 168
1892550 168
1892560 168
1892570 168
1892580 168
1892590 168
1892600 168
1892610 168
1892620 168
1892630 168
1892640 168
1892650 168
1892660 168
1892670 168
1892680 168
1892690 168
1892700 168
1892710 168
1892720 168
1892730 168
1892740 168
1892750 168
1892760 168
1892770 168
1892780 168
1892790 168
1892800 168
1892810 168
1892820 167
1892830 167
1892840 167
1892850 166
1892860 166
1892870 166
1892880 165
1892890 165
1892900 165
1892910 164
1892920 164
1892930 164
1892940 164
1892950 164
1892960 164
1892970 163
1892980 163
1892990 163
1893000 163
1893010 163
1893020 163
1893030 163
1893040 162
1893050 162
1893060 162
1893070 162
1893080 162
1893090 161
1893100 161
1893110 161
1893120 161
1893130 161
1893140 161
1893150 161
1893160 161
1893170 161
1893180 161
1893190 160
1893200 160
1893210 160
1893220 160
1893230 160
1893240 160
1893250 161
1893260 161
1893270 161
1893280 162
1893290 162
1893300 163
1893310 164
1893320 164
1893330 165
1893340 166
1893350 166
1893360 167
1893370 167
1893380 167
1893390 168
1893400 169
1893410 169
1893420 169
1893430 170
1893440 170
1893450 170
1893460 171
1893470 171
1893480 171
1893490 172
1893500 172
1893510 172
1893520 173
1893530 173
1893540 174
1893550 174
1893560 174
1893570 174
1893580 174
1893590 174
1893600 174
1893610 174
1893620 174
1893630 174
1893640 173
1893650 173
1893660 173
1893670 173
1893680 173
1893690 172
1893700 171
1893710 171
1893720 171
1893730 170
1893740 170
1893750 170
1893760 170
1893770 170
1893780 169
1893790 169
1893800 169
1893810 168
1893820 168
1893830 168
1893840 167
1893850 167
1893860 167
1893870 167
1893880 166
1893890 166
1893900 166
1893910 166
1893920 166
1893930 165
1893940 165
1893950 165
1893960 165
1893970 164
1893980 164
1893990 164
1894000 164
1894010 164
1894020 163
1894030 163
1894040 163
1894050 163
1894060 163
1894070 163
1894080 163
1894090 163
1894100 163
1894110 163
1894120 163
1894130 163
1894140 163
1894150 163
1894160 163
1894170 163
1894180 163
1894190 163
1894200 163
1894210 163
1894220 163
1894230 163
1894240 163
1894250 163
1894260 163
1894270 162
1894280 162
1894290 162
1894300 162
1894310 162
1894320 162
1894330 161
1894340 161
1894350 161
1894360 161
1894370 160
1894380 160
1894390 160
1894400 160
1894410 160
1894420 160
1894430 160
1894440 160
1894450 159
1894460 159
1894470 159
1894480 159
1894490 159
1894500 159
1894510 158
1894520 158
1894530 158
1894540 158
1894550 158
1894560 158
1894570 157
1894580 157
1894590 157
1894600 157
1894610 156
1894620 156
1894630 156
1894640 156
1894650 156
1894660 156
1894670 155
1894680 155
1894690 155
1894700 155
1894710 155
1894720 155
1894730 155
1894740 155
1894750 155
1894760 155
1894770 155
1894780 155
1894790 155
1894800 155
1894810 155
1894820 155
1894830 155
1894840 155
1894850 155
1894860 155
1894870 155
1894880 155
1894890 155
1894900 155
1894910 155
1894920 155
1894930 155
1894940 155
1894950 155
1894960 155
1894970 156
1894980 156
1894990 156
1895000 156
1895010 156
1895020 156
1895030 156
1895040 156
1895050 156
1895060 156
1895070 156
1895080 156
1895090 155
1895100 155
1895110 155
1895120 155
1895130 155
1895140 154
1895150 154
1895160 154
1895170 153
1895180 153
1895190 153
1895200 153
1895210 152
1895220 152
1895230 152
1895240 152
1895250 152
1895260 152
1895270 151
1895280 151
1895290 151
1895300 151
1895310 151
1895320 151
1895330 151
1895340 151
1895350 151
1895360 151
1895370 151
1895380 151
1895390 151
1895400 151
1895410 152
1895420 152
1895430 152
1895440 152
1895450 152
1895460 152
1895470 152
1895480 151
1895490 151
1895500 151
1895510 151
1895520 151
1895530 150
1895540 150
1895550 150
1895560 150
1895570 150
1895580 150
1895590 149
1895600 149
1895610 149
1895620 149
1895630 149
1895640 149
1895650 149
1895660 148
1895670 148
1895680 148
1895690 148
1895700 148
1895710 148
1895720 148
1895730 148
1895740 147
1895750 147
1895760 147
1895770 147
1895780 147
1895790 147
1895800 147
1895810 146
1895820 146
1895830 146
1895840 146
1895850 146
1895860 146
1895870 146
1895880 146
1895890 146
1895900 146
1895910 146
1895920 146
1895930 146
1895940 146
1895950 147
1895960 147
1895970 147
1895980 147
1895990 147
1896000 147
1896010 147
1896020 146
1896030 146
1896040 146
1896050 145
1896060 145
1896070 145
1896080 144
1896090 144
1896100 143
1896110 143
1896120 143
1896130 142
1896140 142
1896150 142
1896160 142
1896170 141
1896180 141
1896190 141
1896200 141
1896210 141
1896220 141
1896230 141
1896240 141
1896250 141
1896260 141
1896270 140
1896280 140
1896290 140
1896300 140
1896310 140
1896320 140
1896330 140
1896340 140
1896350 140
1896360 140
1896370 140
1896380 140
1896390 140
1896400 140
1896410 140
1896420 140
1896430 140
1896440 140
1896450 140
1896460 140
1896470 140
1896480 139
1896490 139
1896500 139
1896510 138
1896520 138
1896530 138
1896540 138
1896550 138
1896560 138
1896570 138
1896580 138
1896590 138
1896600 138
1896610 138
1896620 138
1896630 138
1896640 138
1896650 138
1896660 138
1896670 138
1896680 138
1896690 138
1896700 138
1896710 138
1896720 138
1896730 138
1896740 138
1896750 138
1896760 138
1896770 138
1896780 138
1896790 138
1896800 138
1896810 137
1896820 137
1896830 137
1896840 137
1896850 137
1896860 137
1896870 137
1896880 137
1896890 137
1896900 137
1896910 137
1896920 137
1896930 137
1896940 137
1896950 137
1896960 137
1896970 137
1896980 137
1896990 137
1897000 137
1897010 137
1897020 137
1897030 137
1897040 137
1897050 137
1897060 137
1897070 137
1897080 137
1897090 137
1897100 137
1897110 137
1897120 137
1897130 137
1897140 137
1897150 137
1897160 137
1897170 137
1897180 137
1897190 137
1897200 137
1897210 137
1897220 137
1897230 137
1897240 137
1897250 137
1897260 137
1897270 137
1897280 137
1897290 137
1897300 137
1897310 136
1897320 132
1897330 132
1897340 132
1897350 132
1897360 132
1897370 132
1897380 132
1897390 132
1897400 132
1897410 132
1897420 132
1897430 132
1897440 132
1897450 132
1897460 132
1897470 132
1897480 132
1897490 132
1897500 132
1897510 132
1897520 132
1897530 132
1897540 132
1897550 132
1897560 132
1897570 132
1897580 133
1897590 134
1897600 134
1897610 137
1897620 137
1897630 137
1897640 137
1897650 137
1897660 137
1897670 137
1897680 137
1897690 137
1897700 137
1897710 137
1897720 137
1897730 137
1897740 137
1897750 137
1897760 137
1897770 137
1897780 137
1897790 137
1897800 137
1897810 137
1897820 137
1897830 137
1897840 137
1897850 137
1897860 137
1897870 137
1897880 137
1897890 137
1897900 137
1897910 137
1897920 137
1897930 137
1897940 137
1897950 137
1897960 137
1897970 137
1897980 137
1897990 137
1898000 137
1898010 137
1898020 137
1898030 137
1898040 137
1898050 137
1898060 137
1898070 137
1898080 137
1898090 137
1898100 137
1898110 137
1898120 137
1898130 137
1898140 137
1898150 137
1898160 137
1898170 137
1898180 137
1898190 138
1898200 138
1898210 138
1898220 137
1898230 137
1898240 137
1898250 137
1898260 138
1898270 137
1898280 137
1898290 137
1898300 137
1898310 137
1898320 137
1898330 137
1898340 137
1898350 137
1898360 137
1898370 137
1898380 137
1898390 137
1898400 137
1898410 138
1898420 138
1898430 138
1898440 138
1898450 138
1898460 138
1898470 138
1898480 138
1898490 138
1898500 138
1898510 138
1898520 138
1898530 138
1898540 138
1898550 138
1898560 138
1898570 138
1898580 138
1898590 138
1898600 138
1898610 138
1898620 138
1898630 138
1898640 138
1898650 138
1898660 138
1898670 138
1898680 138
1898690 138
1898700 138
1898710 138
1898720 138
1898730 138
1898740 138
1898750 138
1898760 138
1898770 138
1898780 138
1898790 138
1898800 138
1898810 138
1898820 138
1898830 138
1898840 138
1898850 138
1898860 138
1898870 138
1898880 138
1898890 138
1898900 138
1898910 138
1898920 138
1898930 138
1898940 138
1898950 138
1898960 138
1898970 138
1898980 138
1898990 138
1899000 138
1899010 138
1899020 138
1899030 138
1899040 138
1899050 138
1899060 138
1899070 138
1899080 138
1899090 138
1899100 138
1899110 138
1899120 138
1899130 138
1899140 138
1899150 138
1899160 138
1899170 138
1899180 138
1899190 138
1899200 138
1899210 138
1899220 138
1899230 138
1899240 138
1899250 138
1899260 138
1899270 138
1899280 138
1899290 138
1899300 138
1899310 138
1899320 138
1899330 138
1899340 138
1899350 138
1899360 138
1899370 137
1899380 137
1899390 138
1899400 138
1899410 138
1899420 138
1899430 138
1899440 138
1899450 138
1899460 138
1899470 138
1899480 138
1899490 137
1899500 137
1899510 137
1899520 137
1899530 137
1899540 137
1899550 137
1899560 137
1899570 137
1899580 137
1899590 137
1899600 137
1899610 137
1899620 137
1899630 137
1899640 137
1899650 137
1899660 137
1899670 137
1899680 137
1899690 137
1899700 137
1899710 137
1899720 138
1899730 138
1899740 138
1899750 137
1899760 137
1899770 137
1899780 137
1899790 137
1899800 137
1899810 135
1899820 134
1899830 134
1899840 134
1899850 134
1899860 134
1899870 135
1899880 138
1899890 138
1899900 138
1899910 138
1899920 138
1899930 139
1899940 139
1899950 139
1899960 139
1899970 139
1899980 139
1899990 138
