1880000 189
1880010 189
1880020 189
1880030 189
1880040 189
1880050 189
1880060 189
1880070 189
1880080 189
1880090 189
1880100 189
1880110 189
1880120 189
1880130 188
1880140 188
1880150 188
1880160 188
1880170 188
1880180 188
1880190 188
1880200 188
1880210 188
1880220 188
1880230 188
1880240 188
1880250 188
1880260 188
1880270 188
1880280 188
1880290 188
1880300 188
1880310 188
1880320 188
1880330 188
1880340 188
1880350 188
1880360 188
1880370 187
1880380 187
1880390 187
1880400 187
1880410 187
1880420 187
1880430 187
1880440 187
1880450 187
1880460 187
1880470 187
1880480 187
1880490 187
1880500 187
1880510 187
1880520 187
1880530 187
1880540 187
1880550 187
1880560 187
1880570 187
1880580 187
1880590 187
1880600 186
1880610 186
1880620 186
1880630 187
1880640 186
1880650 186
1880660 186
1880670 186
1880680 186
1880690 186
1880700 186
1880710 186
1880720 186
1880730 186
1880740 186
1880750 186
1880760 186
1880770 186
1880780 186
1880790 186
1880800 186
1880810 186
1880820 186
1880830 186
1880840 186
1880850 186
1880860 186
1880870 186
1880880 186
1880890 186
1880900 186
1880910 186
1880920 186
1880930 186
1880940 186
1880950 186
1880960 186
1880970 186
1880980 186
1880990 185
1881000 185
1881010 185
1881020 185
1881030 185
1881040 185
1881050 185
1881060 185
1881070 185
1881080 185
1881090 185
1881100 185
1881110 185
1881120 185
1881130 185
1881140 185
1881150 185
1881160 185
1881170 185
1881180 185
1881190 185
1881200 185
1881210 185
1881220 185
1881230 185
1881240 185
1881250 185
1881260 185
1881270 185
1881280 185
1881290 185
1881300 185
1881310 185
1881320 185
1881330 185
1881340 185
1881350 185
1881360 185
1881370 185
1881380 185
1881390 185
1881400 185
1881410 185
1881420 185
1881430 185
1881440 185
1881450 185
1881460 185
1881470 185
1881480 185
1881490 185
1881500 185
1881510 185
1881520 185
1881530 185
1881540 185
1881550 185
1881560 185
1881570 185
1881580 185
1881590 185
1881600 185
1881610 185
1881620 185
1881630 185
1881640 185
1881650 185
1881660 185
1881670 185
1881680 185
1881690 185
1881700 185
1881710 185
1881720 185
1881730 185
1881740 185
1881750 185
1881760 185
1881770 185
1881780 185
1881790 185
1881800 185
1881810 185
1881820 185
1881830 185
1881840 185
1881850 185
1881860 185
1881870 185
1881880 185
1881890 185
1881900 185
1881910 185
1881920 185
1881930 186
1881940 186
1881950 186
1881960 185
1881970 185
1881980 186
1881990 186
1882000 185
1882010 185
1882020 186
1882030 186
1882040 185
1882050 186
1882060 186
1882070 186
1882080 186
1882090 186
1882100 186
1882110 186
1882120 186
1882130 186
1882140 186
1882150 186
1882160 186
1882170 186
1882180 186
1882190 186
1882200 186
1882210 186
1882220 186
1882230 186
1882240 186
1882250 186
1882260 186
1882270 186
1882280 186
1882290 186
1882300 186
1882310 186
1882320 186
1882330 186
1882340 186
1882350 186
1882360 186
1882370 186
1882380 186
1882390 186
1882400 186
1882410 186
1882420 186
1882430 186
1882440 186
1882450 186
1882460 186
1882470 186
1882480 186
1882490 186
1882500 186
1882510 186
1882520 186
1882530 186
1882540 186
1882550 186
1882560 186
1882570 186
1882580 186
1882590 186
1882600 186
1882610 186
1882620 186
1882630 186
1882640 186
1882650 185
1882660 185
1882670 185
1882680 185
1882690 185
1882700 185
1882710 186
1882720 185
1882730 185
1882740 185
1882750 185
1882760 185
1882770 186
1882780 186
1882790 186
1882800 186
1882810 186
1882820 186
1882830 186
1882840 186
1882850 186
1882860 186
1882870 186
1882880 186
1882890 186
1882900 186
1882910 186
1882920 186
1882930 186
1882940 186
1882950 186
1882960 186
1882970 186
1882980 186
1882990 185
1883000 185
1883010 185
1883020 185
1883030 185
1883040 185
1883050 185
1883060 185
1883070 186
1883080 186
1883090 186
1883100 186
1883110 186
1883120 186
1883130 186
1883140 186
1883150 186
1883160 186
1883170 186
1883180 186
1883190 186
1883200 186
1883210 186
1883220 185
1883230 186
1883240 186
1883250 186
1883260 185
1883270 185
1883280 185
1883290 185
1883300 185
1883310 185
1883320 185
1883330 185
1883340 185
1883350 185
1883360 185
1883370 185
1883380 185
1883390 185
1883400 186
1883410 186
1883420 186
1883430 185
1883440 185
1883450 185
1883460 185
1883470 185
1883480 185
1883490 185
1883500 185
1883510 185
1883520 185
1883530 185
1883540 185
1883550 185
1883560 185
1883570 185
1883580 185
1883590 185
1883600 185
1883610 185
1883620 185
1883630 185
1883640 185
1883650 185
1883660 185
1883670 185
1883680 185
1883690 185
1883700 185
1883710 185
1883720 185
1883730 185
1883740 185
1883750 185
1883760 184
1883770 184
1883780 184
1883790 184
1883800 184
1883810 184
1883820 184
1883830 184
1883840 184
1883850 184
1883860 184
1883870 184
1883880 184
1883890 184
1883900 184
1883910 184
1883920 184
1883930 184
1883940 184
1883950 184
1883960 184
1883970 184
1883980 184
1883990 184
1884000 184
1884010 184
1884020 184
1884030 184
1884040 183
1884050 183
1884060 183
1884070 183
1884080 183
1884090 183
1884100 183
1884110 183
1884120 183
1884130 183
1884140 183
1884150 184
1884160 183
1884170 183
1884180 183
1884190 183
1884200 183
1884210 183
1884220 183
1884230 183
1884240 183
1884250 183
1884260 183
1884270 183
1884280 183
1884290 183
1884300 183
1884310 183
1884320 183
1884330 183
1884340 183
1884350 183
1884360 183
1884370 183
1884380 183
1884390 183
1884400 183
1884410 183
1884420 183
1884430 183
1884440 183
1884450 183
1884460 183
1884470 183
1884480 183
1884490 183
1884500 183
1884510 183
1884520 183
1884530 183
1884540 183
1884550 183
1884560 183
1884570 183
1884580 183
1884590 183
1884600 183
1884610 183
1884620 183
1884630 183
1884640 183
1884650 183
1884660 183
1884670 183
1884680 183
1884690 183
1884700 183
1884710 183
1884720 183
1884730 183
1884740 183
1884750 183
1884760 183
1884770 183
1884780 183
1884790 183
1884800 183
1884810 183
1884820 183
1884830 183
1884840 183
1884850 183
1884860 183
1884870 183
1884880 183
1884890 184
1884900 184
1884910 184
1884920 184
1884930 184
1884940 184
1884950 184
1884960 184
1884970 184
1884980 184
1884990 184
1885000 184
1885010 184
1885020 184
1885030 184
1885040 184
1885050 184
1885060 184
1885070 184
1885080 184
1885090 184
1885100 184
1885110 184
1885120 184
1885130 185
1885140 185
1885150 185
1885160 185
1885170 185
1885180 185
1885190 185
1885200 185
1885210 186
1885220 185
1885230 185
1885240 186
1885250 186
1885260 186
1885270 186
1885280 186
1885290 186
1885300 187
1885310 187
1885320 187
1885330 187
1885340 187
1885350 187
1885360 187
1885370 187
1885380 187
1885390 187
1885400 188
1885410 188
1885420 188
1885430 188
1885440 188
1885450 188
1885460 188
1885470 188
1885480 188
1885490 188
1885500 188
1885510 188
1885520 189
1885530 189
1885540 189
1885550 189
1885560 190
1885570 190
1885580 190
1885590 190
1885600 190
1885610 191
1885620 191
1885630 191
1885640 191
1885650 191
1885660 192
1885670 192
1885680 192
1885690 192
1885700 192
1885710 192
1885720 193
1885730 193
1885740 193
1885750 193
1885760 194
1885770 194
1885780 194
1885790 194
1885800 194
1885810 194
1885820 194
1885830 194
1885840 195
1885850 195
1885860 195
1885870 195
1885880 196
1885890 196
1885900 196
1885910 197
1885920 197
1885930 197
1885940 198
1885950 198
1885960 198
1885970 198
1885980 198
1885990 199
1886000 199
1886010 199
1886020 200
1886030 200
1886040 200
1886050 200
1886060 201
1886070 201
1886080 201
1886090 202
1886100 202
1886110 203
1886120 205
1886130 205
1886140 207
1886150 209
1886160 209
1886170 209
1886180 210
1886190 210
1886200 210
1886210 213
1886220 213
1886230 214
1886240 215
1886250 215
1886260 216
1886270 215
1886280 215
1886290 216
1886300 217
1886310 217
1886320 218
1886330 219
1886340 219
1886350 219
1886360 219
1886370 219
1886380 219
1886390 219
1886400 219
1886410 220
1886420 220
1886430 220
1886440 220
1886450 220
1886460 220
1886470 219
1886480 218
1886490 218
1886500 218
1886510 217
1886520 216
1886530 218
1886540 218
1886550 218
1886560 218
1886570 218
1886580 218
1886590 218
1886600 218
1886610 217
1886620 217
1886630 217
1886640 216
1886650 216
1886660 217
1886670 217
1886680 217
1886690 217
1886700 217
1886710 217
1886720 217
1886730 217
1886740 217
1886750 218
1886760 218
1886770 218
1886780 219
1886790 219
1886800 219
1886810 219
1886820 220
1886830 220
1886840 220
1886850 221
1886860 221
1886870 221
1886880 221
1886890 221
1886900 221
1886910 221
1886920 221
1886930 222
1886940 223
1886950 223
1886960 224
1886970 225
1886980 225
1886990 225
1887000 225
1887010 225
1887020 225
1887030 225
1887040 225
1887050 225
1887060 224
1887070 224
1887080 223
1887090 221
1887100 221
1887110 222
1887120 223
1887130 223
1887140 224
1887150 224
1887160 224
1887170 226
1887180 227
1887190 227
1887200 226
1887210 227
1887220 227
1887230 226
1887240 226
1887250 226
1887260 227
1887270 227
1887280 227
1887290 228
1887300 229
1887310 229
1887320 229
1887330 229
1887340 229
1887350 228
1887360 228
1887370 228
1887380 228
1887390 228
1887400 228
1887410 229
1887420 229
1887430 229
1887440 229
1887450 229
1887460 229
1887470 230
1887480 230
1887490 233
1887500 234
1887510 234
1887520 234
1887530 235
1887540 236
1887550 236
1887560 235
1887570 235
1887580 235
1887590 236
1887600 237
1887610 237
1887620 237
1887630 237
1887640 237
1887650 238
1887660 238
1887670 238
1887680 238
1887690 240
1887700 240
1887710 241
1887720 243
1887730 243
1887740 245
1887750 246
1887760 246
1887770 248
1887780 249
1887790 249
1887800 250
1887810 253
1887820 253
1887830 254
1887840 254
1887850 254
1887860 255
1887870 256
1887880 256
1887890 256
1887900 257
1887910 257
1887920 258
1887930 258
1887940 258
1887950 259
1887960 259
1887970 259
1887980 259
1887990 259
1888000 259
1888010 259
1888020 260
1888030 260
1888040 260
1888050 260
1888060 260
1888070 261
1888080 261
1888090 261
1888100 261
1888110 261
1888120 261
1888130 265
1888140 266
1888150 266
1888160 266
1888170 266
1888180 266
1888190 267
1888200 267
1888210 267
1888220 267
1888230 266
1888240 266
1888250 266
1888260 266
1888270 266
1888280 266
1888290 266
1888300 266
1888310 266
1888320 266
1888330 266
1888340 266
1888350 266
1888360 266
1888370 266
1888380 266
1888390 266
1888400 265
1888410 265
1888420 265
1888430 265
1888440 265
1888450 265
1888460 265
1888470 265
1888480 265
1888490 264
1888500 264
1888510 264
1888520 263
1888530 263
1888540 263
1888550 263
1888560 262
1888570 262
1888580 262
1888590 262
1888600 262
1888610 262
1888620 261
1888630 261
1888640 261
1888650 261
1888660 261
1888670 260
1888680 260
1888690 260
1888700 260
1888710 259
1888720 258
1888730 258
1888740 257
1888750 257
1888760 257
1888770 256
1888780 256
1888790 256
1888800 254
1888810 251
1888820 251
1888830 249
1888840 248
1888850 248
1888860 248
1888870 248
1888880 248
1888890 249
1888900 251
1888910 251
1888920 253
1888930 254
1888940 254
1888950 255
1888960 256
1888970 256
1888980 256
1888990 257
1889000 257
1889010 258
1889020 259
1889030 259
1889040 261
1889050 262
1889060 262
1889070 262
1889080 262
1889090 264
1889100 264
1889110 265
1889120 265
1889130 264
1889140 265
1889150 265
1889160 265
1889170 265
1889180 265
1889190 265
1889200 265
1889210 265
1889220 266
1889230 265
1889240 265
1889250 264
1889260 264
1889270 264
1889280 264
1889290 264
1889300 264
1889310 264
1889320 263
1889330 263
1889340 261
1889350 260
1889360 260
1889370 259
1889380 259
1889390 259
1889400 258
1889410 258
1889420 258
1889430 258
1889440 258
1889450 258
1889460 258
1889470 259
1889480 259
1889490 260
1889500 261
1889510 261
1889520 263
1889530 265
1889540 265
1889550 266
1889560 268
1889570 268
1889580 269
1889590 269
1889600 269
1889610 269
1889620 269
1889630 269
1889640 269
1889650 269
1889660 269
1889670 269
1889680 269
1889690 269
1889700 270
1889710 272
1889720 272
1889730 276
1889740 279
1889750 279
1889760 281
1889770 283
1889780 283
1889790 285
1889800 287
1889810 287
1889820 287
1889830 284
1889840 284
1889850 282
1889860 281
1889870 281
1889880 281
1889890 281
1889900 281
1889910 280
1889920 279
1889930 279
1889940 278
1889950 278
1889960 278
1889970 277
1889980 277
1889990 277
1890000 273
1890010 269
1890020 269
1890030 265
1890040 257
1890050 260
1890060 251
1890070 248
1890080 248
1890090 247
1890100 248
1890110 248
1890120 248
1890130 248
1890140 248
1890150 249
1890160 249
1890170 249
1890180 250
1890190 253
1890200 253
1890210 252
1890220 250
1890230 250
1890240 247
1890250 245
1890260 245
1890270 242
1890280 240
1890290 240
1890300 238
1890310 236
1890320 236
1890330 234
1890340 232
1890350 232
1890360 231
1890370 229
1890380 229
1890390 227
1890400 226
1890410 226
1890420 225
1890430 223
1890440 223
1890450 222
1890460 221
1890470 221
1890480 220
1890490 218
1890500 218
1890510 216
1890520 214
1890530 214
1890540 213
1890550 211
1890560 211
1890570 210
1890580 208
1890590 208
1890600 207
1890610 206
1890620 206
1890630 204
1890640 203
1890650 203
1890660 202
1890670 201
1890680 201
1890690 199
1890700 198
1890710 198
1890720 197
1890730 196
1890740 196
1890750 195
1890760 194
1890770 194
1890780 193
1890790 192
1890800 192
1890810 192
1890820 191
1890830 191
1890840 191
1890850 190
1890860 190
1890870 190
1890880 189
1890890 189
1890900 189
1890910 188
1890920 188
1890930 188
1890940 188
1890950 187
1890960 187
1890970 187
1890980 186
1890990 186
1891000 186
1891010 185
1891020 185
1891030 185
1891040 185
1891050 185
1891060 184
1891070 184
1891080 184
1891090 183
1891100 183
1891110 183
1891120 183
1891130 182
1891140 182
1891150 182
1891160 180
1891170 180
1891180 179
1891190 179
1891200 179
1891210 179
1891220 179
1891230 179
1891240 179
1891250 179
1891260 179
1891270 179
1891280 180
1891290 180
1891300 180
1891310 180
1891320 180
1891330 180
1891340 179
1891350 179
1891360 178
1891370 178
1891380 178
1891390 178
1891400 178
1891410 178
1891420 178
1891430 177
1891440 177
1891450 177
1891460 177
1891470 177
1891480 177
1891490 177
1891500 177
1891510 177
1891520 176
1891530 176
1891540 176
1891550 176
1891560 176
1891570 176
1891580 176
1891590 176
1891600 176
1891610 176
1891620 176
1891630 176
1891640 176
1891650 176
1891660 176
1891670 175
1891680 175
1891690 175
1891700 175
1891710 175
1891720 175
1891730 175
1891740 175
1891750 175
1891760 175
1891770 175
1891780 175
1891790 175
1891800 175
1891810 175
1891820 175
1891830 175
1891840 175
1891850 175
1891860 175
1891870 175
1891880 175
1891890 175
1891900 174
1891910 174
1891920 174
1891930 174
1891940 174
1891950 174
1891960 174
1891970 174
1891980 174
1891990 174
1892000 174
1892010 174
1892020 174
1892030 174
1892040 174
1892050 174
1892060 174
1892070 174
1892080 174
1892090 174
1892100 174
1892110 174
1892120 174
1892130 174
1892140 174
1892150 174
1892160 174
1892170 174
1892180 174
1892190 174
1892200 174
1892210 174
1892220 174
1892230 173
1892240 173
1892250 173
1892260 173
1892270 173
1892280 173
1892290 173
1892300 173
1892310 173
1892320 173
1892330 173
1892340 173
1892350 173
1892360 173
1892370 173
1892380 173
1892390 173
1892400 173
1892410 173
1892420 173
1892430 173
1892440 172
1892450 172
1892460 172
1892470 172
1892480 172
1892490 172
1892500 172
1892510 172
1892520 172
1892530 172
1892540 172
1892550 172
1892560 172
1892570 172
1892580 172
1892590 172
1892600 172
1892610 172
1892620 172
1892630 172
1892640 172
1892650 172
1892660 172
1892670 172
1892680 171
1892690 171
1892700 171
1892710 171
1892720 171
1892730 171
1892740 171
1892750 171
1892760 171
1892770 171
1892780 171
1892790 171
1892800 170
1892810 170
1892820 170
1892830 170
1892840 169
1892850 169
1892860 169
1892870 169
1892880 169
1892890 169
1892900 169
1892910 169
1892920 169
1892930 169
1892940 169
1892950 169
1892960 169
1892970 169
1892980 169
1892990 169
1893000 169
1893010 168
1893020 168
1893030 168
1893040 168
1893050 168
1893060 168
1893070 168
1893080 168
1893090 168
1893100 168
1893110 168
1893120 168
1893130 168
1893140 168
1893150 168
1893160 168
1893170 168
1893180 168
1893190 168
1893200 169
1893210 169
1893220 169
1893230 169
1893240 169
1893250 169
1893260 168
1893270 169
1893280 169
1893290 169
1893300 169
1893310 169
1893320 169
1893330 169
1893340 169
1893350 169
1893360 170
1893370 170
1893380 171
1893390 172
1893400 172
1893410 173
1893420 174
1893430 174
1893440 174
1893450 175
1893460 175
1893470 175
1893480 176
1893490 176
1893500 176
1893510 176
1893520 176
1893530 176
1893540 176
1893550 177
1893560 177
1893570 177
1893580 177
1893590 177
1893600 177
1893610 177
1893620 177
1893630 178
1893640 178
1893650 178
1893660 178
1893670 178
1893680 178
1893690 178
1893700 178
1893710 178
1893720 178
1893730 178
1893740 178
1893750 177
1893760 177
1893770 177
1893780 177
1893790 177
1893800 177
1893810 177
1893820 177
1893830 176
1893840 176
1893850 176
1893860 176
1893870 176
1893880 176
1893890 176
1893900 175
1893910 175
1893920 175
1893930 175
1893940 175
1893950 174
1893960 174
1893970 174
1893980 174
1893990 174
1894000 174
1894010 173
1894020 173
1894030 173
1894040 173
1894050 172
1894060 172
1894070 172
1894080 171
1894090 171
1894100 171
1894110 171
1894120 171
1894130 170
1894140 170
1894150 170
1894160 170
1894170 170
1894180 170
1894190 170
1894200 170
1894210 170
1894220 169
1894230 169
1894240 169
1894250 169
1894260 168
1894270 168
1894280 168
1894290 167
1894300 167
1894310 167
1894320 167
1894330 167
1894340 166
1894350 166
1894360 166
1894370 166
1894380 166
1894390 166
1894400 165
1894410 165
1894420 165
1894430 165
1894440 165
1894450 165
1894460 165
1894470 165
1894480 165
1894490 164
1894500 165
1894510 165
1894520 164
1894530 164
1894540 164
1894550 164
1894560 164
1894570 164
1894580 164
1894590 164
1894600 164
1894610 164
1894620 164
1894630 164
1894640 164
1894650 164
1894660 164
1894670 164
1894680 164
1894690 164
1894700 164
1894710 164
1894720 164
1894730 164
1894740 163
1894750 163
1894760 163
1894770 163
1894780 163
1894790 163
1894800 162
1894810 162
1894820 162
1894830 162
1894840 162
1894850 162
1894860 161
1894870 161
1894880 161
1894890 161
1894900 161
1894910 161
1894920 161
1894930 161
1894940 161
1894950 161
1894960 161
1894970 161
1894980 161
1894990 161
1895000 161
1895010 161
1895020 161
1895030 161
1895040 160
1895050 160
1895060 160
1895070 160
1895080 160
1895090 160
1895100 160
1895110 160
1895120 159
1895130 159
1895140 159
1895150 159
1895160 159
1895170 159
1895180 159
1895190 158
1895200 158
1895210 158
1895220 158
1895230 158
1895240 158
1895250 158
1895260 158
1895270 158
1895280 158
1895290 158
1895300 158
1895310 158
1895320 158
1895330 158
1895340 158
1895350 157
1895360 157
1895370 157
1895380 156
1895390 156
1895400 156
1895410 156
1895420 156
1895430 155
1895440 155
1895450 155
1895460 155
1895470 155
1895480 155
1895490 155
1895500 155
1895510 155
1895520 155
1895530 155
1895540 155
1895550 155
1895560 155
1895570 155
1895580 155
1895590 155
1895600 155
1895610 154
1895620 154
1895630 154
1895640 153
1895650 153
1895660 153
1895670 152
1895680 152
1895690 152
1895700 152
1895710 151
1895720 151
1895730 151
1895740 151
1895750 151
1895760 151
1895770 151
1895780 151
1895790 151
1895800 151
1895810 151
1895820 151
1895830 151
1895840 151
1895850 151
1895860 151
1895870 151
1895880 151
1895890 151
1895900 151
1895910 151
1895920 150
1895930 150
1895940 150
1895950 150
1895960 150
1895970 150
1895980 150
1895990 150
1896000 150
1896010 149
1896020 149
1896030 149
1896040 149
1896050 149
1896060 149
1896070 149
1896080 149
1896090 148
1896100 148
1896110 148
1896120 148
1896130 147
1896140 147
1896150 147
1896160 147
1896170 147
1896180 147
1896190 147
1896200 147
1896210 147
1896220 147
1896230 147
1896240 146
1896250 146
1896260 146
1896270 146
1896280 145
1896290 145
1896300 145
1896310 145
1896320 145
1896330 144
1896340 144
1896350 144
1896360 144
1896370 143
1896380 144
1896390 143
1896400 143
1896410 143
1896420 143
1896430 142
1896440 142
1896450 142
1896460 142
1896470 142
1896480 142
1896490 141
1896500 141
1896510 141
1896520 141
1896530 141
1896540 141
1896550 141
1896560 141
1896570 140
1896580 140
1896590 140
1896600 140
1896610 140
1896620 140
1896630 140
1896640 140
1896650 140
1896660 140
1896670 139
1896680 139
1896690 139
1896700 139
1896710 139
1896720 139
1896730 139
1896740 139
1896750 139
1896760 139
1896770 139
1896780 139
1896790 139
1896800 139
1896810 138
1896820 138
1896830 138
1896840 138
1896850 138
1896860 138
1896870 138
1896880 138
1896890 138
1896900 138
1896910 138
1896920 138
1896930 138
1896940 138
1896950 138
1896960 138
1896970 138
1896980 138
1896990 138
1897000 138
1897010 138
1897020 138
1897030 138
1897040 138
1897050 138
1897060 138
1897070 138
1897080 138
1897090 138
1897100 138
1897110 138
1897120 138
1897130 138
1897140 138
1897150 138
1897160 138
1897170 138
1897180 137
1897190 137
1897200 138
1897210 138
1897220 138
1897230 137
1897240 137
1897250 137
1897260 137
1897270 137
1897280 137
1897290 137
1897300 137
1897310 137
1897320 137
1897330 137
1897340 137
1897350 137
1897360 137
1897370 137
1897380 137
1897390 137
1897400 137
1897410 137
1897420 137
1897430 137
1897440 137
1897450 137
1897460 137
1897470 137
1897480 137
1897490 137
1897500 137
1897510 137
1897520 137
1897530 137
1897540 136
1897550 133
1897560 133
1897570 133
1897580 133
1897590 133
1897600 132
1897610 132
1897620 132
1897630 132
1897640 133
1897650 133
1897660 133
1897670 133
1897680 133
1897690 133
1897700 132
1897710 132
1897720 132
1897730 132
1897740 132
1897750 132
1897760 132
1897770 132
1897780 132
1897790 132
1897800 132
1897810 132
1897820 133
1897830 133
1897840 132
1897850 132
1897860 132
1897870 132
1897880 132
1897890 132
1897900 132
1897910 132
1897920 132
1897930 132
1897940 132
1897950 132
1897960 132
1897970 132
1897980 132
1897990 133
1898000 133
1898010 133
1898020 134
1898030 137
1898040 137
1898050 137
1898060 137
1898070 137
1898080 137
1898090 137
1898100 137
1898110 137
1898120 137
1898130 137
1898140 137
1898150 137
1898160 137
1898170 137
1898180 138
1898190 138
1898200 138
1898210 138
1898220 138
1898230 138
1898240 138
1898250 138
1898260 138
1898270 138
1898280 138
1898290 138
1898300 138
1898310 138
1898320 138
1898330 139
1898340 139
1898350 138
1898360 138
1898370 138
1898380 138
1898390 138
1898400 138
1898410 138
1898420 138
1898430 138
1898440 138
1898450 138
1898460 138
1898470 138
1898480 139
1898490 139
1898500 139
1898510 139
1898520 139
1898530 139
1898540 139
1898550 139
1898560 139
1898570 138
1898580 138
1898590 138
1898600 138
1898610 138
1898620 138
1898630 138
1898640 138
1898650 138
1898660 138
1898670 138
1898680 138
1898690 138
1898700 138
1898710 138
1898720 138
1898730 138
1898740 138
1898750 138
1898760 138
1898770 137
1898780 136
1898790 136
1898800 136
1898810 136
1898820 136
1898830 136
1898840 137
1898850 137
1898860 138
1898870 138
1898880 138
1898890 137
1898900 137
1898910 137
1898920 136
1898930 136
1898940 136
1898950 136
1898960 136
1898970 136
1898980 135
1898990 136
1899000 136
1899010 136
1899020 136
1899030 136
1899040 136
1899050 135
1899060 135
1899070 135
1899080 135
1899090 135
1899100 135
1899110 135
1899120 135
1899130 135
1899140 135
1899150 135
1899160 135
1899170 135
1899180 135
1899190 135
1899200 135
1899210 135
1899220 135
1899230 135
1899240 135
1899250 135
1899260 135
1899270 135
1899280 134
1899290 134
1899300 134
1899310 134
1899320 135
1899330 135
1899340 135
1899350 135
1899360 135
1899370 135
1899380 135
1899390 135
1899400 135
1899410 135
1899420 135
1899430 135
1899440 135
1899450 135
1899460 135
1899470 136
1899480 136
1899490 135
1899500 135
1899510 135
1899520 135
1899530 135
1899540 135
1899550 135
1899560 135
1899570 135
1899580 135
1899590 135
1899600 135
1899610 135
1899620 135
1899630 135
1899640 135
1899650 135
1899660 135
1899670 135
1899680 135
1899690 134
1899700 134
1899710 133
1899720 133
1899730 133
1899740 133
1899750 133
1899760 133
1899770 133
1899780 133
1899790 133
1899800 134
1899810 134
1899820 134
1899830 134
1899840 135
1899850 135
1899860 135
1899870 135
1899880 135
1899890 135
1899900 135
1899910 135
1899920 135
1899930 135
1899940 135
1899950 135
1899960 135
1899970 135
1899980 135
1899990 135
