1880000 185
1880010 185
1880020 185
1880030 185
1880040 185
1880050 185
1880060 184
1880070 185
1880080 185
1880090 185
1880100 184
1880110 184
1880120 184
1880130 184
1880140 184
1880150 184
1880160 184
1880170 184
1880180 184
1880190 184
1880200 184
1880210 184
1880220 184
1880230 184
1880240 184
1880250 184
1880260 184
1880270 184
1880280 184
1880290 184
1880300 184
1880310 184
1880320 184
1880330 184
1880340 184
1880350 184
1880360 184
1880370 184
1880380 184
1880390 184
1880400 184
1880410 184
1880420 184
1880430 184
1880440 184
1880450 184
1880460 184
1880470 184
1880480 183
1880490 183
1880500 183
1880510 183
1880520 183
1880530 183
1880540 183
1880550 183
1880560 183
1880570 183
1880580 183
1880590 183
1880600 183
1880610 183
1880620 183
1880630 183
1880640 183
1880650 183
1880660 183
1880670 183
1880680 183
1880690 183
1880700 183
1880710 183
1880720 183
1880730 183
1880740 183
1880750 183
1880760 183
1880770 183
1880780 182
1880790 182
1880800 182
1880810 183
1880820 183
1880830 183
1880840 183
1880850 183
1880860 183
1880870 182
1880880 183
1880890 183
1880900 183
1880910 182
1880920 182
1880930 182
1880940 182
1880950 182
1880960 182
1880970 182
1880980 182
1880990 182
1881000 182
1881010 182
1881020 182
1881030 182
1881040 182
1881050 182
1881060 182
1881070 182
1881080 182
1881090 182
1881100 182
1881110 182
1881120 182
1881130 182
1881140 182
1881150 182
1881160 182
1881170 182
1881180 182
1881190 182
1881200 182
1881210 182
1881220 182
1881230 182
1881240 182
1881250 182
1881260 182
1881270 182
1881280 182
1881290 182
1881300 182
1881310 182
1881320 182
1881330 182
1881340 182
1881350 182
1881360 182
1881370 182
1881380 182
1881390 182
1881400 182
1881410 182
1881420 182
1881430 182
1881440 182
1881450 182
1881460 182
1881470 182
1881480 182
1881490 182
1881500 182
1881510 182
1881520 182
1881530 182
1881540 182
1881550 182
1881560 182
1881570 182
1881580 182
1881590 181
1881600 181
1881610 181
1881620 181
1881630 181
1881640 181
1881650 181
1881660 181
1881670 181
1881680 181
1881690 181
1881700 181
1881710 181
1881720 181
1881730 181
1881740 181
1881750 181
1881760 181
1881770 181
1881780 181
1881790 181
1881800 181
1881810 181
1881820 181
1881830 181
1881840 181
1881850 181
1881860 181
1881870 181
1881880 181
1881890 181
1881900 181
1881910 181
1881920 181
1881930 181
1881940 181
1881950 181
1881960 181
1881970 181
1881980 181
1881990 181
1882000 181
1882010 181
1882020 181
1882030 181
1882040 181
1882050 181
1882060 181
1882070 180
1882080 180
1882090 180
1882100 180
1882110 180
1882120 180
1882130 180
1882140 180
1882150 180
1882160 180
1882170 180
1882180 180
1882190 180
1882200 180
1882210 180
1882220 180
1882230 180
1882240 180
1882250 180
1882260 180
1882270 180
1882280 180
1882290 180
1882300 180
1882310 180
1882320 180
1882330 180
1882340 180
1882350 180
1882360 180
1882370 180
1882380 180
1882390 180
1882400 180
1882410 180
1882420 180
1882430 180
1882440 180
1882450 180
1882460 180
1882470 180
1882480 180
1882490 180
1882500 180
1882510 180
1882520 180
1882530 180
1882540 180
1882550 180
1882560 180
1882570 180
1882580 180
1882590 180
1882600 180
1882610 180
1882620 180
1882630 180
1882640 180
1882650 181
1882660 181
1882670 181
1882680 181
1882690 181
1882700 181
1882710 181
1882720 181
1882730 181
1882740 182
1882750 182
1882760 182
1882770 182
1882780 182
1882790 182
1882800 182
1882810 182
1882820 182
1882830 182
1882840 182
1882850 182
1882860 182
1882870 182
1882880 182
1882890 182
1882900 182
1882910 182
1882920 182
1882930 182
1882940 182
1882950 182
1882960 182
1882970 182
1882980 182
1882990 182
1883000 182
1883010 182
1883020 182
1883030 182
1883040 181
1883050 181
1883060 181
1883070 181
1883080 181
1883090 181
1883100 181
1883110 181
1883120 181
1883130 181
1883140 181
1883150 181
1883160 181
1883170 181
1883180 181
1883190 181
1883200 181
1883210 181
1883220 181
1883230 181
1883240 181
1883250 181
1883260 181
1883270 181
1883280 181
1883290 181
1883300 181
1883310 181
1883320 181
1883330 181
1883340 181
1883350 181
1883360 181
1883370 181
1883380 181
1883390 181
1883400 181
1883410 181
1883420 181
1883430 181
1883440 181
1883450 181
1883460 181
1883470 181
1883480 181
1883490 181
1883500 181
1883510 181
1883520 181
1883530 181
1883540 181
1883550 181
1883560 181
1883570 181
1883580 181
1883590 181
1883600 181
1883610 181
1883620 181
1883630 181
1883640 181
1883650 181
1883660 181
1883670 181
1883680 181
1883690 181
1883700 181
1883710 181
1883720 181
1883730 181
1883740 181
1883750 181
1883760 181
1883770 181
1883780 181
1883790 181
1883800 181
1883810 181
1883820 181
1883830 181
1883840 181
1883850 181
1883860 181
1883870 181
1883880 181
1883890 181
1883900 181
1883910 181
1883920 180
1883930 180
1883940 180
1883950 180
1883960 180
1883970 180
1883980 180
1883990 180
1884000 180
1884010 181
1884020 181
1884030 181
1884040 181
1884050 181
1884060 181
1884070 181
1884080 181
1884090 182
1884100 182
1884110 182
1884120 182
1884130 182
1884140 182
1884150 182
1884160 182
1884170 182
1884180 182
1884190 182
1884200 182
1884210 182
1884220 183
1884230 183
1884240 183
1884250 183
1884260 183
1884270 183
1884280 183
1884290 183
1884300 183
1884310 183
1884320 183
1884330 183
1884340 183
1884350 183
1884360 183
1884370 184
1884380 184
1884390 184
1884400 184
1884410 184
1884420 184
1884430 184
1884440 184
1884450 184
1884460 184
1884470 184
1884480 184
1884490 184
1884500 184
1884510 184
1884520 185
1884530 185
1884540 185
1884550 185
1884560 185
1884570 185
1884580 185
1884590 185
1884600 185
1884610 185
1884620 185
1884630 185
1884640 185
1884650 185
1884660 185
1884670 186
1884680 186
1884690 186
1884700 186
1884710 186
1884720 186
1884730 186
1884740 186
1884750 186
1884760 186
1884770 186
1884780 186
1884790 186
1884800 186
1884810 186
1884820 186
1884830 187
1884840 187
1884850 187
1884860 187
1884870 187
1884880 187
1884890 187
1884900 187
1884910 187
1884920 188
1884930 188
1884940 188
1884950 188
1884960 188
1884970 188
1884980 188
1884990 188
1885000 189
1885010 189
1885020 189
1885030 189
1885040 189
1885050 189
1885060 190
1885070 190
1885080 190
1885090 190
1885100 191
1885110 191
1885120 191
1885130 191
1885140 191
1885150 191
1885160 192
1885170 192
1885180 192
1885190 192
1885200 192
1885210 193
1885220 193
1885230 193
1885240 194
1885250 194
1885260 194
1885270 194
1885280 195
1885290 195
1885300 195
1885310 195
1885320 195
1885330 196
1885340 196
1885350 196
1885360 197
1885370 197
1885380 197
1885390 198
1885400 198
1885410 198
1885420 199
1885430 199
1885440 199
1885450 200
1885460 201
1885470 201
1885480 201
1885490 202
1885500 202
1885510 202
1885520 203
1885530 203
1885540 204
1885550 204
1885560 204
1885570 205
1885580 205
1885590 205
1885600 206
1885610 207
1885620 207
1885630 208
1885640 208
1885650 208
1885660 209
1885670 210
1885680 210
1885690 211
1885700 212
1885710 212
1885720 213
1885730 214
1885740 214
1885750 214
1885760 215
1885770 215
1885780 217
1885790 217
1885800 217
1885810 218
1885820 218
1885830 218
1885840 219
1885850 221
1885860 221
1885870 221
1885880 222
1885890 222
1885900 223
1885910 223
1885920 223
1885930 224
1885940 224
1885950 224
1885960 225
1885970 228
1885980 228
1885990 229
1886000 229
1886010 229
1886020 228
1886030 227
1886040 227
1886050 227
1886060 228
1886070 228
1886080 228
1886090 228
1886100 228
1886110 229
1886120 228
1886130 228
1886140 229
1886150 229
1886160 229
1886170 230
1886180 230
1886190 230
1886200 231
1886210 231
1886220 231
1886230 231
1886240 232
1886250 232
1886260 232
1886270 233
1886280 233
1886290 233
1886300 233
1886310 233
1886320 234
1886330 235
1886340 235
1886350 236
1886360 236
1886370 236
1886380 237
1886390 238
1886400 238
1886410 239
1886420 240
1886430 240
1886440 239
1886450 240
1886460 240
1886470 241
1886480 242
1886490 242
1886500 243
1886510 245
1886520 245
1886530 246
1886540 247
1886550 247
1886560 248
1886570 249
1886580 249
1886590 249
1886600 250
1886610 250
1886620 252
1886630 253
1886640 253
1886650 255
1886660 259
1886670 259
1886680 264
1886690 267
1886700 267
1886710 269
1886720 270
1886730 270
1886740 270
1886750 269
1886760 263
1886770 263
1886780 263
1886790 265
1886800 265
1886810 265
1886820 264
1886830 264
1886840 263
1886850 262
1886860 262
1886870 260
1886880 258
1886890 258
1886900 255
1886910 252
1886920 252
1886930 249
1886940 247
1886950 247
1886960 245
1886970 242
1886980 242
1886990 240
1887000 239
1887010 239
1887020 236
1887030 235
1887040 235
1887050 234
1887060 234
1887070 234
1887080 232
1887090 232
1887100 232
1887110 232
1887120 231
1887130 231
1887140 231
1887150 231
1887160 231
1887170 231
1887180 231
1887190 231
1887200 230
1887210 230
1887220 230
1887230 229
1887240 229
1887250 229
1887260 228
1887270 228
1887280 228
1887290 228
1887300 227
1887310 227
1887320 227
1887330 226
1887340 226
1887350 226
1887360 226
1887370 226
1887380 225
1887390 225
1887400 224
1887410 224
1887420 224
1887430 224
1887440 223
1887450 223
1887460 223
1887470 223
1887480 223
1887490 223
1887500 223
1887510 223
1887520 223
1887530 223
1887540 223
1887550 223
1887560 222
1887570 222
1887580 222
1887590 222
1887600 222
1887610 222
1887620 222
1887630 222
1887640 222
1887650 222
1887660 222
1887670 222
1887680 222
1887690 222
1887700 222
1887710 222
1887720 221
1887730 221
1887740 221
1887750 221
1887760 221
1887770 221
1887780 221
1887790 221
1887800 221
1887810 221
1887820 221
1887830 221
1887840 221
1887850 221
1887860 221
1887870 221
1887880 221
1887890 221
1887900 221
1887910 221
1887920 221
1887930 221
1887940 221
1887950 222
1887960 222
1887970 222
1887980 222
1887990 222
1888000 222
1888010 222
1888020 222
1888030 222
1888040 221
1888050 222
1888060 222
1888070 222
1888080 222
1888090 222
1888100 222
1888110 222
1888120 222
1888130 223
1888140 223
1888150 223
1888160 223
1888170 224
1888180 224
1888190 224
1888200 224
1888210 224
1888220 225
1888230 225
1888240 225
1888250 226
1888260 226
1888270 226
1888280 227
1888290 228
1888300 228
1888310 228
1888320 229
1888330 229
1888340 230
1888350 231
1888360 231
1888370 232
1888380 232
1888390 232
1888400 233
1888410 233
1888420 233
1888430 234
1888440 234
1888450 234
1888460 234
1888470 234
1888480 234
1888490 234
1888500 234
1888510 234
1888520 234
1888530 234
1888540 234
1888550 234
1888560 234
1888570 234
1888580 234
1888590 234
1888600 234
1888610 234
1888620 234
1888630 234
1888640 235
1888650 235
1888660 235
1888670 235
1888680 236
1888690 236
1888700 237
1888710 237
1888720 237
1888730 237
1888740 238
1888750 238
1888760 238
1888770 238
1888780 238
1888790 238
1888800 239
1888810 239
1888820 239
1888830 239
1888840 239
1888850 239
1888860 239
1888870 239
1888880 239
1888890 239
1888900 239
1888910 240
1888920 240
1888930 240
1888940 240
1888950 240
1888960 240
1888970 240
1888980 241
1888990 241
1889000 241
1889010 241
1889020 241
1889030 241
1889040 242
1889050 242
1889060 242
1889070 242
1889080 242
1889090 242
1889100 243
1889110 243
1889120 243
1889130 243
1889140 244
1889150 244
1889160 244
1889170 244
1889180 244
1889190 245
1889200 245
1889210 245
1889220 245
1889230 245
1889240 245
1889250 245
1889260 245
1889270 245
1889280 245
1889290 245
1889300 245
1889310 245
1889320 246
1889330 246
1889340 246
1889350 246
1889360 246
1889370 246
1889380 246
1889390 246
1889400 246
1889410 246
1889420 246
1889430 246
1889440 246
1889450 246
1889460 245
1889470 245
1889480 245
1889490 245
1889500 244
1889510 244
1889520 244
1889530 243
1889540 243
1889550 243
1889560 242
1889570 242
1889580 242
1889590 241
1889600 241
1889610 241
1889620 240
1889630 240
1889640 239
1889650 238
1889660 238
1889670 238
1889680 237
1889690 237
1889700 236
1889710 235
1889720 235
1889730 234
1889740 234
1889750 234
1889760 233
1889770 232
1889780 232
1889790 231
1889800 230
1889810 230
1889820 229
1889830 228
1889840 228
1889850 227
1889860 226
1889870 226
1889880 225
1889890 224
1889900 224
1889910 224
1889920 223
1889930 223
1889940 222
1889950 221
1889960 221
1889970 220
1889980 219
1889990 219
1890000 217
1890010 216
1890020 216
1890030 216
1890040 215
1890050 215
1890060 215
1890070 214
1890080 214
1890090 212
1890100 211
1890110 211
1890120 210
1890130 209
1890140 209
1890150 209
1890160 208
1890170 208
1890180 207
1890190 206
1890200 206
1890210 205
1890220 204
1890230 204
1890240 204
1890250 203
1890260 203
1890270 202
1890280 202
1890290 202
1890300 201
1890310 201
1890320 201
1890330 200
1890340 200
1890350 200
1890360 199
1890370 199
1890380 199
1890390 199
1890400 199
1890410 199
1890420 198
1890430 198
1890440 198
1890450 199
1890460 198
1890470 198
1890480 197
1890490 197
1890500 197
1890510 198
1890520 198
1890530 198
1890540 199
1890550 198
1890560 198
1890570 199
1890580 200
1890590 200
1890600 200
1890610 200
1890620 200
1890630 200
1890640 200
1890650 200
1890660 200
1890670 200
1890680 200
1890690 200
1890700 200
1890710 200
1890720 200
1890730 201
1890740 201
1890750 201
1890760 201
1890770 201
1890780 201
1890790 201
1890800 201
1890810 201
1890820 200
1890830 200
1890840 200
1890850 200
1890860 200
1890870 200
1890880 200
1890890 200
1890900 199
1890910 199
1890920 199
1890930 199
1890940 198
1890950 198
1890960 198
1890970 198
1890980 198
1890990 197
1891000 197
1891010 197
1891020 197
1891030 197
1891040 197
1891050 196
1891060 196
1891070 196
1891080 195
1891090 195
1891100 195
1891110 195
1891120 195
1891130 195
1891140 194
1891150 193
1891160 193
1891170 193
1891180 192
1891190 192
1891200 192
1891210 191
1891220 191
1891230 191
1891240 191
1891250 191
1891260 191
1891270 191
1891280 191
1891290 191
1891300 191
1891310 191
1891320 191
1891330 191
1891340 191
1891350 191
1891360 192
1891370 193
1891380 193
1891390 192
1891400 192
1891410 192
1891420 193
1891430 193
1891440 193
1891450 193
1891460 194
1891470 194
1891480 194
1891490 194
1891500 194
1891510 195
1891520 196
1891530 196
1891540 196
1891550 197
1891560 197
1891570 197
1891580 197
1891590 197
1891600 197
1891610 197
1891620 197
1891630 197
1891640 198
1891650 198
1891660 199
1891670 199
1891680 199
1891690 200
1891700 200
1891710 200
1891720 200
1891730 201
1891740 201
1891750 201
1891760 201
1891770 201
1891780 201
1891790 201
1891800 201
1891810 201
1891820 201
1891830 201
1891840 201
1891850 201
1891860 201
1891870 202
1891880 201
1891890 201
1891900 201
1891910 201
1891920 201
1891930 201
1891940 200
1891950 200
1891960 200
1891970 200
1891980 200
1891990 200
1892000 199
1892010 199
1892020 199
1892030 199
1892040 199
1892050 199
1892060 199
1892070 199
1892080 199
1892090 199
1892100 199
1892110 199
1892120 198
1892130 198
1892140 198
1892150 198
1892160 198
1892170 198
1892180 197
1892190 198
1892200 198
1892210 197
1892220 197
1892230 197
1892240 197
1892250 197
1892260 197
1892270 198
1892280 198
1892290 198
1892300 198
1892310 198
1892320 198
1892330 198
1892340 198
1892350 198
1892360 198
1892370 198
1892380 198
1892390 197
1892400 197
1892410 197
1892420 197
1892430 197
1892440 196
1892450 196
1892460 196
1892470 195
1892480 195
1892490 195
1892500 194
1892510 195
1892520 195
1892530 195
1892540 195
1892550 195
1892560 195
1892570 194
1892580 194
1892590 194
1892600 194
1892610 194
1892620 194
1892630 193
1892640 193
1892650 193
1892660 193
1892670 193
1892680 194
1892690 194
1892700 194
1892710 196
1892720 196
1892730 196
1892740 196
1892750 196
1892760 196
1892770 196
1892780 196
1892790 196
1892800 197
1892810 197
1892820 198
1892830 198
1892840 198
1892850 198
1892860 198
1892870 198
1892880 198
1892890 197
1892900 197
1892910 197
1892920 197
1892930 197
1892940 197
1892950 196
1892960 196
1892970 196
1892980 195
1892990 195
1893000 195
1893010 195
1893020 195
1893030 195
1893040 194
1893050 194
1893060 194
1893070 194
1893080 194
1893090 194
1893100 193
1893110 193
1893120 193
1893130 193
1893140 193
1893150 193
1893160 193
1893170 192
1893180 192
1893190 192
1893200 192
1893210 192
1893220 192
1893230 192
1893240 192
1893250 192
1893260 192
1893270 192
1893280 192
1893290 192
1893300 192
1893310 192
1893320 192
1893330 192
1893340 192
1893350 192
1893360 192
1893370 193
1893380 193
1893390 193
1893400 194
1893410 195
1893420 195
1893430 197
1893440 198
1893450 198
1893460 200
1893470 201
1893480 201
1893490 202
1893500 204
1893510 204
1893520 206
1893530 208
1893540 208
1893550 209
1893560 210
1893570 210
1893580 210
1893590 211
1893600 211
1893610 211
1893620 212
1893630 212
1893640 212
1893650 212
1893660 213
1893670 213
1893680 213
1893690 213
1893700 213
1893710 213
1893720 213
1893730 213
1893740 213
1893750 213
1893760 213
1893770 212
1893780 212
1893790 212
1893800 211
1893810 211
1893820 211
1893830 211
1893840 210
1893850 210
1893860 210
1893870 209
1893880 209
1893890 208
1893900 208
1893910 208
1893920 207
1893930 206
1893940 206
1893950 206
1893960 205
1893970 205
1893980 204
1893990 203
1894000 203
1894010 202
1894020 201
1894030 201
1894040 200
1894050 199
1894060 199
1894070 199
1894080 198
1894090 197
1894100 196
1894110 195
1894120 195
1894130 195
1894140 194
1894150 194
1894160 193
1894170 192
1894180 192
1894190 191
1894200 190
1894210 190
1894220 189
1894230 188
1894240 188
1894250 187
1894260 186
1894270 186
1894280 185
1894290 184
1894300 184
1894310 183
1894320 183
1894330 183
1894340 182
1894350 182
1894360 182
1894370 182
1894380 181
1894390 181
1894400 181
1894410 182
1894420 182
1894430 182
1894440 182
1894450 182
1894460 183
1894470 183
1894480 183
1894490 184
1894500 184
1894510 184
1894520 184
1894530 185
1894540 185
1894550 185
1894560 185
1894570 185
1894580 185
1894590 185
1894600 185
1894610 185
1894620 185
1894630 185
1894640 184
1894650 184
1894660 184
1894670 184
1894680 184
1894690 184
1894700 183
1894710 183
1894720 183
1894730 183
1894740 182
1894750 182
1894760 182
1894770 181
1894780 181
1894790 181
1894800 180
1894810 180
1894820 180
1894830 179
1894840 179
1894850 179
1894860 178
1894870 178
1894880 177
1894890 177
1894900 177
1894910 176
1894920 176
1894930 176
1894940 175
1894950 175
1894960 175
1894970 175
1894980 174
1894990 174
1895000 174
1895010 174
1895020 174
1895030 174
1895040 174
1895050 174
1895060 173
1895070 173
1895080 173
1895090 173
1895100 173
1895110 173
1895120 173
1895130 173
1895140 173
1895150 173
1895160 173
1895170 173
1895180 173
1895190 173
1895200 173
1895210 173
1895220 173
1895230 173
1895240 173
1895250 173
1895260 173
1895270 172
1895280 172
1895290 172
1895300 172
1895310 171
1895320 171
1895330 171
1895340 170
1895350 170
1895360 169
1895370 168
1895380 168
1895390 168
1895400 167
1895410 167
1895420 166
1895430 165
1895440 165
1895450 165
1895460 164
1895470 164
1895480 164
1895490 163
1895500 163
1895510 163
1895520 162
1895530 162
1895540 162
1895550 161
1895560 161
1895570 161
1895580 161
1895590 161
1895600 161
1895610 160
1895620 160
1895630 160
1895640 160
1895650 160
1895660 160
1895670 160
1895680 160
1895690 160
1895700 160
1895710 160
1895720 160
1895730 160
1895740 160
1895750 160
1895760 160
1895770 160
1895780 159
1895790 158
1895800 158
1895810 158
1895820 157
1895830 157
1895840 157
1895850 157
1895860 157
1895870 157
1895880 157
1895890 157
1895900 157
1895910 156
1895920 156
1895930 156
1895940 156
1895950 156
1895960 156
1895970 155
1895980 155
1895990 155
1896000 155
1896010 155
1896020 155
1896030 155
1896040 155
1896050 155
1896060 154
1896070 154
1896080 154
1896090 154
1896100 154
1896110 154
1896120 154
1896130 154
1896140 154
1896150 153
1896160 153
1896170 153
1896180 153
1896190 153
1896200 153
1896210 153
1896220 153
1896230 153
1896240 153
1896250 152
1896260 152
1896270 152
1896280 152
1896290 152
1896300 152
1896310 152
1896320 152
1896330 152
1896340 152
1896350 152
1896360 152
1896370 151
1896380 151
1896390 151
1896400 151
1896410 151
1896420 151
1896430 151
1896440 151
1896450 151
1896460 151
1896470 151
1896480 151
1896490 151
1896500 151
1896510 150
1896520 150
1896530 150
1896540 150
1896550 150
1896560 150
1896570 150
1896580 150
1896590 150
1896600 150
1896610 150
1896620 150
1896630 150
1896640 150
1896650 150
1896660 150
1896670 150
1896680 150
1896690 150
1896700 150
1896710 150
1896720 150
1896730 149
1896740 149
1896750 149
1896760 148
1896770 148
1896780 148
1896790 147
1896800 147
1896810 146
1896820 147
1896830 147
1896840 148
1896850 148
1896860 148
1896870 148
1896880 148
1896890 148
1896900 147
1896910 145
1896920 145
1896930 144
1896940 143
1896950 143
1896960 143
1896970 142
1896980 142
1896990 142
1897000 141
1897010 141
1897020 141
1897030 140
1897040 140
1897050 140
1897060 139
1897070 139
1897080 139
1897090 139
1897100 139
1897110 139
1897120 139
1897130 139
1897140 139
1897150 139
1897160 139
1897170 139
1897180 139
1897190 139
1897200 138
1897210 136
1897220 136
1897230 135
1897240 135
1897250 135
1897260 134
1897270 134
1897280 134
1897290 133
1897300 133
1897310 133
1897320 133
1897330 133
1897340 133
1897350 133
1897360 134
1897370 134
1897380 134
1897390 134
1897400 134
1897410 134
1897420 134
1897430 134
1897440 135
1897450 137
1897460 137
1897470 138
1897480 137
1897490 137
1897500 137
1897510 136
1897520 136
1897530 136
1897540 136
1897550 136
1897560 136
1897570 136
1897580 136
1897590 136
1897600 137
1897610 137
1897620 137
1897630 137
1897640 137
1897650 137
1897660 137
1897670 137
1897680 137
1897690 137
1897700 137
1897710 137
1897720 137
1897730 137
1897740 136
1897750 136
1897760 136
1897770 136
1897780 136
1897790 136
1897800 136
1897810 136
1897820 136
1897830 136
1897840 136
1897850 136
1897860 136
1897870 136
1897880 136
1897890 136
1897900 136
1897910 136
1897920 136
1897930 136
1897940 136
1897950 136
1897960 136
1897970 136
1897980 136
1897990 136
1898000 136
1898010 136
1898020 136
1898030 136
1898040 136
1898050 136
1898060 136
1898070 136
1898080 136
1898090 136
1898100 136
1898110 136
1898120 136
1898130 136
1898140 136
1898150 136
1898160 136
1898170 136
1898180 136
1898190 136
1898200 136
1898210 136
1898220 136
1898230 136
1898240 136
1898250 136
1898260 136
1898270 136
1898280 136
1898290 136
1898300 136
1898310 136
1898320 136
1898330 136
1898340 136
1898350 136
1898360 136
1898370 136
1898380 136
1898390 136
1898400 136
1898410 136
1898420 136
1898430 136
1898440 136
1898450 136
1898460 136
1898470 136
1898480 136
1898490 136
1898500 136
1898510 136
1898520 136
1898530 136
1898540 136
1898550 136
1898560 136
1898570 136
1898580 136
1898590 136
1898600 136
1898610 136
1898620 136
1898630 136
1898640 136
1898650 136
1898660 136
1898670 136
1898680 136
1898690 136
1898700 136
1898710 135
1898720 135
1898730 135
1898740 135
1898750 135
1898760 135
1898770 135
1898780 135
1898790 135
1898800 136
1898810 136
1898820 136
1898830 136
1898840 136
1898850 136
1898860 136
1898870 136
1898880 136
1898890 136
1898900 136
1898910 136
1898920 136
1898930 136
1898940 136
1898950 136
1898960 136
1898970 136
1898980 136
1898990 136
1899000 136
1899010 136
1899020 136
1899030 136
1899040 136
1899050 136
1899060 136
1899070 136
1899080 136
1899090 136
1899100 136
1899110 136
1899120 136
1899130 136
1899140 136
1899150 136
1899160 136
1899170 136
1899180 136
1899190 136
1899200 136
1899210 136
1899220 136
1899230 136
1899240 136
1899250 136
1899260 136
1899270 136
1899280 136
1899290 136
1899300 136
1899310 135
1899320 135
1899330 135
1899340 135
1899350 135
1899360 135
1899370 135
1899380 136
1899390 136
1899400 136
1899410 136
1899420 136
1899430 136
1899440 136
1899450 136
1899460 136
1899470 136
1899480 136
1899490 136
1899500 136
1899510 136
1899520 136
1899530 136
1899540 136
1899550 135
1899560 135
1899570 135
1899580 135
1899590 135
1899600 135
1899610 136
1899620 136
1899630 136
1899640 136
1899650 136
1899660 136
1899670 136
1899680 136
1899690 136
1899700 136
1899710 136
1899720 136
1899730 135
1899740 136
1899750 136
1899760 135
1899770 135
1899780 135
1899790 135
1899800 135
1899810 135
1899820 135
1899830 135
1899840 135
1899850 135
1899860 135
1899870 135
1899880 135
1899890 135
1899900 135
1899910 135
1899920 135
1899930 135
1899940 135
1899950 135
1899960 135
1899970 135
1899980 135
1899990 135
