1880000 185
1880010 185
1880020 185
1880030 185
1880040 185
1880050 185
1880060 185
1880070 185
1880080 185
1880090 185
1880100 185
1880110 184
1880120 184
1880130 184
1880140 184
1880150 184
1880160 184
1880170 184
1880180 184
1880190 184
1880200 184
1880210 184
1880220 184
1880230 184
1880240 184
1880250 184
1880260 184
1880270 183
1880280 183
1880290 183
1880300 183
1880310 183
1880320 183
1880330 183
1880340 183
1880350 183
1880360 183
1880370 183
1880380 183
1880390 183
1880400 183
1880410 183
1880420 183
1880430 183
1880440 183
1880450 183
1880460 183
1880470 183
1880480 183
1880490 183
1880500 183
1880510 183
1880520 183
1880530 183
1880540 183
1880550 183
1880560 182
1880570 182
1880580 182
1880590 182
1880600 183
1880610 183
1880620 183
1880630 183
1880640 183
1880650 183
1880660 183
1880670 183
1880680 183
1880690 183
1880700 183
1880710 183
1880720 183
1880730 183
1880740 183
1880750 183
1880760 183
1880770 183
1880780 183
1880790 183
1880800 182
1880810 182
1880820 183
1880830 183
1880840 182
1880850 182
1880860 182
1880870 182
1880880 182
1880890 182
1880900 182
1880910 182
1880920 182
1880930 182
1880940 182
1880950 182
1880960 182
1880970 182
1880980 182
1880990 182
1881000 182
1881010 182
1881020 182
1881030 182
1881040 182
1881050 182
1881060 182
1881070 182
1881080 182
1881090 182
1881100 182
1881110 182
1881120 182
1881130 182
1881140 182
1881150 182
1881160 182
1881170 182
1881180 183
1881190 183
1881200 182
1881210 182
1881220 182
1881230 182
1881240 183
1881250 183
1881260 182
1881270 182
1881280 182
1881290 182
1881300 182
1881310 182
1881320 182
1881330 182
1881340 182
1881350 182
1881360 182
1881370 182
1881380 182
1881390 182
1881400 182
1881410 182
1881420 182
1881430 182
1881440 182
1881450 182
1881460 182
1881470 182
1881480 182
1881490 182
1881500 182
1881510 182
1881520 182
1881530 182
1881540 182
1881550 182
1881560 182
1881570 182
1881580 182
1881590 182
1881600 182
1881610 182
1881620 182
1881630 182
1881640 182
1881650 182
1881660 182
1881670 182
1881680 181
1881690 182
1881700 182
1881710 182
1881720 182
1881730 182
1881740 182
1881750 182
1881760 182
1881770 182
1881780 182
1881790 182
1881800 182
1881810 182
1881820 182
1881830 182
1881840 182
1881850 182
1881860 182
1881870 182
1881880 182
1881890 182
1881900 182
1881910 182
1881920 182
1881930 182
1881940 182
1881950 182
1881960 182
1881970 182
1881980 182
1881990 182
1882000 182
1882010 182
1882020 182
1882030 182
1882040 182
1882050 182
1882060 182
1882070 182
1882080 182
1882090 182
1882100 182
1882110 183
1882120 183
1882130 183
1882140 183
1882150 183
1882160 183
1882170 183
1882180 183
1882190 183
1882200 183
1882210 183
1882220 183
1882230 183
1882240 183
1882250 183
1882260 183
1882270 183
1882280 183
1882290 183
1882300 183
1882310 183
1882320 183
1882330 183
1882340 183
1882350 183
1882360 183
1882370 183
1882380 183
1882390 183
1882400 183
1882410 183
1882420 183
1882430 183
1882440 183
1882450 183
1882460 183
1882470 184
1882480 184
1882490 183
1882500 183
1882510 183
1882520 184
1882530 184
1882540 184
1882550 183
1882560 184
1882570 184
1882580 183
1882590 184
1882600 184
1882610 184
1882620 183
1882630 183
1882640 183
1882650 183
1882660 183
1882670 183
1882680 183
1882690 183
1882700 183
1882710 183
1882720 183
1882730 183
1882740 183
1882750 183
1882760 184
1882770 184
1882780 184
1882790 184
1882800 184
1882810 184
1882820 184
1882830 184
1882840 184
1882850 184
1882860 184
1882870 184
1882880 184
1882890 184
1882900 184
1882910 184
1882920 184
1882930 184
1882940 184
1882950 184
1882960 184
1882970 184
1882980 184
1882990 184
1883000 184
1883010 184
1883020 184
1883030 184
1883040 184
1883050 184
1883060 184
1883070 184
1883080 184
1883090 184
1883100 184
1883110 184
1883120 184
1883130 184
1883140 184
1883150 184
1883160 184
1883170 184
1883180 184
1883190 184
1883200 184
1883210 184
1883220 184
1883230 184
1883240 184
1883250 184
1883260 184
1883270 184
1883280 184
1883290 184
1883300 184
1883310 184
1883320 184
1883330 184
1883340 184
1883350 184
1883360 184
1883370 184
1883380 184
1883390 184
1883400 184
1883410 184
1883420 184
1883430 184
1883440 184
1883450 184
1883460 184
1883470 184
1883480 184
1883490 184
1883500 184
1883510 184
1883520 184
1883530 184
1883540 184
1883550 184
1883560 184
1883570 184
1883580 184
1883590 183
1883600 183
1883610 183
1883620 183
1883630 183
1883640 183
1883650 183
1883660 183
1883670 183
1883680 183
1883690 183
1883700 183
1883710 183
1883720 183
1883730 183
1883740 183
1883750 183
1883760 183
1883770 183
1883780 183
1883790 183
1883800 183
1883810 183
1883820 183
1883830 183
1883840 183
1883850 183
1883860 183
1883870 183
1883880 183
1883890 183
1883900 183
1883910 183
1883920 183
1883930 183
1883940 183
1883950 183
1883960 183
1883970 183
1883980 183
1883990 183
1884000 183
1884010 183
1884020 183
1884030 183
1884040 183
1884050 183
1884060 183
1884070 183
1884080 183
1884090 183
1884100 183
1884110 183
1884120 183
1884130 183
1884140 183
1884150 183
1884160 183
1884170 183
1884180 183
1884190 183
1884200 183
1884210 183
1884220 184
1884230 184
1884240 184
1884250 183
1884260 183
1884270 183
1884280 183
1884290 183
1884300 183
1884310 183
1884320 183
1884330 183
1884340 184
1884350 184
1884360 184
1884370 184
1884380 184
1884390 184
1884400 184
1884410 184
1884420 184
1884430 184
1884440 184
1884450 184
1884460 184
1884470 184
1884480 184
1884490 184
1884500 184
1884510 184
1884520 184
1884530 184
1884540 184
1884550 184
1884560 184
1884570 184
1884580 184
1884590 184
1884600 185
1884610 185
1884620 185
1884630 185
1884640 185
1884650 185
1884660 185
1884670 185
1884680 185
1884690 185
1884700 185
1884710 185
1884720 185
1884730 185
1884740 185
1884750 185
1884760 185
1884770 185
1884780 185
1884790 186
1884800 186
1884810 186
1884820 186
1884830 186
1884840 186
1884850 186
1884860 186
1884870 187
1884880 186
1884890 186
1884900 186
1884910 186
1884920 186
1884930 187
1884940 187
1884950 187
1884960 187
1884970 187
1884980 187
1884990 187
1885000 188
1885010 188
1885020 188
1885030 188
1885040 188
1885050 188
1885060 189
1885070 189
1885080 189
1885090 189
1885100 189
1885110 189
1885120 190
1885130 190
1885140 190
1885150 190
1885160 190
1885170 191
1885180 191
1885190 191
1885200 191
1885210 192
1885220 192
1885230 192
1885240 192
1885250 193
1885260 193
1885270 193
1885280 194
1885290 194
1885300 194
1885310 194
1885320 194
1885330 195
1885340 195
1885350 195
1885360 196
1885370 196
1885380 196
1885390 196
1885400 197
1885410 197
1885420 197
1885430 198
1885440 198
1885450 198
1885460 199
1885470 199
1885480 199
1885490 200
1885500 200
1885510 202
1885520 203
1885530 203
1885540 204
1885550 207
1885560 207
1885570 209
1885580 211
1885590 211
1885600 213
1885610 216
1885620 216
1885630 219
1885640 221
1885650 221
1885660 224
1885670 227
1885680 227
1885690 231
1885700 234
1885710 234
1885720 238
1885730 242
1885740 242
1885750 245
1885760 248
1885770 248
1885780 250
1885790 253
1885800 253
1885810 255
1885820 258
1885830 258
1885840 260
1885850 261
1885860 261
1885870 262
1885880 264
1885890 264
1885900 262
1885910 263
1885920 263
1885930 266
1885940 268
1885950 268
1885960 269
1885970 271
1885980 271
1885990 272
1886000 272
1886010 272
1886020 274
1886030 276
1886040 276
1886050 278
1886060 279
1886070 279
1886080 281
1886090 282
1886100 282
1886110 284
1886120 285
1886130 285
1886140 286
1886150 286
1886160 286
1886170 286
1886180 285
1886190 285
1886200 285
1886210 284
1886220 281
1886230 281
1886240 280
1886250 280
1886260 278
1886270 276
1886280 276
1886290 274
1886300 273
1886310 273
1886320 274
1886330 274
1886340 274
1886350 274
1886360 274
1886370 274
1886380 273
1886390 273
1886400 273
1886410 273
1886420 273
1886430 273
1886440 274
1886450 275
1886460 275
1886470 277
1886480 280
1886490 280
1886500 281
1886510 282
1886520 282
1886530 283
1886540 284
1886550 284
1886560 285
1886570 287
1886580 287
1886590 289
1886600 290
1886610 290
1886620 291
1886630 292
1886640 292
1886650 293
1886660 294
1886670 294
1886680 294
1886690 295
1886700 295
1886710 296
1886720 297
1886730 297
1886740 298
1886750 299
1886760 299
1886770 299
1886780 299
1886790 299
1886800 299
1886810 300
1886820 300
1886830 300
1886840 300
1886850 300
1886860 300
1886870 300
1886880 300
1886890 300
1886900 299
1886910 299
1886920 298
1886930 298
1886940 298
1886950 297
1886960 296
1886970 296
1886980 295
1886990 295
1887000 295
1887010 294
1887020 293
1887030 293
1887040 292
1887050 292
1887060 292
1887070 290
1887080 289
1887090 289
1887100 288
1887110 287
1887120 287
1887130 285
1887140 282
1887150 282
1887160 279
1887170 276
1887180 273
1887190 270
1887200 268
1887210 268
1887220 266
1887230 263
1887240 263
1887250 260
1887260 259
1887270 259
1887280 256
1887290 253
1887300 253
1887310 250
1887320 249
1887330 249
1887340 248
1887350 248
1887360 248
1887370 247
1887380 246
1887390 246
1887400 246
1887410 245
1887420 245
1887430 245
1887440 244
1887450 244
1887460 244
1887470 243
1887480 243
1887490 243
1887500 241
1887510 241
1887520 241
1887530 240
1887540 240
1887550 240
1887560 240
1887570 239
1887580 239
1887590 239
1887600 239
1887610 239
1887620 238
1887630 238
1887640 238
1887650 238
1887660 238
1887670 238
1887680 237
1887690 237
1887700 237
1887710 237
1887720 237
1887730 237
1887740 236
1887750 236
1887760 236
1887770 236
1887780 236
1887790 236
1887800 236
1887810 236
1887820 235
1887830 235
1887840 235
1887850 235
1887860 235
1887870 235
1887880 235
1887890 234
1887900 235
1887910 235
1887920 235
1887930 234
1887940 234
1887950 234
1887960 234
1887970 234
1887980 235
1887990 235
1888000 235
1888010 235
1888020 235
1888030 235
1888040 235
1888050 235
1888060 235
1888070 235
1888080 235
1888090 235
1888100 235
1888110 235
1888120 235
1888130 235
1888140 235
1888150 234
1888160 234
1888170 234
1888180 234
1888190 234
1888200 234
1888210 234
1888220 234
1888230 234
1888240 234
1888250 234
1888260 234
1888270 234
1888280 234
1888290 234
1888300 234
1888310 234
1888320 234
1888330 234
1888340 233
1888350 234
1888360 234
1888370 234
1888380 234
1888390 234
1888400 234
1888410 234
1888420 234
1888430 235
1888440 235
1888450 235
1888460 235
1888470 234
1888480 234
1888490 235
1888500 235
1888510 235
1888520 235
1888530 235
1888540 235
1888550 235
1888560 236
1888570 236
1888580 236
1888590 237
1888600 237
1888610 237
1888620 238
1888630 238
1888640 238
1888650 238
1888660 238
1888670 238
1888680 238
1888690 238
1888700 238
1888710 238
1888720 238
1888730 238
1888740 238
1888750 238
1888760 238
1888770 238
1888780 238
1888790 238
1888800 238
1888810 238
1888820 238
1888830 238
1888840 238
1888850 238
1888860 238
1888870 238
1888880 239
1888890 239
1888900 239
1888910 239
1888920 239
1888930 239
1888940 239
1888950 239
1888960 239
1888970 239
1888980 239
1888990 239
1889000 239
1889010 239
1889020 239
1889030 239
1889040 239
1889050 239
1889060 239
1889070 239
1889080 239
1889090 239
1889100 239
1889110 239
1889120 239
1889130 239
1889140 239
1889150 240
1889160 240
1889170 240
1889180 239
1889190 239
1889200 239
1889210 239
1889220 239
1889230 239
1889240 240
1889250 240
1889260 240
1889270 239
1889280 239
1889290 239
1889300 239
1889310 239
1889320 239
1889330 239
1889340 239
1889350 239
1889360 238
1889370 238
1889380 238
1889390 238
1889400 238
1889410 238
1889420 238
1889430 238
1889440 238
1889450 238
1889460 237
1889470 237
1889480 237
1889490 237
1889500 237
1889510 237
1889520 237
1889530 237
1889540 236
1889550 236
1889560 236
1889570 236
1889580 235
1889590 235
1889600 235
1889610 235
1889620 235
1889630 235
1889640 235
1889650 235
1889660 234
1889670 234
1889680 234
1889690 234
1889700 234
1889710 234
1889720 234
1889730 234
1889740 234
1889750 234
1889760 234
1889770 233
1889780 233
1889790 233
1889800 232
1889810 232
1889820 232
1889830 232
1889840 232
1889850 231
1889860 231
1889870 231
1889880 230
1889890 230
1889900 230
1889910 229
1889920 229
1889930 229
1889940 228
1889950 228
1889960 228
1889970 227
1889980 227
1889990 227
1890000 226
1890010 225
1890020 225
1890030 224
1890040 224
1890050 224
1890060 223
1890070 222
1890080 222
1890090 221
1890100 220
1890110 220
1890120 219
1890130 218
1890140 218
1890150 218
1890160 217
1890170 217
1890180 216
1890190 215
1890200 215
1890210 214
1890220 214
1890230 214
1890240 213
1890250 212
1890260 212
1890270 211
1890280 209
1890290 209
1890300 208
1890310 207
1890320 207
1890330 207
1890340 206
1890350 206
1890360 205
1890370 204
1890380 204
1890390 202
1890400 201
1890410 201
1890420 200
1890430 200
1890440 200
1890450 199
1890460 199
1890470 199
1890480 198
1890490 197
1890500 197
1890510 196
1890520 196
1890530 196
1890540 195
1890550 195
1890560 195
1890570 194
1890580 194
1890590 194
1890600 193
1890610 192
1890620 192
1890630 192
1890640 192
1890650 192
1890660 191
1890670 191
1890680 191
1890690 191
1890700 191
1890710 191
1890720 191
1890730 190
1890740 190
1890750 190
1890760 190
1890770 190
1890780 190
1890790 190
1890800 190
1890810 190
1890820 190
1890830 190
1890840 190
1890850 190
1890860 190
1890870 190
1890880 190
1890890 190
1890900 191
1890910 191
1890920 191
1890930 191
1890940 191
1890950 191
1890960 191
1890970 191
1890980 191
1890990 191
1891000 191
1891010 191
1891020 191
1891030 191
1891040 191
1891050 191
1891060 191
1891070 191
1891080 191
1891090 190
1891100 190
1891110 190
1891120 190
1891130 190
1891140 190
1891150 190
1891160 190
1891170 190
1891180 190
1891190 190
1891200 189
1891210 189
1891220 189
1891230 188
1891240 188
1891250 188
1891260 188
1891270 187
1891280 187
1891290 187
1891300 187
1891310 187
1891320 186
1891330 186
1891340 186
1891350 186
1891360 186
1891370 186
1891380 186
1891390 186
1891400 186
1891410 185
1891420 185
1891430 185
1891440 185
1891450 185
1891460 185
1891470 184
1891480 184
1891490 184
1891500 184
1891510 184
1891520 184
1891530 184
1891540 184
1891550 184
1891560 185
1891570 186
1891580 186
1891590 187
1891600 187
1891610 187
1891620 188
1891630 189
1891640 189
1891650 189
1891660 190
1891670 190
1891680 190
1891690 191
1891700 191
1891710 191
1891720 191
1891730 191
1891740 191
1891750 191
1891760 191
1891770 191
1891780 191
1891790 191
1891800 191
1891810 191
1891820 191
1891830 191
1891840 191
1891850 191
1891860 191
1891870 191
1891880 191
1891890 191
1891900 191
1891910 191
1891920 191
1891930 191
1891940 191
1891950 190
1891960 190
1891970 191
1891980 191
1891990 190
1892000 190
1892010 190
1892020 190
1892030 190
1892040 190
1892050 190
1892060 189
1892070 189
1892080 189
1892090 189
1892100 189
1892110 189
1892120 189
1892130 189
1892140 189
1892150 188
1892160 188
1892170 188
1892180 188
1892190 188
1892200 188
1892210 188
1892220 188
1892230 188
1892240 187
1892250 187
1892260 187
1892270 187
1892280 187
1892290 188
1892300 187
1892310 187
1892320 187
1892330 187
1892340 187
1892350 187
1892360 187
1892370 187
1892380 187
1892390 187
1892400 187
1892410 187
1892420 187
1892430 187
1892440 187
1892450 187
1892460 187
1892470 187
1892480 187
1892490 187
1892500 187
1892510 186
1892520 186
1892530 186
1892540 186
1892550 186
1892560 186
1892570 186
1892580 186
1892590 186
1892600 186
1892610 186
1892620 186
1892630 186
1892640 186
1892650 186
1892660 186
1892670 186
1892680 186
1892690 186
1892700 186
1892710 185
1892720 185
1892730 185
1892740 185
1892750 185
1892760 185
1892770 185
1892780 185
1892790 185
1892800 185
1892810 185
1892820 185
1892830 185
1892840 185
1892850 185
1892860 185
1892870 186
1892880 186
1892890 187
1892900 187
1892910 187
1892920 187
1892930 188
1892940 188
1892950 188
1892960 188
1892970 188
1892980 188
1892990 188
1893000 188
1893010 188
1893020 188
1893030 188
1893040 187
1893050 187
1893060 187
1893070 186
1893080 186
1893090 186
1893100 185
1893110 186
1893120 186
1893130 186
1893140 185
1893150 185
1893160 185
1893170 185
1893180 185
1893190 185
1893200 184
1893210 184
1893220 184
1893230 184
1893240 184
1893250 184
1893260 184
1893270 184
1893280 184
1893290 184
1893300 184
1893310 184
1893320 184
1893330 184
1893340 184
1893350 184
1893360 184
1893370 184
1893380 184
1893390 184
1893400 184
1893410 184
1893420 184
1893430 185
1893440 186
1893450 186
1893460 187
1893470 189
1893480 189
1893490 190
1893500 192
1893510 192
1893520 194
1893530 196
1893540 196
1893550 198
1893560 200
1893570 200
1893580 202
1893590 203
1893600 203
1893610 204
1893620 205
1893630 205
1893640 206
1893650 206
1893660 206
1893670 207
1893680 208
1893690 208
1893700 208
1893710 208
1893720 208
1893730 208
1893740 208
1893750 208
1893760 207
1893770 207
1893780 207
1893790 207
1893800 206
1893810 206
1893820 206
1893830 205
1893840 205
1893850 204
1893860 204
1893870 205
1893880 204
1893890 203
1893900 203
1893910 203
1893920 202
1893930 202
1893940 202
1893950 201
1893960 201
1893970 201
1893980 200
1893990 200
1894000 199
1894010 199
1894020 199
1894030 198
1894040 198
1894050 198
1894060 197
1894070 196
1894080 196
1894090 195
1894100 194
1894110 194
1894120 193
1894130 193
1894140 193
1894150 192
1894160 192
1894170 192
1894180 191
1894190 191
1894200 191
1894210 190
1894220 189
1894230 188
1894240 188
1894250 187
1894260 187
1894270 187
1894280 186
1894290 185
1894300 185
1894310 185
1894320 184
1894330 184
1894340 183
1894350 182
1894360 182
1894370 182
1894380 181
1894390 181
1894400 180
1894410 179
1894420 179
1894430 179
1894440 178
1894450 178
1894460 178
1894470 177
1894480 177
1894490 177
1894500 177
1894510 177
1894520 176
1894530 175
1894540 175
1894550 175
1894560 174
1894570 174
1894580 174
1894590 173
1894600 173
1894610 173
1894620 172
1894630 172
1894640 172
1894650 172
1894660 172
1894670 172
1894680 172
1894690 172
1894700 172
1894710 172
1894720 172
1894730 172
1894740 172
1894750 172
1894760 172
1894770 172
1894780 172
1894790 172
1894800 172
1894810 172
1894820 173
1894830 173
1894840 173
1894850 173
1894860 173
1894870 173
1894880 173
1894890 173
1894900 173
1894910 172
1894920 172
1894930 172
1894940 172
1894950 172
1894960 172
1894970 172
1894980 171
1894990 171
1895000 171
1895010 171
1895020 171
1895030 170
1895040 170
1895050 170
1895060 170
1895070 170
1895080 170
1895090 169
1895100 169
1895110 169
1895120 169
1895130 168
1895140 168
1895150 168
1895160 167
1895170 167
1895180 167
1895190 167
1895200 167
1895210 167
1895220 167
1895230 167
1895240 166
1895250 166
1895260 166
1895270 166
1895280 166
1895290 166
1895300 165
1895310 165
1895320 165
1895330 165
1895340 165
1895350 165
1895360 165
1895370 164
1895380 164
1895390 164
1895400 163
1895410 163
1895420 163
1895430 163
1895440 163
1895450 163
1895460 162
1895470 162
1895480 162
1895490 162
1895500 162
1895510 162
1895520 162
1895530 162
1895540 162
1895550 161
1895560 161
1895570 161
1895580 160
1895590 160
1895600 160
1895610 159
1895620 159
1895630 159
1895640 158
1895650 158
1895660 158
1895670 158
1895680 158
1895690 157
1895700 157
1895710 157
1895720 157
1895730 156
1895740 156
1895750 156
1895760 156
1895770 156
1895780 156
1895790 155
1895800 155
1895810 155
1895820 155
1895830 155
1895840 155
1895850 154
1895860 154
1895870 154
1895880 154
1895890 154
1895900 154
1895910 153
1895920 153
1895930 153
1895940 153
1895950 153
1895960 153
1895970 153
1895980 153
1895990 152
1896000 152
1896010 152
1896020 152
1896030 152
1896040 152
1896050 152
1896060 151
1896070 151
1896080 151
1896090 151
1896100 151
1896110 151
1896120 151
1896130 151
1896140 151
1896150 150
1896160 150
1896170 150
1896180 150
1896190 150
1896200 150
1896210 150
1896220 150
1896230 150
1896240 149
1896250 149
1896260 149
1896270 149
1896280 149
1896290 149
1896300 148
1896310 148
1896320 148
1896330 148
1896340 148
1896350 148
1896360 148
1896370 148
1896380 148
1896390 148
1896400 148
1896410 148
1896420 148
1896430 148
1896440 148
1896450 147
1896460 147
1896470 147
1896480 147
1896490 147
1896500 147
1896510 147
1896520 147
1896530 147
1896540 147
1896550 147
1896560 147
1896570 147
1896580 148
1896590 148
1896600 148
1896610 148
1896620 148
1896630 149
1896640 149
1896650 149
1896660 149
1896670 148
1896680 148
1896690 147
1896700 146
1896710 146
1896720 145
1896730 144
1896740 144
1896750 143
1896760 143
1896770 143
1896780 142
1896790 141
1896800 141
1896810 141
1896820 141
1896830 141
1896840 141
1896850 140
1896860 140
1896870 140
1896880 140
1896890 140
1896900 140
1896910 140
1896920 140
1896930 140
1896940 140
1896950 140
1896960 140
1896970 140
1896980 140
1896990 140
1897000 140
1897010 140
1897020 138
1897030 137
1897040 137
1897050 136
1897060 136
1897070 136
1897080 135
1897090 134
1897100 134
1897110 134
1897120 134
1897130 134
1897140 133
1897150 133
1897160 133
1897170 133
1897180 132
1897190 132
1897200 132
1897210 132
1897220 132
1897230 132
1897240 132
1897250 132
1897260 132
1897270 132
1897280 132
1897290 132
1897300 132
1897310 132
1897320 132
1897330 132
1897340 132
1897350 132
1897360 132
1897370 132
1897380 132
1897390 132
1897400 132
1897410 132
1897420 132
1897430 132
1897440 132
1897450 132
1897460 132
1897470 132
1897480 132
1897490 132
1897500 132
1897510 132
1897520 132
1897530 132
1897540 132
1897550 132
1897560 132
1897570 132
1897580 132
1897590 132
1897600 133
1897610 133
1897620 133
1897630 134
1897640 134
1897650 136
1897660 138
1897670 138
1897680 138
1897690 137
1897700 137
1897710 137
1897720 136
1897730 136
1897740 136
1897750 136
1897760 136
1897770 136
1897780 136
1897790 136
1897800 136
1897810 136
1897820 136
1897830 136
1897840 136
1897850 136
1897860 136
1897870 136
1897880 136
1897890 136
1897900 136
1897910 136
1897920 136
1897930 136
1897940 136
1897950 136
1897960 136
1897970 136
1897980 136
1897990 136
1898000 136
1898010 136
1898020 136
1898030 136
1898040 136
1898050 136
1898060 136
1898070 136
1898080 136
1898090 136
1898100 136
1898110 136
1898120 136
1898130 136
1898140 136
1898150 136
1898160 136
1898170 136
1898180 136
1898190 136
1898200 136
1898210 136
1898220 136
1898230 136
1898240 136
1898250 136
1898260 136
1898270 136
1898280 136
1898290 136
1898300 136
1898310 136
1898320 136
1898330 136
1898340 136
1898350 136
1898360 136
1898370 136
1898380 136
1898390 136
1898400 136
1898410 136
1898420 136
1898430 136
1898440 136
1898450 136
1898460 136
1898470 136
1898480 136
1898490 136
1898500 136
1898510 136
1898520 136
1898530 136
1898540 136
1898550 136
1898560 136
1898570 136
1898580 136
1898590 136
1898600 136
1898610 136
1898620 136
1898630 136
1898640 136
1898650 136
1898660 136
1898670 136
1898680 136
1898690 136
1898700 136
1898710 136
1898720 136
1898730 135
1898740 135
1898750 135
1898760 135
1898770 135
1898780 135
1898790 135
1898800 135
1898810 135
1898820 135
1898830 135
1898840 135
1898850 135
1898860 135
1898870 135
1898880 135
1898890 135
1898900 135
1898910 135
1898920 135
1898930 135
1898940 135
1898950 135
1898960 135
1898970 135
1898980 136
1898990 136
1899000 136
1899010 136
1899020 136
1899030 136
1899040 136
1899050 136
1899060 136
1899070 136
1899080 136
1899090 136
1899100 136
1899110 136
1899120 136
1899130 136
1899140 136
1899150 136
1899160 136
1899170 136
1899180 136
1899190 136
1899200 136
1899210 136
1899220 136
1899230 136
1899240 136
1899250 136
1899260 136
1899270 136
1899280 136
1899290 136
1899300 136
1899310 136
1899320 136
1899330 136
1899340 136
1899350 136
1899360 136
1899370 136
1899380 136
1899390 136
1899400 136
1899410 136
1899420 136
1899430 136
1899440 136
1899450 136
1899460 136
1899470 136
1899480 136
1899490 136
1899500 136
1899510 136
1899520 136
1899530 136
1899540 136
1899550 136
1899560 136
1899570 136
1899580 136
1899590 136
1899600 136
1899610 136
1899620 136
1899630 136
1899640 136
1899650 136
1899660 136
1899670 136
1899680 136
1899690 136
1899700 136
1899710 136
1899720 136
1899730 136
1899740 136
1899750 136
1899760 136
1899770 136
1899780 136
1899790 136
1899800 136
1899810 136
1899820 136
1899830 136
1899840 136
1899850 136
1899860 136
1899870 136
1899880 136
1899890 136
1899900 136
1899910 136
1899920 136
1899930 136
1899940 136
1899950 136
1899960 136
1899970 136
1899980 136
1899990 136
