1880000 185
1880010 185
1880020 185
1880030 185
1880040 185
1880050 185
1880060 185
1880070 185
1880080 185
1880090 185
1880100 185
1880110 185
1880120 184
1880130 184
1880140 184
1880150 184
1880160 184
1880170 184
1880180 184
1880190 184
1880200 184
1880210 184
1880220 184
1880230 184
1880240 184
1880250 184
1880260 184
1880270 184
1880280 184
1880290 184
1880300 184
1880310 184
1880320 184
1880330 184
1880340 184
1880350 184
1880360 184
1880370 184
1880380 184
1880390 184
1880400 184
1880410 184
1880420 184
1880430 184
1880440 184
1880450 184
1880460 184
1880470 184
1880480 183
1880490 183
1880500 183
1880510 183
1880520 183
1880530 183
1880540 183
1880550 183
1880560 183
1880570 183
1880580 183
1880590 183
1880600 183
1880610 183
1880620 183
1880630 183
1880640 183
1880650 183
1880660 183
1880670 183
1880680 183
1880690 183
1880700 183
1880710 183
1880720 183
1880730 183
1880740 183
1880750 183
1880760 183
1880770 183
1880780 183
1880790 183
1880800 183
1880810 183
1880820 182
1880830 182
1880840 182
1880850 182
1880860 182
1880870 182
1880880 183
1880890 183
1880900 182
1880910 182
1880920 182
1880930 182
1880940 182
1880950 182
1880960 182
1880970 182
1880980 182
1880990 182
1881000 182
1881010 182
1881020 182
1881030 182
1881040 182
1881050 182
1881060 182
1881070 182
1881080 182
1881090 182
1881100 182
1881110 182
1881120 182
1881130 182
1881140 182
1881150 182
1881160 182
1881170 182
1881180 182
1881190 182
1881200 182
1881210 182
1881220 182
1881230 182
1881240 182
1881250 182
1881260 182
1881270 182
1881280 182
1881290 182
1881300 182
1881310 182
1881320 182
1881330 182
1881340 182
1881350 182
1881360 182
1881370 182
1881380 182
1881390 182
1881400 182
1881410 182
1881420 182
1881430 182
1881440 182
1881450 182
1881460 182
1881470 182
1881480 182
1881490 182
1881500 182
1881510 182
1881520 182
1881530 182
1881540 182
1881550 182
1881560 182
1881570 182
1881580 181
1881590 181
1881600 181
1881610 181
1881620 181
1881630 181
1881640 181
1881650 181
1881660 181
1881670 181
1881680 181
1881690 181
1881700 181
1881710 181
1881720 181
1881730 181
1881740 181
1881750 181
1881760 181
1881770 181
1881780 181
1881790 181
1881800 181
1881810 181
1881820 181
1881830 181
1881840 181
1881850 181
1881860 181
1881870 181
1881880 181
1881890 181
1881900 181
1881910 181
1881920 181
1881930 181
1881940 181
1881950 181
1881960 181
1881970 181
1881980 181
1881990 181
1882000 181
1882010 181
1882020 181
1882030 181
1882040 181
1882050 181
1882060 181
1882070 181
1882080 181
1882090 181
1882100 181
1882110 181
1882120 181
1882130 181
1882140 181
1882150 181
1882160 181
1882170 181
1882180 181
1882190 181
1882200 181
1882210 181
1882220 181
1882230 180
1882240 180
1882250 180
1882260 180
1882270 180
1882280 180
1882290 180
1882300 180
1882310 180
1882320 180
1882330 180
1882340 180
1882350 180
1882360 180
1882370 180
1882380 180
1882390 181
1882400 181
1882410 181
1882420 181
1882430 181
1882440 181
1882450 181
1882460 181
1882470 181
1882480 181
1882490 181
1882500 181
1882510 181
1882520 181
1882530 181
1882540 181
1882550 181
1882560 180
1882570 180
1882580 180
1882590 181
1882600 181
1882610 181
1882620 181
1882630 181
1882640 181
1882650 181
1882660 181
1882670 181
1882680 181
1882690 181
1882700 181
1882710 182
1882720 182
1882730 182
1882740 182
1882750 182
1882760 182
1882770 182
1882780 182
1882790 182
1882800 182
1882810 182
1882820 182
1882830 182
1882840 182
1882850 182
1882860 182
1882870 182
1882880 182
1882890 182
1882900 182
1882910 182
1882920 182
1882930 182
1882940 182
1882950 182
1882960 182
1882970 182
1882980 182
1882990 182
1883000 182
1883010 182
1883020 182
1883030 182
1883040 182
1883050 182
1883060 182
1883070 182
1883080 182
1883090 182
1883100 182
1883110 182
1883120 182
1883130 182
1883140 182
1883150 182
1883160 182
1883170 182
1883180 182
1883190 182
1883200 181
1883210 181
1883220 181
1883230 181
1883240 181
1883250 181
1883260 181
1883270 181
1883280 181
1883290 181
1883300 181
1883310 182
1883320 181
1883330 181
1883340 181
1883350 181
1883360 181
1883370 181
1883380 181
1883390 181
1883400 181
1883410 181
1883420 181
1883430 181
1883440 181
1883450 181
1883460 181
1883470 181
1883480 181
1883490 181
1883500 181
1883510 181
1883520 181
1883530 181
1883540 181
1883550 181
1883560 181
1883570 181
1883580 181
1883590 181
1883600 181
1883610 181
1883620 181
1883630 181
1883640 181
1883650 181
1883660 181
1883670 181
1883680 181
1883690 181
1883700 181
1883710 181
1883720 181
1883730 181
1883740 181
1883750 181
1883760 181
1883770 181
1883780 181
1883790 181
1883800 181
1883810 181
1883820 181
1883830 181
1883840 181
1883850 181
1883860 181
1883870 181
1883880 181
1883890 181
1883900 181
1883910 181
1883920 181
1883930 181
1883940 181
1883950 181
1883960 181
1883970 181
1883980 181
1883990 181
1884000 181
1884010 181
1884020 181
1884030 181
1884040 182
1884050 182
1884060 182
1884070 182
1884080 182
1884090 182
1884100 182
1884110 182
1884120 182
1884130 182
1884140 182
1884150 182
1884160 183
1884170 183
1884180 183
1884190 183
1884200 183
1884210 183
1884220 183
1884230 183
1884240 183
1884250 183
1884260 183
1884270 183
1884280 183
1884290 183
1884300 183
1884310 183
1884320 183
1884330 183
1884340 183
1884350 183
1884360 183
1884370 184
1884380 184
1884390 184
1884400 184
1884410 184
1884420 184
1884430 184
1884440 184
1884450 184
1884460 184
1884470 184
1884480 184
1884490 184
1884500 184
1884510 184
1884520 185
1884530 185
1884540 185
1884550 185
1884560 185
1884570 185
1884580 185
1884590 185
1884600 185
1884610 185
1884620 185
1884630 185
1884640 185
1884650 185
1884660 185
1884670 185
1884680 185
1884690 185
1884700 186
1884710 186
1884720 186
1884730 186
1884740 186
1884750 186
1884760 186
1884770 186
1884780 186
1884790 186
1884800 186
1884810 186
1884820 186
1884830 186
1884840 186
1884850 187
1884860 187
1884870 187
1884880 187
1884890 187
1884900 187
1884910 187
1884920 187
1884930 187
1884940 188
1884950 188
1884960 188
1884970 188
1884980 188
1884990 188
1885000 189
1885010 189
1885020 189
1885030 189
1885040 189
1885050 189
1885060 190
1885070 190
1885080 190
1885090 190
1885100 190
1885110 190
1885120 191
1885130 191
1885140 191
1885150 191
1885160 192
1885170 192
1885180 192
1885190 192
1885200 192
1885210 193
1885220 193
1885230 193
1885240 194
1885250 194
1885260 194
1885270 194
1885280 195
1885290 195
1885300 195
1885310 196
1885320 196
1885330 196
1885340 197
1885350 197
1885360 197
1885370 197
1885380 197
1885390 198
1885400 198
1885410 198
1885420 199
1885430 199
1885440 199
1885450 200
1885460 200
1885470 200
1885480 201
1885490 202
1885500 202
1885510 202
1885520 203
1885530 203
1885540 204
1885550 204
1885560 204
1885570 205
1885580 206
1885590 206
1885600 207
1885610 208
1885620 208
1885630 209
1885640 210
1885650 210
1885660 211
1885670 211
1885680 211
1885690 212
1885700 213
1885710 213
1885720 214
1885730 216
1885740 216
1885750 216
1885760 218
1885770 218
1885780 218
1885790 220
1885800 221
1885810 221
1885820 222
1885830 223
1885840 223
1885850 224
1885860 225
1885870 225
1885880 226
1885890 228
1885900 227
1885910 228
1885920 229
1885930 229
1885940 229
1885950 230
1885960 230
1885970 231
1885980 231
1885990 231
1886000 232
1886010 233
1886020 233
1886030 233
1886040 234
1886050 234
1886060 234
1886070 234
1886080 234
1886090 234
1886100 234
1886110 234
1886120 234
1886130 235
1886140 235
1886150 235
1886160 235
1886170 235
1886180 235
1886190 236
1886200 236
1886210 236
1886220 235
1886230 235
1886240 235
1886250 235
1886260 235
1886270 235
1886280 236
1886290 236
1886300 237
1886310 237
1886320 237
1886330 238
1886340 239
1886350 239
1886360 239
1886370 240
1886380 240
1886390 241
1886400 242
1886410 242
1886420 244
1886430 245
1886440 245
1886450 247
1886460 248
1886470 248
1886480 249
1886490 251
1886500 251
1886510 252
1886520 254
1886530 254
1886540 253
1886550 255
1886560 255
1886570 256
1886580 258
1886590 258
1886600 259
1886610 260
1886620 260
1886630 260
1886640 262
1886650 262
1886660 265
1886670 269
1886680 269
1886690 274
1886700 277
1886710 277
1886720 278
1886730 279
1886740 279
1886750 280
1886760 281
1886770 281
1886780 281
1886790 281
1886800 281
1886810 282
1886820 282
1886830 282
1886840 280
1886850 278
1886860 278
1886870 273
1886880 271
1886890 271
1886900 268
1886910 266
1886920 266
1886930 264
1886940 262
1886950 262
1886960 259
1886970 257
1886980 257
1886990 254
1887000 252
1887010 252
1887020 248
1887030 244
1887040 244
1887050 242
1887060 240
1887070 240
1887080 239
1887090 238
1887100 238
1887110 237
1887120 237
1887130 237
1887140 236
1887150 236
1887160 236
1887170 236
1887180 235
1887190 234
1887200 234
1887210 233
1887220 233
1887230 233
1887240 233
1887250 233
1887260 232
1887270 232
1887280 232
1887290 231
1887300 231
1887310 231
1887320 230
1887330 230
1887340 230
1887350 229
1887360 229
1887370 229
1887380 228
1887390 228
1887400 228
1887410 227
1887420 227
1887430 227
1887440 227
1887450 226
1887460 226
1887470 226
1887480 226
1887490 226
1887500 226
1887510 225
1887520 225
1887530 225
1887540 225
1887550 225
1887560 225
1887570 225
1887580 225
1887590 224
1887600 224
1887610 224
1887620 224
1887630 224
1887640 224
1887650 224
1887660 224
1887670 224
1887680 224
1887690 223
1887700 223
1887710 223
1887720 223
1887730 223
1887740 223
1887750 224
1887760 224
1887770 224
1887780 223
1887790 223
1887800 223
1887810 223
1887820 223
1887830 223
1887840 223
1887850 223
1887860 223
1887870 223
1887880 223
1887890 223
1887900 223
1887910 223
1887920 223
1887930 223
1887940 223
1887950 223
1887960 223
1887970 223
1887980 223
1887990 223
1888000 223
1888010 223
1888020 223
1888030 223
1888040 223
1888050 223
1888060 223
1888070 223
1888080 223
1888090 223
1888100 223
1888110 223
1888120 223
1888130 223
1888140 223
1888150 223
1888160 223
1888170 223
1888180 224
1888190 224
1888200 224
1888210 224
1888220 224
1888230 224
1888240 225
1888250 225
1888260 225
1888270 226
1888280 226
1888290 226
1888300 227
1888310 227
1888320 228
1888330 228
1888340 228
1888350 229
1888360 230
1888370 230
1888380 230
1888390 231
1888400 231
1888410 231
1888420 231
1888430 231
1888440 232
1888450 232
1888460 232
1888470 233
1888480 233
1888490 233
1888500 233
1888510 233
1888520 233
1888530 233
1888540 233
1888550 233
1888560 233
1888570 233
1888580 233
1888590 233
1888600 233
1888610 233
1888620 233
1888630 233
1888640 233
1888650 234
1888660 234
1888670 234
1888680 234
1888690 235
1888700 235
1888710 235
1888720 236
1888730 236
1888740 236
1888750 237
1888760 237
1888770 237
1888780 237
1888790 238
1888800 238
1888810 238
1888820 238
1888830 238
1888840 238
1888850 238
1888860 238
1888870 238
1888880 238
1888890 239
1888900 239
1888910 239
1888920 239
1888930 239
1888940 239
1888950 239
1888960 239
1888970 239
1888980 239
1888990 239
1889000 239
1889010 239
1889020 240
1889030 240
1889040 240
1889050 240
1889060 240
1889070 241
1889080 241
1889090 241
1889100 241
1889110 242
1889120 242
1889130 242
1889140 242
1889150 242
1889160 243
1889170 243
1889180 243
1889190 243
1889200 243
1889210 243
1889220 243
1889230 244
1889240 244
1889250 244
1889260 244
1889270 244
1889280 244
1889290 244
1889300 244
1889310 244
1889320 244
1889330 244
1889340 244
1889350 244
1889360 244
1889370 244
1889380 244
1889390 244
1889400 244
1889410 245
1889420 245
1889430 245
1889440 245
1889450 245
1889460 245
1889470 244
1889480 244
1889490 244
1889500 244
1889510 244
1889520 243
1889530 243
1889540 243
1889550 242
1889560 242
1889570 242
1889580 241
1889590 241
1889600 241
1889610 241
1889620 240
1889630 240
1889640 239
1889650 239
1889660 239
1889670 238
1889680 237
1889690 237
1889700 237
1889710 236
1889720 236
1889730 235
1889740 234
1889750 234
1889760 233
1889770 233
1889780 233
1889790 232
1889800 231
1889810 231
1889820 230
1889830 229
1889840 229
1889850 228
1889860 227
1889870 227
1889880 227
1889890 226
1889900 226
1889910 225
1889920 224
1889930 224
1889940 223
1889950 222
1889960 222
1889970 221
1889980 220
1889990 220
1890000 219
1890010 219
1890020 219
1890030 218
1890040 217
1890050 217
1890060 216
1890070 215
1890080 215
1890090 213
1890100 212
1890110 212
1890120 211
1890130 210
1890140 210
1890150 210
1890160 208
1890170 208
1890180 208
1890190 207
1890200 207
1890210 206
1890220 205
1890230 205
1890240 204
1890250 204
1890260 204
1890270 203
1890280 202
1890290 202
1890300 202
1890310 201
1890320 200
1890330 200
1890340 200
1890350 199
1890360 199
1890370 199
1890380 198
1890390 199
1890400 198
1890410 198
1890420 198
1890430 198
1890440 198
1890450 198
1890460 197
1890470 196
1890480 196
1890490 196
1890500 196
1890510 196
1890520 196
1890530 196
1890540 196
1890550 196
1890560 196
1890570 196
1890580 197
1890590 197
1890600 197
1890610 198
1890620 198
1890630 198
1890640 198
1890650 198
1890660 198
1890670 198
1890680 198
1890690 198
1890700 198
1890710 199
1890720 199
1890730 199
1890740 199
1890750 199
1890760 199
1890770 199
1890780 199
1890790 199
1890800 199
1890810 199
1890820 199
1890830 199
1890840 199
1890850 199
1890860 198
1890870 198
1890880 198
1890890 198
1890900 198
1890910 198
1890920 198
1890930 198
1890940 197
1890950 197
1890960 197
1890970 197
1890980 196
1890990 196
1891000 196
1891010 196
1891020 196
1891030 196
1891040 195
1891050 195
1891060 195
1891070 195
1891080 195
1891090 194
1891100 194
1891110 194
1891120 193
1891130 193
1891140 193
1891150 193
1891160 192
1891170 192
1891180 192
1891190 192
1891200 192
1891210 191
1891220 191
1891230 191
1891240 190
1891250 190
1891260 190
1891270 190
1891280 190
1891290 190
1891300 190
1891310 190
1891320 190
1891330 191
1891340 191
1891350 191
1891360 191
1891370 190
1891380 190
1891390 190
1891400 190
1891410 190
1891420 190
1891430 191
1891440 191
1891450 191
1891460 192
1891470 192
1891480 193
1891490 193
1891500 193
1891510 193
1891520 193
1891530 193
1891540 194
1891550 194
1891560 194
1891570 194
1891580 195
1891590 195
1891600 195
1891610 196
1891620 196
1891630 196
1891640 197
1891650 197
1891660 197
1891670 198
1891680 198
1891690 198
1891700 199
1891710 199
1891720 199
1891730 199
1891740 199
1891750 199
1891760 199
1891770 199
1891780 200
1891790 199
1891800 199
1891810 200
1891820 199
1891830 199
1891840 200
1891850 199
1891860 199
1891870 199
1891880 199
1891890 199
1891900 199
1891910 199
1891920 199
1891930 198
1891940 198
1891950 198
1891960 198
1891970 198
1891980 198
1891990 198
1892000 198
1892010 198
1892020 198
1892030 198
1892040 198
1892050 197
1892060 197
1892070 197
1892080 197
1892090 197
1892100 197
1892110 197
1892120 196
1892130 196
1892140 196
1892150 196
1892160 196
1892170 196
1892180 196
1892190 196
1892200 196
1892210 196
1892220 196
1892230 196
1892240 195
1892250 195
1892260 195
1892270 195
1892280 195
1892290 195
1892300 196
1892310 196
1892320 196
1892330 196
1892340 196
1892350 196
1892360 196
1892370 196
1892380 196
1892390 196
1892400 196
1892410 195
1892420 195
1892430 195
1892440 195
1892450 195
1892460 195
1892470 194
1892480 194
1892490 194
1892500 194
1892510 193
1892520 193
1892530 193
1892540 193
1892550 193
1892560 193
1892570 193
1892580 192
1892590 192
1892600 192
1892610 192
1892620 192
1892630 192
1892640 192
1892650 192
1892660 192
1892670 192
1892680 192
1892690 192
1892700 192
1892710 192
1892720 193
1892730 194
1892740 194
1892750 194
1892760 194
1892770 194
1892780 194
1892790 195
1892800 195
1892810 195
1892820 195
1892830 195
1892840 195
1892850 195
1892860 195
1892870 195
1892880 195
1892890 195
1892900 195
1892910 195
1892920 195
1892930 195
1892940 195
1892950 195
1892960 194
1892970 194
1892980 194
1892990 194
1893000 193
1893010 193
1893020 193
1893030 193
1893040 193
1893050 193
1893060 193
1893070 193
1893080 193
1893090 192
1893100 192
1893110 192
1893120 192
1893130 192
1893140 191
1893150 191
1893160 191
1893170 191
1893180 191
1893190 191
1893200 191
1893210 190
1893220 190
1893230 190
1893240 190
1893250 190
1893260 190
1893270 190
1893280 190
1893290 190
1893300 190
1893310 190
1893320 190
1893330 190
1893340 190
1893350 190
1893360 191
1893370 191
1893380 191
1893390 192
1893400 192
1893410 193
1893420 195
1893430 195
1893440 196
1893450 198
1893460 198
1893470 199
1893480 201
1893490 201
1893500 203
1893510 204
1893520 204
1893530 206
1893540 207
1893550 207
1893560 209
1893570 211
1893580 211
1893590 212
1893600 212
1893610 212
1893620 212
1893630 213
1893640 213
1893650 213
1893660 214
1893670 214
1893680 214
1893690 214
1893700 214
1893710 215
1893720 215
1893730 215
1893740 215
1893750 215
1893760 215
1893770 214
1893780 213
1893790 213
1893800 213
1893810 212
1893820 212
1893830 212
1893840 211
1893850 211
1893860 211
1893870 210
1893880 210
1893890 209
1893900 208
1893910 208
1893920 207
1893930 207
1893940 207
1893950 206
1893960 205
1893970 205
1893980 205
1893990 204
1894000 204
1894010 203
1894020 202
1894030 202
1894040 201
1894050 201
1894060 201
1894070 200
1894080 199
1894090 199
1894100 199
1894110 198
1894120 198
1894130 197
1894140 196
1894150 196
1894160 195
1894170 194
1894180 194
1894190 192
1894200 191
1894210 191
1894220 190
1894230 189
1894240 189
1894250 188
1894260 187
1894270 187
1894280 186
1894290 185
1894300 185
1894310 184
1894320 183
1894330 183
1894340 183
1894350 182
1894360 182
1894370 181
1894380 181
1894390 181
1894400 181
1894410 181
1894420 181
1894430 181
1894440 181
1894450 181
1894460 180
1894470 180
1894480 180
1894490 180
1894500 180
1894510 181
1894520 181
1894530 182
1894540 182
1894550 182
1894560 182
1894570 182
1894580 182
1894590 182
1894600 182
1894610 182
1894620 182
1894630 182
1894640 182
1894650 182
1894660 182
1894670 182
1894680 181
1894690 181
1894700 182
1894710 181
1894720 181
1894730 181
1894740 181
1894750 181
1894760 181
1894770 181
1894780 181
1894790 180
1894800 180
1894810 180
1894820 179
1894830 179
1894840 179
1894850 179
1894860 178
1894870 178
1894880 178
1894890 177
1894900 176
1894910 176
1894920 176
1894930 175
1894940 175
1894950 175
1894960 174
1894970 174
1894980 173
1894990 173
1895000 173
1895010 173
1895020 173
1895030 173
1895040 173
1895050 172
1895060 172
1895070 172
1895080 172
1895090 172
1895100 172
1895110 171
1895120 171
1895130 171
1895140 171
1895150 171
1895160 171
1895170 171
1895180 171
1895190 171
1895200 172
1895210 172
1895220 171
1895230 171
1895240 171
1895250 171
1895260 171
1895270 171
1895280 170
1895290 170
1895300 170
1895310 170
1895320 169
1895330 169
1895340 169
1895350 168
1895360 168
1895370 168
1895380 167
1895390 167
1895400 167
1895410 166
1895420 166
1895430 166
1895440 165
1895450 165
1895460 164
1895470 164
1895480 164
1895490 163
1895500 162
1895510 162
1895520 162
1895530 161
1895540 161
1895550 161
1895560 161
1895570 161
1895580 160
1895590 160
1895600 160
1895610 160
1895620 160
1895630 160
1895640 160
1895650 160
1895660 160
1895670 160
1895680 160
1895690 160
1895700 160
1895710 160
1895720 160
1895730 160
1895740 159
1895750 159
1895760 158
1895770 158
1895780 158
1895790 158
1895800 157
1895810 157
1895820 157
1895830 157
1895840 157
1895850 157
1895860 156
1895870 156
1895880 156
1895890 156
1895900 156
1895910 156
1895920 156
1895930 156
1895940 155
1895950 155
1895960 155
1895970 155
1895980 155
1895990 155
1896000 155
1896010 154
1896020 154
1896030 154
1896040 154
1896050 154
1896060 154
1896070 154
1896080 154
1896090 154
1896100 153
1896110 153
1896120 153
1896130 153
1896140 153
1896150 153
1896160 153
1896170 153
1896180 153
1896190 153
1896200 153
1896210 152
1896220 152
1896230 152
1896240 152
1896250 152
1896260 152
1896270 152
1896280 152
1896290 152
1896300 151
1896310 151
1896320 151
1896330 151
1896340 151
1896350 151
1896360 151
1896370 151
1896380 151
1896390 151
1896400 151
1896410 151
1896420 150
1896430 150
1896440 150
1896450 150
1896460 150
1896470 150
1896480 150
1896490 150
1896500 150
1896510 150
1896520 149
1896530 149
1896540 150
1896550 149
1896560 149
1896570 149
1896580 149
1896590 149
1896600 149
1896610 149
1896620 149
1896630 149
1896640 149
1896650 149
1896660 149
1896670 149
1896680 149
1896690 149
1896700 148
1896710 149
1896720 149
1896730 149
1896740 149
1896750 149
1896760 149
1896770 149
1896780 148
1896790 147
1896800 147
1896810 146
1896820 144
1896830 144
1896840 144
1896850 145
1896860 145
1896870 145
1896880 145
1896890 145
1896900 144
1896910 143
1896920 143
1896930 143
1896940 142
1896950 142
1896960 142
1896970 141
1896980 141
1896990 141
1897000 141
1897010 141
1897020 140
1897030 140
1897040 140
1897050 139
1897060 139
1897070 139
1897080 139
1897090 139
1897100 139
1897110 139
1897120 139
1897130 139
1897140 139
1897150 139
1897160 138
1897170 138
1897180 136
1897190 135
1897200 135
1897210 134
1897220 134
1897230 134
1897240 134
1897250 133
1897260 133
1897270 133
1897280 132
1897290 132
1897300 132
1897310 132
1897320 132
1897330 132
1897340 132
1897350 132
1897360 132
1897370 132
1897380 132
1897390 132
1897400 132
1897410 132
1897420 132
1897430 133
1897440 133
1897450 134
1897460 136
1897470 136
1897480 138
1897490 138
1897500 138
1897510 137
1897520 136
1897530 136
1897540 136
1897550 136
1897560 136
1897570 136
1897580 136
1897590 136
1897600 136
1897610 136
1897620 136
1897630 136
1897640 137
1897650 137
1897660 137
1897670 137
1897680 137
1897690 137
1897700 137
1897710 137
1897720 137
1897730 137
1897740 137
1897750 137
1897760 137
1897770 137
1897780 136
1897790 136
1897800 136
1897810 136
1897820 136
1897830 136
1897840 136
1897850 136
1897860 136
1897870 136
1897880 136
1897890 136
1897900 136
1897910 136
1897920 136
1897930 136
1897940 136
1897950 136
1897960 136
1897970 136
1897980 136
1897990 136
1898000 136
1898010 136
1898020 136
1898030 136
1898040 136
1898050 136
1898060 136
1898070 136
1898080 136
1898090 136
1898100 136
1898110 136
1898120 136
1898130 136
1898140 136
1898150 136
1898160 136
1898170 136
1898180 136
1898190 136
1898200 136
1898210 136
1898220 136
1898230 136
1898240 136
1898250 136
1898260 136
1898270 136
1898280 136
1898290 136
1898300 136
1898310 136
1898320 136
1898330 136
1898340 136
1898350 136
1898360 136
1898370 136
1898380 136
1898390 136
1898400 136
1898410 136
1898420 136
1898430 136
1898440 136
1898450 136
1898460 136
1898470 136
1898480 136
1898490 136
1898500 136
1898510 136
1898520 136
1898530 136
1898540 136
1898550 136
1898560 136
1898570 136
1898580 136
1898590 136
1898600 136
1898610 136
1898620 136
1898630 136
1898640 136
1898650 136
1898660 136
1898670 136
1898680 136
1898690 136
1898700 136
1898710 136
1898720 136
1898730 136
1898740 136
1898750 135
1898760 135
1898770 135
1898780 135
1898790 135
1898800 135
1898810 135
1898820 135
1898830 135
1898840 136
1898850 136
1898860 136
1898870 136
1898880 136
1898890 136
1898900 136
1898910 136
1898920 136
1898930 136
1898940 136
1898950 136
1898960 136
1898970 136
1898980 136
1898990 136
1899000 136
1899010 136
1899020 136
1899030 136
1899040 136
1899050 136
1899060 136
1899070 136
1899080 136
1899090 136
1899100 136
1899110 136
1899120 136
1899130 136
1899140 136
1899150 136
1899160 136
1899170 136
1899180 136
1899190 136
1899200 136
1899210 136
1899220 136
1899230 136
1899240 136
1899250 136
1899260 136
1899270 136
1899280 136
1899290 136
1899300 136
1899310 136
1899320 136
1899330 136
1899340 136
1899350 136
1899360 136
1899370 136
1899380 135
1899390 135
1899400 135
1899410 135
1899420 135
1899430 135
1899440 135
1899450 135
1899460 135
1899470 135
1899480 135
1899490 135
1899500 136
1899510 136
1899520 136
1899530 136
1899540 136
1899550 136
1899560 136
1899570 136
1899580 136
1899590 136
1899600 136
1899610 136
1899620 136
1899630 136
1899640 136
1899650 135
1899660 135
1899670 135
1899680 135
1899690 135
1899700 135
1899710 135
1899720 135
1899730 135
1899740 135
1899750 135
1899760 135
1899770 136
1899780 136
1899790 136
1899800 136
1899810 136
1899820 136
1899830 136
1899840 136
1899850 136
1899860 136
1899870 136
1899880 136
1899890 136
1899900 136
1899910 136
1899920 136
1899930 136
1899940 136
1899950 136
1899960 136
1899970 136
1899980 136
1899990 136
