1880000 185
1880010 185
1880020 185
1880030 185
1880040 185
1880050 185
1880060 185
1880070 185
1880080 185
1880090 185
1880100 185
1880110 185
1880120 184
1880130 184
1880140 184
1880150 184
1880160 184
1880170 184
1880180 184
1880190 184
1880200 184
1880210 184
1880220 184
1880230 184
1880240 184
1880250 184
1880260 184
1880270 184
1880280 184
1880290 184
1880300 183
1880310 183
1880320 183
1880330 183
1880340 183
1880350 183
1880360 183
1880370 183
1880380 183
1880390 183
1880400 183
1880410 183
1880420 183
1880430 183
1880440 183
1880450 183
1880460 183
1880470 183
1880480 183
1880490 183
1880500 183
1880510 183
1880520 183
1880530 183
1880540 183
1880550 183
1880560 183
1880570 183
1880580 183
1880590 183
1880600 183
1880610 183
1880620 183
1880630 183
1880640 183
1880650 183
1880660 183
1880670 183
1880680 183
1880690 183
1880700 183
1880710 183
1880720 183
1880730 183
1880740 183
1880750 183
1880760 183
1880770 183
1880780 183
1880790 183
1880800 183
1880810 183
1880820 183
1880830 183
1880840 183
1880850 183
1880860 183
1880870 183
1880880 183
1880890 183
1880900 183
1880910 183
1880920 183
1880930 183
1880940 183
1880950 183
1880960 183
1880970 183
1880980 183
1880990 183
1881000 183
1881010 183
1881020 183
1881030 183
1881040 183
1881050 183
1881060 183
1881070 183
1881080 183
1881090 183
1881100 183
1881110 183
1881120 183
1881130 183
1881140 183
1881150 183
1881160 183
1881170 183
1881180 183
1881190 183
1881200 183
1881210 183
1881220 183
1881230 183
1881240 183
1881250 183
1881260 183
1881270 183
1881280 183
1881290 183
1881300 183
1881310 183
1881320 183
1881330 183
1881340 183
1881350 183
1881360 183
1881370 182
1881380 182
1881390 182
1881400 182
1881410 182
1881420 182
1881430 182
1881440 182
1881450 182
1881460 182
1881470 182
1881480 182
1881490 182
1881500 182
1881510 182
1881520 182
1881530 182
1881540 182
1881550 182
1881560 182
1881570 182
1881580 182
1881590 182
1881600 182
1881610 182
1881620 182
1881630 182
1881640 182
1881650 182
1881660 182
1881670 182
1881680 182
1881690 182
1881700 182
1881710 182
1881720 182
1881730 182
1881740 182
1881750 182
1881760 182
1881770 182
1881780 182
1881790 182
1881800 182
1881810 182
1881820 182
1881830 182
1881840 182
1881850 182
1881860 182
1881870 182
1881880 182
1881890 182
1881900 182
1881910 182
1881920 182
1881930 182
1881940 182
1881950 182
1881960 183
1881970 183
1881980 183
1881990 183
1882000 183
1882010 183
1882020 183
1882030 183
1882040 183
1882050 183
1882060 183
1882070 183
1882080 183
1882090 183
1882100 183
1882110 183
1882120 183
1882130 183
1882140 183
1882150 183
1882160 183
1882170 183
1882180 183
1882190 183
1882200 184
1882210 184
1882220 184
1882230 184
1882240 184
1882250 184
1882260 184
1882270 184
1882280 184
1882290 184
1882300 184
1882310 184
1882320 184
1882330 184
1882340 184
1882350 184
1882360 184
1882370 184
1882380 184
1882390 184
1882400 184
1882410 184
1882420 184
1882430 184
1882440 184
1882450 184
1882460 184
1882470 184
1882480 184
1882490 184
1882500 184
1882510 184
1882520 184
1882530 184
1882540 184
1882550 184
1882560 184
1882570 184
1882580 184
1882590 184
1882600 184
1882610 184
1882620 184
1882630 184
1882640 184
1882650 184
1882660 184
1882670 184
1882680 184
1882690 184
1882700 184
1882710 184
1882720 184
1882730 184
1882740 184
1882750 184
1882760 184
1882770 184
1882780 184
1882790 184
1882800 184
1882810 184
1882820 184
1882830 184
1882840 184
1882850 184
1882860 184
1882870 184
1882880 184
1882890 184
1882900 184
1882910 184
1882920 184
1882930 184
1882940 184
1882950 184
1882960 185
1882970 185
1882980 184
1882990 184
1883000 184
1883010 184
1883020 184
1883030 185
1883040 185
1883050 185
1883060 185
1883070 185
1883080 185
1883090 185
1883100 185
1883110 185
1883120 185
1883130 185
1883140 185
1883150 185
1883160 185
1883170 185
1883180 185
1883190 185
1883200 185
1883210 185
1883220 185
1883230 185
1883240 185
1883250 185
1883260 185
1883270 185
1883280 185
1883290 185
1883300 185
1883310 185
1883320 185
1883330 185
1883340 185
1883350 185
1883360 185
1883370 185
1883380 185
1883390 185
1883400 185
1883410 185
1883420 185
1883430 185
1883440 184
1883450 184
1883460 184
1883470 184
1883480 184
1883490 184
1883500 184
1883510 184
1883520 184
1883530 184
1883540 184
1883550 184
1883560 184
1883570 184
1883580 184
1883590 184
1883600 184
1883610 184
1883620 184
1883630 184
1883640 184
1883650 184
1883660 184
1883670 184
1883680 184
1883690 184
1883700 184
1883710 184
1883720 184
1883730 184
1883740 183
1883750 184
1883760 184
1883770 184
1883780 184
1883790 184
1883800 184
1883810 184
1883820 184
1883830 184
1883840 184
1883850 184
1883860 184
1883870 183
1883880 183
1883890 183
1883900 183
1883910 183
1883920 183
1883930 183
1883940 183
1883950 183
1883960 183
1883970 183
1883980 183
1883990 183
1884000 183
1884010 183
1884020 183
1884030 183
1884040 183
1884050 183
1884060 183
1884070 183
1884080 183
1884090 183
1884100 183
1884110 183
1884120 183
1884130 183
1884140 183
1884150 183
1884160 183
1884170 183
1884180 183
1884190 183
1884200 183
1884210 183
1884220 183
1884230 183
1884240 183
1884250 183
1884260 183
1884270 183
1884280 183
1884290 183
1884300 183
1884310 184
1884320 184
1884330 184
1884340 184
1884350 184
1884360 184
1884370 184
1884380 184
1884390 184
1884400 184
1884410 184
1884420 184
1884430 184
1884440 184
1884450 184
1884460 184
1884470 184
1884480 184
1884490 184
1884500 184
1884510 184
1884520 184
1884530 184
1884540 184
1884550 184
1884560 184
1884570 184
1884580 184
1884590 184
1884600 184
1884610 184
1884620 185
1884630 185
1884640 185
1884650 185
1884660 185
1884670 185
1884680 185
1884690 185
1884700 185
1884710 185
1884720 185
1884730 185
1884740 185
1884750 185
1884760 185
1884770 185
1884780 185
1884790 185
1884800 185
1884810 185
1884820 185
1884830 185
1884840 185
1884850 185
1884860 186
1884870 186
1884880 186
1884890 186
1884900 186
1884910 186
1884920 186
1884930 186
1884940 186
1884950 186
1884960 186
1884970 187
1884980 187
1884990 187
1885000 187
1885010 187
1885020 187
1885030 187
1885040 188
1885050 188
1885060 188
1885070 188
1885080 188
1885090 188
1885100 188
1885110 188
1885120 189
1885130 189
1885140 189
1885150 189
1885160 190
1885170 190
1885180 190
1885190 190
1885200 190
1885210 190
1885220 191
1885230 191
1885240 191
1885250 191
1885260 192
1885270 192
1885280 192
1885290 192
1885300 192
1885310 193
1885320 193
1885330 193
1885340 194
1885350 194
1885360 194
1885370 195
1885380 195
1885390 195
1885400 196
1885410 196
1885420 196
1885430 196
1885440 197
1885450 197
1885460 197
1885470 198
1885480 198
1885490 198
1885500 199
1885510 199
1885520 200
1885530 200
1885540 200
1885550 201
1885560 202
1885570 202
1885580 204
1885590 205
1885600 205
1885610 208
1885620 210
1885630 210
1885640 213
1885650 216
1885660 216
1885670 218
1885680 223
1885690 223
1885700 225
1885710 228
1885720 228
1885730 231
1885740 235
1885750 235
1885760 238
1885770 242
1885780 242
1885790 245
1885800 249
1885810 249
1885820 252
1885830 256
1885840 256
1885850 259
1885860 262
1885870 262
1885880 265
1885890 267
1885900 267
1885910 271
1885920 274
1885930 274
1885940 276
1885950 278
1885960 278
1885970 280
1885980 282
1885990 282
1886000 283
1886010 284
1886020 284
1886030 285
1886040 286
1886050 286
1886060 286
1886070 287
1886080 287
1886090 288
1886100 289
1886110 289
1886120 290
1886130 291
1886140 291
1886150 291
1886160 291
1886170 291
1886180 291
1886190 291
1886200 291
1886210 291
1886220 291
1886230 291
1886240 291
1886250 290
1886260 290
1886270 290
1886280 290
1886290 290
1886300 290
1886310 290
1886320 290
1886330 289
1886340 288
1886350 288
1886360 287
1886370 286
1886380 286
1886390 285
1886400 284
1886410 284
1886420 284
1886430 284
1886440 284
1886450 284
1886460 284
1886470 284
1886480 284
1886490 285
1886500 285
1886510 287
1886520 288
1886530 288
1886540 289
1886550 290
1886560 290
1886570 290
1886580 291
1886590 291
1886600 291
1886610 291
1886620 291
1886630 292
1886640 294
1886650 294
1886660 295
1886670 296
1886680 296
1886690 296
1886700 296
1886710 296
1886720 296
1886730 296
1886740 296
1886750 296
1886760 297
1886770 297
1886780 297
1886790 297
1886800 297
1886810 297
1886820 297
1886830 297
1886840 297
1886850 297
1886860 297
1886870 298
1886880 298
1886890 298
1886900 298
1886910 298
1886920 298
1886930 298
1886940 298
1886950 298
1886960 298
1886970 298
1886980 298
1886990 297
1887000 297
1887010 297
1887020 297
1887030 296
1887040 296
1887050 296
1887060 295
1887070 295
1887080 295
1887090 294
1887100 294
1887110 294
1887120 293
1887130 293
1887140 293
1887150 292
1887160 292
1887170 291
1887180 291
1887190 291
1887200 290
1887210 289
1887220 289
1887230 288
1887240 287
1887250 287
1887260 285
1887270 282
1887280 282
1887290 273
1887300 269
1887310 269
1887320 266
1887330 264
1887340 264
1887350 263
1887360 261
1887370 261
1887380 260
1887390 259
1887400 258
1887410 258
1887420 257
1887430 256
1887440 256
1887450 254
1887460 253
1887470 253
1887480 252
1887490 251
1887500 251
1887510 251
1887520 250
1887530 250
1887540 249
1887550 249
1887560 249
1887570 248
1887580 247
1887590 247
1887600 247
1887610 245
1887620 245
1887630 245
1887640 245
1887650 245
1887660 245
1887670 244
1887680 244
1887690 244
1887700 244
1887710 244
1887720 244
1887730 244
1887740 244
1887750 244
1887760 244
1887770 244
1887780 244
1887790 243
1887800 243
1887810 243
1887820 243
1887830 243
1887840 243
1887850 243
1887860 243
1887870 243
1887880 243
1887890 243
1887900 243
1887910 242
1887920 242
1887930 241
1887940 241
1887950 241
1887960 241
1887970 241
1887980 241
1887990 241
1888000 241
1888010 241
1888020 241
1888030 241
1888040 241
1888050 241
1888060 241
1888070 241
1888080 242
1888090 242
1888100 242
1888110 242
1888120 242
1888130 242
1888140 242
1888150 242
1888160 242
1888170 242
1888180 241
1888190 241
1888200 241
1888210 241
1888220 241
1888230 241
1888240 241
1888250 240
1888260 240
1888270 240
1888280 240
1888290 240
1888300 240
1888310 240
1888320 240
1888330 241
1888340 241
1888350 241
1888360 241
1888370 241
1888380 241
1888390 241
1888400 241
1888410 241
1888420 241
1888430 241
1888440 242
1888450 242
1888460 242
1888470 242
1888480 242
1888490 242
1888500 242
1888510 242
1888520 242
1888530 242
1888540 242
1888550 242
1888560 242
1888570 241
1888580 241
1888590 241
1888600 242
1888610 242
1888620 242
1888630 242
1888640 242
1888650 243
1888660 243
1888670 243
1888680 243
1888690 243
1888700 243
1888710 244
1888720 244
1888730 244
1888740 244
1888750 244
1888760 244
1888770 244
1888780 244
1888790 244
1888800 244
1888810 244
1888820 244
1888830 244
1888840 244
1888850 244
1888860 244
1888870 244
1888880 244
1888890 243
1888900 243
1888910 243
1888920 243
1888930 243
1888940 243
1888950 243
1888960 243
1888970 243
1888980 243
1888990 244
1889000 244
1889010 243
1889020 243
1889030 243
1889040 243
1889050 243
1889060 243
1889070 243
1889080 243
1889090 243
1889100 243
1889110 243
1889120 243
1889130 243
1889140 243
1889150 243
1889160 243
1889170 243
1889180 243
1889190 243
1889200 243
1889210 242
1889220 242
1889230 242
1889240 242
1889250 242
1889260 242
1889270 242
1889280 242
1889290 242
1889300 242
1889310 242
1889320 242
1889330 242
1889340 241
1889350 241
1889360 241
1889370 241
1889380 241
1889390 241
1889400 240
1889410 240
1889420 240
1889430 240
1889440 239
1889450 239
1889460 239
1889470 238
1889480 238
1889490 238
1889500 238
1889510 238
1889520 237
1889530 236
1889540 236
1889550 235
1889560 235
1889570 235
1889580 234
1889590 234
1889600 234
1889610 233
1889620 232
1889630 232
1889640 232
1889650 232
1889660 231
1889670 231
1889680 231
1889690 230
1889700 230
1889710 230
1889720 230
1889730 230
1889740 230
1889750 229
1889760 229
1889770 229
1889780 228
1889790 228
1889800 228
1889810 227
1889820 227
1889830 227
1889840 226
1889850 227
1889860 226
1889870 226
1889880 226
1889890 226
1889900 226
1889910 226
1889920 225
1889930 225
1889940 225
1889950 225
1889960 224
1889970 224
1889980 224
1889990 223
1890000 223
1890010 223
1890020 223
1890030 223
1890040 222
1890050 222
1890060 222
1890070 221
1890080 221
1890090 221
1890100 220
1890110 220
1890120 220
1890130 220
1890140 219
1890150 219
1890160 219
1890170 218
1890180 218
1890190 218
1890200 217
1890210 217
1890220 216
1890230 216
1890240 216
1890250 215
1890260 214
1890270 214
1890280 213
1890290 212
1890300 212
1890310 211
1890320 210
1890330 210
1890340 209
1890350 208
1890360 208
1890370 208
1890380 207
1890390 207
1890400 206
1890410 205
1890420 205
1890430 204
1890440 204
1890450 204
1890460 203
1890470 203
1890480 203
1890490 201
1890500 200
1890510 200
1890520 199
1890530 198
1890540 198
1890550 197
1890560 197
1890570 197
1890580 196
1890590 195
1890600 195
1890610 195
1890620 194
1890630 194
1890640 194
1890650 193
1890660 193
1890670 192
1890680 192
1890690 192
1890700 191
1890710 190
1890720 190
1890730 190
1890740 189
1890750 189
1890760 189
1890770 189
1890780 189
1890790 189
1890800 188
1890810 188
1890820 188
1890830 188
1890840 188
1890850 188
1890860 188
1890870 188
1890880 188
1890890 188
1890900 188
1890910 188
1890920 187
1890930 187
1890940 187
1890950 187
1890960 187
1890970 187
1890980 188
1890990 188
1891000 188
1891010 187
1891020 187
1891030 187
1891040 187
1891050 187
1891060 187
1891070 187
1891080 187
1891090 187
1891100 187
1891110 187
1891120 188
1891130 188
1891140 188
1891150 188
1891160 188
1891170 188
1891180 187
1891190 187
1891200 187
1891210 187
1891220 187
1891230 187
1891240 187
1891250 187
1891260 187
1891270 186
1891280 186
1891290 186
1891300 186
1891310 186
1891320 186
1891330 186
1891340 185
1891350 185
1891360 185
1891370 185
1891380 185
1891390 184
1891400 184
1891410 184
1891420 184
1891430 184
1891440 184
1891450 184
1891460 184
1891470 184
1891480 184
1891490 184
1891500 184
1891510 184
1891520 184
1891530 184
1891540 184
1891550 183
1891560 183
1891570 183
1891580 183
1891590 183
1891600 183
1891610 183
1891620 183
1891630 183
1891640 183
1891650 183
1891660 183
1891670 184
1891680 184
1891690 185
1891700 185
1891710 185
1891720 185
1891730 185
1891740 185
1891750 185
1891760 187
1891770 187
1891780 187
1891790 187
1891800 187
1891810 187
1891820 187
1891830 187
1891840 187
1891850 187
1891860 187
1891870 187
1891880 187
1891890 186
1891900 186
1891910 186
1891920 186
1891930 186
1891940 186
1891950 186
1891960 186
1891970 186
1891980 186
1891990 186
1892000 186
1892010 186
1892020 186
1892030 186
1892040 186
1892050 186
1892060 186
1892070 186
1892080 186
1892090 186
1892100 186
1892110 186
1892120 186
1892130 186
1892140 186
1892150 186
1892160 186
1892170 186
1892180 185
1892190 185
1892200 185
1892210 185
1892220 185
1892230 185
1892240 185
1892250 185
1892260 185
1892270 185
1892280 184
1892290 184
1892300 184
1892310 184
1892320 184
1892330 184
1892340 184
1892350 184
1892360 184
1892370 184
1892380 184
1892390 184
1892400 184
1892410 184
1892420 184
1892430 184
1892440 184
1892450 183
1892460 183
1892470 183
1892480 183
1892490 183
1892500 183
1892510 183
1892520 183
1892530 183
1892540 183
1892550 183
1892560 183
1892570 183
1892580 183
1892590 183
1892600 183
1892610 183
1892620 183
1892630 183
1892640 183
1892650 183
1892660 183
1892670 183
1892680 183
1892690 183
1892700 183
1892710 183
1892720 183
1892730 183
1892740 183
1892750 183
1892760 182
1892770 182
1892780 182
1892790 182
1892800 182
1892810 182
1892820 182
1892830 182
1892840 182
1892850 182
1892860 182
1892870 182
1892880 182
1892890 182
1892900 183
1892910 184
1892920 184
1892930 184
1892940 185
1892950 185
1892960 186
1892970 186
1892980 186
1892990 186
1893000 186
1893010 186
1893020 186
1893030 185
1893040 185
1893050 185
1893060 184
1893070 184
1893080 184
1893090 183
1893100 183
1893110 183
1893120 183
1893130 183
1893140 183
1893150 182
1893160 182
1893170 182
1893180 182
1893190 182
1893200 182
1893210 182
1893220 182
1893230 182
1893240 181
1893250 181
1893260 181
1893270 181
1893280 181
1893290 181
1893300 181
1893310 181
1893320 181
1893330 181
1893340 181
1893350 181
1893360 181
1893370 181
1893380 182
1893390 182
1893400 182
1893410 182
1893420 182
1893430 182
1893440 183
1893450 184
1893460 184
1893470 186
1893480 188
1893490 188
1893500 190
1893510 192
1893520 192
1893530 193
1893540 195
1893550 195
1893560 196
1893570 198
1893580 198
1893590 199
1893600 200
1893610 200
1893620 201
1893630 202
1893640 202
1893650 202
1893660 203
1893670 203
1893680 203
1893690 203
1893700 203
1893710 203
1893720 203
1893730 203
1893740 203
1893750 202
1893760 202
1893770 202
1893780 202
1893790 202
1893800 202
1893810 201
1893820 201
1893830 200
1893840 200
1893850 200
1893860 199
1893870 199
1893880 199
1893890 198
1893900 198
1893910 198
1893920 197
1893930 197
1893940 197
1893950 196
1893960 196
1893970 196
1893980 196
1893990 196
1894000 196
1894010 195
1894020 195
1894030 195
1894040 194
1894050 194
1894060 194
1894070 193
1894080 192
1894090 192
1894100 191
1894110 191
1894120 190
1894130 190
1894140 189
1894150 188
1894160 188
1894170 188
1894180 187
1894190 187
1894200 186
1894210 186
1894220 186
1894230 185
1894240 185
1894250 185
1894260 184
1894270 183
1894280 183
1894290 183
1894300 182
1894310 182
1894320 182
1894330 181
1894340 181
1894350 181
1894360 180
1894370 180
1894380 180
1894390 179
1894400 179
1894410 178
1894420 178
1894430 178
1894440 178
1894450 177
1894460 177
1894470 177
1894480 176
1894490 176
1894500 176
1894510 176
1894520 176
1894530 175
1894540 175
1894550 175
1894560 174
1894570 174
1894580 174
1894590 174
1894600 173
1894610 174
1894620 173
1894630 173
1894640 173
1894650 172
1894660 172
1894670 172
1894680 171
1894690 171
1894700 171
1894710 170
1894720 170
1894730 170
1894740 169
1894750 169
1894760 169
1894770 169
1894780 169
1894790 169
1894800 169
1894810 169
1894820 169
1894830 169
1894840 169
1894850 169
1894860 169
1894870 168
1894880 168
1894890 168
1894900 168
1894910 168
1894920 168
1894930 169
1894940 169
1894950 169
1894960 169
1894970 169
1894980 169
1894990 168
1895000 168
1895010 168
1895020 168
1895030 168
1895040 168
1895050 168
1895060 168
1895070 167
1895080 167
1895090 167
1895100 167
1895110 166
1895120 166
1895130 166
1895140 166
1895150 166
1895160 166
1895170 166
1895180 166
1895190 166
1895200 166
1895210 166
1895220 166
1895230 165
1895240 165
1895250 165
1895260 164
1895270 164
1895280 164
1895290 164
1895300 164
1895310 164
1895320 164
1895330 164
1895340 164
1895350 163
1895360 163
1895370 163
1895380 163
1895390 163
1895400 163
1895410 163
1895420 163
1895430 162
1895440 162
1895450 162
1895460 162
1895470 161
1895480 161
1895490 161
1895500 161
1895510 161
1895520 160
1895530 160
1895540 160
1895550 160
1895560 159
1895570 159
1895580 159
1895590 159
1895600 159
1895610 159
1895620 158
1895630 158
1895640 158
1895650 158
1895660 158
1895670 158
1895680 158
1895690 158
1895700 157
1895710 157
1895720 157
1895730 157
1895740 157
1895750 157
1895760 156
1895770 156
1895780 156
1895790 156
1895800 155
1895810 155
1895820 155
1895830 155
1895840 155
1895850 154
1895860 154
1895870 154
1895880 154
1895890 154
1895900 154
1895910 153
1895920 153
1895930 153
1895940 153
1895950 153
1895960 153
1895970 152
1895980 152
1895990 152
1896000 152
1896010 152
1896020 152
1896030 151
1896040 151
1896050 151
1896060 151
1896070 151
1896080 151
1896090 150
1896100 150
1896110 150
1896120 150
1896130 150
1896140 150
1896150 150
1896160 150
1896170 150
1896180 150
1896190 150
1896200 150
1896210 150
1896220 150
1896230 150
1896240 149
1896250 149
1896260 149
1896270 149
1896280 149
1896290 149
1896300 149
1896310 148
1896320 148
1896330 148
1896340 148
1896350 148
1896360 148
1896370 147
1896380 147
1896390 147
1896400 147
1896410 146
1896420 146
1896430 146
1896440 145
1896450 145
1896460 145
1896470 145
1896480 145
1896490 144
1896500 145
1896510 145
1896520 145
1896530 144
1896540 144
1896550 144
1896560 144
1896570 144
1896580 143
1896590 143
1896600 143
1896610 143
1896620 143
1896630 143
1896640 143
1896650 143
1896660 143
1896670 143
1896680 142
1896690 142
1896700 142
1896710 142
1896720 142
1896730 142
1896740 141
1896750 141
1896760 141
1896770 141
1896780 141
1896790 141
1896800 140
1896810 140
1896820 140
1896830 140
1896840 140
1896850 140
1896860 140
1896870 140
1896880 140
1896890 140
1896900 140
1896910 139
1896920 139
1896930 139
1896940 139
1896950 139
1896960 139
1896970 139
1896980 139
1896990 139
1897000 139
1897010 139
1897020 139
1897030 139
1897040 139
1897050 139
1897060 139
1897070 139
1897080 139
1897090 139
1897100 139
1897110 139
1897120 139
1897130 139
1897140 139
1897150 139
1897160 139
1897170 139
1897180 139
1897190 139
1897200 139
1897210 138
1897220 138
1897230 138
1897240 138
1897250 138
1897260 138
1897270 138
1897280 138
1897290 138
1897300 137
1897310 136
1897320 136
1897330 135
1897340 134
1897350 134
1897360 134
1897370 133
1897380 133
1897390 133
1897400 133
1897410 133
1897420 133
1897430 133
1897440 132
1897450 132
1897460 132
1897470 132
1897480 132
1897490 132
1897500 132
1897510 132
1897520 132
1897530 132
1897540 132
1897550 132
1897560 132
1897570 132
1897580 132
1897590 132
1897600 132
1897610 132
1897620 132
1897630 132
1897640 132
1897650 132
1897660 132
1897670 132
1897680 132
1897690 132
1897700 132
1897710 132
1897720 132
1897730 133
1897740 133
1897750 137
1897760 138
1897770 138
1897780 138
1897790 137
1897800 137
1897810 137
1897820 137
1897830 137
1897840 136
1897850 136
1897860 136
1897870 136
1897880 136
1897890 136
1897900 136
1897910 136
1897920 136
1897930 136
1897940 136
1897950 136
1897960 136
1897970 136
1897980 136
1897990 136
1898000 136
1898010 136
1898020 136
1898030 136
1898040 136
1898050 136
1898060 136
1898070 136
1898080 136
1898090 136
1898100 136
1898110 136
1898120 136
1898130 136
1898140 136
1898150 136
1898160 136
1898170 136
1898180 136
1898190 136
1898200 136
1898210 136
1898220 136
1898230 136
1898240 136
1898250 136
1898260 136
1898270 136
1898280 136
1898290 136
1898300 136
1898310 136
1898320 136
1898330 136
1898340 136
1898350 136
1898360 136
1898370 136
1898380 136
1898390 136
1898400 136
1898410 136
1898420 136
1898430 136
1898440 136
1898450 136
1898460 136
1898470 136
1898480 136
1898490 136
1898500 136
1898510 136
1898520 136
1898530 136
1898540 136
1898550 136
1898560 136
1898570 136
1898580 136
1898590 136
1898600 136
1898610 136
1898620 136
1898630 136
1898640 136
1898650 136
1898660 136
1898670 136
1898680 136
1898690 136
1898700 136
1898710 136
1898720 136
1898730 136
1898740 136
1898750 136
1898760 136
1898770 136
1898780 136
1898790 136
1898800 136
1898810 135
1898820 135
1898830 135
1898840 135
1898850 135
1898860 135
1898870 135
1898880 135
1898890 135
1898900 135
1898910 135
1898920 135
1898930 135
1898940 135
1898950 135
1898960 135
1898970 135
1898980 135
1898990 136
1899000 136
1899010 136
1899020 136
1899030 136
1899040 136
1899050 136
1899060 136
1899070 136
1899080 136
1899090 136
1899100 136
1899110 136
1899120 136
1899130 136
1899140 136
1899150 136
1899160 136
1899170 136
1899180 136
1899190 136
1899200 136
1899210 136
1899220 136
1899230 136
1899240 136
1899250 136
1899260 136
1899270 136
1899280 136
1899290 136
1899300 136
1899310 136
1899320 136
1899330 136
1899340 136
1899350 136
1899360 136
1899370 136
1899380 136
1899390 136
1899400 136
1899410 136
1899420 136
1899430 136
1899440 136
1899450 136
1899460 136
1899470 136
1899480 136
1899490 136
1899500 136
1899510 136
1899520 136
1899530 136
1899540 136
1899550 136
1899560 136
1899570 136
1899580 136
1899590 136
1899600 136
1899610 136
1899620 136
1899630 136
1899640 136
1899650 136
1899660 136
1899670 136
1899680 136
1899690 136
1899700 136
1899710 136
1899720 136
1899730 136
1899740 136
1899750 136
1899760 136
1899770 136
1899780 136
1899790 136
1899800 136
1899810 136
1899820 136
1899830 136
1899840 136
1899850 136
1899860 136
1899870 136
1899880 136
1899890 136
1899900 136
1899910 136
1899920 136
1899930 136
1899940 136
1899950 136
1899960 136
1899970 136
1899980 136
1899990 136
