1880000 185
1880010 185
1880020 185
1880030 185
1880040 185
1880050 185
1880060 185
1880070 185
1880080 185
1880090 185
1880100 185
1880110 184
1880120 184
1880130 184
1880140 184
1880150 184
1880160 184
1880170 184
1880180 184
1880190 184
1880200 184
1880210 184
1880220 184
1880230 184
1880240 184
1880250 184
1880260 184
1880270 184
1880280 184
1880290 184
1880300 184
1880310 184
1880320 184
1880330 184
1880340 184
1880350 184
1880360 184
1880370 184
1880380 183
1880390 183
1880400 183
1880410 183
1880420 183
1880430 183
1880440 183
1880450 183
1880460 183
1880470 183
1880480 183
1880490 183
1880500 183
1880510 183
1880520 183
1880530 183
1880540 183
1880550 183
1880560 183
1880570 183
1880580 183
1880590 183
1880600 183
1880610 183
1880620 183
1880630 183
1880640 183
1880650 183
1880660 183
1880670 183
1880680 183
1880690 183
1880700 183
1880710 183
1880720 183
1880730 182
1880740 182
1880750 182
1880760 182
1880770 182
1880780 182
1880790 182
1880800 182
1880810 182
1880820 182
1880830 182
1880840 182
1880850 182
1880860 182
1880870 182
1880880 182
1880890 182
1880900 182
1880910 182
1880920 182
1880930 182
1880940 182
1880950 182
1880960 182
1880970 182
1880980 182
1880990 182
1881000 182
1881010 182
1881020 182
1881030 182
1881040 182
1881050 182
1881060 182
1881070 182
1881080 182
1881090 182
1881100 182
1881110 182
1881120 182
1881130 182
1881140 182
1881150 182
1881160 182
1881170 182
1881180 182
1881190 182
1881200 182
1881210 182
1881220 182
1881230 182
1881240 182
1881250 182
1881260 182
1881270 182
1881280 182
1881290 182
1881300 182
1881310 182
1881320 182
1881330 182
1881340 182
1881350 182
1881360 182
1881370 182
1881380 182
1881390 182
1881400 182
1881410 182
1881420 182
1881430 182
1881440 182
1881450 182
1881460 182
1881470 182
1881480 182
1881490 182
1881500 182
1881510 182
1881520 182
1881530 182
1881540 182
1881550 182
1881560 182
1881570 182
1881580 182
1881590 182
1881600 182
1881610 181
1881620 181
1881630 182
1881640 182
1881650 182
1881660 182
1881670 182
1881680 182
1881690 182
1881700 181
1881710 181
1881720 181
1881730 181
1881740 181
1881750 181
1881760 181
1881770 181
1881780 181
1881790 181
1881800 181
1881810 181
1881820 181
1881830 181
1881840 181
1881850 181
1881860 181
1881870 181
1881880 181
1881890 182
1881900 182
1881910 182
1881920 182
1881930 182
1881940 182
1881950 181
1881960 181
1881970 181
1881980 181
1881990 181
1882000 182
1882010 182
1882020 182
1882030 182
1882040 182
1882050 182
1882060 182
1882070 182
1882080 182
1882090 182
1882100 182
1882110 182
1882120 182
1882130 182
1882140 182
1882150 182
1882160 182
1882170 182
1882180 182
1882190 182
1882200 182
1882210 182
1882220 182
1882230 182
1882240 182
1882250 182
1882260 182
1882270 182
1882280 182
1882290 182
1882300 182
1882310 182
1882320 182
1882330 182
1882340 182
1882350 182
1882360 182
1882370 182
1882380 182
1882390 182
1882400 182
1882410 182
1882420 182
1882430 182
1882440 182
1882450 182
1882460 182
1882470 182
1882480 182
1882490 182
1882500 182
1882510 182
1882520 182
1882530 182
1882540 182
1882550 182
1882560 182
1882570 182
1882580 182
1882590 182
1882600 182
1882610 182
1882620 182
1882630 182
1882640 182
1882650 182
1882660 182
1882670 182
1882680 182
1882690 182
1882700 182
1882710 182
1882720 182
1882730 182
1882740 182
1882750 182
1882760 182
1882770 182
1882780 182
1882790 182
1882800 182
1882810 182
1882820 183
1882830 183
1882840 182
1882850 182
1882860 182
1882870 182
1882880 182
1882890 182
1882900 182
1882910 182
1882920 182
1882930 182
1882940 182
1882950 182
1882960 182
1882970 182
1882980 182
1882990 182
1883000 182
1883010 182
1883020 182
1883030 182
1883040 182
1883050 182
1883060 182
1883070 182
1883080 182
1883090 182
1883100 182
1883110 182
1883120 182
1883130 182
1883140 182
1883150 182
1883160 182
1883170 182
1883180 182
1883190 182
1883200 182
1883210 182
1883220 182
1883230 182
1883240 182
1883250 182
1883260 182
1883270 182
1883280 182
1883290 182
1883300 182
1883310 182
1883320 182
1883330 182
1883340 182
1883350 182
1883360 182
1883370 182
1883380 182
1883390 182
1883400 182
1883410 182
1883420 182
1883430 182
1883440 182
1883450 182
1883460 182
1883470 182
1883480 182
1883490 182
1883500 182
1883510 182
1883520 182
1883530 182
1883540 182
1883550 182
1883560 182
1883570 182
1883580 182
1883590 182
1883600 182
1883610 182
1883620 182
1883630 182
1883640 182
1883650 182
1883660 182
1883670 182
1883680 182
1883690 182
1883700 182
1883710 182
1883720 182
1883730 182
1883740 182
1883750 182
1883760 182
1883770 182
1883780 182
1883790 182
1883800 182
1883810 182
1883820 182
1883830 182
1883840 182
1883850 182
1883860 182
1883870 182
1883880 182
1883890 182
1883900 182
1883910 182
1883920 182
1883930 182
1883940 182
1883950 182
1883960 182
1883970 182
1883980 182
1883990 182
1884000 182
1884010 182
1884020 182
1884030 182
1884040 182
1884050 182
1884060 182
1884070 182
1884080 182
1884090 183
1884100 183
1884110 183
1884120 183
1884130 183
1884140 183
1884150 183
1884160 183
1884170 183
1884180 183
1884190 183
1884200 183
1884210 183
1884220 183
1884230 183
1884240 183
1884250 183
1884260 183
1884270 183
1884280 183
1884290 183
1884300 183
1884310 183
1884320 183
1884330 183
1884340 183
1884350 184
1884360 184
1884370 184
1884380 184
1884390 184
1884400 184
1884410 184
1884420 184
1884430 184
1884440 184
1884450 184
1884460 184
1884470 184
1884480 184
1884490 184
1884500 184
1884510 184
1884520 184
1884530 185
1884540 185
1884550 185
1884560 185
1884570 185
1884580 185
1884590 185
1884600 185
1884610 185
1884620 185
1884630 185
1884640 185
1884650 185
1884660 185
1884670 185
1884680 185
1884690 185
1884700 185
1884710 185
1884720 185
1884730 185
1884740 186
1884750 186
1884760 186
1884770 186
1884780 186
1884790 186
1884800 186
1884810 186
1884820 186
1884830 186
1884840 186
1884850 186
1884860 186
1884870 187
1884880 187
1884890 187
1884900 187
1884910 187
1884920 187
1884930 187
1884940 187
1884950 188
1884960 188
1884970 188
1884980 188
1884990 188
1885000 188
1885010 188
1885020 189
1885030 189
1885040 189
1885050 189
1885060 189
1885070 190
1885080 190
1885090 190
1885100 190
1885110 190
1885120 190
1885130 191
1885140 191
1885150 191
1885160 191
1885170 192
1885180 192
1885190 192
1885200 193
1885210 193
1885220 193
1885230 193
1885240 193
1885250 194
1885260 194
1885270 194
1885280 195
1885290 195
1885300 195
1885310 195
1885320 196
1885330 196
1885340 196
1885350 197
1885360 197
1885370 197
1885380 197
1885390 197
1885400 198
1885410 198
1885420 198
1885430 199
1885440 199
1885450 199
1885460 200
1885470 201
1885480 201
1885490 201
1885500 202
1885510 202
1885520 203
1885530 203
1885540 203
1885550 204
1885560 205
1885570 205
1885580 206
1885590 207
1885600 207
1885610 208
1885620 209
1885630 209
1885640 211
1885650 212
1885660 212
1885670 214
1885680 215
1885690 215
1885700 217
1885710 219
1885720 219
1885730 221
1885740 222
1885750 222
1885760 224
1885770 226
1885780 226
1885790 227
1885800 228
1885810 228
1885820 230
1885830 232
1885840 232
1885850 235
1885860 238
1885870 238
1885880 240
1885890 242
1885900 239
1885910 240
1885920 242
1885930 242
1885940 243
1885950 245
1885960 245
1885970 246
1885980 246
1885990 246
1886000 247
1886010 248
1886020 248
1886030 250
1886040 251
1886050 251
1886060 253
1886070 253
1886080 253
1886090 253
1886100 252
1886110 251
1886120 251
1886130 251
1886140 250
1886150 250
1886160 249
1886170 249
1886180 249
1886190 249
1886200 249
1886210 249
1886220 246
1886230 246
1886240 246
1886250 246
1886260 247
1886270 247
1886280 247
1886290 247
1886300 247
1886310 247
1886320 247
1886330 247
1886340 248
1886350 249
1886360 249
1886370 249
1886380 251
1886390 251
1886400 252
1886410 253
1886420 253
1886430 254
1886440 255
1886450 255
1886460 257
1886470 259
1886480 259
1886490 261
1886500 264
1886510 264
1886520 268
1886530 271
1886540 269
1886550 272
1886560 274
1886570 274
1886580 275
1886590 276
1886600 276
1886610 277
1886620 275
1886630 275
1886640 273
1886650 273
1886660 273
1886670 273
1886680 276
1886690 276
1886700 281
1886710 287
1886720 287
1886730 291
1886740 293
1886750 293
1886760 293
1886770 293
1886780 293
1886790 294
1886800 294
1886810 294
1886820 294
1886830 294
1886840 294
1886850 294
1886860 292
1886870 292
1886880 292
1886890 291
1886900 291
1886910 289
1886920 288
1886930 288
1886940 286
1886950 284
1886960 284
1886970 282
1886980 279
1886990 279
1887000 276
1887010 272
1887020 272
1887030 268
1887040 265
1887050 265
1887060 262
1887070 260
1887080 260
1887090 258
1887100 255
1887110 255
1887120 252
1887130 249
1887140 249
1887150 247
1887160 245
1887170 245
1887180 244
1887190 241
1887200 241
1887210 241
1887220 240
1887230 240
1887240 240
1887250 239
1887260 239
1887270 239
1887280 238
1887290 238
1887300 237
1887310 237
1887320 237
1887330 236
1887340 236
1887350 236
1887360 236
1887370 235
1887380 235
1887390 235
1887400 234
1887410 234
1887420 234
1887430 233
1887440 233
1887450 233
1887460 233
1887470 233
1887480 232
1887490 232
1887500 232
1887510 231
1887520 231
1887530 231
1887540 230
1887550 230
1887560 230
1887570 230
1887580 230
1887590 230
1887600 229
1887610 229
1887620 229
1887630 228
1887640 228
1887650 228
1887660 228
1887670 228
1887680 228
1887690 228
1887700 227
1887710 227
1887720 228
1887730 228
1887740 228
1887750 227
1887760 227
1887770 227
1887780 227
1887790 227
1887800 227
1887810 227
1887820 227
1887830 226
1887840 226
1887850 226
1887860 226
1887870 226
1887880 226
1887890 226
1887900 226
1887910 226
1887920 226
1887930 227
1887940 227
1887950 227
1887960 227
1887970 227
1887980 227
1887990 227
1888000 227
1888010 227
1888020 227
1888030 227
1888040 227
1888050 227
1888060 227
1888070 227
1888080 227
1888090 227
1888100 227
1888110 227
1888120 227
1888130 227
1888140 227
1888150 226
1888160 226
1888170 226
1888180 226
1888190 226
1888200 226
1888210 226
1888220 226
1888230 226
1888240 226
1888250 226
1888260 226
1888270 226
1888280 226
1888290 226
1888300 226
1888310 226
1888320 226
1888330 226
1888340 227
1888350 227
1888360 227
1888370 227
1888380 227
1888390 227
1888400 228
1888410 228
1888420 228
1888430 228
1888440 228
1888450 228
1888460 229
1888470 229
1888480 229
1888490 229
1888500 229
1888510 230
1888520 230
1888530 230
1888540 230
1888550 230
1888560 230
1888570 231
1888580 231
1888590 231
1888600 231
1888610 231
1888620 231
1888630 231
1888640 232
1888650 232
1888660 232
1888670 232
1888680 232
1888690 232
1888700 233
1888710 233
1888720 233
1888730 233
1888740 233
1888750 233
1888760 234
1888770 234
1888780 234
1888790 235
1888800 235
1888810 236
1888820 236
1888830 236
1888840 236
1888850 237
1888860 237
1888870 237
1888880 237
1888890 237
1888900 237
1888910 237
1888920 237
1888930 237
1888940 237
1888950 237
1888960 238
1888970 238
1888980 238
1888990 238
1889000 238
1889010 238
1889020 238
1889030 238
1889040 238
1889050 238
1889060 239
1889070 239
1889080 239
1889090 239
1889100 239
1889110 239
1889120 240
1889130 240
1889140 240
1889150 240
1889160 240
1889170 240
1889180 241
1889190 241
1889200 241
1889210 241
1889220 241
1889230 241
1889240 241
1889250 241
1889260 241
1889270 241
1889280 241
1889290 242
1889300 242
1889310 242
1889320 242
1889330 242
1889340 242
1889350 242
1889360 242
1889370 242
1889380 242
1889390 242
1889400 242
1889410 242
1889420 242
1889430 243
1889440 243
1889450 242
1889460 242
1889470 242
1889480 242
1889490 242
1889500 242
1889510 242
1889520 242
1889530 241
1889540 241
1889550 241
1889560 241
1889570 240
1889580 240
1889590 240
1889600 240
1889610 240
1889620 239
1889630 239
1889640 239
1889650 239
1889660 238
1889670 238
1889680 238
1889690 237
1889700 237
1889710 236
1889720 236
1889730 236
1889740 235
1889750 235
1889760 235
1889770 234
1889780 233
1889790 233
1889800 233
1889810 232
1889820 232
1889830 231
1889840 230
1889850 230
1889860 230
1889870 229
1889880 229
1889890 228
1889900 227
1889910 227
1889920 226
1889930 226
1889940 226
1889950 225
1889960 224
1889970 224
1889980 223
1889990 222
1890000 222
1890010 221
1890020 221
1890030 221
1890040 220
1890050 219
1890060 219
1890070 218
1890080 217
1890090 217
1890100 216
1890110 215
1890120 215
1890130 214
1890140 213
1890150 213
1890160 212
1890170 211
1890180 211
1890190 210
1890200 209
1890210 209
1890220 208
1890230 207
1890240 207
1890250 206
1890260 206
1890270 206
1890280 205
1890290 204
1890300 204
1890310 203
1890320 202
1890330 202
1890340 201
1890350 201
1890360 201
1890370 200
1890380 200
1890390 199
1890400 199
1890410 199
1890420 199
1890430 198
1890440 197
1890450 197
1890460 196
1890470 196
1890480 196
1890490 196
1890500 195
1890510 195
1890520 195
1890530 195
1890540 195
1890550 194
1890560 194
1890570 194
1890580 194
1890590 194
1890600 194
1890610 194
1890620 194
1890630 195
1890640 195
1890650 194
1890660 194
1890670 194
1890680 194
1890690 195
1890700 195
1890710 196
1890720 195
1890730 195
1890740 195
1890750 195
1890760 195
1890770 195
1890780 195
1890790 195
1890800 195
1890810 195
1890820 195
1890830 195
1890840 195
1890850 195
1890860 196
1890870 195
1890880 195
1890890 195
1890900 196
1890910 196
1890920 196
1890930 195
1890940 195
1890950 195
1890960 195
1890970 195
1890980 195
1890990 194
1891000 194
1891010 194
1891020 195
1891030 195
1891040 194
1891050 194
1891060 194
1891070 194
1891080 194
1891090 194
1891100 194
1891110 193
1891120 193
1891130 193
1891140 192
1891150 192
1891160 192
1891170 191
1891180 191
1891190 191
1891200 190
1891210 190
1891220 190
1891230 189
1891240 189
1891250 189
1891260 189
1891270 189
1891280 189
1891290 189
1891300 189
1891310 188
1891320 188
1891330 188
1891340 189
1891350 189
1891360 189
1891370 189
1891380 189
1891390 189
1891400 189
1891410 189
1891420 189
1891430 188
1891440 188
1891450 188
1891460 188
1891470 188
1891480 188
1891490 189
1891500 189
1891510 189
1891520 190
1891530 191
1891540 191
1891550 192
1891560 192
1891570 192
1891580 193
1891590 193
1891600 193
1891610 193
1891620 194
1891630 194
1891640 194
1891650 194
1891660 195
1891670 195
1891680 195
1891690 195
1891700 195
1891710 195
1891720 195
1891730 195
1891740 196
1891750 196
1891760 196
1891770 196
1891780 196
1891790 196
1891800 196
1891810 196
1891820 196
1891830 196
1891840 196
1891850 196
1891860 196
1891870 196
1891880 196
1891890 196
1891900 196
1891910 196
1891920 195
1891930 195
1891940 195
1891950 195
1891960 195
1891970 195
1891980 195
1891990 195
1892000 195
1892010 194
1892020 194
1892030 194
1892040 194
1892050 194
1892060 194
1892070 194
1892080 194
1892090 194
1892100 194
1892110 194
1892120 194
1892130 193
1892140 193
1892150 193
1892160 193
1892170 193
1892180 193
1892190 192
1892200 192
1892210 192
1892220 192
1892230 192
1892240 192
1892250 192
1892260 192
1892270 192
1892280 192
1892290 192
1892300 192
1892310 192
1892320 192
1892330 192
1892340 192
1892350 192
1892360 192
1892370 192
1892380 192
1892390 192
1892400 192
1892410 192
1892420 192
1892430 192
1892440 192
1892450 192
1892460 192
1892470 192
1892480 192
1892490 191
1892500 191
1892510 191
1892520 191
1892530 191
1892540 190
1892550 190
1892560 190
1892570 190
1892580 189
1892590 189
1892600 189
1892610 190
1892620 190
1892630 190
1892640 190
1892650 190
1892660 189
1892670 189
1892680 189
1892690 189
1892700 189
1892710 189
1892720 189
1892730 189
1892740 189
1892750 189
1892760 190
1892770 190
1892780 190
1892790 191
1892800 191
1892810 191
1892820 191
1892830 191
1892840 191
1892850 191
1892860 191
1892870 192
1892880 192
1892890 192
1892900 192
1892910 192
1892920 192
1892930 192
1892940 192
1892950 191
1892960 191
1892970 191
1892980 191
1892990 191
1893000 191
1893010 191
1893020 191
1893030 191
1893040 191
1893050 191
1893060 191
1893070 191
1893080 191
1893090 190
1893100 190
1893110 190
1893120 190
1893130 189
1893140 189
1893150 189
1893160 188
1893170 188
1893180 188
1893190 188
1893200 188
1893210 188
1893220 188
1893230 188
1893240 188
1893250 188
1893260 188
1893270 187
1893280 187
1893290 187
1893300 187
1893310 187
1893320 187
1893330 187
1893340 187
1893350 187
1893360 187
1893370 187
1893380 187
1893390 188
1893400 189
1893410 189
1893420 190
1893430 191
1893440 191
1893450 193
1893460 194
1893470 194
1893480 196
1893490 198
1893500 198
1893510 200
1893520 202
1893530 202
1893540 203
1893550 205
1893560 206
1893570 207
1893580 208
1893590 208
1893600 209
1893610 210
1893620 210
1893630 211
1893640 212
1893650 212
1893660 213
1893670 213
1893680 213
1893690 213
1893700 213
1893710 213
1893720 213
1893730 213
1893740 213
1893750 213
1893760 213
1893770 213
1893780 212
1893790 212
1893800 212
1893810 211
1893820 211
1893830 211
1893840 210
1893850 209
1893860 209
1893870 209
1893880 209
1893890 209
1893900 208
1893910 208
1893920 208
1893930 207
1893940 206
1893950 206
1893960 206
1893970 205
1893980 205
1893990 205
1894000 204
1894010 204
1894020 203
1894030 203
1894040 203
1894050 202
1894060 201
1894070 201
1894080 200
1894090 199
1894100 199
1894110 198
1894120 197
1894130 197
1894140 196
1894150 195
1894160 195
1894170 194
1894180 193
1894190 193
1894200 193
1894210 192
1894220 192
1894230 191
1894240 190
1894250 190
1894260 189
1894270 188
1894280 188
1894290 187
1894300 186
1894310 186
1894320 185
1894330 184
1894340 184
1894350 183
1894360 182
1894370 182
1894380 182
1894390 181
1894400 181
1894410 180
1894420 180
1894430 180
1894440 179
1894450 178
1894460 178
1894470 178
1894480 177
1894490 177
1894500 177
1894510 177
1894520 177
1894530 177
1894540 177
1894550 177
1894560 177
1894570 177
1894580 177
1894590 177
1894600 177
1894610 177
1894620 177
1894630 177
1894640 177
1894650 177
1894660 177
1894670 177
1894680 177
1894690 177
1894700 177
1894710 177
1894720 178
1894730 178
1894740 178
1894750 178
1894760 178
1894770 178
1894780 178
1894790 178
1894800 178
1894810 178
1894820 178
1894830 178
1894840 177
1894850 177
1894860 177
1894870 177
1894880 177
1894890 176
1894900 176
1894910 176
1894920 176
1894930 176
1894940 176
1894950 175
1894960 175
1894970 175
1894980 174
1894990 174
1895000 174
1895010 173
1895020 172
1895030 172
1895040 172
1895050 171
1895060 171
1895070 171
1895080 171
1895090 171
1895100 170
1895110 170
1895120 170
1895130 170
1895140 170
1895150 170
1895160 169
1895170 169
1895180 168
1895190 168
1895200 168
1895210 168
1895220 168
1895230 168
1895240 168
1895250 168
1895260 168
1895270 167
1895280 167
1895290 167
1895300 167
1895310 167
1895320 167
1895330 166
1895340 166
1895350 166
1895360 166
1895370 166
1895380 166
1895390 165
1895400 165
1895410 165
1895420 165
1895430 165
1895440 164
1895450 164
1895460 164
1895470 164
1895480 163
1895490 163
1895500 163
1895510 162
1895520 162
1895530 162
1895540 162
1895550 162
1895560 161
1895570 161
1895580 161
1895590 160
1895600 160
1895610 160
1895620 160
1895630 160
1895640 160
1895650 160
1895660 160
1895670 160
1895680 160
1895690 158
1895700 158
1895710 158
1895720 157
1895730 157
1895740 157
1895750 157
1895760 157
1895770 157
1895780 157
1895790 157
1895800 156
1895810 156
1895820 156
1895830 156
1895840 156
1895850 156
1895860 156
1895870 155
1895880 155
1895890 155
1895900 155
1895910 155
1895920 155
1895930 154
1895940 154
1895950 154
1895960 154
1895970 154
1895980 154
1895990 154
1896000 154
1896010 154
1896020 153
1896030 153
1896040 153
1896050 153
1896060 153
1896070 153
1896080 153
1896090 153
1896100 152
1896110 152
1896120 152
1896130 152
1896140 152
1896150 152
1896160 152
1896170 151
1896180 151
1896190 151
1896200 151
1896210 151
1896220 151
1896230 151
1896240 151
1896250 151
1896260 150
1896270 150
1896280 150
1896290 150
1896300 150
1896310 150
1896320 150
1896330 150
1896340 150
1896350 150
1896360 150
1896370 150
1896380 149
1896390 149
1896400 149
1896410 149
1896420 149
1896430 149
1896440 149
1896450 149
1896460 149
1896470 149
1896480 149
1896490 149
1896500 149
1896510 149
1896520 149
1896530 149
1896540 149
1896550 149
1896560 149
1896570 149
1896580 149
1896590 149
1896600 149
1896610 149
1896620 148
1896630 148
1896640 147
1896650 147
1896660 147
1896670 147
1896680 146
1896690 146
1896700 146
1896710 146
1896720 146
1896730 146
1896740 146
1896750 146
1896760 145
1896770 145
1896780 145
1896790 145
1896800 144
1896810 144
1896820 144
1896830 143
1896840 143
1896850 142
1896860 142
1896870 142
1896880 141
1896890 141
1896900 141
1896910 141
1896920 141
1896930 141
1896940 140
1896950 140
1896960 140
1896970 140
1896980 140
1896990 140
1897000 140
1897010 140
1897020 140
1897030 139
1897040 139
1897050 139
1897060 139
1897070 139
1897080 139
1897090 139
1897100 137
1897110 137
1897120 135
1897130 135
1897140 135
1897150 134
1897160 134
1897170 134
1897180 134
1897190 133
1897200 133
1897210 133
1897220 132
1897230 132
1897240 132
1897250 132
1897260 132
1897270 132
1897280 132
1897290 132
1897300 132
1897310 132
1897320 132
1897330 132
1897340 132
1897350 132
1897360 132
1897370 132
1897380 132
1897390 132
1897400 132
1897410 132
1897420 132
1897430 132
1897440 132
1897450 132
1897460 132
1897470 132
1897480 132
1897490 133
1897500 133
1897510 133
1897520 135
1897530 137
1897540 137
1897550 138
1897560 138
1897570 138
1897580 137
1897590 136
1897600 136
1897610 136
1897620 136
1897630 136
1897640 136
1897650 136
1897660 136
1897670 136
1897680 136
1897690 136
1897700 137
1897710 137
1897720 137
1897730 137
1897740 137
1897750 137
1897760 137
1897770 137
1897780 137
1897790 137
1897800 137
1897810 137
1897820 136
1897830 136
1897840 136
1897850 136
1897860 136
1897870 136
1897880 136
1897890 136
1897900 136
1897910 136
1897920 136
1897930 136
1897940 136
1897950 136
1897960 136
1897970 136
1897980 136
1897990 136
1898000 136
1898010 136
1898020 136
1898030 136
1898040 136
1898050 136
1898060 136
1898070 136
1898080 136
1898090 136
1898100 136
1898110 136
1898120 136
1898130 136
1898140 136
1898150 136
1898160 136
1898170 136
1898180 136
1898190 136
1898200 136
1898210 136
1898220 136
1898230 136
1898240 136
1898250 136
1898260 136
1898270 136
1898280 136
1898290 136
1898300 136
1898310 136
1898320 136
1898330 136
1898340 136
1898350 136
1898360 136
1898370 136
1898380 136
1898390 136
1898400 136
1898410 136
1898420 136
1898430 136
1898440 136
1898450 136
1898460 136
1898470 136
1898480 136
1898490 136
1898500 136
1898510 136
1898520 136
1898530 136
1898540 136
1898550 136
1898560 136
1898570 136
1898580 136
1898590 136
1898600 136
1898610 136
1898620 136
1898630 136
1898640 136
1898650 136
1898660 136
1898670 136
1898680 136
1898690 136
1898700 136
1898710 136
1898720 136
1898730 136
1898740 136
1898750 136
1898760 136
1898770 136
1898780 136
1898790 136
1898800 136
1898810 136
1898820 135
1898830 135
1898840 135
1898850 135
1898860 135
1898870 135
1898880 135
1898890 135
1898900 136
1898910 136
1898920 136
1898930 136
1898940 136
1898950 136
1898960 136
1898970 136
1898980 136
1898990 136
1899000 136
1899010 136
1899020 136
1899030 136
1899040 136
1899050 136
1899060 136
1899070 136
1899080 136
1899090 136
1899100 136
1899110 136
1899120 136
1899130 136
1899140 136
1899150 136
1899160 136
1899170 136
1899180 136
1899190 136
1899200 136
1899210 136
1899220 136
1899230 136
1899240 136
1899250 136
1899260 136
1899270 136
1899280 136
1899290 136
1899300 136
1899310 136
1899320 136
1899330 136
1899340 136
1899350 136
1899360 136
1899370 136
1899380 136
1899390 136
1899400 136
1899410 136
1899420 136
1899430 136
1899440 136
1899450 136
1899460 136
1899470 136
1899480 136
1899490 136
1899500 136
1899510 136
1899520 136
1899530 136
1899540 136
1899550 136
1899560 136
1899570 136
1899580 136
1899590 136
1899600 136
1899610 136
1899620 136
1899630 136
1899640 136
1899650 136
1899660 136
1899670 136
1899680 136
1899690 136
1899700 136
1899710 136
1899720 136
1899730 136
1899740 136
1899750 136
1899760 136
1899770 136
1899780 136
1899790 136
1899800 136
1899810 136
1899820 136
1899830 136
1899840 136
1899850 136
1899860 136
1899870 136
1899880 136
1899890 136
1899900 136
1899910 136
1899920 136
1899930 136
1899940 136
1899950 136
1899960 136
1899970 135
1899980 135
1899990 136
