1880000 185
1880010 185
1880020 185
1880030 185
1880040 185
1880050 185
1880060 185
1880070 184
1880080 184
1880090 184
1880100 184
1880110 184
1880120 184
1880130 184
1880140 184
1880150 184
1880160 184
1880170 184
1880180 184
1880190 184
1880200 184
1880210 184
1880220 184
1880230 184
1880240 184
1880250 184
1880260 184
1880270 184
1880280 184
1880290 184
1880300 184
1880310 184
1880320 184
1880330 184
1880340 184
1880350 184
1880360 184
1880370 184
1880380 184
1880390 184
1880400 184
1880410 184
1880420 184
1880430 184
1880440 184
1880450 184
1880460 184
1880470 184
1880480 184
1880490 184
1880500 184
1880510 184
1880520 184
1880530 184
1880540 184
1880550 183
1880560 183
1880570 183
1880580 183
1880590 183
1880600 183
1880610 183
1880620 183
1880630 183
1880640 183
1880650 183
1880660 183
1880670 183
1880680 183
1880690 183
1880700 183
1880710 183
1880720 183
1880730 183
1880740 183
1880750 183
1880760 183
1880770 183
1880780 183
1880790 183
1880800 183
1880810 183
1880820 183
1880830 183
1880840 183
1880850 183
1880860 183
1880870 183
1880880 183
1880890 183
1880900 183
1880910 183
1880920 183
1880930 183
1880940 182
1880950 182
1880960 182
1880970 183
1880980 183
1880990 182
1881000 182
1881010 182
1881020 182
1881030 182
1881040 182
1881050 182
1881060 182
1881070 182
1881080 182
1881090 182
1881100 182
1881110 182
1881120 182
1881130 182
1881140 182
1881150 182
1881160 182
1881170 182
1881180 182
1881190 182
1881200 182
1881210 182
1881220 182
1881230 182
1881240 182
1881250 182
1881260 182
1881270 182
1881280 182
1881290 182
1881300 182
1881310 182
1881320 182
1881330 182
1881340 182
1881350 182
1881360 182
1881370 182
1881380 182
1881390 182
1881400 182
1881410 182
1881420 182
1881430 182
1881440 182
1881450 182
1881460 182
1881470 182
1881480 182
1881490 182
1881500 182
1881510 182
1881520 182
1881530 182
1881540 182
1881550 182
1881560 182
1881570 182
1881580 182
1881590 182
1881600 182
1881610 182
1881620 182
1881630 182
1881640 182
1881650 182
1881660 182
1881670 182
1881680 182
1881690 182
1881700 182
1881710 182
1881720 182
1881730 182
1881740 182
1881750 182
1881760 182
1881770 182
1881780 182
1881790 182
1881800 181
1881810 181
1881820 181
1881830 182
1881840 182
1881850 182
1881860 182
1881870 182
1881880 182
1881890 181
1881900 181
1881910 182
1881920 182
1881930 181
1881940 181
1881950 181
1881960 181
1881970 181
1881980 181
1881990 181
1882000 181
1882010 181
1882020 181
1882030 181
1882040 181
1882050 181
1882060 181
1882070 181
1882080 181
1882090 181
1882100 181
1882110 181
1882120 181
1882130 181
1882140 181
1882150 181
1882160 181
1882170 181
1882180 181
1882190 181
1882200 181
1882210 181
1882220 181
1882230 181
1882240 181
1882250 181
1882260 181
1882270 181
1882280 180
1882290 180
1882300 180
1882310 180
1882320 180
1882330 180
1882340 180
1882350 180
1882360 180
1882370 180
1882380 180
1882390 180
1882400 180
1882410 180
1882420 180
1882430 180
1882440 180
1882450 180
1882460 180
1882470 180
1882480 179
1882490 179
1882500 179
1882510 179
1882520 179
1882530 179
1882540 179
1882550 179
1882560 179
1882570 179
1882580 179
1882590 179
1882600 178
1882610 178
1882620 178
1882630 178
1882640 178
1882650 178
1882660 178
1882670 178
1882680 178
1882690 179
1882700 179
1882710 179
1882720 180
1882730 180
1882740 180
1882750 180
1882760 180
1882770 181
1882780 181
1882790 181
1882800 181
1882810 181
1882820 181
1882830 181
1882840 182
1882850 182
1882860 182
1882870 182
1882880 182
1882890 182
1882900 182
1882910 182
1882920 182
1882930 182
1882940 182
1882950 182
1882960 182
1882970 182
1882980 182
1882990 182
1883000 182
1883010 182
1883020 182
1883030 182
1883040 182
1883050 182
1883060 182
1883070 182
1883080 182
1883090 182
1883100 182
1883110 182
1883120 182
1883130 182
1883140 182
1883150 182
1883160 182
1883170 182
1883180 182
1883190 182
1883200 182
1883210 182
1883220 182
1883230 182
1883240 182
1883250 182
1883260 182
1883270 182
1883280 182
1883290 181
1883300 181
1883310 181
1883320 181
1883330 181
1883340 181
1883350 181
1883360 181
1883370 181
1883380 181
1883390 181
1883400 181
1883410 181
1883420 181
1883430 181
1883440 181
1883450 181
1883460 181
1883470 181
1883480 181
1883490 181
1883500 181
1883510 181
1883520 180
1883530 180
1883540 180
1883550 180
1883560 180
1883570 180
1883580 180
1883590 180
1883600 180
1883610 179
1883620 179
1883630 179
1883640 179
1883650 179
1883660 179
1883670 179
1883680 179
1883690 179
1883700 179
1883710 179
1883720 179
1883730 179
1883740 180
1883750 180
1883760 180
1883770 181
1883780 181
1883790 181
1883800 181
1883810 181
1883820 181
1883830 181
1883840 181
1883850 180
1883860 180
1883870 180
1883880 179
1883890 178
1883900 178
1883910 178
1883920 178
1883930 178
1883940 178
1883950 178
1883960 178
1883970 178
1883980 178
1883990 178
1884000 178
1884010 178
1884020 178
1884030 178
1884040 178
1884050 178
1884060 178
1884070 178
1884080 178
1884090 178
1884100 178
1884110 178
1884120 178
1884130 178
1884140 178
1884150 178
1884160 179
1884170 179
1884180 179
1884190 179
1884200 179
1884210 179
1884220 179
1884230 179
1884240 180
1884250 180
1884260 180
1884270 180
1884280 180
1884290 180
1884300 180
1884310 180
1884320 180
1884330 180
1884340 180
1884350 180
1884360 181
1884370 181
1884380 181
1884390 181
1884400 182
1884410 182
1884420 182
1884430 182
1884440 182
1884450 182
1884460 182
1884470 182
1884480 183
1884490 183
1884500 183
1884510 183
1884520 183
1884530 183
1884540 183
1884550 183
1884560 183
1884570 183
1884580 183
1884590 183
1884600 184
1884610 184
1884620 184
1884630 184
1884640 184
1884650 184
1884660 184
1884670 184
1884680 184
1884690 184
1884700 185
1884710 185
1884720 185
1884730 185
1884740 185
1884750 185
1884760 185
1884770 185
1884780 185
1884790 185
1884800 185
1884810 185
1884820 185
1884830 185
1884840 185
1884850 186
1884860 186
1884870 186
1884880 186
1884890 186
1884900 186
1884910 186
1884920 187
1884930 187
1884940 187
1884950 187
1884960 187
1884970 187
1884980 187
1884990 187
1885000 187
1885010 187
1885020 187
1885030 187
1885040 187
1885050 187
1885060 187
1885070 187
1885080 187
1885090 187
1885100 187
1885110 187
1885120 187
1885130 188
1885140 188
1885150 188
1885160 188
1885170 188
1885180 188
1885190 188
1885200 188
1885210 189
1885220 189
1885230 189
1885240 189
1885250 189
1885260 189
1885270 189
1885280 190
1885290 190
1885300 190
1885310 190
1885320 190
1885330 191
1885340 191
1885350 191
1885360 191
1885370 192
1885380 192
1885390 192
1885400 193
1885410 193
1885420 193
1885430 193
1885440 193
1885450 194
1885460 194
1885470 194
1885480 195
1885490 195
1885500 195
1885510 196
1885520 196
1885530 196
1885540 197
1885550 197
1885560 197
1885570 198
1885580 198
1885590 198
1885600 199
1885610 199
1885620 199
1885630 200
1885640 200
1885650 200
1885660 201
1885670 201
1885680 201
1885690 201
1885700 201
1885710 201
1885720 202
1885730 202
1885740 202
1885750 203
1885760 203
1885770 203
1885780 204
1885790 204
1885800 203
1885810 204
1885820 205
1885830 205
1885840 205
1885850 206
1885860 206
1885870 206
1885880 206
1885890 206
1885900 207
1885910 207
1885920 207
1885930 208
1885940 208
1885950 208
1885960 209
1885970 209
1885980 209
1885990 210
1886000 210
1886010 210
1886020 210
1886030 210
1886040 210
1886050 210
1886060 210
1886070 210
1886080 210
1886090 210
1886100 210
1886110 210
1886120 210
1886130 210
1886140 210
1886150 210
1886160 210
1886170 210
1886180 210
1886190 210
1886200 211
1886210 211
1886220 211
1886230 211
1886240 211
1886250 211
1886260 211
1886270 211
1886280 211
1886290 212
1886300 212
1886310 212
1886320 212
1886330 212
1886340 212
1886350 213
1886360 213
1886370 213
1886380 213
1886390 213
1886400 213
1886410 213
1886420 213
1886430 213
1886440 213
1886450 213
1886460 213
1886470 213
1886480 213
1886490 213
1886500 213
1886510 213
1886520 213
1886530 213
1886540 213
1886550 213
1886560 214
1886570 214
1886580 214
1886590 214
1886600 214
1886610 214
1886620 214
1886630 214
1886640 214
1886650 214
1886660 213
1886670 213
1886680 213
1886690 213
1886700 213
1886710 213
1886720 213
1886730 213
1886740 213
1886750 213
1886760 212
1886770 212
1886780 212
1886790 212
1886800 212
1886810 212
1886820 212
1886830 212
1886840 212
1886850 212
1886860 212
1886870 212
1886880 212
1886890 213
1886900 213
1886910 213
1886920 213
1886930 212
1886940 212
1886950 212
1886960 212
1886970 212
1886980 212
1886990 213
1887000 213
1887010 213
1887020 213
1887030 213
1887040 213
1887050 213
1887060 213
1887070 213
1887080 213
1887090 212
1887100 212
1887110 212
1887120 212
1887130 212
1887140 212
1887150 212
1887160 212
1887170 212
1887180 212
1887190 212
1887200 212
1887210 212
1887220 212
1887230 212
1887240 212
1887250 212
1887260 212
1887270 212
1887280 212
1887290 212
1887300 212
1887310 212
1887320 212
1887330 212
1887340 212
1887350 212
1887360 213
1887370 213
1887380 213
1887390 213
1887400 213
1887410 213
1887420 213
1887430 213
1887440 214
1887450 214
1887460 214
1887470 214
1887480 214
1887490 214
1887500 215
1887510 215
1887520 215
1887530 215
1887540 215
1887550 215
1887560 216
1887570 216
1887580 216
1887590 216
1887600 216
1887610 216
1887620 216
1887630 216
1887640 216
1887650 217
1887660 217
1887670 217
1887680 217
1887690 217
1887700 217
1887710 217
1887720 218
1887730 218
1887740 218
1887750 218
1887760 218
1887770 218
1887780 218
1887790 218
1887800 218
1887810 219
1887820 219
1887830 219
1887840 219
1887850 219
1887860 219
1887870 220
1887880 220
1887890 220
1887900 221
1887910 221
1887920 221
1887930 222
1887940 222
1887950 222
1887960 223
1887970 223
1887980 223
1887990 224
1888000 224
1888010 224
1888020 225
1888030 225
1888040 225
1888050 226
1888060 226
1888070 227
1888080 227
1888090 227
1888100 228
1888110 229
1888120 229
1888130 230
1888140 230
1888150 230
1888160 231
1888170 231
1888180 231
1888190 232
1888200 232
1888210 232
1888220 233
1888230 234
1888240 234
1888250 234
1888260 235
1888270 235
1888280 235
1888290 235
1888300 235
1888310 236
1888320 236
1888330 236
1888340 236
1888350 237
1888360 237
1888370 237
1888380 237
1888390 237
1888400 238
1888410 238
1888420 238
1888430 238
1888440 239
1888450 239
1888460 239
1888470 239
1888480 239
1888490 239
1888500 240
1888510 240
1888520 240
1888530 240
1888540 240
1888550 240
1888560 241
1888570 241
1888580 241
1888590 241
1888600 241
1888610 242
1888620 242
1888630 242
1888640 243
1888650 243
1888660 243
1888670 243
1888680 243
1888690 244
1888700 244
1888710 244
1888720 244
1888730 244
1888740 244
1888750 244
1888760 244
1888770 244
1888780 244
1888790 244
1888800 245
1888810 245
1888820 245
1888830 245
1888840 245
1888850 245
1888860 245
1888870 245
1888880 246
1888890 246
1888900 246
1888910 247
1888920 247
1888930 247
1888940 248
1888950 249
1888960 249
1888970 249
1888980 250
1888990 250
1889000 251
1889010 252
1889020 252
1889030 253
1889040 254
1889050 254
1889060 254
1889070 255
1889080 255
1889090 255
1889100 256
1889110 256
1889120 256
1889130 256
1889140 256
1889150 256
1889160 256
1889170 256
1889180 256
1889190 256
1889200 256
1889210 256
1889220 255
1889230 255
1889240 255
1889250 255
1889260 254
1889270 254
1889280 254
1889290 254
1889300 254
1889310 253
1889320 253
1889330 253
1889340 253
1889350 252
1889360 252
1889370 252
1889380 251
1889390 251
1889400 251
1889410 250
1889420 250
1889430 249
1889440 248
1889450 248
1889460 247
1889470 247
1889480 247
1889490 246
1889500 245
1889510 245
1889520 243
1889530 242
1889540 242
1889550 241
1889560 240
1889570 240
1889580 239
1889590 238
1889600 238
1889610 237
1889620 236
1889630 236
1889640 235
1889650 233
1889660 233
1889670 232
1889680 232
1889690 232
1889700 231
1889710 230
1889720 230
1889730 229
1889740 228
1889750 228
1889760 227
1889770 226
1889780 226
1889790 225
1889800 224
1889810 224
1889820 223
1889830 223
1889840 223
1889850 222
1889860 221
1889870 221
1889880 220
1889890 219
1889900 219
1889910 219
1889920 218
1889930 218
1889940 217
1889950 216
1889960 216
1889970 216
1889980 215
1889990 215
1890000 214
1890010 213
1890020 213
1890030 213
1890040 212
1890050 212
1890060 212
1890070 211
1890080 211
1890090 211
1890100 211
1890110 211
1890120 210
1890130 210
1890140 210
1890150 210
1890160 209
1890170 209
1890180 209
1890190 209
1890200 209
1890210 209
1890220 207
1890230 207
1890240 205
1890250 205
1890260 205
1890270 208
1890280 208
1890290 209
1890300 210
1890310 210
1890320 210
1890330 211
1890340 211
1890350 211
1890360 212
1890370 212
1890380 212
1890390 212
1890400 212
1890410 212
1890420 212
1890430 212
1890440 212
1890450 212
1890460 212
1890470 212
1890480 213
1890490 213
1890500 213
1890510 213
1890520 213
1890530 213
1890540 213
1890550 213
1890560 213
1890570 213
1890580 213
1890590 213
1890600 213
1890610 213
1890620 213
1890630 212
1890640 212
1890650 212
1890660 211
1890670 211
1890680 211
1890690 210
1890700 209
1890710 209
1890720 208
1890730 208
1890740 208
1890750 207
1890760 206
1890770 206
1890780 206
1890790 205
1890800 205
1890810 204
1890820 204
1890830 204
1890840 203
1890850 203
1890860 203
1890870 203
1890880 202
1890890 202
1890900 202
1890910 202
1890920 202
1890930 202
1890940 201
1890950 201
1890960 200
1890970 200
1890980 200
1890990 200
1891000 200
1891010 200
1891020 199
1891030 199
1891040 199
1891050 199
1891060 199
1891070 199
1891080 199
1891090 199
1891100 199
1891110 199
1891120 198
1891130 198
1891140 198
1891150 197
1891160 197
1891170 196
1891180 195
1891190 195
1891200 194
1891210 194
1891220 194
1891230 194
1891240 197
1891250 197
1891260 198
1891270 199
1891280 199
1891290 200
1891300 200
1891310 200
1891320 201
1891330 201
1891340 201
1891350 201
1891360 202
1891370 202
1891380 202
1891390 203
1891400 203
1891410 203
1891420 204
1891430 204
1891440 204
1891450 204
1891460 204
1891470 205
1891480 206
1891490 206
1891500 207
1891510 208
1891520 208
1891530 208
1891540 209
1891550 209
1891560 210
1891570 210
1891580 210
1891590 211
1891600 211
1891610 212
1891620 212
1891630 212
1891640 212
1891650 212
1891660 212
1891670 212
1891680 212
1891690 213
1891700 213
1891710 213
1891720 213
1891730 213
1891740 213
1891750 213
1891760 213
1891770 213
1891780 213
1891790 213
1891800 213
1891810 214
1891820 214
1891830 214
1891840 214
1891850 214
1891860 214
1891870 214
1891880 215
1891890 215
1891900 215
1891910 214
1891920 214
1891930 214
1891940 214
1891950 214
1891960 214
1891970 214
1891980 214
1891990 214
1892000 214
1892010 214
1892020 214
1892030 214
1892040 214
1892050 214
1892060 213
1892070 213
1892080 213
1892090 213
1892100 213
1892110 213
1892120 212
1892130 212
1892140 212
1892150 211
1892160 211
1892170 211
1892180 211
1892190 211
1892200 211
1892210 210
1892220 210
1892230 210
1892240 210
1892250 210
1892260 210
1892270 210
1892280 210
1892290 209
1892300 209
1892310 209
1892320 209
1892330 208
1892340 208
1892350 208
1892360 208
1892370 208
1892380 208
1892390 207
1892400 207
1892410 207
1892420 207
1892430 207
1892440 207
1892450 207
1892460 207
1892470 207
1892480 207
1892490 207
1892500 206
1892510 207
1892520 207
1892530 207
1892540 207
1892550 207
1892560 208
1892570 208
1892580 208
1892590 209
1892600 211
1892610 211
1892620 212
1892630 213
1892640 213
1892650 214
1892660 214
1892670 214
1892680 214
1892690 214
1892700 214
1892710 214
1892720 214
1892730 214
1892740 214
1892750 213
1892760 213
1892770 213
1892780 213
1892790 213
1892800 212
1892810 212
1892820 212
1892830 212
1892840 211
1892850 211
1892860 211
1892870 210
1892880 210
1892890 209
1892900 209
1892910 209
1892920 208
1892930 207
1892940 207
1892950 207
1892960 207
1892970 207
1892980 207
1892990 206
1893000 206
1893010 206
1893020 206
1893030 206
1893040 206
1893050 206
1893060 206
1893070 206
1893080 206
1893090 206
1893100 206
1893110 206
1893120 206
1893130 206
1893140 206
1893150 207
1893160 207
1893170 207
1893180 207
1893190 207
1893200 207
1893210 207
1893220 207
1893230 208
1893240 208
1893250 209
1893260 209
1893270 209
1893280 209
1893290 209
1893300 209
1893310 209
1893320 208
1893330 208
1893340 208
1893350 208
1893360 208
1893370 208
1893380 208
1893390 208
1893400 208
1893410 208
1893420 208
1893430 207
1893440 207
1893450 207
1893460 207
1893470 207
1893480 207
1893490 207
1893500 206
1893510 206
1893520 206
1893530 206
1893540 206
1893550 205
1893560 205
1893570 205
1893580 204
1893590 204
1893600 204
1893610 204
1893620 203
1893630 203
1893640 203
1893650 202
1893660 202
1893670 202
1893680 202
1893690 202
1893700 202
1893710 201
1893720 201
1893730 200
1893740 199
1893750 199
1893760 198
1893770 198
1893780 198
1893790 197
1893800 197
1893810 197
1893820 196
1893830 196
1893840 196
1893850 195
1893860 194
1893870 194
1893880 194
1893890 194
1893900 194
1893910 193
1893920 193
1893930 193
1893940 193
1893950 192
1893960 192
1893970 192
1893980 192
1893990 192
1894000 192
1894010 192
1894020 191
1894030 191
1894040 191
1894050 191
1894060 191
1894070 191
1894080 191
1894090 191
1894100 191
1894110 191
1894120 191
1894130 191
1894140 192
1894150 192
1894160 192
1894170 192
1894180 192
1894190 192
1894200 192
1894210 192
1894220 192
1894230 192
1894240 192
1894250 192
1894260 192
1894270 192
1894280 192
1894290 192
1894300 192
1894310 192
1894320 191
1894330 191
1894340 191
1894350 190
1894360 190
1894370 190
1894380 189
1894390 189
1894400 189
1894410 189
1894420 189
1894430 189
1894440 188
1894450 188
1894460 188
1894470 187
1894480 187
1894490 187
1894500 187
1894510 187
1894520 187
1894530 186
1894540 186
1894550 186
1894560 186
1894570 186
1894580 186
1894590 186
1894600 186
1894610 185
1894620 185
1894630 185
1894640 185
1894650 185
1894660 185
1894670 185
1894680 186
1894690 186
1894700 186
1894710 187
1894720 187
1894730 188
1894740 189
1894750 189
1894760 190
1894770 191
1894780 191
1894790 191
1894800 191
1894810 191
1894820 192
1894830 192
1894840 192
1894850 192
1894860 192
1894870 192
1894880 192
1894890 192
1894900 192
1894910 192
1894920 191
1894930 191
1894940 191
1894950 190
1894960 190
1894970 190
1894980 189
1894990 189
1895000 189
1895010 188
1895020 188
1895030 187
1895040 187
1895050 187
1895060 187
1895070 186
1895080 186
1895090 185
1895100 184
1895110 184
1895120 183
1895130 182
1895140 182
1895150 181
1895160 180
1895170 180
1895180 179
1895190 179
1895200 179
1895210 178
1895220 177
1895230 177
1895240 176
1895250 176
1895260 176
1895270 175
1895280 174
1895290 174
1895300 173
1895310 173
1895320 173
1895330 172
1895340 172
1895350 172
1895360 171
1895370 171
1895380 171
1895390 170
1895400 170
1895410 170
1895420 169
1895430 169
1895440 169
1895450 168
1895460 168
1895470 168
1895480 168
1895490 168
1895500 168
1895510 167
1895520 167
1895530 167
1895540 167
1895550 166
1895560 166
1895570 166
1895580 166
1895590 166
1895600 166
1895610 165
1895620 165
1895630 165
1895640 165
1895650 165
1895660 165
1895670 165
1895680 165
1895690 165
1895700 165
1895710 165
1895720 165
1895730 164
1895740 164
1895750 164
1895760 164
1895770 164
1895780 164
1895790 164
1895800 164
1895810 164
1895820 163
1895830 163
1895840 162
1895850 162
1895860 162
1895870 162
1895880 161
1895890 161
1895900 161
1895910 161
1895920 161
1895930 161
1895940 161
1895950 161
1895960 161
1895970 161
1895980 161
1895990 161
1896000 161
1896010 161
1896020 161
1896030 161
1896040 161
1896050 161
1896060 160
1896070 160
1896080 160
1896090 160
1896100 160
1896110 160
1896120 159
1896130 159
1896140 159
1896150 159
1896160 159
1896170 159
1896180 159
1896190 159
1896200 158
1896210 158
1896220 158
1896230 158
1896240 158
1896250 158
1896260 158
1896270 158
1896280 158
1896290 158
1896300 158
1896310 157
1896320 157
1896330 157
1896340 157
1896350 157
1896360 157
1896370 156
1896380 156
1896390 156
1896400 156
1896410 156
1896420 156
1896430 156
1896440 156
1896450 155
1896460 155
1896470 155
1896480 155
1896490 154
1896500 154
1896510 154
1896520 154
1896530 154
1896540 154
1896550 154
1896560 154
1896570 153
1896580 153
1896590 153
1896600 153
1896610 153
1896620 153
1896630 153
1896640 153
1896650 153
1896660 153
1896670 152
1896680 152
1896690 152
1896700 152
1896710 152
1896720 152
1896730 152
1896740 152
1896750 152
1896760 152
1896770 152
1896780 151
1896790 151
1896800 151
1896810 151
1896820 151
1896830 151
1896840 150
1896850 150
1896860 150
1896870 150
1896880 150
1896890 150
1896900 150
1896910 150
1896920 150
1896930 150
1896940 150
1896950 150
1896960 150
1896970 150
1896980 150
1896990 150
1897000 150
1897010 150
1897020 150
1897030 150
1897040 150
1897050 149
1897060 149
1897070 149
1897080 148
1897090 146
1897100 146
1897110 146
1897120 146
1897130 146
1897140 145
1897150 145
1897160 145
1897170 145
1897180 144
1897190 144
1897200 144
1897210 144
1897220 144
1897230 143
1897240 142
1897250 142
1897260 142
1897270 141
1897280 141
1897290 141
1897300 141
1897310 141
1897320 141
1897330 141
1897340 141
1897350 140
1897360 138
1897370 138
1897380 137
1897390 137
1897400 137
1897410 137
1897420 137
1897430 137
1897440 136
1897450 136
1897460 136
1897470 137
1897480 137
1897490 137
1897500 137
1897510 137
1897520 137
1897530 137
1897540 137
1897550 137
1897560 137
1897570 137
1897580 137
1897590 137
1897600 137
1897610 137
1897620 137
1897630 136
1897640 136
1897650 136
1897660 136
1897670 136
1897680 136
1897690 136
1897700 136
1897710 136
1897720 136
1897730 136
1897740 136
1897750 136
1897760 136
1897770 136
1897780 136
1897790 136
1897800 136
1897810 136
1897820 136
1897830 136
1897840 136
1897850 136
1897860 136
1897870 136
1897880 136
1897890 136
1897900 136
1897910 136
1897920 136
1897930 136
1897940 136
1897950 136
1897960 136
1897970 136
1897980 136
1897990 136
1898000 136
1898010 136
1898020 136
1898030 136
1898040 136
1898050 136
1898060 136
1898070 136
1898080 136
1898090 136
1898100 136
1898110 136
1898120 136
1898130 136
1898140 136
1898150 136
1898160 136
1898170 136
1898180 137
1898190 137
1898200 136
1898210 136
1898220 136
1898230 136
1898240 136
1898250 136
1898260 136
1898270 136
1898280 136
1898290 136
1898300 136
1898310 136
1898320 136
1898330 136
1898340 136
1898350 136
1898360 136
1898370 136
1898380 136
1898390 136
1898400 136
1898410 136
1898420 136
1898430 136
1898440 136
1898450 136
1898460 136
1898470 136
1898480 136
1898490 136
1898500 136
1898510 136
1898520 136
1898530 136
1898540 136
1898550 136
1898560 136
1898570 136
1898580 136
1898590 136
1898600 136
1898610 136
1898620 136
1898630 136
1898640 136
1898650 136
1898660 136
1898670 136
1898680 136
1898690 136
1898700 136
1898710 136
1898720 136
1898730 136
1898740 136
1898750 136
1898760 136
1898770 136
1898780 136
1898790 136
1898800 136
1898810 136
1898820 136
1898830 136
1898840 136
1898850 136
1898860 136
1898870 136
1898880 136
1898890 136
1898900 136
1898910 136
1898920 136
1898930 136
1898940 136
1898950 136
1898960 136
1898970 136
1898980 136
1898990 136
1899000 136
1899010 136
1899020 136
1899030 136
1899040 136
1899050 136
1899060 136
1899070 136
1899080 136
1899090 136
1899100 136
1899110 136
1899120 136
1899130 136
1899140 136
1899150 136
1899160 136
1899170 136
1899180 136
1899190 136
1899200 136
1899210 136
1899220 136
1899230 136
1899240 136
1899250 136
1899260 136
1899270 136
1899280 135
1899290 135
1899300 135
1899310 136
1899320 136
1899330 136
1899340 136
1899350 136
1899360 136
1899370 136
1899380 136
1899390 136
1899400 136
1899410 136
1899420 136
1899430 136
1899440 136
1899450 136
1899460 136
1899470 136
1899480 136
1899490 136
1899500 136
1899510 136
1899520 136
1899530 136
1899540 136
1899550 136
1899560 136
1899570 136
1899580 136
1899590 136
1899600 136
1899610 136
1899620 136
1899630 136
1899640 136
1899650 136
1899660 136
1899670 136
1899680 136
1899690 136
1899700 136
1899710 136
1899720 136
1899730 136
1899740 136
1899750 136
1899760 136
1899770 136
1899780 136
1899790 136
1899800 136
1899810 136
1899820 136
1899830 136
1899840 136
1899850 136
1899860 136
1899870 136
1899880 136
1899890 136
1899900 136
1899910 135
1899920 135
1899930 135
1899940 135
1899950 135
1899960 135
1899970 135
1899980 135
1899990 135
