1880000 183
1880010 183
1880020 183
1880030 183
1880040 183
1880050 183
1880060 183
1880070 183
1880080 183
1880090 183
1880100 183
1880110 183
1880120 183
1880130 183
1880140 183
1880150 183
1880160 183
1880170 183
1880180 183
1880190 183
1880200 183
1880210 183
1880220 182
1880230 182
1880240 182
1880250 182
1880260 182
1880270 182
1880280 182
1880290 182
1880300 182
1880310 182
1880320 182
1880330 182
1880340 182
1880350 183
1880360 183
1880370 183
1880380 183
1880390 183
1880400 183
1880410 183
1880420 183
1880430 183
1880440 183
1880450 183
1880460 183
1880470 183
1880480 183
1880490 183
1880500 183
1880510 183
1880520 183
1880530 183
1880540 183
1880550 183
1880560 183
1880570 183
1880580 183
1880590 183
1880600 183
1880610 184
1880620 184
1880630 184
1880640 184
1880650 184
1880660 184
1880670 184
1880680 184
1880690 184
1880700 184
1880710 184
1880720 184
1880730 184
1880740 184
1880750 184
1880760 184
1880770 184
1880780 184
1880790 184
1880800 184
1880810 184
1880820 184
1880830 184
1880840 184
1880850 184
1880860 184
1880870 184
1880880 184
1880890 184
1880900 184
1880910 184
1880920 184
1880930 184
1880940 184
1880950 184
1880960 184
1880970 184
1880980 184
1880990 184
1881000 184
1881010 184
1881020 184
1881030 184
1881040 184
1881050 184
1881060 184
1881070 184
1881080 184
1881090 184
1881100 184
1881110 184
1881120 184
1881130 184
1881140 184
1881150 184
1881160 184
1881170 184
1881180 184
1881190 184
1881200 184
1881210 184
1881220 184
1881230 184
1881240 184
1881250 184
1881260 184
1881270 184
1881280 184
1881290 184
1881300 184
1881310 184
1881320 184
1881330 184
1881340 184
1881350 184
1881360 184
1881370 184
1881380 184
1881390 184
1881400 184
1881410 184
1881420 184
1881430 184
1881440 184
1881450 183
1881460 183
1881470 183
1881480 184
1881490 184
1881500 184
1881510 183
1881520 183
1881530 183
1881540 183
1881550 183
1881560 183
1881570 183
1881580 183
1881590 183
1881600 183
1881610 183
1881620 183
1881630 183
1881640 183
1881650 183
1881660 183
1881670 183
1881680 183
1881690 183
1881700 183
1881710 183
1881720 183
1881730 182
1881740 182
1881750 182
1881760 182
1881770 182
1881780 182
1881790 182
1881800 182
1881810 182
1881820 182
1881830 182
1881840 182
1881850 182
1881860 182
1881870 182
1881880 182
1881890 182
1881900 182
1881910 182
1881920 182
1881930 182
1881940 182
1881950 182
1881960 182
1881970 182
1881980 182
1881990 182
1882000 182
1882010 182
1882020 182
1882030 182
1882040 182
1882050 182
1882060 182
1882070 182
1882080 182
1882090 182
1882100 182
1882110 182
1882120 182
1882130 182
1882140 182
1882150 182
1882160 182
1882170 182
1882180 182
1882190 182
1882200 182
1882210 182
1882220 182
1882230 182
1882240 182
1882250 182
1882260 182
1882270 182
1882280 182
1882290 182
1882300 182
1882310 182
1882320 182
1882330 182
1882340 182
1882350 182
1882360 182
1882370 182
1882380 182
1882390 182
1882400 182
1882410 182
1882420 182
1882430 182
1882440 182
1882450 182
1882460 182
1882470 182
1882480 182
1882490 182
1882500 182
1882510 182
1882520 182
1882530 182
1882540 181
1882550 181
1882560 181
1882570 181
1882580 181
1882590 181
1882600 181
1882610 181
1882620 181
1882630 181
1882640 181
1882650 181
1882660 181
1882670 181
1882680 181
1882690 181
1882700 181
1882710 181
1882720 181
1882730 181
1882740 181
1882750 181
1882760 181
1882770 181
1882780 181
1882790 180
1882800 180
1882810 180
1882820 180
1882830 180
1882840 180
1882850 180
1882860 180
1882870 180
1882880 179
1882890 179
1882900 179
1882910 179
1882920 179
1882930 179
1882940 179
1882950 179
1882960 179
1882970 178
1882980 178
1882990 178
1883000 178
1883010 178
1883020 178
1883030 177
1883040 177
1883050 177
1883060 177
1883070 177
1883080 177
1883090 176
1883100 176
1883110 176
1883120 176
1883130 176
1883140 175
1883150 175
1883160 175
1883170 175
1883180 175
1883190 175
1883200 175
1883210 174
1883220 174
1883230 174
1883240 174
1883250 174
1883260 174
1883270 174
1883280 174
1883290 173
1883300 173
1883310 173
1883320 173
1883330 173
1883340 173
1883350 173
1883360 172
1883370 172
1883380 172
1883390 172
1883400 172
1883410 171
1883420 171
1883430 171
1883440 171
1883450 171
1883460 171
1883470 171
1883480 171
1883490 171
1883500 171
1883510 171
1883520 171
1883530 171
1883540 171
1883550 171
1883560 171
1883570 171
1883580 171
1883590 171
1883600 171
1883610 171
1883620 172
1883630 172
1883640 172
1883650 173
1883660 173
1883670 173
1883680 173
1883690 174
1883700 174
1883710 174
1883720 175
1883730 175
1883740 175
1883750 176
1883760 176
1883770 176
1883780 177
1883790 177
1883800 177
1883810 178
1883820 178
1883830 178
1883840 179
1883850 179
1883860 179
1883870 180
1883880 180
1883890 180
1883900 180
1883910 180
1883920 180
1883930 180
1883940 180
1883950 180
1883960 181
1883970 181
1883980 181
1883990 181
1884000 181
1884010 181
1884020 181
1884030 181
1884040 181
1884050 181
1884060 181
1884070 181
1884080 181
1884090 181
1884100 181
1884110 181
1884120 181
1884130 181
1884140 181
1884150 181
1884160 181
1884170 181
1884180 181
1884190 181
1884200 181
1884210 181
1884220 181
1884230 181
1884240 181
1884250 181
1884260 181
1884270 181
1884280 181
1884290 181
1884300 181
1884310 182
1884320 182
1884330 182
1884340 182
1884350 182
1884360 182
1884370 182
1884380 182
1884390 182
1884400 182
1884410 182
1884420 182
1884430 182
1884440 182
1884450 182
1884460 182
1884470 182
1884480 182
1884490 182
1884500 182
1884510 182
1884520 183
1884530 183
1884540 183
1884550 183
1884560 183
1884570 183
1884580 183
1884590 183
1884600 183
1884610 184
1884620 184
1884630 184
1884640 184
1884650 184
1884660 184
1884670 184
1884680 184
1884690 184
1884700 184
1884710 185
1884720 185
1884730 185
1884740 185
1884750 186
1884760 186
1884770 186
1884780 186
1884790 186
1884800 187
1884810 187
1884820 187
1884830 187
1884840 187
1884850 187
1884860 187
1884870 187
1884880 187
1884890 188
1884900 188
1884910 188
1884920 188
1884930 188
1884940 188
1884950 188
1884960 189
1884970 189
1884980 189
1884990 189
1885000 189
1885010 189
1885020 189
1885030 189
1885040 190
1885050 190
1885060 190
1885070 190
1885080 190
1885090 190
1885100 190
1885110 190
1885120 190
1885130 190
1885140 191
1885150 191
1885160 191
1885170 191
1885180 191
1885190 191
1885200 191
1885210 191
1885220 191
1885230 191
1885240 191
1885250 191
1885260 191
1885270 191
1885280 191
1885290 192
1885300 192
1885310 192
1885320 192
1885330 192
1885340 192
1885350 192
1885360 192
1885370 192
1885380 193
1885390 193
1885400 193
1885410 193
1885420 193
1885430 193
1885440 193
1885450 193
1885460 193
1885470 193
1885480 193
1885490 194
1885500 194
1885510 194
1885520 194
1885530 194
1885540 194
1885550 194
1885560 194
1885570 194
1885580 194
1885590 194
1885600 194
1885610 194
1885620 194
1885630 194
1885640 195
1885650 195
1885660 195
1885670 195
1885680 195
1885690 195
1885700 195
1885710 196
1885720 196
1885730 196
1885740 196
1885750 196
1885760 196
1885770 197
1885780 197
1885790 197
1885800 197
1885810 197
1885820 197
1885830 198
1885840 198
1885850 198
1885860 198
1885870 198
1885880 198
1885890 198
1885900 198
1885910 198
1885920 198
1885930 198
1885940 199
1885950 199
1885960 199
1885970 199
1885980 200
1885990 200
1886000 200
1886010 200
1886020 200
1886030 200
1886040 201
1886050 201
1886060 201
1886070 201
1886080 201
1886090 202
1886100 202
1886110 202
1886120 202
1886130 203
1886140 203
1886150 204
1886160 204
1886170 204
1886180 204
1886190 204
1886200 204
1886210 204
1886220 205
1886230 205
1886240 205
1886250 205
1886260 205
1886270 205
1886280 206
1886290 206
1886300 206
1886310 206
1886320 206
1886330 206
1886340 207
1886350 207
1886360 207
1886370 207
1886380 207
1886390 207
1886400 207
1886410 207
1886420 207
1886430 208
1886440 208
1886450 208
1886460 209
1886470 209
1886480 209
1886490 209
1886500 209
1886510 210
1886520 210
1886530 210
1886540 211
1886550 211
1886560 211
1886570 212
1886580 212
1886590 212
1886600 212
1886610 213
1886620 213
1886630 213
1886640 213
1886650 213
1886660 214
1886670 214
1886680 214
1886690 214
1886700 215
1886710 215
1886720 215
1886730 215
1886740 215
1886750 216
1886760 216
1886770 216
1886780 216
1886790 216
1886800 216
1886810 217
1886820 217
1886830 217
1886840 217
1886850 217
1886860 217
1886870 218
1886880 218
1886890 218
1886900 218
1886910 218
1886920 218
1886930 218
1886940 218
1886950 218
1886960 218
1886970 218
1886980 218
1886990 218
1887000 218
1887010 218
1887020 218
1887030 218
1887040 218
1887050 218
1887060 218
1887070 218
1887080 218
1887090 218
1887100 219
1887110 219
1887120 220
1887130 220
1887140 220
1887150 220
1887160 221
1887170 221
1887180 221
1887190 221
1887200 221
1887210 222
1887220 222
1887230 222
1887240 222
1887250 222
1887260 222
1887270 222
1887280 222
1887290 222
1887300 223
1887310 223
1887320 223
1887330 224
1887340 224
1887350 224
1887360 224
1887370 225
1887380 225
1887390 225
1887400 225
1887410 225
1887420 226
1887430 226
1887440 226
1887450 226
1887460 226
1887470 226
1887480 227
1887490 227
1887500 227
1887510 227
1887520 228
1887530 228
1887540 228
1887550 228
1887560 228
1887570 229
1887580 229
1887590 229
1887600 229
1887610 230
1887620 230
1887630 230
1887640 230
1887650 230
1887660 231
1887670 231
1887680 231
1887690 231
1887700 231
1887710 231
1887720 232
1887730 232
1887740 232
1887750 233
1887760 233
1887770 233
1887780 233
1887790 234
1887800 234
1887810 234
1887820 234
1887830 234
1887840 235
1887850 235
1887860 235
1887870 235
1887880 236
1887890 236
1887900 236
1887910 236
1887920 236
1887930 237
1887940 237
1887950 237
1887960 237
1887970 238
1887980 238
1887990 238
1888000 238
1888010 238
1888020 239
1888030 239
1888040 239
1888050 240
1888060 240
1888070 240
1888080 241
1888090 241
1888100 241
1888110 242
1888120 242
1888130 242
1888140 242
1888150 243
1888160 243
1888170 243
1888180 243
1888190 243
1888200 243
1888210 244
1888220 244
1888230 244
1888240 244
1888250 244
1888260 244
1888270 245
1888280 245
1888290 245
1888300 245
1888310 245
1888320 245
1888330 245
1888340 245
1888350 245
1888360 244
1888370 244
1888380 244
1888390 244
1888400 244
1888410 244
1888420 244
1888430 244
1888440 244
1888450 244
1888460 244
1888470 245
1888480 246
1888490 246
1888500 246
1888510 247
1888520 247
1888530 247
1888540 247
1888550 247
1888560 247
1888570 247
1888580 247
1888590 246
1888600 245
1888610 245
1888620 244
1888630 243
1888640 243
1888650 243
1888660 243
1888670 243
1888680 243
1888690 243
1888700 243
1888710 244
1888720 244
1888730 244
1888740 244
1888750 246
1888760 246
1888770 249
1888780 253
1888790 253
1888800 256
1888810 259
1888820 259
1888830 263
1888840 268
1888850 268
1888860 271
1888870 274
1888880 274
1888890 275
1888900 277
1888910 277
1888920 277
1888930 278
1888940 278
1888950 278
1888960 278
1888970 278
1888980 279
1888990 279
1889000 279
1889010 279
1889020 280
1889030 280
1889040 280
1889050 280
1889060 280
1889070 281
1889080 280
1889090 280
1889100 280
1889110 279
1889120 279
1889130 279
1889140 278
1889150 278
1889160 277
1889170 276
1889180 276
1889190 275
1889200 274
1889210 274
1889220 273
1889230 271
1889240 271
1889250 270
1889260 268
1889270 268
1889280 266
1889290 264
1889300 264
1889310 262
1889320 261
1889330 261
1889340 260
1889350 258
1889360 258
1889370 257
1889380 256
1889390 256
1889400 257
1889410 257
1889420 257
1889430 257
1889440 257
1889450 257
1889460 257
1889470 257
1889480 257
1889490 257
1889500 257
1889510 257
1889520 257
1889530 257
1889540 257
1889550 257
1889560 258
1889570 258
1889580 257
1889590 257
1889600 257
1889610 256
1889620 255
1889630 254
1889640 254
1889650 253
1889660 252
1889670 253
1889680 252
1889690 251
1889700 251
1889710 250
1889720 249
1889730 249
1889740 248
1889750 248
1889760 248
1889770 248
1889780 248
1889790 248
1889800 248
1889810 249
1889820 249
1889830 249
1889840 250
1889850 250
1889860 250
1889870 251
1889880 251
1889890 252
1889900 253
1889910 253
1889920 254
1889930 254
1889940 254
1889950 254
1889960 254
1889970 254
1889980 255
1889990 254
1890000 254
1890010 254
1890020 254
1890030 254
1890040 253
1890050 253
1890060 253
1890070 253
1890080 252
1890090 252
1890100 252
1890110 251
1890120 251
1890130 251
1890140 250
1890150 250
1890160 250
1890170 249
1890180 249
1890190 248
1890200 247
1890210 247
1890220 246
1890230 244
1890240 244
1890250 243
1890260 242
1890270 242
1890280 241
1890290 239
1890300 239
1890310 238
1890320 236
1890330 236
1890340 235
1890350 233
1890360 233
1890370 231
1890380 230
1890390 230
1890400 230
1890410 229
1890420 229
1890430 229
1890440 229
1890450 229
1890460 229
1890470 229
1890480 229
1890490 228
1890500 229
1890510 229
1890520 230
1890530 231
1890540 231
1890550 233
1890560 234
1890570 234
1890580 235
1890590 236
1890600 236
1890610 237
1890620 239
1890630 239
1890640 240
1890650 242
1890660 242
1890670 242
1890680 243
1890690 243
1890700 243
1890710 243
1890720 243
1890730 244
1890740 244
1890750 244
1890760 244
1890770 245
1890780 245
1890790 245
1890800 245
1890810 245
1890820 245
1890830 245
1890840 245
1890850 245
1890860 245
1890870 245
1890880 245
1890890 245
1890900 245
1890910 245
1890920 245
1890930 245
1890940 245
1890950 245
1890960 245
1890970 245
1890980 245
1890990 245
1891000 245
1891010 245
1891020 245
1891030 245
1891040 245
1891050 245
1891060 244
1891070 244
1891080 244
1891090 244
1891100 244
1891110 244
1891120 243
1891130 243
1891140 243
1891150 243
1891160 243
1891170 243
1891180 243
1891190 244
1891200 244
1891210 245
1891220 246
1891230 246
1891240 247
1891250 248
1891260 250
1891270 251
1891280 252
1891290 252
1891300 253
1891310 254
1891320 254
1891330 255
1891340 256
1891350 256
1891360 256
1891370 257
1891380 257
1891390 258
1891400 259
1891410 259
1891420 260
1891430 261
1891440 261
1891450 261
1891460 262
1891470 262
1891480 262
1891490 262
1891500 262
1891510 263
1891520 263
1891530 263
1891540 263
1891550 264
1891560 264
1891570 264
1891580 267
1891590 267
1891600 267
1891610 267
1891620 267
1891630 268
1891640 268
1891650 268
1891660 269
1891670 269
1891680 269
1891690 270
1891700 271
1891710 271
1891720 271
1891730 272
1891740 272
1891750 273
1891760 273
1891770 273
1891780 273
1891790 274
1891800 274
1891810 275
1891820 275
1891830 275
1891840 275
1891850 275
1891860 275
1891870 274
1891880 272
1891890 272
1891900 271
1891910 269
1891920 269
1891930 268
1891940 267
1891950 267
1891960 266
1891970 265
1891980 265
1891990 265
1892000 264
1892010 264
1892020 263
1892030 263
1892040 263
1892050 263
1892060 263
1892070 262
1892080 262
1892090 263
1892100 262
1892110 262
1892120 262
1892130 261
1892140 261
1892150 261
1892160 260
1892170 260
1892180 260
1892190 260
1892200 260
1892210 261
1892220 262
1892230 262
1892240 262
1892250 263
1892260 263
1892270 264
1892280 265
1892290 265
1892300 266
1892310 266
1892320 266
1892330 267
1892340 268
1892350 268
1892360 268
1892370 268
1892380 268
1892390 267
1892400 266
1892410 266
1892420 265
1892430 265
1892440 265
1892450 265
1892460 266
1892470 266
1892480 267
1892490 269
1892500 269
1892510 270
1892520 272
1892530 273
1892540 273
1892550 274
1892560 274
1892570 273
1892580 273
1892590 273
1892600 272
1892610 271
1892620 271
1892630 270
1892640 269
1892650 269
1892660 268
1892670 267
1892680 267
1892690 266
1892700 265
1892710 265
1892720 264
1892730 263
1892740 263
1892750 262
1892760 260
1892770 260
1892780 259
1892790 257
1892800 257
1892810 255
1892820 253
1892830 253
1892840 251
1892850 249
1892860 249
1892870 248
1892880 246
1892890 246
1892900 242
1892910 242
1892920 242
1892930 245
1892940 246
1892950 246
1892960 246
1892970 246
1892980 246
1892990 247
1893000 247
1893010 247
1893020 248
1893030 249
1893040 249
1893050 250
1893060 250
1893070 250
1893080 251
1893090 251
1893100 251
1893110 252
1893120 254
1893130 254
1893140 256
1893150 256
1893160 260
1893170 260
1893180 261
1893190 261
1893200 263
1893210 265
1893220 265
1893230 267
1893240 267
1893250 267
1893260 268
1893270 269
1893280 269
1893290 269
1893300 269
1893310 269
1893320 270
1893330 271
1893340 271
1893350 272
1893360 273
1893370 273
1893380 274
1893390 275
1893400 275
1893410 276
1893420 277
1893430 277
1893440 278
1893450 278
1893460 278
1893470 279
1893480 281
1893490 281
1893500 281
1893510 281
1893520 281
1893530 282
1893540 282
1893550 282
1893560 283
1893570 282
1893580 282
1893590 282
1893600 283
1893610 283
1893620 283
1893630 282
1893640 282
1893650 281
1893660 279
1893670 279
1893680 277
1893690 275
1893700 275
1893710 271
1893720 266
1893730 266
1893740 262
1893750 257
1893760 257
1893770 253
1893780 248
1893790 248
1893800 243
1893810 240
1893820 240
1893830 236
1893840 234
1893850 234
1893860 231
1893870 230
1893880 230
1893890 230
1893900 231
1893910 231
1893920 233
1893930 238
1893940 238
1893950 240
1893960 243
1893970 243
1893980 245
1893990 246
1894000 246
1894010 247
1894020 248
1894030 248
1894040 248
1894050 249
1894060 249
1894070 249
1894080 249
1894090 249
1894100 248
1894110 251
1894120 251
1894130 249
1894140 248
1894150 248
1894160 246
1894170 244
1894180 244
1894190 242
1894200 239
1894210 239
1894220 237
1894230 236
1894240 236
1894250 235
1894260 234
1894270 234
1894280 236
1894290 235
1894300 235
1894310 235
1894320 237
1894330 237
1894340 237
1894350 236
1894360 236
1894370 235
1894380 234
1894390 234
1894400 231
1894410 229
1894420 229
1894430 226
1894440 223
1894450 223
1894460 221
1894470 219
1894480 218
1894490 218
1894500 218
1894510 217
1894520 217
1894530 217
1894540 217
1894550 217
1894560 217
1894570 217
1894580 217
1894590 216
1894600 216
1894610 216
1894620 217
1894630 217
1894640 217
1894650 217
1894660 219
1894670 219
1894680 219
1894690 220
1894700 220
1894710 220
1894720 220
1894730 220
1894740 222
1894750 221
1894760 221
1894770 220
1894780 218
1894790 218
1894800 216
1894810 213
1894820 213
1894830 210
1894840 204
1894850 204
1894860 208
1894870 209
1894880 209
1894890 209
1894900 209
1894910 209
1894920 209
1894930 209
1894940 209
1894950 209
1894960 209
1894970 209
1894980 209
1894990 209
1895000 209
1895010 208
1895020 208
1895030 208
1895040 207
1895050 206
1895060 207
1895070 206
1895080 206
1895090 206
1895100 205
1895110 205
1895120 205
1895130 204
1895140 204
1895150 204
1895160 203
1895170 202
1895180 202
1895190 202
1895200 201
1895210 201
1895220 201
1895230 200
1895240 200
1895250 200
1895260 200
1895270 200
1895280 199
1895290 199
1895300 199
1895310 199
1895320 199
1895330 199
1895340 199
1895350 199
1895360 199
1895370 203
1895380 204
1895390 204
1895400 206
1895410 209
1895420 209
1895430 211
1895440 211
1895450 211
1895460 211
1895470 211
1895480 211
1895490 210
1895500 210
1895510 210
1895520 209
1895530 209
1895540 209
1895550 208
1895560 208
1895570 208
1895580 208
1895590 208
1895600 208
1895610 208
1895620 207
1895630 207
1895640 207
1895650 206
1895660 206
1895670 205
1895680 204
1895690 206
1895700 205
1895710 205
1895720 205
1895730 205
1895740 205
1895750 205
1895760 205
1895770 205
1895780 205
1895790 205
1895800 206
1895810 206
1895820 206
1895830 207
1895840 207
1895850 208
1895860 208
1895870 208
1895880 209
1895890 211
1895900 211
1895910 214
1895920 215
1895930 215
1895940 217
1895950 219
1895960 219
1895970 221
1895980 222
1895990 222
1896000 225
1896010 226
1896020 226
1896030 227
1896040 227
1896050 227
1896060 228
1896070 228
1896080 228
1896090 228
1896100 228
1896110 228
1896120 228
1896130 228
1896140 228
1896150 227
1896160 226
1896170 226
1896180 225
1896190 225
1896200 225
1896210 224
1896220 224
1896230 224
1896240 224
1896250 224
1896260 224
1896270 223
1896280 223
1896290 223
1896300 222
1896310 221
1896320 223
1896330 224
1896340 223
1896350 223
1896360 224
1896370 225
1896380 225
1896390 225
1896400 224
1896410 224
1896420 225
1896430 225
1896440 225
1896450 225
1896460 224
1896470 224
1896480 224
1896490 223
1896500 223
1896510 223
1896520 223
1896530 223
1896540 222
1896550 222
1896560 222
1896570 222
1896580 221
1896590 221
1896600 220
1896610 220
1896620 220
1896630 218
1896640 217
1896650 217
1896660 216
1896670 214
1896680 214
1896690 214
1896700 214
1896710 214
1896720 213
1896730 211
1896740 211
1896750 209
1896760 206
1896770 206
1896780 203
1896790 200
1896800 200
1896810 196
1896820 193
1896830 193
1896840 189
1896850 185
1896860 185
1896870 182
1896880 178
1896890 178
1896900 175
1896910 173
1896920 173
1896930 171
1896940 169
1896950 166
1896960 166
1896970 163
1896980 156
1896990 156
1897000 151
1897010 147
1897020 147
1897030 142
1897040 138
1897050 138
1897060 137
1897070 136
1897080 136
1897090 136
1897100 136
1897110 136
1897120 136
1897130 136
1897140 136
1897150 136
1897160 137
1897170 137
1897180 137
1897190 137
1897200 137
1897210 137
1897220 137
1897230 137
1897240 137
1897250 137
1897260 137
1897270 137
1897280 137
1897290 137
1897300 137
1897310 137
1897320 137
1897330 136
1897340 136
1897350 136
1897360 136
1897370 136
1897380 136
1897390 136
1897400 136
1897410 136
1897420 136
1897430 136
1897440 136
1897450 137
1897460 137
1897470 137
1897480 137
1897490 136
1897500 136
1897510 136
1897520 136
1897530 136
1897540 136
1897550 136
1897560 136
1897570 136
1897580 136
1897590 136
1897600 136
1897610 136
1897620 136
1897630 136
1897640 136
1897650 136
1897660 136
1897670 136
1897680 136
1897690 136
1897700 136
1897710 136
1897720 136
1897730 136
1897740 136
1897750 136
1897760 136
1897770 136
1897780 136
1897790 136
1897800 136
1897810 136
1897820 136
1897830 136
1897840 136
1897850 136
1897860 136
1897870 136
1897880 136
1897890 136
1897900 136
1897910 136
1897920 136
1897930 136
1897940 136
1897950 136
1897960 136
1897970 136
1897980 136
1897990 136
1898000 136
1898010 136
1898020 136
1898030 137
1898040 137
1898050 136
1898060 136
1898070 136
1898080 136
1898090 136
1898100 136
1898110 136
1898120 136
1898130 136
1898140 137
1898150 137
1898160 137
1898170 137
1898180 137
1898190 137
1898200 137
1898210 137
1898220 137
1898230 137
1898240 137
1898250 137
1898260 137
1898270 137
1898280 137
1898290 137
1898300 137
1898310 137
1898320 137
1898330 137
1898340 137
1898350 137
1898360 137
1898370 137
1898380 136
1898390 136
1898400 136
1898410 136
1898420 136
1898430 136
1898440 136
1898450 136
1898460 136
1898470 136
1898480 136
1898490 136
1898500 136
1898510 136
1898520 136
1898530 136
1898540 136
1898550 136
1898560 136
1898570 135
1898580 135
1898590 136
1898600 136
1898610 136
1898620 136
1898630 135
1898640 135
1898650 135
1898660 135
1898670 135
1898680 135
1898690 135
1898700 135
1898710 135
1898720 135
1898730 135
1898740 135
1898750 135
1898760 135
1898770 135
1898780 135
1898790 135
1898800 135
1898810 135
1898820 134
1898830 134
1898840 134
1898850 134
1898860 134
1898870 135
1898880 135
1898890 135
1898900 135
1898910 135
1898920 135
1898930 136
1898940 136
1898950 136
1898960 136
1898970 136
1898980 136
1898990 136
1899000 136
1899010 136
1899020 136
1899030 136
1899040 136
1899050 136
1899060 136
1899070 136
1899080 136
1899090 136
1899100 136
1899110 136
1899120 136
1899130 136
1899140 136
1899150 136
1899160 136
1899170 136
1899180 136
1899190 136
1899200 136
1899210 136
1899220 136
1899230 136
1899240 136
1899250 136
1899260 136
1899270 136
1899280 135
1899290 135
1899300 135
1899310 135
1899320 136
1899330 136
1899340 136
1899350 136
1899360 136
1899370 136
1899380 136
1899390 136
1899400 136
1899410 136
1899420 136
1899430 136
1899440 136
1899450 135
1899460 135
1899470 135
1899480 135
1899490 135
1899500 135
1899510 135
1899520 135
1899530 135
1899540 135
1899550 135
1899560 135
1899570 135
1899580 135
1899590 135
1899600 134
1899610 134
1899620 134
1899630 135
1899640 135
1899650 135
1899660 135
1899670 135
1899680 135
1899690 135
1899700 135
1899710 136
1899720 136
1899730 136
1899740 136
1899750 136
1899760 136
1899770 136
1899780 136
1899790 136
1899800 136
1899810 136
1899820 136
1899830 136
1899840 136
1899850 136
1899860 136
1899870 136
1899880 136
1899890 136
1899900 136
1899910 136
1899920 136
1899930 136
1899940 136
1899950 136
1899960 136
1899970 136
1899980 136
1899990 136
