1880000 184
1880010 184
1880020 184
1880030 184
1880040 184
1880050 184
1880060 184
1880070 184
1880080 184
1880090 184
1880100 184
1880110 184
1880120 184
1880130 184
1880140 184
1880150 184
1880160 184
1880170 184
1880180 184
1880190 184
1880200 184
1880210 184
1880220 184
1880230 184
1880240 184
1880250 184
1880260 184
1880270 184
1880280 184
1880290 184
1880300 184
1880310 184
1880320 184
1880330 184
1880340 184
1880350 184
1880360 184
1880370 184
1880380 184
1880390 184
1880400 184
1880410 184
1880420 184
1880430 184
1880440 184
1880450 184
1880460 184
1880470 184
1880480 185
1880490 185
1880500 185
1880510 185
1880520 185
1880530 185
1880540 185
1880550 185
1880560 185
1880570 185
1880580 185
1880590 185
1880600 185
1880610 185
1880620 185
1880630 185
1880640 185
1880650 185
1880660 185
1880670 185
1880680 185
1880690 185
1880700 185
1880710 185
1880720 185
1880730 185
1880740 185
1880750 185
1880760 185
1880770 185
1880780 185
1880790 185
1880800 185
1880810 185
1880820 185
1880830 185
1880840 185
1880850 185
1880860 185
1880870 185
1880880 185
1880890 185
1880900 185
1880910 185
1880920 185
1880930 185
1880940 185
1880950 185
1880960 185
1880970 185
1880980 185
1880990 185
1881000 185
1881010 185
1881020 185
1881030 185
1881040 185
1881050 185
1881060 185
1881070 185
1881080 185
1881090 185
1881100 185
1881110 185
1881120 185
1881130 185
1881140 185
1881150 185
1881160 185
1881170 185
1881180 185
1881190 185
1881200 184
1881210 184
1881220 184
1881230 184
1881240 184
1881250 184
1881260 184
1881270 184
1881280 184
1881290 184
1881300 184
1881310 184
1881320 184
1881330 184
1881340 184
1881350 184
1881360 184
1881370 184
1881380 184
1881390 183
1881400 183
1881410 183
1881420 183
1881430 183
1881440 183
1881450 183
1881460 183
1881470 183
1881480 183
1881490 183
1881500 183
1881510 183
1881520 183
1881530 183
1881540 183
1881550 183
1881560 183
1881570 183
1881580 183
1881590 183
1881600 183
1881610 183
1881620 183
1881630 183
1881640 183
1881650 183
1881660 183
1881670 183
1881680 183
1881690 183
1881700 183
1881710 183
1881720 183
1881730 183
1881740 183
1881750 183
1881760 183
1881770 183
1881780 183
1881790 183
1881800 183
1881810 183
1881820 183
1881830 183
1881840 182
1881850 182
1881860 182
1881870 182
1881880 182
1881890 182
1881900 182
1881910 182
1881920 182
1881930 182
1881940 182
1881950 182
1881960 182
1881970 182
1881980 182
1881990 182
1882000 182
1882010 182
1882020 182
1882030 182
1882040 182
1882050 182
1882060 182
1882070 182
1882080 182
1882090 182
1882100 182
1882110 181
1882120 181
1882130 181
1882140 181
1882150 181
1882160 181
1882170 181
1882180 181
1882190 181
1882200 181
1882210 181
1882220 181
1882230 181
1882240 181
1882250 181
1882260 181
1882270 181
1882280 181
1882290 181
1882300 181
1882310 181
1882320 181
1882330 181
1882340 181
1882350 181
1882360 181
1882370 181
1882380 181
1882390 181
1882400 181
1882410 181
1882420 181
1882430 181
1882440 181
1882450 181
1882460 181
1882470 180
1882480 180
1882490 180
1882500 180
1882510 180
1882520 180
1882530 180
1882540 180
1882550 180
1882560 180
1882570 180
1882580 180
1882590 180
1882600 180
1882610 180
1882620 180
1882630 179
1882640 179
1882650 179
1882660 179
1882670 179
1882680 180
1882690 179
1882700 179
1882710 179
1882720 179
1882730 179
1882740 179
1882750 178
1882760 178
1882770 178
1882780 178
1882790 178
1882800 178
1882810 178
1882820 178
1882830 178
1882840 178
1882850 178
1882860 178
1882870 177
1882880 177
1882890 177
1882900 177
1882910 177
1882920 176
1882930 176
1882940 176
1882950 176
1882960 176
1882970 176
1882980 176
1882990 176
1883000 176
1883010 176
1883020 176
1883030 176
1883040 175
1883050 175
1883060 175
1883070 175
1883080 175
1883090 175
1883100 175
1883110 174
1883120 174
1883130 174
1883140 174
1883150 174
1883160 175
1883170 175
1883180 175
1883190 175
1883200 175
1883210 175
1883220 175
1883230 175
1883240 175
1883250 176
1883260 176
1883270 176
1883280 177
1883290 177
1883300 177
1883310 177
1883320 178
1883330 177
1883340 177
1883350 177
1883360 177
1883370 178
1883380 178
1883390 178
1883400 178
1883410 179
1883420 179
1883430 179
1883440 179
1883450 179
1883460 179
1883470 179
1883480 179
1883490 178
1883500 177
1883510 177
1883520 177
1883530 176
1883540 176
1883550 175
1883560 175
1883570 175
1883580 174
1883590 174
1883600 174
1883610 173
1883620 173
1883630 173
1883640 173
1883650 172
1883660 172
1883670 172
1883680 172
1883690 172
1883700 172
1883710 173
1883720 173
1883730 173
1883740 173
1883750 173
1883760 174
1883770 174
1883780 174
1883790 174
1883800 175
1883810 175
1883820 175
1883830 176
1883840 176
1883850 176
1883860 176
1883870 176
1883880 177
1883890 177
1883900 177
1883910 178
1883920 178
1883930 178
1883940 179
1883950 179
1883960 179
1883970 179
1883980 180
1883990 180
1884000 180
1884010 180
1884020 180
1884030 180
1884040 180
1884050 180
1884060 181
1884070 181
1884080 181
1884090 181
1884100 181
1884110 181
1884120 181
1884130 181
1884140 181
1884150 181
1884160 181
1884170 181
1884180 181
1884190 181
1884200 181
1884210 181
1884220 181
1884230 181
1884240 181
1884250 181
1884260 181
1884270 181
1884280 181
1884290 181
1884300 181
1884310 181
1884320 181
1884330 181
1884340 181
1884350 181
1884360 181
1884370 181
1884380 181
1884390 181
1884400 181
1884410 181
1884420 181
1884430 181
1884440 181
1884450 181
1884460 181
1884470 181
1884480 181
1884490 182
1884500 182
1884510 182
1884520 182
1884530 182
1884540 182
1884550 182
1884560 182
1884570 182
1884580 182
1884590 182
1884600 182
1884610 182
1884620 182
1884630 183
1884640 183
1884650 183
1884660 183
1884670 184
1884680 184
1884690 184
1884700 184
1884710 185
1884720 185
1884730 185
1884740 185
1884750 185
1884760 185
1884770 186
1884780 186
1884790 186
1884800 186
1884810 186
1884820 186
1884830 186
1884840 186
1884850 186
1884860 186
1884870 186
1884880 186
1884890 186
1884900 186
1884910 187
1884920 187
1884930 187
1884940 187
1884950 187
1884960 187
1884970 187
1884980 187
1884990 187
1885000 187
1885010 187
1885020 187
1885030 188
1885040 188
1885050 188
1885060 188
1885070 188
1885080 188
1885090 188
1885100 188
1885110 188
1885120 188
1885130 188
1885140 188
1885150 188
1885160 189
1885170 189
1885180 189
1885190 189
1885200 189
1885210 189
1885220 189
1885230 189
1885240 189
1885250 189
1885260 189
1885270 190
1885280 190
1885290 190
1885300 190
1885310 190
1885320 190
1885330 190
1885340 190
1885350 190
1885360 190
1885370 190
1885380 190
1885390 190
1885400 190
1885410 190
1885420 190
1885430 190
1885440 190
1885450 191
1885460 191
1885470 191
1885480 191
1885490 191
1885500 191
1885510 191
1885520 191
1885530 191
1885540 191
1885550 191
1885560 191
1885570 191
1885580 191
1885590 192
1885600 192
1885610 192
1885620 192
1885630 192
1885640 192
1885650 192
1885660 192
1885670 193
1885680 193
1885690 193
1885700 193
1885710 193
1885720 193
1885730 194
1885740 194
1885750 194
1885760 194
1885770 194
1885780 194
1885790 195
1885800 195
1885810 195
1885820 195
1885830 195
1885840 195
1885850 195
1885860 195
1885870 195
1885880 195
1885890 195
1885900 195
1885910 195
1885920 195
1885930 195
1885940 196
1885950 196
1885960 196
1885970 196
1885980 196
1885990 196
1886000 196
1886010 196
1886020 196
1886030 196
1886040 196
1886050 196
1886060 197
1886070 197
1886080 197
1886090 197
1886100 197
1886110 197
1886120 198
1886130 198
1886140 198
1886150 198
1886160 198
1886170 198
1886180 199
1886190 199
1886200 199
1886210 199
1886220 199
1886230 199
1886240 200
1886250 200
1886260 200
1886270 200
1886280 200
1886290 201
1886300 201
1886310 201
1886320 201
1886330 201
1886340 201
1886350 202
1886360 202
1886370 202
1886380 202
1886390 203
1886400 203
1886410 203
1886420 204
1886430 204
1886440 204
1886450 204
1886460 204
1886470 205
1886480 205
1886490 205
1886500 206
1886510 206
1886520 206
1886530 206
1886540 207
1886550 207
1886560 207
1886570 208
1886580 208
1886590 208
1886600 208
1886610 208
1886620 209
1886630 209
1886640 209
1886650 209
1886660 209
1886670 209
1886680 210
1886690 210
1886700 210
1886710 210
1886720 210
1886730 210
1886740 210
1886750 210
1886760 210
1886770 211
1886780 211
1886790 211
1886800 211
1886810 210
1886820 210
1886830 210
1886840 210
1886850 211
1886860 211
1886870 211
1886880 212
1886890 212
1886900 213
1886910 213
1886920 213
1886930 214
1886940 214
1886950 214
1886960 215
1886970 215
1886980 215
1886990 215
1887000 215
1887010 215
1887020 215
1887030 215
1887040 215
1887050 215
1887060 215
1887070 215
1887080 215
1887090 214
1887100 214
1887110 214
1887120 215
1887130 215
1887140 215
1887150 215
1887160 215
1887170 215
1887180 216
1887190 216
1887200 216
1887210 217
1887220 217
1887230 217
1887240 217
1887250 217
1887260 218
1887270 219
1887280 219
1887290 219
1887300 220
1887310 220
1887320 220
1887330 221
1887340 221
1887350 221
1887360 222
1887370 222
1887380 222
1887390 223
1887400 223
1887410 223
1887420 223
1887430 223
1887440 224
1887450 224
1887460 224
1887470 224
1887480 225
1887490 225
1887500 225
1887510 225
1887520 225
1887530 226
1887540 226
1887550 226
1887560 226
1887570 226
1887580 226
1887590 226
1887600 226
1887610 226
1887620 227
1887630 227
1887640 227
1887650 227
1887660 227
1887670 227
1887680 228
1887690 228
1887700 228
1887710 228
1887720 228
1887730 228
1887740 229
1887750 229
1887760 229
1887770 230
1887780 230
1887790 230
1887800 230
1887810 231
1887820 231
1887830 231
1887840 231
1887850 232
1887860 232
1887870 232
1887880 232
1887890 233
1887900 233
1887910 233
1887920 233
1887930 233
1887940 233
1887950 234
1887960 234
1887970 234
1887980 234
1887990 234
1888000 234
1888010 234
1888020 234
1888030 234
1888040 234
1888050 234
1888060 234
1888070 234
1888080 234
1888090 234
1888100 234
1888110 234
1888120 234
1888130 234
1888140 234
1888150 234
1888160 234
1888170 235
1888180 235
1888190 235
1888200 235
1888210 235
1888220 236
1888230 236
1888240 236
1888250 236
1888260 236
1888270 236
1888280 236
1888290 236
1888300 236
1888310 235
1888320 235
1888330 235
1888340 235
1888350 235
1888360 235
1888370 235
1888380 235
1888390 235
1888400 236
1888410 236
1888420 236
1888430 237
1888440 238
1888450 238
1888460 239
1888470 240
1888480 240
1888490 239
1888500 240
1888510 240
1888520 241
1888530 242
1888540 242
1888550 244
1888560 245
1888570 245
1888580 246
1888590 247
1888600 247
1888610 249
1888620 250
1888630 250
1888640 252
1888650 254
1888660 254
1888670 256
1888680 257
1888690 257
1888700 258
1888710 259
1888720 259
1888730 259
1888740 260
1888750 260
1888760 261
1888770 262
1888780 262
1888790 263
1888800 264
1888810 265
1888820 267
1888830 268
1888840 268
1888850 269
1888860 271
1888870 271
1888880 271
1888890 272
1888900 272
1888910 272
1888920 272
1888930 272
1888940 273
1888950 273
1888960 273
1888970 273
1888980 273
1888990 273
1889000 273
1889010 273
1889020 273
1889030 273
1889040 273
1889050 273
1889060 272
1889070 272
1889080 272
1889090 272
1889100 271
1889110 271
1889120 271
1889130 271
1889140 271
1889150 270
1889160 270
1889170 270
1889180 269
1889190 268
1889200 268
1889210 268
1889220 267
1889230 266
1889240 266
1889250 265
1889260 264
1889270 264
1889280 263
1889290 262
1889300 262
1889310 261
1889320 260
1889330 260
1889340 259
1889350 258
1889360 258
1889370 257
1889380 256
1889390 256
1889400 255
1889410 254
1889420 254
1889430 253
1889440 252
1889450 252
1889460 251
1889470 249
1889480 249
1889490 248
1889500 247
1889510 247
1889520 246
1889530 245
1889540 245
1889550 244
1889560 243
1889570 243
1889580 242
1889590 242
1889600 242
1889610 241
1889620 242
1889630 242
1889640 243
1889650 242
1889660 242
1889670 242
1889680 242
1889690 242
1889700 242
1889710 242
1889720 242
1889730 242
1889740 241
1889750 241
1889760 241
1889770 241
1889780 241
1889790 240
1889800 240
1889810 240
1889820 239
1889830 239
1889840 239
1889850 238
1889860 237
1889870 237
1889880 237
1889890 237
1889900 237
1889910 237
1889920 237
1889930 237
1889940 237
1889950 237
1889960 237
1889970 237
1889980 237
1889990 237
1890000 238
1890010 238
1890020 238
1890030 239
1890040 240
1890050 240
1890060 241
1890070 242
1890080 242
1890090 243
1890100 244
1890110 244
1890120 244
1890130 244
1890140 244
1890150 244
1890160 243
1890170 243
1890180 243
1890190 242
1890200 242
1890210 241
1890220 240
1890230 240
1890240 240
1890250 239
1890260 239
1890270 238
1890280 237
1890290 237
1890300 236
1890310 234
1890320 234
1890330 233
1890340 232
1890350 232
1890360 231
1890370 230
1890380 230
1890390 229
1890400 228
1890410 228
1890420 227
1890430 226
1890440 226
1890450 225
1890460 223
1890470 223
1890480 222
1890490 222
1890500 222
1890510 220
1890520 220
1890530 220
1890540 221
1890550 221
1890560 221
1890570 223
1890580 225
1890590 225
1890600 227
1890610 229
1890620 229
1890630 231
1890640 232
1890650 232
1890660 233
1890670 234
1890680 234
1890690 235
1890700 235
1890710 235
1890720 236
1890730 237
1890740 237
1890750 236
1890760 236
1890770 236
1890780 236
1890790 236
1890800 236
1890810 236
1890820 236
1890830 236
1890840 236
1890850 235
1890860 235
1890870 235
1890880 235
1890890 235
1890900 235
1890910 235
1890920 235
1890930 235
1890940 234
1890950 234
1890960 233
1890970 233
1890980 233
1890990 232
1891000 232
1891010 232
1891020 232
1891030 232
1891040 233
1891050 233
1891060 232
1891070 232
1891080 232
1891090 232
1891100 232
1891110 232
1891120 231
1891130 231
1891140 231
1891150 230
1891160 230
1891170 229
1891180 228
1891190 228
1891200 228
1891210 229
1891220 229
1891230 231
1891240 233
1891250 233
1891260 235
1891270 237
1891280 237
1891290 238
1891300 239
1891310 239
1891320 239
1891330 239
1891340 239
1891350 239
1891360 240
1891370 240
1891380 240
1891390 240
1891400 240
1891410 239
1891420 239
1891430 239
1891440 239
1891450 239
1891460 239
1891470 239
1891480 239
1891490 239
1891500 239
1891510 239
1891520 239
1891530 240
1891540 240
1891550 240
1891560 240
1891570 241
1891580 241
1891590 241
1891600 241
1891610 241
1891620 240
1891630 244
1891640 244
1891650 245
1891660 246
1891670 246
1891680 247
1891690 247
1891700 247
1891710 247
1891720 248
1891730 249
1891740 249
1891750 250
1891760 251
1891770 251
1891780 252
1891790 252
1891800 252
1891810 252
1891820 252
1891830 252
1891840 253
1891850 253
1891860 253
1891870 253
1891880 254
1891890 254
1891900 254
1891910 254
1891920 254
1891930 254
1891940 254
1891950 254
1891960 255
1891970 255
1891980 255
1891990 256
1892000 257
1892010 257
1892020 257
1892030 256
1892040 256
1892050 254
1892060 253
1892070 253
1892080 249
1892090 246
1892100 246
1892110 245
1892120 244
1892130 244
1892140 243
1892150 242
1892160 242
1892170 241
1892180 240
1892190 240
1892200 240
1892210 239
1892220 239
1892230 239
1892240 239
1892250 239
1892260 239
1892270 240
1892280 240
1892290 241
1892300 242
1892310 244
1892320 245
1892330 244
1892340 244
1892350 244
1892360 244
1892370 244
1892380 244
1892390 244
1892400 244
1892410 243
1892420 242
1892430 242
1892440 242
1892450 241
1892460 241
1892470 241
1892480 242
1892490 242
1892500 244
1892510 247
1892520 247
1892530 251
1892540 253
1892550 253
1892560 253
1892570 256
1892580 256
1892590 258
1892600 258
1892610 258
1892620 259
1892630 260
1892640 260
1892650 260
1892660 260
1892670 260
1892680 260
1892690 260
1892700 260
1892710 259
1892720 259
1892730 259
1892740 259
1892750 259
1892760 259
1892770 259
1892780 259
1892790 259
1892800 258
1892810 257
1892820 257
1892830 256
1892840 255
1892850 255
1892860 254
1892870 253
1892880 253
1892890 252
1892900 250
1892910 250
1892920 249
1892930 248
1892940 248
1892950 247
1892960 245
1892970 245
1892980 244
1892990 242
1893000 242
1893010 240
1893020 239
1893030 239
1893040 237
1893050 236
1893060 236
1893070 234
1893080 233
1893090 233
1893100 232
1893110 230
1893120 230
1893130 228
1893140 229
1893150 229
1893160 228
1893170 228
1893180 228
1893190 228
1893200 228
1893210 228
1893220 228
1893230 228
1893240 228
1893250 228
1893260 229
1893270 230
1893280 231
1893290 232
1893300 232
1893310 233
1893320 234
1893330 234
1893340 235
1893350 236
1893360 236
1893370 238
1893380 239
1893390 239
1893400 240
1893410 240
1893420 240
1893430 241
1893440 243
1893450 243
1893460 244
1893470 244
1893480 244
1893490 245
1893500 246
1893510 246
1893520 247
1893530 249
1893540 249
1893550 249
1893560 250
1893570 250
1893580 254
1893590 255
1893600 255
1893610 255
1893620 256
1893630 256
1893640 256
1893650 255
1893660 255
1893670 253
1893680 252
1893690 252
1893700 250
1893710 247
1893720 247
1893730 243
1893740 241
1893750 241
1893760 239
1893770 237
1893780 237
1893790 236
1893800 234
1893810 234
1893820 232
1893830 230
1893840 230
1893850 228
1893860 226
1893870 226
1893880 224
1893890 223
1893900 223
1893910 221
1893920 220
1893930 220
1893940 219
1893950 218
1893960 218
1893970 217
1893980 216
1893990 216
1894000 218
1894010 220
1894020 220
1894030 221
1894040 222
1894050 222
1894060 222
1894070 223
1894080 223
1894090 223
1894100 222
1894110 222
1894120 222
1894130 222
1894140 221
1894150 221
1894160 220
1894170 220
1894180 220
1894190 220
1894200 220
1894210 220
1894220 220
1894230 219
1894240 219
1894250 218
1894260 218
1894270 218
1894280 217
1894290 216
1894300 216
1894310 215
1894320 215
1894330 215
1894340 214
1894350 213
1894360 213
1894370 212
1894380 212
1894390 212
1894400 211
1894410 211
1894420 211
1894430 210
1894440 210
1894450 210
1894460 210
1894470 211
1894480 211
1894490 211
1894500 211
1894510 211
1894520 212
1894530 212
1894540 212
1894550 212
1894560 211
1894570 211
1894580 210
1894590 209
1894600 209
1894610 208
1894620 207
1894630 207
1894640 206
1894650 205
1894660 205
1894670 204
1894680 202
1894690 202
1894700 201
1894710 200
1894720 200
1894730 200
1894740 199
1894750 199
1894760 199
1894770 199
1894780 199
1894790 199
1894800 198
1894810 198
1894820 198
1894830 197
1894840 197
1894850 197
1894860 196
1894870 196
1894880 196
1894890 195
1894900 195
1894910 194
1894920 193
1894930 193
1894940 194
1894950 193
1894960 193
1894970 193
1894980 192
1894990 192
1895000 192
1895010 192
1895020 192
1895030 191
1895040 190
1895050 190
1895060 190
1895070 190
1895080 190
1895090 189
1895100 189
1895110 189
1895120 189
1895130 188
1895140 188
1895150 188
1895160 189
1895170 189
1895180 188
1895190 188
1895200 188
1895210 189
1895220 189
1895230 189
1895240 189
1895250 189
1895260 189
1895270 189
1895280 189
1895290 189
1895300 188
1895310 188
1895320 188
1895330 188
1895340 188
1895350 188
1895360 188
1895370 187
1895380 187
1895390 187
1895400 187
1895410 187
1895420 187
1895430 186
1895440 186
1895450 186
1895460 186
1895470 186
1895480 186
1895490 185
1895500 185
1895510 185
1895520 185
1895530 185
1895540 184
1895550 184
1895560 184
1895570 184
1895580 184
1895590 184
1895600 184
1895610 184
1895620 184
1895630 184
1895640 183
1895650 183
1895660 183
1895670 183
1895680 183
1895690 184
1895700 184
1895710 184
1895720 184
1895730 184
1895740 184
1895750 183
1895760 184
1895770 184
1895780 184
1895790 185
1895800 185
1895810 185
1895820 185
1895830 185
1895840 185
1895850 185
1895860 185
1895870 184
1895880 184
1895890 184
1895900 184
1895910 184
1895920 184
1895930 184
1895940 185
1895950 185
1895960 185
1895970 187
1895980 187
1895990 187
1896000 187
1896010 187
1896020 187
1896030 188
1896040 188
1896050 188
1896060 189
1896070 189
1896080 189
1896090 189
1896100 193
1896110 192
1896120 191
1896130 191
1896140 190
1896150 190
1896160 190
1896170 190
1896180 190
1896190 190
1896200 190
1896210 190
1896220 190
1896230 191
1896240 190
1896250 190
1896260 189
1896270 189
1896280 189
1896290 188
1896300 188
1896310 188
1896320 188
1896330 188
1896340 188
1896350 188
1896360 188
1896370 188
1896380 187
1896390 186
1896400 186
1896410 185
1896420 185
1896430 185
1896440 185
1896450 185
1896460 185
1896470 185
1896480 185
1896490 186
1896500 186
1896510 187
1896520 188
1896530 188
1896540 191
1896550 193
1896560 193
1896570 197
1896580 198
1896590 198
1896600 200
1896610 202
1896620 202
1896630 203
1896640 204
1896650 204
1896660 205
1896670 205
1896680 205
1896690 206
1896700 206
1896710 206
1896720 206
1896730 208
1896740 208
1896750 208
1896760 207
1896770 207
1896780 207
1896790 207
1896800 207
1896810 207
1896820 206
1896830 206
1896840 206
1896850 205
1896860 205
1896870 204
1896880 204
1896890 204
1896900 203
1896910 202
1896920 202
1896930 200
1896940 198
1896950 198
1896960 196
1896970 195
1896980 195
1896990 191
1897000 186
1897010 186
1897020 182
1897030 178
1897040 178
1897050 173
1897060 169
1897070 169
1897080 164
1897090 159
1897100 159
1897110 154
1897120 151
1897130 151
1897140 146
1897150 144
1897160 144
1897170 140
1897180 138
1897190 138
1897200 137
1897210 136
1897220 136
1897230 135
1897240 135
1897250 135
1897260 135
1897270 135
1897280 135
1897290 135
1897300 135
1897310 135
1897320 135
1897330 135
1897340 135
1897350 135
1897360 136
1897370 136
1897380 136
1897390 136
1897400 136
1897410 136
1897420 136
1897430 136
1897440 136
1897450 136
1897460 136
1897470 136
1897480 136
1897490 136
1897500 136
1897510 136
1897520 136
1897530 136
1897540 136
1897550 136
1897560 136
1897570 136
1897580 136
1897590 136
1897600 136
1897610 136
1897620 137
1897630 137
1897640 137
1897650 137
1897660 136
1897670 137
1897680 136
1897690 136
1897700 136
1897710 136
1897720 136
1897730 136
1897740 136
1897750 136
1897760 136
1897770 136
1897780 136
1897790 136
1897800 136
1897810 136
1897820 136
1897830 136
1897840 136
1897850 136
1897860 136
1897870 137
1897880 137
1897890 137
1897900 136
1897910 136
1897920 136
1897930 136
1897940 136
1897950 136
1897960 136
1897970 136
1897980 136
1897990 136
1898000 136
1898010 136
1898020 136
1898030 136
1898040 136
1898050 136
1898060 136
1898070 136
1898080 136
1898090 136
1898100 136
1898110 136
1898120 136
1898130 136
1898140 136
1898150 136
1898160 136
1898170 136
1898180 136
1898190 136
1898200 136
1898210 136
1898220 136
1898230 136
1898240 136
1898250 136
1898260 136
1898270 136
1898280 136
1898290 136
1898300 136
1898310 136
1898320 136
1898330 136
1898340 136
1898350 136
1898360 136
1898370 136
1898380 136
1898390 136
1898400 136
1898410 136
1898420 136
1898430 136
1898440 136
1898450 136
1898460 136
1898470 136
1898480 136
1898490 136
1898500 136
1898510 136
1898520 136
1898530 136
1898540 136
1898550 136
1898560 136
1898570 136
1898580 136
1898590 136
1898600 136
1898610 136
1898620 136
1898630 136
1898640 136
1898650 136
1898660 136
1898670 136
1898680 136
1898690 136
1898700 136
1898710 136
1898720 136
1898730 136
1898740 136
1898750 136
1898760 136
1898770 136
1898780 136
1898790 136
1898800 136
1898810 136
1898820 136
1898830 136
1898840 136
1898850 136
1898860 136
1898870 136
1898880 136
1898890 136
1898900 136
1898910 136
1898920 136
1898930 136
1898940 136
1898950 136
1898960 136
1898970 136
1898980 136
1898990 136
1899000 136
1899010 136
1899020 136
1899030 136
1899040 136
1899050 136
1899060 136
1899070 136
1899080 136
1899090 136
1899100 136
1899110 136
1899120 136
1899130 136
1899140 136
1899150 136
1899160 136
1899170 136
1899180 136
1899190 136
1899200 136
1899210 136
1899220 136
1899230 136
1899240 136
1899250 136
1899260 136
1899270 136
1899280 136
1899290 136
1899300 136
1899310 136
1899320 136
1899330 136
1899340 136
1899350 136
1899360 136
1899370 136
1899380 136
1899390 136
1899400 135
1899410 135
1899420 135
1899430 135
1899440 136
1899450 136
1899460 136
1899470 136
1899480 136
1899490 136
1899500 136
1899510 136
1899520 136
1899530 136
1899540 136
1899550 135
1899560 135
1899570 135
1899580 135
1899590 135
1899600 135
1899610 136
1899620 136
1899630 136
1899640 136
1899650 135
1899660 135
1899670 135
1899680 134
1899690 134
1899700 134
1899710 134
1899720 134
1899730 135
1899740 135
1899750 135
1899760 135
1899770 135
1899780 135
1899790 135
1899800 135
1899810 135
1899820 135
1899830 135
1899840 135
1899850 135
1899860 135
1899870 135
1899880 136
1899890 136
1899900 136
1899910 136
1899920 136
1899930 136
1899940 136
1899950 136
1899960 136
1899970 136
1899980 136
1899990 136
