1880000 185
1880010 185
1880020 185
1880030 185
1880040 185
1880050 185
1880060 185
1880070 185
1880080 185
1880090 185
1880100 185
1880110 185
1880120 185
1880130 185
1880140 185
1880150 185
1880160 185
1880170 185
1880180 185
1880190 185
1880200 185
1880210 185
1880220 185
1880230 185
1880240 185
1880250 185
1880260 185
1880270 185
1880280 185
1880290 185
1880300 185
1880310 185
1880320 185
1880330 185
1880340 185
1880350 185
1880360 185
1880370 185
1880380 185
1880390 185
1880400 185
1880410 185
1880420 185
1880430 185
1880440 185
1880450 185
1880460 185
1880470 185
1880480 185
1880490 185
1880500 185
1880510 185
1880520 185
1880530 185
1880540 185
1880550 185
1880560 185
1880570 185
1880580 185
1880590 185
1880600 185
1880610 185
1880620 185
1880630 185
1880640 185
1880650 185
1880660 185
1880670 185
1880680 185
1880690 185
1880700 185
1880710 184
1880720 184
1880730 184
1880740 184
1880750 184
1880760 184
1880770 184
1880780 184
1880790 184
1880800 184
1880810 184
1880820 184
1880830 184
1880840 184
1880850 184
1880860 184
1880870 184
1880880 184
1880890 184
1880900 184
1880910 184
1880920 184
1880930 184
1880940 184
1880950 184
1880960 184
1880970 183
1880980 183
1880990 183
1881000 183
1881010 183
1881020 183
1881030 183
1881040 183
1881050 183
1881060 183
1881070 183
1881080 183
1881090 183
1881100 183
1881110 183
1881120 183
1881130 183
1881140 183
1881150 183
1881160 183
1881170 183
1881180 183
1881190 183
1881200 183
1881210 183
1881220 183
1881230 183
1881240 183
1881250 183
1881260 183
1881270 183
1881280 183
1881290 183
1881300 183
1881310 183
1881320 183
1881330 183
1881340 183
1881350 183
1881360 183
1881370 183
1881380 183
1881390 183
1881400 183
1881410 183
1881420 183
1881430 183
1881440 183
1881450 183
1881460 183
1881470 183
1881480 182
1881490 182
1881500 182
1881510 182
1881520 182
1881530 182
1881540 182
1881550 182
1881560 182
1881570 182
1881580 182
1881590 183
1881600 183
1881610 183
1881620 183
1881630 182
1881640 182
1881650 182
1881660 182
1881670 182
1881680 182
1881690 182
1881700 182
1881710 182
1881720 182
1881730 182
1881740 182
1881750 182
1881760 182
1881770 182
1881780 182
1881790 182
1881800 182
1881810 182
1881820 182
1881830 182
1881840 182
1881850 182
1881860 182
1881870 182
1881880 182
1881890 182
1881900 182
1881910 182
1881920 182
1881930 182
1881940 182
1881950 181
1881960 181
1881970 181
1881980 181
1881990 181
1882000 181
1882010 181
1882020 181
1882030 181
1882040 181
1882050 181
1882060 181
1882070 181
1882080 181
1882090 181
1882100 181
1882110 181
1882120 181
1882130 181
1882140 181
1882150 181
1882160 181
1882170 181
1882180 181
1882190 180
1882200 180
1882210 180
1882220 180
1882230 180
1882240 180
1882250 180
1882260 180
1882270 180
1882280 180
1882290 180
1882300 180
1882310 180
1882320 180
1882330 180
1882340 180
1882350 179
1882360 179
1882370 179
1882380 179
1882390 179
1882400 179
1882410 179
1882420 179
1882430 179
1882440 179
1882450 179
1882460 178
1882470 178
1882480 178
1882490 178
1882500 178
1882510 178
1882520 177
1882530 177
1882540 177
1882550 177
1882560 177
1882570 177
1882580 177
1882590 177
1882600 177
1882610 177
1882620 177
1882630 177
1882640 177
1882650 177
1882660 177
1882670 177
1882680 177
1882690 177
1882700 178
1882710 178
1882720 178
1882730 178
1882740 179
1882750 179
1882760 179
1882770 179
1882780 179
1882790 180
1882800 180
1882810 180
1882820 180
1882830 180
1882840 180
1882850 180
1882860 181
1882870 181
1882880 181
1882890 181
1882900 181
1882910 181
1882920 181
1882930 181
1882940 181
1882950 181
1882960 181
1882970 181
1882980 181
1882990 181
1883000 181
1883010 182
1883020 182
1883030 182
1883040 182
1883050 182
1883060 182
1883070 182
1883080 182
1883090 182
1883100 181
1883110 181
1883120 181
1883130 181
1883140 181
1883150 181
1883160 181
1883170 181
1883180 181
1883190 181
1883200 181
1883210 181
1883220 181
1883230 181
1883240 181
1883250 181
1883260 181
1883270 181
1883280 181
1883290 181
1883300 181
1883310 181
1883320 181
1883330 181
1883340 181
1883350 181
1883360 181
1883370 181
1883380 181
1883390 181
1883400 181
1883410 181
1883420 181
1883430 181
1883440 181
1883450 181
1883460 181
1883470 181
1883480 181
1883490 181
1883500 181
1883510 181
1883520 181
1883530 181
1883540 181
1883550 180
1883560 180
1883570 180
1883580 180
1883590 180
1883600 180
1883610 180
1883620 180
1883630 180
1883640 180
1883650 179
1883660 179
1883670 178
1883680 178
1883690 178
1883700 177
1883710 176
1883720 176
1883730 176
1883740 176
1883750 176
1883760 175
1883770 175
1883780 175
1883790 175
1883800 174
1883810 174
1883820 174
1883830 174
1883840 174
1883850 174
1883860 174
1883870 174
1883880 174
1883890 174
1883900 174
1883910 175
1883920 175
1883930 175
1883940 175
1883950 175
1883960 175
1883970 176
1883980 176
1883990 176
1884000 176
1884010 177
1884020 177
1884030 177
1884040 177
1884050 177
1884060 177
1884070 178
1884080 178
1884090 178
1884100 178
1884110 178
1884120 178
1884130 178
1884140 178
1884150 179
1884160 179
1884170 179
1884180 179
1884190 179
1884200 179
1884210 179
1884220 179
1884230 179
1884240 179
1884250 179
1884260 179
1884270 179
1884280 179
1884290 179
1884300 179
1884310 179
1884320 179
1884330 179
1884340 179
1884350 179
1884360 180
1884370 180
1884380 180
1884390 180
1884400 180
1884410 180
1884420 180
1884430 180
1884440 180
1884450 180
1884460 180
1884470 180
1884480 180
1884490 180
1884500 180
1884510 180
1884520 180
1884530 180
1884540 180
1884550 180
1884560 180
1884570 181
1884580 181
1884590 181
1884600 181
1884610 181
1884620 181
1884630 181
1884640 181
1884650 181
1884660 182
1884670 182
1884680 182
1884690 183
1884700 182
1884710 182
1884720 182
1884730 182
1884740 182
1884750 182
1884760 182
1884770 182
1884780 183
1884790 183
1884800 183
1884810 183
1884820 183
1884830 183
1884840 183
1884850 183
1884860 183
1884870 183
1884880 183
1884890 183
1884900 183
1884910 184
1884920 184
1884930 184
1884940 184
1884950 184
1884960 184
1884970 184
1884980 184
1884990 184
1885000 184
1885010 184
1885020 184
1885030 185
1885040 185
1885050 185
1885060 185
1885070 185
1885080 185
1885090 185
1885100 185
1885110 185
1885120 185
1885130 185
1885140 185
1885150 185
1885160 185
1885170 185
1885180 185
1885190 185
1885200 186
1885210 186
1885220 186
1885230 186
1885240 186
1885250 186
1885260 186
1885270 186
1885280 186
1885290 186
1885300 187
1885310 187
1885320 187
1885330 187
1885340 187
1885350 187
1885360 187
1885370 187
1885380 187
1885390 187
1885400 187
1885410 187
1885420 187
1885430 188
1885440 188
1885450 188
1885460 188
1885470 188
1885480 188
1885490 188
1885500 188
1885510 189
1885520 189
1885530 189
1885540 189
1885550 189
1885560 189
1885570 189
1885580 189
1885590 189
1885600 190
1885610 190
1885620 190
1885630 190
1885640 190
1885650 190
1885660 191
1885670 191
1885680 191
1885690 192
1885700 192
1885710 192
1885720 192
1885730 192
1885740 192
1885750 192
1885760 193
1885770 193
1885780 193
1885790 193
1885800 193
1885810 194
1885820 194
1885830 194
1885840 194
1885850 194
1885860 194
1885870 194
1885880 194
1885890 194
1885900 195
1885910 195
1885920 195
1885930 195
1885940 196
1885950 196
1885960 196
1885970 196
1885980 196
1885990 197
1886000 197
1886010 197
1886020 197
1886030 198
1886040 198
1886050 198
1886060 198
1886070 198
1886080 198
1886090 199
1886100 199
1886110 199
1886120 199
1886130 199
1886140 199
1886150 199
1886160 199
1886170 199
1886180 199
1886190 199
1886200 199
1886210 199
1886220 199
1886230 199
1886240 199
1886250 199
1886260 199
1886270 200
1886280 200
1886290 200
1886300 200
1886310 200
1886320 200
1886330 199
1886340 199
1886350 199
1886360 200
1886370 200
1886380 200
1886390 200
1886400 200
1886410 200
1886420 200
1886430 200
1886440 200
1886450 200
1886460 200
1886470 201
1886480 201
1886490 201
1886500 201
1886510 201
1886520 201
1886530 201
1886540 202
1886550 202
1886560 202
1886570 202
1886580 202
1886590 202
1886600 203
1886610 203
1886620 203
1886630 203
1886640 203
1886650 203
1886660 203
1886670 203
1886680 203
1886690 203
1886700 203
1886710 204
1886720 204
1886730 204
1886740 204
1886750 205
1886760 205
1886770 206
1886780 206
1886790 206
1886800 206
1886810 207
1886820 207
1886830 207
1886840 207
1886850 207
1886860 208
1886870 208
1886880 208
1886890 208
1886900 208
1886910 208
1886920 208
1886930 208
1886940 208
1886950 208
1886960 208
1886970 208
1886980 209
1886990 209
1887000 209
1887010 209
1887020 209
1887030 209
1887040 209
1887050 209
1887060 209
1887070 209
1887080 209
1887090 209
1887100 209
1887110 210
1887120 210
1887130 210
1887140 211
1887150 211
1887160 211
1887170 211
1887180 211
1887190 211
1887200 212
1887210 212
1887220 212
1887230 213
1887240 213
1887250 213
1887260 214
1887270 214
1887280 214
1887290 215
1887300 215
1887310 215
1887320 216
1887330 216
1887340 217
1887350 217
1887360 217
1887370 218
1887380 218
1887390 218
1887400 219
1887410 219
1887420 219
1887430 220
1887440 220
1887450 220
1887460 220
1887470 221
1887480 221
1887490 221
1887500 221
1887510 221
1887520 222
1887530 222
1887540 222
1887550 222
1887560 222
1887570 222
1887580 222
1887590 223
1887600 223
1887610 223
1887620 223
1887630 223
1887640 223
1887650 223
1887660 223
1887670 223
1887680 223
1887690 223
1887700 224
1887710 224
1887720 224
1887730 224
1887740 224
1887750 224
1887760 224
1887770 225
1887780 225
1887790 225
1887800 225
1887810 225
1887820 225
1887830 225
1887840 225
1887850 225
1887860 226
1887870 226
1887880 226
1887890 226
1887900 226
1887910 226
1887920 226
1887930 226
1887940 226
1887950 226
1887960 226
1887970 226
1887980 226
1887990 226
1888000 226
1888010 226
1888020 226
1888030 226
1888040 226
1888050 226
1888060 227
1888070 227
1888080 228
1888090 228
1888100 228
1888110 229
1888120 229
1888130 230
1888140 231
1888150 231
1888160 232
1888170 233
1888180 233
1888190 233
1888200 234
1888210 234
1888220 234
1888230 235
1888240 235
1888250 235
1888260 235
1888270 235
1888280 236
1888290 236
1888300 236
1888310 236
1888320 237
1888330 237
1888340 237
1888350 238
1888360 238
1888370 238
1888380 239
1888390 239
1888400 239
1888410 240
1888420 240
1888430 240
1888440 241
1888450 241
1888460 241
1888470 242
1888480 242
1888490 242
1888500 243
1888510 243
1888520 243
1888530 244
1888540 244
1888550 245
1888560 245
1888570 245
1888580 246
1888590 247
1888600 247
1888610 247
1888620 248
1888630 248
1888640 249
1888650 250
1888660 250
1888670 251
1888680 251
1888690 251
1888700 253
1888710 253
1888720 253
1888730 254
1888740 255
1888750 255
1888760 256
1888770 257
1888780 257
1888790 257
1888800 259
1888810 259
1888820 260
1888830 261
1888840 261
1888850 262
1888860 263
1888870 263
1888880 264
1888890 265
1888900 265
1888910 265
1888920 266
1888930 266
1888940 266
1888950 266
1888960 266
1888970 266
1888980 266
1888990 266
1889000 265
1889010 265
1889020 266
1889030 265
1889040 265
1889050 265
1889060 265
1889070 264
1889080 264
1889090 264
1889100 263
1889110 263
1889120 263
1889130 262
1889140 262
1889150 262
1889160 261
1889170 261
1889180 261
1889190 260
1889200 260
1889210 259
1889220 259
1889230 259
1889240 258
1889250 257
1889260 257
1889270 257
1889280 256
1889290 256
1889300 255
1889310 255
1889320 255
1889330 254
1889340 253
1889350 253
1889360 251
1889370 250
1889380 250
1889390 249
1889400 248
1889410 248
1889420 247
1889430 246
1889440 246
1889450 245
1889460 244
1889470 244
1889480 243
1889490 242
1889500 242
1889510 241
1889520 240
1889530 240
1889540 240
1889550 239
1889560 239
1889570 238
1889580 238
1889590 238
1889600 237
1889610 236
1889620 236
1889630 235
1889640 235
1889650 235
1889660 234
1889670 233
1889680 233
1889690 232
1889700 231
1889710 231
1889720 231
1889730 230
1889740 230
1889750 229
1889760 229
1889770 229
1889780 228
1889790 228
1889800 228
1889810 227
1889820 227
1889830 227
1889840 227
1889850 227
1889860 227
1889870 227
1889880 226
1889890 226
1889900 226
1889910 226
1889920 226
1889930 226
1889940 226
1889950 226
1889960 226
1889970 226
1889980 226
1889990 225
1890000 225
1890010 225
1890020 224
1890030 224
1890040 224
1890050 224
1890060 224
1890070 224
1890080 224
1890090 224
1890100 224
1890110 225
1890120 225
1890130 225
1890140 226
1890150 226
1890160 227
1890170 227
1890180 228
1890190 228
1890200 228
1890210 229
1890220 229
1890230 229
1890240 229
1890250 229
1890260 229
1890270 230
1890280 230
1890290 231
1890300 231
1890310 230
1890320 230
1890330 230
1890340 230
1890350 230
1890360 229
1890370 229
1890380 229
1890390 228
1890400 228
1890410 228
1890420 227
1890430 226
1890440 226
1890450 225
1890460 224
1890470 224
1890480 223
1890490 222
1890500 222
1890510 220
1890520 219
1890530 219
1890540 218
1890550 217
1890560 217
1890570 216
1890580 214
1890590 214
1890600 214
1890610 213
1890620 213
1890630 213
1890640 213
1890650 213
1890660 213
1890670 213
1890680 213
1890690 213
1890700 214
1890710 214
1890720 214
1890730 215
1890740 215
1890750 216
1890760 216
1890770 216
1890780 216
1890790 217
1890800 217
1890810 217
1890820 217
1890830 217
1890840 217
1890850 217
1890860 217
1890870 217
1890880 218
1890890 218
1890900 218
1890910 217
1890920 217
1890930 218
1890940 217
1890950 217
1890960 217
1890970 216
1890980 216
1890990 216
1891000 216
1891010 216
1891020 215
1891030 215
1891040 215
1891050 215
1891060 215
1891070 215
1891080 215
1891090 214
1891100 214
1891110 214
1891120 214
1891130 214
1891140 214
1891150 213
1891160 213
1891170 213
1891180 212
1891190 212
1891200 212
1891210 212
1891220 212
1891230 213
1891240 214
1891250 215
1891260 215
1891270 216
1891280 216
1891290 217
1891300 218
1891310 218
1891320 219
1891330 220
1891340 220
1891350 220
1891360 220
1891370 220
1891380 221
1891390 221
1891400 221
1891410 221
1891420 222
1891430 222
1891440 223
1891450 223
1891460 223
1891470 223
1891480 224
1891490 224
1891500 224
1891510 224
1891520 224
1891530 224
1891540 224
1891550 224
1891560 224
1891570 226
1891580 226
1891590 227
1891600 227
1891610 227
1891620 227
1891630 227
1891640 227
1891650 227
1891660 226
1891670 226
1891680 227
1891690 227
1891700 227
1891710 227
1891720 227
1891730 227
1891740 227
1891750 227
1891760 227
1891770 227
1891780 227
1891790 227
1891800 227
1891810 227
1891820 227
1891830 227
1891840 227
1891850 227
1891860 227
1891870 227
1891880 227
1891890 228
1891900 228
1891910 228
1891920 228
1891930 228
1891940 228
1891950 228
1891960 228
1891970 228
1891980 228
1891990 228
1892000 228
1892010 229
1892020 229
1892030 229
1892040 229
1892050 229
1892060 229
1892070 229
1892080 229
1892090 229
1892100 229
1892110 229
1892120 229
1892130 229
1892140 229
1892150 229
1892160 229
1892170 229
1892180 229
1892190 229
1892200 230
1892210 230
1892220 230
1892230 229
1892240 229
1892250 229
1892260 228
1892270 228
1892280 227
1892290 227
1892300 227
1892310 227
1892320 226
1892330 226
1892340 225
1892350 224
1892360 224
1892370 224
1892380 223
1892390 223
1892400 223
1892410 223
1892420 223
1892430 222
1892440 222
1892450 222
1892460 222
1892470 222
1892480 222
1892490 223
1892500 226
1892510 227
1892520 228
1892530 230
1892540 231
1892550 231
1892560 232
1892570 233
1892580 233
1892590 234
1892600 234
1892610 234
1892620 234
1892630 234
1892640 234
1892650 233
1892660 233
1892670 233
1892680 232
1892690 232
1892700 232
1892710 232
1892720 231
1892730 231
1892740 230
1892750 230
1892760 230
1892770 229
1892780 229
1892790 229
1892800 229
1892810 228
1892820 228
1892830 228
1892840 229
1892850 229
1892860 229
1892870 230
1892880 230
1892890 230
1892900 230
1892910 230
1892920 230
1892930 230
1892940 230
1892950 230
1892960 230
1892970 230
1892980 230
1892990 230
1893000 230
1893010 230
1893020 229
1893030 229
1893040 229
1893050 229
1893060 229
1893070 229
1893080 229
1893090 229
1893100 229
1893110 228
1893120 228
1893130 228
1893140 227
1893150 228
1893160 227
1893170 226
1893180 226
1893190 225
1893200 224
1893210 224
1893220 223
1893230 222
1893240 222
1893250 222
1893260 221
1893270 221
1893280 220
1893290 219
1893300 219
1893310 218
1893320 217
1893330 217
1893340 216
1893350 215
1893360 215
1893370 215
1893380 214
1893390 214
1893400 213
1893410 213
1893420 213
1893430 212
1893440 212
1893450 212
1893460 212
1893470 212
1893480 212
1893490 212
1893500 212
1893510 212
1893520 212
1893530 212
1893540 212
1893550 211
1893560 211
1893570 211
1893580 211
1893590 211
1893600 211
1893610 211
1893620 211
1893630 211
1893640 211
1893650 212
1893660 212
1893670 212
1893680 213
1893690 213
1893700 214
1893710 214
1893720 214
1893730 214
1893740 215
1893750 215
1893760 215
1893770 215
1893780 215
1893790 217
1893800 217
1893810 217
1893820 217
1893830 217
1893840 217
1893850 216
1893860 216
1893870 216
1893880 215
1893890 215
1893900 215
1893910 214
1893920 213
1893930 213
1893940 212
1893950 211
1893960 211
1893970 210
1893980 209
1893990 209
1894000 209
1894010 208
1894020 208
1894030 207
1894040 206
1894050 206
1894060 205
1894070 205
1894080 205
1894090 204
1894100 204
1894110 204
1894120 204
1894130 204
1894140 204
1894150 204
1894160 204
1894170 204
1894180 204
1894190 204
1894200 204
1894210 204
1894220 204
1894230 204
1894240 204
1894250 204
1894260 204
1894270 204
1894280 204
1894290 204
1894300 204
1894310 204
1894320 204
1894330 204
1894340 203
1894350 203
1894360 203
1894370 203
1894380 203
1894390 202
1894400 202
1894410 202
1894420 202
1894430 202
1894440 202
1894450 201
1894460 201
1894470 201
1894480 201
1894490 201
1894500 201
1894510 201
1894520 201
1894530 201
1894540 201
1894550 201
1894560 201
1894570 200
1894580 199
1894590 199
1894600 199
1894610 199
1894620 199
1894630 200
1894640 201
1894650 201
1894660 202
1894670 203
1894680 203
1894690 204
1894700 204
1894710 204
1894720 205
1894730 204
1894740 204
1894750 204
1894760 204
1894770 204
1894780 204
1894790 203
1894800 203
1894810 203
1894820 202
1894830 202
1894840 202
1894850 201
1894860 201
1894870 201
1894880 200
1894890 200
1894900 200
1894910 200
1894920 199
1894930 199
1894940 199
1894950 198
1894960 198
1894970 197
1894980 196
1894990 196
1895000 195
1895010 194
1895020 194
1895030 193
1895040 191
1895050 191
1895060 189
1895070 188
1895080 188
1895090 186
1895100 185
1895110 185
1895120 183
1895130 182
1895140 182
1895150 182
1895160 181
1895170 181
1895180 181
1895190 180
1895200 180
1895210 179
1895220 178
1895230 178
1895240 178
1895250 178
1895260 178
1895270 177
1895280 177
1895290 177
1895300 177
1895310 177
1895320 177
1895330 178
1895340 178
1895350 178
1895360 179
1895370 179
1895380 179
1895390 178
1895400 178
1895410 178
1895420 178
1895430 178
1895440 178
1895450 178
1895460 178
1895470 178
1895480 178
1895490 178
1895500 178
1895510 177
1895520 177
1895530 177
1895540 177
1895550 176
1895560 176
1895570 176
1895580 176
1895590 176
1895600 175
1895610 175
1895620 175
1895630 175
1895640 175
1895650 175
1895660 174
1895670 174
1895680 174
1895690 174
1895700 174
1895710 174
1895720 174
1895730 174
1895740 174
1895750 174
1895760 174
1895770 174
1895780 174
1895790 175
1895800 175
1895810 174
1895820 173
1895830 173
1895840 173
1895850 173
1895860 173
1895870 173
1895880 172
1895890 172
1895900 172
1895910 172
1895920 172
1895930 172
1895940 171
1895950 171
1895960 171
1895970 171
1895980 171
1895990 171
1896000 171
1896010 171
1896020 171
1896030 171
1896040 171
1896050 170
1896060 170
1896070 170
1896080 170
1896090 170
1896100 170
1896110 169
1896120 169
1896130 169
1896140 169
1896150 169
1896160 169
1896170 169
1896180 169
1896190 169
1896200 169
1896210 169
1896220 169
1896230 169
1896240 169
1896250 169
1896260 169
1896270 169
1896280 169
1896290 169
1896300 169
1896310 169
1896320 169
1896330 169
1896340 169
1896350 169
1896360 168
1896370 168
1896380 168
1896390 168
1896400 168
1896410 167
1896420 167
1896430 167
1896440 167
1896450 167
1896460 167
1896470 166
1896480 166
1896490 166
1896500 166
1896510 165
1896520 165
1896530 165
1896540 165
1896550 165
1896560 164
1896570 164
1896580 164
1896590 164
1896600 164
1896610 164
1896620 165
1896630 165
1896640 165
1896650 166
1896660 166
1896670 166
1896680 167
1896690 168
1896700 168
1896710 169
1896720 170
1896730 170
1896740 170
1896750 171
1896760 171
1896770 171
1896780 171
1896790 171
1896800 171
1896810 171
1896820 171
1896830 172
1896840 173
1896850 173
1896860 173
1896870 173
1896880 173
1896890 173
1896900 173
1896910 173
1896920 173
1896930 172
1896940 174
1896950 175
1896960 175
1896970 175
1896980 175
1896990 175
1897000 175
1897010 175
1897020 174
1897030 174
1897040 174
1897050 174
1897060 174
1897070 172
1897080 171
1897090 171
1897100 169
1897110 168
1897120 168
1897130 168
1897140 168
1897150 168
1897160 166
1897170 163
1897180 163
1897190 159
1897200 155
1897210 155
1897220 153
1897230 150
1897240 150
1897250 146
1897260 143
1897270 143
1897280 141
1897290 140
1897300 139
1897310 139
1897320 138
1897330 137
1897340 137
1897350 137
1897360 137
1897370 137
1897380 137
1897390 136
1897400 136
1897410 136
1897420 136
1897430 136
1897440 136
1897450 136
1897460 136
1897470 135
1897480 135
1897490 135
1897500 135
1897510 135
1897520 135
1897530 135
1897540 135
1897550 135
1897560 135
1897570 135
1897580 135
1897590 135
1897600 135
1897610 135
1897620 135
1897630 135
1897640 135
1897650 135
1897660 136
1897670 136
1897680 136
1897690 137
1897700 137
1897710 136
1897720 136
1897730 136
1897740 136
1897750 136
1897760 136
1897770 136
1897780 136
1897790 136
1897800 136
1897810 135
1897820 135
1897830 135
1897840 134
1897850 134
1897860 133
1897870 135
1897880 135
1897890 135
1897900 135
1897910 135
1897920 135
1897930 135
1897940 135
1897950 135
1897960 135
1897970 135
1897980 135
1897990 135
1898000 135
1898010 135
1898020 135
1898030 135
1898040 135
1898050 135
1898060 135
1898070 135
1898080 136
1898090 136
1898100 135
1898110 136
1898120 136
1898130 136
1898140 136
1898150 136
1898160 136
1898170 136
1898180 136
1898190 136
1898200 136
1898210 136
1898220 136
1898230 136
1898240 136
1898250 136
1898260 136
1898270 136
1898280 136
1898290 136
1898300 136
1898310 136
1898320 136
1898330 136
1898340 136
1898350 136
1898360 136
1898370 136
1898380 136
1898390 136
1898400 136
1898410 136
1898420 136
1898430 136
1898440 136
1898450 136
1898460 136
1898470 136
1898480 136
1898490 136
1898500 135
1898510 135
1898520 135
1898530 135
1898540 135
1898550 135
1898560 135
1898570 135
1898580 135
1898590 135
1898600 135
1898610 136
1898620 136
1898630 136
1898640 136
1898650 136
1898660 136
1898670 136
1898680 136
1898690 136
1898700 136
1898710 136
1898720 136
1898730 136
1898740 136
1898750 136
1898760 136
1898770 136
1898780 136
1898790 136
1898800 136
1898810 136
1898820 136
1898830 136
1898840 136
1898850 136
1898860 136
1898870 136
1898880 136
1898890 136
1898900 136
1898910 136
1898920 136
1898930 136
1898940 136
1898950 136
1898960 136
1898970 136
1898980 136
1898990 136
1899000 136
1899010 136
1899020 136
1899030 136
1899040 136
1899050 136
1899060 136
1899070 136
1899080 136
1899090 136
1899100 136
1899110 136
1899120 136
1899130 136
1899140 136
1899150 136
1899160 136
1899170 136
1899180 136
1899190 136
1899200 136
1899210 136
1899220 136
1899230 136
1899240 136
1899250 136
1899260 136
1899270 136
1899280 136
1899290 136
1899300 135
1899310 136
1899320 136
1899330 136
1899340 136
1899350 136
1899360 136
1899370 136
1899380 136
1899390 136
1899400 136
1899410 136
1899420 136
1899430 136
1899440 136
1899450 136
1899460 136
1899470 136
1899480 136
1899490 136
1899500 136
1899510 136
1899520 136
1899530 136
1899540 136
1899550 136
1899560 136
1899570 136
1899580 136
1899590 136
1899600 136
1899610 136
1899620 136
1899630 136
1899640 136
1899650 136
1899660 136
1899670 136
1899680 136
1899690 136
1899700 136
1899710 136
1899720 136
1899730 136
1899740 136
1899750 136
1899760 136
1899770 136
1899780 136
1899790 136
1899800 136
1899810 136
1899820 136
1899830 136
1899840 136
1899850 135
1899860 135
1899870 135
1899880 135
1899890 135
1899900 135
1899910 135
1899920 135
1899930 135
1899940 135
1899950 135
1899960 135
1899970 135
1899980 135
1899990 135
