1880000 184
1880010 184
1880020 184
1880030 184
1880040 184
1880050 184
1880060 184
1880070 184
1880080 184
1880090 184
1880100 184
1880110 184
1880120 184
1880130 184
1880140 184
1880150 184
1880160 184
1880170 184
1880180 184
1880190 184
1880200 184
1880210 184
1880220 184
1880230 184
1880240 184
1880250 184
1880260 184
1880270 184
1880280 184
1880290 184
1880300 184
1880310 184
1880320 184
1880330 184
1880340 184
1880350 184
1880360 184
1880370 184
1880380 184
1880390 184
1880400 184
1880410 184
1880420 184
1880430 184
1880440 184
1880450 185
1880460 185
1880470 185
1880480 185
1880490 185
1880500 185
1880510 185
1880520 185
1880530 185
1880540 185
1880550 185
1880560 185
1880570 185
1880580 185
1880590 185
1880600 185
1880610 185
1880620 185
1880630 185
1880640 185
1880650 185
1880660 185
1880670 185
1880680 185
1880690 185
1880700 185
1880710 185
1880720 185
1880730 185
1880740 185
1880750 185
1880760 185
1880770 185
1880780 185
1880790 185
1880800 185
1880810 185
1880820 185
1880830 185
1880840 185
1880850 185
1880860 185
1880870 185
1880880 185
1880890 185
1880900 185
1880910 185
1880920 185
1880930 185
1880940 185
1880950 185
1880960 185
1880970 185
1880980 185
1880990 185
1881000 185
1881010 185
1881020 185
1881030 185
1881040 185
1881050 185
1881060 185
1881070 185
1881080 185
1881090 185
1881100 185
1881110 185
1881120 185
1881130 185
1881140 185
1881150 185
1881160 185
1881170 185
1881180 185
1881190 185
1881200 184
1881210 184
1881220 184
1881230 184
1881240 184
1881250 184
1881260 184
1881270 184
1881280 184
1881290 184
1881300 184
1881310 184
1881320 184
1881330 184
1881340 184
1881350 184
1881360 184
1881370 184
1881380 183
1881390 183
1881400 183
1881410 183
1881420 183
1881430 183
1881440 183
1881450 183
1881460 183
1881470 183
1881480 183
1881490 183
1881500 183
1881510 183
1881520 183
1881530 183
1881540 183
1881550 183
1881560 183
1881570 183
1881580 183
1881590 183
1881600 183
1881610 183
1881620 183
1881630 183
1881640 183
1881650 183
1881660 183
1881670 183
1881680 183
1881690 183
1881700 183
1881710 183
1881720 183
1881730 183
1881740 183
1881750 183
1881760 183
1881770 183
1881780 183
1881790 183
1881800 183
1881810 183
1881820 183
1881830 183
1881840 182
1881850 182
1881860 182
1881870 182
1881880 182
1881890 182
1881900 182
1881910 182
1881920 182
1881930 182
1881940 182
1881950 182
1881960 182
1881970 182
1881980 182
1881990 182
1882000 182
1882010 182
1882020 182
1882030 182
1882040 182
1882050 182
1882060 182
1882070 182
1882080 182
1882090 181
1882100 181
1882110 181
1882120 181
1882130 181
1882140 181
1882150 181
1882160 181
1882170 181
1882180 181
1882190 181
1882200 181
1882210 181
1882220 181
1882230 181
1882240 181
1882250 181
1882260 181
1882270 181
1882280 181
1882290 181
1882300 181
1882310 181
1882320 181
1882330 181
1882340 181
1882350 181
1882360 181
1882370 181
1882380 181
1882390 181
1882400 181
1882410 181
1882420 181
1882430 181
1882440 180
1882450 180
1882460 180
1882470 180
1882480 180
1882490 180
1882500 180
1882510 180
1882520 180
1882530 180
1882540 180
1882550 180
1882560 180
1882570 180
1882580 180
1882590 180
1882600 179
1882610 179
1882620 179
1882630 179
1882640 179
1882650 179
1882660 179
1882670 179
1882680 179
1882690 179
1882700 179
1882710 179
1882720 178
1882730 178
1882740 178
1882750 178
1882760 178
1882770 178
1882780 178
1882790 178
1882800 178
1882810 178
1882820 178
1882830 178
1882840 178
1882850 178
1882860 177
1882870 177
1882880 177
1882890 177
1882900 177
1882910 177
1882920 176
1882930 176
1882940 176
1882950 176
1882960 176
1882970 176
1882980 176
1882990 176
1883000 176
1883010 175
1883020 175
1883030 175
1883040 175
1883050 175
1883060 175
1883070 174
1883080 174
1883090 174
1883100 175
1883110 174
1883120 174
1883130 175
1883140 175
1883150 175
1883160 175
1883170 175
1883180 175
1883190 176
1883200 176
1883210 176
1883220 176
1883230 176
1883240 176
1883250 177
1883260 177
1883270 177
1883280 178
1883290 178
1883300 178
1883310 179
1883320 179
1883330 179
1883340 180
1883350 180
1883360 180
1883370 180
1883380 180
1883390 180
1883400 180
1883410 180
1883420 180
1883430 180
1883440 180
1883450 180
1883460 180
1883470 179
1883480 179
1883490 179
1883500 178
1883510 178
1883520 177
1883530 176
1883540 176
1883550 176
1883560 175
1883570 175
1883580 174
1883590 174
1883600 174
1883610 173
1883620 173
1883630 173
1883640 173
1883650 172
1883660 172
1883670 172
1883680 172
1883690 172
1883700 172
1883710 173
1883720 173
1883730 173
1883740 173
1883750 173
1883760 174
1883770 174
1883780 174
1883790 174
1883800 175
1883810 175
1883820 175
1883830 175
1883840 175
1883850 176
1883860 176
1883870 176
1883880 177
1883890 177
1883900 177
1883910 177
1883920 178
1883930 178
1883940 178
1883950 179
1883960 179
1883970 179
1883980 179
1883990 179
1884000 179
1884010 180
1884020 180
1884030 180
1884040 180
1884050 180
1884060 180
1884070 180
1884080 180
1884090 181
1884100 181
1884110 181
1884120 181
1884130 181
1884140 181
1884150 181
1884160 181
1884170 181
1884180 181
1884190 181
1884200 181
1884210 181
1884220 181
1884230 181
1884240 181
1884250 181
1884260 181
1884270 181
1884280 181
1884290 181
1884300 181
1884310 181
1884320 181
1884330 181
1884340 181
1884350 181
1884360 181
1884370 181
1884380 181
1884390 181
1884400 181
1884410 181
1884420 181
1884430 181
1884440 181
1884450 181
1884460 181
1884470 181
1884480 181
1884490 181
1884500 182
1884510 182
1884520 182
1884530 182
1884540 182
1884550 182
1884560 182
1884570 182
1884580 182
1884590 182
1884600 182
1884610 182
1884620 182
1884630 182
1884640 183
1884650 183
1884660 183
1884670 183
1884680 184
1884690 184
1884700 184
1884710 185
1884720 185
1884730 185
1884740 185
1884750 185
1884760 185
1884770 186
1884780 186
1884790 186
1884800 186
1884810 186
1884820 186
1884830 186
1884840 186
1884850 186
1884860 186
1884870 186
1884880 186
1884890 186
1884900 186
1884910 186
1884920 187
1884930 187
1884940 187
1884950 187
1884960 187
1884970 187
1884980 187
1884990 187
1885000 187
1885010 187
1885020 187
1885030 187
1885040 187
1885050 187
1885060 188
1885070 188
1885080 188
1885090 188
1885100 188
1885110 188
1885120 188
1885130 188
1885140 188
1885150 188
1885160 188
1885170 188
1885180 189
1885190 189
1885200 189
1885210 189
1885220 189
1885230 189
1885240 189
1885250 189
1885260 189
1885270 189
1885280 189
1885290 189
1885300 189
1885310 189
1885320 189
1885330 189
1885340 189
1885350 189
1885360 189
1885370 190
1885380 190
1885390 190
1885400 190
1885410 190
1885420 190
1885430 190
1885440 190
1885450 190
1885460 190
1885470 190
1885480 191
1885490 191
1885500 191
1885510 191
1885520 191
1885530 191
1885540 191
1885550 191
1885560 191
1885570 191
1885580 191
1885590 191
1885600 191
1885610 191
1885620 191
1885630 192
1885640 192
1885650 192
1885660 192
1885670 192
1885680 192
1885690 193
1885700 193
1885710 193
1885720 193
1885730 193
1885740 193
1885750 194
1885760 194
1885770 194
1885780 194
1885790 195
1885800 195
1885810 195
1885820 195
1885830 195
1885840 195
1885850 195
1885860 195
1885870 195
1885880 195
1885890 195
1885900 195
1885910 195
1885920 195
1885930 195
1885940 195
1885950 195
1885960 196
1885970 196
1885980 196
1885990 196
1886000 196
1886010 196
1886020 196
1886030 196
1886040 196
1886050 196
1886060 196
1886070 196
1886080 197
1886090 197
1886100 197
1886110 197
1886120 198
1886130 198
1886140 198
1886150 198
1886160 198
1886170 198
1886180 198
1886190 198
1886200 199
1886210 199
1886220 199
1886230 199
1886240 199
1886250 199
1886260 200
1886270 200
1886280 200
1886290 200
1886300 200
1886310 200
1886320 201
1886330 201
1886340 201
1886350 201
1886360 202
1886370 202
1886380 202
1886390 203
1886400 203
1886410 203
1886420 203
1886430 204
1886440 204
1886450 204
1886460 204
1886470 204
1886480 205
1886490 205
1886500 205
1886510 205
1886520 206
1886530 206
1886540 206
1886550 207
1886560 207
1886570 207
1886580 207
1886590 207
1886600 207
1886610 208
1886620 208
1886630 208
1886640 208
1886650 208
1886660 208
1886670 209
1886680 209
1886690 209
1886700 209
1886710 209
1886720 210
1886730 210
1886740 210
1886750 210
1886760 210
1886770 210
1886780 210
1886790 210
1886800 210
1886810 209
1886820 210
1886830 210
1886840 210
1886850 211
1886860 211
1886870 211
1886880 212
1886890 212
1886900 212
1886910 213
1886920 213
1886930 213
1886940 214
1886950 214
1886960 214
1886970 215
1886980 215
1886990 215
1887000 215
1887010 215
1887020 215
1887030 215
1887040 215
1887050 215
1887060 214
1887070 214
1887080 214
1887090 214
1887100 214
1887110 214
1887120 214
1887130 214
1887140 214
1887150 215
1887160 215
1887170 215
1887180 215
1887190 215
1887200 216
1887210 216
1887220 216
1887230 216
1887240 217
1887250 217
1887260 218
1887270 218
1887280 218
1887290 219
1887300 219
1887310 220
1887320 220
1887330 221
1887340 221
1887350 221
1887360 222
1887370 222
1887380 222
1887390 222
1887400 222
1887410 223
1887420 223
1887430 223
1887440 223
1887450 224
1887460 224
1887470 224
1887480 224
1887490 224
1887500 225
1887510 225
1887520 225
1887530 225
1887540 226
1887550 226
1887560 226
1887570 226
1887580 226
1887590 226
1887600 226
1887610 226
1887620 226
1887630 227
1887640 227
1887650 227
1887660 227
1887670 227
1887680 227
1887690 228
1887700 228
1887710 228
1887720 228
1887730 228
1887740 229
1887750 229
1887760 229
1887770 229
1887780 230
1887790 230
1887800 230
1887810 230
1887820 230
1887830 231
1887840 231
1887850 231
1887860 231
1887870 232
1887880 232
1887890 232
1887900 232
1887910 232
1887920 233
1887930 233
1887940 233
1887950 233
1887960 234
1887970 234
1887980 234
1887990 234
1888000 234
1888010 234
1888020 234
1888030 234
1888040 234
1888050 234
1888060 234
1888070 234
1888080 234
1888090 234
1888100 234
1888110 234
1888120 234
1888130 234
1888140 234
1888150 234
1888160 234
1888170 234
1888180 234
1888190 234
1888200 234
1888210 234
1888220 234
1888230 234
1888240 234
1888250 234
1888260 234
1888270 235
1888280 235
1888290 235
1888300 235
1888310 235
1888320 235
1888330 235
1888340 235
1888350 235
1888360 235
1888370 235
1888380 235
1888390 235
1888400 236
1888410 237
1888420 237
1888430 237
1888440 238
1888450 238
1888460 240
1888470 241
1888480 241
1888490 242
1888500 243
1888510 243
1888520 244
1888530 245
1888540 245
1888550 247
1888560 248
1888570 248
1888580 249
1888590 249
1888600 249
1888610 251
1888620 252
1888630 252
1888640 253
1888650 255
1888660 255
1888670 256
1888680 257
1888690 257
1888700 258
1888710 259
1888720 259
1888730 259
1888740 260
1888750 260
1888760 260
1888770 261
1888780 262
1888790 262
1888800 263
1888810 265
1888820 265
1888830 266
1888840 267
1888850 267
1888860 269
1888870 270
1888880 270
1888890 270
1888900 271
1888910 272
1888920 272
1888930 272
1888940 272
1888950 272
1888960 272
1888970 272
1888980 272
1888990 272
1889000 272
1889010 272
1889020 272
1889030 272
1889040 272
1889050 272
1889060 272
1889070 271
1889080 271
1889090 271
1889100 271
1889110 270
1889120 270
1889130 270
1889140 269
1889150 269
1889160 269
1889170 268
1889180 268
1889190 267
1889200 267
1889210 267
1889220 266
1889230 265
1889240 265
1889250 264
1889260 264
1889270 264
1889280 263
1889290 262
1889300 262
1889310 261
1889320 259
1889330 259
1889340 258
1889350 257
1889360 257
1889370 256
1889380 255
1889390 255
1889400 255
1889410 253
1889420 253
1889430 252
1889440 251
1889450 251
1889460 250
1889470 249
1889480 249
1889490 248
1889500 247
1889510 247
1889520 246
1889530 245
1889540 245
1889550 244
1889560 243
1889570 243
1889580 242
1889590 242
1889600 242
1889610 241
1889620 241
1889630 241
1889640 241
1889650 242
1889660 242
1889670 241
1889680 241
1889690 241
1889700 241
1889710 241
1889720 241
1889730 241
1889740 241
1889750 241
1889760 240
1889770 240
1889780 240
1889790 240
1889800 239
1889810 239
1889820 239
1889830 238
1889840 238
1889850 237
1889860 237
1889870 237
1889880 237
1889890 236
1889900 236
1889910 236
1889920 236
1889930 236
1889940 236
1889950 236
1889960 236
1889970 236
1889980 236
1889990 236
1890000 237
1890010 237
1890020 237
1890030 238
1890040 239
1890050 239
1890060 240
1890070 241
1890080 241
1890090 242
1890100 243
1890110 243
1890120 243
1890130 243
1890140 243
1890150 244
1890160 243
1890170 243
1890180 242
1890190 242
1890200 242
1890210 241
1890220 240
1890230 240
1890240 239
1890250 238
1890260 238
1890270 238
1890280 237
1890290 237
1890300 235
1890310 234
1890320 234
1890330 233
1890340 232
1890350 232
1890360 231
1890370 230
1890380 230
1890390 229
1890400 228
1890410 228
1890420 227
1890430 226
1890440 226
1890450 224
1890460 223
1890470 223
1890480 222
1890490 221
1890500 221
1890510 220
1890520 220
1890530 220
1890540 220
1890550 220
1890560 220
1890570 222
1890580 224
1890590 224
1890600 226
1890610 228
1890620 228
1890630 230
1890640 231
1890650 231
1890660 232
1890670 233
1890680 233
1890690 233
1890700 234
1890710 234
1890720 234
1890730 234
1890740 234
1890750 235
1890760 235
1890770 235
1890780 235
1890790 235
1890800 235
1890810 234
1890820 234
1890830 235
1890840 235
1890850 235
1890860 235
1890870 235
1890880 235
1890890 235
1890900 234
1890910 234
1890920 234
1890930 234
1890940 233
1890950 233
1890960 233
1890970 232
1890980 232
1890990 232
1891000 231
1891010 231
1891020 231
1891030 231
1891040 231
1891050 231
1891060 230
1891070 230
1891080 230
1891090 230
1891100 230
1891110 230
1891120 229
1891130 229
1891140 229
1891150 229
1891160 229
1891170 228
1891180 227
1891190 227
1891200 227
1891210 228
1891220 230
1891230 230
1891240 232
1891250 234
1891260 234
1891270 236
1891280 237
1891290 237
1891300 237
1891310 238
1891320 238
1891330 238
1891340 238
1891350 238
1891360 238
1891370 238
1891380 238
1891390 238
1891400 238
1891410 238
1891420 238
1891430 238
1891440 238
1891450 237
1891460 237
1891470 238
1891480 238
1891490 238
1891500 238
1891510 239
1891520 239
1891530 239
1891540 239
1891550 239
1891560 239
1891570 240
1891580 241
1891590 241
1891600 241
1891610 241
1891620 241
1891630 243
1891640 244
1891650 244
1891660 244
1891670 244
1891680 244
1891690 244
1891700 245
1891710 245
1891720 245
1891730 246
1891740 246
1891750 247
1891760 248
1891770 248
1891780 250
1891790 250
1891800 250
1891810 251
1891820 251
1891830 251
1891840 251
1891850 251
1891860 251
1891870 251
1891880 251
1891890 251
1891900 251
1891910 251
1891920 251
1891930 251
1891940 252
1891950 252
1891960 253
1891970 254
1891980 254
1891990 255
1892000 255
1892010 255
1892020 255
1892030 255
1892040 255
1892050 254
1892060 253
1892070 253
1892080 252
1892090 250
1892100 248
1892110 245
1892120 244
1892130 244
1892140 243
1892150 241
1892160 241
1892170 241
1892180 240
1892190 240
1892200 239
1892210 239
1892220 239
1892230 238
1892240 238
1892250 238
1892260 238
1892270 239
1892280 239
1892290 239
1892300 240
1892310 240
1892320 241
1892330 242
1892340 242
1892350 242
1892360 242
1892370 242
1892380 242
1892390 242
1892400 242
1892410 242
1892420 241
1892430 241
1892440 240
1892450 240
1892460 240
1892470 240
1892480 241
1892490 241
1892500 243
1892510 246
1892520 246
1892530 249
1892540 252
1892550 252
1892560 252
1892570 252
1892580 252
1892590 255
1892600 257
1892610 257
1892620 257
1892630 257
1892640 257
1892650 257
1892660 257
1892670 257
1892680 257
1892690 257
1892700 257
1892710 257
1892720 257
1892730 257
1892740 258
1892750 258
1892760 258
1892770 258
1892780 258
1892790 258
1892800 257
1892810 256
1892820 256
1892830 256
1892840 255
1892850 255
1892860 254
1892870 252
1892880 252
1892890 251
1892900 250
1892910 250
1892920 249
1892930 247
1892940 247
1892950 246
1892960 245
1892970 245
1892980 244
1892990 242
1893000 242
1893010 241
1893020 240
1893030 240
1893040 238
1893050 236
1893060 236
1893070 235
1893080 233
1893090 233
1893100 232
1893110 231
1893120 231
1893130 229
1893140 227
1893150 227
1893160 228
1893170 228
1893180 228
1893190 227
1893200 227
1893210 227
1893220 227
1893230 227
1893240 227
1893250 227
1893260 227
1893270 227
1893280 228
1893290 229
1893300 229
1893310 229
1893320 230
1893330 230
1893340 232
1893350 233
1893360 233
1893370 235
1893380 236
1893390 236
1893400 237
1893410 238
1893420 238
1893430 239
1893440 241
1893450 241
1893460 241
1893470 242
1893480 242
1893490 243
1893500 243
1893510 243
1893520 244
1893530 246
1893540 246
1893550 246
1893560 247
1893570 247
1893580 248
1893590 248
1893600 249
1893610 249
1893620 250
1893630 251
1893640 251
1893650 251
1893660 249
1893670 249
1893680 246
1893690 247
1893700 247
1893710 243
1893720 241
1893730 241
1893740 239
1893750 237
1893760 237
1893770 236
1893780 234
1893790 234
1893800 233
1893810 232
1893820 232
1893830 230
1893840 228
1893850 228
1893860 226
1893870 224
1893880 224
1893890 223
1893900 223
1893910 223
1893920 221
1893930 218
1893940 218
1893950 217
1893960 216
1893970 216
1893980 214
1893990 215
1894000 217
1894010 218
1894020 219
1894030 219
1894040 220
1894050 221
1894060 221
1894070 222
1894080 222
1894090 222
1894100 222
1894110 221
1894120 221
1894130 220
1894140 220
1894150 220
1894160 220
1894170 220
1894180 220
1894190 219
1894200 219
1894210 219
1894220 219
1894230 218
1894240 218
1894250 218
1894260 217
1894270 217
1894280 216
1894290 216
1894300 216
1894310 215
1894320 214
1894330 214
1894340 213
1894350 213
1894360 213
1894370 212
1894380 211
1894390 211
1894400 211
1894410 210
1894420 210
1894430 210
1894440 209
1894450 209
1894460 209
1894470 210
1894480 210
1894490 210
1894500 211
1894510 211
1894520 211
1894530 212
1894540 212
1894550 212
1894560 212
1894570 212
1894580 211
1894590 210
1894600 210
1894610 210
1894620 209
1894630 208
1894640 207
1894650 206
1894660 206
1894670 205
1894680 203
1894690 203
1894700 202
1894710 201
1894720 201
1894730 199
1894740 199
1894750 199
1894760 198
1894770 198
1894780 198
1894790 197
1894800 197
1894810 197
1894820 197
1894830 197
1894840 197
1894850 196
1894860 196
1894870 196
1894880 196
1894890 195
1894900 195
1894910 194
1894920 192
1894930 192
1894940 193
1894950 193
1894960 193
1894970 192
1894980 192
1894990 192
1895000 191
1895010 191
1895020 191
1895030 190
1895040 190
1895050 190
1895060 189
1895070 189
1895080 189
1895090 189
1895100 188
1895110 188
1895120 188
1895130 188
1895140 188
1895150 187
1895160 187
1895170 187
1895180 187
1895190 187
1895200 187
1895210 187
1895220 187
1895230 187
1895240 187
1895250 187
1895260 188
1895270 188
1895280 188
1895290 188
1895300 188
1895310 188
1895320 188
1895330 188
1895340 187
1895350 187
1895360 187
1895370 187
1895380 187
1895390 187
1895400 186
1895410 186
1895420 186
1895430 186
1895440 186
1895450 185
1895460 185
1895470 185
1895480 185
1895490 184
1895500 184
1895510 184
1895520 184
1895530 184
1895540 184
1895550 183
1895560 183
1895570 183
1895580 183
1895590 183
1895600 183
1895610 183
1895620 183
1895630 183
1895640 183
1895650 183
1895660 182
1895670 182
1895680 182
1895690 183
1895700 183
1895710 183
1895720 183
1895730 183
1895740 183
1895750 182
1895760 183
1895770 183
1895780 183
1895790 184
1895800 184
1895810 184
1895820 183
1895830 183
1895840 183
1895850 183
1895860 183
1895870 183
1895880 183
1895890 184
1895900 184
1895910 184
1895920 184
1895930 183
1895940 183
1895950 183
1895960 184
1895970 184
1895980 184
1895990 185
1896000 185
1896010 185
1896020 185
1896030 185
1896040 186
1896050 186
1896060 186
1896070 187
1896080 187
1896090 187
1896100 187
1896110 187
1896120 187
1896130 186
1896140 186
1896150 186
1896160 186
1896170 186
1896180 186
1896190 186
1896200 186
1896210 189
1896220 189
1896230 189
1896240 189
1896250 188
1896260 188
1896270 187
1896280 186
1896290 186
1896300 186
1896310 186
1896320 186
1896330 186
1896340 187
1896350 187
1896360 186
1896370 186
1896380 186
1896390 185
1896400 184
1896410 184
1896420 183
1896430 182
1896440 182
1896450 181
1896460 181
1896470 181
1896480 181
1896490 182
1896500 182
1896510 182
1896520 186
1896530 186
1896540 189
1896550 191
1896560 191
1896570 194
1896580 196
1896590 196
1896600 197
1896610 200
1896620 200
1896630 200
1896640 202
1896650 202
1896660 203
1896670 204
1896680 204
1896690 204
1896700 205
1896710 205
1896720 205
1896730 204
1896740 204
1896750 204
1896760 205
1896770 205
1896780 205
1896790 204
1896800 204
1896810 204
1896820 204
1896830 204
1896840 205
1896850 204
1896860 204
1896870 204
1896880 203
1896890 203
1896900 201
1896910 199
1896920 199
1896930 198
1896940 197
1896950 197
1896960 195
1896970 195
1896980 195
1896990 193
1897000 189
1897010 189
1897020 185
1897030 181
1897040 181
1897050 177
1897060 173
1897070 173
1897080 170
1897090 166
1897100 166
1897110 161
1897120 156
1897130 156
1897140 151
1897150 145
1897160 145
1897170 142
1897180 139
1897190 139
1897200 137
1897210 137
1897220 137
1897230 136
1897240 135
1897250 135
1897260 135
1897270 135
1897280 135
1897290 135
1897300 135
1897310 135
1897320 135
1897330 135
1897340 135
1897350 135
1897360 135
1897370 135
1897380 136
1897390 136
1897400 136
1897410 136
1897420 136
1897430 136
1897440 136
1897450 136
1897460 136
1897470 137
1897480 137
1897490 137
1897500 136
1897510 136
1897520 136
1897530 136
1897540 136
1897550 136
1897560 136
1897570 136
1897580 136
1897590 136
1897600 136
1897610 136
1897620 137
1897630 137
1897640 137
1897650 137
1897660 136
1897670 136
1897680 136
1897690 136
1897700 136
1897710 136
1897720 136
1897730 136
1897740 136
1897750 136
1897760 136
1897770 136
1897780 136
1897790 136
1897800 136
1897810 136
1897820 136
1897830 136
1897840 136
1897850 136
1897860 137
1897870 137
1897880 137
1897890 136
1897900 136
1897910 136
1897920 136
1897930 136
1897940 136
1897950 136
1897960 136
1897970 136
1897980 137
1897990 136
1898000 136
1898010 136
1898020 136
1898030 136
1898040 136
1898050 136
1898060 136
1898070 136
1898080 136
1898090 136
1898100 136
1898110 136
1898120 136
1898130 136
1898140 136
1898150 136
1898160 136
1898170 136
1898180 136
1898190 136
1898200 136
1898210 136
1898220 136
1898230 136
1898240 136
1898250 136
1898260 136
1898270 136
1898280 136
1898290 136
1898300 136
1898310 136
1898320 136
1898330 136
1898340 136
1898350 136
1898360 136
1898370 136
1898380 136
1898390 136
1898400 136
1898410 136
1898420 136
1898430 136
1898440 136
1898450 136
1898460 136
1898470 136
1898480 136
1898490 136
1898500 136
1898510 136
1898520 136
1898530 136
1898540 136
1898550 136
1898560 136
1898570 136
1898580 136
1898590 136
1898600 136
1898610 136
1898620 136
1898630 136
1898640 136
1898650 136
1898660 136
1898670 136
1898680 136
1898690 136
1898700 136
1898710 136
1898720 136
1898730 136
1898740 136
1898750 136
1898760 136
1898770 136
1898780 136
1898790 136
1898800 136
1898810 136
1898820 136
1898830 136
1898840 136
1898850 136
1898860 136
1898870 136
1898880 136
1898890 136
1898900 136
1898910 136
1898920 136
1898930 136
1898940 136
1898950 136
1898960 136
1898970 136
1898980 136
1898990 136
1899000 136
1899010 136
1899020 136
1899030 136
1899040 136
1899050 136
1899060 136
1899070 136
1899080 136
1899090 136
1899100 136
1899110 136
1899120 136
1899130 136
1899140 136
1899150 136
1899160 136
1899170 136
1899180 136
1899190 136
1899200 136
1899210 136
1899220 136
1899230 136
1899240 136
1899250 136
1899260 136
1899270 136
1899280 136
1899290 136
1899300 136
1899310 136
1899320 136
1899330 136
1899340 136
1899350 136
1899360 136
1899370 136
1899380 136
1899390 136
1899400 136
1899410 135
1899420 135
1899430 135
1899440 135
1899450 135
1899460 135
1899470 135
1899480 135
1899490 136
1899500 136
1899510 136
1899520 136
1899530 136
1899540 136
1899550 136
1899560 135
1899570 135
1899580 135
1899590 135
1899600 135
1899610 135
1899620 136
1899630 136
1899640 136
1899650 136
1899660 136
1899670 135
1899680 135
1899690 135
1899700 134
1899710 134
1899720 134
1899730 135
1899740 135
1899750 135
1899760 135
1899770 135
1899780 135
1899790 135
1899800 135
1899810 135
1899820 135
1899830 135
1899840 135
1899850 135
1899860 135
1899870 135
1899880 135
1899890 135
1899900 135
1899910 135
1899920 136
1899930 136
1899940 136
1899950 136
1899960 136
1899970 136
1899980 136
1899990 136
