1880000 183
1880010 183
1880020 183
1880030 183
1880040 183
1880050 183
1880060 183
1880070 183
1880080 183
1880090 183
1880100 183
1880110 183
1880120 183
1880130 183
1880140 183
1880150 183
1880160 183
1880170 183
1880180 183
1880190 183
1880200 183
1880210 183
1880220 183
1880230 183
1880240 183
1880250 183
1880260 183
1880270 183
1880280 182
1880290 182
1880300 182
1880310 183
1880320 183
1880330 183
1880340 183
1880350 183
1880360 183
1880370 183
1880380 183
1880390 183
1880400 183
1880410 183
1880420 183
1880430 183
1880440 183
1880450 183
1880460 183
1880470 183
1880480 183
1880490 183
1880500 183
1880510 183
1880520 183
1880530 183
1880540 183
1880550 183
1880560 183
1880570 183
1880580 184
1880590 184
1880600 184
1880610 184
1880620 184
1880630 184
1880640 184
1880650 184
1880660 184
1880670 184
1880680 184
1880690 184
1880700 184
1880710 184
1880720 184
1880730 184
1880740 184
1880750 184
1880760 184
1880770 184
1880780 184
1880790 184
1880800 184
1880810 184
1880820 184
1880830 184
1880840 184
1880850 184
1880860 184
1880870 184
1880880 184
1880890 184
1880900 184
1880910 184
1880920 184
1880930 184
1880940 184
1880950 184
1880960 184
1880970 184
1880980 184
1880990 184
1881000 184
1881010 185
1881020 185
1881030 185
1881040 185
1881050 185
1881060 184
1881070 184
1881080 184
1881090 184
1881100 184
1881110 184
1881120 184
1881130 184
1881140 184
1881150 184
1881160 184
1881170 184
1881180 184
1881190 184
1881200 184
1881210 184
1881220 184
1881230 184
1881240 184
1881250 184
1881260 184
1881270 184
1881280 184
1881290 184
1881300 184
1881310 184
1881320 184
1881330 184
1881340 184
1881350 184
1881360 184
1881370 184
1881380 184
1881390 184
1881400 184
1881410 184
1881420 184
1881430 184
1881440 184
1881450 183
1881460 184
1881470 184
1881480 184
1881490 183
1881500 183
1881510 183
1881520 183
1881530 183
1881540 183
1881550 183
1881560 183
1881570 183
1881580 183
1881590 183
1881600 183
1881610 183
1881620 183
1881630 183
1881640 183
1881650 183
1881660 183
1881670 183
1881680 183
1881690 183
1881700 183
1881710 183
1881720 183
1881730 183
1881740 183
1881750 183
1881760 182
1881770 182
1881780 182
1881790 182
1881800 182
1881810 182
1881820 182
1881830 182
1881840 182
1881850 182
1881860 182
1881870 182
1881880 182
1881890 182
1881900 182
1881910 182
1881920 182
1881930 182
1881940 182
1881950 182
1881960 182
1881970 182
1881980 182
1881990 182
1882000 182
1882010 182
1882020 182
1882030 182
1882040 182
1882050 182
1882060 182
1882070 182
1882080 182
1882090 182
1882100 182
1882110 182
1882120 182
1882130 182
1882140 182
1882150 182
1882160 182
1882170 182
1882180 182
1882190 182
1882200 182
1882210 182
1882220 182
1882230 182
1882240 182
1882250 182
1882260 182
1882270 182
1882280 182
1882290 182
1882300 182
1882310 182
1882320 182
1882330 182
1882340 182
1882350 182
1882360 182
1882370 182
1882380 182
1882390 182
1882400 182
1882410 182
1882420 182
1882430 182
1882440 182
1882450 182
1882460 182
1882470 182
1882480 182
1882490 182
1882500 182
1882510 182
1882520 181
1882530 181
1882540 181
1882550 181
1882560 181
1882570 181
1882580 181
1882590 181
1882600 181
1882610 181
1882620 181
1882630 181
1882640 181
1882650 181
1882660 181
1882670 181
1882680 181
1882690 181
1882700 181
1882710 181
1882720 181
1882730 181
1882740 181
1882750 181
1882760 181
1882770 181
1882780 180
1882790 180
1882800 180
1882810 180
1882820 180
1882830 180
1882840 180
1882850 180
1882860 180
1882870 180
1882880 179
1882890 179
1882900 179
1882910 179
1882920 179
1882930 179
1882940 178
1882950 178
1882960 178
1882970 178
1882980 178
1882990 178
1883000 178
1883010 178
1883020 177
1883030 177
1883040 177
1883050 177
1883060 177
1883070 177
1883080 176
1883090 176
1883100 176
1883110 176
1883120 175
1883130 175
1883140 175
1883150 175
1883160 175
1883170 175
1883180 175
1883190 175
1883200 174
1883210 174
1883220 174
1883230 174
1883240 174
1883250 174
1883260 174
1883270 174
1883280 174
1883290 173
1883300 173
1883310 173
1883320 173
1883330 173
1883340 173
1883350 173
1883360 173
1883370 173
1883380 172
1883390 172
1883400 172
1883410 171
1883420 171
1883430 171
1883440 171
1883450 171
1883460 171
1883470 171
1883480 171
1883490 171
1883500 171
1883510 171
1883520 171
1883530 171
1883540 171
1883550 171
1883560 171
1883570 171
1883580 171
1883590 172
1883600 172
1883610 172
1883620 171
1883630 172
1883640 172
1883650 172
1883660 173
1883670 173
1883680 173
1883690 174
1883700 174
1883710 174
1883720 175
1883730 175
1883740 175
1883750 175
1883760 175
1883770 176
1883780 177
1883790 177
1883800 177
1883810 177
1883820 177
1883830 178
1883840 178
1883850 178
1883860 179
1883870 179
1883880 179
1883890 179
1883900 180
1883910 180
1883920 180
1883930 180
1883940 180
1883950 180
1883960 180
1883970 180
1883980 180
1883990 181
1884000 181
1884010 181
1884020 181
1884030 181
1884040 181
1884050 181
1884060 181
1884070 181
1884080 181
1884090 181
1884100 181
1884110 181
1884120 181
1884130 181
1884140 181
1884150 181
1884160 181
1884170 181
1884180 181
1884190 181
1884200 181
1884210 181
1884220 181
1884230 181
1884240 181
1884250 181
1884260 181
1884270 181
1884280 181
1884290 181
1884300 181
1884310 181
1884320 182
1884330 182
1884340 182
1884350 182
1884360 182
1884370 182
1884380 182
1884390 182
1884400 182
1884410 182
1884420 182
1884430 182
1884440 182
1884450 182
1884460 182
1884470 182
1884480 182
1884490 182
1884500 182
1884510 182
1884520 182
1884530 183
1884540 183
1884550 183
1884560 183
1884570 183
1884580 183
1884590 183
1884600 183
1884610 183
1884620 184
1884630 184
1884640 184
1884650 184
1884660 184
1884670 184
1884680 184
1884690 184
1884700 184
1884710 185
1884720 185
1884730 185
1884740 185
1884750 186
1884760 186
1884770 186
1884780 186
1884790 186
1884800 187
1884810 187
1884820 187
1884830 187
1884840 187
1884850 187
1884860 187
1884870 187
1884880 187
1884890 188
1884900 188
1884910 188
1884920 188
1884930 188
1884940 188
1884950 188
1884960 188
1884970 188
1884980 189
1884990 189
1885000 189
1885010 189
1885020 189
1885030 189
1885040 189
1885050 189
1885060 189
1885070 189
1885080 190
1885090 190
1885100 190
1885110 190
1885120 190
1885130 190
1885140 190
1885150 190
1885160 191
1885170 191
1885180 191
1885190 191
1885200 191
1885210 191
1885220 191
1885230 191
1885240 191
1885250 191
1885260 191
1885270 191
1885280 191
1885290 192
1885300 192
1885310 192
1885320 192
1885330 192
1885340 192
1885350 192
1885360 192
1885370 192
1885380 192
1885390 192
1885400 192
1885410 193
1885420 193
1885430 193
1885440 193
1885450 193
1885460 193
1885470 193
1885480 193
1885490 193
1885500 193
1885510 193
1885520 193
1885530 193
1885540 193
1885550 193
1885560 193
1885570 193
1885580 193
1885590 194
1885600 194
1885610 194
1885620 194
1885630 194
1885640 194
1885650 194
1885660 194
1885670 195
1885680 195
1885690 195
1885700 195
1885710 195
1885720 195
1885730 196
1885740 196
1885750 196
1885760 196
1885770 196
1885780 196
1885790 197
1885800 197
1885810 197
1885820 197
1885830 197
1885840 197
1885850 198
1885860 198
1885870 198
1885880 198
1885890 198
1885900 198
1885910 198
1885920 198
1885930 198
1885940 199
1885950 199
1885960 199
1885970 199
1885980 199
1885990 199
1886000 200
1886010 200
1886020 200
1886030 200
1886040 200
1886050 200
1886060 201
1886070 201
1886080 201
1886090 201
1886100 201
1886110 201
1886120 202
1886130 202
1886140 202
1886150 203
1886160 203
1886170 203
1886180 204
1886190 204
1886200 204
1886210 204
1886220 204
1886230 204
1886240 205
1886250 205
1886260 205
1886270 205
1886280 205
1886290 205
1886300 206
1886310 206
1886320 206
1886330 206
1886340 206
1886350 206
1886360 206
1886370 206
1886380 206
1886390 206
1886400 207
1886410 207
1886420 207
1886430 208
1886440 208
1886450 208
1886460 209
1886470 209
1886480 209
1886490 209
1886500 209
1886510 210
1886520 210
1886530 210
1886540 210
1886550 211
1886560 211
1886570 211
1886580 212
1886590 212
1886600 212
1886610 212
1886620 212
1886630 213
1886640 213
1886650 213
1886660 213
1886670 214
1886680 214
1886690 214
1886700 215
1886710 215
1886720 215
1886730 215
1886740 215
1886750 215
1886760 216
1886770 216
1886780 216
1886790 216
1886800 216
1886810 216
1886820 217
1886830 217
1886840 217
1886850 217
1886860 217
1886870 217
1886880 217
1886890 218
1886900 218
1886910 218
1886920 218
1886930 218
1886940 218
1886950 218
1886960 218
1886970 218
1886980 218
1886990 218
1887000 218
1887010 218
1887020 218
1887030 218
1887040 218
1887050 218
1887060 218
1887070 218
1887080 218
1887090 218
1887100 219
1887110 219
1887120 219
1887130 219
1887140 219
1887150 220
1887160 220
1887170 220
1887180 220
1887190 221
1887200 221
1887210 221
1887220 221
1887230 221
1887240 221
1887250 222
1887260 222
1887270 222
1887280 222
1887290 222
1887300 222
1887310 223
1887320 223
1887330 223
1887340 224
1887350 224
1887360 224
1887370 224
1887380 224
1887390 224
1887400 225
1887410 225
1887420 225
1887430 225
1887440 225
1887450 226
1887460 226
1887470 226
1887480 227
1887490 227
1887500 227
1887510 227
1887520 228
1887530 228
1887540 228
1887550 228
1887560 228
1887570 229
1887580 229
1887590 229
1887600 229
1887610 230
1887620 230
1887630 230
1887640 230
1887650 230
1887660 230
1887670 231
1887680 231
1887690 231
1887700 231
1887710 231
1887720 232
1887730 232
1887740 232
1887750 232
1887760 232
1887770 232
1887780 233
1887790 233
1887800 233
1887810 233
1887820 234
1887830 234
1887840 234
1887850 235
1887860 235
1887870 235
1887880 235
1887890 235
1887900 236
1887910 236
1887920 236
1887930 236
1887940 237
1887950 237
1887960 237
1887970 237
1887980 237
1887990 238
1888000 238
1888010 238
1888020 238
1888030 239
1888040 239
1888050 239
1888060 240
1888070 240
1888080 240
1888090 240
1888100 240
1888110 241
1888120 241
1888130 241
1888140 241
1888150 242
1888160 242
1888170 242
1888180 243
1888190 243
1888200 243
1888210 243
1888220 243
1888230 243
1888240 244
1888250 244
1888260 244
1888270 244
1888280 244
1888290 244
1888300 244
1888310 244
1888320 244
1888330 244
1888340 244
1888350 244
1888360 244
1888370 244
1888380 243
1888390 243
1888400 243
1888410 243
1888420 242
1888430 242
1888440 243
1888450 243
1888460 243
1888470 244
1888480 244
1888490 245
1888500 246
1888510 246
1888520 246
1888530 247
1888540 247
1888550 247
1888560 246
1888570 246
1888580 246
1888590 245
1888600 244
1888610 244
1888620 243
1888630 243
1888640 243
1888650 243
1888660 243
1888670 243
1888680 243
1888690 243
1888700 243
1888710 243
1888720 244
1888730 244
1888740 245
1888750 248
1888760 248
1888770 252
1888780 255
1888790 255
1888800 258
1888810 260
1888820 260
1888830 264
1888840 269
1888850 269
1888860 272
1888870 274
1888880 274
1888890 276
1888900 277
1888910 277
1888920 277
1888930 278
1888940 278
1888950 278
1888960 278
1888970 278
1888980 279
1888990 279
1889000 279
1889010 279
1889020 280
1889030 280
1889040 280
1889050 280
1889060 280
1889070 280
1889080 280
1889090 280
1889100 280
1889110 279
1889120 279
1889130 279
1889140 278
1889150 277
1889160 277
1889170 276
1889180 275
1889190 275
1889200 274
1889210 273
1889220 273
1889230 272
1889240 270
1889250 270
1889260 269
1889270 267
1889280 267
1889290 265
1889300 263
1889310 263
1889320 262
1889330 260
1889340 260
1889350 259
1889360 257
1889370 257
1889380 256
1889390 255
1889400 255
1889410 254
1889420 254
1889430 254
1889440 254
1889450 255
1889460 255
1889470 255
1889480 255
1889490 255
1889500 256
1889510 256
1889520 256
1889530 256
1889540 256
1889550 256
1889560 256
1889570 256
1889580 256
1889590 256
1889600 255
1889610 255
1889620 255
1889630 254
1889640 254
1889650 253
1889660 252
1889670 252
1889680 251
1889690 250
1889700 250
1889710 249
1889720 248
1889730 248
1889740 248
1889750 247
1889760 247
1889770 247
1889780 247
1889790 247
1889800 247
1889810 248
1889820 248
1889830 248
1889840 248
1889850 248
1889860 249
1889870 250
1889880 250
1889890 250
1889900 251
1889910 251
1889920 252
1889930 253
1889940 253
1889950 254
1889960 253
1889970 253
1889980 253
1889990 253
1890000 253
1890010 253
1890020 253
1890030 253
1890040 252
1890050 252
1890060 252
1890070 252
1890080 251
1890090 252
1890100 251
1890110 251
1890120 251
1890130 250
1890140 250
1890150 250
1890160 249
1890170 248
1890180 248
1890190 248
1890200 247
1890210 247
1890220 246
1890230 244
1890240 244
1890250 243
1890260 242
1890270 242
1890280 240
1890290 239
1890300 239
1890310 238
1890320 236
1890330 236
1890340 235
1890350 234
1890360 234
1890370 232
1890380 231
1890390 231
1890400 230
1890410 229
1890420 229
1890430 229
1890440 228
1890450 228
1890460 228
1890470 228
1890480 228
1890490 228
1890500 228
1890510 228
1890520 229
1890530 230
1890540 230
1890550 231
1890560 233
1890570 233
1890580 234
1890590 235
1890600 235
1890610 236
1890620 237
1890630 237
1890640 239
1890650 240
1890660 240
1890670 241
1890680 242
1890690 242
1890700 242
1890710 242
1890720 242
1890730 243
1890740 243
1890750 243
1890760 243
1890770 244
1890780 244
1890790 244
1890800 244
1890810 244
1890820 244
1890830 244
1890840 244
1890850 244
1890860 244
1890870 244
1890880 244
1890890 244
1890900 244
1890910 244
1890920 244
1890930 244
1890940 243
1890950 243
1890960 243
1890970 243
1890980 243
1890990 243
1891000 243
1891010 243
1891020 243
1891030 243
1891040 243
1891050 244
1891060 244
1891070 244
1891080 244
1891090 243
1891100 243
1891110 243
1891120 242
1891130 242
1891140 242
1891150 242
1891160 242
1891170 242
1891180 242
1891190 243
1891200 243
1891210 244
1891220 245
1891230 245
1891240 246
1891250 247
1891260 247
1891270 248
1891280 250
1891290 250
1891300 250
1891310 251
1891320 251
1891330 252
1891340 253
1891350 253
1891360 253
1891370 256
1891380 256
1891390 257
1891400 257
1891410 257
1891420 259
1891430 259
1891440 259
1891450 260
1891460 260
1891470 260
1891480 261
1891490 261
1891500 261
1891510 261
1891520 262
1891530 262
1891540 262
1891550 262
1891560 262
1891570 263
1891580 263
1891590 263
1891600 263
1891610 264
1891620 264
1891630 264
1891640 265
1891650 265
1891660 265
1891670 266
1891680 268
1891690 268
1891700 269
1891710 270
1891720 270
1891730 271
1891740 271
1891750 271
1891760 272
1891770 273
1891780 273
1891790 273
1891800 274
1891810 274
1891820 274
1891830 275
1891840 275
1891850 275
1891860 274
1891870 274
1891880 272
1891890 271
1891900 271
1891910 269
1891920 268
1891930 268
1891940 266
1891950 265
1891960 265
1891970 264
1891980 263
1891990 263
1892000 263
1892010 263
1892020 263
1892030 262
1892040 262
1892050 262
1892060 262
1892070 261
1892080 261
1892090 261
1892100 261
1892110 261
1892120 261
1892130 260
1892140 260
1892150 259
1892160 259
1892170 259
1892180 258
1892190 258
1892200 258
1892210 258
1892220 259
1892230 259
1892240 260
1892250 260
1892260 260
1892270 261
1892280 263
1892290 263
1892300 263
1892310 264
1892320 265
1892330 266
1892340 266
1892350 266
1892360 266
1892370 266
1892380 266
1892390 265
1892400 264
1892410 264
1892420 264
1892430 263
1892440 263
1892450 264
1892460 265
1892470 265
1892480 266
1892490 267
1892500 267
1892510 268
1892520 270
1892530 270
1892540 272
1892550 272
1892560 272
1892570 273
1892580 272
1892590 272
1892600 272
1892610 271
1892620 271
1892630 270
1892640 269
1892650 269
1892660 268
1892670 267
1892680 267
1892690 266
1892700 265
1892710 265
1892720 264
1892730 263
1892740 263
1892750 262
1892760 261
1892770 261
1892780 259
1892790 258
1892800 258
1892810 256
1892820 254
1892830 254
1892840 252
1892850 250
1892860 250
1892870 248
1892880 246
1892890 246
1892900 245
1892910 242
1892920 242
1892930 240
1892940 242
1892950 244
1892960 244
1892970 244
1892980 244
1892990 244
1893000 245
1893010 245
1893020 246
1893030 247
1893040 247
1893050 247
1893060 248
1893070 248
1893080 248
1893090 248
1893100 248
1893110 249
1893120 251
1893130 251
1893140 252
1893150 253
1893160 253
1893170 254
1893180 257
1893190 257
1893200 259
1893210 261
1893220 261
1893230 262
1893240 262
1893250 262
1893260 264
1893270 267
1893280 267
1893290 266
1893300 267
1893310 267
1893320 268
1893330 269
1893340 269
1893350 270
1893360 271
1893370 271
1893380 272
1893390 274
1893400 274
1893410 275
1893420 276
1893430 276
1893440 276
1893450 277
1893460 277
1893470 277
1893480 278
1893490 278
1893500 278
1893510 279
1893520 279
1893530 279
1893540 280
1893550 280
1893560 280
1893570 279
1893580 279
1893590 281
1893600 281
1893610 281
1893620 281
1893630 281
1893640 281
1893650 281
1893660 280
1893670 280
1893680 278
1893690 275
1893700 275
1893710 272
1893720 268
1893730 268
1893740 264
1893750 259
1893760 259
1893770 255
1893780 250
1893790 250
1893800 246
1893810 242
1893820 242
1893830 238
1893840 236
1893850 236
1893860 233
1893870 231
1893880 231
1893890 228
1893900 229
1893910 229
1893920 230
1893930 232
1893940 232
1893950 237
1893960 240
1893970 240
1893980 242
1893990 243
1894000 243
1894010 244
1894020 246
1894030 246
1894040 246
1894050 246
1894060 246
1894070 246
1894080 246
1894090 246
1894100 246
1894110 245
1894120 244
1894130 244
1894140 243
1894150 242
1894160 242
1894170 241
1894180 239
1894190 239
1894200 237
1894210 234
1894220 236
1894230 234
1894240 233
1894250 233
1894260 232
1894270 232
1894280 232
1894290 234
1894300 233
1894310 233
1894320 233
1894330 235
1894340 235
1894350 234
1894360 233
1894370 233
1894380 232
1894390 230
1894400 230
1894410 228
1894420 225
1894430 225
1894440 222
1894450 220
1894460 220
1894470 218
1894480 217
1894490 217
1894500 216
1894510 215
1894520 215
1894530 216
1894540 216
1894550 216
1894560 216
1894570 215
1894580 215
1894590 215
1894600 214
1894610 214
1894620 215
1894630 215
1894640 215
1894650 215
1894660 216
1894670 216
1894680 216
1894690 217
1894700 217
1894710 218
1894720 218
1894730 218
1894740 218
1894750 218
1894760 218
1894770 217
1894780 216
1894790 216
1894800 214
1894810 212
1894820 212
1894830 210
1894840 207
1894850 205
1894860 205
1894870 208
1894880 208
1894890 208
1894900 208
1894910 208
1894920 208
1894930 208
1894940 208
1894950 208
1894960 208
1894970 208
1894980 207
1894990 207
1895000 207
1895010 207
1895020 206
1895030 206
1895040 205
1895050 205
1895060 205
1895070 204
1895080 203
1895090 203
1895100 203
1895110 202
1895120 202
1895130 201
1895140 201
1895150 201
1895160 202
1895170 201
1895180 201
1895190 201
1895200 200
1895210 200
1895220 200
1895230 199
1895240 199
1895250 199
1895260 199
1895270 199
1895280 199
1895290 198
1895300 198
1895310 198
1895320 198
1895330 198
1895340 198
1895350 198
1895360 198
1895370 198
1895380 200
1895390 200
1895400 200
1895410 200
1895420 200
1895430 201
1895440 201
1895450 201
1895460 202
1895470 203
1895480 209
1895490 209
1895500 209
1895510 209
1895520 208
1895530 207
1895540 207
1895550 207
1895560 207
1895570 207
1895580 206
1895590 206
1895600 206
1895610 206
1895620 206
1895630 206
1895640 205
1895650 205
1895660 205
1895670 204
1895680 203
1895690 203
1895700 203
1895710 203
1895720 203
1895730 202
1895740 202
1895750 202
1895760 201
1895770 201
1895780 201
1895790 203
1895800 203
1895810 203
1895820 203
1895830 204
1895840 204
1895850 205
1895860 205
1895870 205
1895880 207
1895890 209
1895900 209
1895910 212
1895920 213
1895930 213
1895940 214
1895950 217
1895960 217
1895970 218
1895980 219
1895990 219
1896000 221
1896010 223
1896020 223
1896030 223
1896040 224
1896050 224
1896060 224
1896070 225
1896080 225
1896090 224
1896100 224
1896110 226
1896120 226
1896130 226
1896140 226
1896150 225
1896160 224
1896170 224
1896180 223
1896190 223
1896200 223
1896210 222
1896220 222
1896230 222
1896240 222
1896250 222
1896260 222
1896270 222
1896280 221
1896290 221
1896300 220
1896310 218
1896320 218
1896330 218
1896340 217
1896350 217
1896360 218
1896370 218
1896380 218
1896390 219
1896400 221
1896410 221
1896420 223
1896430 223
1896440 223
1896450 223
1896460 223
1896470 223
1896480 223
1896490 222
1896500 222
1896510 222
1896520 222
1896530 222
1896540 222
1896550 221
1896560 221
1896570 221
1896580 222
1896590 221
1896600 221
1896610 220
1896620 219
1896630 219
1896640 218
1896650 217
1896660 217
1896670 216
1896680 216
1896690 216
1896700 216
1896710 215
1896720 215
1896730 214
1896740 211
1896750 211
1896760 209
1896770 206
1896780 206
1896790 203
1896800 199
1896810 199
1896820 196
1896830 192
1896840 192
1896850 188
1896860 184
1896870 184
1896880 181
1896890 178
1896900 178
1896910 175
1896920 173
1896930 173
1896940 171
1896950 169
1896960 169
1896970 167
1896980 161
1896990 161
1897000 156
1897010 152
1897020 152
1897030 146
1897040 141
1897050 140
1897060 137
1897070 136
1897080 136
1897090 136
1897100 136
1897110 136
1897120 136
1897130 136
1897140 136
1897150 136
1897160 137
1897170 137
1897180 137
1897190 137
1897200 137
1897210 137
1897220 137
1897230 137
1897240 137
1897250 137
1897260 137
1897270 137
1897280 137
1897290 137
1897300 137
1897310 137
1897320 137
1897330 137
1897340 136
1897350 136
1897360 136
1897370 136
1897380 136
1897390 136
1897400 136
1897410 136
1897420 136
1897430 136
1897440 136
1897450 137
1897460 137
1897470 137
1897480 137
1897490 136
1897500 136
1897510 136
1897520 136
1897530 136
1897540 136
1897550 136
1897560 136
1897570 136
1897580 136
1897590 136
1897600 136
1897610 136
1897620 136
1897630 136
1897640 136
1897650 136
1897660 136
1897670 136
1897680 136
1897690 136
1897700 136
1897710 136
1897720 136
1897730 136
1897740 136
1897750 136
1897760 136
1897770 136
1897780 136
1897790 136
1897800 136
1897810 136
1897820 136
1897830 136
1897840 136
1897850 136
1897860 136
1897870 136
1897880 136
1897890 136
1897900 136
1897910 136
1897920 136
1897930 136
1897940 136
1897950 136
1897960 136
1897970 136
1897980 136
1897990 136
1898000 136
1898010 136
1898020 136
1898030 136
1898040 136
1898050 136
1898060 136
1898070 136
1898080 136
1898090 136
1898100 136
1898110 136
1898120 136
1898130 136
1898140 136
1898150 137
1898160 137
1898170 137
1898180 137
1898190 137
1898200 137
1898210 137
1898220 137
1898230 137
1898240 137
1898250 137
1898260 137
1898270 137
1898280 137
1898290 137
1898300 137
1898310 137
1898320 137
1898330 137
1898340 137
1898350 137
1898360 137
1898370 137
1898380 137
1898390 136
1898400 136
1898410 136
1898420 136
1898430 136
1898440 136
1898450 136
1898460 136
1898470 136
1898480 136
1898490 136
1898500 136
1898510 136
1898520 136
1898530 136
1898540 136
1898550 136
1898560 136
1898570 136
1898580 136
1898590 135
1898600 135
1898610 136
1898620 136
1898630 135
1898640 135
1898650 135
1898660 135
1898670 135
1898680 135
1898690 135
1898700 135
1898710 135
1898720 135
1898730 135
1898740 135
1898750 135
1898760 135
1898770 135
1898780 135
1898790 135
1898800 135
1898810 135
1898820 135
1898830 135
1898840 135
1898850 135
1898860 136
1898870 136
1898880 136
1898890 136
1898900 136
1898910 136
1898920 136
1898930 136
1898940 136
1898950 136
1898960 136
1898970 136
1898980 136
1898990 136
1899000 136
1899010 136
1899020 136
1899030 136
1899040 136
1899050 136
1899060 136
1899070 136
1899080 136
1899090 136
1899100 136
1899110 136
1899120 136
1899130 136
1899140 136
1899150 136
1899160 136
1899170 136
1899180 136
1899190 136
1899200 136
1899210 136
1899220 136
1899230 136
1899240 136
1899250 136
1899260 136
1899270 135
1899280 135
1899290 135
1899300 135
1899310 135
1899320 135
1899330 136
1899340 136
1899350 136
1899360 136
1899370 136
1899380 136
1899390 136
1899400 136
1899410 136
1899420 136
1899430 136
1899440 136
1899450 136
1899460 136
1899470 135
1899480 135
1899490 135
1899500 135
1899510 135
1899520 135
1899530 135
1899540 135
1899550 135
1899560 135
1899570 135
1899580 135
1899590 135
1899600 135
1899610 135
1899620 134
1899630 135
1899640 135
1899650 135
1899660 135
1899670 135
1899680 135
1899690 135
1899700 135
1899710 135
1899720 136
1899730 136
1899740 136
1899750 136
1899760 136
1899770 136
1899780 136
1899790 136
1899800 136
1899810 136
1899820 136
1899830 136
1899840 136
1899850 136
1899860 136
1899870 136
1899880 136
1899890 136
1899900 136
1899910 136
1899920 136
1899930 136
1899940 136
1899950 136
1899960 136
1899970 136
1899980 136
1899990 136
