1880000 185
1880010 184
1880020 184
1880030 184
1880040 184
1880050 184
1880060 184
1880070 184
1880080 184
1880090 184
1880100 184
1880110 184
1880120 184
1880130 184
1880140 184
1880150 184
1880160 184
1880170 184
1880180 184
1880190 184
1880200 184
1880210 184
1880220 184
1880230 184
1880240 184
1880250 184
1880260 185
1880270 185
1880280 185
1880290 185
1880300 185
1880310 185
1880320 185
1880330 185
1880340 185
1880350 185
1880360 185
1880370 185
1880380 185
1880390 185
1880400 185
1880410 185
1880420 185
1880430 185
1880440 185
1880450 185
1880460 185
1880470 185
1880480 185
1880490 185
1880500 185
1880510 185
1880520 185
1880530 185
1880540 185
1880550 185
1880560 185
1880570 185
1880580 185
1880590 185
1880600 185
1880610 185
1880620 185
1880630 185
1880640 185
1880650 185
1880660 185
1880670 185
1880680 185
1880690 185
1880700 185
1880710 185
1880720 185
1880730 185
1880740 185
1880750 185
1880760 185
1880770 185
1880780 185
1880790 185
1880800 185
1880810 185
1880820 185
1880830 185
1880840 185
1880850 185
1880860 185
1880870 185
1880880 185
1880890 185
1880900 185
1880910 185
1880920 185
1880930 185
1880940 185
1880950 185
1880960 185
1880970 185
1880980 185
1880990 185
1881000 185
1881010 184
1881020 184
1881030 184
1881040 184
1881050 184
1881060 184
1881070 184
1881080 184
1881090 184
1881100 184
1881110 184
1881120 184
1881130 184
1881140 184
1881150 184
1881160 184
1881170 184
1881180 184
1881190 184
1881200 184
1881210 184
1881220 184
1881230 184
1881240 184
1881250 184
1881260 184
1881270 184
1881280 184
1881290 184
1881300 184
1881310 183
1881320 183
1881330 183
1881340 183
1881350 183
1881360 183
1881370 183
1881380 183
1881390 183
1881400 183
1881410 183
1881420 183
1881430 183
1881440 183
1881450 183
1881460 183
1881470 183
1881480 183
1881490 183
1881500 183
1881510 183
1881520 183
1881530 183
1881540 183
1881550 183
1881560 183
1881570 183
1881580 183
1881590 183
1881600 183
1881610 183
1881620 183
1881630 183
1881640 183
1881650 183
1881660 183
1881670 183
1881680 183
1881690 183
1881700 183
1881710 183
1881720 183
1881730 183
1881740 183
1881750 183
1881760 183
1881770 183
1881780 183
1881790 183
1881800 183
1881810 183
1881820 183
1881830 183
1881840 182
1881850 182
1881860 182
1881870 182
1881880 182
1881890 182
1881900 182
1881910 182
1881920 182
1881930 182
1881940 182
1881950 182
1881960 182
1881970 182
1881980 182
1881990 182
1882000 182
1882010 182
1882020 182
1882030 182
1882040 182
1882050 182
1882060 182
1882070 182
1882080 182
1882090 181
1882100 181
1882110 181
1882120 181
1882130 181
1882140 181
1882150 181
1882160 181
1882170 181
1882180 181
1882190 181
1882200 181
1882210 181
1882220 181
1882230 181
1882240 180
1882250 180
1882260 180
1882270 180
1882280 180
1882290 180
1882300 180
1882310 180
1882320 180
1882330 180
1882340 180
1882350 180
1882360 180
1882370 180
1882380 180
1882390 180
1882400 180
1882410 180
1882420 180
1882430 180
1882440 180
1882450 180
1882460 180
1882470 180
1882480 180
1882490 179
1882500 179
1882510 179
1882520 179
1882530 179
1882540 179
1882550 179
1882560 179
1882570 179
1882580 178
1882590 178
1882600 178
1882610 178
1882620 178
1882630 178
1882640 178
1882650 178
1882660 178
1882670 178
1882680 178
1882690 178
1882700 178
1882710 178
1882720 178
1882730 178
1882740 178
1882750 178
1882760 177
1882770 177
1882780 177
1882790 177
1882800 177
1882810 177
1882820 177
1882830 177
1882840 177
1882850 177
1882860 177
1882870 176
1882880 176
1882890 176
1882900 176
1882910 176
1882920 176
1882930 175
1882940 175
1882950 175
1882960 175
1882970 175
1882980 175
1882990 176
1883000 176
1883010 176
1883020 176
1883030 176
1883040 176
1883050 176
1883060 176
1883070 176
1883080 176
1883090 177
1883100 177
1883110 177
1883120 178
1883130 178
1883140 178
1883150 179
1883160 179
1883170 179
1883180 180
1883190 180
1883200 180
1883210 181
1883220 181
1883230 181
1883240 181
1883250 181
1883260 181
1883270 181
1883280 181
1883290 181
1883300 181
1883310 181
1883320 181
1883330 181
1883340 181
1883350 181
1883360 181
1883370 181
1883380 181
1883390 181
1883400 181
1883410 181
1883420 180
1883430 180
1883440 180
1883450 180
1883460 180
1883470 180
1883480 179
1883490 179
1883500 179
1883510 178
1883520 178
1883530 178
1883540 178
1883550 178
1883560 177
1883570 177
1883580 177
1883590 176
1883600 175
1883610 175
1883620 175
1883630 174
1883640 174
1883650 174
1883660 174
1883670 174
1883680 173
1883690 173
1883700 173
1883710 173
1883720 173
1883730 173
1883740 173
1883750 173
1883760 173
1883770 173
1883780 173
1883790 173
1883800 174
1883810 174
1883820 174
1883830 175
1883840 175
1883850 175
1883860 175
1883870 176
1883880 176
1883890 176
1883900 176
1883910 176
1883920 177
1883930 177
1883940 177
1883950 177
1883960 178
1883970 178
1883980 178
1883990 179
1884000 179
1884010 179
1884020 179
1884030 179
1884040 180
1884050 180
1884060 180
1884070 180
1884080 180
1884090 180
1884100 180
1884110 180
1884120 180
1884130 180
1884140 180
1884150 180
1884160 180
1884170 181
1884180 181
1884190 181
1884200 181
1884210 181
1884220 181
1884230 181
1884240 181
1884250 181
1884260 181
1884270 181
1884280 181
1884290 181
1884300 181
1884310 181
1884320 180
1884330 180
1884340 180
1884350 180
1884360 180
1884370 180
1884380 180
1884390 180
1884400 180
1884410 180
1884420 180
1884430 180
1884440 181
1884450 181
1884460 181
1884470 180
1884480 180
1884490 181
1884500 181
1884510 181
1884520 181
1884530 181
1884540 181
1884550 181
1884560 182
1884570 182
1884580 182
1884590 182
1884600 182
1884610 182
1884620 182
1884630 182
1884640 183
1884650 183
1884660 183
1884670 183
1884680 184
1884690 184
1884700 184
1884710 184
1884720 184
1884730 185
1884740 185
1884750 185
1884760 185
1884770 185
1884780 185
1884790 186
1884800 185
1884810 185
1884820 186
1884830 186
1884840 186
1884850 186
1884860 186
1884870 186
1884880 186
1884890 186
1884900 186
1884910 186
1884920 186
1884930 186
1884940 186
1884950 186
1884960 186
1884970 186
1884980 186
1884990 186
1885000 186
1885010 187
1885020 187
1885030 187
1885040 187
1885050 187
1885060 187
1885070 187
1885080 187
1885090 187
1885100 187
1885110 187
1885120 187
1885130 187
1885140 187
1885150 187
1885160 187
1885170 187
1885180 187
1885190 187
1885200 188
1885210 188
1885220 188
1885230 188
1885240 188
1885250 188
1885260 188
1885270 188
1885280 188
1885290 188
1885300 188
1885310 188
1885320 188
1885330 188
1885340 188
1885350 189
1885360 189
1885370 189
1885380 189
1885390 189
1885400 189
1885410 189
1885420 189
1885430 189
1885440 189
1885450 189
1885460 189
1885470 190
1885480 190
1885490 190
1885500 190
1885510 190
1885520 190
1885530 190
1885540 190
1885550 190
1885560 190
1885570 190
1885580 190
1885590 191
1885600 191
1885610 191
1885620 191
1885630 191
1885640 191
1885650 192
1885660 192
1885670 192
1885680 192
1885690 192
1885700 192
1885710 192
1885720 192
1885730 193
1885740 193
1885750 193
1885760 193
1885770 193
1885780 193
1885790 194
1885800 194
1885810 194
1885820 194
1885830 194
1885840 194
1885850 195
1885860 195
1885870 195
1885880 195
1885890 195
1885900 195
1885910 195
1885920 195
1885930 195
1885940 195
1885950 196
1885960 196
1885970 196
1885980 196
1885990 196
1886000 196
1886010 196
1886020 196
1886030 196
1886040 196
1886050 196
1886060 196
1886070 197
1886080 197
1886090 197
1886100 197
1886110 197
1886120 197
1886130 197
1886140 197
1886150 198
1886160 198
1886170 198
1886180 198
1886190 198
1886200 198
1886210 198
1886220 199
1886230 199
1886240 199
1886250 199
1886260 199
1886270 199
1886280 200
1886290 200
1886300 200
1886310 200
1886320 200
1886330 200
1886340 201
1886350 201
1886360 201
1886370 201
1886380 201
1886390 201
1886400 201
1886410 201
1886420 202
1886430 202
1886440 202
1886450 202
1886460 202
1886470 202
1886480 202
1886490 203
1886500 203
1886510 203
1886520 203
1886530 203
1886540 204
1886550 204
1886560 205
1886570 205
1886580 205
1886590 205
1886600 206
1886610 206
1886620 206
1886630 206
1886640 207
1886650 207
1886660 207
1886670 207
1886680 207
1886690 207
1886700 207
1886710 207
1886720 207
1886730 207
1886740 207
1886750 207
1886760 208
1886770 208
1886780 208
1886790 208
1886800 208
1886810 209
1886820 209
1886830 209
1886840 210
1886850 210
1886860 210
1886870 211
1886880 212
1886890 212
1886900 212
1886910 212
1886920 212
1886930 213
1886940 213
1886950 213
1886960 213
1886970 213
1886980 213
1886990 213
1887000 213
1887010 213
1887020 213
1887030 213
1887040 213
1887050 213
1887060 213
1887070 213
1887080 212
1887090 212
1887100 212
1887110 212
1887120 213
1887130 213
1887140 213
1887150 213
1887160 213
1887170 214
1887180 214
1887190 214
1887200 215
1887210 215
1887220 215
1887230 215
1887240 216
1887250 216
1887260 216
1887270 217
1887280 217
1887290 217
1887300 218
1887310 218
1887320 218
1887330 219
1887340 219
1887350 219
1887360 220
1887370 220
1887380 220
1887390 221
1887400 221
1887410 221
1887420 222
1887430 222
1887440 222
1887450 222
1887460 223
1887470 223
1887480 223
1887490 224
1887500 224
1887510 224
1887520 224
1887530 224
1887540 224
1887550 225
1887560 225
1887570 225
1887580 225
1887590 225
1887600 225
1887610 225
1887620 225
1887630 226
1887640 226
1887650 226
1887660 226
1887670 226
1887680 226
1887690 227
1887700 227
1887710 227
1887720 227
1887730 228
1887740 228
1887750 228
1887760 228
1887770 228
1887780 228
1887790 229
1887800 229
1887810 229
1887820 229
1887830 229
1887840 230
1887850 230
1887860 230
1887870 230
1887880 231
1887890 231
1887900 231
1887910 231
1887920 231
1887930 231
1887940 232
1887950 232
1887960 232
1887970 232
1887980 232
1887990 232
1888000 232
1888010 232
1888020 232
1888030 232
1888040 232
1888050 231
1888060 231
1888070 231
1888080 231
1888090 231
1888100 231
1888110 231
1888120 231
1888130 231
1888140 231
1888150 231
1888160 231
1888170 232
1888180 232
1888190 232
1888200 232
1888210 232
1888220 232
1888230 232
1888240 232
1888250 232
1888260 232
1888270 233
1888280 233
1888290 233
1888300 234
1888310 234
1888320 234
1888330 235
1888340 235
1888350 235
1888360 236
1888370 236
1888380 236
1888390 238
1888400 238
1888410 239
1888420 240
1888430 240
1888440 242
1888450 243
1888460 243
1888470 244
1888480 245
1888490 245
1888500 246
1888510 247
1888520 247
1888530 248
1888540 250
1888550 250
1888560 251
1888570 252
1888580 252
1888590 253
1888600 253
1888610 253
1888620 254
1888630 255
1888640 255
1888650 255
1888660 256
1888670 256
1888680 257
1888690 257
1888700 257
1888710 258
1888720 258
1888730 258
1888740 258
1888750 259
1888760 259
1888770 259
1888780 259
1888790 259
1888800 260
1888810 261
1888820 261
1888830 262
1888840 264
1888850 264
1888860 265
1888870 266
1888880 266
1888890 267
1888900 268
1888910 268
1888920 269
1888930 269
1888940 269
1888950 270
1888960 270
1888970 270
1888980 270
1888990 270
1889000 270
1889010 270
1889020 270
1889030 270
1889040 270
1889050 269
1889060 269
1889070 269
1889080 269
1889090 269
1889100 268
1889110 268
1889120 268
1889130 268
1889140 267
1889150 267
1889160 267
1889170 266
1889180 266
1889190 266
1889200 265
1889210 265
1889220 264
1889230 264
1889240 264
1889250 263
1889260 262
1889270 262
1889280 261
1889290 260
1889300 260
1889310 259
1889320 258
1889330 258
1889340 257
1889350 256
1889360 256
1889370 255
1889380 254
1889390 254
1889400 253
1889410 252
1889420 252
1889430 251
1889440 250
1889450 250
1889460 249
1889470 248
1889480 248
1889490 247
1889500 246
1889510 246
1889520 245
1889530 244
1889540 244
1889550 243
1889560 242
1889570 242
1889580 241
1889590 240
1889600 240
1889610 239
1889620 239
1889630 238
1889640 238
1889650 238
1889660 237
1889670 237
1889680 237
1889690 237
1889700 237
1889710 238
1889720 237
1889730 237
1889740 237
1889750 237
1889760 237
1889770 237
1889780 237
1889790 237
1889800 237
1889810 237
1889820 237
1889830 236
1889840 236
1889850 236
1889860 235
1889870 234
1889880 234
1889890 234
1889900 233
1889910 233
1889920 233
1889930 232
1889940 232
1889950 232
1889960 232
1889970 232
1889980 232
1889990 232
1890000 232
1890010 232
1890020 233
1890030 233
1890040 234
1890050 235
1890060 235
1890070 236
1890080 238
1890090 238
1890100 239
1890110 240
1890120 240
1890130 240
1890140 240
1890150 240
1890160 241
1890170 241
1890180 241
1890190 240
1890200 240
1890210 240
1890220 239
1890230 239
1890240 239
1890250 238
1890260 238
1890270 238
1890280 237
1890290 236
1890300 236
1890310 235
1890320 234
1890330 234
1890340 233
1890350 232
1890360 232
1890370 230
1890380 229
1890390 229
1890400 228
1890410 227
1890420 227
1890430 226
1890440 224
1890450 224
1890460 223
1890470 222
1890480 222
1890490 221
1890500 220
1890510 220
1890520 219
1890530 218
1890540 218
1890550 218
1890560 218
1890570 218
1890580 219
1890590 220
1890600 220
1890610 222
1890620 223
1890630 223
1890640 224
1890650 225
1890660 225
1890670 226
1890680 227
1890690 227
1890700 227
1890710 227
1890720 229
1890730 229
1890740 229
1890750 229
1890760 230
1890770 230
1890780 230
1890790 230
1890800 230
1890810 230
1890820 230
1890830 230
1890840 230
1890850 230
1890860 230
1890870 230
1890880 229
1890890 229
1890900 229
1890910 229
1890920 229
1890930 229
1890940 229
1890950 229
1890960 229
1890970 229
1890980 228
1890990 228
1891000 228
1891010 227
1891020 227
1891030 226
1891040 226
1891050 226
1891060 226
1891070 225
1891080 225
1891090 225
1891100 225
1891110 225
1891120 225
1891130 225
1891140 225
1891150 225
1891160 224
1891170 224
1891180 224
1891190 223
1891200 223
1891210 223
1891220 224
1891230 224
1891240 226
1891250 228
1891260 228
1891270 229
1891280 230
1891290 230
1891300 231
1891310 231
1891320 231
1891330 232
1891340 232
1891350 232
1891360 234
1891370 234
1891380 234
1891390 234
1891400 234
1891410 234
1891420 234
1891430 234
1891440 234
1891450 234
1891460 234
1891470 234
1891480 234
1891490 234
1891500 234
1891510 235
1891520 235
1891530 235
1891540 235
1891550 235
1891560 235
1891570 235
1891580 236
1891590 236
1891600 236
1891610 236
1891620 236
1891630 235
1891640 237
1891650 237
1891660 238
1891670 238
1891680 239
1891690 239
1891700 239
1891710 239
1891720 240
1891730 241
1891740 241
1891750 241
1891760 242
1891770 242
1891780 242
1891790 243
1891800 243
1891810 243
1891820 243
1891830 243
1891840 243
1891850 243
1891860 243
1891870 243
1891880 242
1891890 242
1891900 242
1891910 243
1891920 243
1891930 243
1891940 244
1891950 244
1891960 244
1891970 245
1891980 245
1891990 249
1892000 249
1892010 250
1892020 250
1892030 250
1892040 250
1892050 250
1892060 250
1892070 250
1892080 250
1892090 249
1892100 248
1892110 248
1892120 247
1892130 245
1892140 245
1892150 243
1892160 241
1892170 241
1892180 239
1892190 237
1892200 237
1892210 237
1892220 236
1892230 236
1892240 235
1892250 235
1892260 235
1892270 234
1892280 234
1892290 234
1892300 234
1892310 235
1892320 235
1892330 235
1892340 236
1892350 236
1892360 236
1892370 236
1892380 236
1892390 236
1892400 235
1892410 235
1892420 235
1892430 235
1892440 235
1892450 236
1892460 236
1892470 236
1892480 236
1892490 237
1892500 237
1892510 237
1892520 238
1892530 238
1892540 242
1892550 243
1892560 243
1892570 244
1892580 246
1892590 246
1892600 248
1892610 249
1892620 249
1892630 249
1892640 249
1892650 249
1892660 250
1892670 249
1892680 249
1892690 250
1892700 250
1892710 250
1892720 250
1892730 250
1892740 250
1892750 249
1892760 250
1892770 250
1892780 250
1892790 250
1892800 250
1892810 250
1892820 249
1892830 249
1892840 248
1892850 248
1892860 248
1892870 248
1892880 248
1892890 248
1892900 247
1892910 246
1892920 246
1892930 245
1892940 244
1892950 245
1892960 244
1892970 243
1892980 243
1892990 242
1893000 241
1893010 241
1893020 240
1893030 239
1893040 239
1893050 237
1893060 236
1893070 236
1893080 235
1893090 233
1893100 233
1893110 232
1893120 230
1893130 230
1893140 229
1893150 227
1893160 227
1893170 226
1893180 226
1893190 226
1893200 225
1893210 224
1893220 224
1893230 223
1893240 223
1893250 223
1893260 223
1893270 223
1893280 223
1893290 223
1893300 223
1893310 223
1893320 224
1893330 224
1893340 224
1893350 224
1893360 225
1893370 225
1893380 225
1893390 226
1893400 226
1893410 227
1893420 227
1893430 227
1893440 227
1893450 228
1893460 228
1893470 230
1893480 230
1893490 230
1893500 230
1893510 230
1893520 230
1893530 229
1893540 230
1893550 230
1893560 233
1893570 233
1893580 237
1893590 235
1893600 236
1893610 236
1893620 237
1893630 238
1893640 238
1893650 239
1893660 239
1893670 239
1893680 239
1893690 238
1893700 238
1893710 236
1893720 234
1893730 234
1893740 232
1893750 230
1893760 230
1893770 229
1893780 228
1893790 228
1893800 226
1893810 225
1893820 225
1893830 224
1893840 224
1893850 224
1893860 223
1893870 223
1893880 223
1893890 223
1893900 222
1893910 222
1893920 218
1893930 217
1893940 217
1893950 216
1893960 215
1893970 215
1893980 214
1893990 213
1894000 213
1894010 212
1894020 213
1894030 213
1894040 215
1894050 215
1894060 215
1894070 216
1894080 216
1894090 216
1894100 216
1894110 217
1894120 217
1894130 217
1894140 216
1894150 216
1894160 216
1894170 216
1894180 216
1894190 216
1894200 215
1894210 216
1894220 216
1894230 215
1894240 215
1894250 215
1894260 214
1894270 214
1894280 214
1894290 213
1894300 213
1894310 213
1894320 212
1894330 212
1894340 211
1894350 211
1894360 211
1894370 210
1894380 209
1894390 209
1894400 209
1894410 208
1894420 208
1894430 208
1894440 207
1894450 207
1894460 207
1894470 206
1894480 206
1894490 206
1894500 206
1894510 207
1894520 207
1894530 208
1894540 209
1894550 209
1894560 210
1894570 210
1894580 210
1894590 210
1894600 210
1894610 210
1894620 210
1894630 210
1894640 210
1894650 209
1894660 208
1894670 208
1894680 208
1894690 207
1894700 207
1894710 205
1894720 205
1894730 205
1894740 204
1894750 203
1894760 203
1894770 202
1894780 200
1894790 200
1894800 199
1894810 198
1894820 198
1894830 197
1894840 194
1894850 194
1894860 193
1894870 192
1894880 192
1894890 191
1894900 190
1894910 190
1894920 190
1894930 189
1894940 189
1894950 188
1894960 188
1894970 188
1894980 188
1894990 188
1895000 188
1895010 188
1895020 187
1895030 187
1895040 187
1895050 187
1895060 187
1895070 187
1895080 187
1895090 187
1895100 187
1895110 187
1895120 187
1895130 186
1895140 186
1895150 186
1895160 186
1895170 186
1895180 186
1895190 186
1895200 185
1895210 185
1895220 185
1895230 185
1895240 185
1895250 185
1895260 185
1895270 185
1895280 185
1895290 185
1895300 185
1895310 185
1895320 185
1895330 185
1895340 184
1895350 184
1895360 184
1895370 184
1895380 184
1895390 184
1895400 184
1895410 183
1895420 183
1895430 183
1895440 183
1895450 183
1895460 183
1895470 183
1895480 183
1895490 183
1895500 182
1895510 182
1895520 182
1895530 182
1895540 182
1895550 181
1895560 181
1895570 181
1895580 181
1895590 180
1895600 180
1895610 180
1895620 180
1895630 180
1895640 180
1895650 179
1895660 179
1895670 179
1895680 179
1895690 179
1895700 179
1895710 179
1895720 179
1895730 179
1895740 179
1895750 179
1895760 179
1895770 180
1895780 180
1895790 180
1895800 180
1895810 180
1895820 180
1895830 180
1895840 180
1895850 180
1895860 180
1895870 180
1895880 180
1895890 180
1895900 180
1895910 180
1895920 180
1895930 180
1895940 179
1895950 179
1895960 179
1895970 179
1895980 179
1895990 179
1896000 179
1896010 179
1896020 179
1896030 179
1896040 179
1896050 179
1896060 179
1896070 179
1896080 179
1896090 179
1896100 180
1896110 180
1896120 181
1896130 180
1896140 180
1896150 180
1896160 180
1896170 180
1896180 180
1896190 180
1896200 180
1896210 180
1896220 181
1896230 181
1896240 181
1896250 181
1896260 181
1896270 181
1896280 180
1896290 180
1896300 180
1896310 179
1896320 179
1896330 179
1896340 178
1896350 178
1896360 177
1896370 177
1896380 177
1896390 177
1896400 177
1896410 177
1896420 178
1896430 178
1896440 178
1896450 177
1896460 176
1896470 176
1896480 175
1896490 175
1896500 175
1896510 175
1896520 175
1896530 175
1896540 177
1896550 177
1896560 177
1896570 179
1896580 181
1896590 181
1896600 183
1896610 186
1896620 186
1896630 188
1896640 189
1896650 189
1896660 191
1896670 193
1896680 193
1896690 194
1896700 195
1896710 195
1896720 196
1896730 198
1896740 198
1896750 198
1896760 199
1896770 199
1896780 199
1896790 199
1896800 199
1896810 199
1896820 199
1896830 199
1896840 199
1896850 198
1896860 198
1896870 198
1896880 197
1896890 196
1896900 196
1896910 196
1896920 196
1896930 196
1896940 198
1896950 198
1896960 198
1896970 197
1896980 196
1896990 196
1897000 195
1897010 193
1897020 193
1897030 190
1897040 186
1897050 186
1897060 182
1897070 177
1897080 177
1897090 173
1897100 170
1897110 170
1897120 165
1897130 161
1897140 161
1897150 156
1897160 150
1897170 150
1897180 145
1897190 143
1897200 143
1897210 141
1897220 139
1897230 139
1897240 138
1897250 138
1897260 138
1897270 136
1897280 135
1897290 135
1897300 135
1897310 135
1897320 135
1897330 135
1897340 135
1897350 135
1897360 135
1897370 135
1897380 135
1897390 135
1897400 135
1897410 135
1897420 135
1897430 135
1897440 135
1897450 135
1897460 135
1897470 135
1897480 136
1897490 136
1897500 136
1897510 136
1897520 136
1897530 136
1897540 136
1897550 136
1897560 136
1897570 136
1897580 136
1897590 136
1897600 136
1897610 136
1897620 136
1897630 136
1897640 136
1897650 136
1897660 136
1897670 136
1897680 136
1897690 136
1897700 136
1897710 136
1897720 136
1897730 136
1897740 136
1897750 136
1897760 136
1897770 136
1897780 136
1897790 136
1897800 136
1897810 137
1897820 137
1897830 137
1897840 136
1897850 136
1897860 136
1897870 136
1897880 136
1897890 136
1897900 136
1897910 136
1897920 136
1897930 136
1897940 136
1897950 136
1897960 136
1897970 136
1897980 136
1897990 136
1898000 136
1898010 136
1898020 136
1898030 136
1898040 136
1898050 136
1898060 136
1898070 136
1898080 136
1898090 136
1898100 136
1898110 136
1898120 136
1898130 136
1898140 136
1898150 136
1898160 136
1898170 136
1898180 136
1898190 136
1898200 136
1898210 136
1898220 136
1898230 136
1898240 136
1898250 136
1898260 135
1898270 135
1898280 135
1898290 135
1898300 135
1898310 135
1898320 136
1898330 136
1898340 136
1898350 136
1898360 136
1898370 136
1898380 136
1898390 136
1898400 136
1898410 136
1898420 136
1898430 136
1898440 136
1898450 136
1898460 136
1898470 136
1898480 136
1898490 136
1898500 136
1898510 136
1898520 136
1898530 136
1898540 136
1898550 136
1898560 136
1898570 136
1898580 136
1898590 136
1898600 136
1898610 136
1898620 136
1898630 136
1898640 136
1898650 136
1898660 136
1898670 136
1898680 137
1898690 137
1898700 137
1898710 137
1898720 137
1898730 137
1898740 137
1898750 136
1898760 136
1898770 136
1898780 136
1898790 136
1898800 136
1898810 136
1898820 136
1898830 136
1898840 136
1898850 136
1898860 136
1898870 136
1898880 136
1898890 136
1898900 136
1898910 136
1898920 136
1898930 136
1898940 136
1898950 136
1898960 136
1898970 136
1898980 136
1898990 136
1899000 136
1899010 136
1899020 136
1899030 136
1899040 136
1899050 136
1899060 136
1899070 136
1899080 136
1899090 136
1899100 136
1899110 136
1899120 136
1899130 136
1899140 136
1899150 136
1899160 136
1899170 136
1899180 136
1899190 136
1899200 136
1899210 136
1899220 136
1899230 136
1899240 136
1899250 136
1899260 136
1899270 136
1899280 136
1899290 136
1899300 136
1899310 136
1899320 136
1899330 136
1899340 136
1899350 136
1899360 136
1899370 136
1899380 136
1899390 136
1899400 136
1899410 136
1899420 136
1899430 136
1899440 136
1899450 136
1899460 136
1899470 136
1899480 135
1899490 135
1899500 135
1899510 135
1899520 135
1899530 135
1899540 136
1899550 136
1899560 136
1899570 136
1899580 136
1899590 136
1899600 136
1899610 136
1899620 135
1899630 135
1899640 135
1899650 136
1899660 136
1899670 136
1899680 136
1899690 136
1899700 136
1899710 136
1899720 135
1899730 135
1899740 135
1899750 134
1899760 134
1899770 134
1899780 135
1899790 135
1899800 135
1899810 135
1899820 135
1899830 135
1899840 135
1899850 135
1899860 135
1899870 135
1899880 135
1899890 135
1899900 135
1899910 135
1899920 135
1899930 135
1899940 135
1899950 135
1899960 135
1899970 135
1899980 135
1899990 136
