1880000 183
1880010 183
1880020 183
1880030 183
1880040 183
1880050 183
1880060 183
1880070 183
1880080 183
1880090 183
1880100 183
1880110 183
1880120 182
1880130 182
1880140 182
1880150 182
1880160 182
1880170 182
1880180 182
1880190 182
1880200 182
1880210 182
1880220 182
1880230 182
1880240 182
1880250 182
1880260 182
1880270 182
1880280 182
1880290 182
1880300 182
1880310 182
1880320 182
1880330 182
1880340 182
1880350 182
1880360 182
1880370 182
1880380 182
1880390 182
1880400 182
1880410 181
1880420 181
1880430 181
1880440 181
1880450 181
1880460 181
1880470 181
1880480 181
1880490 181
1880500 181
1880510 181
1880520 181
1880530 181
1880540 181
1880550 181
1880560 181
1880570 180
1880580 180
1880590 180
1880600 180
1880610 180
1880620 180
1880630 180
1880640 180
1880650 180
1880660 180
1880670 180
1880680 180
1880690 181
1880700 181
1880710 181
1880720 181
1880730 180
1880740 181
1880750 181
1880760 181
1880770 181
1880780 182
1880790 182
1880800 182
1880810 182
1880820 182
1880830 182
1880840 182
1880850 182
1880860 182
1880870 182
1880880 182
1880890 182
1880900 182
1880910 182
1880920 182
1880930 182
1880940 182
1880950 182
1880960 182
1880970 182
1880980 182
1880990 182
1881000 182
1881010 183
1881020 183
1881030 183
1881040 183
1881050 183
1881060 183
1881070 183
1881080 183
1881090 183
1881100 183
1881110 183
1881120 183
1881130 183
1881140 183
1881150 183
1881160 183
1881170 183
1881180 183
1881190 183
1881200 183
1881210 183
1881220 183
1881230 183
1881240 183
1881250 183
1881260 183
1881270 183
1881280 183
1881290 183
1881300 183
1881310 183
1881320 183
1881330 183
1881340 183
1881350 183
1881360 183
1881370 183
1881380 183
1881390 183
1881400 183
1881410 183
1881420 183
1881430 183
1881440 183
1881450 183
1881460 183
1881470 183
1881480 183
1881490 183
1881500 183
1881510 183
1881520 183
1881530 183
1881540 183
1881550 183
1881560 183
1881570 183
1881580 183
1881590 183
1881600 183
1881610 183
1881620 183
1881630 183
1881640 183
1881650 183
1881660 183
1881670 182
1881680 182
1881690 182
1881700 182
1881710 182
1881720 182
1881730 182
1881740 182
1881750 182
1881760 182
1881770 182
1881780 182
1881790 182
1881800 182
1881810 182
1881820 182
1881830 182
1881840 182
1881850 182
1881860 182
1881870 182
1881880 182
1881890 182
1881900 182
1881910 182
1881920 182
1881930 182
1881940 183
1881950 183
1881960 183
1881970 182
1881980 182
1881990 182
1882000 182
1882010 183
1882020 183
1882030 183
1882040 183
1882050 183
1882060 183
1882070 183
1882080 183
1882090 183
1882100 183
1882110 183
1882120 183
1882130 183
1882140 183
1882150 183
1882160 183
1882170 183
1882180 183
1882190 183
1882200 183
1882210 183
1882220 183
1882230 183
1882240 183
1882250 183
1882260 183
1882270 183
1882280 183
1882290 183
1882300 183
1882310 183
1882320 183
1882330 183
1882340 183
1882350 183
1882360 183
1882370 183
1882380 183
1882390 183
1882400 182
1882410 182
1882420 182
1882430 182
1882440 183
1882450 183
1882460 182
1882470 182
1882480 182
1882490 182
1882500 182
1882510 182
1882520 182
1882530 182
1882540 182
1882550 182
1882560 182
1882570 182
1882580 182
1882590 182
1882600 182
1882610 182
1882620 182
1882630 182
1882640 182
1882650 182
1882660 182
1882670 182
1882680 181
1882690 181
1882700 181
1882710 181
1882720 181
1882730 181
1882740 181
1882750 181
1882760 181
1882770 181
1882780 181
1882790 181
1882800 181
1882810 181
1882820 181
1882830 181
1882840 181
1882850 181
1882860 181
1882870 181
1882880 181
1882890 180
1882900 180
1882910 180
1882920 180
1882930 180
1882940 180
1882950 180
1882960 180
1882970 180
1882980 180
1882990 180
1883000 180
1883010 180
1883020 180
1883030 180
1883040 179
1883050 179
1883060 179
1883070 179
1883080 179
1883090 178
1883100 178
1883110 178
1883120 178
1883130 177
1883140 177
1883150 177
1883160 176
1883170 176
1883180 176
1883190 175
1883200 175
1883210 175
1883220 174
1883230 174
1883240 173
1883250 172
1883260 172
1883270 171
1883280 171
1883290 171
1883300 170
1883310 170
1883320 170
1883330 170
1883340 170
1883350 170
1883360 170
1883370 170
1883380 170
1883390 170
1883400 170
1883410 170
1883420 170
1883430 170
1883440 170
1883450 170
1883460 170
1883470 170
1883480 170
1883490 170
1883500 170
1883510 171
1883520 171
1883530 171
1883540 171
1883550 172
1883560 172
1883570 172
1883580 173
1883590 173
1883600 173
1883610 174
1883620 174
1883630 174
1883640 175
1883650 175
1883660 176
1883670 178
1883680 178
1883690 179
1883700 179
1883710 179
1883720 180
1883730 180
1883740 180
1883750 181
1883760 181
1883770 181
1883780 182
1883790 182
1883800 182
1883810 182
1883820 182
1883830 182
1883840 182
1883850 181
1883860 181
1883870 180
1883880 180
1883890 180
1883900 180
1883910 180
1883920 180
1883930 178
1883940 178
1883950 178
1883960 178
1883970 178
1883980 178
1883990 178
1884000 178
1884010 178
1884020 178
1884030 178
1884040 178
1884050 178
1884060 178
1884070 178
1884080 179
1884090 179
1884100 179
1884110 179
1884120 180
1884130 180
1884140 180
1884150 180
1884160 180
1884170 180
1884180 181
1884190 181
1884200 181
1884210 181
1884220 181
1884230 181
1884240 181
1884250 181
1884260 181
1884270 181
1884280 181
1884290 181
1884300 181
1884310 181
1884320 181
1884330 182
1884340 182
1884350 182
1884360 182
1884370 182
1884380 182
1884390 182
1884400 182
1884410 182
1884420 182
1884430 182
1884440 183
1884450 183
1884460 183
1884470 183
1884480 183
1884490 183
1884500 184
1884510 184
1884520 184
1884530 184
1884540 184
1884550 184
1884560 184
1884570 185
1884580 185
1884590 185
1884600 185
1884610 185
1884620 185
1884630 185
1884640 185
1884650 186
1884660 186
1884670 186
1884680 186
1884690 187
1884700 187
1884710 187
1884720 187
1884730 187
1884740 187
1884750 188
1884760 188
1884770 188
1884780 188
1884790 188
1884800 188
1884810 189
1884820 189
1884830 188
1884840 188
1884850 188
1884860 188
1884870 189
1884880 189
1884890 189
1884900 189
1884910 189
1884920 189
1884930 190
1884940 190
1884950 190
1884960 190
1884970 190
1884980 190
1884990 190
1885000 190
1885010 190
1885020 191
1885030 191
1885040 191
1885050 191
1885060 191
1885070 191
1885080 191
1885090 191
1885100 191
1885110 192
1885120 192
1885130 192
1885140 192
1885150 192
1885160 192
1885170 192
1885180 192
1885190 192
1885200 192
1885210 192
1885220 192
1885230 193
1885240 193
1885250 193
1885260 193
1885270 193
1885280 193
1885290 193
1885300 193
1885310 193
1885320 194
1885330 194
1885340 194
1885350 194
1885360 194
1885370 194
1885380 194
1885390 195
1885400 195
1885410 195
1885420 195
1885430 195
1885440 195
1885450 195
1885460 195
1885470 196
1885480 196
1885490 196
1885500 196
1885510 196
1885520 196
1885530 196
1885540 197
1885550 197
1885560 197
1885570 197
1885580 197
1885590 197
1885600 197
1885610 197
1885620 198
1885630 198
1885640 198
1885650 198
1885660 198
1885670 198
1885680 198
1885690 198
1885700 198
1885710 199
1885720 199
1885730 199
1885740 199
1885750 199
1885760 199
1885770 199
1885780 199
1885790 199
1885800 200
1885810 200
1885820 200
1885830 200
1885840 200
1885850 200
1885860 200
1885870 201
1885880 201
1885890 201
1885900 201
1885910 201
1885920 202
1885930 202
1885940 202
1885950 203
1885960 203
1885970 203
1885980 203
1885990 203
1886000 203
1886010 203
1886020 203
1886030 203
1886040 204
1886050 204
1886060 204
1886070 204
1886080 204
1886090 204
1886100 204
1886110 205
1886120 205
1886130 205
1886140 205
1886150 205
1886160 206
1886170 206
1886180 206
1886190 207
1886200 207
1886210 207
1886220 208
1886230 208
1886240 208
1886250 209
1886260 209
1886270 209
1886280 209
1886290 210
1886300 210
1886310 210
1886320 211
1886330 211
1886340 211
1886350 212
1886360 212
1886370 212
1886380 213
1886390 213
1886400 213
1886410 213
1886420 213
1886430 214
1886440 214
1886450 214
1886460 214
1886470 215
1886480 215
1886490 215
1886500 215
1886510 215
1886520 215
1886530 215
1886540 215
1886550 215
1886560 215
1886570 216
1886580 216
1886590 216
1886600 216
1886610 216
1886620 216
1886630 216
1886640 216
1886650 216
1886660 216
1886670 216
1886680 216
1886690 216
1886700 217
1886710 217
1886720 217
1886730 217
1886740 218
1886750 218
1886760 218
1886770 218
1886780 218
1886790 219
1886800 219
1886810 219
1886820 219
1886830 219
1886840 219
1886850 220
1886860 220
1886870 220
1886880 220
1886890 221
1886900 221
1886910 221
1886920 221
1886930 221
1886940 221
1886950 222
1886960 222
1886970 222
1886980 222
1886990 222
1887000 222
1887010 223
1887020 223
1887030 223
1887040 224
1887050 224
1887060 224
1887070 224
1887080 224
1887090 225
1887100 225
1887110 225
1887120 225
1887130 225
1887140 225
1887150 225
1887160 226
1887170 226
1887180 226
1887190 226
1887200 226
1887210 226
1887220 226
1887230 226
1887240 226
1887250 227
1887260 227
1887270 227
1887280 227
1887290 227
1887300 227
1887310 227
1887320 228
1887330 228
1887340 228
1887350 228
1887360 228
1887370 228
1887380 229
1887390 229
1887400 229
1887410 229
1887420 229
1887430 229
1887440 230
1887450 230
1887460 230
1887470 230
1887480 230
1887490 230
1887500 231
1887510 231
1887520 231
1887530 231
1887540 231
1887550 232
1887560 232
1887570 232
1887580 232
1887590 233
1887600 233
1887610 233
1887620 233
1887630 233
1887640 234
1887650 234
1887660 234
1887670 234
1887680 234
1887690 234
1887700 235
1887710 235
1887720 235
1887730 235
1887740 236
1887750 236
1887760 236
1887770 236
1887780 236
1887790 237
1887800 237
1887810 237
1887820 237
1887830 238
1887840 238
1887850 238
1887860 239
1887870 239
1887880 239
1887890 240
1887900 240
1887910 241
1887920 241
1887930 241
1887940 241
1887950 242
1887960 242
1887970 242
1887980 243
1887990 243
1888000 243
1888010 244
1888020 244
1888030 244
1888040 244
1888050 244
1888060 245
1888070 245
1888080 245
1888090 245
1888100 246
1888110 246
1888120 246
1888130 247
1888140 247
1888150 247
1888160 248
1888170 248
1888180 248
1888190 249
1888200 249
1888210 249
1888220 250
1888230 250
1888240 250
1888250 250
1888260 250
1888270 251
1888280 251
1888290 251
1888300 252
1888310 252
1888320 252
1888330 253
1888340 253
1888350 253
1888360 253
1888370 254
1888380 254
1888390 254
1888400 254
1888410 254
1888420 254
1888430 255
1888440 255
1888450 255
1888460 255
1888470 255
1888480 255
1888490 255
1888500 256
1888510 255
1888520 255
1888530 255
1888540 255
1888550 254
1888560 254
1888570 254
1888580 253
1888590 253
1888600 253
1888610 253
1888620 253
1888630 253
1888640 253
1888650 253
1888660 253
1888670 253
1888680 253
1888690 252
1888700 252
1888710 252
1888720 251
1888730 250
1888740 250
1888750 250
1888760 250
1888770 250
1888780 249
1888790 249
1888800 249
1888810 249
1888820 250
1888830 250
1888840 250
1888850 250
1888860 250
1888870 251
1888880 251
1888890 251
1888900 253
1888910 255
1888920 255
1888930 258
1888940 260
1888950 260
1888960 263
1888970 265
1888980 265
1888990 267
1889000 267
1889010 267
1889020 267
1889030 265
1889040 265
1889050 264
1889060 262
1889070 262
1889080 261
1889090 259
1889100 259
1889110 259
1889120 258
1889130 258
1889140 259
1889150 259
1889160 259
1889170 259
1889180 259
1889190 259
1889200 260
1889210 260
1889220 260
1889230 261
1889240 262
1889250 262
1889260 263
1889270 265
1889280 265
1889290 266
1889300 268
1889310 268
1889320 269
1889330 270
1889340 270
1889350 272
1889360 273
1889370 273
1889380 274
1889390 275
1889400 275
1889410 276
1889420 276
1889430 276
1889440 276
1889450 275
1889460 275
1889470 274
1889480 272
1889490 272
1889500 271
1889510 270
1889520 270
1889530 269
1889540 268
1889550 268
1889560 266
1889570 266
1889580 266
1889590 265
1889600 264
1889610 264
1889620 263
1889630 263
1889640 263
1889650 262
1889660 263
1889670 263
1889680 263
1889690 264
1889700 264
1889710 264
1889720 265
1889730 265
1889740 265
1889750 265
1889760 265
1889770 265
1889780 267
1889790 267
1889800 267
1889810 267
1889820 267
1889830 267
1889840 266
1889850 266
1889860 266
1889870 266
1889880 266
1889890 266
1889900 265
1889910 265
1889920 265
1889930 264
1889940 263
1889950 263
1889960 263
1889970 262
1889980 262
1889990 261
1890000 260
1890010 260
1890020 259
1890030 257
1890040 257
1890050 256
1890060 254
1890070 254
1890080 253
1890090 251
1890100 250
1890110 248
1890120 246
1890130 246
1890140 244
1890150 242
1890160 242
1890170 240
1890180 239
1890190 239
1890200 238
1890210 238
1890220 238
1890230 237
1890240 237
1890250 237
1890260 237
1890270 237
1890280 237
1890290 237
1890300 237
1890310 237
1890320 237
1890330 236
1890340 236
1890350 236
1890360 235
1890370 235
1890380 235
1890390 234
1890400 234
1890410 235
1890420 235
1890430 235
1890440 235
1890450 236
1890460 236
1890470 237
1890480 239
1890490 239
1890500 241
1890510 242
1890520 242
1890530 245
1890540 247
1890550 247
1890560 249
1890570 251
1890580 251
1890590 253
1890600 254
1890610 254
1890620 256
1890630 257
1890640 257
1890650 258
1890660 259
1890670 259
1890680 260
1890690 261
1890700 261
1890710 261
1890720 262
1890730 264
1890740 264
1890750 265
1890760 265
1890770 265
1890780 266
1890790 266
1890800 266
1890810 266
1890820 266
1890830 266
1890840 266
1890850 266
1890860 265
1890870 265
1890880 265
1890890 264
1890900 264
1890910 264
1890920 263
1890930 264
1890940 264
1890950 264
1890960 265
1890970 265
1890980 265
1890990 267
1891000 267
1891010 267
1891020 267
1891030 267
1891040 267
1891050 269
1891060 269
1891070 269
1891080 269
1891090 269
1891100 268
1891110 268
1891120 268
1891130 268
1891140 267
1891150 267
1891160 267
1891170 268
1891180 268
1891190 268
1891200 270
1891210 270
1891220 270
1891230 271
1891240 271
1891250 272
1891260 273
1891270 273
1891280 273
1891290 274
1891300 274
1891310 274
1891320 275
1891330 275
1891340 275
1891350 276
1891360 276
1891370 278
1891380 279
1891390 279
1891400 279
1891410 280
1891420 280
1891430 280
1891440 281
1891450 281
1891460 281
1891470 281
1891480 281
1891490 281
1891500 281
1891510 281
1891520 281
1891530 281
1891540 281
1891550 281
1891560 281
1891570 281
1891580 280
1891590 280
1891600 280
1891610 280
1891620 279
1891630 279
1891640 279
1891650 278
1891660 278
1891670 278
1891680 277
1891690 277
1891700 277
1891710 276
1891720 276
1891730 276
1891740 275
1891750 275
1891760 274
1891770 274
1891780 274
1891790 273
1891800 272
1891810 272
1891820 272
1891830 271
1891840 271
1891850 271
1891860 270
1891870 270
1891880 270
1891890 270
1891900 270
1891910 269
1891920 269
1891930 269
1891940 269
1891950 268
1891960 268
1891970 268
1891980 267
1891990 267
1892000 267
1892010 266
1892020 266
1892030 266
1892040 265
1892050 265
1892060 265
1892070 265
1892080 265
1892090 264
1892100 264
1892110 264
1892120 264
1892130 263
1892140 263
1892150 263
1892160 262
1892170 262
1892180 262
1892190 262
1892200 262
1892210 262
1892220 263
1892230 263
1892240 263
1892250 264
1892260 265
1892270 265
1892280 266
1892290 267
1892300 267
1892310 268
1892320 269
1892330 269
1892340 269
1892350 270
1892360 270
1892370 270
1892380 271
1892390 271
1892400 271
1892410 272
1892420 272
1892430 272
1892440 272
1892450 272
1892460 273
1892470 273
1892480 273
1892490 274
1892500 274
1892510 274
1892520 274
1892530 274
1892540 274
1892550 273
1892560 272
1892570 272
1892580 272
1892590 272
1892600 272
1892610 271
1892620 270
1892630 270
1892640 270
1892650 269
1892660 269
1892670 268
1892680 267
1892690 267
1892700 265
1892710 263
1892720 263
1892730 260
1892740 259
1892750 259
1892760 259
1892770 261
1892780 261
1892790 262
1892800 263
1892810 263
1892820 264
1892830 266
1892840 266
1892850 266
1892860 267
1892870 267
1892880 267
1892890 267
1892900 267
1892910 268
1892920 269
1892930 269
1892940 270
1892950 271
1892960 272
1892970 272
1892980 272
1892990 272
1893000 273
1893010 274
1893020 274
1893030 274
1893040 275
1893050 275
1893060 275
1893070 276
1893080 276
1893090 276
1893100 277
1893110 277
1893120 278
1893130 279
1893140 279
1893150 279
1893160 280
1893170 280
1893180 280
1893190 281
1893200 281
1893210 282
1893220 283
1893230 283
1893240 284
1893250 284
1893260 284
1893270 287
1893280 288
1893290 288
1893300 289
1893310 290
1893320 290
1893330 290
1893340 291
1893350 291
1893360 292
1893370 292
1893380 292
1893390 293
1893400 293
1893410 293
1893420 293
1893430 292
1893440 292
1893450 291
1893460 290
1893470 290
1893480 288
1893490 287
1893500 287
1893510 285
1893520 284
1893530 284
1893540 282
1893550 280
1893560 280
1893570 278
1893580 276
1893590 275
1893600 273
1893610 271
1893620 271
1893630 268
1893640 265
1893650 265
1893660 262
1893670 259
1893680 259
1893690 255
1893700 251
1893710 251
1893720 247
1893730 244
1893740 244
1893750 242
1893760 239
1893770 239
1893780 238
1893790 237
1893800 237
1893810 238
1893820 240
1893830 240
1893840 244
1893850 248
1893860 248
1893870 251
1893880 256
1893890 256
1893900 260
1893910 266
1893920 266
1893930 271
1893940 276
1893950 276
1893960 279
1893970 282
1893980 282
1893990 284
1894000 287
1894010 287
1894020 289
1894030 288
1894040 288
1894050 287
1894060 286
1894070 286
1894080 285
1894090 283
1894100 283
1894110 280
1894120 279
1894130 279
1894140 277
1894150 277
1894160 277
1894170 276
1894180 274
1894190 274
1894200 274
1894210 273
1894220 274
1894230 273
1894240 272
1894250 272
1894260 271
1894270 269
1894280 269
1894290 267
1894300 267
1894310 267
1894320 266
1894330 265
1894340 265
1894350 263
1894360 261
1894370 261
1894380 257
1894390 254
1894400 254
1894410 247
1894420 242
1894430 242
1894440 242
1894450 242
1894460 242
1894470 243
1894480 246
1894490 246
1894500 248
1894510 251
1894520 251
1894530 252
1894540 256
1894550 256
1894560 257
1894570 257
1894580 257
1894590 256
1894600 255
1894610 255
1894620 253
1894630 251
1894640 251
1894650 248
1894660 244
1894670 244
1894680 240
1894690 236
1894700 231
1894710 231
1894720 227
1894730 226
1894740 226
1894750 227
1894760 229
1894770 229
1894780 231
1894790 231
1894800 231
1894810 233
1894820 237
1894830 237
1894840 239
1894850 241
1894860 241
1894870 241
1894880 241
1894890 241
1894900 240
1894910 238
1894920 238
1894930 238
1894940 236
1894950 236
1894960 236
1894970 235
1894980 235
1894990 236
1895000 236
1895010 236
1895020 234
1895030 233
1895040 233
1895050 232
1895060 229
1895070 229
1895080 226
1895090 224
1895100 224
1895110 221
1895120 218
1895130 218
1895140 216
1895150 214
1895160 214
1895170 211
1895180 214
1895190 214
1895200 219
1895210 224
1895220 224
1895230 228
1895240 231
1895250 231
1895260 234
1895270 235
1895280 235
1895290 236
1895300 236
1895310 236
1895320 236
1895330 237
1895340 237
1895350 238
1895360 238
1895370 238
1895380 239
1895390 239
1895400 239
1895410 239
1895420 239
1895430 239
1895440 239
1895450 240
1895460 240
1895470 241
1895480 241
1895490 241
1895500 240
1895510 238
1895520 238
1895530 235
1895540 234
1895550 234
1895560 231
1895570 229
1895580 229
1895590 229
1895600 229
1895610 229
1895620 230
1895630 232
1895640 232
1895650 233
1895660 235
1895670 235
1895680 236
1895690 237
1895700 237
1895710 238
1895720 239
1895730 239
1895740 240
1895750 242
1895760 242
1895770 244
1895780 243
1895790 243
1895800 245
1895810 246
1895820 246
1895830 247
1895840 248
1895850 248
1895860 249
1895870 249
1895880 249
1895890 249
1895900 249
1895910 249
1895920 249
1895930 250
1895940 250
1895950 250
1895960 251
1895970 251
1895980 250
1895990 250
1896000 250
1896010 250
1896020 250
1896030 250
1896040 249
1896050 248
1896060 248
1896070 248
1896080 247
1896090 247
1896100 247
1896110 248
1896120 248
1896130 247
1896140 247
1896150 247
1896160 246
1896170 245
1896180 245
1896190 245
1896200 245
1896210 245
1896220 244
1896230 244
1896240 244
1896250 243
1896260 242
1896270 242
1896280 241
1896290 240
1896300 240
1896310 239
1896320 239
1896330 239
1896340 238
1896350 236
1896360 236
1896370 235
1896380 233
1896390 233
1896400 230
1896410 228
1896420 228
1896430 224
1896440 222
1896450 222
1896460 219
1896470 217
1896480 217
1896490 214
1896500 211
1896510 211
1896520 210
1896530 207
1896540 207
1896550 205
1896560 202
1896570 202
1896580 199
1896590 195
1896600 195
1896610 192
1896620 188
1896630 188
1896640 185
1896650 183
1896660 183
1896670 181
1896680 178
1896690 178
1896700 176
1896710 175
1896720 175
1896730 174
1896740 169
1896750 169
1896760 168
1896770 167
1896780 167
1896790 164
1896800 160
1896810 160
1896820 156
1896830 153
1896840 153
1896850 150
1896860 146
1896870 146
1896880 144
1896890 141
1896900 141
1896910 139
1896920 137
1896930 137
1896940 136
1896950 136
1896960 136
1896970 137
1896980 137
1896990 137
1897000 136
1897010 136
1897020 136
1897030 136
1897040 136
1897050 136
1897060 136
1897070 136
1897080 136
1897090 137
1897100 137
1897110 137
1897120 137
1897130 137
1897140 137
1897150 137
1897160 137
1897170 137
1897180 137
1897190 137
1897200 137
1897210 137
1897220 137
1897230 137
1897240 137
1897250 137
1897260 137
1897270 137
1897280 137
1897290 137
1897300 137
1897310 137
1897320 137
1897330 137
1897340 137
1897350 137
1897360 137
1897370 137
1897380 137
1897390 137
1897400 137
1897410 136
1897420 136
1897430 136
1897440 136
1897450 136
1897460 136
1897470 136
1897480 136
1897490 136
1897500 136
1897510 136
1897520 136
1897530 136
1897540 136
1897550 136
1897560 136
1897570 136
1897580 136
1897590 136
1897600 136
1897610 136
1897620 136
1897630 136
1897640 136
1897650 136
1897660 136
1897670 136
1897680 136
1897690 136
1897700 136
1897710 136
1897720 136
1897730 136
1897740 136
1897750 136
1897760 136
1897770 135
1897780 135
1897790 135
1897800 135
1897810 135
1897820 135
1897830 135
1897840 135
1897850 136
1897860 136
1897870 136
1897880 137
1897890 137
1897900 137
1897910 137
1897920 137
1897930 137
1897940 137
1897950 137
1897960 137
1897970 137
1897980 137
1897990 137
1898000 137
1898010 137
1898020 137
1898030 137
1898040 137
1898050 137
1898060 137
1898070 137
1898080 137
1898090 137
1898100 137
1898110 137
1898120 137
1898130 137
1898140 137
1898150 137
1898160 137
1898170 137
1898180 137
1898190 137
1898200 137
1898210 136
1898220 136
1898230 136
1898240 136
1898250 136
1898260 136
1898270 136
1898280 136
1898290 136
1898300 136
1898310 136
1898320 136
1898330 136
1898340 136
1898350 136
1898360 136
1898370 136
1898380 136
1898390 136
1898400 136
1898410 136
1898420 136
1898430 136
1898440 136
1898450 136
1898460 136
1898470 136
1898480 136
1898490 136
1898500 136
1898510 136
1898520 136
1898530 136
1898540 136
1898550 136
1898560 136
1898570 136
1898580 134
1898590 134
1898600 134
1898610 134
1898620 134
1898630 134
1898640 134
1898650 134
1898660 134
1898670 134
1898680 134
1898690 133
1898700 132
1898710 132
1898720 132
1898730 132
1898740 132
1898750 132
1898760 132
1898770 132
1898780 132
1898790 132
1898800 132
1898810 133
1898820 134
1898830 134
1898840 136
1898850 136
1898860 136
1898870 136
1898880 136
1898890 136
1898900 136
1898910 136
1898920 136
1898930 136
1898940 136
1898950 136
1898960 136
1898970 136
1898980 136
1898990 136
1899000 136
1899010 136
1899020 136
1899030 136
1899040 136
1899050 136
1899060 136
1899070 136
1899080 136
1899090 136
1899100 136
1899110 136
1899120 136
1899130 136
1899140 136
1899150 136
1899160 136
1899170 136
1899180 136
1899190 136
1899200 136
1899210 136
1899220 136
1899230 136
1899240 136
1899250 136
1899260 136
1899270 136
1899280 136
1899290 136
1899300 135
1899310 135
1899320 135
1899330 135
1899340 135
1899350 135
1899360 135
1899370 135
1899380 135
1899390 135
1899400 135
1899410 135
1899420 135
1899430 135
1899440 135
1899450 135
1899460 135
1899470 135
1899480 135
1899490 135
1899500 135
1899510 135
1899520 135
1899530 135
1899540 134
1899550 134
1899560 134
1899570 135
1899580 135
1899590 135
1899600 136
1899610 136
1899620 136
1899630 136
1899640 136
1899650 136
1899660 136
1899670 136
1899680 136
1899690 136
1899700 136
1899710 136
1899720 136
1899730 136
1899740 136
1899750 136
1899760 136
1899770 136
1899780 136
1899790 136
1899800 136
1899810 136
1899820 136
1899830 136
1899840 136
1899850 136
1899860 136
1899870 137
1899880 137
1899890 137
1899900 136
1899910 136
1899920 136
1899930 136
1899940 136
1899950 136
1899960 136
1899970 136
1899980 136
1899990 136
