1880000 180
1880010 180
1880020 180
1880030 180
1880040 180
1880050 180
1880060 180
1880070 180
1880080 180
1880090 180
1880100 180
1880110 180
1880120 180
1880130 180
1880140 180
1880150 180
1880160 180
1880170 180
1880180 180
1880190 180
1880200 180
1880210 180
1880220 180
1880230 180
1880240 180
1880250 180
1880260 180
1880270 180
1880280 181
1880290 181
1880300 181
1880310 181
1880320 181
1880330 181
1880340 181
1880350 181
1880360 181
1880370 181
1880380 181
1880390 181
1880400 181
1880410 181
1880420 181
1880430 181
1880440 181
1880450 181
1880460 181
1880470 181
1880480 181
1880490 181
1880500 181
1880510 181
1880520 180
1880530 180
1880540 180
1880550 180
1880560 180
1880570 180
1880580 180
1880590 180
1880600 180
1880610 180
1880620 180
1880630 180
1880640 180
1880650 179
1880660 179
1880670 179
1880680 179
1880690 179
1880700 178
1880710 178
1880720 178
1880730 178
1880740 177
1880750 177
1880760 177
1880770 176
1880780 176
1880790 176
1880800 175
1880810 175
1880820 175
1880830 174
1880840 174
1880850 174
1880860 173
1880870 173
1880880 173
1880890 173
1880900 173
1880910 172
1880920 172
1880930 172
1880940 172
1880950 172
1880960 172
1880970 172
1880980 172
1880990 172
1881000 172
1881010 173
1881020 173
1881030 173
1881040 174
1881050 174
1881060 174
1881070 175
1881080 175
1881090 176
1881100 176
1881110 176
1881120 177
1881130 178
1881140 178
1881150 178
1881160 178
1881170 178
1881180 178
1881190 178
1881200 178
1881210 178
1881220 179
1881230 179
1881240 179
1881250 179
1881260 179
1881270 178
1881280 178
1881290 178
1881300 178
1881310 178
1881320 178
1881330 178
1881340 178
1881350 178
1881360 178
1881370 177
1881380 177
1881390 177
1881400 177
1881410 177
1881420 176
1881430 176
1881440 176
1881450 176
1881460 176
1881470 176
1881480 176
1881490 176
1881500 176
1881510 177
1881520 177
1881530 177
1881540 177
1881550 178
1881560 178
1881570 178
1881580 179
1881590 179
1881600 179
1881610 179
1881620 179
1881630 180
1881640 180
1881650 180
1881660 180
1881670 180
1881680 180
1881690 180
1881700 181
1881710 181
1881720 180
1881730 180
1881740 180
1881750 180
1881760 180
1881770 180
1881780 180
1881790 180
1881800 180
1881810 180
1881820 180
1881830 180
1881840 179
1881850 179
1881860 179
1881870 179
1881880 179
1881890 179
1881900 178
1881910 178
1881920 178
1881930 178
1881940 178
1881950 177
1881960 177
1881970 177
1881980 177
1881990 176
1882000 176
1882010 176
1882020 175
1882030 175
1882040 175
1882050 174
1882060 174
1882070 174
1882080 174
1882090 173
1882100 173
1882110 173
1882120 173
1882130 173
1882140 172
1882150 172
1882160 172
1882170 172
1882180 172
1882190 172
1882200 172
1882210 173
1882220 173
1882230 173
1882240 174
1882250 174
1882260 174
1882270 173
1882280 173
1882290 173
1882300 172
1882310 172
1882320 172
1882330 172
1882340 172
1882350 172
1882360 172
1882370 172
1882380 171
1882390 171
1882400 171
1882410 171
1882420 170
1882430 170
1882440 170
1882450 169
1882460 169
1882470 169
1882480 168
1882490 168
1882500 168
1882510 167
1882520 167
1882530 167
1882540 167
1882550 167
1882560 167
1882570 167
1882580 167
1882590 166
1882600 166
1882610 166
1882620 166
1882630 165
1882640 165
1882650 165
1882660 165
1882670 165
1882680 165
1882690 165
1882700 165
1882710 165
1882720 165
1882730 165
1882740 165
1882750 165
1882760 165
1882770 165
1882780 165
1882790 165
1882800 165
1882810 165
1882820 165
1882830 165
1882840 165
1882850 166
1882860 166
1882870 166
1882880 166
1882890 166
1882900 166
1882910 166
1882920 166
1882930 167
1882940 167
1882950 167
1882960 168
1882970 168
1882980 168
1882990 168
1883000 168
1883010 168
1883020 168
1883030 168
1883040 168
1883050 169
1883060 169
1883070 169
1883080 169
1883090 169
1883100 169
1883110 169
1883120 169
1883130 169
1883140 170
1883150 170
1883160 170
1883170 170
1883180 170
1883190 170
1883200 170
1883210 171
1883220 171
1883230 171
1883240 172
1883250 171
1883260 172
1883270 172
1883280 172
1883290 172
1883300 173
1883310 173
1883320 173
1883330 173
1883340 173
1883350 173
1883360 173
1883370 173
1883380 174
1883390 174
1883400 174
1883410 174
1883420 174
1883430 174
1883440 175
1883450 175
1883460 175
1883470 175
1883480 175
1883490 175
1883500 176
1883510 177
1883520 177
1883530 177
1883540 177
1883550 177
1883560 176
1883570 177
1883580 177
1883590 177
1883600 177
1883610 177
1883620 177
1883630 177
1883640 177
1883650 178
1883660 178
1883670 178
1883680 178
1883690 179
1883700 179
1883710 179
1883720 179
1883730 179
1883740 179
1883750 180
1883760 180
1883770 180
1883780 180
1883790 180
1883800 181
1883810 181
1883820 181
1883830 181
1883840 181
1883850 181
1883860 181
1883870 181
1883880 181
1883890 181
1883900 181
1883910 181
1883920 181
1883930 181
1883940 181
1883950 182
1883960 182
1883970 182
1883980 182
1883990 182
1884000 182
1884010 182
1884020 182
1884030 182
1884040 182
1884050 183
1884060 183
1884070 183
1884080 183
1884090 183
1884100 183
1884110 184
1884120 184
1884130 184
1884140 184
1884150 184
1884160 184
1884170 184
1884180 184
1884190 185
1884200 185
1884210 185
1884220 185
1884230 185
1884240 185
1884250 186
1884260 186
1884270 186
1884280 186
1884290 186
1884300 186
1884310 187
1884320 187
1884330 187
1884340 187
1884350 187
1884360 187
1884370 188
1884380 188
1884390 188
1884400 189
1884410 189
1884420 189
1884430 190
1884440 190
1884450 190
1884460 190
1884470 190
1884480 190
1884490 190
1884500 190
1884510 190
1884520 190
1884530 190
1884540 190
1884550 190
1884560 190
1884570 190
1884580 190
1884590 191
1884600 191
1884610 191
1884620 191
1884630 191
1884640 191
1884650 192
1884660 192
1884670 192
1884680 192
1884690 192
1884700 192
1884710 193
1884720 193
1884730 193
1884740 193
1884750 193
1884760 194
1884770 194
1884780 194
1884790 194
1884800 194
1884810 194
1884820 195
1884830 195
1884840 195
1884850 196
1884860 196
1884870 196
1884880 197
1884890 197
1884900 197
1884910 197
1884920 198
1884930 198
1884940 198
1884950 199
1884960 199
1884970 199
1884980 200
1884990 200
1885000 200
1885010 200
1885020 200
1885030 201
1885040 202
1885050 202
1885060 202
1885070 202
1885080 202
1885090 203
1885100 203
1885110 203
1885120 203
1885130 203
1885140 203
1885150 203
1885160 203
1885170 204
1885180 204
1885190 204
1885200 204
1885210 204
1885220 205
1885230 205
1885240 205
1885250 205
1885260 205
1885270 205
1885280 205
1885290 205
1885300 205
1885310 205
1885320 205
1885330 205
1885340 206
1885350 206
1885360 206
1885370 206
1885380 206
1885390 206
1885400 207
1885410 207
1885420 207
1885430 207
1885440 208
1885450 208
1885460 208
1885470 209
1885480 209
1885490 209
1885500 209
1885510 209
1885520 210
1885530 210
1885540 210
1885550 210
1885560 210
1885570 210
1885580 211
1885590 211
1885600 211
1885610 212
1885620 212
1885630 212
1885640 213
1885650 213
1885660 213
1885670 214
1885680 214
1885690 214
1885700 214
1885710 215
1885720 215
1885730 215
1885740 215
1885750 215
1885760 216
1885770 216
1885780 216
1885790 216
1885800 217
1885810 217
1885820 217
1885830 217
1885840 217
1885850 218
1885860 218
1885870 218
1885880 218
1885890 219
1885900 219
1885910 219
1885920 219
1885930 219
1885940 219
1885950 219
1885960 219
1885970 219
1885980 219
1885990 219
1886000 220
1886010 220
1886020 220
1886030 220
1886040 220
1886050 220
1886060 220
1886070 220
1886080 220
1886090 220
1886100 220
1886110 220
1886120 220
1886130 220
1886140 220
1886150 220
1886160 221
1886170 221
1886180 221
1886190 221
1886200 221
1886210 222
1886220 222
1886230 222
1886240 222
1886250 223
1886260 223
1886270 223
1886280 223
1886290 223
1886300 224
1886310 224
1886320 224
1886330 225
1886340 225
1886350 225
1886360 226
1886370 226
1886380 226
1886390 227
1886400 227
1886410 227
1886420 228
1886430 228
1886440 228
1886450 229
1886460 229
1886470 229
1886480 230
1886490 230
1886500 230
1886510 231
1886520 231
1886530 231
1886540 231
1886550 231
1886560 231
1886570 231
1886580 231
1886590 231
1886600 231
1886610 231
1886620 231
1886630 231
1886640 231
1886650 231
1886660 232
1886670 232
1886680 232
1886690 232
1886700 233
1886710 233
1886720 233
1886730 233
1886740 233
1886750 233
1886760 233
1886770 233
1886780 233
1886790 233
1886800 233
1886810 234
1886820 234
1886830 234
1886840 234
1886850 234
1886860 234
1886870 234
1886880 235
1886890 235
1886900 235
1886910 235
1886920 235
1886930 235
1886940 235
1886950 235
1886960 236
1886970 236
1886980 236
1886990 237
1887000 237
1887010 237
1887020 238
1887030 238
1887040 238
1887050 238
1887060 239
1887070 239
1887080 239
1887090 240
1887100 240
1887110 240
1887120 241
1887130 241
1887140 242
1887150 242
1887160 242
1887170 243
1887180 243
1887190 243
1887200 243
1887210 244
1887220 244
1887230 244
1887240 244
1887250 244
1887260 245
1887270 245
1887280 245
1887290 245
1887300 245
1887310 245
1887320 246
1887330 246
1887340 246
1887350 246
1887360 246
1887370 246
1887380 246
1887390 246
1887400 246
1887410 246
1887420 246
1887430 246
1887440 247
1887450 247
1887460 247
1887470 247
1887480 247
1887490 247
1887500 247
1887510 247
1887520 247
1887530 248
1887540 248
1887550 248
1887560 248
1887570 248
1887580 248
1887590 249
1887600 249
1887610 249
1887620 249
1887630 250
1887640 250
1887650 250
1887660 250
1887670 250
1887680 250
1887690 251
1887700 251
1887710 251
1887720 252
1887730 252
1887740 252
1887750 252
1887760 253
1887770 253
1887780 254
1887790 254
1887800 254
1887810 255
1887820 255
1887830 255
1887840 256
1887850 256
1887860 256
1887870 256
1887880 257
1887890 257
1887900 257
1887910 257
1887920 257
1887930 258
1887940 258
1887950 258
1887960 258
1887970 258
1887980 258
1887990 259
1888000 259
1888010 259
1888020 259
1888030 259
1888040 259
1888050 260
1888060 261
1888070 261
1888080 262
1888090 263
1888100 263
1888110 263
1888120 264
1888130 264
1888140 265
1888150 266
1888160 266
1888170 266
1888180 267
1888190 267
1888200 268
1888210 268
1888220 268
1888230 269
1888240 270
1888250 270
1888260 270
1888270 271
1888280 271
1888290 272
1888300 272
1888310 272
1888320 273
1888330 274
1888340 274
1888350 274
1888360 275
1888370 275
1888380 276
1888390 276
1888400 276
1888410 277
1888420 278
1888430 278
1888440 278
1888450 279
1888460 279
1888470 280
1888480 280
1888490 280
1888500 281
1888510 282
1888520 282
1888530 282
1888540 283
1888550 283
1888560 284
1888570 285
1888580 285
1888590 285
1888600 286
1888610 286
1888620 287
1888630 288
1888640 288
1888650 289
1888660 290
1888670 290
1888680 290
1888690 291
1888700 291
1888710 292
1888720 292
1888730 292
1888740 293
1888750 294
1888760 294
1888770 295
1888780 295
1888790 295
1888800 296
1888810 297
1888820 297
1888830 298
1888840 298
1888850 298
1888860 299
1888870 300
1888880 300
1888890 301
1888900 301
1888910 301
1888920 302
1888930 303
1888940 303
1888950 304
1888960 304
1888970 304
1888980 305
1888990 306
1889000 306
1889010 306
1889020 307
1889030 307
1889040 307
1889050 308
1889060 308
1889070 309
1889080 310
1889090 310
1889100 310
1889110 311
1889120 311
1889130 311
1889140 312
1889150 312
1889160 312
1889170 313
1889180 313
1889190 313
1889200 314
1889210 314
1889220 314
1889230 314
1889240 314
1889250 315
1889260 315
1889270 315
1889280 315
1889290 315
1889300 315
1889310 315
1889320 315
1889330 315
1889340 315
1889350 315
1889360 315
1889370 315
1889380 315
1889390 315
1889400 314
1889410 314
1889420 314
1889430 313
1889440 312
1889450 312
1889460 312
1889470 311
1889480 311
1889490 311
1889500 310
1889510 310
1889520 309
1889530 309
1889540 309
1889550 308
1889560 308
1889570 308
1889580 307
1889590 306
1889600 306
1889610 306
1889620 305
1889630 305
1889640 305
1889650 304
1889660 304
1889670 304
1889680 303
1889690 303
1889700 302
1889710 301
1889720 301
1889730 300
1889740 300
1889750 300
1889760 299
1889770 298
1889780 298
1889790 298
1889800 297
1889810 297
1889820 296
1889830 295
1889840 295
1889850 295
1889860 294
1889870 294
1889880 294
1889890 293
1889900 293
1889910 292
1889920 292
1889930 292
1889940 291
1889950 291
1889960 291
1889970 290
1889980 290
1889990 290
1890000 289
1890010 288
1890020 288
1890030 288
1890040 288
1890050 288
1890060 288
1890070 288
1890080 288
1890090 288
1890100 288
1890110 288
1890120 288
1890130 289
1890140 289
1890150 290
1890160 290
1890170 290
1890180 290
1890190 291
1890200 291
1890210 292
1890220 293
1890230 293
1890240 295
1890250 297
1890260 297
1890270 298
1890280 299
1890290 299
1890300 300
1890310 300
1890320 300
1890330 300
1890340 300
1890350 300
1890360 300
1890370 299
1890380 299
1890390 299
1890400 299
1890410 299
1890420 299
1890430 299
1890440 298
1890450 298
1890460 297
1890470 296
1890480 296
1890490 294
1890500 291
1890510 291
1890520 289
1890530 289
1890540 289
1890550 289
1890560 287
1890570 287
1890580 287
1890590 286
1890600 286
1890610 285
1890620 284
1890630 284
1890640 282
1890650 281
1890660 281
1890670 279
1890680 277
1890690 277
1890700 276
1890710 274
1890720 274
1890730 273
1890740 272
1890750 272
1890760 270
1890770 269
1890780 269
1890790 267
1890800 265
1890810 265
1890820 264
1890830 263
1890840 263
1890850 262
1890860 260
1890870 260
1890880 259
1890890 258
1890900 258
1890910 257
1890920 256
1890930 256
1890940 254
1890950 253
1890960 252
1890970 251
1890980 250
1890990 250
1891000 249
1891010 248
1891020 248
1891030 247
1891040 246
1891050 246
1891060 245
1891070 244
1891080 244
1891090 245
1891100 246
1891110 246
1891120 247
1891130 248
1891140 248
1891150 249
1891160 250
1891170 250
1891180 251
1891190 251
1891200 251
1891210 253
1891220 254
1891230 254
1891240 256
1891250 258
1891260 258
1891270 258
1891280 256
1891290 256
1891300 257
1891310 258
1891320 258
1891330 260
1891340 261
1891350 261
1891360 262
1891370 264
1891380 264
1891390 265
1891400 266
1891410 266
1891420 267
1891430 267
1891440 267
1891450 267
1891460 267
1891470 267
1891480 267
1891490 266
1891500 266
1891510 266
1891520 265
1891530 265
1891540 264
1891550 264
1891560 264
1891570 263
1891580 263
1891590 263
1891600 262
1891610 261
1891620 261
1891630 260
1891640 259
1891650 259
1891660 259
1891670 258
1891680 258
1891690 257
1891700 256
1891710 256
1891720 256
1891730 255
1891740 255
1891750 254
1891760 254
1891770 254
1891780 254
1891790 254
1891800 254
1891810 254
1891820 253
1891830 253
1891840 252
1891850 252
1891860 252
1891870 251
1891880 250
1891890 250
1891900 249
1891910 249
1891920 248
1891930 247
1891940 245
1891950 245
1891960 244
1891970 242
1891980 242
1891990 240
1892000 238
1892010 238
1892020 236
1892030 235
1892040 235
1892050 237
1892060 238
1892070 238
1892080 239
1892090 242
1892100 242
1892110 244
1892120 246
1892130 246
1892140 248
1892150 249
1892160 249
1892170 251
1892180 252
1892190 252
1892200 254
1892210 255
1892220 255
1892230 256
1892240 257
1892250 257
1892260 257
1892270 258
1892280 258
1892290 259
1892300 259
1892310 259
1892320 260
1892330 260
1892340 260
1892350 261
1892360 261
1892370 261
1892380 262
1892390 262
1892400 262
1892410 263
1892420 263
1892430 263
1892440 264
1892450 265
1892460 265
1892470 266
1892480 266
1892490 266
1892500 267
1892510 267
1892520 267
1892530 267
1892540 268
1892550 267
1892560 267
1892570 267
1892580 267
1892590 267
1892600 267
1892610 267
1892620 267
1892630 267
1892640 267
1892650 267
1892660 266
1892670 266
1892680 266
1892690 265
1892700 265
1892710 265
1892720 264
1892730 264
1892740 263
1892750 263
1892760 263
1892770 262
1892780 262
1892790 262
1892800 261
1892810 260
1892820 260
1892830 259
1892840 258
1892850 258
1892860 256
1892870 253
1892880 251
1892890 251
1892900 248
1892910 245
1892920 245
1892930 242
1892940 239
1892950 239
1892960 237
1892970 234
1892980 234
1892990 239
1893000 243
1893010 243
1893020 247
1893030 249
1893040 249
1893050 249
1893060 249
1893070 249
1893080 249
1893090 249
1893100 249
1893110 249
1893120 249
1893130 249
1893140 249
1893150 249
1893160 249
1893170 249
1893180 249
1893190 248
1893200 248
1893210 248
1893220 248
1893230 248
1893240 247
1893250 247
1893260 247
1893270 246
1893280 246
1893290 246
1893300 246
1893310 246
1893320 245
1893330 245
1893340 245
1893350 244
1893360 244
1893370 244
1893380 244
1893390 245
1893400 245
1893410 245
1893420 244
1893430 244
1893440 244
1893450 244
1893460 244
1893470 243
1893480 243
1893490 243
1893500 241
1893510 238
1893520 238
1893530 234
1893540 229
1893550 229
1893560 235
1893570 241
1893580 241
1893590 247
1893600 252
1893610 252
1893620 257
1893630 260
1893640 260
1893650 263
1893660 265
1893670 265
1893680 268
1893690 270
1893700 270
1893710 273
1893720 276
1893730 276
1893740 278
1893750 280
1893760 280
1893770 283
1893780 285
1893790 285
1893800 286
1893810 286
1893820 284
1893830 284
1893840 284
1893850 284
1893860 283
1893870 281
1893880 281
1893890 280
1893900 278
1893910 278
1893920 276
1893930 275
1893940 275
1893950 275
1893960 275
1893970 275
1893980 274
1893990 274
1894000 274
1894010 274
1894020 275
1894030 275
1894040 277
1894050 279
1894060 279
1894070 281
1894080 284
1894090 284
1894100 287
1894110 291
1894120 291
1894130 295
1894140 297
1894150 297
1894160 299
1894170 300
1894180 300
1894190 301
1894200 301
1894210 301
1894220 301
1894230 302
1894240 302
1894250 301
1894260 301
1894270 301
1894280 301
1894290 300
1894300 300
1894310 300
1894320 300
1894330 300
1894340 300
1894350 301
1894360 301
1894370 301
1894380 301
1894390 301
1894400 302
1894410 304
1894420 304
1894430 304
1894440 303
1894450 301
1894460 298
1894470 295
1894480 295
1894490 293
1894500 292
1894510 292
1894520 291
1894530 289
1894540 289
1894550 288
1894560 287
1894570 287
1894580 287
1894590 288
1894600 288
1894610 290
1894620 293
1894630 293
1894640 296
1894650 300
1894660 300
1894670 303
1894680 306
1894690 306
1894700 309
1894710 312
1894720 312
1894730 315
1894740 317
1894750 317
1894760 319
1894770 322
1894780 322
1894790 323
1894800 324
1894810 324
1894820 325
1894830 325
1894840 325
1894850 326
1894860 327
1894870 327
1894880 329
1894890 330
1894900 330
1894910 331
1894920 332
1894930 332
1894940 334
1894950 335
1894960 335
1894970 335
1894980 335
1894990 335
1895000 334
1895010 333
1895020 333
1895030 331
1895040 330
1895050 330
1895060 329
1895070 328
1895080 329
1895090 328
1895100 327
1895110 327
1895120 326
1895130 325
1895140 325
1895150 324
1895160 323
1895170 323
1895180 323
1895190 323
1895200 323
1895210 323
1895220 324
1895230 324
1895240 324
1895250 324
1895260 324
1895270 325
1895280 325
1895290 325
1895300 326
1895310 326
1895320 326
1895330 326
1895340 326
1895350 326
1895360 326
1895370 325
1895380 325
1895390 325
1895400 325
1895410 325
1895420 322
1895430 320
1895440 320
1895450 317
1895460 315
1895470 312
1895480 312
1895490 309
1895500 306
1895510 306
1895520 303
1895530 299
1895540 299
1895550 296
1895560 293
1895570 293
1895580 290
1895590 286
1895600 286
1895610 282
1895620 277
1895630 277
1895640 273
1895650 270
1895660 270
1895670 266
1895680 263
1895690 263
1895700 260
1895710 258
1895720 258
1895730 254
1895740 250
1895750 250
1895760 246
1895770 241
1895780 241
1895790 235
1895800 230
1895810 230
1895820 225
1895830 221
1895840 221
1895850 217
1895860 215
1895870 215
1895880 215
1895890 215
1895900 215
1895910 215
1895920 215
1895930 215
1895940 215
1895950 215
1895960 215
1895970 214
1895980 214
1895990 214
1896000 214
1896010 214
1896020 211
1896030 211
1896040 210
1896050 210
1896060 209
1896070 207
1896080 207
1896090 205
1896100 202
1896110 202
1896120 200
1896130 198
1896140 198
1896150 196
1896160 194
1896170 194
1896180 192
1896190 188
1896200 188
1896210 185
1896220 182
1896230 182
1896240 180
1896250 178
1896260 178
1896270 176
1896280 175
1896290 175
1896300 173
1896310 172
1896320 172
1896330 170
1896340 163
1896350 163
1896360 156
1896370 154
1896380 154
1896390 154
1896400 151
1896410 151
1896420 147
1896430 142
1896440 142
1896450 140
1896460 140
1896470 140
1896480 139
1896490 138
1896500 138
1896510 138
1896520 137
1896530 137
1896540 138
1896550 138
1896560 138
1896570 137
1896580 137
1896590 137
1896600 137
1896610 137
1896620 137
1896630 137
1896640 137
1896650 137
1896660 137
1896670 137
1896680 137
1896690 137
1896700 137
1896710 137
1896720 137
1896730 137
1896740 137
1896750 137
1896760 137
1896770 137
1896780 137
1896790 137
1896800 137
1896810 137
1896820 137
1896830 137
1896840 137
1896850 137
1896860 137
1896870 136
1896880 136
1896890 136
1896900 136
1896910 136
1896920 136
1896930 137
1896940 137
1896950 137
1896960 137
1896970 137
1896980 137
1896990 137
1897000 137
1897010 137
1897020 137
1897030 137
1897040 137
1897050 137
1897060 137
1897070 137
1897080 137
1897090 137
1897100 137
1897110 137
1897120 138
1897130 138
1897140 137
1897150 137
1897160 137
1897170 137
1897180 137
1897190 137
1897200 137
1897210 137
1897220 137
1897230 137
1897240 137
1897250 137
1897260 137
1897270 137
1897280 137
1897290 137
1897300 137
1897310 137
1897320 137
1897330 137
1897340 137
1897350 136
1897360 136
1897370 136
1897380 136
1897390 136
1897400 136
1897410 136
1897420 136
1897430 136
1897440 136
1897450 136
1897460 136
1897470 137
1897480 137
1897490 137
1897500 137
1897510 137
1897520 137
1897530 137
1897540 137
1897550 137
1897560 137
1897570 137
1897580 137
1897590 137
1897600 137
1897610 137
1897620 137
1897630 137
1897640 137
1897650 137
1897660 137
1897670 137
1897680 137
1897690 137
1897700 137
1897710 137
1897720 137
1897730 137
1897740 137
1897750 137
1897760 137
1897770 137
1897780 137
1897790 137
1897800 137
1897810 137
1897820 137
1897830 137
1897840 137
1897850 137
1897860 137
1897870 137
1897880 137
1897890 137
1897900 137
1897910 138
1897920 137
1897930 137
1897940 137
1897950 137
1897960 137
1897970 137
1897980 137
1897990 137
1898000 137
1898010 137
1898020 137
1898030 137
1898040 137
1898050 137
1898060 137
1898070 137
1898080 137
1898090 137
1898100 137
1898110 137
1898120 137
1898130 137
1898140 137
1898150 137
1898160 137
1898170 137
1898180 137
1898190 137
1898200 137
1898210 137
1898220 137
1898230 137
1898240 137
1898250 137
1898260 137
1898270 137
1898280 137
1898290 137
1898300 137
1898310 137
1898320 137
1898330 137
1898340 137
1898350 137
1898360 137
1898370 137
1898380 137
1898390 137
1898400 137
1898410 137
1898420 137
1898430 137
1898440 137
1898450 137
1898460 137
1898470 137
1898480 137
1898490 137
1898500 137
1898510 137
1898520 137
1898530 137
1898540 137
1898550 137
1898560 137
1898570 137
1898580 137
1898590 138
1898600 138
1898610 138
1898620 137
1898630 137
1898640 137
1898650 137
1898660 137
1898670 137
1898680 137
1898690 137
1898700 137
1898710 137
1898720 137
1898730 137
1898740 137
1898750 137
1898760 137
1898770 137
1898780 137
1898790 137
1898800 137
1898810 137
1898820 137
1898830 137
1898840 136
1898850 136
1898860 136
1898870 136
1898880 136
1898890 136
1898900 136
1898910 136
1898920 137
1898930 137
1898940 137
1898950 137
1898960 137
1898970 137
1898980 136
1898990 136
1899000 136
1899010 136
1899020 136
1899030 136
1899040 136
1899050 136
1899060 136
1899070 136
1899080 136
1899090 136
1899100 136
1899110 136
1899120 136
1899130 136
1899140 136
1899150 136
1899160 136
1899170 136
1899180 136
1899190 136
1899200 136
1899210 136
1899220 136
1899230 136
1899240 136
1899250 136
1899260 136
1899270 136
1899280 136
1899290 136
1899300 136
1899310 136
1899320 136
1899330 136
1899340 136
1899350 136
1899360 136
1899370 136
1899380 135
1899390 135
1899400 135
1899410 135
1899420 135
1899430 135
1899440 136
1899450 136
1899460 136
1899470 136
1899480 136
1899490 136
1899500 136
1899510 136
1899520 136
1899530 136
1899540 136
1899550 136
1899560 137
1899570 137
1899580 137
1899590 137
1899600 137
1899610 137
1899620 137
1899630 137
1899640 137
1899650 137
1899660 137
1899670 137
1899680 137
1899690 137
1899700 137
1899710 137
1899720 137
1899730 136
1899740 136
1899750 136
1899760 136
1899770 136
1899780 136
1899790 136
1899800 136
1899810 136
1899820 136
1899830 136
1899840 136
1899850 136
1899860 136
1899870 136
1899880 136
1899890 136
1899900 136
1899910 136
1899920 136
1899930 136
1899940 136
1899950 136
1899960 136
1899970 136
1899980 136
1899990 136
