1880000 183
1880010 183
1880020 183
1880030 183
1880040 183
1880050 183
1880060 183
1880070 183
1880080 183
1880090 183
1880100 183
1880110 183
1880120 183
1880130 182
1880140 182
1880150 182
1880160 182
1880170 182
1880180 182
1880190 182
1880200 182
1880210 182
1880220 182
1880230 182
1880240 182
1880250 182
1880260 182
1880270 182
1880280 182
1880290 182
1880300 182
1880310 181
1880320 181
1880330 181
1880340 181
1880350 181
1880360 181
1880370 181
1880380 181
1880390 181
1880400 181
1880410 181
1880420 181
1880430 181
1880440 181
1880450 181
1880460 181
1880470 181
1880480 181
1880490 181
1880500 181
1880510 181
1880520 181
1880530 181
1880540 181
1880550 181
1880560 181
1880570 181
1880580 181
1880590 181
1880600 181
1880610 180
1880620 180
1880630 180
1880640 180
1880650 180
1880660 179
1880670 179
1880680 179
1880690 178
1880700 178
1880710 178
1880720 178
1880730 177
1880740 177
1880750 177
1880760 176
1880770 176
1880780 176
1880790 176
1880800 176
1880810 175
1880820 175
1880830 175
1880840 175
1880850 175
1880860 175
1880870 175
1880880 175
1880890 175
1880900 175
1880910 176
1880920 176
1880930 176
1880940 177
1880950 177
1880960 177
1880970 178
1880980 178
1880990 178
1881000 179
1881010 179
1881020 179
1881030 180
1881040 180
1881050 181
1881060 181
1881070 181
1881080 181
1881090 182
1881100 182
1881110 182
1881120 182
1881130 182
1881140 182
1881150 182
1881160 182
1881170 182
1881180 183
1881190 183
1881200 183
1881210 183
1881220 183
1881230 183
1881240 183
1881250 183
1881260 183
1881270 183
1881280 183
1881290 183
1881300 183
1881310 183
1881320 183
1881330 183
1881340 183
1881350 183
1881360 182
1881370 182
1881380 182
1881390 182
1881400 182
1881410 182
1881420 182
1881430 182
1881440 182
1881450 182
1881460 182
1881470 182
1881480 182
1881490 182
1881500 182
1881510 182
1881520 182
1881530 182
1881540 182
1881550 182
1881560 182
1881570 182
1881580 182
1881590 182
1881600 182
1881610 182
1881620 182
1881630 182
1881640 182
1881650 182
1881660 182
1881670 182
1881680 182
1881690 182
1881700 182
1881710 182
1881720 182
1881730 182
1881740 182
1881750 182
1881760 182
1881770 182
1881780 182
1881790 182
1881800 182
1881810 182
1881820 182
1881830 182
1881840 182
1881850 182
1881860 182
1881870 182
1881880 182
1881890 182
1881900 182
1881910 181
1881920 181
1881930 181
1881940 181
1881950 181
1881960 181
1881970 181
1881980 181
1881990 180
1882000 180
1882010 180
1882020 180
1882030 180
1882040 180
1882050 180
1882060 179
1882070 179
1882080 179
1882090 179
1882100 179
1882110 179
1882120 179
1882130 179
1882140 179
1882150 179
1882160 179
1882170 179
1882180 179
1882190 179
1882200 179
1882210 180
1882220 180
1882230 180
1882240 180
1882250 180
1882260 180
1882270 180
1882280 180
1882290 180
1882300 180
1882310 180
1882320 180
1882330 180
1882340 180
1882350 180
1882360 179
1882370 179
1882380 179
1882390 178
1882400 178
1882410 178
1882420 177
1882430 177
1882440 176
1882450 176
1882460 176
1882470 176
1882480 177
1882490 177
1882500 177
1882510 177
1882520 177
1882530 177
1882540 177
1882550 177
1882560 177
1882570 176
1882580 176
1882590 176
1882600 175
1882610 175
1882620 174
1882630 173
1882640 173
1882650 172
1882660 171
1882670 171
1882680 171
1882690 170
1882700 170
1882710 170
1882720 170
1882730 170
1882740 170
1882750 170
1882760 170
1882770 170
1882780 170
1882790 170
1882800 169
1882810 169
1882820 169
1882830 168
1882840 168
1882850 168
1882860 167
1882870 167
1882880 167
1882890 167
1882900 167
1882910 167
1882920 167
1882930 166
1882940 166
1882950 167
1882960 167
1882970 167
1882980 167
1882990 167
1883000 167
1883010 167
1883020 167
1883030 167
1883040 167
1883050 167
1883060 167
1883070 167
1883080 167
1883090 167
1883100 167
1883110 168
1883120 168
1883130 168
1883140 168
1883150 168
1883160 169
1883170 169
1883180 169
1883190 170
1883200 171
1883210 171
1883220 171
1883230 172
1883240 172
1883250 172
1883260 173
1883270 173
1883280 173
1883290 174
1883300 174
1883310 174
1883320 175
1883330 175
1883340 175
1883350 176
1883360 176
1883370 176
1883380 176
1883390 176
1883400 177
1883410 177
1883420 177
1883430 177
1883440 178
1883450 178
1883460 178
1883470 178
1883480 178
1883490 178
1883500 179
1883510 179
1883520 179
1883530 179
1883540 179
1883550 179
1883560 179
1883570 179
1883580 179
1883590 179
1883600 179
1883610 180
1883620 180
1883630 180
1883640 180
1883650 180
1883660 180
1883670 181
1883680 181
1883690 181
1883700 181
1883710 181
1883720 181
1883730 181
1883740 181
1883750 181
1883760 181
1883770 181
1883780 181
1883790 181
1883800 181
1883810 181
1883820 181
1883830 181
1883840 181
1883850 182
1883860 182
1883870 182
1883880 182
1883890 182
1883900 182
1883910 182
1883920 182
1883930 182
1883940 182
1883950 182
1883960 182
1883970 182
1883980 182
1883990 182
1884000 182
1884010 182
1884020 182
1884030 182
1884040 182
1884050 182
1884060 182
1884070 183
1884080 183
1884090 183
1884100 184
1884110 184
1884120 184
1884130 184
1884140 184
1884150 184
1884160 184
1884170 184
1884180 184
1884190 184
1884200 184
1884210 184
1884220 184
1884230 184
1884240 184
1884250 184
1884260 185
1884270 185
1884280 185
1884290 185
1884300 185
1884310 185
1884320 186
1884330 186
1884340 186
1884350 186
1884360 186
1884370 186
1884380 186
1884390 186
1884400 187
1884410 187
1884420 187
1884430 187
1884440 187
1884450 187
1884460 187
1884470 187
1884480 187
1884490 187
1884500 188
1884510 188
1884520 188
1884530 188
1884540 188
1884550 188
1884560 189
1884570 189
1884580 189
1884590 189
1884600 189
1884610 190
1884620 190
1884630 190
1884640 190
1884650 191
1884660 191
1884670 191
1884680 191
1884690 191
1884700 191
1884710 191
1884720 191
1884730 192
1884740 192
1884750 192
1884760 192
1884770 192
1884780 192
1884790 192
1884800 193
1884810 193
1884820 193
1884830 193
1884840 193
1884850 193
1884860 193
1884870 193
1884880 194
1884890 194
1884900 194
1884910 194
1884920 194
1884930 194
1884940 195
1884950 195
1884960 195
1884970 195
1884980 195
1884990 195
1885000 196
1885010 196
1885020 196
1885030 196
1885040 196
1885050 196
1885060 196
1885070 196
1885080 196
1885090 197
1885100 197
1885110 197
1885120 197
1885130 197
1885140 197
1885150 197
1885160 198
1885170 198
1885180 198
1885190 198
1885200 198
1885210 198
1885220 199
1885230 199
1885240 199
1885250 199
1885260 199
1885270 200
1885280 200
1885290 200
1885300 201
1885310 201
1885320 201
1885330 202
1885340 202
1885350 202
1885360 203
1885370 203
1885380 203
1885390 204
1885400 204
1885410 204
1885420 204
1885430 205
1885440 205
1885450 205
1885460 205
1885470 205
1885480 205
1885490 206
1885500 206
1885510 206
1885520 206
1885530 206
1885540 206
1885550 207
1885560 207
1885570 207
1885580 207
1885590 207
1885600 207
1885610 208
1885620 208
1885630 208
1885640 208
1885650 208
1885660 208
1885670 208
1885680 208
1885690 209
1885700 209
1885710 209
1885720 209
1885730 209
1885740 209
1885750 209
1885760 210
1885770 210
1885780 210
1885790 210
1885800 210
1885810 211
1885820 211
1885830 211
1885840 211
1885850 211
1885860 211
1885870 211
1885880 211
1885890 211
1885900 212
1885910 212
1885920 212
1885930 212
1885940 212
1885950 212
1885960 213
1885970 213
1885980 213
1885990 213
1886000 213
1886010 213
1886020 213
1886030 213
1886040 213
1886050 213
1886060 213
1886070 213
1886080 214
1886090 214
1886100 214
1886110 214
1886120 214
1886130 214
1886140 214
1886150 214
1886160 214
1886170 214
1886180 215
1886190 215
1886200 215
1886210 215
1886220 215
1886230 216
1886240 216
1886250 216
1886260 217
1886270 217
1886280 217
1886290 218
1886300 218
1886310 218
1886320 219
1886330 219
1886340 219
1886350 220
1886360 220
1886370 220
1886380 221
1886390 221
1886400 221
1886410 222
1886420 223
1886430 223
1886440 223
1886450 223
1886460 223
1886470 223
1886480 224
1886490 224
1886500 224
1886510 224
1886520 224
1886530 224
1886540 224
1886550 224
1886560 224
1886570 224
1886580 224
1886590 224
1886600 224
1886610 224
1886620 225
1886630 225
1886640 225
1886650 225
1886660 226
1886670 226
1886680 226
1886690 226
1886700 226
1886710 226
1886720 226
1886730 227
1886740 227
1886750 227
1886760 227
1886770 227
1886780 227
1886790 227
1886800 227
1886810 227
1886820 227
1886830 227
1886840 228
1886850 228
1886860 228
1886870 228
1886880 229
1886890 229
1886900 229
1886910 229
1886920 229
1886930 230
1886940 230
1886950 230
1886960 230
1886970 231
1886980 231
1886990 231
1887000 231
1887010 231
1887020 232
1887030 232
1887040 232
1887050 233
1887060 233
1887070 233
1887080 233
1887090 234
1887100 234
1887110 234
1887120 234
1887130 234
1887140 235
1887150 235
1887160 235
1887170 235
1887180 236
1887190 236
1887200 236
1887210 236
1887220 237
1887230 237
1887240 237
1887250 237
1887260 237
1887270 237
1887280 237
1887290 238
1887300 238
1887310 238
1887320 238
1887330 238
1887340 238
1887350 239
1887360 239
1887370 239
1887380 239
1887390 239
1887400 239
1887410 240
1887420 240
1887430 240
1887440 240
1887450 241
1887460 241
1887470 241
1887480 241
1887490 241
1887500 241
1887510 242
1887520 242
1887530 242
1887540 243
1887550 243
1887560 243
1887570 243
1887580 243
1887590 244
1887600 244
1887610 244
1887620 244
1887630 245
1887640 245
1887650 245
1887660 246
1887670 246
1887680 246
1887690 246
1887700 246
1887710 247
1887720 247
1887730 247
1887740 247
1887750 248
1887760 248
1887770 248
1887780 249
1887790 249
1887800 249
1887810 249
1887820 249
1887830 250
1887840 250
1887850 250
1887860 250
1887870 251
1887880 251
1887890 251
1887900 252
1887910 252
1887920 252
1887930 252
1887940 252
1887950 253
1887960 253
1887970 253
1887980 254
1887990 254
1888000 254
1888010 255
1888020 256
1888030 256
1888040 257
1888050 257
1888060 257
1888070 258
1888080 259
1888090 259
1888100 259
1888110 260
1888120 260
1888130 261
1888140 262
1888150 262
1888160 263
1888170 264
1888180 264
1888190 265
1888200 266
1888210 266
1888220 267
1888230 268
1888240 268
1888250 269
1888260 270
1888270 270
1888280 271
1888290 271
1888300 271
1888310 272
1888320 273
1888330 273
1888340 274
1888350 275
1888360 275
1888370 276
1888380 277
1888390 277
1888400 278
1888410 279
1888420 279
1888430 280
1888440 281
1888450 281
1888460 281
1888470 282
1888480 282
1888490 283
1888500 283
1888510 284
1888520 285
1888530 285
1888540 285
1888550 286
1888560 287
1888570 287
1888580 287
1888590 287
1888600 287
1888610 287
1888620 287
1888630 287
1888640 286
1888650 286
1888660 286
1888670 285
1888680 285
1888690 285
1888700 284
1888710 284
1888720 284
1888730 283
1888740 282
1888750 282
1888760 281
1888770 281
1888780 281
1888790 280
1888800 280
1888810 280
1888820 281
1888830 284
1888840 284
1888850 285
1888860 286
1888870 286
1888880 288
1888890 290
1888900 290
1888910 291
1888920 292
1888930 292
1888940 292
1888950 293
1888960 293
1888970 294
1888980 294
1888990 294
1889000 295
1889010 294
1889020 294
1889030 293
1889040 292
1889050 292
1889060 291
1889070 289
1889080 289
1889090 288
1889100 288
1889110 288
1889120 288
1889130 289
1889140 289
1889150 292
1889160 294
1889170 294
1889180 296
1889190 298
1889200 300
1889210 300
1889220 301
1889230 301
1889240 301
1889250 302
1889260 303
1889270 303
1889280 303
1889290 304
1889300 304
1889310 304
1889320 304
1889330 304
1889340 304
1889350 303
1889360 303
1889370 303
1889380 303
1889390 303
1889400 303
1889410 303
1889420 303
1889430 302
1889440 302
1889450 302
1889460 302
1889470 303
1889480 303
1889490 303
1889500 303
1889510 303
1889520 303
1889530 303
1889540 303
1889550 303
1889560 303
1889570 303
1889580 302
1889590 302
1889600 302
1889610 301
1889620 300
1889630 300
1889640 298
1889650 297
1889660 297
1889670 295
1889680 293
1889690 293
1889700 291
1889710 291
1889720 291
1889730 290
1889740 291
1889750 291
1889760 291
1889770 290
1889780 290
1889790 291
1889800 291
1889810 291
1889820 291
1889830 290
1889840 290
1889850 290
1889860 290
1889870 290
1889880 289
1889890 289
1889900 289
1889910 289
1889920 288
1889930 288
1889940 288
1889950 287
1889960 287
1889970 287
1889980 287
1889990 287
1890000 286
1890010 286
1890020 286
1890030 286
1890040 285
1890050 285
1890060 285
1890070 284
1890080 284
1890090 283
1890100 283
1890110 284
1890120 283
1890130 282
1890140 282
1890150 282
1890160 282
1890170 282
1890180 282
1890190 283
1890200 283
1890210 283
1890220 284
1890230 284
1890240 284
1890250 285
1890260 285
1890270 285
1890280 284
1890290 284
1890300 284
1890310 284
1890320 284
1890330 283
1890340 283
1890350 283
1890360 282
1890370 282
1890380 282
1890390 282
1890400 283
1890410 283
1890420 284
1890430 287
1890440 287
1890450 288
1890460 289
1890470 289
1890480 289
1890490 289
1890500 289
1890510 289
1890520 289
1890530 289
1890540 289
1890550 288
1890560 288
1890570 288
1890580 287
1890590 287
1890600 287
1890610 287
1890620 287
1890630 286
1890640 285
1890650 285
1890660 284
1890670 284
1890680 284
1890690 283
1890700 282
1890710 282
1890720 281
1890730 281
1890740 279
1890750 279
1890760 277
1890770 277
1890780 276
1890790 273
1890800 273
1890810 271
1890820 270
1890830 270
1890840 269
1890850 268
1890860 268
1890870 267
1890880 266
1890890 266
1890900 265
1890910 267
1890920 267
1890930 267
1890940 268
1890950 268
1890960 269
1890970 269
1890980 269
1890990 269
1891000 268
1891010 268
1891020 268
1891030 267
1891040 267
1891050 266
1891060 264
1891070 264
1891080 264
1891090 265
1891100 265
1891110 266
1891120 268
1891130 268
1891140 269
1891150 270
1891160 270
1891170 271
1891180 272
1891190 272
1891200 273
1891210 274
1891220 274
1891230 275
1891240 275
1891250 275
1891260 275
1891270 275
1891280 275
1891290 275
1891300 275
1891310 275
1891320 275
1891330 274
1891340 274
1891350 274
1891360 273
1891370 273
1891380 273
1891390 272
1891400 272
1891410 271
1891420 271
1891430 271
1891440 271
1891450 270
1891460 270
1891470 270
1891480 269
1891490 269
1891500 268
1891510 267
1891520 267
1891530 267
1891540 266
1891550 266
1891560 265
1891570 265
1891580 265
1891590 264
1891600 263
1891610 263
1891620 263
1891630 262
1891640 262
1891650 261
1891660 261
1891670 261
1891680 260
1891690 260
1891700 260
1891710 259
1891720 258
1891730 258
1891740 258
1891750 257
1891760 257
1891770 257
1891780 256
1891790 256
1891800 256
1891810 256
1891820 255
1891830 255
1891840 254
1891850 254
1891860 254
1891870 253
1891880 253
1891890 253
1891900 252
1891910 251
1891920 251
1891930 251
1891940 250
1891950 250
1891960 250
1891970 249
1891980 249
1891990 248
1892000 247
1892010 247
1892020 246
1892030 245
1892040 245
1892050 244
1892060 243
1892070 243
1892080 242
1892090 245
1892100 245
1892110 247
1892120 249
1892130 249
1892140 251
1892150 253
1892160 253
1892170 254
1892180 256
1892190 256
1892200 257
1892210 258
1892220 258
1892230 260
1892240 262
1892250 262
1892260 264
1892270 267
1892280 267
1892290 270
1892300 272
1892310 272
1892320 273
1892330 273
1892340 273
1892350 273
1892360 273
1892370 273
1892380 273
1892390 273
1892400 273
1892410 273
1892420 272
1892430 272
1892440 272
1892450 272
1892460 272
1892470 272
1892480 272
1892490 272
1892500 272
1892510 272
1892520 272
1892530 272
1892540 272
1892550 272
1892560 272
1892570 273
1892580 273
1892590 273
1892600 274
1892610 274
1892620 274
1892630 275
1892640 275
1892650 274
1892660 274
1892670 274
1892680 274
1892690 274
1892700 274
1892710 274
1892720 273
1892730 273
1892740 273
1892750 272
1892760 272
1892770 272
1892780 271
1892790 271
1892800 271
1892810 270
1892820 270
1892830 270
1892840 269
1892850 269
1892860 268
1892870 268
1892880 268
1892890 267
1892900 267
1892910 267
1892920 268
1892930 269
1892940 269
1892950 269
1892960 270
1892970 268
1892980 267
1892990 265
1893000 265
1893010 264
1893020 263
1893030 263
1893040 262
1893050 263
1893060 263
1893070 264
1893080 265
1893090 265
1893100 266
1893110 267
1893120 267
1893130 268
1893140 269
1893150 269
1893160 269
1893170 269
1893180 269
1893190 269
1893200 268
1893210 268
1893220 268
1893230 267
1893240 267
1893250 267
1893260 266
1893270 266
1893280 264
1893290 260
1893300 260
1893310 258
1893320 256
1893330 256
1893340 254
1893350 253
1893360 253
1893370 251
1893380 250
1893390 250
1893400 250
1893410 249
1893420 249
1893430 248
1893440 248
1893450 248
1893460 247
1893470 246
1893480 246
1893490 246
1893500 245
1893510 245
1893520 245
1893530 245
1893540 245
1893550 246
1893560 248
1893570 248
1893580 249
1893590 251
1893600 252
1893610 255
1893620 258
1893630 258
1893640 260
1893650 262
1893660 262
1893670 263
1893680 265
1893690 265
1893700 266
1893710 268
1893720 268
1893730 270
1893740 271
1893750 271
1893760 273
1893770 274
1893780 274
1893790 275
1893800 277
1893810 277
1893820 277
1893830 278
1893840 278
1893850 279
1893860 280
1893870 280
1893880 281
1893890 281
1893900 281
1893910 282
1893920 284
1893930 284
1893940 284
1893950 284
1893960 284
1893970 284
1893980 284
1893990 284
1894000 284
1894010 284
1894020 284
1894030 284
1894040 285
1894050 285
1894060 285
1894070 286
1894080 286
1894090 287
1894100 288
1894110 288
1894120 290
1894130 292
1894140 292
1894150 294
1894160 295
1894170 295
1894180 296
1894190 296
1894200 296
1894210 298
1894220 298
1894230 298
1894240 298
1894250 298
1894260 298
1894270 298
1894280 297
1894290 297
1894300 297
1894310 297
1894320 297
1894330 297
1894340 297
1894350 297
1894360 297
1894370 297
1894380 296
1894390 296
1894400 296
1894410 296
1894420 296
1894430 296
1894440 297
1894450 297
1894460 298
1894470 299
1894480 299
1894490 299
1894500 300
1894510 300
1894520 300
1894530 300
1894540 300
1894550 301
1894560 300
1894570 300
1894580 300
1894590 300
1894600 300
1894610 301
1894620 301
1894630 301
1894640 300
1894650 298
1894660 298
1894670 296
1894680 293
1894690 293
1894700 291
1894710 288
1894720 288
1894730 286
1894740 284
1894750 284
1894760 284
1894770 284
1894780 284
1894790 284
1894800 283
1894810 283
1894820 282
1894830 281
1894840 281
1894850 283
1894860 289
1894870 289
1894880 291
1894890 292
1894900 292
1894910 294
1894920 295
1894930 295
1894940 296
1894950 297
1894960 297
1894970 297
1894980 297
1894990 297
1895000 296
1895010 296
1895020 296
1895030 296
1895040 295
1895050 295
1895060 294
1895070 291
1895080 291
1895090 288
1895100 285
1895110 285
1895120 285
1895130 286
1895140 286
1895150 286
1895160 284
1895170 284
1895180 281
1895190 276
1895200 276
1895210 272
1895220 268
1895230 268
1895240 265
1895250 269
1895260 269
1895270 274
1895280 280
1895290 280
1895300 284
1895310 287
1895320 287
1895330 288
1895340 288
1895350 288
1895360 288
1895370 289
1895380 289
1895390 290
1895400 291
1895410 291
1895420 292
1895430 293
1895440 293
1895450 295
1895460 296
1895470 296
1895480 297
1895490 300
1895500 300
1895510 301
1895520 300
1895530 300
1895540 299
1895550 298
1895560 298
1895570 297
1895580 295
1895590 295
1895600 294
1895610 292
1895620 292
1895630 291
1895640 289
1895650 289
1895660 287
1895670 285
1895680 285
1895690 284
1895700 282
1895710 282
1895720 279
1895730 277
1895740 277
1895750 275
1895760 273
1895770 273
1895780 271
1895790 268
1895800 268
1895810 265
1895820 263
1895830 263
1895840 260
1895850 258
1895860 258
1895870 255
1895880 253
1895890 253
1895900 250
1895910 247
1895920 247
1895930 245
1895940 243
1895950 243
1895960 240
1895970 238
1895980 238
1895990 235
1896000 232
1896010 232
1896020 230
1896030 227
1896040 227
1896050 224
1896060 221
1896070 221
1896080 219
1896090 216
1896100 216
1896110 213
1896120 208
1896130 208
1896140 205
1896150 202
1896160 202
1896170 199
1896180 196
1896190 196
1896200 194
1896210 192
1896220 192
1896230 190
1896240 187
1896250 187
1896260 184
1896270 182
1896280 182
1896290 179
1896300 176
1896310 176
1896320 174
1896330 174
1896340 174
1896350 175
1896360 175
1896370 175
1896380 173
1896390 172
1896400 172
1896410 169
1896420 166
1896430 166
1896440 152
1896450 152
1896460 152
1896470 147
1896480 146
1896490 146
1896500 144
1896510 144
1896520 144
1896530 145
1896540 143
1896550 143
1896560 142
1896570 141
1896580 141
1896590 140
1896600 140
1896610 140
1896620 139
1896630 138
1896640 138
1896650 137
1896660 137
1896670 137
1896680 137
1896690 137
1896700 137
1896710 137
1896720 137
1896730 137
1896740 136
1896750 136
1896760 136
1896770 136
1896780 136
1896790 136
1896800 136
1896810 136
1896820 136
1896830 136
1896840 137
1896850 137
1896860 137
1896870 137
1896880 137
1896890 137
1896900 137
1896910 137
1896920 137
1896930 136
1896940 136
1896950 136
1896960 136
1896970 136
1896980 136
1896990 137
1897000 137
1897010 137
1897020 137
1897030 137
1897040 137
1897050 137
1897060 137
1897070 137
1897080 137
1897090 137
1897100 137
1897110 137
1897120 137
1897130 137
1897140 136
1897150 136
1897160 136
1897170 136
1897180 136
1897190 136
1897200 136
1897210 136
1897220 136
1897230 136
1897240 136
1897250 136
1897260 136
1897270 137
1897280 137
1897290 137
1897300 137
1897310 137
1897320 137
1897330 137
1897340 137
1897350 137
1897360 137
1897370 137
1897380 137
1897390 137
1897400 137
1897410 137
1897420 139
1897430 139
1897440 139
1897450 139
1897460 139
1897470 139
1897480 138
1897490 138
1897500 138
1897510 138
1897520 138
1897530 138
1897540 137
1897550 137
1897560 137
1897570 136
1897580 136
1897590 136
1897600 136
1897610 136
1897620 136
1897630 136
1897640 136
1897650 136
1897660 137
1897670 137
1897680 136
1897690 136
1897700 136
1897710 137
1897720 136
1897730 136
1897740 136
1897750 136
1897760 136
1897770 136
1897780 136
1897790 136
1897800 137
1897810 137
1897820 137
1897830 137
1897840 137
1897850 137
1897860 137
1897870 137
1897880 137
1897890 137
1897900 137
1897910 137
1897920 137
1897930 137
1897940 137
1897950 137
1897960 137
1897970 137
1897980 137
1897990 137
1898000 137
1898010 137
1898020 137
1898030 137
1898040 137
1898050 137
1898060 137
1898070 137
1898080 137
1898090 137
1898100 137
1898110 137
1898120 137
1898130 137
1898140 137
1898150 137
1898160 137
1898170 137
1898180 137
1898190 137
1898200 136
1898210 136
1898220 136
1898230 137
1898240 137
1898250 137
1898260 137
1898270 137
1898280 137
1898290 137
1898300 137
1898310 136
1898320 136
1898330 136
1898340 136
1898350 136
1898360 136
1898370 136
1898380 136
1898390 136
1898400 137
1898410 137
1898420 137
1898430 137
1898440 137
1898450 137
1898460 137
1898470 136
1898480 136
1898490 136
1898500 137
1898510 137
1898520 137
1898530 137
1898540 137
1898550 137
1898560 137
1898570 137
1898580 137
1898590 137
1898600 137
1898610 137
1898620 137
1898630 137
1898640 137
1898650 137
1898660 137
1898670 137
1898680 137
1898690 137
1898700 137
1898710 137
1898720 137
1898730 137
1898740 136
1898750 136
1898760 136
1898770 136
1898780 136
1898790 136
1898800 136
1898810 136
1898820 137
1898830 137
1898840 137
1898850 137
1898860 137
1898870 137
1898880 137
1898890 137
1898900 137
1898910 136
1898920 136
1898930 136
1898940 136
1898950 137
1898960 137
1898970 137
1898980 136
1898990 136
1899000 136
1899010 136
1899020 136
1899030 136
1899040 136
1899050 136
1899060 136
1899070 136
1899080 136
1899090 136
1899100 136
1899110 136
1899120 136
1899130 136
1899140 136
1899150 136
1899160 136
1899170 136
1899180 136
1899190 136
1899200 136
1899210 136
1899220 136
1899230 136
1899240 136
1899250 136
1899260 136
1899270 136
1899280 136
1899290 136
1899300 136
1899310 136
1899320 136
1899330 135
1899340 135
1899350 135
1899360 135
1899370 136
1899380 136
1899390 136
1899400 136
1899410 136
1899420 136
1899430 136
1899440 135
1899450 135
1899460 135
1899470 135
1899480 135
1899490 135
1899500 135
1899510 135
1899520 136
1899530 136
1899540 136
1899550 136
1899560 137
1899570 137
1899580 137
1899590 137
1899600 137
1899610 137
1899620 137
1899630 137
1899640 137
1899650 137
1899660 137
1899670 137
1899680 137
1899690 137
1899700 137
1899710 137
1899720 137
1899730 137
1899740 136
1899750 136
1899760 136
1899770 136
1899780 136
1899790 136
1899800 136
1899810 136
1899820 136
1899830 136
1899840 136
1899850 136
1899860 136
1899870 136
1899880 136
1899890 136
1899900 136
1899910 136
1899920 136
1899930 136
1899940 136
1899950 136
1899960 136
1899970 136
1899980 136
1899990 136
