1880000 183
1880010 183
1880020 183
1880030 183
1880040 183
1880050 183
1880060 183
1880070 183
1880080 183
1880090 183
1880100 183
1880110 183
1880120 183
1880130 183
1880140 183
1880150 183
1880160 183
1880170 183
1880180 183
1880190 183
1880200 183
1880210 183
1880220 182
1880230 182
1880240 182
1880250 182
1880260 182
1880270 182
1880280 182
1880290 182
1880300 182
1880310 182
1880320 182
1880330 182
1880340 182
1880350 182
1880360 182
1880370 182
1880380 182
1880390 182
1880400 182
1880410 182
1880420 182
1880430 182
1880440 182
1880450 182
1880460 182
1880470 182
1880480 182
1880490 182
1880500 181
1880510 181
1880520 181
1880530 181
1880540 181
1880550 181
1880560 181
1880570 181
1880580 181
1880590 181
1880600 181
1880610 181
1880620 181
1880630 180
1880640 180
1880650 180
1880660 180
1880670 180
1880680 180
1880690 180
1880700 179
1880710 179
1880720 179
1880730 179
1880740 178
1880750 178
1880760 178
1880770 177
1880780 177
1880790 177
1880800 177
1880810 177
1880820 176
1880830 176
1880840 176
1880850 176
1880860 176
1880870 176
1880880 176
1880890 176
1880900 176
1880910 176
1880920 177
1880930 177
1880940 177
1880950 178
1880960 178
1880970 178
1880980 179
1880990 179
1881000 180
1881010 180
1881020 180
1881030 181
1881040 182
1881050 182
1881060 182
1881070 182
1881080 182
1881090 183
1881100 183
1881110 183
1881120 183
1881130 183
1881140 183
1881150 183
1881160 183
1881170 183
1881180 183
1881190 183
1881200 183
1881210 183
1881220 183
1881230 183
1881240 183
1881250 183
1881260 183
1881270 183
1881280 183
1881290 183
1881300 183
1881310 183
1881320 183
1881330 183
1881340 183
1881350 183
1881360 183
1881370 183
1881380 183
1881390 183
1881400 183
1881410 183
1881420 183
1881430 183
1881440 183
1881450 183
1881460 183
1881470 183
1881480 183
1881490 183
1881500 183
1881510 183
1881520 183
1881530 183
1881540 183
1881550 183
1881560 183
1881570 183
1881580 183
1881590 183
1881600 183
1881610 183
1881620 183
1881630 183
1881640 183
1881650 183
1881660 183
1881670 183
1881680 183
1881690 183
1881700 183
1881710 183
1881720 183
1881730 183
1881740 183
1881750 182
1881760 182
1881770 182
1881780 182
1881790 182
1881800 182
1881810 183
1881820 183
1881830 183
1881840 183
1881850 182
1881860 182
1881870 182
1881880 182
1881890 182
1881900 182
1881910 182
1881920 182
1881930 182
1881940 182
1881950 182
1881960 182
1881970 182
1881980 182
1881990 182
1882000 182
1882010 181
1882020 181
1882030 181
1882040 181
1882050 181
1882060 181
1882070 181
1882080 181
1882090 181
1882100 181
1882110 181
1882120 181
1882130 181
1882140 181
1882150 181
1882160 181
1882170 181
1882180 181
1882190 181
1882200 181
1882210 181
1882220 181
1882230 181
1882240 181
1882250 181
1882260 181
1882270 181
1882280 181
1882290 181
1882300 181
1882310 181
1882320 181
1882330 180
1882340 180
1882350 180
1882360 180
1882370 180
1882380 180
1882390 180
1882400 179
1882410 179
1882420 179
1882430 180
1882440 180
1882450 180
1882460 180
1882470 180
1882480 180
1882490 180
1882500 180
1882510 180
1882520 179
1882530 179
1882540 179
1882550 178
1882560 178
1882570 178
1882580 177
1882590 177
1882600 177
1882610 176
1882620 176
1882630 176
1882640 176
1882650 176
1882660 177
1882670 177
1882680 177
1882690 177
1882700 177
1882710 177
1882720 176
1882730 175
1882740 175
1882750 174
1882760 174
1882770 174
1882780 174
1882790 173
1882800 173
1882810 173
1882820 172
1882830 172
1882840 172
1882850 171
1882860 171
1882870 171
1882880 171
1882890 171
1882900 171
1882910 170
1882920 170
1882930 169
1882940 169
1882950 169
1882960 169
1882970 168
1882980 168
1882990 168
1883000 167
1883010 167
1883020 167
1883030 167
1883040 167
1883050 167
1883060 167
1883070 167
1883080 167
1883090 167
1883100 167
1883110 168
1883120 168
1883130 168
1883140 168
1883150 168
1883160 168
1883170 168
1883180 168
1883190 168
1883200 168
1883210 168
1883220 168
1883230 168
1883240 169
1883250 169
1883260 170
1883270 170
1883280 170
1883290 171
1883300 171
1883310 171
1883320 172
1883330 172
1883340 172
1883350 173
1883360 173
1883370 173
1883380 174
1883390 174
1883400 174
1883410 175
1883420 175
1883430 175
1883440 175
1883450 176
1883460 176
1883470 176
1883480 176
1883490 176
1883500 176
1883510 177
1883520 177
1883530 177
1883540 177
1883550 177
1883560 178
1883570 178
1883580 178
1883590 178
1883600 178
1883610 178
1883620 178
1883630 178
1883640 178
1883650 179
1883660 179
1883670 179
1883680 179
1883690 179
1883700 179
1883710 179
1883720 180
1883730 180
1883740 180
1883750 180
1883760 180
1883770 180
1883780 180
1883790 180
1883800 180
1883810 180
1883820 180
1883830 180
1883840 180
1883850 180
1883860 181
1883870 181
1883880 181
1883890 181
1883900 182
1883910 182
1883920 182
1883930 182
1883940 182
1883950 182
1883960 182
1883970 182
1883980 182
1883990 183
1884000 183
1884010 183
1884020 183
1884030 183
1884040 182
1884050 183
1884060 183
1884070 183
1884080 183
1884090 183
1884100 183
1884110 183
1884120 183
1884130 183
1884140 183
1884150 183
1884160 183
1884170 183
1884180 183
1884190 183
1884200 183
1884210 184
1884220 184
1884230 184
1884240 184
1884250 184
1884260 185
1884270 185
1884280 185
1884290 185
1884300 185
1884310 186
1884320 186
1884330 186
1884340 186
1884350 186
1884360 186
1884370 186
1884380 186
1884390 186
1884400 186
1884410 187
1884420 187
1884430 187
1884440 187
1884450 187
1884460 187
1884470 187
1884480 187
1884490 187
1884500 187
1884510 187
1884520 187
1884530 188
1884540 188
1884550 188
1884560 188
1884570 189
1884580 189
1884590 189
1884600 189
1884610 189
1884620 189
1884630 189
1884640 189
1884650 190
1884660 190
1884670 190
1884680 190
1884690 190
1884700 190
1884710 191
1884720 191
1884730 191
1884740 191
1884750 191
1884760 191
1884770 191
1884780 192
1884790 192
1884800 192
1884810 192
1884820 192
1884830 192
1884840 193
1884850 193
1884860 193
1884870 193
1884880 193
1884890 193
1884900 193
1884910 193
1884920 193
1884930 194
1884940 194
1884950 194
1884960 194
1884970 194
1884980 194
1884990 194
1885000 194
1885010 194
1885020 195
1885030 195
1885040 195
1885050 195
1885060 195
1885070 195
1885080 195
1885090 195
1885100 195
1885110 195
1885120 195
1885130 195
1885140 196
1885150 196
1885160 196
1885170 196
1885180 196
1885190 197
1885200 197
1885210 197
1885220 197
1885230 197
1885240 197
1885250 198
1885260 198
1885270 198
1885280 198
1885290 198
1885300 198
1885310 199
1885320 199
1885330 199
1885340 200
1885350 200
1885360 200
1885370 200
1885380 201
1885390 201
1885400 201
1885410 201
1885420 201
1885430 201
1885440 201
1885450 201
1885460 202
1885470 202
1885480 202
1885490 202
1885500 203
1885510 203
1885520 203
1885530 203
1885540 203
1885550 204
1885560 204
1885570 204
1885580 204
1885590 205
1885600 205
1885610 205
1885620 205
1885630 205
1885640 206
1885650 206
1885660 206
1885670 206
1885680 206
1885690 206
1885700 206
1885710 206
1885720 206
1885730 207
1885740 207
1885750 207
1885760 207
1885770 207
1885780 207
1885790 207
1885800 207
1885810 207
1885820 208
1885830 208
1885840 208
1885850 208
1885860 208
1885870 208
1885880 208
1885890 209
1885900 209
1885910 209
1885920 209
1885930 209
1885940 209
1885950 209
1885960 209
1885970 210
1885980 210
1885990 210
1886000 210
1886010 211
1886020 211
1886030 211
1886040 211
1886050 211
1886060 211
1886070 211
1886080 211
1886090 211
1886100 211
1886110 211
1886120 211
1886130 212
1886140 212
1886150 212
1886160 213
1886170 213
1886180 213
1886190 214
1886200 214
1886210 214
1886220 215
1886230 215
1886240 216
1886250 216
1886260 216
1886270 217
1886280 217
1886290 217
1886300 217
1886310 218
1886320 218
1886330 218
1886340 218
1886350 218
1886360 219
1886370 219
1886380 219
1886390 220
1886400 220
1886410 220
1886420 221
1886430 221
1886440 221
1886450 221
1886460 221
1886470 222
1886480 222
1886490 222
1886500 222
1886510 222
1886520 222
1886530 222
1886540 222
1886550 222
1886560 222
1886570 222
1886580 222
1886590 222
1886600 223
1886610 223
1886620 223
1886630 223
1886640 224
1886650 224
1886660 224
1886670 224
1886680 224
1886690 224
1886700 225
1886710 225
1886720 224
1886730 224
1886740 224
1886750 224
1886760 224
1886770 224
1886780 225
1886790 225
1886800 225
1886810 225
1886820 226
1886830 226
1886840 226
1886850 226
1886860 227
1886870 227
1886880 227
1886890 227
1886900 227
1886910 228
1886920 228
1886930 228
1886940 229
1886950 229
1886960 229
1886970 229
1886980 230
1886990 230
1887000 230
1887010 230
1887020 230
1887030 230
1887040 230
1887050 230
1887060 231
1887070 231
1887080 231
1887090 231
1887100 232
1887110 232
1887120 232
1887130 233
1887140 233
1887150 233
1887160 234
1887170 234
1887180 234
1887190 234
1887200 234
1887210 235
1887220 235
1887230 235
1887240 235
1887250 235
1887260 235
1887270 235
1887280 235
1887290 235
1887300 236
1887310 236
1887320 236
1887330 236
1887340 236
1887350 236
1887360 237
1887370 237
1887380 237
1887390 237
1887400 238
1887410 238
1887420 238
1887430 239
1887440 239
1887450 239
1887460 240
1887470 240
1887480 240
1887490 241
1887500 241
1887510 241
1887520 241
1887530 241
1887540 242
1887550 242
1887560 242
1887570 242
1887580 243
1887590 243
1887600 243
1887610 243
1887620 243
1887630 244
1887640 244
1887650 244
1887660 244
1887670 244
1887680 244
1887690 245
1887700 245
1887710 245
1887720 245
1887730 245
1887740 245
1887750 246
1887760 247
1887770 247
1887780 247
1887790 247
1887800 247
1887810 247
1887820 248
1887830 248
1887840 248
1887850 248
1887860 248
1887870 249
1887880 249
1887890 249
1887900 249
1887910 249
1887920 249
1887930 250
1887940 250
1887950 250
1887960 251
1887970 251
1887980 251
1887990 252
1888000 252
1888010 252
1888020 253
1888030 254
1888040 254
1888050 255
1888060 256
1888070 256
1888080 257
1888090 257
1888100 257
1888110 258
1888120 259
1888130 259
1888140 260
1888150 260
1888160 260
1888170 261
1888180 262
1888190 262
1888200 263
1888210 264
1888220 264
1888230 265
1888240 265
1888250 265
1888260 266
1888270 267
1888280 267
1888290 268
1888300 269
1888310 269
1888320 270
1888330 270
1888340 270
1888350 271
1888360 271
1888370 271
1888380 272
1888390 273
1888400 273
1888410 274
1888420 275
1888430 275
1888440 275
1888450 276
1888460 276
1888470 277
1888480 277
1888490 277
1888500 278
1888510 278
1888520 278
1888530 279
1888540 279
1888550 279
1888560 280
1888570 280
1888580 280
1888590 280
1888600 281
1888610 281
1888620 281
1888630 281
1888640 281
1888650 281
1888660 281
1888670 281
1888680 280
1888690 280
1888700 280
1888710 279
1888720 278
1888730 278
1888740 277
1888750 275
1888760 275
1888770 274
1888780 272
1888790 272
1888800 271
1888810 271
1888820 271
1888830 271
1888840 272
1888850 272
1888860 273
1888870 273
1888880 273
1888890 275
1888900 276
1888910 276
1888920 277
1888930 278
1888940 278
1888950 279
1888960 280
1888970 280
1888980 281
1888990 282
1889000 282
1889010 282
1889020 282
1889030 282
1889040 282
1889050 280
1889060 280
1889070 278
1889080 277
1889090 277
1889100 276
1889110 276
1889120 276
1889130 276
1889140 276
1889150 276
1889160 278
1889170 280
1889180 280
1889190 283
1889200 286
1889210 286
1889220 288
1889230 290
1889240 290
1889250 292
1889260 294
1889270 294
1889280 294
1889290 296
1889300 296
1889310 296
1889320 297
1889330 297
1889340 298
1889350 297
1889360 299
1889370 299
1889380 298
1889390 298
1889400 298
1889410 298
1889420 298
1889430 298
1889440 298
1889450 298
1889460 298
1889470 297
1889480 297
1889490 297
1889500 297
1889510 296
1889520 296
1889530 296
1889540 296
1889550 296
1889560 296
1889570 295
1889580 295
1889590 294
1889600 294
1889610 294
1889620 293
1889630 291
1889640 291
1889650 290
1889660 288
1889670 288
1889680 286
1889690 284
1889700 284
1889710 282
1889720 280
1889730 280
1889740 278
1889750 277
1889760 277
1889770 277
1889780 277
1889790 277
1889800 277
1889810 277
1889820 277
1889830 277
1889840 277
1889850 277
1889860 277
1889870 277
1889880 277
1889890 277
1889900 277
1889910 277
1889920 277
1889930 276
1889940 276
1889950 276
1889960 276
1889970 276
1889980 275
1889990 275
1890000 277
1890010 277
1890020 277
1890030 277
1890040 277
1890050 277
1890060 277
1890070 278
1890080 277
1890090 277
1890100 277
1890110 277
1890120 277
1890130 276
1890140 275
1890150 275
1890160 274
1890170 273
1890180 273
1890190 272
1890200 271
1890210 271
1890220 271
1890230 270
1890240 270
1890250 270
1890260 270
1890270 270
1890280 270
1890290 270
1890300 270
1890310 270
1890320 272
1890330 272
1890340 271
1890350 270
1890360 270
1890370 269
1890380 269
1890390 269
1890400 269
1890410 270
1890420 270
1890430 272
1890440 274
1890450 274
1890460 275
1890470 277
1890480 277
1890490 278
1890500 279
1890510 279
1890520 279
1890530 280
1890540 280
1890550 280
1890560 280
1890570 280
1890580 280
1890590 280
1890600 280
1890610 280
1890620 281
1890630 281
1890640 282
1890650 282
1890660 282
1890670 282
1890680 282
1890690 282
1890700 282
1890710 282
1890720 282
1890730 282
1890740 282
1890750 282
1890760 281
1890770 281
1890780 281
1890790 281
1890800 281
1890810 281
1890820 282
1890830 282
1890840 282
1890850 282
1890860 281
1890870 281
1890880 279
1890890 278
1890900 278
1890910 277
1890920 277
1890930 277
1890940 276
1890950 275
1890960 275
1890970 276
1890980 276
1890990 276
1891000 276
1891010 276
1891020 276
1891030 275
1891040 274
1891050 274
1891060 273
1891070 272
1891080 272
1891090 272
1891100 272
1891110 272
1891120 274
1891130 275
1891140 275
1891150 276
1891160 277
1891170 277
1891180 277
1891190 278
1891200 278
1891210 278
1891220 278
1891230 278
1891240 278
1891250 278
1891260 278
1891270 277
1891280 277
1891290 277
1891300 277
1891310 276
1891320 276
1891330 276
1891340 275
1891350 275
1891360 275
1891370 275
1891380 275
1891390 274
1891400 273
1891410 273
1891420 273
1891430 272
1891440 272
1891450 271
1891460 271
1891470 271
1891480 270
1891490 270
1891500 270
1891510 269
1891520 269
1891530 269
1891540 268
1891550 268
1891560 268
1891570 267
1891580 267
1891590 266
1891600 265
1891610 264
1891620 264
1891630 264
1891640 263
1891650 263
1891660 262
1891670 261
1891680 261
1891690 260
1891700 259
1891710 259
1891720 258
1891730 257
1891740 257
1891750 257
1891760 256
1891770 256
1891780 256
1891790 255
1891800 255
1891810 255
1891820 254
1891830 254
1891840 254
1891850 253
1891860 253
1891870 253
1891880 252
1891890 252
1891900 252
1891910 251
1891920 251
1891930 251
1891940 250
1891950 250
1891960 250
1891970 249
1891980 249
1891990 249
1892000 249
1892010 249
1892020 249
1892030 248
1892040 248
1892050 248
1892060 246
1892070 245
1892080 245
1892090 248
1892100 250
1892110 250
1892120 252
1892130 254
1892140 254
1892150 255
1892160 256
1892170 256
1892180 258
1892190 259
1892200 259
1892210 260
1892220 261
1892230 261
1892240 263
1892250 265
1892260 265
1892270 267
1892280 268
1892290 268
1892300 270
1892310 271
1892320 271
1892330 273
1892340 277
1892350 277
1892360 279
1892370 281
1892380 281
1892390 282
1892400 282
1892410 282
1892420 282
1892430 281
1892440 281
1892450 281
1892460 280
1892470 280
1892480 279
1892490 279
1892500 279
1892510 278
1892520 277
1892530 277
1892540 276
1892550 276
1892560 276
1892570 275
1892580 275
1892590 275
1892600 275
1892610 275
1892620 275
1892630 275
1892640 275
1892650 275
1892660 275
1892670 275
1892680 275
1892690 276
1892700 276
1892710 276
1892720 276
1892730 276
1892740 276
1892750 276
1892760 276
1892770 276
1892780 276
1892790 277
1892800 277
1892810 277
1892820 277
1892830 277
1892840 277
1892850 276
1892860 275
1892870 275
1892880 275
1892890 275
1892900 274
1892910 274
1892920 274
1892930 274
1892940 274
1892950 274
1892960 274
1892970 274
1892980 274
1892990 274
1893000 274
1893010 274
1893020 274
1893030 275
1893040 275
1893050 275
1893060 275
1893070 275
1893080 274
1893090 274
1893100 274
1893110 275
1893120 275
1893130 275
1893140 276
1893150 277
1893160 277
1893170 278
1893180 277
1893190 277
1893200 277
1893210 277
1893220 277
1893230 276
1893240 275
1893250 275
1893260 275
1893270 275
1893280 275
1893290 274
1893300 273
1893310 273
1893320 272
1893330 270
1893340 270
1893350 269
1893360 267
1893370 267
1893380 264
1893390 261
1893400 261
1893410 259
1893420 256
1893430 256
1893440 253
1893450 251
1893460 251
1893470 249
1893480 248
1893490 247
1893500 247
1893510 247
1893520 247
1893530 247
1893540 247
1893550 247
1893560 248
1893570 248
1893580 248
1893590 249
1893600 250
1893610 250
1893620 250
1893630 251
1893640 251
1893650 252
1893660 253
1893670 253
1893680 254
1893690 255
1893700 255
1893710 256
1893720 257
1893730 257
1893740 258
1893750 259
1893760 259
1893770 260
1893780 262
1893790 262
1893800 263
1893810 266
1893820 266
1893830 267
1893840 268
1893850 268
1893860 270
1893870 271
1893880 271
1893890 272
1893900 273
1893910 273
1893920 273
1893930 274
1893940 274
1893950 275
1893960 274
1893970 274
1893980 275
1893990 278
1894000 278
1894010 279
1894020 281
1894030 281
1894040 282
1894050 283
1894060 283
1894070 285
1894080 286
1894090 286
1894100 287
1894110 288
1894120 288
1894130 288
1894140 289
1894150 289
1894160 291
1894170 293
1894180 293
1894190 294
1894200 295
1894210 295
1894220 295
1894230 296
1894240 296
1894250 296
1894260 296
1894270 296
1894280 296
1894290 296
1894300 296
1894310 296
1894320 296
1894330 296
1894340 295
1894350 295
1894360 295
1894370 295
1894380 294
1894390 294
1894400 294
1894410 293
1894420 293
1894430 293
1894440 294
1894450 293
1894460 293
1894470 293
1894480 293
1894490 293
1894500 292
1894510 292
1894520 292
1894530 292
1894540 291
1894550 291
1894560 290
1894570 289
1894580 289
1894590 289
1894600 291
1894610 291
1894620 293
1894630 294
1894640 294
1894650 295
1894660 295
1894670 295
1894680 295
1894690 294
1894700 294
1894710 292
1894720 289
1894730 289
1894740 285
1894750 280
1894760 280
1894770 274
1894780 269
1894790 269
1894800 263
1894810 260
1894820 260
1894830 261
1894840 262
1894850 262
1894860 263
1894870 263
1894880 263
1894890 265
1894900 268
1894910 268
1894920 271
1894930 273
1894940 273
1894950 275
1894960 276
1894970 276
1894980 276
1894990 276
1895000 276
1895010 274
1895020 273
1895030 273
1895040 274
1895050 276
1895060 276
1895070 279
1895080 279
1895090 279
1895100 277
1895110 274
1895120 274
1895130 270
1895140 266
1895150 266
1895160 263
1895170 263
1895180 263
1895190 262
1895200 259
1895210 259
1895220 254
1895230 252
1895240 252
1895250 258
1895260 263
1895270 263
1895280 269
1895290 274
1895300 274
1895310 278
1895320 280
1895330 280
1895340 282
1895350 282
1895360 282
1895370 282
1895380 282
1895390 283
1895400 282
1895410 281
1895420 281
1895430 281
1895440 281
1895450 281
1895460 282
1895470 284
1895480 284
1895490 285
1895500 285
1895510 285
1895520 286
1895530 286
1895540 286
1895550 286
1895560 286
1895570 286
1895580 286
1895590 286
1895600 286
1895610 286
1895620 285
1895630 285
1895640 285
1895650 285
1895660 285
1895670 284
1895680 283
1895690 283
1895700 283
1895710 282
1895720 282
1895730 281
1895740 279
1895750 279
1895760 278
1895770 276
1895780 276
1895790 275
1895800 272
1895810 272
1895820 270
1895830 268
1895840 268
1895850 266
1895860 264
1895870 264
1895880 262
1895890 260
1895900 260
1895910 258
1895920 255
1895930 255
1895940 253
1895950 250
1895960 250
1895970 248
1895980 245
1895990 245
1896000 243
1896010 241
1896020 240
1896030 237
1896040 235
1896050 235
1896060 232
1896070 230
1896080 230
1896090 228
1896100 225
1896110 225
1896120 222
1896130 218
1896140 218
1896150 214
1896160 210
1896170 210
1896180 206
1896190 202
1896200 202
1896210 201
1896220 197
1896230 197
1896240 194
1896250 191
1896260 191
1896270 191
1896280 190
1896290 190
1896300 186
1896310 185
1896320 185
1896330 181
1896340 179
1896350 179
1896360 177
1896370 175
1896380 175
1896390 174
1896400 172
1896410 172
1896420 171
1896430 171
1896440 171
1896450 171
1896460 171
1896470 171
1896480 170
1896490 169
1896500 169
1896510 166
1896520 162
1896530 162
1896540 158
1896550 154
1896560 154
1896570 152
1896580 148
1896590 148
1896600 145
1896610 142
1896620 142
1896630 139
1896640 139
1896650 139
1896660 139
1896670 138
1896680 138
1896690 138
1896700 137
1896710 137
1896720 137
1896730 137
1896740 137
1896750 137
1896760 137
1896770 137
1896780 136
1896790 136
1896800 136
1896810 136
1896820 136
1896830 136
1896840 136
1896850 136
1896860 136
1896870 137
1896880 137
1896890 137
1896900 137
1896910 137
1896920 137
1896930 137
1896940 137
1896950 137
1896960 137
1896970 137
1896980 136
1896990 136
1897000 136
1897010 136
1897020 136
1897030 136
1897040 136
1897050 136
1897060 136
1897070 136
1897080 136
1897090 136
1897100 136
1897110 136
1897120 136
1897130 136
1897140 136
1897150 136
1897160 136
1897170 136
1897180 136
1897190 136
1897200 136
1897210 136
1897220 137
1897230 137
1897240 137
1897250 137
1897260 137
1897270 137
1897280 137
1897290 137
1897300 137
1897310 137
1897320 137
1897330 137
1897340 137
1897350 137
1897360 137
1897370 138
1897380 138
1897390 138
1897400 138
1897410 138
1897420 137
1897430 137
1897440 137
1897450 137
1897460 137
1897470 137
1897480 137
1897490 137
1897500 137
1897510 137
1897520 137
1897530 137
1897540 136
1897550 136
1897560 136
1897570 136
1897580 136
1897590 136
1897600 136
1897610 136
1897620 136
1897630 137
1897640 137
1897650 137
1897660 136
1897670 136
1897680 136
1897690 136
1897700 136
1897710 136
1897720 136
1897730 136
1897740 136
1897750 136
1897760 136
1897770 136
1897780 136
1897790 136
1897800 136
1897810 137
1897820 137
1897830 137
1897840 137
1897850 136
1897860 136
1897870 136
1897880 137
1897890 137
1897900 137
1897910 137
1897920 137
1897930 137
1897940 137
1897950 137
1897960 137
1897970 137
1897980 137
1897990 137
1898000 137
1898010 137
1898020 137
1898030 137
1898040 137
1898050 137
1898060 137
1898070 137
1898080 137
1898090 137
1898100 137
1898110 137
1898120 137
1898130 137
1898140 137
1898150 136
1898160 136
1898170 136
1898180 137
1898190 137
1898200 137
1898210 137
1898220 137
1898230 137
1898240 137
1898250 137
1898260 137
1898270 137
1898280 137
1898290 137
1898300 136
1898310 136
1898320 136
1898330 136
1898340 136
1898350 136
1898360 136
1898370 136
1898380 137
1898390 137
1898400 137
1898410 137
1898420 137
1898430 137
1898440 137
1898450 137
1898460 137
1898470 136
1898480 136
1898490 136
1898500 137
1898510 137
1898520 137
1898530 137
1898540 137
1898550 137
1898560 137
1898570 137
1898580 137
1898590 137
1898600 137
1898610 137
1898620 137
1898630 137
1898640 137
1898650 137
1898660 137
1898670 137
1898680 137
1898690 137
1898700 137
1898710 137
1898720 137
1898730 137
1898740 136
1898750 136
1898760 136
1898770 136
1898780 136
1898790 136
1898800 136
1898810 137
1898820 137
1898830 137
1898840 137
1898850 137
1898860 136
1898870 136
1898880 136
1898890 136
1898900 136
1898910 136
1898920 136
1898930 136
1898940 136
1898950 136
1898960 136
1898970 136
1898980 136
1898990 136
1899000 136
1899010 136
1899020 136
1899030 136
1899040 136
1899050 136
1899060 136
1899070 136
1899080 136
1899090 136
1899100 136
1899110 136
1899120 136
1899130 136
1899140 136
1899150 136
1899160 136
1899170 136
1899180 136
1899190 136
1899200 136
1899210 136
1899220 136
1899230 136
1899240 136
1899250 136
1899260 136
1899270 136
1899280 136
1899290 136
1899300 136
1899310 136
1899320 136
1899330 136
1899340 136
1899350 136
1899360 136
1899370 136
1899380 136
1899390 136
1899400 135
1899410 136
1899420 136
1899430 135
1899440 135
1899450 135
1899460 135
1899470 135
1899480 135
1899490 135
1899500 135
1899510 135
1899520 135
1899530 136
1899540 136
1899550 136
1899560 136
1899570 137
1899580 137
1899590 137
1899600 137
1899610 137
1899620 137
1899630 137
1899640 137
1899650 137
1899660 137
1899670 137
1899680 137
1899690 136
1899700 136
1899710 136
1899720 137
1899730 137
1899740 136
1899750 136
1899760 136
1899770 136
1899780 136
1899790 136
1899800 136
1899810 136
1899820 136
1899830 136
1899840 136
1899850 136
1899860 136
1899870 136
1899880 136
1899890 136
1899900 136
1899910 136
1899920 136
1899930 136
1899940 136
1899950 136
1899960 136
1899970 136
1899980 136
1899990 136
