1880000 179
1880010 179
1880020 179
1880030 179
1880040 179
1880050 179
1880060 179
1880070 179
1880080 179
1880090 179
1880100 178
1880110 178
1880120 179
1880130 179
1880140 179
1880150 179
1880160 179
1880170 179
1880180 179
1880190 179
1880200 179
1880210 179
1880220 179
1880230 179
1880240 179
1880250 179
1880260 179
1880270 179
1880280 180
1880290 180
1880300 180
1880310 180
1880320 180
1880330 180
1880340 180
1880350 180
1880360 180
1880370 180
1880380 180
1880390 180
1880400 180
1880410 180
1880420 180
1880430 180
1880440 180
1880450 180
1880460 181
1880470 181
1880480 180
1880490 180
1880500 180
1880510 180
1880520 180
1880530 180
1880540 180
1880550 180
1880560 180
1880570 180
1880580 180
1880590 180
1880600 180
1880610 180
1880620 180
1880630 179
1880640 179
1880650 179
1880660 179
1880670 179
1880680 179
1880690 178
1880700 178
1880710 178
1880720 178
1880730 177
1880740 177
1880750 177
1880760 176
1880770 176
1880780 176
1880790 176
1880800 176
1880810 175
1880820 174
1880830 174
1880840 174
1880850 173
1880860 173
1880870 173
1880880 173
1880890 173
1880900 172
1880910 172
1880920 172
1880930 172
1880940 172
1880950 172
1880960 172
1880970 172
1880980 172
1880990 172
1881000 172
1881010 172
1881020 172
1881030 172
1881040 172
1881050 173
1881060 174
1881070 174
1881080 174
1881090 175
1881100 175
1881110 176
1881120 176
1881130 176
1881140 177
1881150 177
1881160 177
1881170 177
1881180 177
1881190 176
1881200 176
1881210 176
1881220 176
1881230 176
1881240 176
1881250 176
1881260 176
1881270 176
1881280 176
1881290 176
1881300 176
1881310 176
1881320 176
1881330 176
1881340 176
1881350 176
1881360 176
1881370 176
1881380 176
1881390 176
1881400 175
1881410 175
1881420 175
1881430 175
1881440 175
1881450 175
1881460 175
1881470 175
1881480 175
1881490 175
1881500 175
1881510 175
1881520 176
1881530 176
1881540 176
1881550 177
1881560 177
1881570 177
1881580 178
1881590 178
1881600 178
1881610 179
1881620 179
1881630 179
1881640 179
1881650 179
1881660 180
1881670 180
1881680 180
1881690 180
1881700 180
1881710 180
1881720 180
1881730 180
1881740 180
1881750 180
1881760 180
1881770 180
1881780 180
1881790 179
1881800 179
1881810 179
1881820 179
1881830 179
1881840 178
1881850 178
1881860 178
1881870 178
1881880 177
1881890 177
1881900 177
1881910 177
1881920 177
1881930 176
1881940 176
1881950 176
1881960 176
1881970 176
1881980 176
1881990 175
1882000 175
1882010 175
1882020 174
1882030 174
1882040 174
1882050 174
1882060 173
1882070 173
1882080 173
1882090 173
1882100 173
1882110 172
1882120 172
1882130 172
1882140 172
1882150 172
1882160 171
1882170 171
1882180 171
1882190 171
1882200 171
1882210 171
1882220 171
1882230 171
1882240 171
1882250 171
1882260 171
1882270 171
1882280 171
1882290 171
1882300 171
1882310 171
1882320 171
1882330 171
1882340 171
1882350 170
1882360 170
1882370 170
1882380 170
1882390 170
1882400 170
1882410 169
1882420 169
1882430 169
1882440 168
1882450 168
1882460 168
1882470 167
1882480 167
1882490 166
1882500 166
1882510 166
1882520 166
1882530 166
1882540 165
1882550 165
1882560 165
1882570 165
1882580 165
1882590 165
1882600 165
1882610 165
1882620 165
1882630 165
1882640 165
1882650 165
1882660 164
1882670 164
1882680 165
1882690 165
1882700 165
1882710 165
1882720 165
1882730 165
1882740 165
1882750 165
1882760 165
1882770 165
1882780 165
1882790 165
1882800 165
1882810 165
1882820 165
1882830 165
1882840 166
1882850 166
1882860 166
1882870 166
1882880 166
1882890 167
1882900 168
1882910 168
1882920 168
1882930 168
1882940 168
1882950 168
1882960 168
1882970 168
1882980 168
1882990 168
1883000 168
1883010 169
1883020 169
1883030 169
1883040 169
1883050 169
1883060 169
1883070 170
1883080 170
1883090 170
1883100 170
1883110 170
1883120 170
1883130 170
1883140 171
1883150 171
1883160 171
1883170 171
1883180 171
1883190 171
1883200 171
1883210 171
1883220 171
1883230 171
1883240 171
1883250 172
1883260 172
1883270 172
1883280 172
1883290 173
1883300 173
1883310 173
1883320 173
1883330 173
1883340 173
1883350 174
1883360 174
1883370 174
1883380 174
1883390 174
1883400 174
1883410 174
1883420 174
1883430 175
1883440 175
1883450 175
1883460 175
1883470 176
1883480 176
1883490 176
1883500 177
1883510 177
1883520 177
1883530 177
1883540 177
1883550 177
1883560 177
1883570 177
1883580 177
1883590 177
1883600 177
1883610 177
1883620 177
1883630 177
1883640 177
1883650 178
1883660 178
1883670 178
1883680 178
1883690 178
1883700 179
1883710 179
1883720 179
1883730 179
1883740 179
1883750 179
1883760 180
1883770 180
1883780 180
1883790 180
1883800 180
1883810 181
1883820 181
1883830 181
1883840 181
1883850 181
1883860 181
1883870 181
1883880 181
1883890 181
1883900 181
1883910 181
1883920 181
1883930 182
1883940 182
1883950 182
1883960 182
1883970 182
1883980 182
1883990 182
1884000 182
1884010 182
1884020 182
1884030 182
1884040 182
1884050 183
1884060 183
1884070 183
1884080 183
1884090 183
1884100 183
1884110 183
1884120 183
1884130 184
1884140 184
1884150 184
1884160 184
1884170 184
1884180 184
1884190 185
1884200 185
1884210 185
1884220 185
1884230 186
1884240 186
1884250 186
1884260 186
1884270 186
1884280 186
1884290 187
1884300 187
1884310 187
1884320 187
1884330 187
1884340 187
1884350 187
1884360 187
1884370 188
1884380 188
1884390 188
1884400 188
1884410 188
1884420 188
1884430 189
1884440 189
1884450 189
1884460 190
1884470 190
1884480 190
1884490 190
1884500 191
1884510 191
1884520 191
1884530 192
1884540 192
1884550 192
1884560 192
1884570 192
1884580 192
1884590 191
1884600 191
1884610 191
1884620 192
1884630 192
1884640 192
1884650 192
1884660 192
1884670 192
1884680 192
1884690 192
1884700 193
1884710 193
1884720 193
1884730 194
1884740 194
1884750 194
1884760 194
1884770 195
1884780 195
1884790 195
1884800 196
1884810 196
1884820 196
1884830 196
1884840 196
1884850 197
1884860 197
1884870 197
1884880 197
1884890 198
1884900 198
1884910 198
1884920 199
1884930 199
1884940 199
1884950 199
1884960 199
1884970 200
1884980 200
1884990 200
1885000 201
1885010 201
1885020 201
1885030 201
1885040 202
1885050 202
1885060 203
1885070 203
1885080 203
1885090 204
1885100 204
1885110 204
1885120 204
1885130 204
1885140 204
1885150 204
1885160 204
1885170 204
1885180 205
1885190 205
1885200 205
1885210 205
1885220 206
1885230 206
1885240 206
1885250 206
1885260 206
1885270 206
1885280 206
1885290 206
1885300 206
1885310 206
1885320 206
1885330 206
1885340 206
1885350 206
1885360 206
1885370 207
1885380 207
1885390 207
1885400 207
1885410 208
1885420 209
1885430 209
1885440 209
1885450 209
1885460 210
1885470 210
1885480 210
1885490 210
1885500 210
1885510 210
1885520 210
1885530 210
1885540 211
1885550 211
1885560 211
1885570 212
1885580 212
1885590 212
1885600 212
1885610 213
1885620 213
1885630 213
1885640 214
1885650 214
1885660 214
1885670 215
1885680 215
1885690 215
1885700 215
1885710 215
1885720 216
1885730 217
1885740 217
1885750 217
1885760 217
1885770 217
1885780 217
1885790 218
1885800 218
1885810 218
1885820 218
1885830 218
1885840 219
1885850 219
1885860 219
1885870 220
1885880 220
1885890 220
1885900 220
1885910 220
1885920 220
1885930 220
1885940 220
1885950 220
1885960 220
1885970 221
1885980 221
1885990 221
1886000 221
1886010 221
1886020 221
1886030 221
1886040 221
1886050 222
1886060 222
1886070 222
1886080 222
1886090 222
1886100 222
1886110 222
1886120 222
1886130 222
1886140 222
1886150 222
1886160 222
1886170 222
1886180 223
1886190 223
1886200 223
1886210 223
1886220 223
1886230 223
1886240 224
1886250 224
1886260 224
1886270 225
1886280 225
1886290 225
1886300 225
1886310 225
1886320 226
1886330 226
1886340 227
1886350 227
1886360 227
1886370 228
1886380 228
1886390 229
1886400 229
1886410 229
1886420 230
1886430 230
1886440 230
1886450 231
1886460 231
1886470 231
1886480 231
1886490 232
1886500 232
1886510 232
1886520 232
1886530 232
1886540 232
1886550 232
1886560 232
1886570 232
1886580 232
1886590 232
1886600 232
1886610 232
1886620 232
1886630 232
1886640 233
1886650 233
1886660 233
1886670 233
1886680 233
1886690 234
1886700 234
1886710 234
1886720 235
1886730 235
1886740 235
1886750 235
1886760 235
1886770 235
1886780 235
1886790 235
1886800 235
1886810 235
1886820 235
1886830 235
1886840 236
1886850 236
1886860 236
1886870 236
1886880 236
1886890 236
1886900 236
1886910 237
1886920 237
1886930 237
1886940 237
1886950 237
1886960 237
1886970 237
1886980 237
1886990 238
1887000 238
1887010 238
1887020 239
1887030 239
1887040 239
1887050 240
1887060 241
1887070 241
1887080 241
1887090 242
1887100 242
1887110 242
1887120 242
1887130 242
1887140 243
1887150 243
1887160 243
1887170 244
1887180 244
1887190 244
1887200 245
1887210 245
1887220 245
1887230 245
1887240 246
1887250 246
1887260 246
1887270 246
1887280 246
1887290 247
1887300 247
1887310 247
1887320 247
1887330 247
1887340 248
1887350 248
1887360 248
1887370 248
1887380 248
1887390 248
1887400 248
1887410 248
1887420 248
1887430 248
1887440 248
1887450 248
1887460 248
1887470 248
1887480 248
1887490 248
1887500 249
1887510 249
1887520 249
1887530 249
1887540 249
1887550 249
1887560 249
1887570 250
1887580 250
1887590 250
1887600 250
1887610 250
1887620 251
1887630 251
1887640 251
1887650 251
1887660 252
1887670 252
1887680 252
1887690 253
1887700 253
1887710 253
1887720 253
1887730 253
1887740 254
1887750 254
1887760 254
1887770 254
1887780 255
1887790 255
1887800 255
1887810 256
1887820 256
1887830 256
1887840 257
1887850 257
1887860 257
1887870 258
1887880 258
1887890 258
1887900 258
1887910 258
1887920 258
1887930 259
1887940 259
1887950 259
1887960 259
1887970 259
1887980 260
1887990 260
1888000 260
1888010 261
1888020 261
1888030 261
1888040 261
1888050 262
1888060 262
1888070 262
1888080 263
1888090 263
1888100 263
1888110 264
1888120 264
1888130 264
1888140 265
1888150 265
1888160 265
1888170 266
1888180 266
1888190 267
1888200 267
1888210 267
1888220 268
1888230 269
1888240 269
1888250 269
1888260 270
1888270 270
1888280 271
1888290 272
1888300 272
1888310 273
1888320 274
1888330 274
1888340 275
1888350 275
1888360 275
1888370 276
1888380 277
1888390 277
1888400 278
1888410 278
1888420 278
1888430 279
1888440 280
1888450 280
1888460 280
1888470 281
1888480 281
1888490 282
1888500 282
1888510 282
1888520 283
1888530 283
1888540 283
1888550 284
1888560 285
1888570 285
1888580 285
1888590 286
1888600 286
1888610 287
1888620 288
1888630 288
1888640 288
1888650 289
1888660 289
1888670 290
1888680 291
1888690 291
1888700 291
1888710 292
1888720 292
1888730 293
1888740 294
1888750 294
1888760 294
1888770 295
1888780 295
1888790 296
1888800 296
1888810 296
1888820 297
1888830 298
1888840 298
1888850 299
1888860 299
1888870 299
1888880 300
1888890 301
1888900 301
1888910 302
1888920 302
1888930 303
1888940 304
1888950 304
1888960 305
1888970 305
1888980 306
1888990 307
1889000 307
1889010 308
1889020 309
1889030 309
1889040 310
1889050 310
1889060 310
1889070 311
1889080 312
1889090 312
1889100 313
1889110 313
1889120 313
1889130 314
1889140 315
1889150 315
1889160 315
1889170 316
1889180 316
1889190 316
1889200 316
1889210 316
1889220 317
1889230 317
1889240 317
1889250 317
1889260 318
1889270 318
1889280 318
1889290 318
1889300 318
1889310 318
1889320 318
1889330 318
1889340 317
1889350 316
1889360 316
1889370 316
1889380 315
1889390 315
1889400 315
1889410 314
1889420 314
1889430 313
1889440 312
1889450 312
1889460 311
1889470 311
1889480 311
1889490 310
1889500 309
1889510 309
1889520 309
1889530 308
1889540 308
1889550 308
1889560 307
1889570 307
1889580 306
1889590 305
1889600 305
1889610 304
1889620 304
1889630 304
1889640 303
1889650 302
1889660 302
1889670 302
1889680 301
1889690 301
1889700 300
1889710 299
1889720 299
1889730 299
1889740 298
1889750 298
1889760 297
1889770 296
1889780 296
1889790 296
1889800 295
1889810 295
1889820 294
1889830 293
1889840 293
1889850 293
1889860 292
1889870 292
1889880 291
1889890 291
1889900 290
1889910 289
1889920 288
1889930 288
1889940 288
1889950 287
1889960 287
1889970 287
1889980 286
1889990 286
1890000 286
1890010 285
1890020 285
1890030 285
1890040 285
1890050 285
1890060 284
1890070 284
1890080 284
1890090 284
1890100 284
1890110 284
1890120 285
1890130 285
1890140 285
1890150 285
1890160 285
1890170 285
1890180 286
1890190 287
1890200 287
1890210 288
1890220 288
1890230 288
1890240 290
1890250 291
1890260 291
1890270 292
1890280 293
1890290 293
1890300 293
1890310 292
1890320 292
1890330 292
1890340 292
1890350 292
1890360 294
1890370 296
1890380 296
1890390 297
1890400 297
1890410 297
1890420 297
1890430 296
1890440 296
1890450 295
1890460 293
1890470 293
1890480 290
1890490 288
1890500 288
1890510 287
1890520 286
1890530 286
1890540 283
1890550 283
1890560 283
1890570 282
1890580 282
1890590 282
1890600 281
1890610 281
1890620 281
1890630 280
1890640 278
1890650 278
1890660 277
1890670 275
1890680 275
1890690 274
1890700 273
1890710 273
1890720 271
1890730 270
1890740 270
1890750 269
1890760 269
1890770 269
1890780 267
1890790 266
1890800 266
1890810 264
1890820 263
1890830 263
1890840 261
1890850 260
1890860 259
1890870 258
1890880 257
1890890 257
1890900 255
1890910 254
1890920 254
1890930 253
1890940 252
1890950 252
1890960 250
1890970 249
1890980 249
1890990 247
1891000 246
1891010 246
1891020 245
1891030 245
1891040 245
1891050 244
1891060 243
1891070 243
1891080 243
1891090 242
1891100 242
1891110 242
1891120 242
1891130 242
1891140 242
1891150 242
1891160 242
1891170 242
1891180 241
1891190 241
1891200 242
1891210 242
1891220 242
1891230 243
1891240 244
1891250 244
1891260 246
1891270 247
1891280 247
1891290 249
1891300 252
1891310 252
1891320 254
1891330 257
1891340 257
1891350 259
1891360 262
1891370 262
1891380 263
1891390 264
1891400 264
1891410 265
1891420 266
1891430 266
1891440 266
1891450 266
1891460 266
1891470 266
1891480 266
1891490 265
1891500 265
1891510 265
1891520 264
1891530 264
1891540 263
1891550 262
1891560 262
1891570 262
1891580 261
1891590 261
1891600 260
1891610 260
1891620 260
1891630 259
1891640 258
1891650 258
1891660 257
1891670 257
1891680 257
1891690 256
1891700 255
1891710 255
1891720 254
1891730 253
1891740 253
1891750 252
1891760 252
1891770 252
1891780 251
1891790 250
1891800 250
1891810 249
1891820 248
1891830 248
1891840 247
1891850 245
1891860 245
1891870 244
1891880 244
1891890 244
1891900 244
1891910 243
1891920 243
1891930 242
1891940 240
1891950 240
1891960 238
1891970 236
1891980 236
1891990 235
1892000 234
1892010 234
1892020 236
1892030 238
1892040 238
1892050 240
1892060 242
1892070 242
1892080 244
1892090 246
1892100 246
1892110 248
1892120 249
1892130 250
1892140 251
1892150 253
1892160 253
1892170 253
1892180 254
1892190 254
1892200 255
1892210 256
1892220 256
1892230 256
1892240 257
1892250 257
1892260 257
1892270 258
1892280 258
1892290 258
1892300 259
1892310 259
1892320 259
1892330 260
1892340 260
1892350 260
1892360 261
1892370 261
1892380 261
1892390 262
1892400 262
1892410 262
1892420 263
1892430 263
1892440 263
1892450 263
1892460 263
1892470 264
1892480 264
1892490 264
1892500 264
1892510 264
1892520 264
1892530 264
1892540 264
1892550 264
1892560 264
1892570 264
1892580 264
1892590 264
1892600 264
1892610 264
1892620 264
1892630 263
1892640 263
1892650 263
1892660 263
1892670 263
1892680 262
1892690 262
1892700 262
1892710 262
1892720 261
1892730 261
1892740 261
1892750 260
1892760 259
1892770 258
1892780 258
1892790 258
1892800 256
1892810 255
1892820 255
1892830 254
1892840 252
1892850 252
1892860 251
1892870 250
1892880 250
1892890 249
1892900 245
1892910 245
1892920 241
1892930 238
1892940 238
1892950 234
1892960 231
1892970 231
1892980 235
1892990 239
1893000 239
1893010 243
1893020 245
1893030 245
1893040 246
1893050 246
1893060 246
1893070 246
1893080 244
1893090 244
1893100 243
1893110 244
1893120 244
1893130 244
1893140 245
1893150 245
1893160 246
1893170 246
1893180 246
1893190 246
1893200 246
1893210 246
1893220 246
1893230 246
1893240 246
1893250 245
1893260 245
1893270 245
1893280 244
1893290 244
1893300 244
1893310 243
1893320 242
1893330 242
1893340 240
1893350 240
1893360 240
1893370 240
1893380 240
1893390 240
1893400 238
1893410 238
1893420 238
1893430 237
1893440 237
1893450 237
1893460 237
1893470 236
1893480 236
1893490 235
1893500 233
1893510 233
1893520 229
1893530 226
1893540 226
1893550 229
1893560 235
1893570 235
1893580 240
1893590 245
1893600 245
1893610 249
1893620 253
1893630 253
1893640 256
1893650 259
1893660 259
1893670 262
1893680 264
1893690 264
1893700 267
1893710 269
1893720 269
1893730 271
1893740 273
1893750 273
1893760 275
1893770 277
1893780 277
1893790 278
1893800 278
1893810 278
1893820 279
1893830 279
1893840 279
1893850 278
1893860 277
1893870 277
1893880 275
1893890 273
1893900 273
1893910 270
1893920 268
1893930 268
1893940 267
1893950 267
1893960 267
1893970 267
1893980 269
1893990 269
1894000 272
1894010 274
1894020 274
1894030 278
1894040 281
1894050 281
1894060 283
1894070 286
1894080 286
1894090 288
1894100 291
1894110 293
1894120 293
1894130 295
1894140 297
1894150 297
1894160 299
1894170 300
1894180 300
1894190 301
1894200 302
1894210 302
1894220 302
1894230 302
1894240 302
1894250 302
1894260 302
1894270 302
1894280 302
1894290 302
1894300 302
1894310 302
1894320 302
1894330 302
1894340 301
1894350 300
1894360 300
1894370 298
1894380 296
1894390 296
1894400 296
1894410 295
1894420 295
1894430 293
1894440 290
1894450 290
1894460 286
1894470 283
1894480 283
1894490 282
1894500 280
1894510 280
1894520 279
1894530 279
1894540 279
1894550 280
1894560 281
1894570 281
1894580 284
1894590 287
1894600 287
1894610 291
1894620 295
1894630 295
1894640 298
1894650 302
1894660 303
1894670 307
1894680 310
1894690 310
1894700 312
1894710 314
1894720 314
1894730 315
1894740 316
1894750 316
1894760 317
1894770 318
1894780 318
1894790 319
1894800 320
1894810 320
1894820 322
1894830 324
1894840 324
1894850 325
1894860 328
1894870 328
1894880 331
1894890 333
1894900 333
1894910 335
1894920 336
1894930 336
1894940 336
1894950 336
1894960 336
1894970 335
1894980 334
1894990 334
1895000 334
1895010 333
1895020 333
1895030 333
1895040 333
1895050 333
1895060 333
1895070 332
1895080 332
1895090 331
1895100 330
1895110 330
1895120 330
1895130 330
1895140 330
1895150 330
1895160 329
1895170 329
1895180 329
1895190 330
1895200 330
1895210 332
1895220 334
1895230 334
1895240 334
1895250 335
1895260 335
1895270 334
1895280 334
1895290 336
1895300 336
1895310 335
1895320 335
1895330 334
1895340 333
1895350 333
1895360 330
1895370 329
1895380 329
1895390 327
1895400 326
1895410 326
1895420 324
1895430 321
1895440 321
1895450 320
1895460 318
1895470 318
1895480 316
1895490 314
1895500 314
1895510 311
1895520 308
1895530 308
1895540 306
1895550 303
1895560 303
1895570 300
1895580 297
1895590 297
1895600 293
1895610 289
1895620 289
1895630 285
1895640 281
1895650 281
1895660 277
1895670 273
1895680 273
1895690 268
1895700 263
1895710 263
1895720 258
1895730 254
1895740 254
1895750 249
1895760 244
1895770 244
1895780 240
1895790 235
1895800 235
1895810 230
1895820 224
1895830 224
1895840 219
1895850 215
1895860 215
1895870 211
1895880 208
1895890 208
1895900 204
1895910 204
1895920 201
1895930 201
1895940 202
1895950 202
1895960 204
1895970 206
1895980 206
1895990 207
1896000 206
1896010 206
1896020 205
1896030 204
1896040 204
1896050 201
1896060 199
1896070 199
1896080 196
1896090 194
1896100 194
1896110 191
1896120 189
1896130 189
1896140 187
1896150 185
1896160 185
1896170 183
1896180 180
1896190 180
1896200 177
1896210 175
1896220 175
1896230 173
1896240 167
1896250 167
1896260 163
1896270 161
1896280 161
1896290 157
1896300 155
1896310 155
1896320 153
1896330 152
1896340 152
1896350 148
1896360 145
1896370 145
1896380 145
1896390 146
1896400 146
1896410 144
1896420 142
1896430 142
1896440 140
1896450 140
1896460 140
1896470 139
1896480 138
1896490 138
1896500 138
1896510 138
1896520 138
1896530 138
1896540 138
1896550 138
1896560 137
1896570 137
1896580 137
1896590 137
1896600 137
1896610 137
1896620 137
1896630 137
1896640 137
1896650 137
1896660 137
1896670 137
1896680 137
1896690 137
1896700 137
1896710 137
1896720 137
1896730 137
1896740 137
1896750 137
1896760 137
1896770 137
1896780 137
1896790 137
1896800 137
1896810 137
1896820 137
1896830 137
1896840 137
1896850 137
1896860 137
1896870 137
1896880 137
1896890 137
1896900 137
1896910 137
1896920 137
1896930 137
1896940 137
1896950 137
1896960 137
1896970 137
1896980 137
1896990 137
1897000 137
1897010 137
1897020 137
1897030 137
1897040 137
1897050 137
1897060 137
1897070 137
1897080 137
1897090 137
1897100 137
1897110 137
1897120 137
1897130 137
1897140 137
1897150 137
1897160 137
1897170 138
1897180 138
1897190 138
1897200 138
1897210 137
1897220 137
1897230 137
1897240 137
1897250 137
1897260 137
1897270 137
1897280 137
1897290 137
1897300 137
1897310 137
1897320 137
1897330 136
1897340 136
1897350 136
1897360 136
1897370 136
1897380 136
1897390 136
1897400 136
1897410 136
1897420 136
1897430 136
1897440 136
1897450 136
1897460 136
1897470 136
1897480 137
1897490 137
1897500 137
1897510 136
1897520 136
1897530 137
1897540 137
1897550 137
1897560 137
1897570 137
1897580 137
1897590 137
1897600 137
1897610 137
1897620 137
1897630 137
1897640 137
1897650 137
1897660 137
1897670 137
1897680 137
1897690 137
1897700 137
1897710 137
1897720 137
1897730 137
1897740 137
1897750 137
1897760 137
1897770 137
1897780 137
1897790 137
1897800 137
1897810 137
1897820 137
1897830 137
1897840 138
1897850 138
1897860 138
1897870 138
1897880 138
1897890 138
1897900 137
1897910 137
1897920 137
1897930 137
1897940 137
1897950 137
1897960 137
1897970 137
1897980 137
1897990 137
1898000 137
1898010 137
1898020 137
1898030 137
1898040 137
1898050 137
1898060 137
1898070 137
1898080 137
1898090 137
1898100 137
1898110 137
1898120 137
1898130 137
1898140 137
1898150 137
1898160 137
1898170 137
1898180 137
1898190 137
1898200 137
1898210 137
1898220 137
1898230 137
1898240 137
1898250 137
1898260 137
1898270 137
1898280 137
1898290 137
1898300 137
1898310 137
1898320 137
1898330 137
1898340 137
1898350 137
1898360 137
1898370 137
1898380 137
1898390 137
1898400 137
1898410 137
1898420 137
1898430 137
1898440 137
1898450 137
1898460 137
1898470 137
1898480 137
1898490 137
1898500 137
1898510 137
1898520 137
1898530 137
1898540 137
1898550 137
1898560 137
1898570 137
1898580 137
1898590 137
1898600 137
1898610 137
1898620 138
1898630 138
1898640 137
1898650 137
1898660 137
1898670 137
1898680 137
1898690 137
1898700 137
1898710 137
1898720 137
1898730 137
1898740 136
1898750 136
1898760 136
1898770 136
1898780 136
1898790 136
1898800 136
1898810 136
1898820 136
1898830 136
1898840 136
1898850 136
1898860 136
1898870 136
1898880 137
1898890 137
1898900 137
1898910 137
1898920 137
1898930 137
1898940 137
1898950 137
1898960 137
1898970 136
1898980 136
1898990 136
1899000 136
1899010 136
1899020 136
1899030 136
1899040 136
1899050 136
1899060 136
1899070 136
1899080 136
1899090 136
1899100 136
1899110 136
1899120 136
1899130 136
1899140 136
1899150 136
1899160 136
1899170 136
1899180 136
1899190 136
1899200 136
1899210 136
1899220 136
1899230 136
1899240 136
1899250 136
1899260 136
1899270 136
1899280 136
1899290 136
1899300 136
1899310 136
1899320 136
1899330 136
1899340 136
1899350 136
1899360 136
1899370 136
1899380 135
1899390 135
1899400 135
1899410 135
1899420 135
1899430 136
1899440 136
1899450 136
1899460 136
1899470 136
1899480 136
1899490 136
1899500 136
1899510 136
1899520 136
1899530 136
1899540 136
1899550 136
1899560 137
1899570 137
1899580 137
1899590 137
1899600 137
1899610 137
1899620 137
1899630 137
1899640 137
1899650 137
1899660 137
1899670 137
1899680 137
1899690 137
1899700 137
1899710 137
1899720 137
1899730 137
1899740 137
1899750 137
1899760 137
1899770 136
1899780 136
1899790 136
1899800 136
1899810 136
1899820 136
1899830 136
1899840 136
1899850 136
1899860 136
1899870 136
1899880 136
1899890 136
1899900 136
1899910 136
1899920 136
1899930 136
1899940 136
1899950 136
1899960 136
1899970 136
1899980 136
1899990 136
