1880000 183
1880010 183
1880020 183
1880030 183
1880040 183
1880050 183
1880060 183
1880070 183
1880080 183
1880090 183
1880100 183
1880110 183
1880120 183
1880130 183
1880140 183
1880150 183
1880160 183
1880170 183
1880180 183
1880190 182
1880200 182
1880210 182
1880220 182
1880230 182
1880240 182
1880250 182
1880260 182
1880270 182
1880280 182
1880290 182
1880300 182
1880310 182
1880320 182
1880330 181
1880340 181
1880350 181
1880360 181
1880370 181
1880380 181
1880390 182
1880400 182
1880410 182
1880420 182
1880430 182
1880440 182
1880450 182
1880460 181
1880470 181
1880480 181
1880490 181
1880500 181
1880510 181
1880520 181
1880530 181
1880540 181
1880550 181
1880560 181
1880570 181
1880580 181
1880590 181
1880600 180
1880610 180
1880620 180
1880630 180
1880640 180
1880650 180
1880660 179
1880670 179
1880680 179
1880690 179
1880700 178
1880710 178
1880720 178
1880730 177
1880740 177
1880750 177
1880760 177
1880770 176
1880780 176
1880790 176
1880800 176
1880810 176
1880820 176
1880830 176
1880840 176
1880850 175
1880860 175
1880870 175
1880880 175
1880890 176
1880900 176
1880910 176
1880920 177
1880930 177
1880940 177
1880950 178
1880960 177
1880970 178
1880980 179
1880990 179
1881000 179
1881010 180
1881020 180
1881030 180
1881040 181
1881050 181
1881060 181
1881070 182
1881080 182
1881090 182
1881100 182
1881110 182
1881120 183
1881130 183
1881140 183
1881150 183
1881160 183
1881170 183
1881180 183
1881190 183
1881200 183
1881210 183
1881220 183
1881230 183
1881240 183
1881250 183
1881260 183
1881270 183
1881280 183
1881290 183
1881300 183
1881310 183
1881320 183
1881330 183
1881340 183
1881350 183
1881360 183
1881370 183
1881380 183
1881390 183
1881400 183
1881410 183
1881420 182
1881430 182
1881440 182
1881450 182
1881460 182
1881470 182
1881480 183
1881490 183
1881500 183
1881510 183
1881520 183
1881530 183
1881540 183
1881550 183
1881560 183
1881570 183
1881580 183
1881590 183
1881600 183
1881610 183
1881620 183
1881630 183
1881640 183
1881650 183
1881660 182
1881670 182
1881680 182
1881690 182
1881700 182
1881710 182
1881720 182
1881730 182
1881740 182
1881750 182
1881760 182
1881770 182
1881780 182
1881790 182
1881800 182
1881810 182
1881820 182
1881830 182
1881840 182
1881850 182
1881860 182
1881870 182
1881880 182
1881890 182
1881900 182
1881910 182
1881920 182
1881930 182
1881940 182
1881950 182
1881960 181
1881970 181
1881980 181
1881990 181
1882000 181
1882010 181
1882020 181
1882030 181
1882040 181
1882050 180
1882060 180
1882070 180
1882080 180
1882090 180
1882100 180
1882110 180
1882120 180
1882130 180
1882140 180
1882150 180
1882160 180
1882170 180
1882180 180
1882190 180
1882200 180
1882210 180
1882220 180
1882230 180
1882240 180
1882250 180
1882260 180
1882270 180
1882280 180
1882290 180
1882300 180
1882310 180
1882320 180
1882330 180
1882340 180
1882350 180
1882360 180
1882370 180
1882380 179
1882390 179
1882400 179
1882410 178
1882420 178
1882430 178
1882440 178
1882450 178
1882460 178
1882470 179
1882480 179
1882490 179
1882500 179
1882510 179
1882520 179
1882530 179
1882540 179
1882550 179
1882560 178
1882570 178
1882580 178
1882590 177
1882600 176
1882610 176
1882620 175
1882630 175
1882640 175
1882650 174
1882660 173
1882670 173
1882680 172
1882690 172
1882700 172
1882710 172
1882720 172
1882730 172
1882740 172
1882750 172
1882760 172
1882770 172
1882780 172
1882790 172
1882800 171
1882810 171
1882820 171
1882830 170
1882840 169
1882850 169
1882860 169
1882870 168
1882880 168
1882890 168
1882900 168
1882910 168
1882920 167
1882930 167
1882940 167
1882950 167
1882960 167
1882970 167
1882980 167
1882990 167
1883000 167
1883010 167
1883020 167
1883030 167
1883040 167
1883050 167
1883060 167
1883070 167
1883080 167
1883090 167
1883100 167
1883110 167
1883120 167
1883130 167
1883140 168
1883150 168
1883160 168
1883170 168
1883180 168
1883190 168
1883200 169
1883210 169
1883220 170
1883230 170
1883240 171
1883250 171
1883260 172
1883270 172
1883280 172
1883290 173
1883300 173
1883310 173
1883320 174
1883330 174
1883340 174
1883350 175
1883360 175
1883370 175
1883380 175
1883390 176
1883400 176
1883410 176
1883420 176
1883430 176
1883440 177
1883450 177
1883460 177
1883470 177
1883480 177
1883490 177
1883500 178
1883510 178
1883520 178
1883530 178
1883540 178
1883550 178
1883560 179
1883570 179
1883580 179
1883590 179
1883600 179
1883610 179
1883620 179
1883630 179
1883640 179
1883650 180
1883660 180
1883670 180
1883680 180
1883690 180
1883700 180
1883710 180
1883720 180
1883730 180
1883740 181
1883750 181
1883760 181
1883770 181
1883780 181
1883790 181
1883800 181
1883810 181
1883820 181
1883830 181
1883840 181
1883850 181
1883860 181
1883870 182
1883880 182
1883890 182
1883900 182
1883910 182
1883920 182
1883930 182
1883940 182
1883950 182
1883960 182
1883970 182
1883980 182
1883990 182
1884000 182
1884010 182
1884020 182
1884030 182
1884040 183
1884050 183
1884060 183
1884070 184
1884080 184
1884090 184
1884100 183
1884110 184
1884120 184
1884130 184
1884140 183
1884150 183
1884160 183
1884170 184
1884180 184
1884190 184
1884200 184
1884210 184
1884220 184
1884230 184
1884240 184
1884250 184
1884260 185
1884270 185
1884280 185
1884290 185
1884300 185
1884310 185
1884320 185
1884330 185
1884340 185
1884350 186
1884360 186
1884370 186
1884380 186
1884390 186
1884400 186
1884410 186
1884420 186
1884430 186
1884440 187
1884450 187
1884460 187
1884470 187
1884480 187
1884490 187
1884500 187
1884510 187
1884520 187
1884530 188
1884540 188
1884550 188
1884560 189
1884570 189
1884580 189
1884590 189
1884600 189
1884610 189
1884620 190
1884630 190
1884640 190
1884650 190
1884660 190
1884670 191
1884680 191
1884690 191
1884700 191
1884710 191
1884720 191
1884730 191
1884740 191
1884750 191
1884760 192
1884770 192
1884780 192
1884790 192
1884800 192
1884810 192
1884820 192
1884830 193
1884840 193
1884850 193
1884860 193
1884870 193
1884880 194
1884890 194
1884900 194
1884910 194
1884920 194
1884930 194
1884940 194
1884950 195
1884960 195
1884970 195
1884980 195
1884990 195
1885000 195
1885010 195
1885020 195
1885030 195
1885040 195
1885050 195
1885060 196
1885070 196
1885080 196
1885090 196
1885100 196
1885110 196
1885120 196
1885130 196
1885140 196
1885150 197
1885160 197
1885170 197
1885180 197
1885190 197
1885200 197
1885210 198
1885220 198
1885230 198
1885240 198
1885250 199
1885260 199
1885270 199
1885280 199
1885290 199
1885300 200
1885310 200
1885320 200
1885330 200
1885340 201
1885350 201
1885360 201
1885370 202
1885380 202
1885390 202
1885400 202
1885410 202
1885420 203
1885430 203
1885440 203
1885450 203
1885460 204
1885470 204
1885480 204
1885490 204
1885500 204
1885510 205
1885520 205
1885530 205
1885540 206
1885550 206
1885560 206
1885570 206
1885580 206
1885590 206
1885600 206
1885610 206
1885620 206
1885630 207
1885640 207
1885650 207
1885660 207
1885670 207
1885680 207
1885690 207
1885700 208
1885710 208
1885720 208
1885730 208
1885740 208
1885750 208
1885760 208
1885770 209
1885780 209
1885790 209
1885800 209
1885810 209
1885820 209
1885830 210
1885840 210
1885850 210
1885860 210
1885870 210
1885880 210
1885890 211
1885900 211
1885910 211
1885920 211
1885930 211
1885940 211
1885950 211
1885960 211
1885970 211
1885980 212
1885990 212
1886000 212
1886010 212
1886020 212
1886030 212
1886040 212
1886050 212
1886060 212
1886070 213
1886080 213
1886090 213
1886100 213
1886110 213
1886120 213
1886130 213
1886140 213
1886150 213
1886160 214
1886170 214
1886180 214
1886190 214
1886200 214
1886210 215
1886220 215
1886230 215
1886240 216
1886250 217
1886260 217
1886270 217
1886280 218
1886290 218
1886300 218
1886310 218
1886320 218
1886330 219
1886340 219
1886350 219
1886360 220
1886370 220
1886380 220
1886390 221
1886400 221
1886410 221
1886420 222
1886430 222
1886440 222
1886450 223
1886460 223
1886470 223
1886480 223
1886490 223
1886500 223
1886510 223
1886520 223
1886530 223
1886540 223
1886550 223
1886560 223
1886570 223
1886580 223
1886590 223
1886600 224
1886610 224
1886620 224
1886630 224
1886640 224
1886650 224
1886660 225
1886670 225
1886680 225
1886690 225
1886700 226
1886710 226
1886720 226
1886730 226
1886740 226
1886750 226
1886760 226
1886770 226
1886780 226
1886790 226
1886800 226
1886810 227
1886820 227
1886830 227
1886840 227
1886850 227
1886860 227
1886870 228
1886880 228
1886890 228
1886900 228
1886910 229
1886920 229
1886930 229
1886940 229
1886950 229
1886960 230
1886970 230
1886980 230
1886990 230
1887000 231
1887010 231
1887020 231
1887030 231
1887040 231
1887050 232
1887060 232
1887070 232
1887080 232
1887090 233
1887100 233
1887110 233
1887120 234
1887130 234
1887140 234
1887150 234
1887160 234
1887170 235
1887180 235
1887190 235
1887200 235
1887210 235
1887220 235
1887230 236
1887240 236
1887250 236
1887260 236
1887270 237
1887280 237
1887290 237
1887300 237
1887310 237
1887320 237
1887330 238
1887340 238
1887350 238
1887360 238
1887370 238
1887380 238
1887390 239
1887400 239
1887410 239
1887420 239
1887430 239
1887440 240
1887450 240
1887460 240
1887470 240
1887480 241
1887490 241
1887500 241
1887510 241
1887520 241
1887530 242
1887540 242
1887550 242
1887560 242
1887570 243
1887580 243
1887590 243
1887600 244
1887610 244
1887620 244
1887630 244
1887640 244
1887650 245
1887660 245
1887670 245
1887680 245
1887690 246
1887700 246
1887710 246
1887720 246
1887730 246
1887740 247
1887750 247
1887760 247
1887770 248
1887780 248
1887790 248
1887800 248
1887810 249
1887820 249
1887830 249
1887840 249
1887850 249
1887860 250
1887870 250
1887880 250
1887890 250
1887900 251
1887910 251
1887920 251
1887930 251
1887940 251
1887950 252
1887960 252
1887970 252
1887980 253
1887990 253
1888000 253
1888010 254
1888020 255
1888030 255
1888040 255
1888050 256
1888060 256
1888070 257
1888080 258
1888090 258
1888100 259
1888110 259
1888120 259
1888130 260
1888140 261
1888150 261
1888160 262
1888170 263
1888180 263
1888190 263
1888200 264
1888210 264
1888220 265
1888230 266
1888240 267
1888250 267
1888260 268
1888270 269
1888280 269
1888290 270
1888300 271
1888310 271
1888320 272
1888330 273
1888340 273
1888350 273
1888360 274
1888370 274
1888380 275
1888390 276
1888400 277
1888410 278
1888420 279
1888430 279
1888440 279
1888450 280
1888460 280
1888470 280
1888480 281
1888490 281
1888500 282
1888510 282
1888520 282
1888530 283
1888540 284
1888550 284
1888560 284
1888570 285
1888580 285
1888590 285
1888600 285
1888610 285
1888620 285
1888630 285
1888640 285
1888650 285
1888660 284
1888670 284
1888680 283
1888690 283
1888700 283
1888710 282
1888720 281
1888730 281
1888740 280
1888750 279
1888760 279
1888770 277
1888780 275
1888790 275
1888800 277
1888810 277
1888820 277
1888830 278
1888840 279
1888850 279
1888860 280
1888870 282
1888880 282
1888890 284
1888900 285
1888910 285
1888920 287
1888930 287
1888940 287
1888950 288
1888960 288
1888970 288
1888980 289
1888990 289
1889000 289
1889010 289
1889020 288
1889030 288
1889040 288
1889050 286
1889060 286
1889070 285
1889080 284
1889090 284
1889100 283
1889110 283
1889120 283
1889130 284
1889140 285
1889150 285
1889160 287
1889170 289
1889180 289
1889190 292
1889200 295
1889210 295
1889220 296
1889230 298
1889240 298
1889250 299
1889260 300
1889270 300
1889280 301
1889290 301
1889300 301
1889310 301
1889320 301
1889330 301
1889340 301
1889350 301
1889360 302
1889370 302
1889380 302
1889390 302
1889400 301
1889410 301
1889420 301
1889430 301
1889440 301
1889450 301
1889460 301
1889470 301
1889480 301
1889490 301
1889500 301
1889510 301
1889520 301
1889530 300
1889540 300
1889550 300
1889560 300
1889570 300
1889580 300
1889590 299
1889600 299
1889610 298
1889620 297
1889630 297
1889640 295
1889650 293
1889660 293
1889670 291
1889680 290
1889690 290
1889700 288
1889710 287
1889720 287
1889730 286
1889740 286
1889750 286
1889760 286
1889770 286
1889780 286
1889790 286
1889800 286
1889810 286
1889820 285
1889830 285
1889840 285
1889850 285
1889860 284
1889870 284
1889880 284
1889890 284
1889900 284
1889910 284
1889920 283
1889930 283
1889940 283
1889950 283
1889960 283
1889970 282
1889980 282
1889990 282
1890000 283
1890010 283
1890020 283
1890030 283
1890040 283
1890050 283
1890060 283
1890070 282
1890080 282
1890090 282
1890100 281
1890110 281
1890120 280
1890130 279
1890140 279
1890150 279
1890160 278
1890170 278
1890180 278
1890190 277
1890200 277
1890210 277
1890220 277
1890230 277
1890240 277
1890250 277
1890260 277
1890270 277
1890280 277
1890290 277
1890300 277
1890310 277
1890320 279
1890330 279
1890340 278
1890350 278
1890360 277
1890370 277
1890380 277
1890390 277
1890400 278
1890410 278
1890420 279
1890430 281
1890440 281
1890450 282
1890460 284
1890470 284
1890480 284
1890490 285
1890500 285
1890510 285
1890520 286
1890530 286
1890540 286
1890550 286
1890560 286
1890570 286
1890580 285
1890590 285
1890600 285
1890610 285
1890620 285
1890630 285
1890640 285
1890650 285
1890660 284
1890670 283
1890680 283
1890690 283
1890700 283
1890710 283
1890720 282
1890730 282
1890740 282
1890750 281
1890760 280
1890770 280
1890780 279
1890790 278
1890800 276
1890810 276
1890820 276
1890830 275
1890840 275
1890850 275
1890860 273
1890870 273
1890880 272
1890890 271
1890900 271
1890910 271
1890920 271
1890930 271
1890940 272
1890950 272
1890960 271
1890970 271
1890980 271
1890990 271
1891000 271
1891010 271
1891020 271
1891030 270
1891040 269
1891050 269
1891060 268
1891070 267
1891080 267
1891090 268
1891100 269
1891110 269
1891120 270
1891130 271
1891140 271
1891150 272
1891160 274
1891170 274
1891180 274
1891190 275
1891200 275
1891210 276
1891220 276
1891230 276
1891240 276
1891250 276
1891260 276
1891270 276
1891280 276
1891290 276
1891300 275
1891310 275
1891320 275
1891330 275
1891340 274
1891350 274
1891360 274
1891370 273
1891380 273
1891390 273
1891400 272
1891410 272
1891420 272
1891430 271
1891440 271
1891450 270
1891460 269
1891470 269
1891480 269
1891490 268
1891500 268
1891510 267
1891520 267
1891530 267
1891540 266
1891550 266
1891560 266
1891570 265
1891580 264
1891590 264
1891600 263
1891610 262
1891620 262
1891630 262
1891640 261
1891650 261
1891660 260
1891670 260
1891680 260
1891690 259
1891700 259
1891710 259
1891720 258
1891730 258
1891740 258
1891750 257
1891760 257
1891770 257
1891780 256
1891790 255
1891800 255
1891810 255
1891820 255
1891830 255
1891840 254
1891850 254
1891860 254
1891870 253
1891880 253
1891890 253
1891900 252
1891910 252
1891920 252
1891930 251
1891940 251
1891950 251
1891960 250
1891970 250
1891980 250
1891990 249
1892000 248
1892010 248
1892020 247
1892030 247
1892040 247
1892050 245
1892060 244
1892070 244
1892080 244
1892090 247
1892100 247
1892110 249
1892120 251
1892130 251
1892140 253
1892150 254
1892160 254
1892170 255
1892180 256
1892190 256
1892200 257
1892210 259
1892220 259
1892230 260
1892240 263
1892250 263
1892260 265
1892270 267
1892280 267
1892290 269
1892300 271
1892310 271
1892320 274
1892330 277
1892340 277
1892350 280
1892360 282
1892370 282
1892380 282
1892390 282
1892400 282
1892410 281
1892420 281
1892430 281
1892440 280
1892450 278
1892460 278
1892470 277
1892480 276
1892490 276
1892500 276
1892510 275
1892520 275
1892530 275
1892540 275
1892550 273
1892560 274
1892570 274
1892580 274
1892590 274
1892600 274
1892610 274
1892620 274
1892630 275
1892640 275
1892650 275
1892660 275
1892670 275
1892680 275
1892690 275
1892700 275
1892710 274
1892720 274
1892730 274
1892740 274
1892750 274
1892760 274
1892770 274
1892780 273
1892790 273
1892800 273
1892810 273
1892820 273
1892830 273
1892840 272
1892850 272
1892860 271
1892870 270
1892880 270
1892890 270
1892900 270
1892910 270
1892920 270
1892930 270
1892940 270
1892950 271
1892960 271
1892970 271
1892980 271
1892990 270
1893000 270
1893010 269
1893020 268
1893030 268
1893040 268
1893050 268
1893060 268
1893070 268
1893080 268
1893090 268
1893100 270
1893110 271
1893120 271
1893130 272
1893140 272
1893150 272
1893160 273
1893170 273
1893180 271
1893190 271
1893200 271
1893210 271
1893220 271
1893230 271
1893240 271
1893250 271
1893260 270
1893270 270
1893280 269
1893290 268
1893300 268
1893310 266
1893320 264
1893330 262
1893340 262
1893350 259
1893360 257
1893370 257
1893380 254
1893390 252
1893400 252
1893410 250
1893420 249
1893430 249
1893440 248
1893450 247
1893460 247
1893470 247
1893480 247
1893490 247
1893500 246
1893510 246
1893520 246
1893530 246
1893540 247
1893550 247
1893560 247
1893570 248
1893580 248
1893590 249
1893600 251
1893610 251
1893620 253
1893630 255
1893640 255
1893650 256
1893660 257
1893670 257
1893680 259
1893690 260
1893700 260
1893710 262
1893720 265
1893730 265
1893740 266
1893750 267
1893760 267
1893770 268
1893780 269
1893790 269
1893800 270
1893810 274
1893820 274
1893830 275
1893840 276
1893850 276
1893860 277
1893870 278
1893880 278
1893890 279
1893900 280
1893910 280
1893920 280
1893930 281
1893940 281
1893950 281
1893960 281
1893970 281
1893980 280
1893990 279
1894000 279
1894010 282
1894020 283
1894030 283
1894040 284
1894050 285
1894060 285
1894070 286
1894080 287
1894090 287
1894100 288
1894110 289
1894120 289
1894130 292
1894140 294
1894150 294
1894160 295
1894170 296
1894180 296
1894190 296
1894200 297
1894210 297
1894220 298
1894230 299
1894240 299
1894250 299
1894260 300
1894270 300
1894280 300
1894290 300
1894300 300
1894310 300
1894320 300
1894330 300
1894340 299
1894350 299
1894360 299
1894370 298
1894380 298
1894390 298
1894400 297
1894410 296
1894420 296
1894430 296
1894440 296
1894450 296
1894460 296
1894470 296
1894480 296
1894490 296
1894500 296
1894510 296
1894520 296
1894530 297
1894540 297
1894550 297
1894560 297
1894570 297
1894580 297
1894590 297
1894600 297
1894610 298
1894620 299
1894630 299
1894640 299
1894650 299
1894660 299
1894670 297
1894680 295
1894690 295
1894700 293
1894710 290
1894720 290
1894730 286
1894740 282
1894750 282
1894760 277
1894770 275
1894780 275
1894790 275
1894800 274
1894810 274
1894820 273
1894830 274
1894840 274
1894850 276
1894860 279
1894870 279
1894880 281
1894890 282
1894900 282
1894910 285
1894920 287
1894930 287
1894940 288
1894950 289
1894960 289
1894970 289
1894980 289
1894990 289
1895000 289
1895010 289
1895020 289
1895030 288
1895040 288
1895050 288
1895060 287
1895070 287
1895080 287
1895090 284
1895100 280
1895110 280
1895120 278
1895130 278
1895140 278
1895150 279
1895160 279
1895170 279
1895180 276
1895190 271
1895200 271
1895210 266
1895220 261
1895230 261
1895240 262
1895250 267
1895260 267
1895270 273
1895280 278
1895290 278
1895300 283
1895310 286
1895320 286
1895330 288
1895340 288
1895350 288
1895360 287
1895370 286
1895380 286
1895390 286
1895400 287
1895410 287
1895420 288
1895430 289
1895440 289
1895450 290
1895460 291
1895470 291
1895480 292
1895490 294
1895500 294
1895510 294
1895520 295
1895530 295
1895540 295
1895550 294
1895560 294
1895570 293
1895580 292
1895590 292
1895600 291
1895610 290
1895620 290
1895630 289
1895640 288
1895650 288
1895660 287
1895670 285
1895680 285
1895690 284
1895700 282
1895710 282
1895720 280
1895730 278
1895740 278
1895750 276
1895760 274
1895770 274
1895780 272
1895790 270
1895800 270
1895810 268
1895820 265
1895830 265
1895840 263
1895850 261
1895860 259
1895870 259
1895880 257
1895890 256
1895900 256
1895910 253
1895920 251
1895930 251
1895940 248
1895950 245
1895960 245
1895970 242
1895980 240
1895990 240
1896000 238
1896010 235
1896020 233
1896030 231
1896040 228
1896050 228
1896060 225
1896070 222
1896080 222
1896090 220
1896100 217
1896110 217
1896120 215
1896130 212
1896140 212
1896150 209
1896160 206
1896170 206
1896180 204
1896190 201
1896200 201
1896210 198
1896220 195
1896230 195
1896240 192
1896250 190
1896260 190
1896270 187
1896280 184
1896290 184
1896300 179
1896310 176
1896320 176
1896330 172
1896340 168
1896350 168
1896360 167
1896370 167
1896380 167
1896390 167
1896400 165
1896410 165
1896420 162
1896430 159
1896440 159
1896450 155
1896460 153
1896470 153
1896480 152
1896490 151
1896500 151
1896510 148
1896520 147
1896530 147
1896540 145
1896550 144
1896560 144
1896570 143
1896580 143
1896590 143
1896600 141
1896610 139
1896620 139
1896630 139
1896640 138
1896650 138
1896660 137
1896670 137
1896680 137
1896690 137
1896700 137
1896710 137
1896720 137
1896730 137
1896740 137
1896750 137
1896760 137
1896770 137
1896780 136
1896790 136
1896800 136
1896810 136
1896820 136
1896830 136
1896840 136
1896850 137
1896860 137
1896870 137
1896880 137
1896890 137
1896900 137
1896910 137
1896920 137
1896930 137
1896940 137
1896950 137
1896960 136
1896970 136
1896980 136
1896990 136
1897000 136
1897010 136
1897020 137
1897030 137
1897040 137
1897050 137
1897060 137
1897070 137
1897080 137
1897090 137
1897100 137
1897110 136
1897120 136
1897130 136
1897140 136
1897150 136
1897160 136
1897170 136
1897180 136
1897190 136
1897200 136
1897210 136
1897220 136
1897230 136
1897240 136
1897250 136
1897260 136
1897270 137
1897280 137
1897290 137
1897300 137
1897310 137
1897320 137
1897330 137
1897340 137
1897350 137
1897360 137
1897370 137
1897380 137
1897390 137
1897400 137
1897410 137
1897420 138
1897430 138
1897440 138
1897450 138
1897460 138
1897470 138
1897480 138
1897490 138
1897500 138
1897510 138
1897520 138
1897530 137
1897540 137
1897550 137
1897560 136
1897570 136
1897580 136
1897590 136
1897600 136
1897610 136
1897620 136
1897630 136
1897640 136
1897650 136
1897660 136
1897670 136
1897680 136
1897690 136
1897700 136
1897710 136
1897720 136
1897730 136
1897740 136
1897750 136
1897760 136
1897770 136
1897780 136
1897790 136
1897800 136
1897810 137
1897820 137
1897830 137
1897840 137
1897850 137
1897860 137
1897870 137
1897880 137
1897890 137
1897900 137
1897910 137
1897920 137
1897930 137
1897940 137
1897950 137
1897960 137
1897970 137
1897980 137
1897990 137
1898000 137
1898010 137
1898020 137
1898030 137
1898040 137
1898050 137
1898060 137
1898070 137
1898080 137
1898090 137
1898100 137
1898110 137
1898120 137
1898130 137
1898140 137
1898150 137
1898160 137
1898170 136
1898180 136
1898190 136
1898200 137
1898210 137
1898220 137
1898230 137
1898240 137
1898250 137
1898260 137
1898270 137
1898280 137
1898290 137
1898300 137
1898310 136
1898320 136
1898330 136
1898340 136
1898350 136
1898360 136
1898370 136
1898380 136
1898390 136
1898400 137
1898410 137
1898420 137
1898430 137
1898440 137
1898450 136
1898460 136
1898470 136
1898480 137
1898490 137
1898500 137
1898510 137
1898520 137
1898530 137
1898540 137
1898550 137
1898560 137
1898570 137
1898580 137
1898590 137
1898600 137
1898610 137
1898620 137
1898630 137
1898640 137
1898650 137
1898660 137
1898670 137
1898680 137
1898690 137
1898700 137
1898710 137
1898720 137
1898730 137
1898740 136
1898750 136
1898760 136
1898770 136
1898780 136
1898790 136
1898800 136
1898810 137
1898820 137
1898830 137
1898840 137
1898850 137
1898860 137
1898870 137
1898880 137
1898890 136
1898900 136
1898910 136
1898920 136
1898930 136
1898940 136
1898950 136
1898960 136
1898970 136
1898980 136
1898990 136
1899000 136
1899010 136
1899020 136
1899030 136
1899040 136
1899050 136
1899060 136
1899070 136
1899080 136
1899090 136
1899100 136
1899110 136
1899120 136
1899130 136
1899140 136
1899150 136
1899160 136
1899170 136
1899180 136
1899190 136
1899200 136
1899210 136
1899220 136
1899230 136
1899240 136
1899250 136
1899260 136
1899270 136
1899280 136
1899290 136
1899300 136
1899310 136
1899320 136
1899330 136
1899340 135
1899350 135
1899360 135
1899370 135
1899380 135
1899390 135
1899400 136
1899410 136
1899420 136
1899430 136
1899440 136
1899450 136
1899460 135
1899470 135
1899480 135
1899490 135
1899500 135
1899510 135
1899520 136
1899530 136
1899540 136
1899550 136
1899560 137
1899570 137
1899580 137
1899590 137
1899600 137
1899610 137
1899620 137
1899630 137
1899640 137
1899650 137
1899660 137
1899670 137
1899680 137
1899690 137
1899700 137
1899710 137
1899720 137
1899730 136
1899740 136
1899750 136
1899760 136
1899770 136
1899780 136
1899790 136
1899800 136
1899810 136
1899820 136
1899830 136
1899840 136
1899850 136
1899860 136
1899870 136
1899880 136
1899890 136
1899900 136
1899910 136
1899920 136
1899930 136
1899940 136
1899950 136
1899960 136
1899970 136
1899980 136
1899990 136
