1880000 183
1880010 183
1880020 183
1880030 183
1880040 183
1880050 183
1880060 183
1880070 183
1880080 183
1880090 182
1880100 182
1880110 182
1880120 182
1880130 182
1880140 182
1880150 182
1880160 182
1880170 182
1880180 182
1880190 182
1880200 182
1880210 182
1880220 182
1880230 182
1880240 182
1880250 182
1880260 182
1880270 182
1880280 182
1880290 182
1880300 182
1880310 182
1880320 182
1880330 182
1880340 182
1880350 182
1880360 182
1880370 182
1880380 182
1880390 182
1880400 182
1880410 181
1880420 181
1880430 181
1880440 181
1880450 181
1880460 181
1880470 181
1880480 181
1880490 181
1880500 181
1880510 181
1880520 181
1880530 181
1880540 181
1880550 181
1880560 181
1880570 181
1880580 181
1880590 181
1880600 180
1880610 180
1880620 180
1880630 180
1880640 180
1880650 180
1880660 181
1880670 181
1880680 181
1880690 181
1880700 181
1880710 181
1880720 181
1880730 181
1880740 182
1880750 182
1880760 182
1880770 182
1880780 182
1880790 182
1880800 182
1880810 182
1880820 182
1880830 182
1880840 182
1880850 182
1880860 182
1880870 182
1880880 182
1880890 182
1880900 182
1880910 182
1880920 183
1880930 183
1880940 183
1880950 183
1880960 183
1880970 183
1880980 183
1880990 183
1881000 183
1881010 183
1881020 183
1881030 183
1881040 183
1881050 183
1881060 183
1881070 183
1881080 183
1881090 183
1881100 183
1881110 183
1881120 183
1881130 183
1881140 183
1881150 183
1881160 183
1881170 183
1881180 183
1881190 183
1881200 183
1881210 183
1881220 183
1881230 183
1881240 183
1881250 183
1881260 183
1881270 183
1881280 183
1881290 183
1881300 183
1881310 183
1881320 183
1881330 183
1881340 183
1881350 183
1881360 183
1881370 183
1881380 183
1881390 183
1881400 183
1881410 183
1881420 183
1881430 183
1881440 183
1881450 183
1881460 183
1881470 183
1881480 183
1881490 183
1881500 183
1881510 183
1881520 183
1881530 183
1881540 183
1881550 183
1881560 183
1881570 183
1881580 183
1881590 183
1881600 183
1881610 183
1881620 183
1881630 183
1881640 183
1881650 183
1881660 183
1881670 182
1881680 182
1881690 182
1881700 182
1881710 182
1881720 182
1881730 182
1881740 182
1881750 182
1881760 182
1881770 182
1881780 182
1881790 182
1881800 182
1881810 182
1881820 182
1881830 182
1881840 182
1881850 182
1881860 182
1881870 182
1881880 182
1881890 182
1881900 182
1881910 182
1881920 182
1881930 182
1881940 182
1881950 182
1881960 182
1881970 183
1881980 183
1881990 182
1882000 182
1882010 182
1882020 182
1882030 182
1882040 183
1882050 183
1882060 183
1882070 183
1882080 183
1882090 183
1882100 183
1882110 183
1882120 183
1882130 183
1882140 183
1882150 183
1882160 183
1882170 183
1882180 183
1882190 183
1882200 183
1882210 183
1882220 183
1882230 183
1882240 183
1882250 183
1882260 183
1882270 183
1882280 183
1882290 183
1882300 183
1882310 183
1882320 183
1882330 183
1882340 183
1882350 183
1882360 183
1882370 183
1882380 182
1882390 182
1882400 183
1882410 182
1882420 182
1882430 182
1882440 182
1882450 182
1882460 182
1882470 182
1882480 182
1882490 182
1882500 182
1882510 182
1882520 182
1882530 182
1882540 182
1882550 182
1882560 182
1882570 182
1882580 182
1882590 182
1882600 182
1882610 182
1882620 182
1882630 182
1882640 182
1882650 182
1882660 182
1882670 182
1882680 181
1882690 181
1882700 181
1882710 181
1882720 181
1882730 181
1882740 181
1882750 181
1882760 181
1882770 181
1882780 181
1882790 181
1882800 181
1882810 181
1882820 181
1882830 181
1882840 181
1882850 181
1882860 181
1882870 181
1882880 181
1882890 181
1882900 181
1882910 180
1882920 180
1882930 180
1882940 180
1882950 180
1882960 180
1882970 180
1882980 180
1882990 180
1883000 180
1883010 180
1883020 180
1883030 180
1883040 180
1883050 180
1883060 179
1883070 179
1883080 179
1883090 179
1883100 179
1883110 179
1883120 178
1883130 178
1883140 178
1883150 177
1883160 177
1883170 177
1883180 176
1883190 176
1883200 176
1883210 175
1883220 175
1883230 175
1883240 174
1883250 173
1883260 173
1883270 172
1883280 171
1883290 171
1883300 170
1883310 170
1883320 170
1883330 170
1883340 170
1883350 170
1883360 170
1883370 170
1883380 170
1883390 170
1883400 170
1883410 170
1883420 170
1883430 170
1883440 170
1883450 170
1883460 170
1883470 170
1883480 170
1883490 170
1883500 170
1883510 171
1883520 171
1883530 171
1883540 171
1883550 171
1883560 171
1883570 172
1883580 172
1883590 172
1883600 173
1883610 174
1883620 174
1883630 174
1883640 175
1883650 175
1883660 175
1883670 177
1883680 177
1883690 178
1883700 178
1883710 178
1883720 179
1883730 179
1883740 179
1883750 180
1883760 181
1883770 181
1883780 181
1883790 182
1883800 182
1883810 182
1883820 182
1883830 182
1883840 182
1883850 181
1883860 181
1883870 180
1883880 180
1883890 180
1883900 180
1883910 180
1883920 180
1883930 179
1883940 178
1883950 178
1883960 178
1883970 178
1883980 178
1883990 178
1884000 178
1884010 178
1884020 178
1884030 178
1884040 178
1884050 178
1884060 179
1884070 179
1884080 179
1884090 179
1884100 179
1884110 179
1884120 179
1884130 179
1884140 180
1884150 180
1884160 180
1884170 181
1884180 181
1884190 181
1884200 181
1884210 181
1884220 181
1884230 181
1884240 181
1884250 181
1884260 181
1884270 181
1884280 181
1884290 181
1884300 181
1884310 181
1884320 181
1884330 181
1884340 181
1884350 182
1884360 182
1884370 182
1884380 182
1884390 182
1884400 182
1884410 182
1884420 182
1884430 183
1884440 183
1884450 183
1884460 183
1884470 183
1884480 183
1884490 183
1884500 183
1884510 184
1884520 184
1884530 184
1884540 184
1884550 184
1884560 184
1884570 184
1884580 185
1884590 185
1884600 185
1884610 185
1884620 185
1884630 185
1884640 185
1884650 185
1884660 186
1884670 186
1884680 186
1884690 186
1884700 187
1884710 187
1884720 187
1884730 187
1884740 187
1884750 187
1884760 188
1884770 188
1884780 188
1884790 188
1884800 188
1884810 188
1884820 188
1884830 188
1884840 188
1884850 188
1884860 188
1884870 188
1884880 189
1884890 189
1884900 189
1884910 189
1884920 189
1884930 189
1884940 190
1884950 190
1884960 190
1884970 190
1884980 190
1884990 190
1885000 190
1885010 190
1885020 190
1885030 190
1885040 190
1885050 190
1885060 191
1885070 191
1885080 191
1885090 191
1885100 191
1885110 191
1885120 191
1885130 191
1885140 192
1885150 192
1885160 192
1885170 192
1885180 192
1885190 192
1885200 192
1885210 192
1885220 192
1885230 193
1885240 193
1885250 193
1885260 193
1885270 193
1885280 193
1885290 193
1885300 193
1885310 193
1885320 193
1885330 194
1885340 194
1885350 194
1885360 194
1885370 194
1885380 194
1885390 194
1885400 194
1885410 195
1885420 195
1885430 195
1885440 195
1885450 195
1885460 195
1885470 196
1885480 196
1885490 196
1885500 196
1885510 196
1885520 196
1885530 196
1885540 197
1885550 197
1885560 197
1885570 197
1885580 197
1885590 197
1885600 197
1885610 197
1885620 197
1885630 197
1885640 197
1885650 198
1885660 198
1885670 198
1885680 198
1885690 198
1885700 198
1885710 199
1885720 199
1885730 199
1885740 199
1885750 199
1885760 199
1885770 199
1885780 199
1885790 199
1885800 199
1885810 200
1885820 200
1885830 200
1885840 200
1885850 200
1885860 200
1885870 200
1885880 200
1885890 201
1885900 201
1885910 201
1885920 201
1885930 202
1885940 202
1885950 202
1885960 203
1885970 203
1885980 203
1885990 203
1886000 203
1886010 203
1886020 203
1886030 203
1886040 203
1886050 204
1886060 204
1886070 204
1886080 204
1886090 204
1886100 204
1886110 205
1886120 205
1886130 205
1886140 205
1886150 205
1886160 206
1886170 206
1886180 206
1886190 207
1886200 207
1886210 207
1886220 208
1886230 208
1886240 208
1886250 208
1886260 209
1886270 209
1886280 209
1886290 210
1886300 210
1886310 210
1886320 210
1886330 210
1886340 211
1886350 211
1886360 212
1886370 212
1886380 212
1886390 212
1886400 213
1886410 213
1886420 213
1886430 214
1886440 214
1886450 214
1886460 214
1886470 214
1886480 214
1886490 214
1886500 214
1886510 214
1886520 215
1886530 215
1886540 215
1886550 215
1886560 215
1886570 215
1886580 215
1886590 215
1886600 215
1886610 216
1886620 215
1886630 215
1886640 215
1886650 216
1886660 216
1886670 216
1886680 216
1886690 216
1886700 217
1886710 217
1886720 217
1886730 217
1886740 218
1886750 218
1886760 218
1886770 218
1886780 218
1886790 218
1886800 219
1886810 219
1886820 219
1886830 219
1886840 220
1886850 220
1886860 220
1886870 220
1886880 220
1886890 220
1886900 220
1886910 220
1886920 221
1886930 221
1886940 221
1886950 221
1886960 221
1886970 221
1886980 222
1886990 222
1887000 222
1887010 223
1887020 223
1887030 223
1887040 223
1887050 224
1887060 224
1887070 224
1887080 224
1887090 224
1887100 224
1887110 225
1887120 225
1887130 225
1887140 225
1887150 225
1887160 225
1887170 225
1887180 225
1887190 225
1887200 225
1887210 225
1887220 225
1887230 226
1887240 226
1887250 226
1887260 226
1887270 226
1887280 226
1887290 227
1887300 227
1887310 227
1887320 227
1887330 227
1887340 228
1887350 228
1887360 228
1887370 228
1887380 228
1887390 228
1887400 229
1887410 229
1887420 229
1887430 229
1887440 229
1887450 229
1887460 230
1887470 230
1887480 230
1887490 230
1887500 230
1887510 230
1887520 231
1887530 231
1887540 231
1887550 231
1887560 231
1887570 231
1887580 232
1887590 232
1887600 232
1887610 232
1887620 233
1887630 233
1887640 233
1887650 233
1887660 233
1887670 234
1887680 234
1887690 234
1887700 234
1887710 235
1887720 235
1887730 235
1887740 235
1887750 235
1887760 236
1887770 236
1887780 236
1887790 236
1887800 237
1887810 237
1887820 237
1887830 238
1887840 238
1887850 238
1887860 239
1887870 239
1887880 239
1887890 240
1887900 240
1887910 240
1887920 240
1887930 240
1887940 241
1887950 241
1887960 241
1887970 242
1887980 242
1887990 242
1888000 243
1888010 243
1888020 243
1888030 244
1888040 244
1888050 244
1888060 244
1888070 245
1888080 245
1888090 245
1888100 246
1888110 246
1888120 246
1888130 246
1888140 246
1888150 247
1888160 247
1888170 247
1888180 247
1888190 248
1888200 248
1888210 248
1888220 249
1888230 249
1888240 249
1888250 250
1888260 250
1888270 250
1888280 251
1888290 251
1888300 251
1888310 252
1888320 252
1888330 252
1888340 252
1888350 252
1888360 253
1888370 253
1888380 253
1888390 253
1888400 254
1888410 254
1888420 254
1888430 254
1888440 254
1888450 254
1888460 254
1888470 254
1888480 254
1888490 254
1888500 254
1888510 254
1888520 254
1888530 254
1888540 253
1888550 253
1888560 253
1888570 252
1888580 252
1888590 252
1888600 252
1888610 252
1888620 252
1888630 252
1888640 252
1888650 252
1888660 252
1888670 252
1888680 252
1888690 252
1888700 251
1888710 251
1888720 251
1888730 250
1888740 250
1888750 249
1888760 249
1888770 249
1888780 249
1888790 248
1888800 248
1888810 249
1888820 249
1888830 249
1888840 250
1888850 252
1888860 252
1888870 255
1888880 256
1888890 256
1888900 258
1888910 260
1888920 258
1888930 260
1888940 263
1888950 263
1888960 266
1888970 269
1888980 269
1888990 271
1889000 271
1889010 271
1889020 271
1889030 269
1889040 269
1889050 268
1889060 266
1889070 266
1889080 264
1889090 262
1889100 262
1889110 260
1889120 259
1889130 259
1889140 259
1889150 259
1889160 259
1889170 259
1889180 259
1889190 259
1889200 260
1889210 260
1889220 260
1889230 261
1889240 262
1889250 262
1889260 263
1889270 264
1889280 264
1889290 266
1889300 267
1889310 269
1889320 269
1889330 270
1889340 271
1889350 271
1889360 273
1889370 274
1889380 274
1889390 275
1889400 275
1889410 275
1889420 276
1889430 275
1889440 275
1889450 274
1889460 273
1889470 273
1889480 272
1889490 271
1889500 271
1889510 269
1889520 268
1889530 268
1889540 267
1889550 266
1889560 266
1889570 265
1889580 264
1889590 264
1889600 263
1889610 263
1889620 263
1889630 262
1889640 261
1889650 261
1889660 261
1889670 261
1889680 261
1889690 262
1889700 263
1889710 263
1889720 263
1889730 264
1889740 264
1889750 264
1889760 264
1889770 264
1889780 265
1889790 265
1889800 265
1889810 265
1889820 265
1889830 265
1889840 265
1889850 265
1889860 265
1889870 265
1889880 265
1889890 265
1889900 265
1889910 264
1889920 264
1889930 264
1889940 263
1889950 263
1889960 262
1889970 262
1889980 262
1889990 261
1890000 260
1890010 260
1890020 259
1890030 258
1890040 258
1890050 256
1890060 255
1890070 255
1890080 253
1890090 252
1890100 252
1890110 250
1890120 248
1890130 248
1890140 246
1890150 244
1890160 244
1890170 242
1890180 240
1890190 240
1890200 238
1890210 238
1890220 238
1890230 237
1890240 236
1890250 236
1890260 236
1890270 236
1890280 236
1890290 236
1890300 236
1890310 236
1890320 236
1890330 235
1890340 235
1890350 235
1890360 235
1890370 235
1890380 234
1890390 233
1890400 233
1890410 233
1890420 234
1890430 234
1890440 234
1890450 234
1890460 234
1890470 235
1890480 237
1890490 237
1890500 239
1890510 241
1890520 241
1890530 244
1890540 246
1890550 246
1890560 248
1890570 250
1890580 250
1890590 252
1890600 253
1890610 253
1890620 255
1890630 256
1890640 256
1890650 257
1890660 258
1890670 258
1890680 259
1890690 259
1890700 259
1890710 260
1890720 261
1890730 261
1890740 262
1890750 262
1890760 262
1890770 263
1890780 263
1890790 263
1890800 263
1890810 263
1890820 263
1890830 262
1890840 264
1890850 264
1890860 264
1890870 263
1890880 263
1890890 263
1890900 262
1890910 262
1890920 262
1890930 262
1890940 262
1890950 262
1890960 263
1890970 263
1890980 263
1890990 264
1891000 264
1891010 265
1891020 266
1891030 266
1891040 266
1891050 266
1891060 266
1891070 266
1891080 266
1891090 266
1891100 265
1891110 264
1891120 264
1891130 264
1891140 263
1891150 263
1891160 265
1891170 266
1891180 266
1891190 267
1891200 268
1891210 268
1891220 268
1891230 269
1891240 269
1891250 270
1891260 271
1891270 271
1891280 271
1891290 272
1891300 272
1891310 273
1891320 274
1891330 274
1891340 274
1891350 275
1891360 275
1891370 275
1891380 276
1891390 276
1891400 277
1891410 277
1891420 277
1891430 278
1891440 278
1891450 278
1891460 279
1891470 279
1891480 280
1891490 281
1891500 281
1891510 281
1891520 281
1891530 281
1891540 281
1891550 281
1891560 281
1891570 281
1891580 281
1891590 281
1891600 281
1891610 280
1891620 280
1891630 280
1891640 279
1891650 279
1891660 279
1891670 278
1891680 278
1891690 278
1891700 277
1891710 277
1891720 277
1891730 276
1891740 276
1891750 276
1891760 275
1891770 275
1891780 274
1891790 274
1891800 273
1891810 272
1891820 272
1891830 272
1891840 271
1891850 271
1891860 271
1891870 270
1891880 270
1891890 270
1891900 270
1891910 270
1891920 269
1891930 269
1891940 269
1891950 269
1891960 268
1891970 268
1891980 268
1891990 268
1892000 268
1892010 267
1892020 267
1892030 267
1892040 267
1892050 266
1892060 266
1892070 266
1892080 266
1892090 266
1892100 266
1892110 264
1892120 264
1892130 264
1892140 264
1892150 264
1892160 263
1892170 263
1892180 263
1892190 263
1892200 263
1892210 263
1892220 263
1892230 264
1892240 264
1892250 264
1892260 265
1892270 265
1892280 266
1892290 267
1892300 267
1892310 268
1892320 269
1892330 269
1892340 269
1892350 270
1892360 270
1892370 270
1892380 271
1892390 271
1892400 271
1892410 271
1892420 271
1892430 272
1892440 272
1892450 272
1892460 273
1892470 273
1892480 273
1892490 274
1892500 274
1892510 274
1892520 274
1892530 273
1892540 273
1892550 273
1892560 272
1892570 272
1892580 272
1892590 272
1892600 272
1892610 271
1892620 270
1892630 270
1892640 270
1892650 269
1892660 269
1892670 268
1892680 267
1892690 267
1892700 266
1892710 264
1892720 264
1892730 263
1892740 261
1892750 259
1892760 257
1892770 259
1892780 259
1892790 260
1892800 261
1892810 261
1892820 263
1892830 264
1892840 264
1892850 265
1892860 266
1892870 266
1892880 266
1892890 266
1892900 266
1892910 267
1892920 269
1892930 269
1892940 269
1892950 270
1892960 270
1892970 270
1892980 271
1892990 271
1893000 271
1893010 272
1893020 272
1893030 272
1893040 273
1893050 273
1893060 274
1893070 274
1893080 274
1893090 275
1893100 276
1893110 276
1893120 277
1893130 278
1893140 278
1893150 278
1893160 279
1893170 279
1893180 280
1893190 280
1893200 280
1893210 281
1893220 281
1893230 281
1893240 282
1893250 283
1893260 283
1893270 284
1893280 285
1893290 285
1893300 286
1893310 287
1893320 287
1893330 288
1893340 289
1893350 289
1893360 290
1893370 290
1893380 291
1893390 292
1893400 292
1893410 292
1893420 292
1893430 292
1893440 292
1893450 291
1893460 290
1893470 290
1893480 289
1893490 287
1893500 287
1893510 286
1893520 285
1893530 285
1893540 283
1893550 281
1893560 281
1893570 279
1893580 277
1893590 277
1893600 275
1893610 272
1893620 272
1893630 270
1893640 268
1893650 268
1893660 265
1893670 262
1893680 262
1893690 258
1893700 251
1893710 251
1893720 246
1893730 244
1893740 244
1893750 242
1893760 241
1893770 241
1893780 239
1893790 237
1893800 237
1893810 236
1893820 238
1893830 238
1893840 242
1893850 246
1893860 246
1893870 250
1893880 254
1893890 254
1893900 257
1893910 262
1893920 262
1893930 267
1893940 273
1893950 273
1893960 276
1893970 278
1893980 278
1893990 281
1894000 283
1894010 286
1894020 288
1894030 289
1894040 289
1894050 289
1894060 286
1894070 286
1894080 285
1894090 284
1894100 284
1894110 281
1894120 279
1894130 279
1894140 277
1894150 276
1894160 276
1894170 275
1894180 273
1894190 273
1894200 272
1894210 272
1894220 271
1894230 271
1894240 271
1894250 269
1894260 269
1894270 267
1894280 266
1894290 266
1894300 264
1894310 262
1894320 262
1894330 263
1894340 262
1894350 262
1894360 260
1894370 257
1894380 257
1894390 253
1894400 249
1894410 249
1894420 245
1894430 240
1894440 240
1894450 239
1894460 239
1894470 239
1894480 240
1894490 243
1894500 243
1894510 247
1894520 248
1894530 248
1894540 250
1894550 251
1894560 251
1894570 252
1894580 252
1894590 252
1894600 251
1894610 251
1894620 251
1894630 249
1894640 248
1894650 248
1894660 245
1894670 241
1894680 241
1894690 237
1894700 233
1894710 233
1894720 229
1894730 225
1894740 225
1894750 225
1894760 226
1894770 226
1894780 227
1894790 228
1894800 228
1894810 231
1894820 234
1894830 234
1894840 236
1894850 236
1894860 236
1894870 236
1894880 236
1894890 236
1894900 235
1894910 235
1894920 235
1894930 233
1894940 232
1894950 232
1894960 233
1894970 232
1894980 232
1894990 233
1895000 233
1895010 233
1895020 232
1895030 231
1895040 231
1895050 230
1895060 227
1895070 227
1895080 225
1895090 222
1895100 222
1895110 220
1895120 218
1895130 218
1895140 216
1895150 214
1895160 214
1895170 210
1895180 210
1895190 210
1895200 216
1895210 220
1895220 220
1895230 221
1895240 222
1895250 222
1895260 226
1895270 232
1895280 232
1895290 232
1895300 232
1895310 232
1895320 233
1895330 233
1895340 233
1895350 234
1895360 235
1895370 235
1895380 236
1895390 237
1895400 237
1895410 236
1895420 237
1895430 237
1895440 237
1895450 238
1895460 238
1895470 239
1895480 238
1895490 238
1895500 238
1895510 236
1895520 236
1895530 234
1895540 233
1895550 233
1895560 230
1895570 228
1895580 228
1895590 228
1895600 226
1895610 226
1895620 228
1895630 229
1895640 229
1895650 230
1895660 232
1895670 232
1895680 233
1895690 234
1895700 234
1895710 235
1895720 237
1895730 237
1895740 238
1895750 240
1895760 240
1895770 242
1895780 241
1895790 241
1895800 241
1895810 242
1895820 242
1895830 242
1895840 243
1895850 243
1895860 244
1895870 244
1895880 244
1895890 244
1895900 247
1895910 247
1895920 248
1895930 248
1895940 248
1895950 249
1895960 249
1895970 249
1895980 249
1895990 249
1896000 249
1896010 249
1896020 248
1896030 248
1896040 248
1896050 248
1896060 248
1896070 247
1896080 247
1896090 247
1896100 246
1896110 246
1896120 246
1896130 245
1896140 245
1896150 245
1896160 244
1896170 244
1896180 244
1896190 244
1896200 243
1896210 243
1896220 244
1896230 244
1896240 244
1896250 243
1896260 243
1896270 243
1896280 242
1896290 241
1896300 241
1896310 240
1896320 239
1896330 239
1896340 238
1896350 237
1896360 237
1896370 236
1896380 234
1896390 234
1896400 232
1896410 230
1896420 230
1896430 227
1896440 225
1896450 225
1896460 222
1896470 220
1896480 220
1896490 218
1896500 215
1896510 215
1896520 212
1896530 209
1896540 209
1896550 206
1896560 203
1896570 203
1896580 200
1896590 196
1896600 196
1896610 193
1896620 189
1896630 189
1896640 186
1896650 184
1896660 184
1896670 182
1896680 181
1896690 181
1896700 179
1896710 178
1896720 177
1896730 177
1896740 175
1896750 174
1896760 174
1896770 172
1896780 170
1896790 170
1896800 167
1896810 165
1896820 165
1896830 162
1896840 160
1896850 154
1896860 151
1896870 148
1896880 148
1896890 144
1896900 141
1896910 141
1896920 138
1896930 137
1896940 137
1896950 137
1896960 137
1896970 137
1896980 137
1896990 136
1897000 136
1897010 136
1897020 136
1897030 136
1897040 136
1897050 136
1897060 136
1897070 136
1897080 137
1897090 137
1897100 137
1897110 137
1897120 137
1897130 137
1897140 137
1897150 137
1897160 137
1897170 137
1897180 137
1897190 137
1897200 137
1897210 137
1897220 137
1897230 137
1897240 137
1897250 137
1897260 137
1897270 137
1897280 137
1897290 137
1897300 137
1897310 137
1897320 137
1897330 137
1897340 137
1897350 137
1897360 137
1897370 137
1897380 137
1897390 137
1897400 137
1897410 137
1897420 137
1897430 137
1897440 136
1897450 136
1897460 136
1897470 136
1897480 136
1897490 136
1897500 136
1897510 136
1897520 136
1897530 136
1897540 136
1897550 136
1897560 136
1897570 136
1897580 136
1897590 136
1897600 136
1897610 136
1897620 136
1897630 136
1897640 136
1897650 136
1897660 136
1897670 136
1897680 136
1897690 136
1897700 136
1897710 136
1897720 136
1897730 136
1897740 136
1897750 136
1897760 136
1897770 136
1897780 135
1897790 135
1897800 135
1897810 135
1897820 135
1897830 135
1897840 135
1897850 136
1897860 136
1897870 136
1897880 136
1897890 137
1897900 137
1897910 137
1897920 137
1897930 137
1897940 137
1897950 137
1897960 137
1897970 137
1897980 137
1897990 137
1898000 137
1898010 137
1898020 137
1898030 137
1898040 137
1898050 137
1898060 137
1898070 137
1898080 137
1898090 137
1898100 137
1898110 137
1898120 137
1898130 137
1898140 137
1898150 137
1898160 137
1898170 137
1898180 137
1898190 137
1898200 137
1898210 137
1898220 136
1898230 136
1898240 136
1898250 136
1898260 136
1898270 136
1898280 136
1898290 136
1898300 136
1898310 136
1898320 136
1898330 136
1898340 136
1898350 136
1898360 136
1898370 136
1898380 136
1898390 136
1898400 136
1898410 136
1898420 136
1898430 136
1898440 136
1898450 136
1898460 136
1898470 136
1898480 136
1898490 136
1898500 136
1898510 136
1898520 136
1898530 136
1898540 136
1898550 136
1898560 136
1898570 136
1898580 135
1898590 135
1898600 134
1898610 134
1898620 134
1898630 134
1898640 134
1898650 134
1898660 134
1898670 134
1898680 134
1898690 134
1898700 133
1898710 133
1898720 132
1898730 132
1898740 132
1898750 132
1898760 132
1898770 132
1898780 132
1898790 132
1898800 132
1898810 132
1898820 133
1898830 133
1898840 134
1898850 136
1898860 136
1898870 136
1898880 136
1898890 136
1898900 137
1898910 136
1898920 136
1898930 136
1898940 136
1898950 136
1898960 136
1898970 136
1898980 136
1898990 136
1899000 136
1899010 136
1899020 136
1899030 136
1899040 136
1899050 136
1899060 136
1899070 136
1899080 136
1899090 136
1899100 136
1899110 136
1899120 136
1899130 136
1899140 136
1899150 136
1899160 136
1899170 136
1899180 136
1899190 136
1899200 136
1899210 136
1899220 136
1899230 136
1899240 136
1899250 136
1899260 136
1899270 136
1899280 136
1899290 136
1899300 135
1899310 135
1899320 135
1899330 135
1899340 135
1899350 135
1899360 135
1899370 135
1899380 135
1899390 135
1899400 135
1899410 135
1899420 135
1899430 135
1899440 135
1899450 135
1899460 135
1899470 135
1899480 135
1899490 135
1899500 135
1899510 135
1899520 135
1899530 135
1899540 135
1899550 134
1899560 134
1899570 135
1899580 135
1899590 135
1899600 135
1899610 136
1899620 136
1899630 136
1899640 136
1899650 136
1899660 136
1899670 136
1899680 136
1899690 136
1899700 136
1899710 136
1899720 136
1899730 136
1899740 136
1899750 136
1899760 136
1899770 136
1899780 136
1899790 136
1899800 136
1899810 136
1899820 136
1899830 136
1899840 136
1899850 136
1899860 136
1899870 136
1899880 136
1899890 136
1899900 137
1899910 137
1899920 137
1899930 136
1899940 137
1899950 137
1899960 136
1899970 136
1899980 136
1899990 136
