1880000 177
1880010 178
1880020 178
1880030 178
1880040 177
1880050 176
1880060 176
1880070 176
1880080 176
1880090 176
1880100 176
1880110 176
1880120 176
1880130 176
1880140 175
1880150 175
1880160 175
1880170 175
1880180 175
1880190 175
1880200 176
1880210 176
1880220 176
1880230 176
1880240 176
1880250 176
1880260 177
1880270 177
1880280 177
1880290 177
1880300 178
1880310 178
1880320 178
1880330 178
1880340 178
1880350 179
1880360 179
1880370 179
1880380 179
1880390 179
1880400 179
1880410 179
1880420 179
1880430 179
1880440 179
1880450 180
1880460 180
1880470 180
1880480 180
1880490 180
1880500 180
1880510 180
1880520 180
1880530 180
1880540 180
1880550 180
1880560 180
1880570 180
1880580 180
1880590 179
1880600 179
1880610 179
1880620 179
1880630 179
1880640 179
1880650 179
1880660 179
1880670 179
1880680 179
1880690 179
1880700 179
1880710 179
1880720 179
1880730 179
1880740 178
1880750 178
1880760 178
1880770 178
1880780 177
1880790 177
1880800 177
1880810 177
1880820 177
1880830 176
1880840 176
1880850 176
1880860 175
1880870 175
1880880 175
1880890 175
1880900 175
1880910 175
1880920 174
1880930 173
1880940 173
1880950 173
1880960 173
1880970 173
1880980 172
1880990 172
1881000 172
1881010 172
1881020 172
1881030 172
1881040 171
1881050 171
1881060 171
1881070 171
1881080 171
1881090 171
1881100 171
1881110 170
1881120 170
1881130 170
1881140 170
1881150 170
1881160 170
1881170 170
1881180 170
1881190 170
1881200 170
1881210 170
1881220 169
1881230 169
1881240 169
1881250 169
1881260 169
1881270 169
1881280 169
1881290 169
1881300 169
1881310 169
1881320 169
1881330 169
1881340 169
1881350 169
1881360 169
1881370 169
1881380 170
1881390 170
1881400 170
1881410 170
1881420 170
1881430 171
1881440 171
1881450 171
1881460 171
1881470 172
1881480 172
1881490 173
1881500 173
1881510 173
1881520 174
1881530 174
1881540 174
1881550 175
1881560 176
1881570 176
1881580 176
1881590 177
1881600 177
1881610 177
1881620 178
1881630 178
1881640 178
1881650 178
1881660 178
1881670 178
1881680 178
1881690 178
1881700 178
1881710 178
1881720 178
1881730 178
1881740 178
1881750 178
1881760 178
1881770 178
1881780 178
1881790 177
1881800 177
1881810 177
1881820 177
1881830 176
1881840 176
1881850 176
1881860 176
1881870 176
1881880 175
1881890 175
1881900 175
1881910 174
1881920 174
1881930 174
1881940 173
1881950 173
1881960 173
1881970 172
1881980 172
1881990 172
1882000 171
1882010 171
1882020 171
1882030 171
1882040 170
1882050 170
1882060 169
1882070 169
1882080 169
1882090 169
1882100 168
1882110 168
1882120 168
1882130 168
1882140 168
1882150 167
1882160 167
1882170 167
1882180 167
1882190 167
1882200 167
1882210 166
1882220 166
1882230 166
1882240 166
1882250 166
1882260 166
1882270 166
1882280 166
1882290 166
1882300 165
1882310 165
1882320 165
1882330 165
1882340 165
1882350 165
1882360 165
1882370 164
1882380 164
1882390 164
1882400 164
1882410 164
1882420 164
1882430 164
1882440 164
1882450 164
1882460 164
1882470 164
1882480 164
1882490 163
1882500 163
1882510 164
1882520 164
1882530 164
1882540 164
1882550 164
1882560 164
1882570 164
1882580 164
1882590 164
1882600 164
1882610 164
1882620 164
1882630 164
1882640 164
1882650 164
1882660 164
1882670 165
1882680 165
1882690 165
1882700 166
1882710 167
1882720 167
1882730 167
1882740 168
1882750 168
1882760 168
1882770 168
1882780 168
1882790 168
1882800 168
1882810 168
1882820 169
1882830 169
1882840 169
1882850 169
1882860 170
1882870 170
1882880 170
1882890 171
1882900 171
1882910 172
1882920 172
1882930 172
1882940 172
1882950 173
1882960 173
1882970 173
1882980 173
1882990 173
1883000 174
1883010 174
1883020 174
1883030 175
1883040 175
1883050 175
1883060 175
1883070 175
1883080 175
1883090 175
1883100 175
1883110 175
1883120 176
1883130 176
1883140 176
1883150 176
1883160 176
1883170 176
1883180 176
1883190 176
1883200 176
1883210 176
1883220 176
1883230 176
1883240 175
1883250 175
1883260 175
1883270 175
1883280 175
1883290 175
1883300 175
1883310 175
1883320 175
1883330 176
1883340 176
1883350 176
1883360 176
1883370 177
1883380 177
1883390 177
1883400 178
1883410 178
1883420 178
1883430 178
1883440 178
1883450 178
1883460 178
1883470 178
1883480 179
1883490 179
1883500 179
1883510 179
1883520 179
1883530 179
1883540 179
1883550 179
1883560 179
1883570 179
1883580 179
1883590 179
1883600 179
1883610 179
1883620 179
1883630 179
1883640 179
1883650 179
1883660 179
1883670 179
1883680 179
1883690 179
1883700 179
1883710 179
1883720 179
1883730 180
1883740 180
1883750 180
1883760 180
1883770 180
1883780 180
1883790 180
1883800 180
1883810 180
1883820 181
1883830 181
1883840 181
1883850 181
1883860 181
1883870 181
1883880 181
1883890 181
1883900 181
1883910 181
1883920 181
1883930 181
1883940 182
1883950 182
1883960 182
1883970 182
1883980 182
1883990 182
1884000 182
1884010 182
1884020 183
1884030 183
1884040 183
1884050 183
1884060 183
1884070 183
1884080 184
1884090 184
1884100 184
1884110 184
1884120 185
1884130 185
1884140 185
1884150 185
1884160 185
1884170 186
1884180 186
1884190 186
1884200 186
1884210 186
1884220 186
1884230 186
1884240 186
1884250 186
1884260 187
1884270 187
1884280 187
1884290 187
1884300 188
1884310 188
1884320 188
1884330 189
1884340 189
1884350 189
1884360 189
1884370 189
1884380 189
1884390 189
1884400 189
1884410 190
1884420 190
1884430 190
1884440 190
1884450 190
1884460 190
1884470 190
1884480 190
1884490 190
1884500 190
1884510 191
1884520 191
1884530 191
1884540 191
1884550 191
1884560 191
1884570 192
1884580 192
1884590 192
1884600 192
1884610 192
1884620 193
1884630 193
1884640 193
1884650 193
1884660 194
1884670 194
1884680 194
1884690 194
1884700 194
1884710 195
1884720 195
1884730 195
1884740 196
1884750 196
1884760 196
1884770 197
1884780 197
1884790 197
1884800 197
1884810 198
1884820 198
1884830 198
1884840 199
1884850 199
1884860 199
1884870 199
1884880 199
1884890 200
1884900 200
1884910 200
1884920 201
1884930 201
1884940 201
1884950 202
1884960 202
1884970 202
1884980 203
1884990 203
1885000 203
1885010 203
1885020 204
1885030 204
1885040 204
1885050 204
1885060 204
1885070 205
1885080 205
1885090 205
1885100 205
1885110 206
1885120 206
1885130 206
1885140 207
1885150 207
1885160 207
1885170 207
1885180 207
1885190 207
1885200 208
1885210 208
1885220 209
1885230 208
1885240 208
1885250 209
1885260 209
1885270 209
1885280 209
1885290 210
1885300 211
1885310 211
1885320 211
1885330 211
1885340 211
1885350 212
1885360 212
1885370 212
1885380 213
1885390 213
1885400 213
1885410 214
1885420 214
1885430 214
1885440 215
1885450 215
1885460 215
1885470 215
1885480 216
1885490 216
1885500 216
1885510 217
1885520 217
1885530 217
1885540 217
1885550 217
1885560 217
1885570 218
1885580 218
1885590 218
1885600 219
1885610 219
1885620 220
1885630 220
1885640 220
1885650 221
1885660 221
1885670 221
1885680 222
1885690 222
1885700 222
1885710 223
1885720 223
1885730 223
1885740 224
1885750 224
1885760 224
1885770 225
1885780 225
1885790 225
1885800 225
1885810 226
1885820 226
1885830 226
1885840 226
1885850 226
1885860 226
1885870 226
1885880 226
1885890 227
1885900 227
1885910 227
1885920 227
1885930 228
1885940 228
1885950 229
1885960 229
1885970 229
1885980 230
1885990 230
1886000 230
1886010 230
1886020 230
1886030 230
1886040 231
1886050 231
1886060 231
1886070 231
1886080 231
1886090 231
1886100 231
1886110 231
1886120 231
1886130 231
1886140 231
1886150 231
1886160 231
1886170 231
1886180 231
1886190 232
1886200 232
1886210 232
1886220 232
1886230 231
1886240 231
1886250 232
1886260 232
1886270 233
1886280 233
1886290 233
1886300 233
1886310 233
1886320 234
1886330 234
1886340 235
1886350 235
1886360 235
1886370 236
1886380 236
1886390 236
1886400 237
1886410 238
1886420 238
1886430 238
1886440 239
1886450 239
1886460 239
1886470 239
1886480 239
1886490 239
1886500 239
1886510 239
1886520 239
1886530 239
1886540 239
1886550 239
1886560 239
1886570 239
1886580 239
1886590 240
1886600 240
1886610 240
1886620 240
1886630 240
1886640 240
1886650 240
1886660 240
1886670 240
1886680 240
1886690 240
1886700 241
1886710 242
1886720 242
1886730 242
1886740 243
1886750 243
1886760 243
1886770 243
1886780 243
1886790 243
1886800 244
1886810 244
1886820 244
1886830 244
1886840 244
1886850 244
1886860 244
1886870 244
1886880 244
1886890 245
1886900 245
1886910 245
1886920 245
1886930 245
1886940 245
1886950 245
1886960 245
1886970 245
1886980 245
1886990 245
1887000 245
1887010 245
1887020 245
1887030 245
1887040 245
1887050 245
1887060 246
1887070 246
1887080 246
1887090 246
1887100 247
1887110 247
1887120 247
1887130 247
1887140 247
1887150 247
1887160 247
1887170 247
1887180 248
1887190 248
1887200 248
1887210 249
1887220 249
1887230 249
1887240 250
1887250 250
1887260 250
1887270 251
1887280 251
1887290 251
1887300 251
1887310 252
1887320 252
1887330 252
1887340 252
1887350 252
1887360 253
1887370 253
1887380 253
1887390 253
1887400 253
1887410 253
1887420 253
1887430 253
1887440 253
1887450 253
1887460 253
1887470 253
1887480 253
1887490 253
1887500 253
1887510 253
1887520 253
1887530 253
1887540 253
1887550 253
1887560 253
1887570 253
1887580 254
1887590 254
1887600 254
1887610 254
1887620 254
1887630 254
1887640 254
1887650 254
1887660 254
1887670 254
1887680 254
1887690 254
1887700 255
1887710 255
1887720 255
1887730 256
1887740 256
1887750 256
1887760 256
1887770 256
1887780 257
1887790 258
1887800 258
1887810 258
1887820 259
1887830 260
1887840 260
1887850 261
1887860 262
1887870 262
1887880 263
1887890 263
1887900 263
1887910 264
1887920 264
1887930 264
1887940 265
1887950 266
1887960 266
1887970 266
1887980 266
1887990 266
1888000 267
1888010 267
1888020 267
1888030 267
1888040 267
1888050 267
1888060 267
1888070 268
1888080 268
1888090 268
1888100 268
1888110 268
1888120 268
1888130 269
1888140 269
1888150 269
1888160 270
1888170 270
1888180 270
1888190 271
1888200 271
1888210 271
1888220 272
1888230 272
1888240 273
1888250 273
1888260 273
1888270 274
1888280 275
1888290 275
1888300 276
1888310 276
1888320 276
1888330 277
1888340 278
1888350 278
1888360 278
1888370 279
1888380 279
1888390 280
1888400 280
1888410 280
1888420 281
1888430 282
1888440 282
1888450 282
1888460 283
1888470 283
1888480 283
1888490 284
1888500 284
1888510 284
1888520 285
1888530 285
1888540 285
1888550 286
1888560 286
1888570 287
1888580 287
1888590 287
1888600 288
1888610 289
1888620 289
1888630 289
1888640 290
1888650 290
1888660 291
1888670 292
1888680 292
1888690 292
1888700 293
1888710 293
1888720 294
1888730 295
1888740 295
1888750 296
1888760 297
1888770 297
1888780 298
1888790 299
1888800 299
1888810 300
1888820 300
1888830 300
1888840 301
1888850 302
1888860 302
1888870 304
1888880 305
1888890 305
1888900 306
1888910 307
1888920 307
1888930 308
1888940 309
1888950 309
1888960 310
1888970 312
1888980 312
1888990 313
1889000 315
1889010 315
1889020 316
1889030 317
1889040 317
1889050 318
1889060 319
1889070 319
1889080 320
1889090 321
1889100 321
1889110 321
1889120 322
1889130 322
1889140 323
1889150 323
1889160 325
1889170 325
1889180 326
1889190 326
1889200 327
1889210 327
1889220 327
1889230 327
1889240 327
1889250 327
1889260 326
1889270 325
1889280 325
1889290 324
1889300 322
1889310 322
1889320 320
1889330 318
1889340 318
1889350 316
1889360 315
1889370 315
1889380 313
1889390 312
1889400 312
1889410 310
1889420 309
1889430 309
1889440 308
1889450 306
1889460 306
1889470 305
1889480 304
1889490 304
1889500 302
1889510 301
1889520 301
1889530 300
1889540 298
1889550 298
1889560 297
1889570 296
1889580 296
1889590 294
1889600 293
1889610 293
1889620 291
1889630 290
1889640 290
1889650 290
1889660 289
1889670 289
1889680 288
1889690 287
1889700 287
1889710 286
1889720 285
1889730 285
1889740 283
1889750 282
1889760 282
1889770 281
1889780 280
1889790 280
1889800 280
1889810 280
1889820 280
1889830 279
1889840 278
1889850 278
1889860 278
1889870 278
1889880 278
1889890 278
1889900 278
1889910 278
1889920 278
1889930 277
1889940 277
1889950 276
1889960 276
1889970 276
1889980 275
1889990 275
1890000 275
1890010 274
1890020 274
1890030 274
1890040 273
1890050 272
1890060 272
1890070 272
1890080 271
1890090 271
1890100 270
1890110 269
1890120 270
1890130 269
1890140 268
1890150 268
1890160 267
1890170 267
1890180 267
1890190 266
1890200 266
1890210 266
1890220 265
1890230 265
1890240 265
1890250 265
1890260 264
1890270 264
1890280 264
1890290 264
1890300 264
1890310 264
1890320 264
1890330 264
1890340 263
1890350 263
1890360 263
1890370 263
1890380 263
1890390 263
1890400 264
1890410 264
1890420 264
1890430 264
1890440 262
1890450 262
1890460 262
1890470 261
1890480 261
1890490 261
1890500 261
1890510 261
1890520 261
1890530 261
1890540 261
1890550 261
1890560 260
1890570 259
1890580 259
1890590 259
1890600 258
1890610 258
1890620 257
1890630 257
1890640 257
1890650 256
1890660 255
1890670 255
1890680 254
1890690 254
1890700 254
1890710 253
1890720 253
1890730 253
1890740 252
1890750 251
1890760 251
1890770 251
1890780 250
1890790 250
1890800 250
1890810 249
1890820 249
1890830 249
1890840 249
1890850 249
1890860 249
1890870 249
1890880 249
1890890 249
1890900 249
1890910 249
1890920 249
1890930 249
1890940 249
1890950 249
1890960 249
1890970 249
1890980 249
1890990 249
1891000 249
1891010 249
1891020 249
1891030 249
1891040 249
1891050 249
1891060 249
1891070 248
1891080 248
1891090 248
1891100 247
1891110 247
1891120 247
1891130 246
1891140 244
1891150 244
1891160 243
1891170 241
1891180 241
1891190 240
1891200 239
1891210 239
1891220 237
1891230 236
1891240 236
1891250 234
1891260 234
1891270 234
1891280 239
1891290 242
1891300 242
1891310 245
1891320 249
1891330 249
1891340 253
1891350 256
1891360 256
1891370 259
1891380 262
1891390 261
1891400 264
1891410 265
1891420 265
1891430 265
1891440 265
1891450 265
1891460 265
1891470 265
1891480 265
1891490 265
1891500 264
1891510 264
1891520 264
1891530 264
1891540 264
1891550 263
1891560 263
1891570 263
1891580 262
1891590 262
1891600 262
1891610 262
1891620 261
1891630 261
1891640 261
1891650 260
1891660 260
1891670 260
1891680 259
1891690 259
1891700 259
1891710 258
1891720 258
1891730 258
1891740 257
1891750 257
1891760 256
1891770 255
1891780 255
1891790 253
1891800 252
1891810 252
1891820 250
1891830 247
1891840 247
1891850 243
1891860 239
1891870 239
1891880 235
1891890 232
1891900 232
1891910 229
1891920 231
1891930 231
1891940 234
1891950 238
1891960 238
1891970 242
1891980 246
1891990 246
1892000 248
1892010 250
1892020 250
1892030 252
1892040 253
1892050 253
1892060 253
1892070 254
1892080 254
1892090 255
1892100 255
1892110 255
1892120 256
1892130 256
1892140 256
1892150 256
1892160 256
1892170 256
1892180 256
1892190 256
1892200 256
1892210 256
1892220 256
1892230 256
1892240 256
1892250 256
1892260 256
1892270 256
1892280 256
1892290 256
1892300 256
1892310 256
1892320 256
1892330 256
1892340 257
1892350 256
1892360 256
1892370 257
1892380 257
1892390 257
1892400 257
1892410 257
1892420 257
1892430 257
1892440 257
1892450 257
1892460 257
1892470 257
1892480 257
1892490 257
1892500 257
1892510 257
1892520 257
1892530 257
1892540 257
1892550 257
1892560 257
1892570 257
1892580 257
1892590 257
1892600 256
1892610 256
1892620 256
1892630 255
1892640 254
1892650 254
1892660 251
1892670 248
1892680 248
1892690 246
1892700 245
1892710 245
1892720 245
1892730 246
1892740 246
1892750 245
1892760 244
1892770 244
1892780 243
1892790 241
1892800 241
1892810 240
1892820 238
1892830 238
1892840 236
1892850 234
1892860 234
1892870 232
1892880 229
1892890 229
1892900 231
1892910 232
1892920 232
1892930 233
1892940 232
1892950 232
1892960 231
1892970 227
1892980 225
1892990 220
1893000 217
1893010 217
1893020 221
1893030 223
1893040 223
1893050 226
1893060 229
1893070 229
1893080 230
1893090 230
1893100 230
1893110 230
1893120 230
1893130 230
1893140 230
1893150 230
1893160 230
1893170 230
1893180 230
1893190 229
1893200 229
1893210 229
1893220 228
1893230 228
1893240 227
1893250 226
1893260 226
1893270 225
1893280 224
1893290 224
1893300 221
1893310 220
1893320 220
1893330 219
1893340 219
1893350 219
1893360 221
1893370 224
1893380 224
1893390 225
1893400 224
1893410 224
1893420 221
1893430 219
1893440 219
1893450 217
1893460 216
1893470 216
1893480 218
1893490 222
1893500 222
1893510 227
1893520 230
1893530 230
1893540 233
1893550 235
1893560 235
1893570 236
1893580 238
1893590 238
1893600 239
1893610 240
1893620 240
1893630 241
1893640 243
1893650 243
1893660 245
1893670 246
1893680 246
1893690 248
1893700 250
1893710 250
1893720 251
1893730 252
1893740 252
1893750 254
1893760 255
1893770 255
1893780 256
1893790 258
1893800 258
1893810 259
1893820 257
1893830 257
1893840 254
1893850 252
1893860 252
1893870 252
1893880 254
1893890 254
1893900 259
1893910 262
1893920 262
1893930 267
1893940 269
1893950 269
1893960 271
1893970 273
1893980 273
1893990 275
1894000 277
1894010 277
1894020 279
1894030 282
1894040 282
1894050 284
1894060 286
1894070 286
1894080 289
1894090 291
1894100 291
1894110 293
1894120 294
1894130 294
1894140 296
1894150 297
1894160 297
1894170 298
1894180 298
1894190 298
1894200 298
1894210 298
1894220 298
1894230 295
1894240 288
1894250 288
1894260 283
1894270 279
1894280 279
1894290 275
1894300 271
1894310 271
1894320 268
1894330 266
1894340 266
1894350 263
1894360 260
1894370 260
1894380 258
1894390 257
1894400 257
1894410 257
1894420 257
1894430 257
1894440 258
1894450 259
1894460 259
1894470 261
1894480 264
1894490 264
1894500 267
1894510 271
1894520 271
1894530 275
1894540 279
1894550 279
1894560 285
1894570 288
1894580 288
1894590 292
1894600 295
1894610 295
1894620 298
1894630 301
1894640 301
1894650 304
1894660 306
1894670 306
1894680 309
1894690 311
1894700 311
1894710 313
1894720 314
1894730 314
1894740 314
1894750 315
1894760 315
1894770 317
1894780 318
1894790 318
1894800 318
1894810 318
1894820 318
1894830 318
1894840 319
1894850 319
1894860 321
1894870 323
1894880 324
1894890 326
1894900 328
1894910 328
1894920 330
1894930 332
1894940 332
1894950 334
1894960 337
1894970 337
1894980 339
1894990 342
1895000 342
1895010 342
1895020 341
1895030 341
1895040 340
1895050 338
1895060 338
1895070 337
1895080 336
1895090 336
1895100 335
1895110 335
1895120 335
1895130 335
1895140 335
1895150 335
1895160 335
1895170 333
1895180 333
1895190 327
1895200 325
1895210 325
1895220 323
1895230 321
1895240 321
1895250 320
1895260 319
1895270 319
1895280 318
1895290 318
1895300 318
1895310 319
1895320 320
1895330 320
1895340 322
1895350 324
1895360 324
1895370 326
1895380 325
1895390 325
1895400 323
1895410 320
1895420 320
1895430 317
1895440 314
1895450 314
1895460 311
1895470 308
1895480 308
1895490 305
1895500 302
1895510 301
1895520 298
1895530 295
1895540 295
1895550 291
1895560 288
1895570 288
1895580 284
1895590 279
1895600 279
1895610 275
1895620 270
1895630 270
1895640 265
1895650 260
1895660 260
1895670 255
1895680 251
1895690 246
1895700 246
1895710 241
1895720 237
1895730 237
1895740 233
1895750 229
1895760 229
1895770 225
1895780 222
1895790 222
1895800 219
1895810 216
1895820 219
1895830 219
1895840 219
1895850 219
1895860 221
1895870 222
1895880 222
1895890 225
1895900 227
1895910 227
1895920 228
1895930 226
1895940 226
1895950 225
1895960 222
1895970 222
1895980 219
1895990 215
1896000 215
1896010 212
1896020 210
1896030 210
1896040 208
1896050 206
1896060 206
1896070 203
1896080 201
1896090 201
1896100 198
1896110 195
1896120 195
1896130 191
1896140 187
1896150 187
1896160 184
1896170 181
1896180 181
1896190 178
1896200 175
1896210 175
1896220 172
1896230 170
1896240 170
1896250 167
1896260 164
1896270 164
1896280 160
1896290 154
1896300 154
1896310 148
1896320 142
1896330 142
1896340 139
1896350 139
1896360 139
1896370 138
1896380 138
1896390 138
1896400 138
1896410 138
1896420 138
1896430 138
1896440 138
1896450 137
1896460 137
1896470 137
1896480 137
1896490 137
1896500 137
1896510 137
1896520 137
1896530 137
1896540 137
1896550 137
1896560 137
1896570 137
1896580 137
1896590 137
1896600 137
1896610 138
1896620 138
1896630 138
1896640 138
1896650 137
1896660 137
1896670 137
1896680 137
1896690 137
1896700 137
1896710 137
1896720 137
1896730 137
1896740 137
1896750 137
1896760 136
1896770 136
1896780 136
1896790 136
1896800 136
1896810 136
1896820 137
1896830 137
1896840 137
1896850 137
1896860 137
1896870 137
1896880 137
1896890 137
1896900 137
1896910 137
1896920 137
1896930 137
1896940 137
1896950 137
1896960 137
1896970 137
1896980 137
1896990 137
1897000 137
1897010 137
1897020 137
1897030 137
1897040 137
1897050 137
1897060 137
1897070 137
1897080 137
1897090 137
1897100 137
1897110 137
1897120 137
1897130 137
1897140 137
1897150 137
1897160 137
1897170 137
1897180 136
1897190 137
1897200 137
1897210 137
1897220 137
1897230 137
1897240 137
1897250 137
1897260 137
1897270 137
1897280 136
1897290 136
1897300 137
1897310 137
1897320 137
1897330 137
1897340 137
1897350 137
1897360 137
1897370 137
1897380 137
1897390 137
1897400 137
1897410 137
1897420 137
1897430 137
1897440 137
1897450 137
1897460 137
1897470 137
1897480 137
1897490 136
1897500 136
1897510 136
1897520 136
1897530 136
1897540 136
1897550 136
1897560 136
1897570 137
1897580 137
1897590 137
1897600 137
1897610 137
1897620 137
1897630 137
1897640 137
1897650 137
1897660 137
1897670 137
1897680 137
1897690 137
1897700 137
1897710 137
1897720 137
1897730 137
1897740 137
1897750 137
1897760 137
1897770 137
1897780 137
1897790 137
1897800 137
1897810 137
1897820 137
1897830 137
1897840 137
1897850 137
1897860 137
1897870 137
1897880 138
1897890 138
1897900 140
1897910 139
1897920 139
1897930 138
1897940 137
1897950 137
1897960 137
1897970 137
1897980 137
1897990 137
1898000 137
1898010 137
1898020 137
1898030 137
1898040 137
1898050 137
1898060 137
1898070 137
1898080 137
1898090 137
1898100 137
1898110 137
1898120 137
1898130 137
1898140 137
1898150 137
1898160 137
1898170 137
1898180 137
1898190 137
1898200 137
1898210 137
1898220 137
1898230 137
1898240 137
1898250 137
1898260 137
1898270 137
1898280 137
1898290 137
1898300 137
1898310 137
1898320 137
1898330 137
1898340 137
1898350 137
1898360 137
1898370 137
1898380 137
1898390 137
1898400 137
1898410 137
1898420 137
1898430 137
1898440 137
1898450 137
1898460 137
1898470 137
1898480 137
1898490 137
1898500 137
1898510 137
1898520 137
1898530 137
1898540 137
1898550 137
1898560 137
1898570 137
1898580 137
1898590 137
1898600 137
1898610 137
1898620 137
1898630 137
1898640 137
1898650 137
1898660 137
1898670 137
1898680 137
1898690 136
1898700 137
1898710 137
1898720 137
1898730 137
1898740 137
1898750 137
1898760 137
1898770 137
1898780 136
1898790 136
1898800 136
1898810 136
1898820 136
1898830 136
1898840 136
1898850 137
1898860 137
1898870 137
1898880 137
1898890 137
1898900 136
1898910 136
1898920 136
1898930 136
1898940 136
1898950 136
1898960 136
1898970 136
1898980 136
1898990 136
1899000 136
1899010 136
1899020 136
1899030 136
1899040 136
1899050 136
1899060 136
1899070 136
1899080 136
1899090 136
1899100 136
1899110 136
1899120 136
1899130 136
1899140 136
1899150 136
1899160 136
1899170 137
1899180 137
1899190 137
1899200 137
1899210 136
1899220 136
1899230 136
1899240 136
1899250 136
1899260 136
1899270 136
1899280 136
1899290 136
1899300 136
1899310 136
1899320 136
1899330 136
1899340 136
1899350 136
1899360 137
1899370 137
1899380 136
1899390 136
1899400 136
1899410 136
1899420 136
1899430 136
1899440 136
1899450 136
1899460 136
1899470 136
1899480 136
1899490 136
1899500 136
1899510 136
1899520 136
1899530 136
1899540 136
1899550 136
1899560 136
1899570 137
1899580 137
1899590 137
1899600 137
1899610 137
1899620 137
1899630 137
1899640 137
1899650 137
1899660 137
1899670 137
1899680 137
1899690 137
1899700 137
1899710 137
1899720 137
1899730 137
1899740 137
1899750 137
1899760 137
1899770 137
1899780 137
1899790 137
1899800 137
1899810 137
1899820 137
1899830 137
1899840 137
1899850 137
1899860 136
1899870 136
1899880 136
1899890 136
1899900 136
1899910 136
1899920 137
1899930 136
1899940 136
1899950 137
1899960 137
1899970 137
1899980 137
1899990 137
