1880000 181
1880010 181
1880020 181
1880030 181
1880040 181
1880050 181
1880060 181
1880070 181
1880080 180
1880090 180
1880100 180
1880110 180
1880120 180
1880130 180
1880140 180
1880150 180
1880160 180
1880170 179
1880180 179
1880190 179
1880200 179
1880210 178
1880220 179
1880230 178
1880240 178
1880250 178
1880260 178
1880270 178
1880280 178
1880290 178
1880300 178
1880310 178
1880320 178
1880330 178
1880340 178
1880350 178
1880360 178
1880370 178
1880380 177
1880390 177
1880400 177
1880410 176
1880420 176
1880430 176
1880440 175
1880450 175
1880460 175
1880470 175
1880480 174
1880490 174
1880500 174
1880510 174
1880520 174
1880530 173
1880540 173
1880550 173
1880560 173
1880570 173
1880580 173
1880590 173
1880600 173
1880610 173
1880620 173
1880630 173
1880640 173
1880650 173
1880660 173
1880670 173
1880680 172
1880690 172
1880700 172
1880710 171
1880720 171
1880730 171
1880740 170
1880750 170
1880760 170
1880770 170
1880780 169
1880790 169
1880800 170
1880810 170
1880820 170
1880830 169
1880840 170
1880850 170
1880860 170
1880870 169
1880880 170
1880890 169
1880900 168
1880910 168
1880920 167
1880930 167
1880940 167
1880950 166
1880960 166
1880970 166
1880980 165
1880990 165
1881000 165
1881010 165
1881020 165
1881030 165
1881040 165
1881050 164
1881060 164
1881070 164
1881080 164
1881090 164
1881100 164
1881110 164
1881120 164
1881130 163
1881140 163
1881150 163
1881160 163
1881170 163
1881180 163
1881190 163
1881200 163
1881210 163
1881220 163
1881230 163
1881240 163
1881250 163
1881260 162
1881270 162
1881280 162
1881290 162
1881300 162
1881310 161
1881320 161
1881330 161
1881340 161
1881350 161
1881360 161
1881370 160
1881380 160
1881390 160
1881400 160
1881410 160
1881420 160
1881430 160
1881440 160
1881450 160
1881460 160
1881470 159
1881480 159
1881490 159
1881500 159
1881510 159
1881520 159
1881530 159
1881540 159
1881550 159
1881560 159
1881570 159
1881580 159
1881590 159
1881600 159
1881610 159
1881620 159
1881630 159
1881640 159
1881650 159
1881660 159
1881670 159
1881680 159
1881690 159
1881700 159
1881710 159
1881720 159
1881730 159
1881740 159
1881750 159
1881760 159
1881770 159
1881780 159
1881790 159
1881800 159
1881810 159
1881820 159
1881830 159
1881840 159
1881850 159
1881860 159
1881870 159
1881880 159
1881890 159
1881900 159
1881910 159
1881920 159
1881930 159
1881940 159
1881950 160
1881960 160
1881970 160
1881980 160
1881990 160
1882000 160
1882010 160
1882020 161
1882030 161
1882040 161
1882050 161
1882060 161
1882070 161
1882080 161
1882090 161
1882100 161
1882110 161
1882120 161
1882130 161
1882140 162
1882150 162
1882160 162
1882170 163
1882180 163
1882190 164
1882200 164
1882210 164
1882220 165
1882230 166
1882240 166
1882250 167
1882260 168
1882270 168
1882280 169
1882290 170
1882300 170
1882310 171
1882320 171
1882330 171
1882340 172
1882350 172
1882360 172
1882370 173
1882380 173
1882390 173
1882400 174
1882410 175
1882420 175
1882430 175
1882440 176
1882450 176
1882460 177
1882470 177
1882480 177
1882490 177
1882500 178
1882510 178
1882520 178
1882530 178
1882540 178
1882550 179
1882560 179
1882570 179
1882580 179
1882590 179
1882600 179
1882610 180
1882620 180
1882630 180
1882640 180
1882650 180
1882660 180
1882670 180
1882680 180
1882690 180
1882700 181
1882710 181
1882720 181
1882730 181
1882740 181
1882750 181
1882760 181
1882770 182
1882780 182
1882790 182
1882800 182
1882810 182
1882820 182
1882830 183
1882840 183
1882850 183
1882860 183
1882870 183
1882880 183
1882890 183
1882900 183
1882910 183
1882920 183
1882930 183
1882940 184
1882950 184
1882960 184
1882970 184
1882980 184
1882990 184
1883000 184
1883010 184
1883020 184
1883030 184
1883040 184
1883050 184
1883060 184
1883070 184
1883080 184
1883090 184
1883100 184
1883110 184
1883120 184
1883130 184
1883140 184
1883150 184
1883160 184
1883170 184
1883180 184
1883190 184
1883200 184
1883210 184
1883220 184
1883230 184
1883240 184
1883250 184
1883260 184
1883270 184
1883280 184
1883290 184
1883300 184
1883310 184
1883320 184
1883330 184
1883340 184
1883350 184
1883360 185
1883370 185
1883380 185
1883390 185
1883400 185
1883410 185
1883420 185
1883430 186
1883440 186
1883450 185
1883460 185
1883470 185
1883480 186
1883490 186
1883500 186
1883510 186
1883520 186
1883530 186
1883540 186
1883550 186
1883560 186
1883570 186
1883580 186
1883590 186
1883600 187
1883610 187
1883620 187
1883630 187
1883640 187
1883650 187
1883660 188
1883670 188
1883680 188
1883690 188
1883700 188
1883710 188
1883720 188
1883730 189
1883740 189
1883750 189
1883760 189
1883770 189
1883780 189
1883790 189
1883800 189
1883810 189
1883820 190
1883830 190
1883840 190
1883850 190
1883860 190
1883870 190
1883880 190
1883890 190
1883900 190
1883910 190
1883920 190
1883930 191
1883940 191
1883950 191
1883960 191
1883970 191
1883980 191
1883990 191
1884000 192
1884010 192
1884020 192
1884030 192
1884040 192
1884050 192
1884060 192
1884070 192
1884080 193
1884090 193
1884100 193
1884110 193
1884120 193
1884130 193
1884140 194
1884150 194
1884160 194
1884170 194
1884180 194
1884190 194
1884200 194
1884210 194
1884220 194
1884230 195
1884240 195
1884250 195
1884260 195
1884270 195
1884280 195
1884290 195
1884300 196
1884310 196
1884320 196
1884330 196
1884340 196
1884350 196
1884360 196
1884370 197
1884380 197
1884390 197
1884400 198
1884410 198
1884420 198
1884430 198
1884440 198
1884450 199
1884460 199
1884470 199
1884480 200
1884490 200
1884500 200
1884510 200
1884520 201
1884530 201
1884540 201
1884550 201
1884560 201
1884570 202
1884580 202
1884590 202
1884600 202
1884610 203
1884620 203
1884630 203
1884640 203
1884650 203
1884660 204
1884670 205
1884680 205
1884690 205
1884700 206
1884710 206
1884720 206
1884730 207
1884740 207
1884750 208
1884760 209
1884770 209
1884780 211
1884790 213
1884800 213
1884810 213
1884820 213
1884830 213
1884840 213
1884850 214
1884860 214
1884870 215
1884880 216
1884890 216
1884900 216
1884910 216
1884920 216
1884930 218
1884940 219
1884950 219
1884960 219
1884970 220
1884980 220
1884990 221
1885000 221
1885010 221
1885020 222
1885030 223
1885040 223
1885050 223
1885060 223
1885070 223
1885080 224
1885090 224
1885100 226
1885110 226
1885120 226
1885130 226
1885140 226
1885150 227
1885160 227
1885170 227
1885180 228
1885190 228
1885200 228
1885210 227
1885220 227
1885230 227
1885240 226
1885250 226
1885260 226
1885270 226
1885280 226
1885290 226
1885300 226
1885310 226
1885320 227
1885330 227
1885340 227
1885350 227
1885360 228
1885370 228
1885380 228
1885390 229
1885400 229
1885410 229
1885420 230
1885430 230
1885440 230
1885450 231
1885460 231
1885470 231
1885480 230
1885490 230
1885500 230
1885510 230
1885520 230
1885530 230
1885540 231
1885550 231
1885560 231
1885570 232
1885580 232
1885590 232
1885600 232
1885610 232
1885620 232
1885630 233
1885640 233
1885650 233
1885660 233
1885670 233
1885680 233
1885690 233
1885700 233
1885710 233
1885720 233
1885730 233
1885740 233
1885750 234
1885760 234
1885770 235
1885780 236
1885790 236
1885800 237
1885810 237
1885820 237
1885830 236
1885840 236
1885850 236
1885860 236
1885870 237
1885880 237
1885890 238
1885900 239
1885910 239
1885920 242
1885930 242
1885940 242
1885950 244
1885960 246
1885970 246
1885980 246
1885990 246
1886000 246
1886010 247
1886020 247
1886030 247
1886040 248
1886050 248
1886060 248
1886070 248
1886080 248
1886090 248
1886100 249
1886110 249
1886120 249
1886130 249
1886140 249
1886150 249
1886160 250
1886170 250
1886180 250
1886190 250
1886200 250
1886210 250
1886220 251
1886230 251
1886240 251
1886250 252
1886260 252
1886270 252
1886280 252
1886290 252
1886300 252
1886310 253
1886320 254
1886330 254
1886340 254
1886350 255
1886360 255
1886370 255
1886380 256
1886390 256
1886400 256
1886410 256
1886420 256
1886430 256
1886440 256
1886450 256
1886460 256
1886470 256
1886480 256
1886490 257
1886500 257
1886510 257
1886520 258
1886530 257
1886540 257
1886550 257
1886560 257
1886570 257
1886580 257
1886590 257
1886600 257
1886610 257
1886620 257
1886630 257
1886640 257
1886650 258
1886660 258
1886670 258
1886680 258
1886690 258
1886700 259
1886710 259
1886720 259
1886730 260
1886740 260
1886750 260
1886760 260
1886770 260
1886780 260
1886790 260
1886800 261
1886810 261
1886820 261
1886830 261
1886840 261
1886850 261
1886860 261
1886870 261
1886880 261
1886890 262
1886900 262
1886910 262
1886920 262
1886930 262
1886940 262
1886950 262
1886960 262
1886970 262
1886980 263
1886990 263
1887000 263
1887010 263
1887020 263
1887030 263
1887040 264
1887050 264
1887060 264
1887070 264
1887080 264
1887090 264
1887100 264
1887110 264
1887120 264
1887130 264
1887140 265
1887150 265
1887160 265
1887170 265
1887180 265
1887190 265
1887200 265
1887210 265
1887220 266
1887230 266
1887240 266
1887250 266
1887260 266
1887270 266
1887280 266
1887290 266
1887300 266
1887310 267
1887320 267
1887330 267
1887340 267
1887350 267
1887360 268
1887370 268
1887380 268
1887390 268
1887400 269
1887410 269
1887420 269
1887430 270
1887440 270
1887450 270
1887460 271
1887470 271
1887480 271
1887490 272
1887500 272
1887510 272
1887520 273
1887530 273
1887540 273
1887550 273
1887560 274
1887570 274
1887580 274
1887590 275
1887600 275
1887610 275
1887620 276
1887630 276
1887640 276
1887650 276
1887660 276
1887670 277
1887680 277
1887690 277
1887700 278
1887710 278
1887720 278
1887730 278
1887740 278
1887750 278
1887760 278
1887770 278
1887780 278
1887790 278
1887800 278
1887810 278
1887820 278
1887830 278
1887840 278
1887850 277
1887860 277
1887870 277
1887880 277
1887890 276
1887900 276
1887910 276
1887920 276
1887930 276
1887940 275
1887950 275
1887960 275
1887970 275
1887980 274
1887990 274
1888000 274
1888010 274
1888020 274
1888030 274
1888040 273
1888050 273
1888060 273
1888070 273
1888080 273
1888090 273
1888100 272
1888110 272
1888120 272
1888130 272
1888140 272
1888150 272
1888160 272
1888170 272
1888180 272
1888190 272
1888200 272
1888210 272
1888220 272
1888230 272
1888240 271
1888250 272
1888260 272
1888270 272
1888280 272
1888290 272
1888300 272
1888310 272
1888320 272
1888330 272
1888340 273
1888350 273
1888360 273
1888370 273
1888380 273
1888390 274
1888400 274
1888410 274
1888420 275
1888430 276
1888440 276
1888450 276
1888460 277
1888470 277
1888480 278
1888490 278
1888500 278
1888510 279
1888520 280
1888530 280
1888540 281
1888550 282
1888560 282
1888570 282
1888580 283
1888590 283
1888600 284
1888610 285
1888620 285
1888630 285
1888640 286
1888650 286
1888660 287
1888670 288
1888680 288
1888690 289
1888700 290
1888710 290
1888720 291
1888730 292
1888740 292
1888750 293
1888760 294
1888770 294
1888780 296
1888790 297
1888800 297
1888810 298
1888820 299
1888830 299
1888840 300
1888850 301
1888860 301
1888870 302
1888880 303
1888890 303
1888900 304
1888910 304
1888920 304
1888930 304
1888940 304
1888950 304
1888960 304
1888970 304
1888980 304
1888990 305
1889000 305
1889010 305
1889020 305
1889030 305
1889040 305
1889050 305
1889060 305
1889070 305
1889080 306
1889090 306
1889100 306
1889110 305
1889120 305
1889130 305
1889140 305
1889150 305
1889160 305
1889170 304
1889180 304
1889190 304
1889200 304
1889210 303
1889220 303
1889230 303
1889240 302
1889250 302
1889260 301
1889270 301
1889280 300
1889290 299
1889300 298
1889310 298
1889320 298
1889330 297
1889340 297
1889350 296
1889360 295
1889370 295
1889380 294
1889390 294
1889400 294
1889410 293
1889420 292
1889430 292
1889440 291
1889450 291
1889460 291
1889470 290
1889480 289
1889490 289
1889500 288
1889510 288
1889520 288
1889530 287
1889540 287
1889550 287
1889560 286
1889570 285
1889580 285
1889590 285
1889600 283
1889610 283
1889620 283
1889630 282
1889640 282
1889650 281
1889660 281
1889670 281
1889680 280
1889690 280
1889700 279
1889710 279
1889720 278
1889730 277
1889740 277
1889750 277
1889760 276
1889770 276
1889780 275
1889790 274
1889800 274
1889810 273
1889820 272
1889830 272
1889840 272
1889850 271
1889860 271
1889870 270
1889880 269
1889890 269
1889900 269
1889910 268
1889920 268
1889930 267
1889940 267
1889950 267
1889960 267
1889970 266
1889980 266
1889990 266
1890000 266
1890010 266
1890020 266
1890030 266
1890040 266
1890050 266
1890060 266
1890070 266
1890080 265
1890090 265
1890100 265
1890110 266
1890120 266
1890130 266
1890140 266
1890150 267
1890160 267
1890170 267
1890180 268
1890190 268
1890200 269
1890210 270
1890220 270
1890230 271
1890240 273
1890250 273
1890260 274
1890270 274
1890280 274
1890290 275
1890300 276
1890310 276
1890320 276
1890330 277
1890340 277
1890350 277
1890360 276
1890370 276
1890380 276
1890390 276
1890400 276
1890410 275
1890420 274
1890430 274
1890440 274
1890450 273
1890460 273
1890470 272
1890480 271
1890490 271
1890500 270
1890510 269
1890520 269
1890530 269
1890540 268
1890550 268
1890560 267
1890570 267
1890580 267
1890590 266
1890600 265
1890610 265
1890620 265
1890630 264
1890640 264
1890650 263
1890660 263
1890670 263
1890680 262
1890690 262
1890700 262
1890710 262
1890720 261
1890730 261
1890740 260
1890750 260
1890760 260
1890770 259
1890780 259
1890790 259
1890800 259
1890810 258
1890820 258
1890830 258
1890840 257
1890850 257
1890860 256
1890870 255
1890880 255
1890890 254
1890900 253
1890910 253
1890920 252
1890930 251
1890940 251
1890950 250
1890960 249
1890970 249
1890980 247
1890990 246
1891000 246
1891010 244
1891020 241
1891030 241
1891040 238
1891050 235
1891060 235
1891070 232
1891080 229
1891090 229
1891100 226
1891110 224
1891120 224
1891130 223
1891140 222
1891150 222
1891160 220
1891170 222
1891180 222
1891190 224
1891200 227
1891210 227
1891220 231
1891230 235
1891240 235
1891250 239
1891260 243
1891270 243
1891280 246
1891290 249
1891300 249
1891310 251
1891320 254
1891330 254
1891340 255
1891350 257
1891360 257
1891370 257
1891380 258
1891390 258
1891400 259
1891410 260
1891420 260
1891430 261
1891440 261
1891450 261
1891460 262
1891470 262
1891480 262
1891490 263
1891500 263
1891510 262
1891520 262
1891530 261
1891540 261
1891550 261
1891560 260
1891570 260
1891580 260
1891590 259
1891600 259
1891610 258
1891620 257
1891630 257
1891640 256
1891650 254
1891660 254
1891670 251
1891680 248
1891690 248
1891700 245
1891710 242
1891720 242
1891730 239
1891740 237
1891750 237
1891760 235
1891770 233
1891780 233
1891790 231
1891800 229
1891810 229
1891820 227
1891830 227
1891840 227
1891850 223
1891860 220
1891870 220
1891880 216
1891890 212
1891900 212
1891910 209
1891920 207
1891930 207
1891940 205
1891950 205
1891960 205
1891970 207
1891980 211
1891990 211
1892000 216
1892010 221
1892020 221
1892030 227
1892040 231
1892050 231
1892060 235
1892070 236
1892080 236
1892090 237
1892100 237
1892110 237
1892120 237
1892130 237
1892140 237
1892150 235
1892160 234
1892170 234
1892180 233
1892190 232
1892200 232
1892210 229
1892220 226
1892230 226
1892240 222
1892250 219
1892260 219
1892270 216
1892280 212
1892290 212
1892300 213
1892310 218
1892320 218
1892330 224
1892340 226
1892350 226
1892360 226
1892370 225
1892380 225
1892390 225
1892400 224
1892410 224
1892420 223
1892430 221
1892440 219
1892450 219
1892460 216
1892470 211
1892480 211
1892490 209
1892500 207
1892510 207
1892520 208
1892530 208
1892540 208
1892550 208
1892560 207
1892570 207
1892580 206
1892590 205
1892600 205
1892610 203
1892620 202
1892630 202
1892640 200
1892650 199
1892660 199
1892670 198
1892680 197
1892690 197
1892700 196
1892710 194
1892720 194
1892730 194
1892740 193
1892750 193
1892760 192
1892770 191
1892780 190
1892790 190
1892800 190
1892810 190
1892820 189
1892830 189
1892840 189
1892850 189
1892860 189
1892870 189
1892880 189
1892890 189
1892900 189
1892910 189
1892920 189
1892930 189
1892940 190
1892950 190
1892960 190
1892970 191
1892980 193
1892990 193
1893000 195
1893010 197
1893020 197
1893030 198
1893040 200
1893050 200
1893060 201
1893070 201
1893080 201
1893090 201
1893100 204
1893110 204
1893120 205
1893130 205
1893140 205
1893150 206
1893160 207
1893170 207
1893180 208
1893190 209
1893200 209
1893210 210
1893220 211
1893230 211
1893240 212
1893250 213
1893260 213
1893270 214
1893280 215
1893290 215
1893300 215
1893310 216
1893320 216
1893330 217
1893340 218
1893350 218
1893360 219
1893370 221
1893380 221
1893390 223
1893400 224
1893410 224
1893420 227
1893430 229
1893440 229
1893450 230
1893460 231
1893470 231
1893480 232
1893490 233
1893500 233
1893510 234
1893520 235
1893530 235
1893540 236
1893550 236
1893560 236
1893570 237
1893580 237
1893590 237
1893600 238
1893610 237
1893620 237
1893630 236
1893640 235
1893650 235
1893660 233
1893670 231
1893680 231
1893690 229
1893700 229
1893710 229
1893720 230
1893730 233
1893740 233
1893750 238
1893760 242
1893770 242
1893780 247
1893790 251
1893800 251
1893810 253
1893820 254
1893830 254
1893840 255
1893850 254
1893860 254
1893870 253
1893880 251
1893890 251
1893900 248
1893910 245
1893920 245
1893930 241
1893940 237
1893950 237
1893960 233
1893970 229
1893980 229
1893990 225
1894000 222
1894010 222
1894020 220
1894030 221
1894040 221
1894050 224
1894060 225
1894070 225
1894080 227
1894090 231
1894100 231
1894110 235
1894120 238
1894130 238
1894140 238
1894150 235
1894160 235
1894170 233
1894180 233
1894190 233
1894200 235
1894210 238
1894220 238
1894230 241
1894240 242
1894250 242
1894260 244
1894270 245
1894280 245
1894290 247
1894300 248
1894310 248
1894320 250
1894330 253
1894340 253
1894350 256
1894360 262
1894370 262
1894380 265
1894390 268
1894400 268
1894410 271
1894420 273
1894430 273
1894440 275
1894450 277
1894460 277
1894470 279
1894480 281
1894490 281
1894500 283
1894510 285
1894520 285
1894530 286
1894540 287
1894550 287
1894560 289
1894570 291
1894580 291
1894590 293
1894600 295
1894610 295
1894620 296
1894630 298
1894640 298
1894650 300
1894660 302
1894670 302
1894680 303
1894690 304
1894700 304
1894710 304
1894720 305
1894730 305
1894740 306
1894750 306
1894760 306
1894770 307
1894780 307
1894790 307
1894800 308
1894810 308
1894820 308
1894830 307
1894840 304
1894850 304
1894860 301
1894870 298
1894880 298
1894890 294
1894900 288
1894910 288
1894920 283
1894930 278
1894940 278
1894950 273
1894960 268
1894970 268
1894980 264
1894990 260
1895000 258
1895010 254
1895020 250
1895030 250
1895040 247
1895050 244
1895060 244
1895070 242
1895080 241
1895090 241
1895100 240
1895110 239
1895120 239
1895130 237
1895140 236
1895150 234
1895160 234
1895170 231
1895180 224
1895190 224
1895200 220
1895210 216
1895220 216
1895230 216
1895240 219
1895250 219
1895260 223
1895270 228
1895280 228
1895290 231
1895300 233
1895310 231
1895320 233
1895330 235
1895340 235
1895350 237
1895360 239
1895370 239
1895380 238
1895390 238
1895400 238
1895410 238
1895420 234
1895430 234
1895440 229
1895450 223
1895460 223
1895470 215
1895480 208
1895490 208
1895500 203
1895510 198
1895520 198
1895530 193
1895540 193
1895550 193
1895560 197
1895570 201
1895580 201
1895590 205
1895600 208
1895610 208
1895620 211
1895630 210
1895640 210
1895650 210
1895660 209
1895670 209
1895680 209
1895690 208
1895700 208
1895710 206
1895720 205
1895730 205
1895740 204
1895750 202
1895760 202
1895770 200
1895780 197
1895790 197
1895800 194
1895810 190
1895820 190
1895830 186
1895840 182
1895850 182
1895860 180
1895870 178
1895880 178
1895890 176
1895900 175
1895910 175
1895920 175
1895930 174
1895940 174
1895950 173
1895960 173
1895970 173
1895980 172
1895990 171
1896000 171
1896010 170
1896020 168
1896030 168
1896040 166
1896050 165
1896060 165
1896070 165
1896080 160
1896090 160
1896100 155
1896110 150
1896120 150
1896130 145
1896140 140
1896150 140
1896160 139
1896170 139
1896180 139
1896190 137
1896200 137
1896210 137
1896220 137
1896230 138
1896240 138
1896250 138
1896260 138
1896270 138
1896280 138
1896290 138
1896300 138
1896310 138
1896320 138
1896330 138
1896340 138
1896350 137
1896360 137
1896370 138
1896380 137
1896390 137
1896400 137
1896410 137
1896420 137
1896430 138
1896440 138
1896450 138
1896460 138
1896470 138
1896480 138
1896490 138
1896500 138
1896510 138
1896520 138
1896530 138
1896540 138
1896550 138
1896560 138
1896570 137
1896580 137
1896590 137
1896600 137
1896610 137
1896620 136
1896630 136
1896640 136
1896650 136
1896660 136
1896670 136
1896680 136
1896690 136
1896700 136
1896710 136
1896720 136
1896730 136
1896740 136
1896750 136
1896760 135
1896770 135
1896780 135
1896790 136
1896800 136
1896810 136
1896820 137
1896830 137
1896840 137
1896850 137
1896860 138
1896870 138
1896880 138
1896890 138
1896900 138
1896910 138
1896920 138
1896930 138
1896940 138
1896950 138
1896960 138
1896970 138
1896980 138
1896990 138
1897000 137
1897010 137
1897020 137
1897030 137
1897040 138
1897050 138
1897060 138
1897070 138
1897080 138
1897090 138
1897100 138
1897110 138
1897120 138
1897130 138
1897140 138
1897150 138
1897160 138
1897170 138
1897180 138
1897190 137
1897200 137
1897210 137
1897220 137
1897230 137
1897240 137
1897250 137
1897260 137
1897270 137
1897280 137
1897290 137
1897300 137
1897310 137
1897320 137
1897330 137
1897340 138
1897350 138
1897360 138
1897370 138
1897380 138
1897390 138
1897400 138
1897410 138
1897420 138
1897430 138
1897440 138
1897450 138
1897460 138
1897470 138
1897480 138
1897490 138
1897500 138
1897510 137
1897520 137
1897530 137
1897540 137
1897550 137
1897560 137
1897570 137
1897580 137
1897590 137
1897600 137
1897610 137
1897620 137
1897630 138
1897640 137
1897650 137
1897660 137
1897670 137
1897680 137
1897690 138
1897700 138
1897710 138
1897720 138
1897730 138
1897740 138
1897750 138
1897760 138
1897770 138
1897780 138
1897790 138
1897800 138
1897810 138
1897820 138
1897830 138
1897840 138
1897850 138
1897860 138
1897870 138
1897880 137
1897890 137
1897900 137
1897910 138
1897920 138
1897930 138
1897940 137
1897950 137
1897960 137
1897970 137
1897980 137
1897990 137
1898000 138
1898010 138
1898020 138
1898030 138
1898040 138
1898050 138
1898060 137
1898070 137
1898080 137
1898090 138
1898100 138
1898110 138
1898120 138
1898130 138
1898140 138
1898150 138
1898160 138
1898170 138
1898180 138
1898190 137
1898200 137
1898210 137
1898220 137
1898230 137
1898240 137
1898250 137
1898260 137
1898270 137
1898280 137
1898290 137
1898300 137
1898310 137
1898320 137
1898330 137
1898340 138
1898350 138
1898360 138
1898370 137
1898380 137
1898390 137
1898400 137
1898410 137
1898420 137
1898430 137
1898440 137
1898450 137
1898460 137
1898470 137
1898480 137
1898490 137
1898500 137
1898510 137
1898520 137
1898530 137
1898540 137
1898550 137
1898560 137
1898570 137
1898580 137
1898590 137
1898600 137
1898610 137
1898620 137
1898630 137
1898640 137
1898650 137
1898660 137
1898670 137
1898680 137
1898690 137
1898700 137
1898710 137
1898720 137
1898730 137
1898740 137
1898750 137
1898760 137
1898770 137
1898780 137
1898790 137
1898800 137
1898810 137
1898820 137
1898830 137
1898840 137
1898850 137
1898860 137
1898870 137
1898880 137
1898890 137
1898900 137
1898910 137
1898920 137
1898930 137
1898940 137
1898950 137
1898960 137
1898970 137
1898980 137
1898990 137
1899000 137
1899010 137
1899020 137
1899030 137
1899040 137
1899050 137
1899060 137
1899070 137
1899080 137
1899090 137
1899100 137
1899110 137
1899120 137
1899130 137
1899140 137
1899150 137
1899160 137
1899170 137
1899180 137
1899190 137
1899200 137
1899210 137
1899220 137
1899230 137
1899240 137
1899250 137
1899260 137
1899270 137
1899280 137
1899290 137
1899300 137
1899310 137
1899320 137
1899330 137
1899340 137
1899350 137
1899360 137
1899370 137
1899380 137
1899390 137
1899400 137
1899410 137
1899420 137
1899430 137
1899440 137
1899450 137
1899460 137
1899470 136
1899480 137
1899490 137
1899500 137
1899510 137
1899520 137
1899530 137
1899540 137
1899550 137
1899560 137
1899570 137
1899580 137
1899590 137
1899600 137
1899610 137
1899620 137
1899630 137
1899640 137
1899650 137
1899660 137
1899670 137
1899680 137
1899690 137
1899700 137
1899710 137
1899720 137
1899730 137
1899740 137
1899750 137
1899760 137
1899770 136
1899780 137
1899790 137
1899800 137
1899810 137
1899820 137
1899830 137
1899840 137
1899850 137
1899860 137
1899870 137
1899880 137
1899890 137
1899900 137
1899910 137
1899920 137
1899930 137
1899940 137
1899950 137
1899960 137
1899970 137
1899980 137
1899990 137
