1880000 181
1880010 181
1880020 180
1880030 180
1880040 180
1880050 180
1880060 180
1880070 180
1880080 180
1880090 180
1880100 180
1880110 181
1880120 181
1880130 181
1880140 181
1880150 181
1880160 181
1880170 180
1880180 181
1880190 181
1880200 181
1880210 181
1880220 181
1880230 181
1880240 181
1880250 181
1880260 181
1880270 181
1880280 181
1880290 181
1880300 181
1880310 181
1880320 181
1880330 181
1880340 181
1880350 181
1880360 181
1880370 181
1880380 181
1880390 181
1880400 181
1880410 181
1880420 181
1880430 180
1880440 180
1880450 180
1880460 180
1880470 180
1880480 180
1880490 180
1880500 180
1880510 179
1880520 179
1880530 179
1880540 179
1880550 179
1880560 179
1880570 179
1880580 178
1880590 178
1880600 178
1880610 178
1880620 178
1880630 177
1880640 177
1880650 177
1880660 177
1880670 177
1880680 177
1880690 177
1880700 176
1880710 176
1880720 176
1880730 175
1880740 175
1880750 175
1880760 174
1880770 174
1880780 174
1880790 174
1880800 174
1880810 174
1880820 173
1880830 173
1880840 173
1880850 173
1880860 173
1880870 172
1880880 172
1880890 172
1880900 171
1880910 171
1880920 171
1880930 171
1880940 170
1880950 170
1880960 170
1880970 170
1880980 170
1880990 169
1881000 169
1881010 169
1881020 169
1881030 168
1881040 168
1881050 168
1881060 168
1881070 168
1881080 168
1881090 168
1881100 168
1881110 167
1881120 167
1881130 167
1881140 167
1881150 167
1881160 167
1881170 166
1881180 166
1881190 166
1881200 166
1881210 165
1881220 165
1881230 166
1881240 167
1881250 167
1881260 166
1881270 164
1881280 164
1881290 164
1881300 164
1881310 164
1881320 163
1881330 163
1881340 163
1881350 163
1881360 163
1881370 163
1881380 162
1881390 161
1881400 161
1881410 161
1881420 160
1881430 160
1881440 160
1881450 159
1881460 159
1881470 159
1881480 159
1881490 159
1881500 159
1881510 158
1881520 158
1881530 158
1881540 158
1881550 158
1881560 158
1881570 158
1881580 158
1881590 158
1881600 158
1881610 158
1881620 158
1881630 158
1881640 158
1881650 158
1881660 158
1881670 158
1881680 158
1881690 158
1881700 158
1881710 158
1881720 158
1881730 158
1881740 158
1881750 158
1881760 158
1881770 159
1881780 158
1881790 158
1881800 159
1881810 159
1881820 159
1881830 160
1881840 160
1881850 160
1881860 161
1881870 161
1881880 161
1881890 162
1881900 162
1881910 162
1881920 163
1881930 164
1881940 164
1881950 165
1881960 166
1881970 166
1881980 167
1881990 167
1882000 167
1882010 168
1882020 169
1882030 169
1882040 169
1882050 170
1882060 170
1882070 170
1882080 170
1882090 170
1882100 171
1882110 171
1882120 171
1882130 171
1882140 171
1882150 171
1882160 171
1882170 171
1882180 171
1882190 171
1882200 171
1882210 171
1882220 171
1882230 171
1882240 171
1882250 171
1882260 171
1882270 171
1882280 171
1882290 171
1882300 171
1882310 171
1882320 171
1882330 171
1882340 171
1882350 171
1882360 171
1882370 171
1882380 172
1882390 172
1882400 172
1882410 172
1882420 172
1882430 172
1882440 172
1882450 172
1882460 172
1882470 173
1882480 173
1882490 173
1882500 173
1882510 173
1882520 174
1882530 174
1882540 174
1882550 175
1882560 176
1882570 176
1882580 176
1882590 177
1882600 177
1882610 178
1882620 178
1882630 178
1882640 179
1882650 180
1882660 180
1882670 180
1882680 181
1882690 181
1882700 181
1882710 182
1882720 182
1882730 182
1882740 182
1882750 182
1882760 182
1882770 183
1882780 183
1882790 183
1882800 183
1882810 183
1882820 183
1882830 183
1882840 183
1882850 183
1882860 183
1882870 183
1882880 183
1882890 183
1882900 183
1882910 184
1882920 184
1882930 184
1882940 184
1882950 184
1882960 184
1882970 184
1882980 184
1882990 184
1883000 184
1883010 184
1883020 184
1883030 184
1883040 185
1883050 185
1883060 185
1883070 185
1883080 185
1883090 185
1883100 185
1883110 185
1883120 185
1883130 185
1883140 185
1883150 185
1883160 185
1883170 185
1883180 185
1883190 185
1883200 185
1883210 185
1883220 185
1883230 185
1883240 185
1883250 185
1883260 185
1883270 185
1883280 186
1883290 186
1883300 186
1883310 186
1883320 186
1883330 186
1883340 186
1883350 186
1883360 186
1883370 187
1883380 187
1883390 187
1883400 188
1883410 188
1883420 188
1883430 188
1883440 188
1883450 188
1883460 188
1883470 188
1883480 188
1883490 189
1883500 189
1883510 189
1883520 189
1883530 190
1883540 190
1883550 190
1883560 190
1883570 190
1883580 190
1883590 191
1883600 191
1883610 191
1883620 191
1883630 191
1883640 191
1883650 192
1883660 192
1883670 192
1883680 192
1883690 192
1883700 192
1883710 192
1883720 192
1883730 192
1883740 193
1883750 193
1883760 193
1883770 193
1883780 193
1883790 194
1883800 194
1883810 194
1883820 195
1883830 195
1883840 195
1883850 195
1883860 195
1883870 195
1883880 196
1883890 196
1883900 196
1883910 196
1883920 196
1883930 196
1883940 196
1883950 197
1883960 197
1883970 197
1883980 197
1883990 197
1884000 197
1884010 198
1884020 198
1884030 198
1884040 198
1884050 198
1884060 198
1884070 198
1884080 198
1884090 199
1884100 199
1884110 199
1884120 199
1884130 199
1884140 199
1884150 200
1884160 200
1884170 200
1884180 200
1884190 200
1884200 200
1884210 201
1884220 201
1884230 201
1884240 201
1884250 201
1884260 201
1884270 202
1884280 202
1884290 202
1884300 203
1884310 203
1884320 203
1884330 203
1884340 204
1884350 204
1884360 206
1884370 206
1884380 206
1884390 206
1884400 207
1884410 207
1884420 207
1884430 208
1884440 208
1884450 209
1884460 210
1884470 210
1884480 210
1884490 210
1884500 210
1884510 210
1884520 211
1884530 211
1884540 212
1884550 212
1884560 212
1884570 213
1884580 213
1884590 213
1884600 214
1884610 215
1884620 215
1884630 216
1884640 217
1884650 217
1884660 218
1884670 220
1884680 220
1884690 221
1884700 223
1884710 223
1884720 226
1884730 229
1884740 229
1884750 234
1884760 239
1884770 239
1884780 245
1884790 249
1884800 249
1884810 253
1884820 257
1884830 257
1884840 260
1884850 263
1884860 263
1884870 266
1884880 268
1884890 268
1884900 269
1884910 268
1884920 268
1884930 268
1884940 269
1884950 269
1884960 267
1884970 265
1884980 265
1884990 265
1885000 264
1885010 264
1885020 263
1885030 260
1885040 260
1885050 257
1885060 253
1885070 253
1885080 250
1885090 248
1885100 248
1885110 250
1885120 253
1885130 253
1885140 256
1885150 257
1885160 257
1885170 255
1885180 254
1885190 254
1885200 255
1885210 257
1885220 257
1885230 261
1885240 261
1885250 261
1885260 260
1885270 252
1885280 252
1885290 251
1885300 257
1885310 257
1885320 262
1885330 266
1885340 266
1885350 268
1885360 267
1885370 267
1885380 268
1885390 269
1885400 269
1885410 269
1885420 268
1885430 273
1885440 270
1885450 268
1885460 268
1885470 265
1885480 262
1885490 262
1885500 259
1885510 257
1885520 257
1885530 256
1885540 253
1885550 253
1885560 251
1885570 251
1885580 251
1885590 251
1885600 250
1885610 250
1885620 250
1885630 250
1885640 250
1885650 250
1885660 250
1885670 251
1885680 251
1885690 251
1885700 251
1885710 251
1885720 252
1885730 252
1885740 252
1885750 253
1885760 253
1885770 253
1885780 253
1885790 253
1885800 253
1885810 253
1885820 254
1885830 254
1885840 254
1885850 254
1885860 254
1885870 255
1885880 254
1885890 254
1885900 254
1885910 253
1885920 253
1885930 254
1885940 254
1885950 254
1885960 253
1885970 253
1885980 253
1885990 253
1886000 253
1886010 253
1886020 253
1886030 253
1886040 253
1886050 253
1886060 253
1886070 253
1886080 254
1886090 254
1886100 254
1886110 256
1886120 256
1886130 256
1886140 256
1886150 256
1886160 256
1886170 256
1886180 256
1886190 256
1886200 256
1886210 256
1886220 256
1886230 256
1886240 256
1886250 256
1886260 257
1886270 257
1886280 257
1886290 257
1886300 256
1886310 256
1886320 259
1886330 261
1886340 261
1886350 261
1886360 262
1886370 262
1886380 262
1886390 261
1886400 262
1886410 262
1886420 261
1886430 261
1886440 261
1886450 261
1886460 261
1886470 261
1886480 261
1886490 261
1886500 261
1886510 261
1886520 261
1886530 261
1886540 262
1886550 262
1886560 262
1886570 262
1886580 262
1886590 262
1886600 263
1886610 263
1886620 263
1886630 264
1886640 264
1886650 264
1886660 265
1886670 265
1886680 265
1886690 265
1886700 265
1886710 266
1886720 267
1886730 267
1886740 267
1886750 268
1886760 268
1886770 268
1886780 268
1886790 268
1886800 268
1886810 268
1886820 268
1886830 269
1886840 269
1886850 269
1886860 268
1886870 268
1886880 268
1886890 268
1886900 268
1886910 268
1886920 268
1886930 269
1886940 269
1886950 269
1886960 269
1886970 269
1886980 269
1886990 270
1887000 270
1887010 270
1887020 270
1887030 270
1887040 271
1887050 271
1887060 271
1887070 271
1887080 271
1887090 271
1887100 271
1887110 271
1887120 271
1887130 271
1887140 271
1887150 271
1887160 271
1887170 271
1887180 271
1887190 271
1887200 271
1887210 271
1887220 271
1887230 272
1887240 272
1887250 272
1887260 273
1887270 273
1887280 273
1887290 273
1887300 273
1887310 273
1887320 274
1887330 274
1887340 274
1887350 274
1887360 275
1887370 276
1887380 276
1887390 276
1887400 277
1887410 277
1887420 277
1887430 278
1887440 279
1887450 279
1887460 279
1887470 280
1887480 280
1887490 280
1887500 281
1887510 281
1887520 282
1887530 282
1887540 282
1887550 283
1887560 284
1887570 284
1887580 284
1887590 285
1887600 285
1887610 286
1887620 286
1887630 286
1887640 287
1887650 287
1887660 287
1887670 287
1887680 288
1887690 288
1887700 289
1887710 288
1887720 288
1887730 288
1887740 288
1887750 288
1887760 288
1887770 287
1887780 287
1887790 287
1887800 287
1887810 287
1887820 286
1887830 286
1887840 286
1887850 286
1887860 285
1887870 285
1887880 285
1887890 285
1887900 285
1887910 284
1887920 284
1887930 284
1887940 283
1887950 283
1887960 283
1887970 282
1887980 281
1887990 281
1888000 280
1888010 279
1888020 279
1888030 277
1888040 276
1888050 276
1888060 274
1888070 271
1888080 271
1888090 269
1888100 268
1888110 268
1888120 265
1888130 263
1888140 263
1888150 262
1888160 261
1888170 261
1888180 262
1888190 263
1888200 263
1888210 263
1888220 264
1888230 264
1888240 265
1888250 266
1888260 266
1888270 266
1888280 267
1888290 267
1888300 268
1888310 269
1888320 269
1888330 271
1888340 272
1888350 272
1888360 272
1888370 273
1888380 273
1888390 274
1888400 274
1888410 275
1888420 275
1888430 275
1888440 276
1888450 276
1888460 276
1888470 277
1888480 277
1888490 277
1888500 278
1888510 278
1888520 278
1888530 278
1888540 278
1888550 279
1888560 279
1888570 279
1888580 280
1888590 281
1888600 281
1888610 281
1888620 282
1888630 282
1888640 283
1888650 284
1888660 284
1888670 285
1888680 286
1888690 286
1888700 286
1888710 287
1888720 287
1888730 288
1888740 289
1888750 289
1888760 290
1888770 292
1888780 292
1888790 293
1888800 294
1888810 294
1888820 295
1888830 295
1888840 295
1888850 296
1888860 297
1888870 297
1888880 298
1888890 299
1888900 299
1888910 300
1888920 301
1888930 301
1888940 302
1888950 303
1888960 303
1888970 304
1888980 305
1888990 305
1889000 305
1889010 305
1889020 305
1889030 305
1889040 305
1889050 305
1889060 304
1889070 304
1889080 304
1889090 303
1889100 303
1889110 303
1889120 302
1889130 302
1889140 302
1889150 301
1889160 301
1889170 301
1889180 301
1889190 300
1889200 300
1889210 300
1889220 300
1889230 300
1889240 299
1889250 299
1889260 299
1889270 298
1889280 298
1889290 299
1889300 298
1889310 298
1889320 298
1889330 297
1889340 297
1889350 297
1889360 296
1889370 296
1889380 296
1889390 296
1889400 295
1889410 295
1889420 295
1889430 294
1889440 294
1889450 294
1889460 294
1889470 294
1889480 293
1889490 292
1889500 292
1889510 292
1889520 291
1889530 291
1889540 291
1889550 290
1889560 290
1889570 289
1889580 288
1889590 288
1889600 287
1889610 287
1889620 287
1889630 286
1889640 286
1889650 286
1889660 285
1889670 284
1889680 284
1889690 283
1889700 282
1889710 282
1889720 281
1889730 280
1889740 280
1889750 279
1889760 278
1889770 278
1889780 278
1889790 277
1889800 277
1889810 276
1889820 275
1889830 275
1889840 275
1889850 274
1889860 274
1889870 273
1889880 273
1889890 273
1889900 272
1889910 271
1889920 271
1889930 270
1889940 270
1889950 270
1889960 269
1889970 268
1889980 268
1889990 267
1890000 266
1890010 266
1890020 265
1890030 264
1890040 264
1890050 262
1890060 260
1890070 260
1890080 259
1890090 258
1890100 258
1890110 258
1890120 259
1890130 259
1890140 260
1890150 263
1890160 263
1890170 266
1890180 268
1890190 268
1890200 270
1890210 271
1890220 271
1890230 271
1890240 272
1890250 272
1890260 272
1890270 272
1890280 272
1890290 272
1890300 271
1890310 271
1890320 271
1890330 270
1890340 270
1890350 269
1890360 268
1890370 268
1890380 267
1890390 266
1890400 266
1890410 264
1890420 263
1890430 263
1890440 261
1890450 260
1890460 260
1890470 258
1890480 256
1890490 256
1890500 255
1890510 254
1890520 254
1890530 253
1890540 253
1890550 253
1890560 249
1890570 248
1890580 248
1890590 247
1890600 247
1890610 247
1890620 249
1890630 250
1890640 250
1890650 251
1890660 252
1890670 252
1890680 251
1890690 251
1890700 251
1890710 250
1890720 249
1890730 249
1890740 248
1890750 247
1890760 247
1890770 245
1890780 244
1890790 244
1890800 242
1890810 240
1890820 240
1890830 237
1890840 236
1890850 236
1890860 237
1890870 237
1890880 233
1890890 232
1890900 234
1890910 234
1890920 238
1890930 241
1890940 241
1890950 241
1890960 241
1890970 241
1890980 241
1890990 240
1891000 240
1891010 240
1891020 237
1891030 237
1891040 234
1891050 228
1891060 228
1891070 221
1891080 216
1891090 216
1891100 215
1891110 217
1891120 217
1891130 219
1891140 222
1891150 222
1891160 224
1891170 226
1891180 229
1891190 229
1891200 227
1891210 231
1891220 231
1891230 234
1891240 235
1891250 235
1891260 235
1891270 237
1891280 237
1891290 238
1891300 240
1891310 240
1891320 240
1891330 240
1891340 240
1891350 242
1891360 244
1891370 244
1891380 246
1891390 247
1891400 247
1891410 248
1891420 249
1891430 249
1891440 249
1891450 250
1891460 250
1891470 250
1891480 250
1891490 250
1891500 249
1891510 248
1891520 246
1891530 245
1891540 245
1891550 245
1891560 244
1891570 242
1891580 242
1891590 239
1891600 237
1891610 237
1891620 236
1891630 234
1891640 234
1891650 233
1891660 233
1891670 233
1891680 234
1891690 235
1891700 235
1891710 236
1891720 235
1891730 235
1891740 234
1891750 234
1891760 234
1891770 233
1891780 232
1891790 232
1891800 231
1891810 230
1891820 230
1891830 229
1891840 225
1891850 225
1891860 223
1891870 221
1891880 221
1891890 219
1891900 216
1891910 216
1891920 211
1891930 205
1891940 205
1891950 200
1891960 199
1891970 199
1891980 199
1891990 199
1892000 199
1892010 198
1892020 198
1892030 198
1892040 198
1892050 198
1892060 198
1892070 197
1892080 196
1892090 196
1892100 196
1892110 195
1892120 195
1892130 194
1892140 194
1892150 194
1892160 194
1892170 194
1892180 194
1892190 194
1892200 193
1892210 193
1892220 193
1892230 193
1892240 193
1892250 194
1892260 194
1892270 194
1892280 194
1892290 194
1892300 194
1892310 194
1892320 194
1892330 194
1892340 194
1892350 194
1892360 194
1892370 194
1892380 194
1892390 194
1892400 193
1892410 193
1892420 193
1892430 193
1892440 193
1892450 193
1892460 192
1892470 192
1892480 192
1892490 192
1892500 191
1892510 191
1892520 190
1892530 190
1892540 190
1892550 189
1892560 188
1892570 188
1892580 186
1892590 185
1892600 185
1892610 184
1892620 183
1892630 183
1892640 182
1892650 182
1892660 182
1892670 182
1892680 182
1892690 182
1892700 182
1892710 182
1892720 182
1892730 182
1892740 182
1892750 182
1892760 182
1892770 182
1892780 182
1892790 183
1892800 185
1892810 185
1892820 186
1892830 188
1892840 188
1892850 190
1892860 192
1892870 192
1892880 194
1892890 196
1892900 196
1892910 198
1892920 201
1892930 201
1892940 203
1892950 205
1892960 205
1892970 208
1892980 210
1892990 210
1893000 212
1893010 213
1893020 213
1893030 215
1893040 216
1893050 216
1893060 218
1893070 219
1893080 219
1893090 220
1893100 221
1893110 221
1893120 222
1893130 222
1893140 222
1893150 222
1893160 223
1893170 223
1893180 223
1893190 223
1893200 223
1893210 223
1893220 223
1893230 223
1893240 223
1893250 224
1893260 224
1893270 224
1893280 224
1893290 224
1893300 224
1893310 224
1893320 224
1893330 225
1893340 225
1893350 225
1893360 225
1893370 225
1893380 225
1893390 225
1893400 226
1893410 226
1893420 226
1893430 226
1893440 226
1893450 226
1893460 227
1893470 227
1893480 227
1893490 227
1893500 227
1893510 228
1893520 229
1893530 229
1893540 230
1893550 230
1893560 230
1893570 229
1893580 228
1893590 228
1893600 228
1893610 227
1893620 227
1893630 226
1893640 225
1893650 225
1893660 224
1893670 222
1893680 222
1893690 220
1893700 218
1893710 218
1893720 215
1893730 213
1893740 211
1893750 209
1893760 207
1893770 207
1893780 207
1893790 207
1893800 207
1893810 207
1893820 209
1893830 209
1893840 210
1893850 212
1893860 212
1893870 213
1893880 215
1893890 215
1893900 217
1893910 220
1893920 220
1893930 224
1893940 227
1893950 230
1893960 230
1893970 233
1893980 236
1893990 236
1894000 240
1894010 243
1894020 243
1894030 245
1894040 247
1894050 247
1894060 244
1894070 244
1894080 244
1894090 243
1894100 242
1894110 242
1894120 242
1894130 242
1894140 242
1894150 242
1894160 242
1894170 242
1894180 243
1894190 246
1894200 246
1894210 248
1894220 250
1894230 250
1894240 253
1894250 255
1894260 255
1894270 257
1894280 259
1894290 259
1894300 261
1894310 263
1894320 263
1894330 265
1894340 266
1894350 266
1894360 267
1894370 272
1894380 272
1894390 273
1894400 275
1894410 275
1894420 277
1894430 279
1894440 279
1894450 281
1894460 283
1894470 283
1894480 285
1894490 287
1894500 287
1894510 288
1894520 290
1894530 290
1894540 291
1894550 292
1894560 292
1894570 293
1894580 294
1894590 294
1894600 295
1894610 296
1894620 296
1894630 297
1894640 298
1894650 298
1894660 299
1894670 300
1894680 300
1894690 299
1894700 298
1894710 298
1894720 297
1894730 296
1894740 296
1894750 295
1894760 294
1894770 294
1894780 292
1894790 290
1894800 290
1894810 289
1894820 286
1894830 286
1894840 284
1894850 282
1894860 282
1894870 279
1894880 277
1894890 277
1894900 274
1894910 272
1894920 272
1894930 270
1894940 267
1894950 267
1894960 264
1894970 262
1894980 262
1894990 260
1895000 255
1895010 255
1895020 253
1895030 251
1895040 251
1895050 248
1895060 246
1895070 246
1895080 244
1895090 242
1895100 242
1895110 240
1895120 238
1895130 238
1895140 237
1895150 235
1895160 235
1895170 234
1895180 232
1895190 232
1895200 230
1895210 229
1895220 229
1895230 227
1895240 225
1895250 225
1895260 223
1895270 222
1895280 222
1895290 220
1895300 217
1895310 217
1895320 213
1895330 210
1895340 210
1895350 208
1895360 205
1895370 205
1895380 203
1895390 201
1895400 201
1895410 199
1895420 197
1895430 197
1895440 196
1895450 195
1895460 195
1895470 193
1895480 192
1895490 192
1895500 191
1895510 187
1895520 187
1895530 185
1895540 183
1895550 183
1895560 181
1895570 180
1895580 180
1895590 179
1895600 178
1895610 178
1895620 176
1895630 175
1895640 175
1895650 174
1895660 173
1895670 173
1895680 172
1895690 170
1895700 170
1895710 169
1895720 169
1895730 169
1895740 164
1895750 162
1895760 162
1895770 166
1895780 166
1895790 166
1895800 166
1895810 167
1895820 167
1895830 167
1895840 167
1895850 167
1895860 167
1895870 167
1895880 167
1895890 167
1895900 167
1895910 167
1895920 166
1895930 165
1895940 165
1895950 159
1895960 158
1895970 158
1895980 157
1895990 152
1896000 152
1896010 147
1896020 142
1896030 142
1896040 139
1896050 138
1896060 138
1896070 138
1896080 139
1896090 139
1896100 138
1896110 138
1896120 138
1896130 138
1896140 138
1896150 138
1896160 138
1896170 138
1896180 138
1896190 138
1896200 138
1896210 138
1896220 138
1896230 138
1896240 138
1896250 138
1896260 138
1896270 138
1896280 137
1896290 137
1896300 137
1896310 137
1896320 137
1896330 137
1896340 137
1896350 137
1896360 137
1896370 137
1896380 138
1896390 138
1896400 138
1896410 138
1896420 138
1896430 138
1896440 138
1896450 138
1896460 138
1896470 138
1896480 138
1896490 138
1896500 138
1896510 138
1896520 138
1896530 138
1896540 138
1896550 138
1896560 138
1896570 138
1896580 138
1896590 138
1896600 138
1896610 138
1896620 137
1896630 137
1896640 137
1896650 137
1896660 137
1896670 137
1896680 137
1896690 137
1896700 137
1896710 137
1896720 137
1896730 137
1896740 137
1896750 137
1896760 137
1896770 137
1896780 137
1896790 137
1896800 137
1896810 137
1896820 137
1896830 137
1896840 137
1896850 137
1896860 137
1896870 138
1896880 138
1896890 138
1896900 138
1896910 138
1896920 138
1896930 138
1896940 138
1896950 138
1896960 138
1896970 138
1896980 138
1896990 138
1897000 138
1897010 138
1897020 138
1897030 138
1897040 138
1897050 138
1897060 138
1897070 138
1897080 138
1897090 138
1897100 138
1897110 138
1897120 138
1897130 138
1897140 138
1897150 138
1897160 138
1897170 138
1897180 138
1897190 138
1897200 138
1897210 138
1897220 138
1897230 138
1897240 138
1897250 138
1897260 138
1897270 138
1897280 138
1897290 138
1897300 138
1897310 138
1897320 138
1897330 138
1897340 138
1897350 138
1897360 138
1897370 138
1897380 138
1897390 138
1897400 138
1897410 138
1897420 138
1897430 138
1897440 138
1897450 138
1897460 138
1897470 138
1897480 138
1897490 138
1897500 138
1897510 138
1897520 138
1897530 138
1897540 138
1897550 138
1897560 138
1897570 138
1897580 138
1897590 138
1897600 138
1897610 138
1897620 138
1897630 138
1897640 138
1897650 138
1897660 138
1897670 138
1897680 138
1897690 138
1897700 138
1897710 138
1897720 138
1897730 138
1897740 138
1897750 138
1897760 138
1897770 138
1897780 138
1897790 138
1897800 138
1897810 138
1897820 138
1897830 138
1897840 138
1897850 138
1897860 138
1897870 138
1897880 138
1897890 138
1897900 138
1897910 138
1897920 138
1897930 138
1897940 138
1897950 138
1897960 138
1897970 138
1897980 138
1897990 138
1898000 138
1898010 138
1898020 138
1898030 138
1898040 138
1898050 138
1898060 138
1898070 138
1898080 138
1898090 138
1898100 138
1898110 138
1898120 138
1898130 138
1898140 138
1898150 138
1898160 138
1898170 138
1898180 137
1898190 137
1898200 137
1898210 137
1898220 137
1898230 137
1898240 137
1898250 138
1898260 138
1898270 138
1898280 138
1898290 138
1898300 138
1898310 138
1898320 138
1898330 138
1898340 138
1898350 138
1898360 138
1898370 138
1898380 138
1898390 138
1898400 138
1898410 138
1898420 137
1898430 137
1898440 137
1898450 137
1898460 137
1898470 137
1898480 138
1898490 138
1898500 138
1898510 138
1898520 138
1898530 138
1898540 138
1898550 137
1898560 137
1898570 137
1898580 137
1898590 137
1898600 137
1898610 137
1898620 137
1898630 137
1898640 137
1898650 137
1898660 137
1898670 137
1898680 137
1898690 137
1898700 137
1898710 137
1898720 137
1898730 137
1898740 137
1898750 137
1898760 137
1898770 137
1898780 137
1898790 137
1898800 137
1898810 137
1898820 137
1898830 137
1898840 137
1898850 137
1898860 137
1898870 137
1898880 137
1898890 137
1898900 137
1898910 137
1898920 137
1898930 137
1898940 137
1898950 137
1898960 137
1898970 137
1898980 137
1898990 137
1899000 137
1899010 137
1899020 137
1899030 136
1899040 136
1899050 137
1899060 137
1899070 137
1899080 137
1899090 137
1899100 137
1899110 137
1899120 137
1899130 137
1899140 137
1899150 137
1899160 137
1899170 137
1899180 137
1899190 137
1899200 137
1899210 137
1899220 137
1899230 137
1899240 137
1899250 137
1899260 137
1899270 137
1899280 137
1899290 137
1899300 137
1899310 137
1899320 137
1899330 137
1899340 137
1899350 137
1899360 137
1899370 137
1899380 137
1899390 137
1899400 137
1899410 137
1899420 137
1899430 137
1899440 137
1899450 137
1899460 137
1899470 137
1899480 138
1899490 138
1899500 137
1899510 136
1899520 136
1899530 136
1899540 136
1899550 136
1899560 136
1899570 137
1899580 137
1899590 137
1899600 137
1899610 137
1899620 137
1899630 137
1899640 137
1899650 137
1899660 137
1899670 137
1899680 137
1899690 137
1899700 137
1899710 137
1899720 137
1899730 137
1899740 137
1899750 137
