1880000 178
1880010 178
1880020 178
1880030 177
1880040 177
1880050 177
1880060 176
1880070 176
1880080 176
1880090 176
1880100 176
1880110 176
1880120 176
1880130 176
1880140 176
1880150 176
1880160 176
1880170 176
1880180 176
1880190 177
1880200 177
1880210 177
1880220 176
1880230 176
1880240 175
1880250 175
1880260 175
1880270 174
1880280 174
1880290 174
1880300 174
1880310 174
1880320 174
1880330 174
1880340 174
1880350 174
1880360 174
1880370 174
1880380 174
1880390 175
1880400 175
1880410 175
1880420 175
1880430 176
1880440 176
1880450 176
1880460 177
1880470 177
1880480 177
1880490 177
1880500 177
1880510 178
1880520 178
1880530 178
1880540 178
1880550 178
1880560 178
1880570 179
1880580 179
1880590 179
1880600 179
1880610 179
1880620 179
1880630 179
1880640 179
1880650 179
1880660 179
1880670 179
1880680 179
1880690 179
1880700 179
1880710 179
1880720 179
1880730 179
1880740 178
1880750 178
1880760 178
1880770 178
1880780 178
1880790 177
1880800 177
1880810 177
1880820 176
1880830 175
1880840 175
1880850 175
1880860 175
1880870 175
1880880 175
1880890 175
1880900 175
1880910 175
1880920 175
1880930 175
1880940 175
1880950 175
1880960 175
1880970 175
1880980 175
1880990 175
1881000 174
1881010 174
1881020 174
1881030 173
1881040 173
1881050 173
1881060 173
1881070 172
1881080 172
1881090 172
1881100 171
1881110 171
1881120 171
1881130 170
1881140 170
1881150 170
1881160 169
1881170 169
1881180 169
1881190 169
1881200 169
1881210 168
1881220 168
1881230 168
1881240 168
1881250 168
1881260 168
1881270 167
1881280 167
1881290 167
1881300 167
1881310 167
1881320 167
1881330 167
1881340 167
1881350 167
1881360 167
1881370 167
1881380 167
1881390 167
1881400 168
1881410 168
1881420 168
1881430 169
1881440 169
1881450 169
1881460 170
1881470 170
1881480 170
1881490 171
1881500 171
1881510 172
1881520 172
1881530 172
1881540 172
1881550 173
1881560 173
1881570 174
1881580 174
1881590 174
1881600 175
1881610 175
1881620 175
1881630 175
1881640 175
1881650 175
1881660 175
1881670 175
1881680 175
1881690 175
1881700 174
1881710 174
1881720 174
1881730 174
1881740 174
1881750 173
1881760 173
1881770 173
1881780 173
1881790 172
1881800 172
1881810 172
1881820 172
1881830 172
1881840 171
1881850 171
1881860 171
1881870 171
1881880 170
1881890 170
1881900 170
1881910 170
1881920 170
1881930 170
1881940 169
1881950 169
1881960 169
1881970 169
1881980 169
1881990 169
1882000 168
1882010 168
1882020 168
1882030 168
1882040 168
1882050 167
1882060 167
1882070 167
1882080 166
1882090 166
1882100 166
1882110 166
1882120 165
1882130 165
1882140 165
1882150 165
1882160 165
1882170 164
1882180 164
1882190 164
1882200 163
1882210 163
1882220 163
1882230 163
1882240 163
1882250 163
1882260 163
1882270 163
1882280 163
1882290 163
1882300 163
1882310 163
1882320 163
1882330 163
1882340 163
1882350 163
1882360 163
1882370 163
1882380 162
1882390 163
1882400 163
1882410 162
1882420 162
1882430 162
1882440 163
1882450 163
1882460 163
1882470 163
1882480 163
1882490 163
1882500 163
1882510 164
1882520 164
1882530 164
1882540 165
1882550 165
1882560 165
1882570 166
1882580 166
1882590 166
1882600 166
1882610 166
1882620 167
1882630 167
1882640 167
1882650 168
1882660 168
1882670 168
1882680 169
1882690 169
1882700 169
1882710 170
1882720 170
1882730 170
1882740 171
1882750 171
1882760 171
1882770 171
1882780 172
1882790 172
1882800 172
1882810 172
1882820 173
1882830 173
1882840 174
1882850 174
1882860 174
1882870 174
1882880 174
1882890 174
1882900 175
1882910 175
1882920 175
1882930 175
1882940 175
1882950 175
1882960 176
1882970 176
1882980 177
1882990 177
1883000 177
1883010 178
1883020 178
1883030 178
1883040 178
1883050 178
1883060 178
1883070 178
1883080 178
1883090 178
1883100 178
1883110 178
1883120 178
1883130 178
1883140 178
1883150 178
1883160 178
1883170 178
1883180 178
1883190 178
1883200 178
1883210 178
1883220 178
1883230 178
1883240 178
1883250 178
1883260 178
1883270 178
1883280 178
1883290 178
1883300 178
1883310 178
1883320 178
1883330 178
1883340 178
1883350 179
1883360 179
1883370 179
1883380 179
1883390 180
1883400 180
1883410 180
1883420 180
1883430 180
1883440 181
1883450 181
1883460 181
1883470 181
1883480 181
1883490 181
1883500 181
1883510 181
1883520 181
1883530 181
1883540 181
1883550 181
1883560 181
1883570 181
1883580 181
1883590 181
1883600 181
1883610 181
1883620 181
1883630 181
1883640 181
1883650 181
1883660 181
1883670 181
1883680 181
1883690 181
1883700 181
1883710 181
1883720 182
1883730 182
1883740 182
1883750 182
1883760 182
1883770 182
1883780 183
1883790 183
1883800 183
1883810 183
1883820 183
1883830 183
1883840 183
1883850 183
1883860 183
1883870 183
1883880 183
1883890 183
1883900 183
1883910 183
1883920 183
1883930 183
1883940 183
1883950 183
1883960 183
1883970 183
1883980 183
1883990 183
1884000 183
1884010 183
1884020 184
1884030 184
1884040 184
1884050 184
1884060 184
1884070 184
1884080 184
1884090 184
1884100 184
1884110 185
1884120 185
1884130 185
1884140 185
1884150 185
1884160 185
1884170 186
1884180 186
1884190 186
1884200 186
1884210 186
1884220 187
1884230 187
1884240 187
1884250 187
1884260 187
1884270 187
1884280 187
1884290 187
1884300 187
1884310 188
1884320 188
1884330 188
1884340 188
1884350 189
1884360 189
1884370 189
1884380 189
1884390 189
1884400 189
1884410 190
1884420 190
1884430 190
1884440 190
1884450 190
1884460 191
1884470 191
1884480 191
1884490 192
1884500 192
1884510 192
1884520 193
1884530 193
1884540 193
1884550 193
1884560 193
1884570 193
1884580 194
1884590 194
1884600 194
1884610 194
1884620 194
1884630 194
1884640 195
1884650 195
1884660 195
1884670 195
1884680 196
1884690 196
1884700 196
1884710 196
1884720 196
1884730 197
1884740 197
1884750 197
1884760 197
1884770 198
1884780 198
1884790 199
1884800 199
1884810 199
1884820 200
1884830 200
1884840 200
1884850 201
1884860 201
1884870 201
1884880 202
1884890 202
1884900 202
1884910 202
1884920 202
1884930 202
1884940 202
1884950 202
1884960 202
1884970 203
1884980 203
1884990 203
1885000 204
1885010 204
1885020 204
1885030 205
1885040 205
1885050 205
1885060 205
1885070 206
1885080 206
1885090 206
1885100 207
1885110 207
1885120 208
1885130 208
1885140 208
1885150 208
1885160 208
1885170 208
1885180 210
1885190 210
1885200 210
1885210 210
1885220 211
1885230 211
1885240 212
1885250 212
1885260 212
1885270 213
1885280 213
1885290 213
1885300 213
1885310 213
1885320 213
1885330 213
1885340 214
1885350 214
1885360 214
1885370 215
1885380 215
1885390 215
1885400 215
1885410 216
1885420 216
1885430 217
1885440 217
1885450 217
1885460 218
1885470 218
1885480 218
1885490 219
1885500 219
1885510 220
1885520 220
1885530 220
1885540 221
1885550 222
1885560 222
1885570 222
1885580 223
1885590 223
1885600 223
1885610 224
1885620 224
1885630 225
1885640 225
1885650 225
1885660 226
1885670 226
1885680 226
1885690 227
1885700 227
1885710 227
1885720 228
1885730 228
1885740 228
1885750 229
1885760 229
1885770 230
1885780 230
1885790 230
1885800 231
1885810 231
1885820 231
1885830 232
1885840 232
1885850 232
1885860 232
1885870 232
1885880 233
1885890 233
1885900 233
1885910 233
1885920 234
1885930 234
1885940 234
1885950 234
1885960 234
1885970 234
1885980 235
1885990 235
1886000 235
1886010 236
1886020 236
1886030 236
1886040 236
1886050 236
1886060 237
1886070 238
1886080 238
1886090 238
1886100 238
1886110 238
1886120 238
1886130 238
1886140 238
1886150 238
1886160 237
1886170 237
1886180 237
1886190 237
1886200 237
1886210 238
1886220 238
1886230 238
1886240 237
1886250 238
1886260 238
1886270 238
1886280 238
1886290 238
1886300 239
1886310 239
1886320 239
1886330 240
1886340 240
1886350 240
1886360 241
1886370 242
1886380 242
1886390 243
1886400 243
1886410 243
1886420 244
1886430 244
1886440 244
1886450 245
1886460 245
1886470 245
1886480 245
1886490 245
1886500 245
1886510 245
1886520 245
1886530 245
1886540 245
1886550 245
1886560 245
1886570 244
1886580 244
1886590 244
1886600 244
1886610 244
1886620 244
1886630 244
1886640 245
1886650 245
1886660 245
1886670 245
1886680 245
1886690 246
1886700 247
1886710 247
1886720 247
1886730 248
1886740 248
1886750 248
1886760 249
1886770 249
1886780 249
1886790 249
1886800 249
1886810 249
1886820 250
1886830 250
1886840 250
1886850 250
1886860 250
1886870 250
1886880 250
1886890 250
1886900 250
1886910 251
1886920 251
1886930 251
1886940 251
1886950 251
1886960 251
1886970 251
1886980 251
1886990 251
1887000 251
1887010 251
1887020 252
1887030 252
1887040 252
1887050 252
1887060 252
1887070 252
1887080 253
1887090 253
1887100 253
1887110 253
1887120 253
1887130 253
1887140 253
1887150 253
1887160 253
1887170 253
1887180 253
1887190 253
1887200 253
1887210 253
1887220 253
1887230 253
1887240 253
1887250 253
1887260 253
1887270 253
1887280 253
1887290 253
1887300 254
1887310 254
1887320 254
1887330 254
1887340 254
1887350 255
1887360 255
1887370 255
1887380 255
1887390 255
1887400 255
1887410 256
1887420 256
1887430 256
1887440 256
1887450 256
1887460 256
1887470 256
1887480 256
1887490 256
1887500 256
1887510 256
1887520 256
1887530 256
1887540 256
1887550 256
1887560 256
1887570 257
1887580 257
1887590 257
1887600 257
1887610 257
1887620 257
1887630 257
1887640 257
1887650 258
1887660 258
1887670 258
1887680 259
1887690 259
1887700 259
1887710 259
1887720 259
1887730 259
1887740 260
1887750 260
1887760 260
1887770 260
1887780 261
1887790 261
1887800 261
1887810 261
1887820 261
1887830 262
1887840 262
1887850 262
1887860 263
1887870 263
1887880 263
1887890 264
1887900 265
1887910 265
1887920 266
1887930 266
1887940 266
1887950 267
1887960 268
1887970 268
1887980 269
1887990 269
1888000 269
1888010 270
1888020 270
1888030 270
1888040 271
1888050 271
1888060 271
1888070 271
1888080 271
1888090 271
1888100 271
1888110 272
1888120 272
1888130 272
1888140 272
1888150 272
1888160 272
1888170 273
1888180 273
1888190 273
1888200 274
1888210 274
1888220 274
1888230 275
1888240 275
1888250 275
1888260 275
1888270 275
1888280 276
1888290 276
1888300 276
1888310 276
1888320 277
1888330 277
1888340 277
1888350 278
1888360 278
1888370 279
1888380 279
1888390 280
1888400 280
1888410 280
1888420 281
1888430 281
1888440 282
1888450 282
1888460 282
1888470 283
1888480 283
1888490 283
1888500 284
1888510 285
1888520 285
1888530 285
1888540 286
1888550 286
1888560 287
1888570 288
1888580 288
1888590 288
1888600 289
1888610 289
1888620 290
1888630 291
1888640 291
1888650 291
1888660 292
1888670 292
1888680 293
1888690 294
1888700 294
1888710 295
1888720 296
1888730 296
1888740 296
1888750 298
1888760 298
1888770 299
1888780 300
1888790 300
1888800 300
1888810 301
1888820 301
1888830 302
1888840 303
1888850 303
1888860 304
1888870 305
1888880 305
1888890 306
1888900 307
1888910 307
1888920 308
1888930 310
1888940 310
1888950 311
1888960 313
1888970 313
1888980 314
1888990 315
1889000 315
1889010 316
1889020 318
1889030 318
1889040 320
1889050 321
1889060 321
1889070 322
1889080 323
1889090 323
1889100 323
1889110 323
1889120 323
1889130 324
1889140 324
1889150 324
1889160 324
1889170 324
1889180 324
1889190 325
1889200 325
1889210 325
1889220 325
1889230 325
1889240 325
1889250 325
1889260 325
1889270 325
1889280 325
1889290 324
1889300 324
1889310 323
1889320 322
1889330 322
1889340 320
1889350 319
1889360 319
1889370 317
1889380 315
1889390 315
1889400 313
1889410 312
1889420 312
1889430 310
1889440 308
1889450 308
1889460 307
1889470 306
1889480 306
1889490 304
1889500 303
1889510 303
1889520 302
1889530 301
1889540 301
1889550 299
1889560 298
1889570 298
1889580 297
1889590 296
1889600 296
1889610 295
1889620 294
1889630 294
1889640 293
1889650 292
1889660 292
1889670 292
1889680 291
1889690 291
1889700 290
1889710 290
1889720 290
1889730 289
1889740 289
1889750 289
1889760 288
1889770 287
1889780 287
1889790 287
1889800 286
1889810 286
1889820 285
1889830 284
1889840 284
1889850 283
1889860 283
1889870 283
1889880 282
1889890 281
1889900 281
1889910 281
1889920 280
1889930 280
1889940 279
1889950 279
1889960 279
1889970 278
1889980 277
1889990 277
1890000 277
1890010 276
1890020 276
1890030 276
1890040 276
1890050 276
1890060 275
1890070 275
1890080 275
1890090 274
1890100 274
1890110 274
1890120 273
1890130 272
1890140 272
1890150 271
1890160 270
1890170 270
1890180 270
1890190 269
1890200 269
1890210 269
1890220 269
1890230 269
1890240 270
1890250 269
1890260 269
1890270 269
1890280 269
1890290 269
1890300 268
1890310 268
1890320 268
1890330 267
1890340 267
1890350 267
1890360 266
1890370 266
1890380 266
1890390 265
1890400 265
1890410 265
1890420 264
1890430 264
1890440 264
1890450 263
1890460 263
1890470 263
1890480 262
1890490 261
1890500 261
1890510 261
1890520 261
1890530 261
1890540 260
1890550 260
1890560 260
1890570 259
1890580 259
1890590 259
1890600 258
1890610 258
1890620 258
1890630 258
1890640 257
1890650 257
1890660 257
1890670 256
1890680 256
1890690 256
1890700 256
1890710 256
1890720 256
1890730 255
1890740 255
1890750 255
1890760 255
1890770 255
1890780 254
1890790 254
1890800 254
1890810 253
1890820 253
1890830 253
1890840 253
1890850 252
1890860 253
1890870 252
1890880 252
1890890 252
1890900 252
1890910 251
1890920 251
1890930 251
1890940 251
1890950 251
1890960 251
1890970 250
1890980 250
1890990 250
1891000 249
1891010 249
1891020 249
1891030 248
1891040 248
1891050 248
1891060 247
1891070 247
1891080 247
1891090 246
1891100 245
1891110 245
1891120 244
1891130 244
1891140 244
1891150 243
1891160 242
1891170 242
1891180 240
1891190 238
1891200 238
1891210 236
1891220 235
1891230 235
1891240 232
1891250 230
1891260 230
1891270 234
1891280 237
1891290 237
1891300 240
1891310 244
1891320 244
1891330 248
1891340 252
1891350 252
1891360 256
1891370 259
1891380 259
1891390 261
1891400 263
1891410 263
1891420 264
1891430 265
1891440 265
1891450 265
1891460 265
1891470 265
1891480 265
1891490 264
1891500 264
1891510 264
1891520 264
1891530 264
1891540 263
1891550 263
1891560 263
1891570 262
1891580 262
1891590 262
1891600 261
1891610 261
1891620 261
1891630 260
1891640 259
1891650 259
1891660 258
1891670 257
1891680 257
1891690 257
1891700 256
1891710 256
1891720 255
1891730 254
1891740 254
1891750 253
1891760 252
1891770 252
1891780 251
1891790 250
1891800 250
1891810 249
1891820 247
1891830 247
1891840 245
1891850 242
1891860 242
1891870 239
1891880 233
1891890 233
1891900 228
1891910 224
1891920 224
1891930 229
1891940 234
1891950 234
1891960 239
1891970 243
1891980 243
1891990 246
1892000 248
1892010 248
1892020 249
1892030 249
1892040 249
1892050 250
1892060 251
1892070 251
1892080 252
1892090 252
1892100 252
1892110 252
1892120 252
1892130 252
1892140 251
1892150 250
1892160 250
1892170 250
1892180 250
1892190 250
1892200 250
1892210 249
1892220 249
1892230 249
1892240 249
1892250 249
1892260 249
1892270 250
1892280 250
1892290 250
1892300 251
1892310 251
1892320 251
1892330 252
1892340 252
1892350 252
1892360 252
1892370 252
1892380 252
1892390 252
1892400 252
1892410 252
1892420 252
1892430 252
1892440 252
1892450 253
1892460 253
1892470 253
1892480 253
1892490 253
1892500 253
1892510 253
1892520 253
1892530 253
1892540 252
1892550 252
1892560 252
1892570 251
1892580 251
1892590 250
1892600 249
1892610 249
1892620 248
1892630 246
1892640 246
1892650 245
1892660 243
1892670 243
1892680 241
1892690 239
1892700 239
1892710 237
1892720 234
1892730 234
1892740 231
1892750 229
1892760 229
1892770 227
1892780 224
1892790 224
1892800 219
1892810 217
1892820 217
1892830 218
1892840 219
1892850 219
1892860 219
1892870 219
1892880 219
1892890 219
1892900 219
1892910 219
1892920 217
1892930 215
1892940 215
1892950 213
1892960 211
1892970 211
1892980 212
1892990 213
1893000 213
1893010 214
1893020 216
1893030 216
1893040 217
1893050 217
1893060 217
1893070 217
1893080 217
1893090 216
1893100 216
1893110 216
1893120 216
1893130 216
1893140 216
1893150 216
1893160 216
1893170 215
1893180 215
1893190 215
1893200 214
1893210 214
1893220 214
1893230 213
1893240 213
1893250 212
1893260 211
1893270 211
1893280 210
1893290 209
1893300 209
1893310 209
1893320 209
1893330 209
1893340 209
1893350 210
1893360 210
1893370 210
1893380 211
1893390 211
1893400 212
1893410 213
1893420 213
1893430 215
1893440 216
1893450 216
1893460 218
1893470 220
1893480 220
1893490 223
1893500 225
1893510 225
1893520 227
1893530 229
1893540 229
1893550 230
1893560 232
1893570 232
1893580 233
1893590 234
1893600 234
1893610 236
1893620 237
1893630 237
1893640 239
1893650 240
1893660 240
1893670 242
1893680 243
1893690 242
1893700 242
1893710 240
1893720 236
1893730 236
1893740 238
1893750 241
1893760 241
1893770 245
1893780 247
1893790 247
1893800 251
1893810 253
1893820 253
1893830 256
1893840 259
1893850 259
1893860 263
1893870 265
1893880 265
1893890 267
1893900 269
1893910 269
1893920 271
1893930 273
1893940 273
1893950 274
1893960 276
1893970 276
1893980 278
1893990 281
1894000 281
1894010 283
1894020 285
1894030 285
1894040 288
1894050 290
1894060 290
1894070 292
1894080 293
1894090 293
1894100 293
1894110 292
1894120 292
1894130 292
1894140 291
1894150 291
1894160 289
1894170 286
1894180 286
1894190 283
1894200 278
1894210 278
1894220 272
1894230 267
1894240 267
1894250 262
1894260 258
1894270 258
1894280 255
1894290 252
1894300 252
1894310 250
1894320 249
1894330 249
1894340 248
1894350 248
1894360 248
1894370 250
1894380 252
1894390 252
1894400 256
1894410 260
1894420 260
1894430 265
1894440 269
1894450 269
1894460 274
1894470 278
1894480 278
1894490 282
1894500 286
1894510 286
1894520 290
1894530 293
1894540 293
1894550 295
1894560 296
1894570 296
1894580 295
1894590 294
1894600 294
1894610 292
1894620 291
1894630 291
1894640 290
1894650 290
1894660 290
1894670 288
1894680 292
1894690 292
1894700 295
1894710 298
1894720 298
1894730 302
1894740 305
1894750 305
1894760 308
1894770 311
1894780 311
1894790 313
1894800 316
1894810 316
1894820 318
1894830 320
1894840 320
1894850 323
1894860 325
1894870 325
1894880 328
1894890 330
1894900 330
1894910 331
1894920 332
1894930 332
1894940 329
1894950 325
1894960 325
1894970 321
1894980 312
1894990 312
1895000 309
1895010 305
1895020 305
1895030 303
1895040 301
1895050 301
1895060 299
1895070 297
1895080 297
1895090 296
1895100 295
1895110 295
1895120 295
1895130 296
1895140 296
1895150 298
1895160 299
1895170 299
1895180 300
1895190 300
1895200 300
1895210 300
1895220 299
1895230 299
1895240 297
1895250 295
1895260 295
1895270 292
1895280 289
1895290 289
1895300 283
1895310 282
1895320 282
1895330 283
1895340 284
1895350 284
1895360 286
1895370 286
1895380 286
1895390 285
1895400 285
1895410 285
1895420 287
1895430 288
1895440 288
1895450 289
1895460 290
1895470 290
1895480 292
1895490 293
1895500 293
1895510 292
1895520 291
1895530 291
1895540 288
1895550 286
1895560 286
1895570 283
1895580 280
1895590 280
1895600 277
1895610 273
1895620 273
1895630 270
1895640 267
1895650 267
1895660 264
1895670 261
1895680 261
1895690 258
1895700 255
1895710 255
1895720 252
1895730 249
1895740 249
1895750 247
1895760 245
1895770 245
1895780 243
1895790 242
1895800 242
1895810 241
1895820 240
1895830 240
1895840 238
1895850 236
1895860 236
1895870 234
1895880 232
1895890 232
1895900 230
1895910 227
1895920 227
1895930 223
1895940 221
1895950 221
1895960 217
1895970 214
1895980 214
1895990 211
1896000 207
1896010 207
1896020 203
1896030 200
1896040 200
1896050 196
1896060 192
1896070 192
1896080 189
1896090 185
1896100 185
1896110 182
1896120 179
1896130 179
1896140 177
1896150 174
1896160 174
1896170 172
1896180 169
1896190 169
1896200 166
1896210 163
1896220 163
1896230 159
1896240 152
1896250 152
1896260 146
1896270 141
1896280 141
1896290 140
1896300 139
1896310 138
1896320 138
1896330 138
1896340 137
1896350 137
1896360 137
1896370 137
1896380 137
1896390 137
1896400 137
1896410 137
1896420 137
1896430 137
1896440 137
1896450 137
1896460 137
1896470 137
1896480 137
1896490 137
1896500 137
1896510 137
1896520 137
1896530 137
1896540 137
1896550 137
1896560 137
1896570 138
1896580 138
1896590 138
1896600 138
1896610 138
1896620 138
1896630 138
1896640 138
1896650 138
1896660 138
1896670 137
1896680 137
1896690 137
1896700 137
1896710 137
1896720 137
1896730 136
1896740 136
1896750 136
1896760 137
1896770 137
1896780 137
1896790 138
1896800 138
1896810 138
1896820 138
1896830 138
1896840 138
1896850 138
1896860 138
1896870 137
1896880 137
1896890 137
1896900 137
1896910 137
1896920 137
1896930 137
1896940 137
1896950 137
1896960 137
1896970 137
1896980 137
1896990 137
1897000 137
1897010 137
1897020 137
1897030 137
1897040 137
1897050 137
1897060 137
1897070 137
1897080 137
1897090 137
1897100 137
1897110 137
1897120 137
1897130 137
1897140 137
1897150 137
1897160 137
1897170 137
1897180 137
1897190 137
1897200 137
1897210 137
1897220 137
1897230 137
1897240 137
1897250 137
1897260 137
1897270 137
1897280 137
1897290 137
1897300 137
1897310 137
1897320 137
1897330 137
1897340 137
1897350 137
1897360 137
1897370 137
1897380 137
1897390 137
1897400 137
1897410 137
1897420 137
1897430 137
1897440 137
1897450 137
1897460 137
1897470 137
1897480 137
1897490 137
1897500 137
1897510 137
1897520 137
1897530 137
1897540 136
1897550 136
1897560 137
1897570 137
1897580 137
1897590 136
1897600 136
1897610 136
1897620 136
1897630 137
1897640 137
1897650 137
1897660 137
1897670 137
1897680 137
1897690 136
1897700 136
1897710 136
1897720 136
1897730 136
1897740 137
1897750 137
1897760 137
1897770 137
1897780 137
1897790 137
1897800 137
1897810 137
1897820 137
1897830 137
1897840 137
1897850 137
1897860 137
1897870 137
1897880 137
1897890 137
1897900 137
1897910 137
1897920 137
1897930 137
1897940 137
1897950 137
1897960 137
1897970 137
1897980 137
1897990 137
1898000 137
1898010 137
1898020 137
1898030 137
1898040 137
1898050 137
1898060 137
1898070 137
1898080 137
1898090 137
1898100 137
1898110 137
1898120 137
1898130 137
1898140 137
1898150 137
1898160 137
1898170 137
1898180 137
1898190 137
1898200 137
1898210 137
1898220 137
1898230 137
1898240 137
1898250 137
1898260 137
1898270 137
1898280 137
1898290 137
1898300 137
1898310 137
1898320 137
1898330 137
1898340 137
1898350 137
1898360 137
1898370 137
1898380 137
1898390 137
1898400 137
1898410 137
1898420 137
1898430 136
1898440 136
1898450 136
1898460 137
1898470 137
1898480 137
1898490 137
1898500 137
1898510 137
1898520 137
1898530 137
1898540 137
1898550 137
1898560 137
1898570 137
1898580 137
1898590 137
1898600 137
1898610 137
1898620 137
1898630 137
1898640 137
1898650 137
1898660 137
1898670 137
1898680 137
1898690 137
1898700 137
1898710 137
1898720 137
1898730 136
1898740 136
1898750 136
1898760 136
1898770 137
1898780 137
1898790 137
1898800 137
1898810 137
1898820 137
1898830 137
1898840 137
1898850 137
1898860 137
1898870 137
1898880 137
1898890 137
1898900 137
1898910 137
1898920 137
1898930 137
1898940 137
1898950 137
1898960 137
1898970 137
1898980 137
1898990 137
1899000 137
1899010 136
1899020 136
1899030 136
1899040 136
1899050 136
1899060 136
1899070 136
1899080 136
1899090 136
1899100 136
1899110 137
1899120 137
1899130 136
1899140 136
1899150 136
1899160 136
1899170 136
1899180 136
1899190 136
1899200 136
1899210 136
1899220 136
1899230 136
1899240 136
1899250 136
1899260 136
1899270 136
1899280 136
1899290 136
1899300 136
1899310 137
1899320 137
1899330 137
1899340 137
1899350 137
1899360 137
1899370 137
1899380 137
1899390 137
1899400 137
1899410 137
1899420 137
1899430 136
1899440 136
1899450 136
1899460 136
1899470 137
1899480 137
1899490 137
1899500 137
1899510 137
1899520 137
1899530 137
1899540 137
1899550 137
1899560 136
1899570 136
1899580 136
1899590 136
1899600 136
1899610 136
1899620 136
1899630 136
1899640 137
1899650 137
1899660 137
1899670 137
1899680 137
1899690 137
1899700 137
1899710 137
1899720 137
1899730 137
1899740 137
1899750 137
1899760 137
1899770 137
1899780 137
1899790 137
1899800 137
1899810 137
1899820 137
1899830 136
1899840 136
1899850 137
1899860 137
1899870 137
1899880 137
1899890 137
1899900 137
1899910 137
1899920 137
1899930 137
1899940 137
1899950 137
1899960 137
1899970 137
1899980 137
1899990 137
