1880000 177
1880010 177
1880020 177
1880030 177
1880040 176
1880050 176
1880060 176
1880070 177
1880080 176
1880090 176
1880100 177
1880110 178
1880120 178
1880130 177
1880140 176
1880150 176
1880160 176
1880170 176
1880180 176
1880190 175
1880200 175
1880210 175
1880220 175
1880230 175
1880240 175
1880250 175
1880260 175
1880270 175
1880280 175
1880290 175
1880300 175
1880310 175
1880320 176
1880330 176
1880340 176
1880350 176
1880360 176
1880370 177
1880380 177
1880390 177
1880400 177
1880410 177
1880420 177
1880430 177
1880440 177
1880450 177
1880460 177
1880470 178
1880480 178
1880490 178
1880500 179
1880510 179
1880520 179
1880530 180
1880540 180
1880550 180
1880560 180
1880570 180
1880580 180
1880590 180
1880600 180
1880610 180
1880620 179
1880630 179
1880640 179
1880650 179
1880660 179
1880670 179
1880680 179
1880690 179
1880700 179
1880710 179
1880720 179
1880730 179
1880740 178
1880750 178
1880760 178
1880770 178
1880780 178
1880790 178
1880800 177
1880810 177
1880820 177
1880830 176
1880840 176
1880850 176
1880860 176
1880870 175
1880880 175
1880890 175
1880900 175
1880910 175
1880920 175
1880930 175
1880940 174
1880950 174
1880960 174
1880970 174
1880980 173
1880990 173
1881000 173
1881010 173
1881020 173
1881030 172
1881040 172
1881050 172
1881060 172
1881070 171
1881080 171
1881090 171
1881100 171
1881110 171
1881120 171
1881130 171
1881140 171
1881150 170
1881160 170
1881170 170
1881180 169
1881190 169
1881200 169
1881210 169
1881220 168
1881230 168
1881240 168
1881250 168
1881260 168
1881270 168
1881280 168
1881290 168
1881300 168
1881310 168
1881320 168
1881330 168
1881340 168
1881350 168
1881360 168
1881370 168
1881380 168
1881390 168
1881400 169
1881410 169
1881420 169
1881430 170
1881440 170
1881450 170
1881460 171
1881470 171
1881480 171
1881490 172
1881500 172
1881510 173
1881520 173
1881530 173
1881540 174
1881550 174
1881560 174
1881570 175
1881580 176
1881590 176
1881600 176
1881610 177
1881620 177
1881630 177
1881640 177
1881650 177
1881660 177
1881670 177
1881680 177
1881690 177
1881700 177
1881710 177
1881720 177
1881730 176
1881740 176
1881750 176
1881760 176
1881770 176
1881780 175
1881790 175
1881800 174
1881810 174
1881820 174
1881830 173
1881840 173
1881850 173
1881860 172
1881870 172
1881880 172
1881890 172
1881900 172
1881910 172
1881920 171
1881930 171
1881940 171
1881950 171
1881960 171
1881970 171
1881980 171
1881990 171
1882000 170
1882010 170
1882020 170
1882030 169
1882040 169
1882050 169
1882060 169
1882070 168
1882080 168
1882090 167
1882100 167
1882110 167
1882120 167
1882130 167
1882140 167
1882150 166
1882160 166
1882170 166
1882180 165
1882190 165
1882200 165
1882210 165
1882220 165
1882230 165
1882240 165
1882250 164
1882260 164
1882270 164
1882280 164
1882290 164
1882300 164
1882310 163
1882320 163
1882330 163
1882340 163
1882350 163
1882360 163
1882370 164
1882380 164
1882390 164
1882400 164
1882410 164
1882420 163
1882430 162
1882440 162
1882450 163
1882460 163
1882470 163
1882480 163
1882490 163
1882500 163
1882510 164
1882520 164
1882530 164
1882540 164
1882550 164
1882560 164
1882570 164
1882580 164
1882590 164
1882600 164
1882610 165
1882620 165
1882630 166
1882640 167
1882650 167
1882660 167
1882670 167
1882680 167
1882690 168
1882700 168
1882710 168
1882720 168
1882730 169
1882740 169
1882750 169
1882760 169
1882770 169
1882780 170
1882790 170
1882800 170
1882810 170
1882820 171
1882830 171
1882840 171
1882850 172
1882860 172
1882870 172
1882880 172
1882890 172
1882900 173
1882910 173
1882920 173
1882930 174
1882940 175
1882950 175
1882960 175
1882970 176
1882980 176
1882990 177
1883000 177
1883010 177
1883020 177
1883030 177
1883040 177
1883050 177
1883060 177
1883070 177
1883080 176
1883090 177
1883100 177
1883110 177
1883120 177
1883130 177
1883140 177
1883150 178
1883160 178
1883170 178
1883180 178
1883190 178
1883200 177
1883210 177
1883220 177
1883230 177
1883240 177
1883250 177
1883260 177
1883270 176
1883280 176
1883290 176
1883300 177
1883310 177
1883320 177
1883330 177
1883340 177
1883350 178
1883360 178
1883370 178
1883380 178
1883390 179
1883400 179
1883410 179
1883420 179
1883430 179
1883440 180
1883450 180
1883460 180
1883470 180
1883480 180
1883490 180
1883500 180
1883510 180
1883520 180
1883530 180
1883540 180
1883550 180
1883560 180
1883570 180
1883580 180
1883590 180
1883600 180
1883610 180
1883620 180
1883630 180
1883640 180
1883650 180
1883660 180
1883670 180
1883680 180
1883690 180
1883700 180
1883710 180
1883720 181
1883730 181
1883740 181
1883750 181
1883760 181
1883770 181
1883780 181
1883790 182
1883800 182
1883810 182
1883820 182
1883830 182
1883840 182
1883850 182
1883860 182
1883870 182
1883880 182
1883890 182
1883900 182
1883910 182
1883920 182
1883930 183
1883940 183
1883950 183
1883960 182
1883970 182
1883980 183
1883990 183
1884000 183
1884010 183
1884020 183
1884030 183
1884040 183
1884050 183
1884060 183
1884070 183
1884080 184
1884090 184
1884100 184
1884110 184
1884120 184
1884130 184
1884140 185
1884150 185
1884160 185
1884170 185
1884180 185
1884190 186
1884200 186
1884210 186
1884220 186
1884230 187
1884240 187
1884250 187
1884260 187
1884270 187
1884280 188
1884290 188
1884300 188
1884310 188
1884320 189
1884330 189
1884340 189
1884350 189
1884360 189
1884370 189
1884380 190
1884390 190
1884400 190
1884410 190
1884420 190
1884430 190
1884440 191
1884450 191
1884460 191
1884470 191
1884480 191
1884490 191
1884500 192
1884510 192
1884520 192
1884530 192
1884540 192
1884550 192
1884560 193
1884570 193
1884580 193
1884590 194
1884600 194
1884610 194
1884620 194
1884630 194
1884640 194
1884650 195
1884660 195
1884670 195
1884680 195
1884690 195
1884700 195
1884710 196
1884720 196
1884730 196
1884740 196
1884750 197
1884760 197
1884770 197
1884780 198
1884790 198
1884800 198
1884810 199
1884820 199
1884830 199
1884840 199
1884850 199
1884860 200
1884870 200
1884880 200
1884890 201
1884900 202
1884910 202
1884920 202
1884930 202
1884940 202
1884950 203
1884960 202
1884970 202
1884980 203
1884990 203
1885000 203
1885010 204
1885020 204
1885030 204
1885040 205
1885050 205
1885060 205
1885070 205
1885080 206
1885090 206
1885100 206
1885110 206
1885120 206
1885130 207
1885140 207
1885150 207
1885160 208
1885170 208
1885180 208
1885190 209
1885200 209
1885210 209
1885220 209
1885230 210
1885240 210
1885250 211
1885260 211
1885270 211
1885280 211
1885290 211
1885300 211
1885310 213
1885320 213
1885330 213
1885340 213
1885350 213
1885360 213
1885370 214
1885380 214
1885390 214
1885400 214
1885410 215
1885420 215
1885430 216
1885440 216
1885450 216
1885460 217
1885470 217
1885480 217
1885490 218
1885500 218
1885510 218
1885520 219
1885530 219
1885540 219
1885550 220
1885560 220
1885570 220
1885580 221
1885590 221
1885600 221
1885610 222
1885620 223
1885630 223
1885640 223
1885650 224
1885660 224
1885670 225
1885680 225
1885690 225
1885700 225
1885710 226
1885720 226
1885730 227
1885740 227
1885750 227
1885760 227
1885770 228
1885780 228
1885790 228
1885800 229
1885810 229
1885820 229
1885830 230
1885840 230
1885850 230
1885860 230
1885870 230
1885880 231
1885890 231
1885900 231
1885910 231
1885920 232
1885930 232
1885940 232
1885950 232
1885960 232
1885970 233
1885980 233
1885990 233
1886000 233
1886010 233
1886020 233
1886030 234
1886040 234
1886050 234
1886060 235
1886070 235
1886080 235
1886090 235
1886100 235
1886110 235
1886120 235
1886130 235
1886140 235
1886150 235
1886160 235
1886170 235
1886180 235
1886190 235
1886200 235
1886210 235
1886220 235
1886230 235
1886240 235
1886250 235
1886260 235
1886270 235
1886280 236
1886290 236
1886300 236
1886310 236
1886320 236
1886330 237
1886340 238
1886350 238
1886360 239
1886370 239
1886380 240
1886390 241
1886400 241
1886410 241
1886420 242
1886430 242
1886440 242
1886450 242
1886460 243
1886470 243
1886480 243
1886490 243
1886500 243
1886510 243
1886520 243
1886530 243
1886540 243
1886550 242
1886560 242
1886570 242
1886580 242
1886590 242
1886600 242
1886610 242
1886620 242
1886630 242
1886640 242
1886650 242
1886660 242
1886670 242
1886680 242
1886690 243
1886700 244
1886710 244
1886720 245
1886730 245
1886740 245
1886750 246
1886760 246
1886770 246
1886780 247
1886790 247
1886800 247
1886810 247
1886820 247
1886830 247
1886840 247
1886850 247
1886860 247
1886870 247
1886880 248
1886890 248
1886900 248
1886910 248
1886920 248
1886930 248
1886940 248
1886950 248
1886960 248
1886970 248
1886980 248
1886990 248
1887000 248
1887010 248
1887020 249
1887030 249
1887040 249
1887050 249
1887060 249
1887070 249
1887080 249
1887090 250
1887100 250
1887110 250
1887120 250
1887130 250
1887140 250
1887150 251
1887160 251
1887170 251
1887180 251
1887190 252
1887200 252
1887210 252
1887220 252
1887230 252
1887240 252
1887250 253
1887260 253
1887270 253
1887280 253
1887290 253
1887300 253
1887310 254
1887320 254
1887330 254
1887340 254
1887350 254
1887360 254
1887370 254
1887380 254
1887390 254
1887400 254
1887410 254
1887420 254
1887430 254
1887440 254
1887450 254
1887460 254
1887470 254
1887480 254
1887490 254
1887500 254
1887510 254
1887520 254
1887530 254
1887540 254
1887550 255
1887560 255
1887570 255
1887580 255
1887590 255
1887600 255
1887610 255
1887620 255
1887630 255
1887640 255
1887650 255
1887660 256
1887670 256
1887680 256
1887690 257
1887700 257
1887710 257
1887720 257
1887730 257
1887740 257
1887750 258
1887760 258
1887770 258
1887780 259
1887790 259
1887800 259
1887810 259
1887820 260
1887830 260
1887840 261
1887850 261
1887860 261
1887870 262
1887880 263
1887890 263
1887900 264
1887910 265
1887920 265
1887930 266
1887940 267
1887950 267
1887960 267
1887970 268
1887980 268
1887990 269
1888000 269
1888010 269
1888020 269
1888030 270
1888040 270
1888050 270
1888060 270
1888070 270
1888080 270
1888090 270
1888100 270
1888110 270
1888120 271
1888130 271
1888140 271
1888150 271
1888160 271
1888170 272
1888180 272
1888190 272
1888200 273
1888210 273
1888220 273
1888230 274
1888240 274
1888250 274
1888260 275
1888270 275
1888280 275
1888290 276
1888300 276
1888310 277
1888320 277
1888330 278
1888340 278
1888350 278
1888360 279
1888370 279
1888380 279
1888390 280
1888400 280
1888410 280
1888420 281
1888430 281
1888440 281
1888450 282
1888460 282
1888470 283
1888480 283
1888490 283
1888500 284
1888510 284
1888520 284
1888530 285
1888540 286
1888550 286
1888560 286
1888570 287
1888580 287
1888590 288
1888600 288
1888610 288
1888620 289
1888630 290
1888640 290
1888650 291
1888660 292
1888670 292
1888680 292
1888690 293
1888700 293
1888710 294
1888720 295
1888730 295
1888740 296
1888750 297
1888760 297
1888770 297
1888780 298
1888790 298
1888800 299
1888810 300
1888820 300
1888830 301
1888840 302
1888850 302
1888860 303
1888870 304
1888880 304
1888890 305
1888900 306
1888910 306
1888920 307
1888930 308
1888940 308
1888950 310
1888960 311
1888970 311
1888980 312
1888990 313
1889000 313
1889010 314
1889020 316
1889030 316
1889040 317
1889050 319
1889060 319
1889070 320
1889080 321
1889090 321
1889100 322
1889110 323
1889120 323
1889130 324
1889140 325
1889150 325
1889160 325
1889170 326
1889180 326
1889190 327
1889200 327
1889210 327
1889220 328
1889230 328
1889240 328
1889250 328
1889260 327
1889270 327
1889280 326
1889290 325
1889300 325
1889310 324
1889320 322
1889330 322
1889340 320
1889350 319
1889360 319
1889370 317
1889380 314
1889390 314
1889400 313
1889410 311
1889420 311
1889430 310
1889440 309
1889450 309
1889460 307
1889470 306
1889480 306
1889490 305
1889500 303
1889510 303
1889520 302
1889530 300
1889540 300
1889550 299
1889560 297
1889570 296
1889580 296
1889590 295
1889600 293
1889610 293
1889620 292
1889630 291
1889640 291
1889650 289
1889660 288
1889670 288
1889680 287
1889690 286
1889700 286
1889710 286
1889720 286
1889730 286
1889740 285
1889750 285
1889760 285
1889770 285
1889780 284
1889790 284
1889800 284
1889810 283
1889820 283
1889830 283
1889840 282
1889850 282
1889860 282
1889870 281
1889880 281
1889890 280
1889900 280
1889910 280
1889920 279
1889930 278
1889940 278
1889950 278
1889960 277
1889970 277
1889980 276
1889990 276
1890000 276
1890010 275
1890020 274
1890030 274
1890040 273
1890050 272
1890060 272
1890070 271
1890080 270
1890090 270
1890100 270
1890110 269
1890120 269
1890130 268
1890140 268
1890150 268
1890160 267
1890170 266
1890180 266
1890190 266
1890200 266
1890210 266
1890220 265
1890230 266
1890240 266
1890250 267
1890260 267
1890270 267
1890280 267
1890290 267
1890300 267
1890310 267
1890320 266
1890330 266
1890340 266
1890350 265
1890360 265
1890370 265
1890380 264
1890390 264
1890400 264
1890410 263
1890420 263
1890430 263
1890440 262
1890450 262
1890460 262
1890470 261
1890480 261
1890490 260
1890500 260
1890510 260
1890520 259
1890530 259
1890540 260
1890550 259
1890560 259
1890570 259
1890580 258
1890590 258
1890600 258
1890610 257
1890620 257
1890630 257
1890640 256
1890650 256
1890660 256
1890670 255
1890680 255
1890690 255
1890700 254
1890710 254
1890720 254
1890730 253
1890740 253
1890750 253
1890760 253
1890770 252
1890780 252
1890790 252
1890800 252
1890810 252
1890820 252
1890830 252
1890840 252
1890850 251
1890860 251
1890870 251
1890880 251
1890890 251
1890900 251
1890910 251
1890920 251
1890930 251
1890940 250
1890950 250
1890960 250
1890970 250
1890980 250
1890990 250
1891000 250
1891010 249
1891020 249
1891030 249
1891040 249
1891050 249
1891060 248
1891070 248
1891080 248
1891090 247
1891100 247
1891110 247
1891120 246
1891130 245
1891140 245
1891150 244
1891160 243
1891170 243
1891180 242
1891190 240
1891200 240
1891210 238
1891220 237
1891230 237
1891240 235
1891250 231
1891260 231
1891270 233
1891280 237
1891290 237
1891300 240
1891310 243
1891320 243
1891330 246
1891340 249
1891350 249
1891360 252
1891370 255
1891380 255
1891390 258
1891400 261
1891410 261
1891420 263
1891430 264
1891440 264
1891450 265
1891460 265
1891470 265
1891480 265
1891490 265
1891500 265
1891510 264
1891520 264
1891530 264
1891540 264
1891550 263
1891560 263
1891570 263
1891580 263
1891590 263
1891600 262
1891610 262
1891620 262
1891630 261
1891640 261
1891650 261
1891660 260
1891670 260
1891680 260
1891690 259
1891700 258
1891710 258
1891720 257
1891730 256
1891740 256
1891750 256
1891760 255
1891770 255
1891780 253
1891790 252
1891800 252
1891810 251
1891820 249
1891830 249
1891840 245
1891850 240
1891860 240
1891870 236
1891880 231
1891890 231
1891900 227
1891910 229
1891920 229
1891930 233
1891940 238
1891950 238
1891960 243
1891970 247
1891980 247
1891990 249
1892000 251
1892010 251
1892020 252
1892030 253
1892040 253
1892050 253
1892060 254
1892070 254
1892080 254
1892090 255
1892100 255
1892110 255
1892120 255
1892130 255
1892140 254
1892150 254
1892160 254
1892170 254
1892180 254
1892190 254
1892200 254
1892210 254
1892220 254
1892230 254
1892240 253
1892250 253
1892260 253
1892270 253
1892280 253
1892290 253
1892300 253
1892310 253
1892320 253
1892330 253
1892340 254
1892350 254
1892360 254
1892370 254
1892380 254
1892390 254
1892400 254
1892410 254
1892420 254
1892430 254
1892440 254
1892450 254
1892460 254
1892470 254
1892480 254
1892490 254
1892500 254
1892510 254
1892520 254
1892530 254
1892540 254
1892550 253
1892560 253
1892570 253
1892580 252
1892590 252
1892600 251
1892610 249
1892620 249
1892630 248
1892640 245
1892650 245
1892660 243
1892670 240
1892680 240
1892690 236
1892700 232
1892710 232
1892720 233
1892730 235
1892740 235
1892750 235
1892760 235
1892770 231
1892780 232
1892790 232
1892800 232
1892810 231
1892820 230
1892830 230
1892840 228
1892850 227
1892860 227
1892870 225
1892880 225
1892890 225
1892900 224
1892910 222
1892920 222
1892930 219
1892940 218
1892950 218
1892960 217
1892970 216
1892980 216
1892990 215
1893000 217
1893010 217
1893020 219
1893030 221
1893040 221
1893050 223
1893060 224
1893070 224
1893080 224
1893090 222
1893100 222
1893110 222
1893120 222
1893130 222
1893140 222
1893150 222
1893160 222
1893170 222
1893180 221
1893190 221
1893200 220
1893210 220
1893220 220
1893230 219
1893240 219
1893250 219
1893260 218
1893270 217
1893280 217
1893290 216
1893300 214
1893310 214
1893320 213
1893330 213
1893340 213
1893350 215
1893360 215
1893370 215
1893380 215
1893390 214
1893400 212
1893410 212
1893420 213
1893430 213
1893440 215
1893450 217
1893460 217
1893470 219
1893480 220
1893490 220
1893500 221
1893510 223
1893520 223
1893530 226
1893540 229
1893550 229
1893560 231
1893570 233
1893580 233
1893590 235
1893600 237
1893610 237
1893620 238
1893630 239
1893640 239
1893650 241
1893660 242
1893670 242
1893680 243
1893690 244
1893700 244
1893710 246
1893720 246
1893730 246
1893740 247
1893750 248
1893760 248
1893770 248
1893780 247
1893790 247
1893800 246
1893810 244
1893820 244
1893830 245
1893840 247
1893850 247
1893860 250
1893870 252
1893880 252
1893890 254
1893900 257
1893910 257
1893920 260
1893930 263
1893940 263
1893950 265
1893960 268
1893970 268
1893980 270
1893990 272
1894000 272
1894010 275
1894020 277
1894030 277
1894040 282
1894050 284
1894060 284
1894070 286
1894080 288
1894090 288
1894100 289
1894110 291
1894120 291
1894130 293
1894140 294
1894150 294
1894160 294
1894170 293
1894180 293
1894190 290
1894200 287
1894210 287
1894220 283
1894230 279
1894240 279
1894250 275
1894260 270
1894270 270
1894280 266
1894290 262
1894300 262
1894310 259
1894320 257
1894330 257
1894340 254
1894350 251
1894360 251
1894370 250
1894380 252
1894390 252
1894400 253
1894410 255
1894420 255
1894430 258
1894440 261
1894450 261
1894460 266
1894470 271
1894480 271
1894490 275
1894500 280
1894510 280
1894520 284
1894530 288
1894540 288
1894550 291
1894560 295
1894570 295
1894580 298
1894590 300
1894600 300
1894610 302
1894620 303
1894630 303
1894640 304
1894650 304
1894660 304
1894670 301
1894680 300
1894690 300
1894700 300
1894710 301
1894720 301
1894730 301
1894740 303
1894750 303
1894760 306
1894770 310
1894780 310
1894790 313
1894800 316
1894810 319
1894820 319
1894830 321
1894840 323
1894850 323
1894860 325
1894870 327
1894880 327
1894890 330
1894900 332
1894910 332
1894920 335
1894930 336
1894940 336
1894950 337
1894960 336
1894970 336
1894980 331
1894990 328
1895000 328
1895010 325
1895020 322
1895030 322
1895040 320
1895050 318
1895060 318
1895070 317
1895080 315
1895090 315
1895100 315
1895110 315
1895120 315
1895130 316
1895140 317
1895150 317
1895160 316
1895170 314
1895180 314
1895190 313
1895200 312
1895210 312
1895220 311
1895230 310
1895240 310
1895250 308
1895260 306
1895270 306
1895280 305
1895290 305
1895300 301
1895310 302
1895320 303
1895330 303
1895340 305
1895350 305
1895360 305
1895370 305
1895380 304
1895390 304
1895400 304
1895410 303
1895420 303
1895430 302
1895440 301
1895450 301
1895460 300
1895470 299
1895480 299
1895490 298
1895500 296
1895510 296
1895520 294
1895530 291
1895540 291
1895550 289
1895560 285
1895570 285
1895580 282
1895590 278
1895600 278
1895610 275
1895620 271
1895630 271
1895640 267
1895650 264
1895660 264
1895670 260
1895680 257
1895690 257
1895700 253
1895710 250
1895720 250
1895730 247
1895740 243
1895750 243
1895760 240
1895770 237
1895780 237
1895790 235
1895800 234
1895810 234
1895820 235
1895830 235
1895840 235
1895850 236
1895860 236
1895870 236
1895880 235
1895890 234
1895900 234
1895910 232
1895920 229
1895930 228
1895940 225
1895950 222
1895960 222
1895970 220
1895980 217
1895990 217
1896000 214
1896010 211
1896020 211
1896030 208
1896040 204
1896050 204
1896060 200
1896070 197
1896080 197
1896090 193
1896100 190
1896110 190
1896120 186
1896130 183
1896140 183
1896150 180
1896160 177
1896170 177
1896180 174
1896190 172
1896200 172
1896210 169
1896220 166
1896230 166
1896240 161
1896250 156
1896260 156
1896270 151
1896280 146
1896290 146
1896300 141
1896310 139
1896320 139
1896330 139
1896340 138
1896350 138
1896360 138
1896370 137
1896380 137
1896390 137
1896400 137
1896410 137
1896420 137
1896430 137
1896440 137
1896450 137
1896460 137
1896470 137
1896480 137
1896490 137
1896500 137
1896510 137
1896520 137
1896530 137
1896540 137
1896550 137
1896560 137
1896570 137
1896580 137
1896590 137
1896600 137
1896610 137
1896620 137
1896630 138
1896640 138
1896650 138
1896660 138
1896670 137
1896680 137
1896690 137
1896700 137
1896710 137
1896720 137
1896730 137
1896740 137
1896750 136
1896760 136
1896770 136
1896780 137
1896790 137
1896800 137
1896810 137
1896820 137
1896830 137
1896840 138
1896850 138
1896860 138
1896870 138
1896880 138
1896890 138
1896900 138
1896910 137
1896920 137
1896930 137
1896940 137
1896950 137
1896960 137
1896970 137
1896980 137
1896990 137
1897000 137
1897010 137
1897020 137
1897030 137
1897040 137
1897050 137
1897060 137
1897070 137
1897080 137
1897090 137
1897100 137
1897110 137
1897120 137
1897130 137
1897140 137
1897150 137
1897160 137
1897170 137
1897180 137
1897190 137
1897200 137
1897210 137
1897220 137
1897230 137
1897240 137
1897250 137
1897260 137
1897270 137
1897280 137
1897290 137
1897300 137
1897310 137
1897320 137
1897330 137
1897340 137
1897350 137
1897360 137
1897370 137
1897380 137
1897390 137
1897400 137
1897410 137
1897420 137
1897430 137
1897440 137
1897450 137
1897460 137
1897470 137
1897480 137
1897490 137
1897500 137
1897510 137
1897520 136
1897530 136
1897540 136
1897550 136
1897560 136
1897570 136
1897580 136
1897590 136
1897600 137
1897610 137
1897620 137
1897630 137
1897640 137
1897650 137
1897660 137
1897670 137
1897680 137
1897690 137
1897700 137
1897710 137
1897720 137
1897730 137
1897740 137
1897750 137
1897760 137
1897770 137
1897780 137
1897790 137
1897800 137
1897810 137
1897820 137
1897830 137
1897840 137
1897850 137
1897860 137
1897870 137
1897880 137
1897890 137
1897900 137
1897910 137
1897920 137
1897930 137
1897940 137
1897950 137
1897960 137
1897970 137
1897980 137
1897990 137
1898000 136
1898010 136
1898020 137
1898030 137
1898040 137
1898050 137
1898060 137
1898070 137
1898080 137
1898090 137
1898100 137
1898110 137
1898120 137
1898130 137
1898140 137
1898150 137
1898160 137
1898170 137
1898180 137
1898190 137
1898200 137
1898210 137
1898220 137
1898230 137
1898240 137
1898250 137
1898260 137
1898270 137
1898280 137
1898290 137
1898300 137
1898310 137
1898320 137
1898330 137
1898340 137
1898350 137
1898360 137
1898370 137
1898380 137
1898390 137
1898400 137
1898410 137
1898420 137
1898430 137
1898440 137
1898450 137
1898460 137
1898470 137
1898480 137
1898490 137
1898500 137
1898510 137
1898520 137
1898530 137
1898540 137
1898550 137
1898560 137
1898570 137
1898580 137
1898590 137
1898600 137
1898610 137
1898620 137
1898630 137
1898640 137
1898650 137
1898660 137
1898670 137
1898680 137
1898690 137
1898700 137
1898710 137
1898720 137
1898730 137
1898740 137
1898750 136
1898760 136
1898770 136
1898780 136
1898790 136
1898800 137
1898810 137
1898820 137
1898830 137
1898840 137
1898850 137
1898860 137
1898870 137
1898880 137
1898890 137
1898900 137
1898910 137
1898920 137
1898930 137
1898940 137
1898950 137
1898960 137
1898970 137
1898980 136
1898990 136
1899000 136
1899010 136
1899020 136
1899030 136
1899040 136
1899050 136
1899060 136
1899070 136
1899080 136
1899090 136
1899100 137
1899110 137
1899120 137
1899130 137
1899140 137
1899150 137
1899160 137
1899170 136
1899180 136
1899190 136
1899200 136
1899210 136
1899220 136
1899230 136
1899240 136
1899250 136
1899260 136
1899270 136
1899280 136
1899290 136
1899300 136
1899310 136
1899320 137
1899330 137
1899340 137
1899350 137
1899360 137
1899370 137
1899380 137
1899390 137
1899400 137
1899410 136
1899420 136
1899430 136
1899440 136
1899450 136
1899460 136
1899470 136
1899480 136
1899490 137
1899500 137
1899510 137
1899520 137
1899530 136
1899540 136
1899550 136
1899560 136
1899570 136
1899580 136
1899590 136
1899600 136
1899610 136
1899620 137
1899630 137
1899640 137
1899650 137
1899660 137
1899670 137
1899680 137
1899690 137
1899700 137
1899710 137
1899720 137
1899730 137
1899740 137
1899750 137
1899760 137
1899770 137
1899780 137
1899790 137
1899800 137
1899810 137
1899820 137
1899830 137
1899840 137
1899850 137
1899860 137
1899870 137
1899880 137
1899890 137
1899900 137
1899910 137
1899920 137
1899930 137
1899940 137
1899950 137
1899960 137
1899970 137
1899980 137
1899990 137
