1880000 181
1880010 181
1880020 180
1880030 180
1880040 180
1880050 180
1880060 180
1880070 180
1880080 180
1880090 181
1880100 181
1880110 182
1880120 182
1880130 182
1880140 182
1880150 181
1880160 181
1880170 181
1880180 180
1880190 180
1880200 181
1880210 181
1880220 181
1880230 181
1880240 181
1880250 181
1880260 181
1880270 181
1880280 181
1880290 181
1880300 181
1880310 181
1880320 181
1880330 181
1880340 181
1880350 181
1880360 181
1880370 181
1880380 181
1880390 181
1880400 181
1880410 181
1880420 181
1880430 181
1880440 180
1880450 180
1880460 180
1880470 180
1880480 180
1880490 180
1880500 180
1880510 179
1880520 179
1880530 179
1880540 179
1880550 179
1880560 179
1880570 179
1880580 178
1880590 178
1880600 178
1880610 178
1880620 178
1880630 177
1880640 177
1880650 177
1880660 177
1880670 177
1880680 177
1880690 177
1880700 176
1880710 176
1880720 176
1880730 175
1880740 175
1880750 175
1880760 175
1880770 175
1880780 174
1880790 174
1880800 174
1880810 174
1880820 174
1880830 174
1880840 173
1880850 173
1880860 173
1880870 172
1880880 172
1880890 172
1880900 171
1880910 171
1880920 171
1880930 171
1880940 170
1880950 170
1880960 170
1880970 170
1880980 170
1880990 170
1881000 169
1881010 169
1881020 169
1881030 169
1881040 169
1881050 169
1881060 168
1881070 168
1881080 168
1881090 168
1881100 168
1881110 168
1881120 167
1881130 167
1881140 167
1881150 167
1881160 167
1881170 167
1881180 166
1881190 166
1881200 166
1881210 165
1881220 165
1881230 166
1881240 167
1881250 167
1881260 166
1881270 164
1881280 164
1881290 164
1881300 164
1881310 164
1881320 163
1881330 163
1881340 163
1881350 163
1881360 163
1881370 163
1881380 162
1881390 161
1881400 161
1881410 161
1881420 160
1881430 160
1881440 160
1881450 159
1881460 159
1881470 159
1881480 159
1881490 159
1881500 158
1881510 158
1881520 158
1881530 158
1881540 158
1881550 158
1881560 158
1881570 158
1881580 158
1881590 158
1881600 158
1881610 158
1881620 158
1881630 158
1881640 158
1881650 158
1881660 158
1881670 158
1881680 158
1881690 158
1881700 158
1881710 158
1881720 158
1881730 158
1881740 158
1881750 158
1881760 158
1881770 159
1881780 159
1881790 159
1881800 159
1881810 159
1881820 159
1881830 160
1881840 160
1881850 160
1881860 161
1881870 161
1881880 161
1881890 162
1881900 162
1881910 162
1881920 163
1881930 164
1881940 164
1881950 165
1881960 166
1881970 166
1881980 167
1881990 168
1882000 168
1882010 168
1882020 169
1882030 169
1882040 170
1882050 170
1882060 170
1882070 171
1882080 171
1882090 171
1882100 171
1882110 171
1882120 171
1882130 171
1882140 171
1882150 171
1882160 171
1882170 171
1882180 171
1882190 171
1882200 171
1882210 171
1882220 171
1882230 171
1882240 171
1882250 171
1882260 171
1882270 171
1882280 171
1882290 171
1882300 172
1882310 172
1882320 172
1882330 172
1882340 172
1882350 172
1882360 172
1882370 172
1882380 172
1882390 172
1882400 172
1882410 172
1882420 172
1882430 172
1882440 172
1882450 172
1882460 172
1882470 173
1882480 173
1882490 173
1882500 173
1882510 173
1882520 174
1882530 174
1882540 174
1882550 175
1882560 176
1882570 176
1882580 176
1882590 177
1882600 177
1882610 178
1882620 178
1882630 178
1882640 179
1882650 179
1882660 179
1882670 180
1882680 181
1882690 181
1882700 181
1882710 182
1882720 182
1882730 182
1882740 182
1882750 182
1882760 182
1882770 182
1882780 182
1882790 183
1882800 183
1882810 183
1882820 183
1882830 183
1882840 183
1882850 183
1882860 183
1882870 183
1882880 183
1882890 183
1882900 183
1882910 184
1882920 184
1882930 184
1882940 184
1882950 184
1882960 184
1882970 184
1882980 184
1882990 184
1883000 184
1883010 184
1883020 184
1883030 184
1883040 184
1883050 184
1883060 185
1883070 185
1883080 185
1883090 184
1883100 184
1883110 184
1883120 184
1883130 184
1883140 184
1883150 185
1883160 185
1883170 185
1883180 185
1883190 185
1883200 185
1883210 185
1883220 185
1883230 185
1883240 185
1883250 185
1883260 185
1883270 186
1883280 186
1883290 186
1883300 186
1883310 186
1883320 186
1883330 186
1883340 186
1883350 187
1883360 187
1883370 187
1883380 188
1883390 188
1883400 188
1883410 188
1883420 188
1883430 188
1883440 188
1883450 188
1883460 188
1883470 189
1883480 189
1883490 189
1883500 189
1883510 189
1883520 189
1883530 190
1883540 190
1883550 190
1883560 190
1883570 190
1883580 190
1883590 191
1883600 191
1883610 191
1883620 191
1883630 191
1883640 192
1883650 192
1883660 192
1883670 192
1883680 192
1883690 192
1883700 193
1883710 193
1883720 193
1883730 193
1883740 193
1883750 193
1883760 193
1883770 194
1883780 194
1883790 194
1883800 194
1883810 194
1883820 195
1883830 195
1883840 195
1883850 195
1883860 195
1883870 195
1883880 196
1883890 196
1883900 196
1883910 196
1883920 196
1883930 196
1883940 197
1883950 197
1883960 197
1883970 197
1883980 197
1883990 197
1884000 198
1884010 198
1884020 198
1884030 198
1884040 198
1884050 198
1884060 198
1884070 199
1884080 199
1884090 199
1884100 199
1884110 199
1884120 199
1884130 199
1884140 199
1884150 200
1884160 200
1884170 200
1884180 200
1884190 200
1884200 200
1884210 201
1884220 201
1884230 201
1884240 201
1884250 202
1884260 202
1884270 202
1884280 202
1884290 202
1884300 203
1884310 203
1884320 203
1884330 204
1884340 205
1884350 205
1884360 206
1884370 206
1884380 206
1884390 207
1884400 208
1884410 208
1884420 209
1884430 210
1884440 210
1884450 210
1884460 210
1884470 210
1884480 210
1884490 210
1884500 210
1884510 210
1884520 211
1884530 211
1884540 212
1884550 212
1884560 212
1884570 214
1884580 215
1884590 215
1884600 215
1884610 216
1884620 216
1884630 216
1884640 217
1884650 217
1884660 219
1884670 220
1884680 220
1884690 222
1884700 224
1884710 224
1884720 226
1884730 230
1884740 230
1884750 234
1884760 240
1884770 240
1884780 245
1884790 249
1884800 249
1884810 253
1884820 257
1884830 257
1884840 260
1884850 263
1884860 263
1884870 266
1884880 268
1884890 271
1884900 272
1884910 272
1884920 272
1884930 273
1884940 273
1884950 273
1884960 272
1884970 271
1884980 271
1884990 270
1885000 268
1885010 268
1885020 264
1885030 261
1885040 261
1885050 260
1885060 256
1885070 256
1885080 253
1885090 251
1885100 251
1885110 250
1885120 253
1885130 253
1885140 256
1885150 257
1885160 257
1885170 255
1885180 254
1885190 254
1885200 255
1885210 257
1885220 265
1885230 265
1885240 266
1885250 266
1885260 265
1885270 257
1885280 257
1885290 254
1885300 260
1885310 260
1885320 266
1885330 271
1885340 271
1885350 273
1885360 273
1885370 273
1885380 273
1885390 274
1885400 274
1885410 274
1885420 273
1885430 273
1885440 270
1885450 268
1885460 268
1885470 265
1885480 262
1885490 262
1885500 259
1885510 257
1885520 257
1885530 256
1885540 258
1885550 258
1885560 255
1885570 254
1885580 254
1885590 253
1885600 252
1885610 252
1885620 251
1885630 251
1885640 251
1885650 251
1885660 251
1885670 251
1885680 252
1885690 252
1885700 252
1885710 252
1885720 253
1885730 253
1885740 253
1885750 253
1885760 253
1885770 253
1885780 253
1885790 253
1885800 253
1885810 253
1885820 253
1885830 254
1885840 254
1885850 254
1885860 255
1885870 255
1885880 255
1885890 255
1885900 256
1885910 254
1885920 254
1885930 254
1885940 254
1885950 254
1885960 254
1885970 254
1885980 254
1885990 254
1886000 255
1886010 255
1886020 254
1886030 253
1886040 253
1886050 253
1886060 254
1886070 254
1886080 254
1886090 254
1886100 254
1886110 256
1886120 256
1886130 256
1886140 256
1886150 256
1886160 256
1886170 256
1886180 256
1886190 256
1886200 256
1886210 256
1886220 256
1886230 256
1886240 257
1886250 257
1886260 257
1886270 257
1886280 257
1886290 258
1886300 257
1886310 257
1886320 257
1886330 260
1886340 260
1886350 261
1886360 262
1886370 262
1886380 262
1886390 262
1886400 262
1886410 262
1886420 261
1886430 261
1886440 261
1886450 261
1886460 261
1886470 261
1886480 261
1886490 261
1886500 261
1886510 262
1886520 262
1886530 262
1886540 262
1886550 262
1886560 262
1886570 262
1886580 262
1886590 263
1886600 263
1886610 263
1886620 264
1886630 264
1886640 264
1886650 264
1886660 265
1886670 265
1886680 265
1886690 266
1886700 266
1886710 266
1886720 267
1886730 267
1886740 267
1886750 268
1886760 268
1886770 268
1886780 268
1886790 268
1886800 268
1886810 268
1886820 268
1886830 269
1886840 269
1886850 269
1886860 269
1886870 269
1886880 269
1886890 269
1886900 269
1886910 269
1886920 269
1886930 269
1886940 269
1886950 269
1886960 270
1886970 270
1886980 270
1886990 270
1887000 270
1887010 271
1887020 271
1887030 271
1887040 271
1887050 271
1887060 271
1887070 271
1887080 271
1887090 271
1887100 271
1887110 271
1887120 271
1887130 271
1887140 271
1887150 271
1887160 271
1887170 271
1887180 271
1887190 272
1887200 272
1887210 272
1887220 273
1887230 273
1887240 273
1887250 273
1887260 274
1887270 274
1887280 274
1887290 274
1887300 274
1887310 274
1887320 274
1887330 274
1887340 274
1887350 275
1887360 275
1887370 276
1887380 276
1887390 276
1887400 277
1887410 277
1887420 277
1887430 278
1887440 279
1887450 279
1887460 279
1887470 281
1887480 281
1887490 281
1887500 282
1887510 282
1887520 282
1887530 283
1887540 283
1887550 284
1887560 284
1887570 284
1887580 285
1887590 286
1887600 286
1887610 287
1887620 287
1887630 287
1887640 288
1887650 288
1887660 288
1887670 288
1887680 288
1887690 288
1887700 289
1887710 288
1887720 288
1887730 288
1887740 288
1887750 288
1887760 288
1887770 287
1887780 287
1887790 288
1887800 287
1887810 287
1887820 287
1887830 287
1887840 287
1887850 287
1887860 286
1887870 286
1887880 286
1887890 286
1887900 286
1887910 285
1887920 285
1887930 285
1887940 284
1887950 283
1887960 283
1887970 283
1887980 282
1887990 282
1888000 281
1888010 279
1888020 279
1888030 277
1888040 276
1888050 276
1888060 274
1888070 271
1888080 271
1888090 269
1888100 268
1888110 266
1888120 264
1888130 262
1888140 262
1888150 261
1888160 261
1888170 261
1888180 263
1888190 264
1888200 264
1888210 264
1888220 265
1888230 265
1888240 266
1888250 266
1888260 266
1888270 267
1888280 268
1888290 268
1888300 269
1888310 270
1888320 270
1888330 271
1888340 272
1888350 272
1888360 272
1888370 273
1888380 273
1888390 274
1888400 274
1888410 274
1888420 275
1888430 276
1888440 276
1888450 276
1888460 277
1888470 277
1888480 277
1888490 278
1888500 278
1888510 278
1888520 279
1888530 279
1888540 279
1888550 279
1888560 279
1888570 280
1888580 280
1888590 280
1888600 281
1888610 282
1888620 282
1888630 282
1888640 283
1888650 284
1888660 284
1888670 285
1888680 286
1888690 286
1888700 286
1888710 287
1888720 287
1888730 288
1888740 289
1888750 290
1888760 291
1888770 292
1888780 292
1888790 293
1888800 294
1888810 294
1888820 295
1888830 296
1888840 296
1888850 297
1888860 297
1888870 297
1888880 298
1888890 300
1888900 300
1888910 300
1888920 302
1888930 302
1888940 303
1888950 304
1888960 304
1888970 304
1888980 305
1888990 305
1889000 305
1889010 305
1889020 305
1889030 305
1889040 305
1889050 305
1889060 304
1889070 304
1889080 304
1889090 303
1889100 303
1889110 303
1889120 302
1889130 302
1889140 302
1889150 302
1889160 301
1889170 301
1889180 301
1889190 301
1889200 301
1889210 301
1889220 300
1889230 300
1889240 300
1889250 300
1889260 300
1889270 299
1889280 299
1889290 299
1889300 298
1889310 298
1889320 298
1889330 297
1889340 297
1889350 297
1889360 296
1889370 296
1889380 296
1889390 297
1889400 297
1889410 297
1889420 296
1889430 296
1889440 296
1889450 295
1889460 295
1889470 295
1889480 294
1889490 294
1889500 294
1889510 293
1889520 292
1889530 292
1889540 291
1889550 291
1889560 291
1889570 290
1889580 289
1889590 289
1889600 288
1889610 287
1889620 287
1889630 286
1889640 286
1889650 286
1889660 285
1889670 284
1889680 284
1889690 283
1889700 282
1889710 282
1889720 281
1889730 280
1889740 280
1889750 280
1889760 279
1889770 279
1889780 278
1889790 277
1889800 277
1889810 276
1889820 276
1889830 276
1889840 275
1889850 274
1889860 274
1889870 273
1889880 273
1889890 273
1889900 272
1889910 271
1889920 271
1889930 270
1889940 270
1889950 270
1889960 269
1889970 268
1889980 268
1889990 267
1890000 266
1890010 266
1890020 265
1890030 262
1890040 262
1890050 260
1890060 259
1890070 259
1890080 258
1890090 258
1890100 258
1890110 258
1890120 259
1890130 259
1890140 261
1890150 264
1890160 264
1890170 267
1890180 269
1890190 269
1890200 270
1890210 271
1890220 271
1890230 271
1890240 272
1890250 272
1890260 272
1890270 272
1890280 272
1890290 272
1890300 271
1890310 271
1890320 271
1890330 270
1890340 270
1890350 267
1890360 266
1890370 266
1890380 265
1890390 264
1890400 264
1890410 262
1890420 261
1890430 261
1890440 259
1890450 257
1890460 257
1890470 255
1890480 253
1890490 253
1890500 252
1890510 251
1890520 251
1890530 250
1890540 249
1890550 249
1890560 249
1890570 248
1890580 248
1890590 247
1890600 247
1890610 247
1890620 249
1890630 250
1890640 250
1890650 251
1890660 252
1890670 249
1890680 249
1890690 249
1890700 249
1890710 248
1890720 246
1890730 246
1890740 245
1890750 243
1890760 243
1890770 242
1890780 240
1890790 240
1890800 238
1890810 235
1890820 235
1890830 233
1890840 232
1890850 232
1890860 233
1890870 233
1890880 233
1890890 232
1890900 234
1890910 234
1890920 238
1890930 241
1890940 241
1890950 241
1890960 241
1890970 241
1890980 241
1890990 238
1891000 238
1891010 237
1891020 235
1891030 235
1891040 231
1891050 226
1891060 226
1891070 221
1891080 216
1891090 216
1891100 215
1891110 215
1891120 215
1891130 215
1891140 217
1891150 217
1891160 219
1891170 221
1891180 221
1891190 224
1891200 227
1891210 227
1891220 231
1891230 234
1891240 234
1891250 235
1891260 235
1891270 235
1891280 237
1891290 238
1891300 238
1891310 235
1891320 235
1891330 235
1891340 235
1891350 237
1891360 237
1891370 239
1891380 241
1891390 241
1891400 242
1891410 244
1891420 244
1891430 246
1891440 248
1891450 249
1891460 249
1891470 249
1891480 248
1891490 248
1891500 247
1891510 246
1891520 246
1891530 245
1891540 245
1891550 245
1891560 244
1891570 242
1891580 242
1891590 239
1891600 237
1891610 237
1891620 236
1891630 230
1891640 230
1891650 229
1891660 230
1891670 230
1891680 232
1891690 233
1891700 233
1891710 233
1891720 232
1891730 232
1891740 231
1891750 230
1891760 230
1891770 229
1891780 229
1891790 229
1891800 228
1891810 227
1891820 227
1891830 226
1891840 225
1891850 225
1891860 223
1891870 221
1891880 221
1891890 219
1891900 216
1891910 216
1891920 211
1891930 205
1891940 207
1891950 202
1891960 199
1891970 199
1891980 199
1891990 198
1892000 198
1892010 198
1892020 198
1892030 198
1892040 197
1892050 197
1892060 197
1892070 196
1892080 196
1892090 196
1892100 195
1892110 195
1892120 195
1892130 194
1892140 194
1892150 194
1892160 194
1892170 194
1892180 194
1892190 194
1892200 193
1892210 193
1892220 193
1892230 193
1892240 193
1892250 194
1892260 195
1892270 195
1892280 195
1892290 195
1892300 195
1892310 195
1892320 195
1892330 195
1892340 195
1892350 195
1892360 195
1892370 195
1892380 195
1892390 195
1892400 195
1892410 194
1892420 194
1892430 194
1892440 193
1892450 193
1892460 193
1892470 192
1892480 192
1892490 192
1892500 191
1892510 191
1892520 190
1892530 190
1892540 190
1892550 189
1892560 188
1892570 188
1892580 185
1892590 184
1892600 184
1892610 183
1892620 183
1892630 183
1892640 182
1892650 182
1892660 182
1892670 181
1892680 182
1892690 182
1892700 182
1892710 182
1892720 182
1892730 182
1892740 182
1892750 182
1892760 182
1892770 182
1892780 182
1892790 183
1892800 185
1892810 185
1892820 186
1892830 188
1892840 188
1892850 190
1892860 192
1892870 192
1892880 194
1892890 196
1892900 196
1892910 199
1892920 201
1892930 201
1892940 204
1892950 207
1892960 207
1892970 209
1892980 211
1892990 211
1893000 213
1893010 215
1893020 215
1893030 216
1893040 218
1893050 218
1893060 219
1893070 220
1893080 220
1893090 220
1893100 221
1893110 221
1893120 222
1893130 222
1893140 222
1893150 222
1893160 223
1893170 223
1893180 223
1893190 223
1893200 223
1893210 222
1893220 223
1893230 223
1893240 223
1893250 223
1893260 223
1893270 224
1893280 224
1893290 224
1893300 224
1893310 224
1893320 224
1893330 224
1893340 225
1893350 225
1893360 225
1893370 225
1893380 225
1893390 225
1893400 226
1893410 226
1893420 226
1893430 226
1893440 226
1893450 226
1893460 227
1893470 227
1893480 227
1893490 227
1893500 227
1893510 228
1893520 229
1893530 229
1893540 229
1893550 228
1893560 228
1893570 227
1893580 227
1893590 227
1893600 226
1893610 226
1893620 226
1893630 225
1893640 224
1893650 224
1893660 222
1893670 220
1893680 220
1893690 218
1893700 216
1893710 216
1893720 213
1893730 211
1893740 211
1893750 209
1893760 207
1893770 207
1893780 207
1893790 207
1893800 207
1893810 207
1893820 209
1893830 209
1893840 211
1893850 212
1893860 212
1893870 214
1893880 216
1893890 216
1893900 219
1893910 223
1893920 223
1893930 226
1893940 229
1893950 229
1893960 231
1893970 234
1893980 234
1893990 237
1894000 240
1894010 240
1894020 242
1894030 244
1894040 244
1894050 245
1894060 244
1894070 244
1894080 244
1894090 243
1894100 243
1894110 242
1894120 242
1894130 242
1894140 242
1894150 242
1894160 240
1894170 243
1894180 246
1894190 249
1894200 249
1894210 251
1894220 254
1894230 254
1894240 256
1894250 258
1894260 258
1894270 260
1894280 262
1894290 262
1894300 264
1894310 266
1894320 266
1894330 268
1894340 270
1894350 270
1894360 271
1894370 272
1894380 272
1894390 273
1894400 275
1894410 275
1894420 277
1894430 279
1894440 279
1894450 281
1894460 283
1894470 283
1894480 287
1894490 289
1894500 289
1894510 290
1894520 291
1894530 291
1894540 292
1894550 293
1894560 293
1894570 294
1894580 294
1894590 294
1894600 295
1894610 296
1894620 296
1894630 296
1894640 297
1894650 297
1894660 298
1894670 299
1894680 299
1894690 299
1894700 298
1894710 298
1894720 297
1894730 296
1894740 296
1894750 295
1894760 294
1894770 294
1894780 292
1894790 288
1894800 288
1894810 286
1894820 284
1894830 284
1894840 282
1894850 279
1894860 279
1894870 277
1894880 274
1894890 274
1894900 272
1894910 269
1894920 269
1894930 267
1894940 264
1894950 264
1894960 262
1894970 260
1894980 260
1894990 258
1895000 255
1895010 255
1895020 253
1895030 251
1895040 251
1895050 248
1895060 246
1895070 246
1895080 244
1895090 242
1895100 242
1895110 238
1895120 236
1895130 236
1895140 234
1895150 233
1895160 233
1895170 232
1895180 230
1895190 230
1895200 228
1895210 227
1895220 227
1895230 225
1895240 223
1895250 223
1895260 222
1895270 220
1895280 220
1895290 218
1895300 215
1895310 215
1895320 213
1895330 210
1895340 210
1895350 208
1895360 205
1895370 205
1895380 203
1895390 201
1895400 201
1895410 199
1895420 196
1895430 196
1895440 195
1895450 193
1895460 193
1895470 192
1895480 190
1895490 190
1895500 187
1895510 185
1895520 185
1895530 183
1895540 182
1895550 182
1895560 180
1895570 179
1895580 179
1895590 177
1895600 176
1895610 176
1895620 176
1895630 175
1895640 175
1895650 174
1895660 173
1895670 173
1895680 172
1895690 170
1895700 170
1895710 169
1895720 169
1895730 169
1895740 165
1895750 160
1895760 160
1895770 163
1895780 164
1895790 164
1895800 165
1895810 166
1895820 166
1895830 167
1895840 167
1895850 167
1895860 167
1895870 167
1895880 167
1895890 167
1895900 163
1895910 163
1895920 160
1895930 159
1895940 159
1895950 159
1895960 158
1895970 158
1895980 157
1895990 152
1896000 152
1896010 147
1896020 142
1896030 142
1896040 139
1896050 138
1896060 138
1896070 138
1896080 139
1896090 139
1896100 138
1896110 138
1896120 138
1896130 138
1896140 138
1896150 138
1896160 138
1896170 138
1896180 138
1896190 138
1896200 138
1896210 138
1896220 138
1896230 138
1896240 138
1896250 138
1896260 138
1896270 138
1896280 137
1896290 137
1896300 137
1896310 137
1896320 137
1896330 137
1896340 137
1896350 137
1896360 137
1896370 138
1896380 138
1896390 138
1896400 138
1896410 138
1896420 138
1896430 138
1896440 138
1896450 138
1896460 138
1896470 138
1896480 138
1896490 138
1896500 138
1896510 138
1896520 138
1896530 138
1896540 138
1896550 138
1896560 138
1896570 138
1896580 138
1896590 138
1896600 138
1896610 138
1896620 137
1896630 137
1896640 137
1896650 137
1896660 137
1896670 137
1896680 138
1896690 138
1896700 137
1896710 137
1896720 137
1896730 137
1896740 137
1896750 137
1896760 137
1896770 137
1896780 137
1896790 137
1896800 137
1896810 137
1896820 137
1896830 137
1896840 137
1896850 137
1896860 138
1896870 138
1896880 138
1896890 138
1896900 138
1896910 138
1896920 138
1896930 138
1896940 138
1896950 138
1896960 138
1896970 138
1896980 138
1896990 138
1897000 138
1897010 138
1897020 138
1897030 138
1897040 138
1897050 138
1897060 138
1897070 138
1897080 138
1897090 138
1897100 138
1897110 138
1897120 138
1897130 138
1897140 138
1897150 138
1897160 138
1897170 138
1897180 138
1897190 138
1897200 138
1897210 138
1897220 138
1897230 138
1897240 138
1897250 138
1897260 138
1897270 138
1897280 138
1897290 138
1897300 138
1897310 138
1897320 138
1897330 138
1897340 138
1897350 138
1897360 138
1897370 138
1897380 138
1897390 138
1897400 138
1897410 138
1897420 138
1897430 138
1897440 138
1897450 138
1897460 138
1897470 138
1897480 138
1897490 138
1897500 138
1897510 138
1897520 138
1897530 138
1897540 138
1897550 138
1897560 138
1897570 138
1897580 138
1897590 138
1897600 138
1897610 138
1897620 138
1897630 138
1897640 138
1897650 138
1897660 138
1897670 138
1897680 138
1897690 138
1897700 138
1897710 138
1897720 138
1897730 138
1897740 138
1897750 138
1897760 138
1897770 138
1897780 138
1897790 138
1897800 138
1897810 138
1897820 138
1897830 138
1897840 138
1897850 138
1897860 138
1897870 138
1897880 138
1897890 138
1897900 138
1897910 138
1897920 138
1897930 138
1897940 138
1897950 138
1897960 138
1897970 138
1897980 138
1897990 138
1898000 138
1898010 138
1898020 138
1898030 138
1898040 138
1898050 138
1898060 138
1898070 138
1898080 138
1898090 138
1898100 138
1898110 138
1898120 138
1898130 138
1898140 138
1898150 138
1898160 138
1898170 138
1898180 137
1898190 137
1898200 137
1898210 137
1898220 137
1898230 137
1898240 137
1898250 138
1898260 138
1898270 138
1898280 138
1898290 138
1898300 138
1898310 138
1898320 138
1898330 138
1898340 138
1898350 138
1898360 138
1898370 138
1898380 138
1898390 138
1898400 138
1898410 138
1898420 137
1898430 137
1898440 137
1898450 137
1898460 137
1898470 137
1898480 138
1898490 138
1898500 138
1898510 138
1898520 138
1898530 138
1898540 138
1898550 137
1898560 138
1898570 137
1898580 137
1898590 137
1898600 137
1898610 137
1898620 137
1898630 137
1898640 137
1898650 137
1898660 137
1898670 137
1898680 137
1898690 137
1898700 137
1898710 137
1898720 137
1898730 137
1898740 137
1898750 137
1898760 137
1898770 137
1898780 137
1898790 137
1898800 137
1898810 137
1898820 137
1898830 137
1898840 137
1898850 137
1898860 137
1898870 137
1898880 137
1898890 137
1898900 137
1898910 137
1898920 137
1898930 137
1898940 137
1898950 137
1898960 137
1898970 137
1898980 137
1898990 137
1899000 137
1899010 137
1899020 137
1899030 136
1899040 136
1899050 137
1899060 137
1899070 137
1899080 137
1899090 137
1899100 137
1899110 137
1899120 137
1899130 137
1899140 137
1899150 137
1899160 137
1899170 137
1899180 137
1899190 137
1899200 137
1899210 137
1899220 137
1899230 137
1899240 137
1899250 137
1899260 137
1899270 137
1899280 137
1899290 137
1899300 137
1899310 137
1899320 137
1899330 137
1899340 137
1899350 137
1899360 137
1899370 137
1899380 137
1899390 137
1899400 137
1899410 137
1899420 137
1899430 137
1899440 137
1899450 137
1899460 137
1899470 137
1899480 138
1899490 138
1899500 136
1899510 137
1899520 137
1899530 137
1899540 137
1899550 137
1899560 137
1899570 138
1899580 138
1899590 137
1899600 137
1899610 137
1899620 137
1899630 137
1899640 137
1899650 137
1899660 137
1899670 137
1899680 137
1899690 137
1899700 137
1899710 137
1899720 137
1899730 137
1899740 137
1899750 137
1899760 137
