1880000 148
1880010 150
1880020 157
1880030 157
1880040 159
1880050 163
1880060 163
1880070 167
1880080 169
1880090 169
1880100 169
1880110 169
1880120 169
1880130 169
1880140 170
1880150 170
1880160 170
1880170 171
1880180 171
1880190 171
1880200 171
1880210 171
1880220 172
1880230 172
1880240 172
1880250 172
1880260 173
1880270 173
1880280 172
1880290 171
1880300 171
1880310 171
1880320 171
1880330 171
1880340 171
1880350 171
1880360 171
1880370 171
1880380 170
1880390 170
1880400 170
1880410 170
1880420 170
1880430 170
1880440 171
1880450 171
1880460 171
1880470 171
1880480 171
1880490 171
1880500 172
1880510 172
1880520 172
1880530 172
1880540 172
1880550 172
1880560 173
1880570 173
1880580 173
1880590 173
1880600 173
1880610 173
1880620 173
1880630 173
1880640 174
1880650 174
1880660 174
1880670 174
1880680 175
1880690 174
1880700 175
1880710 175
1880720 175
1880730 175
1880740 176
1880750 176
1880760 176
1880770 176
1880780 176
1880790 176
1880800 177
1880810 177
1880820 177
1880830 177
1880840 177
1880850 177
1880860 178
1880870 178
1880880 178
1880890 177
1880900 177
1880910 177
1880920 177
1880930 177
1880940 177
1880950 176
1880960 176
1880970 176
1880980 176
1880990 176
1881000 176
1881010 175
1881020 176
1881030 175
1881040 175
1881050 175
1881060 175
1881070 174
1881080 174
1881090 174
1881100 173
1881110 173
1881120 173
1881130 172
1881140 172
1881150 171
1881160 171
1881170 171
1881180 170
1881190 169
1881200 169
1881210 169
1881220 168
1881230 168
1881240 167
1881250 166
1881260 166
1881270 166
1881280 165
1881290 165
1881300 165
1881310 164
1881320 164
1881330 163
1881340 162
1881350 162
1881360 161
1881370 161
1881380 161
1881390 160
1881400 160
1881410 160
1881420 159
1881430 159
1881440 159
1881450 158
1881460 157
1881470 157
1881480 156
1881490 156
1881500 156
1881510 155
1881520 154
1881530 154
1881540 155
1881550 156
1881560 156
1881570 157
1881580 157
1881590 157
1881600 158
1881610 158
1881620 158
1881630 159
1881640 159
1881650 159
1881660 159
1881670 161
1881680 161
1881690 164
1881700 164
1881710 164
1881720 165
1881730 166
1881740 166
1881750 166
1881760 168
1881770 168
1881780 170
1881790 170
1881800 170
1881810 171
1881820 172
1881830 172
1881840 172
1881850 173
1881860 173
1881870 173
1881880 173
1881890 173
1881900 173
1881910 173
1881920 173
1881930 173
1881940 173
1881950 173
1881960 173
1881970 173
1881980 173
1881990 173
1882000 174
1882010 174
1882020 174
1882030 175
1882040 175
1882050 175
1882060 176
1882070 176
1882080 177
1882090 177
1882100 177
1882110 173
1882120 172
1882130 172
1882140 173
1882150 176
1882160 176
1882170 178
1882180 178
1882190 178
1882200 178
1882210 179
1882220 179
1882230 179
1882240 179
1882250 179
1882260 179
1882270 179
1882280 179
1882290 178
1882300 178
1882310 178
1882320 178
1882330 178
1882340 178
1882350 178
1882360 178
1882370 178
1882380 178
1882390 178
1882400 178
1882410 178
1882420 178
1882430 178
1882440 178
1882450 178
1882460 178
1882470 178
1882480 179
1882490 179
1882500 179
1882510 179
1882520 179
1882530 179
1882540 179
1882550 179
1882560 179
1882570 178
1882580 178
1882590 178
1882600 178
1882610 178
1882620 178
1882630 178
1882640 176
1882650 176
1882660 176
1882670 175
1882680 175
1882690 175
1882700 175
1882710 175
1882720 174
1882730 174
1882740 174
1882750 173
1882760 173
1882770 173
1882780 173
1882790 173
1882800 173
1882810 173
1882820 173
1882830 173
1882840 173
1882850 173
1882860 173
1882870 174
1882880 174
1882890 174
1882900 174
1882910 175
1882920 175
1882930 175
1882940 176
1882950 176
1882960 176
1882970 176
1882980 176
1882990 177
1883000 177
1883010 177
1883020 178
1883030 178
1883040 178
1883050 178
1883060 179
1883070 179
1883080 179
1883090 179
1883100 179
1883110 179
1883120 180
1883130 180
1883140 180
1883150 181
1883160 181
1883170 181
1883180 182
1883190 182
1883200 182
1883210 183
1883220 183
1883230 183
1883240 184
1883250 184
1883260 184
1883270 185
1883280 185
1883290 186
1883300 186
1883310 186
1883320 187
1883330 187
1883340 187
1883350 188
1883360 189
1883370 189
1883380 191
1883390 193
1883400 193
1883410 195
1883420 195
1883430 195
1883440 195
1883450 196
1883460 196
1883470 196
1883480 196
1883490 196
1883500 197
1883510 197
1883520 197
1883530 198
1883540 198
1883550 198
1883560 199
1883570 199
1883580 199
1883590 200
1883600 200
1883610 200
1883620 201
1883630 202
1883640 202
1883650 203
1883660 203
1883670 203
1883680 204
1883690 205
1883700 205
1883710 206
1883720 207
1883730 207
1883740 208
1883750 209
1883760 209
1883770 209
1883780 210
1883790 210
1883800 211
1883810 211
1883820 211
1883830 211
1883840 212
1883850 212
1883860 213
1883870 213
1883880 213
1883890 213
1883900 213
1883910 213
1883920 214
1883930 214
1883940 215
1883950 215
1883960 216
1883970 216
1883980 217
1883990 218
1884000 218
1884010 218
1884020 219
1884030 219
1884040 219
1884050 220
1884060 220
1884070 220
1884080 221
1884090 221
1884100 222
1884110 223
1884120 223
1884130 224
1884140 225
1884150 225
1884160 226
1884170 226
1884180 226
1884190 226
1884200 226
1884210 226
1884220 226
1884230 226
1884240 226
1884250 226
1884260 227
1884270 227
1884280 228
1884290 228
1884300 228
1884310 228
1884320 229
1884330 229
1884340 229
1884350 230
1884360 230
1884370 230
1884380 231
1884390 231
1884400 231
1884410 232
1884420 232
1884430 232
1884440 233
1884450 233
1884460 233
1884470 234
1884480 234
1884490 234
1884500 235
1884510 235
1884520 235
1884530 236
1884540 236
1884550 237
1884560 239
1884570 239
1884580 240
1884590 243
1884600 243
1884610 245
1884620 247
1884630 247
1884640 249
1884650 251
1884660 251
1884670 254
1884680 256
1884690 256
1884700 258
1884710 261
1884720 261
1884730 263
1884740 266
1884750 266
1884760 269
1884770 272
1884780 272
1884790 275
1884800 278
1884810 278
1884820 282
1884830 285
1884840 285
1884850 289
1884860 293
1884870 293
1884880 297
1884890 300
1884900 300
1884910 303
1884920 307
1884930 307
1884940 311
1884950 315
1884960 315
1884970 318
1884980 321
1884990 321
1885000 324
1885010 326
1885020 326
1885030 328
1885040 330
1885050 330
1885060 332
1885070 334
1885080 334
1885090 335
1885100 337
1885110 337
1885120 339
1885130 341
1885140 341
1885150 344
1885160 346
1885170 346
1885180 349
1885190 351
1885200 351
1885210 353
1885220 356
1885230 356
1885240 357
1885250 360
1885260 360
1885270 364
1885280 368
1885290 368
1885300 371
1885310 375
1885320 380
1885330 380
1885340 384
1885350 388
1885360 388
1885370 392
1885380 396
1885390 396
1885400 399
1885410 401
1885420 401
1885430 403
1885440 405
1885450 405
1885460 407
1885470 409
1885480 409
1885490 411
1885500 413
1885510 413
1885520 415
1885530 416
1885540 416
1885550 417
1885560 419
1885570 419
1885580 420
1885590 421
1885600 421
1885610 423
1885620 424
1885630 424
1885640 425
1885650 426
1885660 426
1885670 427
1885680 428
1885690 428
1885700 429
1885710 430
1885720 430
1885730 430
1885740 430
1885750 430
1885760 430
1885770 430
1885780 430
1885790 429
1885800 429
1885810 429
1885820 428
1885830 427
1885840 427
1885850 426
1885860 424
1885870 424
1885880 423
1885890 417
1885900 417
1885910 410
1885920 405
1885930 405
1885940 402
1885950 401
1885960 401
1885970 397
1885980 393
1885990 393
1886000 391
1886010 393
1886020 393
1886030 396
1886040 400
1886050 400
1886060 400
1886070 398
1886080 398
1886090 395
1886100 389
1886110 389
1886120 383
1886130 378
1886140 378
1886150 372
1886160 368
1886170 368
1886180 364
1886190 361
1886200 361
1886210 364
1886220 363
1886230 363
1886240 363
1886250 362
1886260 362
1886270 361
1886280 359
1886290 359
1886300 356
1886310 352
1886320 352
1886330 348
1886340 344
1886350 344
1886360 341
1886370 338
1886380 338
1886390 335
1886400 333
1886410 333
1886420 331
1886430 329
1886440 329
1886450 328
1886460 325
1886470 325
1886480 323
1886490 322
1886500 322
1886510 322
1886520 320
1886530 323
1886540 323
1886550 322
1886560 322
1886570 317
1886580 318
1886590 318
1886600 318
1886610 318
1886620 318
1886630 317
1886640 317
1886650 317
1886660 316
1886670 316
1886680 316
1886690 316
1886700 315
1886710 315
1886720 315
1886730 315
1886740 315
1886750 314
1886760 313
1886770 313
1886780 313
1886790 313
1886800 313
1886810 312
1886820 311
1886830 311
1886840 311
1886850 315
1886860 315
1886870 315
1886880 316
1886890 316
1886900 316
1886910 316
1886920 316
1886930 316
1886940 316
1886950 316
1886960 315
1886970 314
1886980 314
1886990 313
1887000 313
1887010 313
1887020 312
1887030 312
1887040 312
1887050 312
1887060 314
1887070 314
1887080 316
1887090 318
1887100 318
1887110 319
1887120 319
1887130 319
1887140 319
1887150 321
1887160 321
1887170 323
1887180 321
1887190 321
1887200 322
1887210 323
1887220 323
1887230 325
1887240 327
1887250 327
1887260 327
1887270 327
1887280 327
1887290 328
1887300 328
1887310 328
1887320 328
1887330 329
1887340 329
1887350 329
1887360 330
1887370 330
1887380 330
1887390 331
1887400 331
1887410 331
1887420 330
1887430 330
1887440 331
1887450 331
1887460 331
1887470 331
1887480 331
1887490 332
1887500 332
1887510 332
1887520 332
1887530 332
1887540 332
1887550 332
1887560 331
1887570 331
1887580 331
1887590 330
1887600 329
1887610 329
1887620 328
1887630 327
1887640 327
1887650 326
1887660 325
1887670 325
1887680 325
1887690 322
1887700 322
1887710 319
1887720 316
1887730 316
1887740 312
1887750 309
1887760 309
1887770 306
1887780 304
1887790 304
1887800 302
1887810 297
1887820 297
1887830 294
1887840 290
1887850 290
1887860 287
1887870 285
1887880 285
1887890 282
1887900 280
1887910 280
1887920 277
1887930 274
1887940 274
1887950 272
1887960 269
1887970 269
1887980 266
1887990 263
1888000 263
1888010 260
1888020 257
1888030 257
1888040 254
1888050 251
1888060 251
1888070 247
1888080 242
1888090 242
1888100 239
1888110 240
1888120 240
1888130 245
1888140 251
1888150 251
1888160 255
1888170 257
1888180 257
1888190 259
1888200 261
1888210 262
1888220 262
1888230 265
1888240 267
1888250 267
1888260 269
1888270 269
1888280 269
1888290 270
1888300 270
1888310 270
1888320 270
1888330 270
1888340 270
1888350 270
1888360 270
1888370 270
1888380 271
1888390 272
1888400 272
1888410 274
1888420 276
1888430 276
1888440 279
1888450 284
1888460 286
1888470 291
1888480 295
1888490 295
1888500 297
1888510 299
1888520 299
1888530 300
1888540 302
1888550 302
1888560 305
1888570 307
1888580 307
1888590 309
1888600 311
1888610 311
1888620 312
1888630 312
1888640 312
1888650 310
1888660 308
1888670 308
1888680 305
1888690 300
1888700 300
1888710 295
1888720 290
1888730 290
1888740 287
1888750 284
1888760 284
1888770 283
1888780 283
1888790 283
1888800 283
1888810 282
1888820 282
1888830 281
1888840 281
1888850 281
1888860 282
1888870 284
1888880 284
1888890 288
1888900 291
1888910 291
1888920 295
1888930 298
1888940 298
1888950 302
1888960 305
1888970 305
1888980 308
1888990 311
1889000 311
1889010 314
1889020 315
1889030 315
1889040 315
1889050 315
1889060 315
1889070 315
1889080 317
1889090 317
1889100 320
1889110 319
1889120 319
1889130 319
1889140 319
1889150 319
1889160 320
1889170 321
1889180 321
1889190 321
1889200 320
1889210 320
1889220 318
1889230 317
1889240 317
1889250 316
1889260 315
1889270 315
1889280 314
1889290 313
1889300 313
1889310 311
1889320 310
1889330 310
1889340 309
1889350 308
1889360 308
1889370 307
1889380 307
1889390 307
1889400 307
1889410 306
1889420 308
1889430 306
1889440 304
1889450 304
1889460 302
1889470 300
1889480 300
1889490 299
1889500 298
1889510 298
1889520 299
1889530 299
1889540 299
1889550 300
1889560 301
1889570 301
1889580 301
1889590 301
1889600 301
1889610 301
1889620 301
1889630 301
1889640 301
1889650 300
1889660 300
1889670 300
1889680 299
1889690 299
1889700 298
1889710 297
1889720 297
1889730 296
1889740 295
1889750 295
1889760 293
1889770 292
1889780 292
1889790 291
1889800 289
1889810 289
1889820 288
1889830 286
1889840 286
1889850 285
1889860 283
1889870 283
1889880 282
1889890 281
1889900 281
1889910 280
1889920 279
1889930 279
1889940 278
1889950 277
1889960 277
1889970 276
1889980 275
1889990 275
1890000 274
1890010 273
1890020 273
1890030 272
1890040 271
1890050 271
1890060 269
1890070 268
1890080 268
1890090 267
1890100 266
1890110 266
1890120 264
1890130 263
1890140 263
1890150 262
1890160 261
1890170 261
1890180 260
1890190 259
1890200 259
1890210 258
1890220 257
1890230 257
1890240 257
1890250 256
1890260 256
1890270 255
1890280 255
1890290 255
1890300 254
1890310 253
1890320 253
1890330 252
1890340 251
1890350 251
1890360 250
1890370 250
1890380 250
1890390 249
1890400 248
1890410 248
1890420 247
1890430 246
1890440 246
1890450 245
1890460 244
1890470 244
1890480 243
1890490 242
1890500 242
1890510 242
1890520 241
1890530 241
1890540 241
1890550 240
1890560 240
1890570 240
1890580 239
1890590 239
1890600 239
1890610 238
1890620 238
1890630 238
1890640 237
1890650 237
1890660 237
1890670 236
1890680 236
1890690 236
1890700 235
1890710 235
1890720 235
1890730 234
1890740 234
1890750 234
1890760 233
1890770 233
1890780 233
1890790 233
1890800 233
1890810 232
1890820 232
1890830 232
1890840 232
1890850 231
1890860 231
1890870 231
1890880 231
1890890 231
1890900 231
1890910 230
1890920 230
1890930 230
1890940 230
1890950 230
1890960 230
1890970 229
1890980 229
1890990 229
1891000 229
1891010 229
1891020 229
1891030 228
1891040 228
1891050 228
1891060 228
1891070 228
1891080 228
1891090 228
1891100 228
1891110 227
1891120 227
1891130 227
1891140 227
1891150 227
1891160 227
1891170 227
1891180 226
1891190 226
1891200 226
1891210 226
1891220 226
1891230 226
1891240 226
1891250 225
1891260 225
1891270 225
1891280 225
1891290 225
1891300 225
1891310 225
1891320 225
1891330 225
1891340 224
1891350 224
1891360 224
1891370 224
1891380 224
1891390 224
1891400 223
1891410 223
1891420 223
1891430 223
1891440 223
1891450 222
1891460 222
1891470 222
1891480 221
1891490 220
1891500 220
1891510 219
1891520 218
1891530 218
1891540 218
1891550 218
1891560 218
1891570 218
1891580 218
1891590 218
1891600 218
1891610 218
1891620 218
1891630 217
1891640 216
1891650 216
1891660 215
1891670 214
1891680 214
1891690 214
1891700 214
1891710 214
1891720 213
1891730 213
1891740 213
1891750 213
1891760 212
1891770 212
1891780 212
1891790 211
1891800 211
1891810 211
1891820 211
1891830 211
1891840 210
1891850 209
1891860 209
1891870 208
1891880 207
1891890 207
1891900 206
1891910 205
1891920 205
1891930 202
1891940 201
1891950 201
1891960 199
1891970 199
1891980 199
1891990 198
1892000 197
1892010 197
1892020 195
1892030 194
1892040 194
1892050 192
1892060 191
1892070 191
1892080 189
1892090 188
1892100 188
1892110 186
1892120 185
1892130 185
1892140 183
1892150 182
1892160 182
1892170 180
1892180 181
1892190 181
1892200 180
1892210 179
1892220 179
1892230 178
1892240 178
1892250 178
1892260 176
1892270 176
1892280 175
1892290 174
1892300 174
1892310 174
1892320 174
1892330 173
1892340 173
1892350 171
1892360 170
1892370 170
1892380 170
1892390 169
1892400 169
1892410 169
1892420 169
1892430 169
1892440 169
1892450 169
1892460 169
1892470 169
1892480 169
1892490 169
1892500 169
1892510 169
1892520 169
1892530 169
1892540 169
1892550 169
1892560 170
1892570 170
1892580 170
1892590 170
1892600 170
1892610 170
1892620 170
1892630 170
1892640 170
1892650 171
1892660 171
1892670 171
1892680 171
1892690 171
1892700 171
1892710 172
1892720 172
1892730 172
1892740 173
1892750 173
1892760 173
1892770 173
1892780 174
1892790 174
1892800 174
1892810 174
1892820 174
1892830 175
1892840 175
1892850 175
1892860 175
1892870 176
1892880 176
1892890 176
1892900 177
1892910 177
1892920 177
1892930 178
1892940 178
1892950 178
1892960 179
1892970 179
1892980 179
1892990 180
1893000 180
1893010 180
1893020 180
1893030 180
1893040 181
1893050 181
1893060 181
1893070 182
1893080 182
1893090 182
1893100 182
1893110 183
1893120 183
1893130 184
1893140 185
1893150 185
1893160 185
1893170 185
1893180 185
1893190 186
1893200 187
1893210 187
1893220 187
1893230 188
1893240 188
1893250 188
1893260 189
1893270 189
1893280 192
1893290 196
1893300 196
1893310 200
1893320 204
1893330 204
1893340 206
1893350 209
1893360 209
1893370 211
1893380 214
1893390 214
1893400 215
1893410 217
1893420 217
1893430 217
1893440 218
1893450 218
1893460 220
1893470 220
1893480 220
1893490 221
1893500 223
1893510 223
1893520 224
1893530 225
1893540 225
1893550 227
1893560 229
1893570 229
1893580 230
1893590 231
1893600 231
1893610 232
1893620 232
1893630 232
1893640 232
1893650 231
1893660 231
1893670 230
1893680 229
1893690 229
1893700 228
1893710 227
1893720 227
1893730 227
1893740 226
1893750 226
1893760 225
1893770 224
1893780 224
1893790 224
1893800 224
1893810 224
1893820 222
1893830 222
1893840 222
1893850 226
1893860 231
1893870 232
1893880 237
1893890 241
1893900 241
1893910 245
1893920 247
1893930 247
1893940 249
1893950 251
1893960 251
1893970 253
1893980 256
1893990 256
1894000 258
1894010 261
1894020 261
1894030 263
1894040 265
1894050 268
1894060 268
1894070 271
1894080 274
1894090 274
1894100 277
1894110 278
1894120 278
1894130 279
1894140 280
1894150 280
1894160 281
1894170 282
1894180 282
1894190 282
1894200 283
1894210 283
1894220 283
1894230 283
1894240 283
1894250 282
1894260 281
1894270 281
1894280 280
1894290 279
1894300 279
1894310 278
1894320 277
1894330 277
1894340 276
1894350 275
1894360 275
1894370 274
1894380 273
1894390 273
1894400 271
1894410 268
1894420 268
1894430 266
1894440 264
1894450 264
1894460 261
1894470 260
1894480 260
1894490 258
1894500 254
1894510 254
1894520 252
1894530 250
1894540 250
1894550 248
1894560 246
1894570 246
1894580 244
1894590 242
1894600 242
1894610 240
1894620 238
1894630 238
1894640 236
1894650 234
1894660 234
1894670 232
1894680 230
1894690 230
1894700 228
1894710 225
1894720 225
1894730 221
1894740 216
1894750 216
1894760 214
1894770 212
1894780 212
1894790 210
1894800 209
1894810 205
1894820 205
1894830 204
1894840 204
1894850 204
1894860 204
1894870 204
1894880 202
1894890 201
1894900 201
1894910 199
1894920 197
1894930 197
1894940 195
1894950 193
1894960 193
1894970 191
1894980 189
1894990 189
1895000 187
1895010 185
1895020 185
1895030 182
1895040 180
1895050 180
1895060 179
1895070 178
1895080 178
1895090 177
1895100 176
1895110 176
1895120 175
1895130 173
1895140 173
1895150 171
1895160 170
1895170 170
1895180 169
1895190 168
1895200 168
1895210 167
1895220 165
1895230 165
1895240 163
1895250 161
1895260 161
1895270 159
1895280 157
1895290 157
1895300 156
1895310 152
1895320 152
1895330 148
1895340 143
1895350 143
1895360 140
1895370 139
1895380 139
1895390 138
1895400 138
1895410 138
1895420 138
1895430 138
1895440 138
1895450 138
1895460 138
1895470 138
1895480 139
1895490 139
1895500 139
1895510 139
1895520 139
1895530 139
1895540 138
1895550 139
1895560 139
1895570 139
1895580 139
1895590 139
1895600 138
1895610 138
1895620 138
1895630 138
1895640 138
1895650 138
1895660 138
1895670 138
1895680 138
1895690 138
1895700 138
1895710 138
1895720 138
1895730 138
1895740 138
1895750 138
1895760 138
1895770 138
1895780 138
1895790 138
1895800 138
1895810 139
1895820 140
1895830 140
1895840 139
1895850 139
1895860 139
1895870 139
1895880 139
1895890 139
1895900 139
1895910 139
1895920 139
1895930 139
1895940 139
1895950 139
1895960 138
1895970 138
1895980 138
1895990 139
1896000 139
1896010 139
1896020 139
1896030 139
1896040 139
1896050 139
1896060 139
1896070 141
1896080 141
1896090 141
1896100 141
1896110 142
1896120 141
1896130 141
1896140 140
1896150 139
1896160 139
1896170 139
1896180 139
1896190 139
1896200 139
1896210 139
1896220 139
1896230 138
1896240 138
1896250 138
1896260 139
1896270 139
1896280 139
1896290 139
1896300 138
1896310 138
1896320 138
1896330 138
1896340 138
1896350 138
1896360 138
1896370 138
1896380 138
1896390 138
1896400 138
1896410 138
1896420 138
1896430 138
1896440 138
1896450 138
1896460 138
1896470 138
1896480 138
1896490 138
1896500 138
1896510 138
1896520 138
1896530 138
1896540 138
1896550 138
1896560 138
1896570 138
1896580 138
1896590 138
1896600 137
1896610 137
1896620 137
1896630 138
1896640 138
1896650 138
1896660 138
1896670 138
1896680 138
1896690 138
1896700 138
1896710 138
1896720 138
1896730 138
1896740 138
1896750 138
1896760 138
1896770 138
1896780 138
1896790 138
1896800 138
1896810 138
1896820 138
1896830 138
1896840 138
1896850 138
1896860 138
1896870 138
1896880 138
1896890 138
1896900 138
1896910 138
1896920 138
1896930 138
1896940 138
1896950 138
1896960 138
1896970 138
1896980 138
1896990 138
1897000 138
1897010 138
1897020 138
1897030 138
1897040 138
1897050 138
1897060 138
1897070 138
1897080 138
1897090 138
1897100 138
1897110 138
1897120 138
1897130 138
1897140 138
1897150 138
1897160 138
1897170 138
1897180 138
1897190 138
1897200 138
1897210 138
1897220 138
1897230 138
1897240 138
1897250 138
1897260 138
1897270 138
1897280 138
1897290 137
1897300 137
1897310 137
1897320 137
1897330 137
1897340 137
1897350 138
1897360 138
1897370 138
1897380 138
1897390 137
1897400 137
1897410 137
1897420 137
1897430 137
1897440 138
1897450 138
1897460 138
1897470 139
1897480 139
1897490 139
1897500 139
1897510 138
1897520 138
1897530 136
1897540 136
1897550 136
1897560 137
1897570 137
1897580 137
1897590 138
1897600 138
1897610 138
1897620 138
1897630 138
1897640 138
1897650 138
1897660 138
1897670 138
1897680 138
1897690 138
1897700 138
1897710 138
1897720 138
1897730 138
1897740 138
1897750 138
1897760 138
1897770 138
1897780 138
1897790 138
1897800 138
1897810 138
1897820 138
1897830 138
1897840 138
1897850 138
1897860 138
1897870 138
1897880 138
1897890 138
1897900 137
1897910 137
1897920 138
1897930 138
1897940 138
1897950 138
1897960 138
1897970 138
1897980 138
1897990 138
1898000 138
1898010 138
1898020 137
1898030 137
1898040 137
1898050 137
1898060 137
1898070 136
1898080 135
1898090 135
1898100 135
1898110 138
1898120 138
1898130 139
1898140 138
1898150 138
1898160 138
1898170 138
1898180 138
1898190 138
1898200 138
1898210 138
1898220 138
1898230 138
1898240 138
1898250 138
1898260 138
1898270 138
1898280 138
1898290 138
1898300 138
1898310 138
1898320 138
1898330 138
1898340 138
1898350 138
1898360 138
1898370 138
1898380 138
1898390 138
1898400 138
1898410 138
1898420 138
1898430 138
1898440 138
1898450 138
1898460 138
1898470 138
1898480 138
1898490 138
1898500 138
1898510 138
1898520 138
1898530 138
1898540 138
1898550 138
1898560 138
1898570 138
1898580 138
1898590 138
1898600 138
1898610 138
1898620 138
1898630 138
1898640 138
1898650 138
1898660 138
1898670 138
1898680 138
1898690 138
1898700 138
1898710 138
1898720 138
1898730 138
1898740 138
1898750 138
1898760 138
1898770 138
1898780 138
1898790 138
1898800 138
1898810 138
1898820 138
1898830 138
1898840 138
1898850 138
1898860 138
1898870 138
1898880 138
1898890 138
1898900 138
1898910 138
1898920 138
1898930 138
1898940 138
1898950 138
1898960 138
1898970 138
1898980 138
1898990 138
1899000 138
1899010 138
1899020 138
1899030 138
1899040 138
1899050 138
1899060 138
1899070 138
1899080 138
1899090 138
1899100 138
1899110 138
1899120 138
1899130 138
1899140 138
1899150 138
1899160 138
1899170 138
1899180 138
1899190 138
1899200 138
1899210 138
1899220 138
1899230 138
1899240 138
1899250 138
1899260 138
1899270 138
1899280 138
1899290 138
1899300 138
1899310 138
1899320 138
1899330 137
1899340 137
1899350 137
1899360 137
1899370 137
1899380 137
1899390 137
1899400 137
1899410 137
1899420 138
1899430 138
1899440 138
1899450 138
1899460 138
1899470 138
1899480 138
1899490 138
1899500 138
1899510 138
1899520 138
1899530 138
1899540 138
1899550 138
1899560 138
1899570 138
1899580 138
1899590 138
1899600 138
1899610 138
1899620 138
1899630 138
1899640 138
1899650 138
1899660 138
1899670 138
1899680 138
1899690 138
1899700 138
1899710 138
1899720 138
1899730 138
1899740 138
1899750 138
1899760 138
1899770 138
1899780 138
1899790 138
1899800 138
1899810 138
1899820 138
1899830 138
1899840 138
1899850 138
1899860 138
1899870 138
1899880 138
1899890 138
1899900 138
1899910 138
1899920 138
1899930 138
1899940 138
1899950 138
1899960 137
1899970 138
1899980 138
1899990 138
