1880000 180
1880010 180
1880020 180
1880030 180
1880040 180
1880050 180
1880060 180
1880070 180
1880080 180
1880090 180
1880100 180
1880110 180
1880120 180
1880130 180
1880140 180
1880150 180
1880160 180
1880170 181
1880180 181
1880190 181
1880200 181
1880210 181
1880220 182
1880230 182
1880240 182
1880250 182
1880260 182
1880270 182
1880280 182
1880290 182
1880300 182
1880310 182
1880320 182
1880330 182
1880340 182
1880350 182
1880360 182
1880370 182
1880380 182
1880390 182
1880400 182
1880410 182
1880420 182
1880430 182
1880440 182
1880450 182
1880460 182
1880470 181
1880480 181
1880490 180
1880500 180
1880510 180
1880520 180
1880530 180
1880540 180
1880550 180
1880560 180
1880570 180
1880580 180
1880590 180
1880600 180
1880610 180
1880620 180
1880630 180
1880640 179
1880650 179
1880660 179
1880670 178
1880680 178
1880690 178
1880700 178
1880710 178
1880720 178
1880730 178
1880740 178
1880750 178
1880760 178
1880770 177
1880780 177
1880790 177
1880800 176
1880810 176
1880820 176
1880830 176
1880840 176
1880850 175
1880860 175
1880870 175
1880880 174
1880890 173
1880900 173
1880910 173
1880920 172
1880930 172
1880940 171
1880950 171
1880960 171
1880970 170
1880980 170
1880990 170
1881000 169
1881010 168
1881020 168
1881030 167
1881040 167
1881050 167
1881060 166
1881070 166
1881080 166
1881090 165
1881100 165
1881110 165
1881120 164
1881130 164
1881140 164
1881150 163
1881160 163
1881170 163
1881180 162
1881190 162
1881200 162
1881210 161
1881220 161
1881230 161
1881240 160
1881250 160
1881260 160
1881270 159
1881280 159
1881290 159
1881300 159
1881310 158
1881320 158
1881330 158
1881340 158
1881350 158
1881360 158
1881370 157
1881380 157
1881390 157
1881400 156
1881410 156
1881420 156
1881430 155
1881440 155
1881450 156
1881460 156
1881470 156
1881480 156
1881490 159
1881500 159
1881510 161
1881520 163
1881530 163
1881540 163
1881550 163
1881560 163
1881570 162
1881580 162
1881590 162
1881600 163
1881610 164
1881620 164
1881630 164
1881640 165
1881650 166
1881660 165
1881670 166
1881680 167
1881690 167
1881700 167
1881710 168
1881720 168
1881730 168
1881740 170
1881750 170
1881760 173
1881770 173
1881780 173
1881790 173
1881800 171
1881810 171
1881820 169
1881830 170
1881840 170
1881850 174
1881860 179
1881870 179
1881880 180
1881890 180
1881900 180
1881910 179
1881920 180
1881930 180
1881940 180
1881950 180
1881960 180
1881970 180
1881980 180
1881990 180
1882000 180
1882010 180
1882020 180
1882030 180
1882040 180
1882050 180
1882060 180
1882070 180
1882080 180
1882090 180
1882100 180
1882110 180
1882120 180
1882130 180
1882140 180
1882150 180
1882160 180
1882170 180
1882180 180
1882190 180
1882200 180
1882210 180
1882220 180
1882230 180
1882240 180
1882250 180
1882260 180
1882270 180
1882280 180
1882290 180
1882300 180
1882310 180
1882320 180
1882330 180
1882340 180
1882350 180
1882360 180
1882370 180
1882380 180
1882390 180
1882400 180
1882410 180
1882420 180
1882430 180
1882440 180
1882450 180
1882460 180
1882470 180
1882480 180
1882490 180
1882500 180
1882510 180
1882520 180
1882530 180
1882540 180
1882550 180
1882560 180
1882570 180
1882580 180
1882590 180
1882600 180
1882610 180
1882620 180
1882630 180
1882640 180
1882650 180
1882660 180
1882670 180
1882680 180
1882690 180
1882700 180
1882710 180
1882720 180
1882730 180
1882740 180
1882750 180
1882760 179
1882770 179
1882780 179
1882790 179
1882800 179
1882810 179
1882820 179
1882830 179
1882840 179
1882850 180
1882860 180
1882870 180
1882880 180
1882890 180
1882900 180
1882910 180
1882920 180
1882930 180
1882940 181
1882950 181
1882960 181
1882970 181
1882980 181
1882990 181
1883000 181
1883010 181
1883020 182
1883030 182
1883040 182
1883050 182
1883060 183
1883070 183
1883080 183
1883090 183
1883100 183
1883110 184
1883120 184
1883130 184
1883140 184
1883150 185
1883160 185
1883170 185
1883180 185
1883190 185
1883200 186
1883210 186
1883220 186
1883230 186
1883240 187
1883250 187
1883260 187
1883270 187
1883280 187
1883290 188
1883300 188
1883310 188
1883320 189
1883330 189
1883340 189
1883350 190
1883360 190
1883370 190
1883380 190
1883390 191
1883400 191
1883410 191
1883420 191
1883430 191
1883440 192
1883450 192
1883460 192
1883470 192
1883480 193
1883490 193
1883500 193
1883510 193
1883520 193
1883530 194
1883540 194
1883550 194
1883560 195
1883570 195
1883580 195
1883590 195
1883600 196
1883610 196
1883620 196
1883630 197
1883640 197
1883650 197
1883660 197
1883670 197
1883680 198
1883690 198
1883700 198
1883710 198
1883720 199
1883730 199
1883740 199
1883750 199
1883760 199
1883770 200
1883780 200
1883790 200
1883800 201
1883810 201
1883820 201
1883830 202
1883840 203
1883850 203
1883860 203
1883870 204
1883880 204
1883890 204
1883900 204
1883910 204
1883920 205
1883930 205
1883940 205
1883950 206
1883960 206
1883970 206
1883980 207
1883990 207
1884000 207
1884010 208
1884020 208
1884030 208
1884040 209
1884050 209
1884060 209
1884070 210
1884080 210
1884090 210
1884100 210
1884110 211
1884120 211
1884130 211
1884140 211
1884150 211
1884160 211
1884170 212
1884180 212
1884190 212
1884200 212
1884210 212
1884220 213
1884230 213
1884240 213
1884250 213
1884260 214
1884270 214
1884280 214
1884290 215
1884300 215
1884310 215
1884320 216
1884330 216
1884340 216
1884350 216
1884360 216
1884370 217
1884380 217
1884390 218
1884400 218
1884410 221
1884420 222
1884430 222
1884440 223
1884450 223
1884460 223
1884470 223
1884480 223
1884490 223
1884500 224
1884510 225
1884520 225
1884530 228
1884540 229
1884550 229
1884560 231
1884570 232
1884580 233
1884590 234
1884600 236
1884610 236
1884620 238
1884630 240
1884640 240
1884650 242
1884660 245
1884670 245
1884680 249
1884690 255
1884700 255
1884710 260
1884720 265
1884730 265
1884740 269
1884750 274
1884760 274
1884770 278
1884780 282
1884790 282
1884800 286
1884810 290
1884820 290
1884830 295
1884840 300
1884850 300
1884860 304
1884870 309
1884880 309
1884890 315
1884900 322
1884910 322
1884920 327
1884930 331
1884940 331
1884950 335
1884960 338
1884970 338
1884980 341
1884990 344
1885000 344
1885010 346
1885020 349
1885030 349
1885040 351
1885050 353
1885060 353
1885070 356
1885080 358
1885090 358
1885100 360
1885110 363
1885120 363
1885130 365
1885140 366
1885150 366
1885160 368
1885170 370
1885180 370
1885190 371
1885200 373
1885210 373
1885220 375
1885230 378
1885240 378
1885250 380
1885260 382
1885270 382
1885280 384
1885290 386
1885300 386
1885310 387
1885320 388
1885330 388
1885340 389
1885350 389
1885360 389
1885370 390
1885380 390
1885390 390
1885400 390
1885410 391
1885420 391
1885430 391
1885440 391
1885450 391
1885460 392
1885470 392
1885480 392
1885490 391
1885500 391
1885510 391
1885520 390
1885530 390
1885540 390
1885550 391
1885560 389
1885570 389
1885580 387
1885590 386
1885600 386
1885610 385
1885620 384
1885630 384
1885640 383
1885650 382
1885660 382
1885670 380
1885680 378
1885690 378
1885700 372
1885710 368
1885720 368
1885730 363
1885740 361
1885750 361
1885760 362
1885770 361
1885780 361
1885790 356
1885800 351
1885810 351
1885820 349
1885830 345
1885840 345
1885850 342
1885860 339
1885870 344
1885880 340
1885890 337
1885900 337
1885910 332
1885920 327
1885930 327
1885940 324
1885950 326
1885960 326
1885970 327
1885980 329
1885990 329
1886000 328
1886010 325
1886020 325
1886030 323
1886040 320
1886050 320
1886060 318
1886070 316
1886080 316
1886090 314
1886100 310
1886110 310
1886120 307
1886130 303
1886140 303
1886150 299
1886160 296
1886170 296
1886180 295
1886190 293
1886200 294
1886210 292
1886220 290
1886230 290
1886240 288
1886250 287
1886260 287
1886270 286
1886280 285
1886290 285
1886300 284
1886310 283
1886320 283
1886330 282
1886340 282
1886350 282
1886360 281
1886370 281
1886380 281
1886390 280
1886400 280
1886410 280
1886420 279
1886430 280
1886440 280
1886450 280
1886460 279
1886470 279
1886480 279
1886490 279
1886500 279
1886510 279
1886520 280
1886530 280
1886540 281
1886550 280
1886560 280
1886570 280
1886580 281
1886590 281
1886600 281
1886610 282
1886620 282
1886630 282
1886640 282
1886650 282
1886660 282
1886670 282
1886680 282
1886690 282
1886700 282
1886710 282
1886720 282
1886730 282
1886740 282
1886750 282
1886760 282
1886770 282
1886780 282
1886790 282
1886800 282
1886810 282
1886820 282
1886830 282
1886840 283
1886850 282
1886860 282
1886870 282
1886880 282
1886890 282
1886900 282
1886910 282
1886920 282
1886930 282
1886940 282
1886950 282
1886960 283
1886970 283
1886980 283
1886990 284
1887000 284
1887010 284
1887020 284
1887030 284
1887040 284
1887050 284
1887060 285
1887070 285
1887080 285
1887090 285
1887100 285
1887110 286
1887120 286
1887130 286
1887140 287
1887150 288
1887160 289
1887170 290
1887180 291
1887190 291
1887200 291
1887210 292
1887220 292
1887230 292
1887240 293
1887250 293
1887260 293
1887270 294
1887280 295
1887290 295
1887300 295
1887310 296
1887320 296
1887330 296
1887340 297
1887350 297
1887360 297
1887370 298
1887380 298
1887390 299
1887400 299
1887410 299
1887420 300
1887430 301
1887440 301
1887450 302
1887460 303
1887470 303
1887480 305
1887490 305
1887500 305
1887510 305
1887520 306
1887530 306
1887540 306
1887550 307
1887560 307
1887570 308
1887580 308
1887590 308
1887600 309
1887610 309
1887620 309
1887630 309
1887640 307
1887650 307
1887660 306
1887670 304
1887680 304
1887690 301
1887700 299
1887710 299
1887720 296
1887730 294
1887740 294
1887750 292
1887760 289
1887770 289
1887780 287
1887790 286
1887800 288
1887810 287
1887820 285
1887830 285
1887840 283
1887850 281
1887860 281
1887870 279
1887880 277
1887890 277
1887900 275
1887910 273
1887920 273
1887930 271
1887940 270
1887950 270
1887960 268
1887970 266
1887980 266
1887990 265
1888000 264
1888010 264
1888020 263
1888030 263
1888040 263
1888050 262
1888060 259
1888070 259
1888080 256
1888090 253
1888100 253
1888110 253
1888120 252
1888130 252
1888140 252
1888150 252
1888160 252
1888170 253
1888180 254
1888190 254
1888200 256
1888210 257
1888220 257
1888230 259
1888240 260
1888250 260
1888260 261
1888270 264
1888280 264
1888290 267
1888300 268
1888310 268
1888320 269
1888330 270
1888340 270
1888350 271
1888360 272
1888370 272
1888380 274
1888390 276
1888400 276
1888410 277
1888420 279
1888430 279
1888440 281
1888450 285
1888460 285
1888470 288
1888480 290
1888490 290
1888500 293
1888510 295
1888520 295
1888530 298
1888540 300
1888550 300
1888560 303
1888570 305
1888580 305
1888590 307
1888600 310
1888610 310
1888620 311
1888630 313
1888640 313
1888650 314
1888660 315
1888670 315
1888680 316
1888690 316
1888700 316
1888710 316
1888720 315
1888730 315
1888740 315
1888750 314
1888760 314
1888770 312
1888780 310
1888790 310
1888800 308
1888810 306
1888820 306
1888830 305
1888840 305
1888850 305
1888860 307
1888870 309
1888880 309
1888890 311
1888900 313
1888910 313
1888920 315
1888930 316
1888940 316
1888950 316
1888960 316
1888970 316
1888980 316
1888990 314
1889000 314
1889010 312
1889020 310
1889030 310
1889040 309
1889050 308
1889060 308
1889070 307
1889080 307
1889090 307
1889100 307
1889110 307
1889120 307
1889130 307
1889140 307
1889150 307
1889160 307
1889170 307
1889180 307
1889190 308
1889200 309
1889210 309
1889220 309
1889230 310
1889240 310
1889250 310
1889260 310
1889270 310
1889280 310
1889290 310
1889300 310
1889310 310
1889320 310
1889330 310
1889340 309
1889350 308
1889360 308
1889370 307
1889380 305
1889390 305
1889400 303
1889410 301
1889420 301
1889430 298
1889440 296
1889450 296
1889460 293
1889470 291
1889480 291
1889490 290
1889500 288
1889510 288
1889520 286
1889530 284
1889540 284
1889550 282
1889560 281
1889570 281
1889580 280
1889590 279
1889600 279
1889610 278
1889620 277
1889630 277
1889640 277
1889650 276
1889660 276
1889670 274
1889680 274
1889690 274
1889700 274
1889710 273
1889720 273
1889730 266
1889740 266
1889750 266
1889760 265
1889770 265
1889780 265
1889790 263
1889800 262
1889810 262
1889820 264
1889830 266
1889840 266
1889850 267
1889860 269
1889870 269
1889880 271
1889890 272
1889900 272
1889910 273
1889920 273
1889930 273
1889940 273
1889950 272
1889960 272
1889970 271
1889980 270
1889990 270
1890000 268
1890010 266
1890020 266
1890030 263
1890040 261
1890050 261
1890060 261
1890070 262
1890080 264
1890090 264
1890100 266
1890110 265
1890120 265
1890130 265
1890140 265
1890150 265
1890160 264
1890170 263
1890180 263
1890190 262
1890200 261
1890210 261
1890220 260
1890230 260
1890240 260
1890250 259
1890260 258
1890270 258
1890280 257
1890290 256
1890300 256
1890310 256
1890320 255
1890330 255
1890340 255
1890350 254
1890360 255
1890370 254
1890380 254
1890390 254
1890400 254
1890410 253
1890420 253
1890430 253
1890440 252
1890450 252
1890460 250
1890470 250
1890480 250
1890490 250
1890500 249
1890510 249
1890520 248
1890530 247
1890540 247
1890550 247
1890560 246
1890570 246
1890580 246
1890590 245
1890600 245
1890610 245
1890620 244
1890630 244
1890640 244
1890650 243
1890660 243
1890670 242
1890680 242
1890690 242
1890700 241
1890710 241
1890720 241
1890730 241
1890740 240
1890750 240
1890760 240
1890770 240
1890780 240
1890790 240
1890800 241
1890810 241
1890820 241
1890830 242
1890840 242
1890850 242
1890860 241
1890870 241
1890880 241
1890890 241
1890900 241
1890910 241
1890920 240
1890930 240
1890940 240
1890950 239
1890960 239
1890970 238
1890980 238
1890990 238
1891000 236
1891010 235
1891020 235
1891030 235
1891040 234
1891050 234
1891060 233
1891070 233
1891080 233
1891090 233
1891100 232
1891110 232
1891120 232
1891130 232
1891140 232
1891150 232
1891160 232
1891170 232
1891180 232
1891190 232
1891200 232
1891210 232
1891220 233
1891230 233
1891240 233
1891250 232
1891260 232
1891270 232
1891280 232
1891290 232
1891300 232
1891310 231
1891320 231
1891330 231
1891340 230
1891350 230
1891360 230
1891370 230
1891380 230
1891390 229
1891400 229
1891410 229
1891420 228
1891430 227
1891440 227
1891450 227
1891460 226
1891470 226
1891480 225
1891490 224
1891500 224
1891510 224
1891520 223
1891530 223
1891540 222
1891550 221
1891560 221
1891570 220
1891580 219
1891590 219
1891600 218
1891610 217
1891620 217
1891630 216
1891640 215
1891650 215
1891660 214
1891670 212
1891680 212
1891690 211
1891700 209
1891710 209
1891720 207
1891730 205
1891740 205
1891750 204
1891760 202
1891770 202
1891780 200
1891790 198
1891800 198
1891810 197
1891820 195
1891830 195
1891840 194
1891850 193
1891860 193
1891870 192
1891880 191
1891890 191
1891900 189
1891910 188
1891920 188
1891930 187
1891940 186
1891950 186
1891960 185
1891970 185
1891980 185
1891990 184
1892000 184
1892010 184
1892020 184
1892030 183
1892040 183
1892050 183
1892060 182
1892070 182
1892080 182
1892090 182
1892100 182
1892110 182
1892120 181
1892130 181
1892140 181
1892150 180
1892160 180
1892170 180
1892180 180
1892190 180
1892200 179
1892210 179
1892220 179
1892230 178
1892240 178
1892250 178
1892260 178
1892270 178
1892280 178
1892290 177
1892300 177
1892310 177
1892320 177
1892330 177
1892340 177
1892350 176
1892360 176
1892370 176
1892380 176
1892390 176
1892400 176
1892410 176
1892420 175
1892430 175
1892440 176
1892450 175
1892460 175
1892470 174
1892480 174
1892490 174
1892500 174
1892510 173
1892520 173
1892530 173
1892540 173
1892550 173
1892560 173
1892570 174
1892580 174
1892590 174
1892600 174
1892610 174
1892620 175
1892630 175
1892640 175
1892650 178
1892660 181
1892670 181
1892680 183
1892690 185
1892700 185
1892710 188
1892720 191
1892730 191
1892740 193
1892750 194
1892760 194
1892770 193
1892780 193
1892790 193
1892800 193
1892810 193
1892820 193
1892830 192
1892840 191
1892850 191
1892860 190
1892870 189
1892880 188
1892890 188
1892900 187
1892910 185
1892920 185
1892930 184
1892940 184
1892950 184
1892960 183
1892970 183
1892980 183
1892990 183
1893000 183
1893010 183
1893020 183
1893030 183
1893040 183
1893050 183
1893060 184
1893070 184
1893080 184
1893090 184
1893100 184
1893110 184
1893120 184
1893130 184
1893140 185
1893150 185
1893160 185
1893170 186
1893180 186
1893190 186
1893200 186
1893210 186
1893220 185
1893230 186
1893240 186
1893250 186
1893260 187
1893270 187
1893280 187
1893290 188
1893300 188
1893310 188
1893320 189
1893330 189
1893340 189
1893350 190
1893360 190
1893370 190
1893380 191
1893390 191
1893400 191
1893410 192
1893420 193
1893430 193
1893440 194
1893450 194
1893460 194
1893470 195
1893480 195
1893490 195
1893500 196
1893510 197
1893520 197
1893530 198
1893540 200
1893550 200
1893560 201
1893570 202
1893580 202
1893590 204
1893600 206
1893610 206
1893620 208
1893630 210
1893640 210
1893650 213
1893660 216
1893670 216
1893680 219
1893690 221
1893700 221
1893710 224
1893720 225
1893730 225
1893740 226
1893750 225
1893760 225
1893770 224
1893780 221
1893790 221
1893800 219
1893810 218
1893820 218
1893830 218
1893840 218
1893850 218
1893860 221
1893870 222
1893880 222
1893890 224
1893900 226
1893910 226
1893920 228
1893930 229
1893940 229
1893950 230
1893960 230
1893970 230
1893980 233
1893990 239
1894000 239
1894010 243
1894020 247
1894030 247
1894040 251
1894050 253
1894060 253
1894070 256
1894080 258
1894090 258
1894100 260
1894110 262
1894120 262
1894130 264
1894140 265
1894150 265
1894160 266
1894170 269
1894180 269
1894190 271
1894200 272
1894210 272
1894220 274
1894230 275
1894240 275
1894250 277
1894260 278
1894270 278
1894280 280
1894290 281
1894300 281
1894310 283
1894320 285
1894330 285
1894340 286
1894350 287
1894360 287
1894370 288
1894380 289
1894390 289
1894400 289
1894410 290
1894420 290
1894430 291
1894440 292
1894450 292
1894460 291
1894470 290
1894480 290
1894490 287
1894500 286
1894510 286
1894520 284
1894530 282
1894540 282
1894550 280
1894560 278
1894570 278
1894580 276
1894590 274
1894600 274
1894610 270
1894620 267
1894630 267
1894640 263
1894650 258
1894660 258
1894670 254
1894680 249
1894690 249
1894700 245
1894710 241
1894720 241
1894730 236
1894740 234
1894750 234
1894760 233
1894770 231
1894780 231
1894790 229
1894800 222
1894810 222
1894820 221
1894830 220
1894840 220
1894850 218
1894860 217
1894870 217
1894880 216
1894890 216
1894900 216
1894910 215
1894920 214
1894930 214
1894940 213
1894950 212
1894960 212
1894970 210
1894980 208
1894990 208
1895000 206
1895010 204
1895020 204
1895030 202
1895040 199
1895050 199
1895060 196
1895070 194
1895080 194
1895090 192
1895100 191
1895110 191
1895120 186
1895130 185
1895140 185
1895150 184
1895160 183
1895170 183
1895180 183
1895190 182
1895200 182
1895210 181
1895220 179
1895230 179
1895240 178
1895250 176
1895260 176
1895270 174
1895280 171
1895290 171
1895300 168
1895310 166
1895320 166
1895330 163
1895340 161
1895350 161
1895360 159
1895370 158
1895380 158
1895390 157
1895400 157
1895410 157
1895420 156
1895430 158
1895440 158
1895450 157
1895460 154
1895470 154
1895480 153
1895490 151
1895500 151
1895510 147
1895520 146
1895530 146
1895540 146
1895550 149
1895560 149
1895570 149
1895580 147
1895590 147
1895600 145
1895610 143
1895620 143
1895630 142
1895640 140
1895650 140
1895660 140
1895670 141
1895680 141
1895690 141
1895700 139
1895710 139
1895720 137
1895730 140
1895740 141
1895750 139
1895760 138
1895770 138
1895780 138
1895790 138
1895800 138
1895810 138
1895820 138
1895830 138
1895840 138
1895850 138
1895860 138
1895870 138
1895880 138
1895890 138
1895900 138
1895910 138
1895920 138
1895930 138
1895940 139
1895950 138
1895960 138
1895970 138
1895980 138
1895990 138
1896000 138
1896010 138
1896020 138
1896030 138
1896040 138
1896050 138
1896060 138
1896070 138
1896080 138
1896090 138
1896100 138
1896110 138
1896120 138
1896130 138
1896140 138
1896150 138
1896160 138
1896170 138
1896180 138
1896190 138
1896200 138
1896210 138
1896220 138
1896230 138
1896240 138
1896250 138
1896260 138
1896270 138
1896280 138
1896290 138
1896300 138
1896310 138
1896320 138
1896330 138
1896340 138
1896350 138
1896360 138
1896370 138
1896380 138
1896390 138
1896400 138
1896410 138
1896420 138
1896430 138
1896440 138
1896450 138
1896460 138
1896470 138
1896480 138
1896490 138
1896500 138
1896510 138
1896520 138
1896530 138
1896540 138
1896550 138
1896560 138
1896570 138
1896580 138
1896590 138
1896600 138
1896610 138
1896620 138
1896630 138
1896640 138
1896650 138
1896660 138
1896670 138
1896680 138
1896690 138
1896700 138
1896710 138
1896720 138
1896730 138
1896740 138
1896750 138
1896760 138
1896770 138
1896780 138
1896790 139
1896800 139
1896810 141
1896820 141
1896830 141
1896840 141
1896850 141
1896860 141
1896870 142
1896880 141
1896890 141
1896900 140
1896910 139
1896920 139
1896930 138
1896940 138
1896950 138
1896960 138
1896970 140
1896980 140
1896990 138
1897000 138
1897010 138
1897020 138
1897030 138
1897040 138
1897050 138
1897060 138
1897070 138
1897080 138
1897090 138
1897100 138
1897110 138
1897120 138
1897130 138
1897140 138
1897150 138
1897160 138
1897170 138
1897180 138
1897190 138
1897200 138
1897210 138
1897220 138
1897230 138
1897240 138
1897250 138
1897260 138
1897270 138
1897280 138
1897290 138
1897300 138
1897310 138
1897320 138
1897330 138
1897340 138
1897350 138
1897360 137
1897370 137
1897380 137
1897390 137
1897400 137
1897410 137
1897420 137
1897430 137
1897440 137
1897450 137
1897460 137
1897470 138
1897480 138
1897490 138
1897500 138
1897510 138
1897520 138
1897530 138
1897540 138
1897550 138
1897560 138
1897570 138
1897580 138
1897590 138
1897600 138
1897610 138
1897620 138
1897630 138
1897640 138
1897650 138
1897660 138
1897670 138
1897680 138
1897690 138
1897700 138
1897710 138
1897720 138
1897730 138
1897740 138
1897750 138
1897760 138
1897770 138
1897780 138
1897790 138
1897800 138
1897810 138
1897820 138
1897830 138
1897840 138
1897850 138
1897860 138
1897870 138
1897880 138
1897890 138
1897900 138
1897910 138
1897920 138
1897930 137
1897940 137
1897950 137
1897960 137
1897970 137
1897980 137
1897990 136
1898000 136
1898010 135
1898020 135
1898030 135
1898040 136
1898050 138
1898060 138
1898070 138
1898080 138
1898090 138
1898100 138
1898110 138
1898120 138
1898130 138
1898140 138
1898150 138
1898160 138
1898170 138
1898180 138
1898190 138
1898200 138
1898210 138
1898220 138
1898230 138
1898240 138
1898250 138
1898260 138
1898270 138
1898280 138
1898290 138
1898300 138
1898310 138
1898320 138
1898330 138
1898340 138
1898350 138
1898360 138
1898370 138
1898380 138
1898390 138
1898400 138
1898410 138
1898420 138
1898430 138
1898440 138
1898450 138
1898460 138
1898470 138
1898480 138
1898490 138
1898500 138
1898510 138
1898520 138
1898530 138
1898540 138
1898550 138
1898560 138
1898570 138
1898580 138
1898590 138
1898600 138
1898610 138
1898620 138
1898630 138
1898640 138
1898650 138
1898660 138
1898670 138
1898680 138
1898690 138
1898700 138
1898710 138
1898720 138
1898730 138
1898740 138
1898750 138
1898760 138
1898770 137
1898780 137
1898790 137
1898800 137
1898810 137
1898820 137
1898830 137
1898840 137
1898850 137
1898860 137
1898870 137
1898880 137
1898890 137
1898900 137
1898910 137
1898920 137
1898930 137
1898940 137
1898950 137
1898960 137
1898970 137
1898980 137
1898990 137
1899000 137
1899010 137
1899020 137
1899030 137
1899040 137
1899050 137
1899060 137
1899070 137
1899080 137
1899090 137
1899100 137
1899110 137
1899120 137
1899130 137
1899140 137
1899150 137
1899160 137
1899170 137
1899180 137
1899190 137
1899200 137
1899210 137
1899220 137
1899230 137
1899240 137
1899250 137
1899260 137
1899270 137
1899280 137
1899290 137
1899300 137
1899310 137
1899320 137
1899330 137
1899340 137
1899350 137
1899360 137
1899370 137
1899380 137
1899390 137
1899400 137
1899410 137
1899420 137
1899430 137
1899440 138
1899450 138
1899460 138
1899470 138
1899480 138
1899490 137
1899500 138
1899510 137
1899520 138
1899530 138
1899540 138
1899550 138
1899560 138
1899570 138
1899580 138
1899590 137
1899600 137
1899610 137
1899620 137
1899630 137
1899640 137
1899650 137
1899660 137
1899670 137
1899680 137
1899690 137
1899700 137
1899710 137
1899720 137
1899730 137
1899740 137
1899750 137
1899760 137
1899770 137
1899780 137
1899790 137
1899800 137
1899810 137
1899820 137
1899830 137
1899840 137
1899850 137
1899860 137
1899870 137
1899880 137
1899890 137
1899900 137
1899910 137
1899920 137
1899930 137
1899940 137
1899950 137
1899960 137
1899970 137
1899980 137
1899990 137
