1880000 158
1880010 162
1880020 166
1880030 164
1880040 169
1880050 170
1880060 170
1880070 170
1880080 170
1880090 170
1880100 170
1880110 171
1880120 171
1880130 171
1880140 171
1880150 171
1880160 172
1880170 172
1880180 172
1880190 173
1880200 174
1880210 174
1880220 174
1880230 174
1880240 174
1880250 174
1880260 175
1880270 175
1880280 175
1880290 174
1880300 174
1880310 174
1880320 174
1880330 174
1880340 174
1880350 174
1880360 173
1880370 173
1880380 173
1880390 173
1880400 173
1880410 173
1880420 173
1880430 172
1880440 172
1880450 172
1880460 172
1880470 172
1880480 172
1880490 172
1880500 172
1880510 172
1880520 172
1880530 173
1880540 173
1880550 173
1880560 173
1880570 173
1880580 174
1880590 174
1880600 174
1880610 174
1880620 175
1880630 175
1880640 175
1880650 176
1880660 176
1880670 176
1880680 176
1880690 176
1880700 176
1880710 176
1880720 176
1880730 177
1880740 177
1880750 177
1880760 177
1880770 177
1880780 177
1880790 177
1880800 177
1880810 177
1880820 178
1880830 178
1880840 178
1880850 178
1880860 178
1880870 178
1880880 177
1880890 177
1880900 177
1880910 177
1880920 177
1880930 176
1880940 176
1880950 176
1880960 176
1880970 176
1880980 175
1880990 174
1881000 174
1881010 174
1881020 173
1881030 173
1881040 173
1881050 172
1881060 172
1881070 172
1881080 171
1881090 171
1881100 171
1881110 170
1881120 170
1881130 170
1881140 169
1881150 169
1881160 169
1881170 169
1881180 169
1881190 168
1881200 168
1881210 168
1881220 167
1881230 166
1881240 166
1881250 165
1881260 165
1881270 165
1881280 164
1881290 163
1881300 163
1881310 162
1881320 162
1881330 162
1881340 161
1881350 160
1881360 160
1881370 160
1881380 160
1881390 160
1881400 160
1881410 159
1881420 159
1881430 158
1881440 157
1881450 157
1881460 156
1881470 156
1881480 156
1881490 155
1881500 155
1881510 155
1881520 154
1881530 156
1881540 156
1881550 157
1881560 157
1881570 157
1881580 158
1881590 159
1881600 159
1881610 159
1881620 159
1881630 159
1881640 159
1881650 162
1881660 162
1881670 164
1881680 166
1881690 166
1881700 167
1881710 167
1881720 167
1881730 166
1881740 167
1881750 167
1881760 170
1881770 171
1881780 171
1881790 172
1881800 173
1881810 173
1881820 174
1881830 175
1881840 175
1881850 176
1881860 177
1881870 177
1881880 177
1881890 177
1881900 177
1881910 177
1881920 176
1881930 176
1881940 176
1881950 176
1881960 176
1881970 175
1881980 175
1881990 174
1882000 175
1882010 175
1882020 175
1882030 175
1882040 176
1882050 176
1882060 175
1882070 172
1882080 172
1882090 172
1882100 176
1882110 176
1882120 178
1882130 178
1882140 178
1882150 178
1882160 179
1882170 179
1882180 179
1882190 179
1882200 179
1882210 179
1882220 179
1882230 179
1882240 179
1882250 179
1882260 179
1882270 179
1882280 179
1882290 179
1882300 179
1882310 179
1882320 179
1882330 179
1882340 179
1882350 179
1882360 179
1882370 179
1882380 179
1882390 179
1882400 179
1882410 179
1882420 179
1882430 179
1882440 179
1882450 179
1882460 179
1882470 179
1882480 180
1882490 180
1882500 180
1882510 179
1882520 179
1882530 179
1882540 179
1882550 179
1882560 179
1882570 179
1882580 179
1882590 179
1882600 179
1882610 179
1882620 179
1882630 179
1882640 178
1882650 178
1882660 178
1882670 177
1882680 177
1882690 177
1882700 176
1882710 176
1882720 176
1882730 175
1882740 175
1882750 175
1882760 175
1882770 175
1882780 174
1882790 174
1882800 174
1882810 174
1882820 174
1882830 174
1882840 174
1882850 174
1882860 174
1882870 174
1882880 174
1882890 174
1882900 175
1882910 175
1882920 175
1882930 175
1882940 176
1882950 176
1882960 176
1882970 176
1882980 176
1882990 177
1883000 177
1883010 177
1883020 177
1883030 178
1883040 178
1883050 179
1883060 180
1883070 180
1883080 179
1883090 180
1883100 180
1883110 180
1883120 180
1883130 180
1883140 181
1883150 181
1883160 181
1883170 182
1883180 182
1883190 182
1883200 183
1883210 183
1883220 183
1883230 184
1883240 184
1883250 184
1883260 185
1883270 185
1883280 185
1883290 185
1883300 186
1883310 186
1883320 186
1883330 187
1883340 187
1883350 187
1883360 188
1883370 188
1883380 188
1883390 189
1883400 189
1883410 189
1883420 190
1883430 190
1883440 190
1883450 191
1883460 191
1883470 193
1883480 196
1883490 196
1883500 197
1883510 198
1883520 198
1883530 198
1883540 198
1883550 198
1883560 198
1883570 198
1883580 198
1883590 199
1883600 199
1883610 199
1883620 199
1883630 200
1883640 200
1883650 201
1883660 201
1883670 201
1883680 202
1883690 203
1883700 203
1883710 203
1883720 204
1883730 204
1883740 204
1883750 205
1883760 206
1883770 206
1883780 206
1883790 206
1883800 206
1883810 207
1883820 207
1883830 207
1883840 207
1883850 208
1883860 208
1883870 208
1883880 209
1883890 209
1883900 210
1883910 211
1883920 211
1883930 211
1883940 213
1883950 213
1883960 213
1883970 214
1883980 214
1883990 214
1884000 215
1884010 215
1884020 215
1884030 216
1884040 216
1884050 216
1884060 217
1884070 217
1884080 218
1884090 218
1884100 218
1884110 219
1884120 219
1884130 219
1884140 220
1884150 221
1884160 221
1884170 221
1884180 222
1884190 222
1884200 223
1884210 224
1884220 224
1884230 225
1884240 225
1884250 225
1884260 225
1884270 226
1884280 226
1884290 226
1884300 225
1884310 225
1884320 225
1884330 226
1884340 226
1884350 228
1884360 228
1884370 228
1884380 229
1884390 230
1884400 230
1884410 231
1884420 232
1884430 232
1884440 232
1884450 231
1884460 231
1884470 232
1884480 233
1884490 233
1884500 233
1884510 233
1884520 233
1884530 234
1884540 236
1884550 236
1884560 237
1884570 239
1884580 239
1884590 242
1884600 244
1884610 244
1884620 246
1884630 249
1884640 249
1884650 251
1884660 253
1884670 253
1884680 256
1884690 258
1884700 258
1884710 261
1884720 264
1884730 264
1884740 267
1884750 270
1884760 270
1884770 274
1884780 278
1884790 278
1884800 281
1884810 285
1884820 285
1884830 289
1884840 293
1884850 293
1884860 297
1884870 301
1884880 301
1884890 304
1884900 308
1884910 306
1884920 310
1884930 314
1884940 314
1884950 318
1884960 322
1884970 322
1884980 326
1884990 330
1885000 330
1885010 334
1885020 338
1885030 338
1885040 343
1885050 347
1885060 347
1885070 349
1885080 352
1885090 352
1885100 354
1885110 356
1885120 356
1885130 358
1885140 361
1885150 361
1885160 363
1885170 365
1885180 365
1885190 368
1885200 370
1885210 370
1885220 373
1885230 376
1885240 371
1885250 375
1885260 378
1885270 378
1885280 379
1885290 381
1885300 381
1885310 383
1885320 383
1885330 383
1885340 383
1885350 384
1885360 384
1885370 389
1885380 394
1885390 394
1885400 398
1885410 401
1885420 401
1885430 403
1885440 404
1885450 404
1885460 406
1885470 408
1885480 408
1885490 410
1885500 411
1885510 411
1885520 412
1885530 413
1885540 413
1885550 414
1885560 416
1885570 416
1885580 417
1885590 418
1885600 418
1885610 419
1885620 420
1885630 420
1885640 421
1885650 422
1885660 422
1885670 423
1885680 424
1885690 424
1885700 424
1885710 425
1885720 425
1885730 425
1885740 425
1885750 425
1885760 426
1885770 426
1885780 426
1885790 425
1885800 424
1885810 424
1885820 422
1885830 420
1885840 420
1885850 417
1885860 413
1885870 413
1885880 410
1885890 404
1885900 404
1885910 399
1885920 393
1885930 393
1885940 388
1885950 383
1885960 383
1885970 380
1885980 376
1885990 376
1886000 375
1886010 376
1886020 376
1886030 379
1886040 383
1886050 383
1886060 387
1886070 385
1886080 385
1886090 381
1886100 378
1886110 378
1886120 374
1886130 370
1886140 370
1886150 365
1886160 361
1886170 361
1886180 356
1886190 352
1886200 354
1886210 351
1886220 349
1886230 349
1886240 348
1886250 348
1886260 348
1886270 346
1886280 344
1886290 344
1886300 342
1886310 340
1886320 340
1886330 338
1886340 336
1886350 336
1886360 334
1886370 331
1886380 331
1886390 327
1886400 322
1886410 322
1886420 317
1886430 315
1886440 315
1886450 312
1886460 312
1886470 312
1886480 313
1886490 314
1886500 314
1886510 315
1886520 315
1886530 317
1886540 313
1886550 308
1886560 308
1886570 305
1886580 307
1886590 310
1886600 310
1886610 310
1886620 309
1886630 309
1886640 308
1886650 308
1886660 308
1886670 308
1886680 307
1886690 307
1886700 307
1886710 305
1886720 305
1886730 304
1886740 303
1886750 303
1886760 303
1886770 302
1886780 302
1886790 301
1886800 301
1886810 301
1886820 300
1886830 300
1886840 300
1886850 303
1886860 304
1886870 304
1886880 304
1886890 304
1886900 304
1886910 304
1886920 305
1886930 305
1886940 305
1886950 305
1886960 305
1886970 306
1886980 306
1886990 306
1887000 306
1887010 306
1887020 306
1887030 305
1887040 305
1887050 305
1887060 305
1887070 305
1887080 305
1887090 305
1887100 305
1887110 305
1887120 306
1887130 307
1887140 307
1887150 307
1887160 308
1887170 309
1887180 310
1887190 312
1887200 312
1887210 314
1887220 316
1887230 316
1887240 317
1887250 319
1887260 319
1887270 321
1887280 322
1887290 322
1887300 324
1887310 326
1887320 326
1887330 326
1887340 327
1887350 327
1887360 327
1887370 327
1887380 327
1887390 327
1887400 327
1887410 327
1887420 327
1887430 327
1887440 327
1887450 327
1887460 327
1887470 327
1887480 328
1887490 329
1887500 329
1887510 329
1887520 329
1887530 329
1887540 329
1887550 329
1887560 329
1887570 328
1887580 328
1887590 328
1887600 327
1887610 327
1887620 327
1887630 326
1887640 325
1887650 325
1887660 325
1887670 324
1887680 324
1887690 323
1887700 323
1887710 323
1887720 322
1887730 321
1887740 321
1887750 319
1887760 316
1887770 316
1887780 313
1887790 310
1887800 310
1887810 305
1887820 302
1887830 302
1887840 300
1887850 297
1887860 297
1887870 294
1887880 291
1887890 291
1887900 287
1887910 284
1887920 284
1887930 280
1887940 277
1887950 277
1887960 273
1887970 270
1887980 270
1887990 267
1888000 264
1888010 264
1888020 260
1888030 257
1888040 257
1888050 254
1888060 250
1888070 250
1888080 245
1888090 243
1888100 243
1888110 242
1888120 243
1888130 242
1888140 249
1888150 255
1888160 255
1888170 261
1888180 267
1888190 267
1888200 272
1888210 277
1888220 277
1888230 280
1888240 283
1888250 283
1888260 286
1888270 288
1888280 288
1888290 289
1888300 289
1888310 289
1888320 288
1888330 286
1888340 286
1888350 285
1888360 283
1888370 283
1888380 282
1888390 281
1888400 281
1888410 280
1888420 279
1888430 279
1888440 279
1888450 280
1888460 280
1888470 283
1888480 287
1888490 287
1888500 291
1888510 296
1888520 296
1888530 300
1888540 303
1888550 303
1888560 306
1888570 309
1888580 309
1888590 312
1888600 314
1888610 314
1888620 316
1888630 317
1888640 317
1888650 316
1888660 312
1888670 312
1888680 306
1888690 300
1888700 300
1888710 295
1888720 292
1888730 292
1888740 288
1888750 286
1888760 286
1888770 286
1888780 288
1888790 288
1888800 291
1888810 294
1888820 294
1888830 294
1888840 292
1888850 292
1888860 291
1888870 290
1888880 290
1888890 289
1888900 288
1888910 288
1888920 289
1888930 292
1888940 292
1888950 296
1888960 299
1888970 299
1888980 303
1888990 306
1889000 306
1889010 309
1889020 311
1889030 311
1889040 313
1889050 314
1889060 314
1889070 316
1889080 317
1889090 317
1889100 318
1889110 317
1889120 317
1889130 317
1889140 317
1889150 317
1889160 317
1889170 318
1889180 318
1889190 318
1889200 318
1889210 318
1889220 317
1889230 316
1889240 316
1889250 316
1889260 315
1889270 315
1889280 314
1889290 314
1889300 314
1889310 313
1889320 312
1889330 312
1889340 311
1889350 309
1889360 309
1889370 308
1889380 305
1889390 305
1889400 303
1889410 301
1889420 301
1889430 301
1889440 300
1889450 300
1889460 299
1889470 297
1889480 297
1889490 296
1889500 294
1889510 292
1889520 292
1889530 290
1889540 289
1889550 289
1889560 289
1889570 290
1889580 290
1889590 292
1889600 293
1889610 293
1889620 294
1889630 295
1889640 295
1889650 295
1889660 295
1889670 295
1889680 295
1889690 295
1889700 295
1889710 295
1889720 294
1889730 294
1889740 293
1889750 293
1889760 293
1889770 292
1889780 291
1889790 291
1889800 289
1889810 288
1889820 288
1889830 286
1889840 285
1889850 285
1889860 283
1889870 282
1889880 282
1889890 281
1889900 280
1889910 280
1889920 279
1889930 278
1889940 278
1889950 277
1889960 276
1889970 276
1889980 275
1889990 274
1890000 274
1890010 273
1890020 272
1890030 272
1890040 271
1890050 271
1890060 271
1890070 270
1890080 269
1890090 269
1890100 269
1890110 268
1890120 268
1890130 267
1890140 266
1890150 266
1890160 265
1890170 264
1890180 264
1890190 262
1890200 261
1890210 261
1890220 260
1890230 259
1890240 259
1890250 258
1890260 257
1890270 257
1890280 256
1890290 255
1890300 255
1890310 254
1890320 253
1890330 253
1890340 252
1890350 251
1890360 251
1890370 250
1890380 249
1890390 249
1890400 248
1890410 248
1890420 248
1890430 247
1890440 246
1890450 246
1890460 245
1890470 244
1890480 244
1890490 243
1890500 242
1890510 242
1890520 242
1890530 241
1890540 241
1890550 241
1890560 240
1890570 240
1890580 240
1890590 239
1890600 239
1890610 239
1890620 238
1890630 238
1890640 238
1890650 238
1890660 238
1890670 238
1890680 237
1890690 237
1890700 236
1890710 236
1890720 236
1890730 236
1890740 236
1890750 236
1890760 236
1890770 235
1890780 235
1890790 234
1890800 234
1890810 234
1890820 233
1890830 232
1890840 232
1890850 232
1890860 231
1890870 231
1890880 231
1890890 231
1890900 231
1890910 231
1890920 230
1890930 230
1890940 230
1890950 230
1890960 230
1890970 230
1890980 229
1890990 229
1891000 229
1891010 229
1891020 229
1891030 229
1891040 229
1891050 229
1891060 229
1891070 228
1891080 228
1891090 228
1891100 228
1891110 228
1891120 228
1891130 227
1891140 227
1891150 227
1891160 227
1891170 227
1891180 227
1891190 227
1891200 227
1891210 226
1891220 226
1891230 226
1891240 226
1891250 226
1891260 226
1891270 226
1891280 225
1891290 225
1891300 225
1891310 225
1891320 225
1891330 225
1891340 225
1891350 225
1891360 224
1891370 224
1891380 224
1891390 224
1891400 224
1891410 224
1891420 224
1891430 224
1891440 224
1891450 223
1891460 223
1891470 223
1891480 222
1891490 222
1891500 222
1891510 221
1891520 220
1891530 220
1891540 219
1891550 217
1891560 217
1891570 215
1891580 213
1891590 213
1891600 212
1891610 212
1891620 212
1891630 213
1891640 213
1891650 214
1891660 214
1891670 214
1891680 214
1891690 213
1891700 212
1891710 212
1891720 211
1891730 209
1891740 209
1891750 208
1891760 207
1891770 207
1891780 207
1891790 207
1891800 207
1891810 207
1891820 206
1891830 206
1891840 206
1891850 205
1891860 205
1891870 205
1891880 204
1891890 204
1891900 204
1891910 204
1891920 204
1891930 203
1891940 202
1891950 202
1891960 201
1891970 198
1891980 198
1891990 196
1892000 195
1892010 195
1892020 193
1892030 192
1892040 192
1892050 191
1892060 191
1892070 191
1892080 190
1892090 190
1892100 190
1892110 190
1892120 189
1892130 189
1892140 187
1892150 187
1892160 187
1892170 186
1892180 186
1892190 186
1892200 185
1892210 185
1892220 185
1892230 184
1892240 183
1892250 183
1892260 183
1892270 182
1892280 180
1892290 179
1892300 178
1892310 178
1892320 177
1892330 176
1892340 176
1892350 175
1892360 173
1892370 173
1892380 171
1892390 171
1892400 170
1892410 170
1892420 170
1892430 170
1892440 170
1892450 170
1892460 170
1892470 170
1892480 170
1892490 170
1892500 170
1892510 170
1892520 170
1892530 170
1892540 170
1892550 170
1892560 170
1892570 170
1892580 171
1892590 171
1892600 171
1892610 171
1892620 171
1892630 171
1892640 171
1892650 171
1892660 172
1892670 172
1892680 172
1892690 172
1892700 172
1892710 172
1892720 173
1892730 173
1892740 173
1892750 173
1892760 173
1892770 173
1892780 174
1892790 174
1892800 174
1892810 175
1892820 175
1892830 175
1892840 175
1892850 176
1892860 176
1892870 176
1892880 176
1892890 176
1892900 177
1892910 177
1892920 177
1892930 177
1892940 178
1892950 178
1892960 178
1892970 179
1892980 179
1892990 179
1893000 179
1893010 179
1893020 180
1893030 180
1893040 180
1893050 180
1893060 181
1893070 181
1893080 181
1893090 182
1893100 182
1893110 182
1893120 183
1893130 183
1893140 184
1893150 184
1893160 184
1893170 185
1893180 185
1893190 185
1893200 186
1893210 186
1893220 186
1893230 187
1893240 188
1893250 188
1893260 189
1893270 190
1893280 190
1893290 192
1893300 194
1893310 194
1893320 197
1893330 199
1893340 199
1893350 202
1893360 204
1893370 204
1893380 206
1893390 207
1893400 207
1893410 208
1893420 209
1893430 209
1893440 211
1893450 213
1893460 213
1893470 214
1893480 216
1893490 216
1893500 217
1893510 219
1893520 219
1893530 221
1893540 223
1893550 224
1893560 226
1893570 229
1893580 229
1893590 231
1893600 232
1893610 232
1893620 232
1893630 233
1893640 233
1893650 234
1893660 235
1893670 235
1893680 235
1893690 236
1893700 236
1893710 236
1893720 237
1893730 237
1893740 237
1893750 237
1893760 237
1893770 238
1893780 238
1893790 238
1893800 238
1893810 238
1893820 238
1893830 238
1893840 238
1893850 238
1893860 238
1893870 232
1893880 232
1893890 233
1893900 237
1893910 237
1893920 241
1893930 244
1893940 244
1893950 247
1893960 249
1893970 249
1893980 251
1893990 254
1894000 254
1894010 256
1894020 258
1894030 258
1894040 261
1894050 264
1894060 264
1894070 267
1894080 269
1894090 269
1894100 272
1894110 274
1894120 274
1894130 277
1894140 279
1894150 279
1894160 280
1894170 282
1894180 282
1894190 283
1894200 284
1894210 284
1894220 285
1894230 285
1894240 285
1894250 286
1894260 285
1894270 285
1894280 285
1894290 284
1894300 284
1894310 284
1894320 283
1894330 283
1894340 283
1894350 283
1894360 283
1894370 283
1894380 281
1894390 281
1894400 280
1894410 278
1894420 278
1894430 275
1894440 273
1894450 273
1894460 271
1894470 268
1894480 268
1894490 266
1894500 263
1894510 263
1894520 261
1894530 259
1894540 259
1894550 257
1894560 255
1894570 255
1894580 252
1894590 249
1894600 249
1894610 247
1894620 244
1894630 244
1894640 242
1894650 240
1894660 240
1894670 237
1894680 235
1894690 235
1894700 234
1894710 233
1894720 233
1894730 232
1894740 230
1894750 230
1894760 228
1894770 225
1894780 225
1894790 222
1894800 219
1894810 217
1894820 215
1894830 214
1894840 214
1894850 212
1894860 211
1894870 211
1894880 210
1894890 208
1894900 208
1894910 206
1894920 204
1894930 204
1894940 202
1894950 199
1894960 199
1894970 197
1894980 194
1894990 194
1895000 192
1895010 190
1895020 190
1895030 188
1895040 186
1895050 186
1895060 184
1895070 182
1895080 182
1895090 180
1895100 178
1895110 178
1895120 177
1895130 175
1895140 175
1895150 174
1895160 172
1895170 172
1895180 171
1895190 169
1895200 169
1895210 168
1895220 167
1895230 167
1895240 165
1895250 164
1895260 164
1895270 162
1895280 160
1895290 160
1895300 159
1895310 157
1895320 156
1895330 156
1895340 154
1895350 149
1895360 149
1895370 145
1895380 142
1895390 142
1895400 140
1895410 139
1895420 139
1895430 138
1895440 138
1895450 138
1895460 138
1895470 138
1895480 138
1895490 138
1895500 138
1895510 138
1895520 138
1895530 138
1895540 138
1895550 138
1895560 138
1895570 138
1895580 138
1895590 138
1895600 138
1895610 138
1895620 138
1895630 138
1895640 138
1895650 138
1895660 138
1895670 138
1895680 138
1895690 138
1895700 138
1895710 138
1895720 138
1895730 138
1895740 138
1895750 138
1895760 138
1895770 138
1895780 138
1895790 138
1895800 138
1895810 138
1895820 138
1895830 139
1895840 139
1895850 139
1895860 138
1895870 138
1895880 138
1895890 138
1895900 138
1895910 138
1895920 139
1895930 139
1895940 139
1895950 139
1895960 139
1895970 139
1895980 138
1895990 138
1896000 138
1896010 138
1896020 138
1896030 138
1896040 138
1896050 138
1896060 138
1896070 139
1896080 139
1896090 139
1896100 139
1896110 139
1896120 139
1896130 139
1896140 139
1896150 139
1896160 139
1896170 139
1896180 140
1896190 141
1896200 141
1896210 141
1896220 141
1896230 141
1896240 141
1896250 142
1896260 142
1896270 141
1896280 139
1896290 139
1896300 139
1896310 138
1896320 138
1896330 138
1896340 138
1896350 138
1896360 138
1896370 138
1896380 138
1896390 138
1896400 138
1896410 138
1896420 138
1896430 138
1896440 138
1896450 138
1896460 138
1896470 138
1896480 138
1896490 138
1896500 138
1896510 138
1896520 138
1896530 138
1896540 138
1896550 138
1896560 138
1896570 138
1896580 138
1896590 138
1896600 138
1896610 138
1896620 138
1896630 138
1896640 138
1896650 138
1896660 138
1896670 138
1896680 138
1896690 138
1896700 138
1896710 138
1896720 138
1896730 138
1896740 138
1896750 138
1896760 138
1896770 138
1896780 138
1896790 138
1896800 138
1896810 138
1896820 138
1896830 138
1896840 138
1896850 138
1896860 138
1896870 138
1896880 138
1896890 138
1896900 138
1896910 138
1896920 138
1896930 138
1896940 138
1896950 138
1896960 138
1896970 138
1896980 138
1896990 138
1897000 138
1897010 138
1897020 138
1897030 138
1897040 138
1897050 138
1897060 138
1897070 138
1897080 138
1897090 138
1897100 138
1897110 138
1897120 138
1897130 138
1897140 138
1897150 138
1897160 138
1897170 138
1897180 138
1897190 138
1897200 138
1897210 138
1897220 138
1897230 138
1897240 138
1897250 138
1897260 138
1897270 138
1897280 138
1897290 138
1897300 137
1897310 137
1897320 137
1897330 137
1897340 137
1897350 137
1897360 137
1897370 137
1897380 137
1897390 137
1897400 137
1897410 137
1897420 137
1897430 137
1897440 138
1897450 138
1897460 138
1897470 139
1897480 139
1897490 139
1897500 139
1897510 139
1897520 139
1897530 138
1897540 137
1897550 137
1897560 138
1897570 138
1897580 138
1897590 138
1897600 138
1897610 138
1897620 138
1897630 138
1897640 138
1897650 137
1897660 137
1897670 137
1897680 137
1897690 137
1897700 137
1897710 137
1897720 137
1897730 137
1897740 137
1897750 137
1897760 137
1897770 138
1897780 138
1897790 138
1897800 138
1897810 138
1897820 138
1897830 138
1897840 138
1897850 138
1897860 138
1897870 138
1897880 138
1897890 138
1897900 138
1897910 138
1897920 138
1897930 138
1897940 138
1897950 138
1897960 138
1897970 138
1897980 138
1897990 138
1898000 138
1898010 138
1898020 137
1898030 137
1898040 137
1898050 137
1898060 137
1898070 136
1898080 135
1898090 135
1898100 135
1898110 138
1898120 138
1898130 138
1898140 138
1898150 138
1898160 138
1898170 138
1898180 138
1898190 138
1898200 138
1898210 138
1898220 138
1898230 138
1898240 138
1898250 138
1898260 138
1898270 138
1898280 138
1898290 138
1898300 138
1898310 138
1898320 138
1898330 138
1898340 138
1898350 138
1898360 138
1898370 138
1898380 138
1898390 138
1898400 138
1898410 138
1898420 138
1898430 138
1898440 138
1898450 138
1898460 138
1898470 138
1898480 138
1898490 138
1898500 138
1898510 138
1898520 138
1898530 138
1898540 138
1898550 138
1898560 138
1898570 138
1898580 138
1898590 138
1898600 138
1898610 138
1898620 138
1898630 138
1898640 138
1898650 138
1898660 138
1898670 138
1898680 138
1898690 138
1898700 138
1898710 138
1898720 138
1898730 138
1898740 138
1898750 138
1898760 138
1898770 138
1898780 138
1898790 138
1898800 138
1898810 138
1898820 138
1898830 138
1898840 138
1898850 138
1898860 138
1898870 138
1898880 138
1898890 138
1898900 138
1898910 138
1898920 138
1898930 138
1898940 138
1898950 138
1898960 138
1898970 138
1898980 138
1898990 138
1899000 138
1899010 138
1899020 138
1899030 138
1899040 138
1899050 138
1899060 138
1899070 138
1899080 138
1899090 138
1899100 138
1899110 138
1899120 138
1899130 138
1899140 138
1899150 138
1899160 138
1899170 138
1899180 138
1899190 138
1899200 138
1899210 137
1899220 138
1899230 138
1899240 138
1899250 138
1899260 138
1899270 138
1899280 138
1899290 138
1899300 138
1899310 138
1899320 138
1899330 138
1899340 137
1899350 137
1899360 137
1899370 137
1899380 137
1899390 137
1899400 138
1899410 137
1899420 137
1899430 137
1899440 138
1899450 138
1899460 138
1899470 138
1899480 138
1899490 138
1899500 138
1899510 138
1899520 138
1899530 138
1899540 138
1899550 138
1899560 138
1899570 138
1899580 138
1899590 138
1899600 138
1899610 138
1899620 138
1899630 138
1899640 138
1899650 138
1899660 138
1899670 138
1899680 138
1899690 138
1899700 138
1899710 138
1899720 138
1899730 138
1899740 138
1899750 138
1899760 138
1899770 138
1899780 138
1899790 138
1899800 138
1899810 138
1899820 138
1899830 138
1899840 138
1899850 138
1899860 138
1899870 138
1899880 138
1899890 138
1899900 138
1899910 138
1899920 138
1899930 138
1899940 138
1899950 138
1899960 138
1899970 138
1899980 137
1899990 137
