1880000 162
1880010 164
1880020 166
1880030 166
1880040 170
1880050 171
1880060 171
1880070 171
1880080 171
1880090 171
1880100 171
1880110 172
1880120 172
1880130 172
1880140 173
1880150 173
1880160 173
1880170 174
1880180 174
1880190 174
1880200 175
1880210 175
1880220 175
1880230 176
1880240 176
1880250 176
1880260 176
1880270 176
1880280 176
1880290 176
1880300 175
1880310 175
1880320 175
1880330 175
1880340 175
1880350 175
1880360 175
1880370 175
1880380 175
1880390 174
1880400 174
1880410 174
1880420 174
1880430 174
1880440 173
1880450 173
1880460 173
1880470 173
1880480 173
1880490 173
1880500 173
1880510 173
1880520 173
1880530 173
1880540 174
1880550 174
1880560 174
1880570 175
1880580 175
1880590 175
1880600 175
1880610 175
1880620 175
1880630 176
1880640 176
1880650 176
1880660 177
1880670 177
1880680 177
1880690 177
1880700 177
1880710 177
1880720 177
1880730 177
1880740 177
1880750 178
1880760 178
1880770 178
1880780 178
1880790 178
1880800 178
1880810 178
1880820 178
1880830 178
1880840 178
1880850 178
1880860 178
1880870 178
1880880 178
1880890 177
1880900 177
1880910 177
1880920 176
1880930 176
1880940 176
1880950 176
1880960 175
1880970 175
1880980 175
1880990 174
1881000 174
1881010 173
1881020 172
1881030 172
1881040 172
1881050 171
1881060 171
1881070 171
1881080 170
1881090 170
1881100 170
1881110 169
1881120 169
1881130 169
1881140 168
1881150 168
1881160 168
1881170 168
1881180 168
1881190 167
1881200 167
1881210 167
1881220 166
1881230 166
1881240 166
1881250 165
1881260 164
1881270 164
1881280 164
1881290 163
1881300 163
1881310 162
1881320 162
1881330 162
1881340 161
1881350 160
1881360 160
1881370 160
1881380 160
1881390 160
1881400 160
1881410 159
1881420 159
1881430 158
1881440 157
1881450 157
1881460 156
1881470 155
1881480 155
1881490 155
1881500 155
1881510 155
1881520 155
1881530 157
1881540 157
1881550 157
1881560 158
1881570 158
1881580 158
1881590 159
1881600 159
1881610 159
1881620 160
1881630 160
1881640 160
1881650 162
1881660 162
1881670 163
1881680 163
1881690 163
1881700 164
1881710 166
1881720 166
1881730 167
1881740 169
1881750 169
1881760 171
1881770 171
1881780 171
1881790 172
1881800 173
1881810 173
1881820 175
1881830 176
1881840 176
1881850 176
1881860 177
1881870 177
1881880 177
1881890 178
1881900 178
1881910 178
1881920 177
1881930 177
1881940 177
1881950 177
1881960 177
1881970 177
1881980 177
1881990 176
1882000 176
1882010 176
1882020 176
1882030 176
1882040 173
1882050 173
1882060 172
1882070 174
1882080 174
1882090 177
1882100 178
1882110 178
1882120 178
1882130 178
1882140 178
1882150 178
1882160 179
1882170 179
1882180 179
1882190 179
1882200 179
1882210 179
1882220 179
1882230 179
1882240 179
1882250 180
1882260 180
1882270 180
1882280 179
1882290 179
1882300 179
1882310 179
1882320 179
1882330 179
1882340 179
1882350 179
1882360 179
1882370 179
1882380 179
1882390 179
1882400 179
1882410 179
1882420 179
1882430 179
1882440 179
1882450 179
1882460 180
1882470 180
1882480 179
1882490 179
1882500 179
1882510 179
1882520 180
1882530 180
1882540 180
1882550 180
1882560 180
1882570 180
1882580 179
1882590 179
1882600 179
1882610 179
1882620 179
1882630 179
1882640 179
1882650 179
1882660 179
1882670 178
1882680 178
1882690 178
1882700 177
1882710 177
1882720 177
1882730 176
1882740 176
1882750 176
1882760 175
1882770 175
1882780 175
1882790 175
1882800 175
1882810 175
1882820 175
1882830 175
1882840 175
1882850 175
1882860 175
1882870 175
1882880 175
1882890 175
1882900 175
1882910 175
1882920 175
1882930 175
1882940 176
1882950 176
1882960 176
1882970 177
1882980 177
1882990 177
1883000 177
1883010 178
1883020 178
1883030 178
1883040 179
1883050 179
1883060 179
1883070 180
1883080 180
1883090 180
1883100 181
1883110 181
1883120 181
1883130 181
1883140 181
1883150 182
1883160 182
1883170 182
1883180 183
1883190 183
1883200 183
1883210 184
1883220 184
1883230 184
1883240 184
1883250 185
1883260 185
1883270 185
1883280 185
1883290 185
1883300 186
1883310 186
1883320 186
1883330 187
1883340 187
1883350 187
1883360 188
1883370 188
1883380 188
1883390 189
1883400 189
1883410 189
1883420 190
1883430 190
1883440 190
1883450 191
1883460 191
1883470 191
1883480 192
1883490 193
1883500 193
1883510 196
1883520 197
1883530 197
1883540 198
1883550 198
1883560 198
1883570 198
1883580 198
1883590 198
1883600 199
1883610 199
1883620 199
1883630 199
1883640 200
1883650 200
1883660 201
1883670 201
1883680 201
1883690 202
1883700 202
1883710 202
1883720 203
1883730 204
1883740 204
1883750 204
1883760 205
1883770 205
1883780 205
1883790 205
1883800 205
1883810 206
1883820 206
1883830 206
1883840 206
1883850 207
1883860 207
1883870 207
1883880 208
1883890 208
1883900 209
1883910 210
1883920 210
1883930 210
1883940 211
1883950 211
1883960 212
1883970 212
1883980 212
1883990 212
1884000 212
1884010 212
1884020 214
1884030 214
1884040 214
1884050 215
1884060 215
1884070 215
1884080 216
1884090 217
1884100 217
1884110 217
1884120 218
1884130 218
1884140 218
1884150 219
1884160 219
1884170 219
1884180 220
1884190 220
1884200 221
1884210 222
1884220 222
1884230 222
1884240 222
1884250 222
1884260 223
1884270 223
1884280 223
1884290 223
1884300 223
1884310 223
1884320 224
1884330 224
1884340 224
1884350 226
1884360 227
1884370 227
1884380 229
1884390 231
1884400 231
1884410 231
1884420 231
1884430 231
1884440 231
1884450 231
1884460 231
1884470 230
1884480 231
1884490 231
1884500 232
1884510 233
1884520 233
1884530 233
1884540 235
1884550 235
1884560 236
1884570 238
1884580 238
1884590 241
1884600 243
1884610 243
1884620 245
1884630 248
1884640 248
1884650 250
1884660 253
1884670 253
1884680 255
1884690 258
1884700 258
1884710 261
1884720 264
1884730 264
1884740 267
1884750 272
1884760 272
1884770 276
1884780 280
1884790 280
1884800 285
1884810 289
1884820 289
1884830 293
1884840 298
1884850 298
1884860 302
1884870 306
1884880 306
1884890 310
1884900 314
1884910 311
1884920 315
1884930 319
1884940 319
1884950 323
1884960 327
1884970 327
1884980 331
1884990 334
1885000 334
1885010 338
1885020 341
1885030 341
1885040 345
1885050 348
1885060 348
1885070 352
1885080 355
1885090 355
1885100 358
1885110 361
1885120 361
1885130 364
1885140 367
1885150 367
1885160 370
1885170 373
1885180 373
1885190 376
1885200 379
1885210 379
1885220 381
1885230 380
1885240 380
1885250 383
1885260 385
1885270 385
1885280 387
1885290 389
1885300 389
1885310 391
1885320 393
1885330 393
1885340 393
1885350 390
1885360 390
1885370 390
1885380 391
1885390 391
1885400 395
1885410 399
1885420 399
1885430 402
1885440 404
1885450 404
1885460 405
1885470 407
1885480 407
1885490 408
1885500 410
1885510 410
1885520 411
1885530 412
1885540 412
1885550 413
1885560 415
1885570 415
1885580 415
1885590 416
1885600 416
1885610 417
1885620 417
1885630 417
1885640 419
1885650 420
1885660 420
1885670 421
1885680 422
1885690 422
1885700 422
1885710 422
1885720 422
1885730 422
1885740 422
1885750 422
1885760 422
1885770 421
1885780 421
1885790 420
1885800 419
1885810 418
1885820 418
1885830 415
1885840 412
1885850 412
1885860 408
1885870 403
1885880 405
1885890 398
1885900 392
1885910 392
1885920 386
1885930 381
1885940 381
1885950 377
1885960 373
1885970 373
1885980 370
1885990 368
1886000 368
1886010 368
1886020 370
1886030 370
1886040 374
1886050 379
1886060 379
1886070 379
1886080 375
1886090 375
1886100 371
1886110 367
1886120 367
1886130 364
1886140 361
1886150 361
1886160 358
1886170 354
1886180 354
1886190 350
1886200 347
1886210 347
1886220 343
1886230 338
1886240 338
1886250 337
1886260 338
1886270 338
1886280 337
1886290 335
1886300 335
1886310 333
1886320 330
1886330 330
1886340 327
1886350 326
1886360 326
1886370 324
1886380 320
1886390 320
1886400 315
1886410 309
1886420 309
1886430 306
1886440 307
1886450 307
1886460 307
1886470 306
1886480 306
1886490 307
1886500 307
1886510 307
1886520 309
1886530 311
1886540 311
1886550 304
1886560 299
1886570 299
1886580 300
1886590 306
1886600 306
1886610 307
1886620 306
1886630 306
1886640 305
1886650 304
1886660 304
1886670 303
1886680 303
1886690 303
1886700 303
1886710 302
1886720 302
1886730 301
1886740 301
1886750 301
1886760 300
1886770 299
1886780 299
1886790 299
1886800 298
1886810 298
1886820 298
1886830 297
1886840 297
1886850 299
1886860 298
1886870 298
1886880 298
1886890 299
1886900 299
1886910 299
1886920 300
1886930 300
1886940 301
1886950 302
1886960 302
1886970 302
1886980 303
1886990 303
1887000 303
1887010 303
1887020 303
1887030 303
1887040 303
1887050 303
1887060 303
1887070 303
1887080 303
1887090 303
1887100 303
1887110 303
1887120 305
1887130 306
1887140 306
1887150 306
1887160 306
1887170 307
1887180 307
1887190 308
1887200 308
1887210 309
1887220 310
1887230 310
1887240 313
1887250 315
1887260 315
1887270 317
1887280 319
1887290 319
1887300 321
1887310 323
1887320 323
1887330 325
1887340 325
1887350 325
1887360 326
1887370 326
1887380 326
1887390 326
1887400 326
1887410 326
1887420 326
1887430 326
1887440 326
1887450 326
1887460 326
1887470 326
1887480 326
1887490 327
1887500 327
1887510 327
1887520 327
1887530 327
1887540 327
1887550 327
1887560 327
1887570 327
1887580 327
1887590 327
1887600 326
1887610 326
1887620 326
1887630 325
1887640 324
1887650 324
1887660 324
1887670 323
1887680 323
1887690 323
1887700 322
1887710 322
1887720 322
1887730 322
1887740 322
1887750 321
1887760 320
1887770 320
1887780 318
1887790 314
1887800 314
1887810 309
1887820 305
1887830 305
1887840 302
1887850 300
1887860 300
1887870 297
1887880 294
1887890 294
1887900 290
1887910 286
1887920 286
1887930 282
1887940 279
1887950 279
1887960 275
1887970 272
1887980 272
1887990 269
1888000 266
1888010 266
1888020 262
1888030 258
1888040 258
1888050 255
1888060 250
1888070 250
1888080 246
1888090 244
1888100 244
1888110 243
1888120 244
1888130 243
1888140 247
1888150 253
1888160 253
1888170 259
1888180 265
1888190 265
1888200 271
1888210 277
1888220 277
1888230 281
1888240 285
1888250 285
1888260 288
1888270 291
1888280 291
1888290 293
1888300 294
1888310 294
1888320 294
1888330 292
1888340 292
1888350 291
1888360 289
1888370 289
1888380 288
1888390 287
1888400 287
1888410 286
1888420 285
1888430 285
1888440 284
1888450 281
1888460 281
1888470 283
1888480 286
1888490 286
1888500 290
1888510 293
1888520 293
1888530 297
1888540 301
1888550 301
1888560 303
1888570 307
1888580 307
1888590 310
1888600 312
1888610 312
1888620 314
1888630 316
1888640 316
1888650 315
1888660 312
1888670 307
1888680 307
1888690 301
1888700 297
1888710 297
1888720 293
1888730 290
1888740 290
1888750 287
1888760 287
1888770 287
1888780 288
1888790 291
1888800 291
1888810 295
1888820 298
1888830 298
1888840 299
1888850 298
1888860 298
1888870 298
1888880 297
1888890 297
1888900 295
1888910 293
1888920 293
1888930 292
1888940 294
1888950 294
1888960 297
1888970 300
1888980 300
1888990 303
1889000 306
1889010 306
1889020 308
1889030 310
1889040 310
1889050 312
1889060 313
1889070 313
1889080 315
1889090 317
1889100 317
1889110 318
1889120 318
1889130 318
1889140 317
1889150 316
1889160 316
1889170 316
1889180 316
1889190 316
1889200 316
1889210 316
1889220 316
1889230 315
1889240 314
1889250 314
1889260 314
1889270 313
1889280 313
1889290 313
1889300 312
1889310 312
1889320 312
1889330 311
1889340 311
1889350 310
1889360 309
1889370 309
1889380 307
1889390 305
1889400 305
1889410 302
1889420 299
1889430 299
1889440 297
1889450 296
1889460 296
1889470 294
1889480 293
1889490 293
1889500 291
1889510 290
1889520 290
1889530 288
1889540 287
1889550 287
1889560 286
1889570 286
1889580 286
1889590 286
1889600 287
1889610 287
1889620 288
1889630 290
1889640 290
1889650 291
1889660 291
1889670 291
1889680 292
1889690 292
1889700 292
1889710 292
1889720 292
1889730 293
1889740 293
1889750 292
1889760 292
1889770 291
1889780 290
1889790 290
1889800 289
1889810 287
1889820 287
1889830 286
1889840 285
1889850 285
1889860 283
1889870 282
1889880 282
1889890 281
1889900 280
1889910 280
1889920 279
1889930 278
1889940 278
1889950 277
1889960 276
1889970 276
1889980 275
1889990 274
1890000 274
1890010 273
1890020 272
1890030 272
1890040 271
1890050 270
1890060 270
1890070 270
1890080 269
1890090 269
1890100 269
1890110 268
1890120 268
1890130 267
1890140 267
1890150 267
1890160 266
1890170 265
1890180 265
1890190 264
1890200 262
1890210 262
1890220 261
1890230 260
1890240 260
1890250 259
1890260 258
1890270 258
1890280 257
1890290 256
1890300 256
1890310 255
1890320 254
1890330 254
1890340 253
1890350 252
1890360 252
1890370 250
1890380 249
1890390 249
1890400 248
1890410 248
1890420 248
1890430 247
1890440 246
1890450 246
1890460 245
1890470 244
1890480 244
1890490 243
1890500 243
1890510 243
1890520 242
1890530 241
1890540 241
1890550 241
1890560 240
1890570 240
1890580 240
1890590 240
1890600 240
1890610 239
1890620 239
1890630 239
1890640 239
1890650 239
1890660 239
1890670 239
1890680 239
1890690 238
1890700 238
1890710 238
1890720 238
1890730 238
1890740 238
1890750 238
1890760 238
1890770 238
1890780 238
1890790 237
1890800 236
1890810 236
1890820 234
1890830 233
1890840 233
1890850 232
1890860 232
1890870 232
1890880 231
1890890 231
1890900 231
1890910 231
1890920 231
1890930 231
1890940 230
1890950 230
1890960 230
1890970 230
1890980 230
1890990 230
1891000 230
1891010 229
1891020 229
1891030 229
1891040 229
1891050 229
1891060 229
1891070 229
1891080 229
1891090 229
1891100 228
1891110 228
1891120 228
1891130 228
1891140 228
1891150 228
1891160 227
1891170 227
1891180 227
1891190 227
1891200 227
1891210 227
1891220 227
1891230 227
1891240 226
1891250 226
1891260 226
1891270 226
1891280 226
1891290 226
1891300 225
1891310 225
1891320 225
1891330 225
1891340 225
1891350 225
1891360 225
1891370 224
1891380 224
1891390 224
1891400 224
1891410 224
1891420 224
1891430 224
1891440 224
1891450 224
1891460 223
1891470 223
1891480 223
1891490 222
1891500 222
1891510 222
1891520 222
1891530 222
1891540 221
1891550 220
1891560 220
1891570 218
1891580 216
1891590 214
1891600 214
1891610 211
1891620 209
1891630 209
1891640 208
1891650 212
1891660 212
1891670 212
1891680 212
1891690 212
1891700 211
1891710 211
1891720 211
1891730 210
1891740 209
1891750 209
1891760 208
1891770 206
1891780 206
1891790 205
1891800 203
1891810 203
1891820 204
1891830 203
1891840 203
1891850 203
1891860 203
1891870 203
1891880 202
1891890 202
1891900 202
1891910 201
1891920 200
1891930 200
1891940 199
1891950 198
1891960 199
1891970 197
1891980 195
1891990 195
1892000 194
1892010 192
1892020 192
1892030 191
1892040 190
1892050 190
1892060 189
1892070 189
1892080 189
1892090 188
1892100 188
1892110 188
1892120 187
1892130 187
1892140 187
1892150 187
1892160 187
1892170 187
1892180 187
1892190 186
1892200 186
1892210 186
1892220 186
1892230 186
1892240 186
1892250 185
1892260 185
1892270 185
1892280 182
1892290 182
1892300 181
1892310 180
1892320 180
1892330 179
1892340 177
1892350 177
1892360 176
1892370 174
1892380 174
1892390 172
1892400 171
1892410 171
1892420 170
1892430 170
1892440 170
1892450 170
1892460 170
1892470 170
1892480 170
1892490 170
1892500 170
1892510 170
1892520 170
1892530 170
1892540 170
1892550 170
1892560 170
1892570 171
1892580 171
1892590 171
1892600 171
1892610 171
1892620 171
1892630 171
1892640 172
1892650 172
1892660 172
1892670 172
1892680 172
1892690 172
1892700 173
1892710 173
1892720 173
1892730 173
1892740 173
1892750 173
1892760 174
1892770 174
1892780 174
1892790 174
1892800 174
1892810 175
1892820 175
1892830 175
1892840 175
1892850 176
1892860 176
1892870 176
1892880 176
1892890 176
1892900 177
1892910 177
1892920 177
1892930 177
1892940 178
1892950 178
1892960 178
1892970 178
1892980 178
1892990 179
1893000 179
1893010 179
1893020 179
1893030 180
1893040 180
1893050 180
1893060 181
1893070 181
1893080 181
1893090 182
1893100 182
1893110 182
1893120 183
1893130 183
1893140 183
1893150 184
1893160 184
1893170 184
1893180 185
1893190 185
1893200 185
1893210 186
1893220 186
1893230 186
1893240 187
1893250 187
1893260 188
1893270 190
1893280 190
1893290 191
1893300 192
1893310 192
1893320 194
1893330 196
1893340 196
1893350 198
1893360 200
1893370 200
1893380 202
1893390 203
1893400 203
1893410 204
1893420 206
1893430 206
1893440 207
1893450 208
1893460 208
1893470 209
1893480 211
1893490 211
1893500 213
1893510 215
1893520 215
1893530 217
1893540 219
1893550 221
1893560 223
1893570 225
1893580 225
1893590 227
1893600 229
1893610 229
1893620 230
1893630 231
1893640 231
1893650 232
1893660 233
1893670 233
1893680 234
1893690 235
1893700 235
1893710 236
1893720 237
1893730 237
1893740 238
1893750 238
1893760 238
1893770 239
1893780 240
1893790 240
1893800 241
1893810 242
1893820 242
1893830 243
1893840 243
1893850 243
1893860 241
1893870 241
1893880 241
1893890 240
1893900 239
1893910 239
1893920 239
1893930 241
1893940 241
1893950 245
1893960 248
1893970 248
1893980 251
1893990 254
1894000 254
1894010 257
1894020 260
1894030 260
1894040 262
1894050 265
1894060 265
1894070 267
1894080 270
1894090 270
1894100 273
1894110 275
1894120 275
1894130 278
1894140 281
1894150 281
1894160 282
1894170 283
1894180 282
1894190 283
1894200 284
1894210 284
1894220 284
1894230 285
1894240 285
1894250 285
1894260 286
1894270 286
1894280 286
1894290 286
1894300 286
1894310 286
1894320 286
1894330 286
1894340 286
1894350 285
1894360 285
1894370 285
1894380 284
1894390 284
1894400 282
1894410 281
1894420 281
1894430 279
1894440 277
1894450 277
1894460 275
1894470 273
1894480 271
1894490 271
1894500 267
1894510 265
1894520 265
1894530 263
1894540 261
1894550 261
1894560 259
1894570 256
1894580 256
1894590 253
1894600 250
1894610 250
1894620 247
1894630 245
1894640 245
1894650 243
1894660 242
1894670 242
1894680 241
1894690 240
1894700 240
1894710 239
1894720 238
1894730 238
1894740 236
1894750 233
1894760 233
1894770 231
1894780 228
1894790 228
1894800 225
1894810 220
1894820 220
1894830 217
1894840 216
1894850 216
1894860 214
1894870 213
1894880 213
1894890 211
1894900 209
1894910 209
1894920 207
1894930 204
1894940 204
1894950 201
1894960 199
1894970 199
1894980 196
1894990 194
1895000 194
1895010 191
1895020 189
1895030 189
1895040 187
1895050 185
1895060 185
1895070 183
1895080 182
1895090 182
1895100 180
1895110 178
1895120 178
1895130 176
1895140 175
1895150 175
1895160 174
1895170 172
1895180 172
1895190 171
1895200 170
1895210 170
1895220 169
1895230 167
1895240 167
1895250 166
1895260 165
1895270 165
1895280 164
1895290 163
1895300 163
1895310 161
1895320 160
1895330 160
1895340 158
1895350 157
1895360 157
1895370 153
1895380 149
1895390 149
1895400 145
1895410 141
1895420 141
1895430 139
1895440 138
1895450 138
1895460 138
1895470 138
1895480 138
1895490 138
1895500 138
1895510 138
1895520 138
1895530 138
1895540 138
1895550 138
1895560 138
1895570 138
1895580 138
1895590 138
1895600 138
1895610 138
1895620 138
1895630 138
1895640 138
1895650 138
1895660 138
1895670 138
1895680 138
1895690 138
1895700 138
1895710 138
1895720 138
1895730 138
1895740 138
1895750 138
1895760 138
1895770 138
1895780 138
1895790 138
1895800 138
1895810 138
1895820 138
1895830 139
1895840 139
1895850 139
1895860 139
1895870 139
1895880 138
1895890 138
1895900 138
1895910 138
1895920 138
1895930 138
1895940 138
1895950 139
1895960 139
1895970 138
1895980 138
1895990 138
1896000 138
1896010 138
1896020 138
1896030 138
1896040 138
1896050 138
1896060 138
1896070 138
1896080 138
1896090 139
1896100 139
1896110 139
1896120 139
1896130 139
1896140 139
1896150 139
1896160 139
1896170 139
1896180 139
1896190 139
1896200 139
1896210 139
1896220 139
1896230 139
1896240 139
1896250 140
1896260 140
1896270 141
1896280 141
1896290 141
1896300 141
1896310 142
1896320 142
1896330 141
1896340 140
1896350 140
1896360 139
1896370 139
1896380 139
1896390 138
1896400 138
1896410 138
1896420 138
1896430 139
1896440 139
1896450 138
1896460 138
1896470 138
1896480 138
1896490 138
1896500 138
1896510 138
1896520 138
1896530 138
1896540 138
1896550 138
1896560 138
1896570 138
1896580 138
1896590 138
1896600 138
1896610 138
1896620 138
1896630 138
1896640 138
1896650 138
1896660 138
1896670 138
1896680 138
1896690 138
1896700 138
1896710 138
1896720 138
1896730 138
1896740 138
1896750 138
1896760 138
1896770 138
1896780 138
1896790 138
1896800 138
1896810 138
1896820 138
1896830 138
1896840 138
1896850 138
1896860 138
1896870 138
1896880 138
1896890 138
1896900 138
1896910 138
1896920 138
1896930 138
1896940 138
1896950 138
1896960 138
1896970 138
1896980 138
1896990 138
1897000 138
1897010 138
1897020 138
1897030 138
1897040 138
1897050 138
1897060 138
1897070 138
1897080 138
1897090 138
1897100 138
1897110 138
1897120 138
1897130 138
1897140 138
1897150 138
1897160 138
1897170 138
1897180 138
1897190 138
1897200 138
1897210 138
1897220 138
1897230 138
1897240 138
1897250 138
1897260 138
1897270 138
1897280 138
1897290 138
1897300 138
1897310 138
1897320 137
1897330 137
1897340 137
1897350 137
1897360 137
1897370 137
1897380 137
1897390 137
1897400 137
1897410 137
1897420 138
1897430 138
1897440 138
1897450 138
1897460 139
1897470 139
1897480 139
1897490 139
1897500 139
1897510 138
1897520 137
1897530 137
1897540 137
1897550 138
1897560 138
1897570 138
1897580 138
1897590 138
1897600 138
1897610 137
1897620 137
1897630 137
1897640 137
1897650 137
1897660 137
1897670 137
1897680 137
1897690 137
1897700 137
1897710 137
1897720 137
1897730 137
1897740 137
1897750 137
1897760 138
1897770 138
1897780 138
1897790 138
1897800 138
1897810 138
1897820 137
1897830 137
1897840 137
1897850 138
1897860 138
1897870 138
1897880 138
1897890 138
1897900 138
1897910 138
1897920 138
1897930 138
1897940 138
1897950 138
1897960 138
1897970 138
1897980 138
1897990 138
1898000 137
1898010 137
1898020 137
1898030 137
1898040 137
1898050 136
1898060 136
1898070 136
1898080 135
1898090 136
1898100 136
1898110 138
1898120 138
1898130 138
1898140 138
1898150 138
1898160 138
1898170 138
1898180 138
1898190 138
1898200 138
1898210 138
1898220 138
1898230 138
1898240 138
1898250 138
1898260 138
1898270 138
1898280 138
1898290 138
1898300 138
1898310 138
1898320 138
1898330 138
1898340 138
1898350 138
1898360 138
1898370 138
1898380 138
1898390 138
1898400 138
1898410 138
1898420 138
1898430 138
1898440 138
1898450 138
1898460 138
1898470 138
1898480 138
1898490 138
1898500 138
1898510 138
1898520 138
1898530 138
1898540 138
1898550 138
1898560 138
1898570 138
1898580 138
1898590 138
1898600 138
1898610 138
1898620 138
1898630 138
1898640 138
1898650 138
1898660 138
1898670 138
1898680 138
1898690 138
1898700 138
1898710 138
1898720 138
1898730 138
1898740 138
1898750 138
1898760 138
1898770 138
1898780 138
1898790 138
1898800 138
1898810 138
1898820 138
1898830 138
1898840 138
1898850 138
1898860 138
1898870 138
1898880 138
1898890 138
1898900 138
1898910 138
1898920 138
1898930 138
1898940 138
1898950 137
1898960 138
1898970 138
1898980 138
1898990 138
1899000 138
1899010 138
1899020 138
1899030 138
1899040 138
1899050 138
1899060 138
1899070 138
1899080 138
1899090 138
1899100 138
1899110 138
1899120 138
1899130 138
1899140 138
1899150 138
1899160 138
1899170 138
1899180 138
1899190 138
1899200 138
1899210 138
1899220 138
1899230 138
1899240 138
1899250 138
1899260 137
1899270 137
1899280 137
1899290 138
1899300 138
1899310 138
1899320 138
1899330 138
1899340 138
1899350 137
1899360 137
1899370 137
1899380 137
1899390 137
1899400 137
1899410 137
1899420 137
1899430 137
1899440 138
1899450 138
1899460 138
1899470 138
1899480 138
1899490 138
1899500 138
1899510 138
1899520 138
1899530 138
1899540 138
1899550 138
1899560 138
1899570 138
1899580 138
1899590 138
1899600 138
1899610 138
1899620 138
1899630 138
1899640 138
1899650 138
1899660 138
1899670 138
1899680 138
1899690 138
1899700 138
1899710 138
1899720 138
1899730 138
1899740 138
1899750 138
1899760 138
1899770 138
1899780 138
1899790 138
1899800 138
1899810 138
1899820 138
1899830 138
1899840 138
1899850 138
1899860 138
1899870 138
1899880 138
1899890 138
1899900 138
1899910 138
1899920 138
1899930 138
1899940 138
1899950 138
1899960 138
1899970 137
1899980 138
1899990 138
