1880000 142
1880010 142
1880020 142
1880030 142
1880040 144
1880050 144
1880060 146
1880070 151
1880080 151
1880090 158
1880100 162
1880110 162
1880120 166
1880130 167
1880140 167
1880150 168
1880160 168
1880170 168
1880180 168
1880190 168
1880200 168
1880210 167
1880220 166
1880230 166
1880240 167
1880250 167
1880260 167
1880270 168
1880280 168
1880290 168
1880300 168
1880310 168
1880320 168
1880330 167
1880340 167
1880350 167
1880360 167
1880370 167
1880380 167
1880390 166
1880400 166
1880410 166
1880420 165
1880430 167
1880440 167
1880450 168
1880460 167
1880470 167
1880480 167
1880490 168
1880500 168
1880510 169
1880520 169
1880530 169
1880540 170
1880550 170
1880560 170
1880570 171
1880580 171
1880590 171
1880600 171
1880610 171
1880620 171
1880630 172
1880640 172
1880650 172
1880660 172
1880670 173
1880680 173
1880690 173
1880700 173
1880710 173
1880720 174
1880730 174
1880740 174
1880750 174
1880760 175
1880770 175
1880780 175
1880790 176
1880800 176
1880810 176
1880820 176
1880830 176
1880840 176
1880850 177
1880860 177
1880870 177
1880880 177
1880890 177
1880900 177
1880910 177
1880920 177
1880930 177
1880940 177
1880950 177
1880960 177
1880970 177
1880980 177
1880990 177
1881000 177
1881010 177
1881020 176
1881030 176
1881040 176
1881050 175
1881060 175
1881070 175
1881080 174
1881090 174
1881100 174
1881110 173
1881120 173
1881130 173
1881140 173
1881150 172
1881160 172
1881170 171
1881180 170
1881190 170
1881200 170
1881210 169
1881220 169
1881230 169
1881240 168
1881250 168
1881260 168
1881270 167
1881280 167
1881290 167
1881300 166
1881310 166
1881320 165
1881330 164
1881340 164
1881350 163
1881360 163
1881370 163
1881380 162
1881390 161
1881400 161
1881410 160
1881420 161
1881430 161
1881440 160
1881450 159
1881460 159
1881470 158
1881480 157
1881490 157
1881500 156
1881510 155
1881520 155
1881530 153
1881540 154
1881550 154
1881560 154
1881570 154
1881580 154
1881590 154
1881600 155
1881610 155
1881620 155
1881630 156
1881640 156
1881650 158
1881660 158
1881670 158
1881680 158
1881690 160
1881700 160
1881710 162
1881720 163
1881730 164
1881740 164
1881750 164
1881760 166
1881770 166
1881780 166
1881790 166
1881800 166
1881810 167
1881820 167
1881830 167
1881840 167
1881850 168
1881860 168
1881870 168
1881880 169
1881890 168
1881900 169
1881910 170
1881920 170
1881930 170
1881940 171
1881950 171
1881960 172
1881970 173
1881980 173
1881990 173
1882000 173
1882010 173
1882020 172
1882030 171
1882040 171
1882050 171
1882060 172
1882070 172
1882080 172
1882090 172
1882100 172
1882110 172
1882120 172
1882130 172
1882140 172
1882150 171
1882160 171
1882170 171
1882180 172
1882190 172
1882200 172
1882210 172
1882220 172
1882230 175
1882240 177
1882250 177
1882260 177
1882270 176
1882280 176
1882290 176
1882300 176
1882310 176
1882320 176
1882330 176
1882340 176
1882350 176
1882360 176
1882370 176
1882380 176
1882390 176
1882400 176
1882410 176
1882420 177
1882430 177
1882440 177
1882450 177
1882460 177
1882470 178
1882480 178
1882490 178
1882500 178
1882510 178
1882520 178
1882530 178
1882540 177
1882550 177
1882560 176
1882570 176
1882580 176
1882590 175
1882600 175
1882610 175
1882620 174
1882630 174
1882640 174
1882650 174
1882660 173
1882670 173
1882680 173
1882690 173
1882700 173
1882710 172
1882720 172
1882730 172
1882740 172
1882750 172
1882760 172
1882770 172
1882780 172
1882790 172
1882800 172
1882810 172
1882820 172
1882830 172
1882840 172
1882850 172
1882860 173
1882870 173
1882880 173
1882890 173
1882900 173
1882910 173
1882920 174
1882930 174
1882940 174
1882950 175
1882960 175
1882970 175
1882980 176
1882990 177
1883000 177
1883010 177
1883020 178
1883030 178
1883040 178
1883050 178
1883060 178
1883070 178
1883080 179
1883090 179
1883100 179
1883110 179
1883120 179
1883130 180
1883140 180
1883150 180
1883160 181
1883170 181
1883180 181
1883190 182
1883200 183
1883210 183
1883220 184
1883230 184
1883240 184
1883250 185
1883260 185
1883270 185
1883280 188
1883290 190
1883300 190
1883310 191
1883320 191
1883330 191
1883340 192
1883350 193
1883360 193
1883370 195
1883380 198
1883390 198
1883400 199
1883410 200
1883420 200
1883430 200
1883440 201
1883450 201
1883460 201
1883470 202
1883480 202
1883490 202
1883500 202
1883510 203
1883520 203
1883530 204
1883540 204
1883550 204
1883560 204
1883570 204
1883580 204
1883590 204
1883600 204
1883610 204
1883620 204
1883630 204
1883640 205
1883650 206
1883660 206
1883670 207
1883680 208
1883690 208
1883700 209
1883710 210
1883720 210
1883730 211
1883740 212
1883750 212
1883760 212
1883770 213
1883780 213
1883790 214
1883800 215
1883810 215
1883820 216
1883830 216
1883840 217
1883850 218
1883860 218
1883870 218
1883880 219
1883890 219
1883900 219
1883910 221
1883920 221
1883930 221
1883940 223
1883950 225
1883960 225
1883970 226
1883980 227
1883990 227
1884000 227
1884010 227
1884020 227
1884030 227
1884040 228
1884050 228
1884060 229
1884070 229
1884080 229
1884090 229
1884100 229
1884110 229
1884120 230
1884130 230
1884140 230
1884150 230
1884160 231
1884170 231
1884180 232
1884190 232
1884200 232
1884210 232
1884220 232
1884230 232
1884240 232
1884250 233
1884260 233
1884270 233
1884280 233
1884290 233
1884300 233
1884310 233
1884320 233
1884330 234
1884340 234
1884350 234
1884360 235
1884370 235
1884380 235
1884390 235
1884400 235
1884410 235
1884420 235
1884430 235
1884440 235
1884450 235
1884460 236
1884470 236
1884480 237
1884490 237
1884500 237
1884510 238
1884520 238
1884530 238
1884540 238
1884550 239
1884560 239
1884570 241
1884580 242
1884590 243
1884600 243
1884610 244
1884620 246
1884630 246
1884640 247
1884650 248
1884660 248
1884670 249
1884680 251
1884690 251
1884700 253
1884710 255
1884720 255
1884730 257
1884740 260
1884750 260
1884760 264
1884770 267
1884780 267
1884790 270
1884800 272
1884810 268
1884820 270
1884830 273
1884840 273
1884850 276
1884860 278
1884870 278
1884880 280
1884890 282
1884900 282
1884910 285
1884920 287
1884930 287
1884940 290
1884950 294
1884960 294
1884970 298
1884980 303
1884990 303
1885000 309
1885010 314
1885020 314
1885030 318
1885040 322
1885050 322
1885060 326
1885070 330
1885080 330
1885090 333
1885100 337
1885110 337
1885120 341
1885130 346
1885140 346
1885150 349
1885160 352
1885170 352
1885180 354
1885190 357
1885200 357
1885210 360
1885220 363
1885230 363
1885240 367
1885250 370
1885260 370
1885270 374
1885280 377
1885290 377
1885300 380
1885310 383
1885320 383
1885330 386
1885340 390
1885350 390
1885360 393
1885370 396
1885380 396
1885390 400
1885400 402
1885410 402
1885420 404
1885430 405
1885440 405
1885450 407
1885460 409
1885470 409
1885480 411
1885490 413
1885500 413
1885510 415
1885520 417
1885530 417
1885540 419
1885550 420
1885560 420
1885570 422
1885580 423
1885590 423
1885600 424
1885610 426
1885620 426
1885630 427
1885640 428
1885650 428
1885660 429
1885670 430
1885680 430
1885690 431
1885700 432
1885710 432
1885720 432
1885730 433
1885740 433
1885750 433
1885760 433
1885770 433
1885780 435
1885790 435
1885800 435
1885810 435
1885820 434
1885830 434
1885840 434
1885850 433
1885860 433
1885870 433
1885880 432
1885890 432
1885900 430
1885910 428
1885920 428
1885930 423
1885940 416
1885950 416
1885960 412
1885970 410
1885980 410
1885990 410
1886000 411
1886010 411
1886020 414
1886030 415
1886040 415
1886050 414
1886060 411
1886070 411
1886080 406
1886090 400
1886100 403
1886110 398
1886120 395
1886130 395
1886140 393
1886150 391
1886160 391
1886170 389
1886180 387
1886190 387
1886200 384
1886210 382
1886220 382
1886230 380
1886240 378
1886250 378
1886260 375
1886270 372
1886280 372
1886290 369
1886300 366
1886310 366
1886320 362
1886330 359
1886340 359
1886350 355
1886360 352
1886370 352
1886380 350
1886390 347
1886400 347
1886410 345
1886420 347
1886430 347
1886440 346
1886450 345
1886460 345
1886470 344
1886480 343
1886490 343
1886500 341
1886510 339
1886520 339
1886530 338
1886540 336
1886550 336
1886560 335
1886570 334
1886580 334
1886590 331
1886600 330
1886610 330
1886620 331
1886630 331
1886640 331
1886650 330
1886660 329
1886670 329
1886680 328
1886690 327
1886700 327
1886710 326
1886720 326
1886730 326
1886740 329
1886750 329
1886760 329
1886770 330
1886780 330
1886790 330
1886800 331
1886810 331
1886820 331
1886830 331
1886840 331
1886850 331
1886860 331
1886870 331
1886880 331
1886890 330
1886900 330
1886910 330
1886920 330
1886930 330
1886940 330
1886950 330
1886960 329
1886970 329
1886980 329
1886990 328
1887000 328
1887010 326
1887020 325
1887030 325
1887040 325
1887050 325
1887060 325
1887070 325
1887080 325
1887090 325
1887100 324
1887110 323
1887120 323
1887130 323
1887140 324
1887150 324
1887160 325
1887170 329
1887180 329
1887190 331
1887200 332
1887210 332
1887220 333
1887230 333
1887240 333
1887250 334
1887260 334
1887270 334
1887280 334
1887290 334
1887300 334
1887310 334
1887320 334
1887330 334
1887340 334
1887350 334
1887360 334
1887370 334
1887380 334
1887390 335
1887400 335
1887410 335
1887420 335
1887430 336
1887440 336
1887450 336
1887460 336
1887470 336
1887480 336
1887490 336
1887500 335
1887510 335
1887520 335
1887530 334
1887540 333
1887550 333
1887560 331
1887570 330
1887580 330
1887590 328
1887600 324
1887610 324
1887620 321
1887630 318
1887640 318
1887650 315
1887660 313
1887670 313
1887680 310
1887690 307
1887700 307
1887710 302
1887720 300
1887730 300
1887740 297
1887750 295
1887760 295
1887770 292
1887780 288
1887790 288
1887800 286
1887810 284
1887820 284
1887830 281
1887840 279
1887850 279
1887860 277
1887870 275
1887880 275
1887890 273
1887900 270
1887910 270
1887920 268
1887930 266
1887940 266
1887950 263
1887960 260
1887970 260
1887980 257
1887990 254
1888000 254
1888010 250
1888020 247
1888030 244
1888040 245
1888050 245
1888060 245
1888070 243
1888080 240
1888090 240
1888100 238
1888110 238
1888120 238
1888130 242
1888140 246
1888150 246
1888160 251
1888170 256
1888180 256
1888190 258
1888200 260
1888210 260
1888220 263
1888230 265
1888240 265
1888250 266
1888260 267
1888270 267
1888280 269
1888290 271
1888300 271
1888310 274
1888320 276
1888330 276
1888340 278
1888350 287
1888360 287
1888370 289
1888380 291
1888390 291
1888400 294
1888410 296
1888420 296
1888430 296
1888440 294
1888450 294
1888460 292
1888470 289
1888480 289
1888490 289
1888500 290
1888510 290
1888520 293
1888530 295
1888540 295
1888550 298
1888560 300
1888570 300
1888580 303
1888590 305
1888600 305
1888610 307
1888620 309
1888630 309
1888640 311
1888650 310
1888660 310
1888670 306
1888680 304
1888690 304
1888700 301
1888710 298
1888720 298
1888730 294
1888740 291
1888750 291
1888760 288
1888770 285
1888780 285
1888790 283
1888800 281
1888810 281
1888820 277
1888830 274
1888840 274
1888850 278
1888860 283
1888870 283
1888880 288
1888890 292
1888900 292
1888910 295
1888920 297
1888930 297
1888940 299
1888950 300
1888960 300
1888970 301
1888980 304
1888990 302
1889000 306
1889010 309
1889020 309
1889030 312
1889040 314
1889050 314
1889060 316
1889070 317
1889080 317
1889090 318
1889100 319
1889110 319
1889120 321
1889130 321
1889140 321
1889150 320
1889160 320
1889170 320
1889180 320
1889190 321
1889200 321
1889210 321
1889220 320
1889230 320
1889240 318
1889250 316
1889260 316
1889270 315
1889280 315
1889290 315
1889300 316
1889310 315
1889320 315
1889330 314
1889340 313
1889350 313
1889360 312
1889370 312
1889380 312
1889390 311
1889400 310
1889410 310
1889420 308
1889430 308
1889440 308
1889450 307
1889460 308
1889470 308
1889480 308
1889490 308
1889500 308
1889510 308
1889520 307
1889530 307
1889540 307
1889550 307
1889560 307
1889570 307
1889580 307
1889590 307
1889600 306
1889610 305
1889620 305
1889630 304
1889640 303
1889650 303
1889660 302
1889670 301
1889680 301
1889690 300
1889700 299
1889710 299
1889720 298
1889730 297
1889740 297
1889750 295
1889760 294
1889770 294
1889780 292
1889790 291
1889800 291
1889810 290
1889820 288
1889830 288
1889840 287
1889850 285
1889860 285
1889870 283
1889880 281
1889890 281
1889900 280
1889910 279
1889920 279
1889930 277
1889940 276
1889950 275
1889960 274
1889970 272
1889980 272
1889990 271
1890000 270
1890010 270
1890020 269
1890030 267
1890040 267
1890050 266
1890060 265
1890070 265
1890080 264
1890090 263
1890100 263
1890110 262
1890120 261
1890130 261
1890140 260
1890150 259
1890160 259
1890170 259
1890180 258
1890190 258
1890200 257
1890210 257
1890220 257
1890230 256
1890240 255
1890250 255
1890260 255
1890270 254
1890280 254
1890290 254
1890300 253
1890310 253
1890320 253
1890330 252
1890340 252
1890350 251
1890360 250
1890370 250
1890380 249
1890390 249
1890400 248
1890410 248
1890420 247
1890430 246
1890440 246
1890450 245
1890460 244
1890470 244
1890480 244
1890490 243
1890500 243
1890510 242
1890520 241
1890530 241
1890540 241
1890550 240
1890560 240
1890570 239
1890580 239
1890590 239
1890600 238
1890610 238
1890620 238
1890630 237
1890640 237
1890650 237
1890660 236
1890670 236
1890680 236
1890690 235
1890700 235
1890710 235
1890720 235
1890730 234
1890740 234
1890750 234
1890760 233
1890770 233
1890780 233
1890790 233
1890800 233
1890810 232
1890820 232
1890830 232
1890840 232
1890850 232
1890860 232
1890870 231
1890880 231
1890890 231
1890900 231
1890910 231
1890920 231
1890930 230
1890940 230
1890950 230
1890960 230
1890970 230
1890980 230
1890990 229
1891000 229
1891010 229
1891020 229
1891030 229
1891040 229
1891050 228
1891060 228
1891070 228
1891080 228
1891090 228
1891100 228
1891110 227
1891120 227
1891130 227
1891140 227
1891150 227
1891160 227
1891170 227
1891180 226
1891190 226
1891200 226
1891210 226
1891220 226
1891230 226
1891240 226
1891250 226
1891260 226
1891270 225
1891280 225
1891290 225
1891300 225
1891310 225
1891320 225
1891330 225
1891340 225
1891350 224
1891360 224
1891370 224
1891380 224
1891390 224
1891400 224
1891410 224
1891420 224
1891430 224
1891440 223
1891450 223
1891460 223
1891470 223
1891480 223
1891490 223
1891500 223
1891510 222
1891520 222
1891530 222
1891540 222
1891550 222
1891560 222
1891570 221
1891580 221
1891590 221
1891600 221
1891610 221
1891620 221
1891630 221
1891640 221
1891650 220
1891660 220
1891670 220
1891680 220
1891690 219
1891700 219
1891710 219
1891720 218
1891730 218
1891740 217
1891750 217
1891760 217
1891770 216
1891780 215
1891790 215
1891800 214
1891810 213
1891820 213
1891830 212
1891840 211
1891850 211
1891860 211
1891870 209
1891880 209
1891890 206
1891900 203
1891910 203
1891920 199
1891930 196
1891940 196
1891950 193
1891960 191
1891970 191
1891980 189
1891990 187
1892000 187
1892010 186
1892020 185
1892030 185
1892040 184
1892050 182
1892060 182
1892070 180
1892080 179
1892090 179
1892100 179
1892110 179
1892120 179
1892130 178
1892140 178
1892150 178
1892160 177
1892170 176
1892180 176
1892190 175
1892200 175
1892210 175
1892220 174
1892230 173
1892240 173
1892250 172
1892260 172
1892270 172
1892280 171
1892290 171
1892300 171
1892310 171
1892320 170
1892330 170
1892340 170
1892350 170
1892360 170
1892370 169
1892380 169
1892390 169
1892400 169
1892410 169
1892420 169
1892430 169
1892440 169
1892450 169
1892460 169
1892470 169
1892480 169
1892490 169
1892500 169
1892510 169
1892520 168
1892530 169
1892540 169
1892550 169
1892560 169
1892570 169
1892580 169
1892590 169
1892600 169
1892610 169
1892620 169
1892630 169
1892640 170
1892650 170
1892660 170
1892670 170
1892680 171
1892690 171
1892700 171
1892710 172
1892720 172
1892730 172
1892740 173
1892750 173
1892760 173
1892770 173
1892780 173
1892790 173
1892800 174
1892810 174
1892820 174
1892830 174
1892840 174
1892850 175
1892860 175
1892870 175
1892880 176
1892890 176
1892900 176
1892910 177
1892920 177
1892930 177
1892940 178
1892950 178
1892960 178
1892970 179
1892980 179
1892990 179
1893000 180
1893010 180
1893020 180
1893030 180
1893040 181
1893050 181
1893060 182
1893070 183
1893080 183
1893090 183
1893100 184
1893110 184
1893120 185
1893130 187
1893140 187
1893150 187
1893160 188
1893170 188
1893180 189
1893190 190
1893200 190
1893210 191
1893220 192
1893230 192
1893240 193
1893250 194
1893260 194
1893270 192
1893280 191
1893290 191
1893300 191
1893310 191
1893320 192
1893330 192
1893340 195
1893350 198
1893360 198
1893370 202
1893380 206
1893390 206
1893400 210
1893410 212
1893420 212
1893430 214
1893440 215
1893450 212
1893460 214
1893470 215
1893480 215
1893490 217
1893500 218
1893510 218
1893520 218
1893530 219
1893540 219
1893550 219
1893560 219
1893570 219
1893580 218
1893590 218
1893600 218
1893610 217
1893620 215
1893630 215
1893640 214
1893650 212
1893660 212
1893670 211
1893680 209
1893690 209
1893700 207
1893710 207
1893720 207
1893730 211
1893740 214
1893750 214
1893760 217
1893770 220
1893780 220
1893790 224
1893800 227
1893810 227
1893820 229
1893830 231
1893840 231
1893850 232
1893860 233
1893870 233
1893880 234
1893890 236
1893900 236
1893910 239
1893920 242
1893930 242
1893940 245
1893950 249
1893960 249
1893970 252
1893980 255
1893990 255
1894000 259
1894010 262
1894020 262
1894030 265
1894040 268
1894050 268
1894060 271
1894070 273
1894080 274
1894090 277
1894100 278
1894110 278
1894120 278
1894130 279
1894140 279
1894150 280
1894160 280
1894170 280
1894180 280
1894190 281
1894200 281
1894210 281
1894220 281
1894230 281
1894240 280
1894250 278
1894260 278
1894270 276
1894280 274
1894290 274
1894300 272
1894310 270
1894320 270
1894330 268
1894340 266
1894350 266
1894360 265
1894370 263
1894380 263
1894390 260
1894400 257
1894410 257
1894420 255
1894430 253
1894440 253
1894450 251
1894460 249
1894470 249
1894480 248
1894490 246
1894500 246
1894510 245
1894520 243
1894530 243
1894540 241
1894550 238
1894560 238
1894570 236
1894580 233
1894590 233
1894600 231
1894610 229
1894620 229
1894630 228
1894640 227
1894650 227
1894660 226
1894670 224
1894680 224
1894690 222
1894700 220
1894710 217
1894720 215
1894730 214
1894740 214
1894750 212
1894760 211
1894770 211
1894780 209
1894790 206
1894800 206
1894810 204
1894820 202
1894830 202
1894840 200
1894850 197
1894860 197
1894870 195
1894880 194
1894890 194
1894900 193
1894910 190
1894920 190
1894930 187
1894940 185
1894950 185
1894960 182
1894970 179
1894980 179
1894990 176
1895000 176
1895010 176
1895020 175
1895030 169
1895040 169
1895050 169
1895060 168
1895070 168
1895080 168
1895090 167
1895100 167
1895110 167
1895120 166
1895130 166
1895140 166
1895150 165
1895160 165
1895170 165
1895180 165
1895190 165
1895200 164
1895210 162
1895220 162
1895230 160
1895240 158
1895250 158
1895260 155
1895270 150
1895280 150
1895290 145
1895300 140
1895310 140
1895320 139
1895330 138
1895340 138
1895350 138
1895360 139
1895370 139
1895380 139
1895390 138
1895400 138
1895410 138
1895420 138
1895430 138
1895440 138
1895450 138
1895460 138
1895470 138
1895480 138
1895490 138
1895500 139
1895510 139
1895520 139
1895530 139
1895540 138
1895550 138
1895560 138
1895570 138
1895580 138
1895590 138
1895600 138
1895610 138
1895620 138
1895630 138
1895640 138
1895650 139
1895660 139
1895670 139
1895680 139
1895690 139
1895700 139
1895710 138
1895720 138
1895730 138
1895740 139
1895750 139
1895760 139
1895770 138
1895780 139
1895790 139
1895800 141
1895810 140
1895820 140
1895830 140
1895840 140
1895850 140
1895860 140
1895870 140
1895880 140
1895890 140
1895900 140
1895910 140
1895920 141
1895930 141
1895940 141
1895950 141
1895960 142
1895970 141
1895980 140
1895990 139
1896000 139
1896010 139
1896020 139
1896030 139
1896040 139
1896050 139
1896060 139
1896070 139
1896080 139
1896090 139
1896100 139
1896110 139
1896120 139
1896130 139
1896140 139
1896150 139
1896160 139
1896170 138
1896180 138
1896190 138
1896200 138
1896210 138
1896220 138
1896230 138
1896240 138
1896250 138
1896260 138
1896270 138
1896280 138
1896290 138
1896300 138
1896310 138
1896320 138
1896330 138
1896340 138
1896350 138
1896360 138
1896370 138
1896380 138
1896390 138
1896400 138
1896410 138
1896420 138
1896430 138
1896440 138
1896450 138
1896460 138
1896470 138
1896480 138
1896490 138
1896500 138
1896510 138
1896520 138
1896530 138
1896540 138
1896550 138
1896560 138
1896570 138
1896580 138
1896590 138
1896600 138
1896610 138
1896620 138
1896630 138
1896640 138
1896650 138
1896660 138
1896670 138
1896680 138
1896690 138
1896700 138
1896710 138
1896720 138
1896730 138
1896740 138
1896750 138
1896760 138
1896770 138
1896780 138
1896790 138
1896800 138
1896810 138
1896820 138
1896830 138
1896840 138
1896850 138
1896860 138
1896870 138
1896880 138
1896890 138
1896900 138
1896910 138
1896920 138
1896930 138
1896940 138
1896950 138
1896960 138
1896970 138
1896980 138
1896990 138
1897000 138
1897010 138
1897020 138
1897030 138
1897040 138
1897050 138
1897060 138
1897070 138
1897080 138
1897090 138
1897100 138
1897110 138
1897120 138
1897130 138
1897140 138
1897150 138
1897160 138
1897170 138
1897180 138
1897190 138
1897200 138
1897210 138
1897220 138
1897230 138
1897240 138
1897250 138
1897260 137
1897270 137
1897280 137
1897290 137
1897300 137
1897310 138
1897320 138
1897330 138
1897340 138
1897350 138
1897360 138
1897370 138
1897380 138
1897390 138
1897400 137
1897410 137
1897420 137
1897430 138
1897440 138
1897450 138
1897460 138
1897470 138
1897480 138
1897490 138
1897500 138
1897510 138
1897520 138
1897530 138
1897540 138
1897550 138
1897560 138
1897570 138
1897580 137
1897590 137
1897600 137
1897610 137
1897620 137
1897630 137
1897640 137
1897650 138
1897660 138
1897670 138
1897680 138
1897690 138
1897700 137
1897710 137
1897720 137
1897730 137
1897740 137
1897750 137
1897760 137
1897770 138
1897780 138
1897790 138
1897800 138
1897810 138
1897820 138
1897830 138
1897840 138
1897850 138
1897860 138
1897870 138
1897880 138
1897890 137
1897900 137
1897910 137
1897920 138
1897930 138
1897940 138
1897950 138
1897960 138
1897970 138
1897980 138
1897990 138
1898000 137
1898010 137
1898020 137
1898030 137
1898040 137
1898050 137
1898060 137
1898070 136
1898080 136
1898090 136
1898100 136
1898110 136
1898120 138
1898130 139
1898140 139
1898150 139
1898160 139
1898170 139
1898180 139
1898190 138
1898200 138
1898210 138
1898220 138
1898230 138
1898240 138
1898250 138
1898260 138
1898270 138
1898280 138
1898290 138
1898300 138
1898310 138
1898320 138
1898330 138
1898340 138
1898350 138
1898360 138
1898370 138
1898380 138
1898390 138
1898400 138
1898410 138
1898420 138
1898430 138
1898440 138
1898450 138
1898460 138
1898470 138
1898480 138
1898490 138
1898500 138
1898510 138
1898520 138
1898530 138
1898540 138
1898550 138
1898560 138
1898570 138
1898580 138
1898590 138
1898600 138
1898610 138
1898620 138
1898630 138
1898640 138
1898650 138
1898660 138
1898670 138
1898680 138
1898690 138
1898700 138
1898710 138
1898720 138
1898730 138
1898740 138
1898750 138
1898760 138
1898770 138
1898780 138
1898790 138
1898800 138
1898810 138
1898820 138
1898830 138
1898840 138
1898850 138
1898860 138
1898870 138
1898880 138
1898890 138
1898900 138
1898910 138
1898920 138
1898930 138
1898940 138
1898950 138
1898960 138
1898970 138
1898980 138
1898990 138
1899000 138
1899010 138
1899020 138
1899030 138
1899040 138
1899050 138
1899060 138
1899070 138
1899080 138
1899090 138
1899100 138
1899110 138
1899120 138
1899130 138
1899140 138
1899150 138
1899160 138
1899170 138
1899180 138
1899190 138
1899200 138
1899210 138
1899220 138
1899230 138
1899240 138
1899250 138
1899260 138
1899270 138
1899280 138
1899290 138
1899300 138
1899310 138
1899320 138
1899330 138
1899340 138
1899350 138
1899360 138
1899370 138
1899380 138
1899390 138
1899400 138
1899410 138
1899420 138
1899430 138
1899440 138
1899450 138
1899460 138
1899470 138
1899480 138
1899490 138
1899500 138
1899510 138
1899520 138
1899530 138
1899540 138
1899550 138
1899560 138
1899570 138
1899580 138
1899590 138
1899600 138
1899610 138
1899620 138
1899630 138
1899640 138
1899650 138
1899660 138
1899670 138
1899680 138
1899690 138
1899700 138
1899710 138
1899720 138
1899730 138
1899740 138
1899750 138
1899760 138
1899770 138
1899780 138
1899790 138
1899800 138
1899810 138
1899820 138
1899830 138
1899840 138
1899850 138
1899860 138
1899870 138
1899880 138
1899890 138
1899900 138
1899910 138
1899920 138
1899930 138
1899940 138
1899950 138
1899960 138
1899970 138
1899980 138
1899990 138
