1880000 180
1880010 182
1880020 182
1880030 182
1880040 183
1880050 183
1880060 183
1880070 183
1880080 183
1880090 183
1880100 183
1880110 182
1880120 182
1880130 182
1880140 182
1880150 182
1880160 182
1880170 182
1880180 182
1880190 182
1880200 182
1880210 182
1880220 182
1880230 182
1880240 182
1880250 183
1880260 183
1880270 183
1880280 183
1880290 182
1880300 182
1880310 182
1880320 182
1880330 182
1880340 182
1880350 182
1880360 182
1880370 181
1880380 180
1880390 180
1880400 180
1880410 181
1880420 181
1880430 181
1880440 181
1880450 181
1880460 180
1880470 180
1880480 180
1880490 180
1880500 180
1880510 180
1880520 179
1880530 180
1880540 180
1880550 180
1880560 180
1880570 180
1880580 180
1880590 180
1880600 180
1880610 180
1880620 180
1880630 180
1880640 179
1880650 179
1880660 179
1880670 179
1880680 179
1880690 179
1880700 179
1880710 179
1880720 179
1880730 179
1880740 178
1880750 178
1880760 178
1880770 178
1880780 178
1880790 178
1880800 177
1880810 177
1880820 177
1880830 177
1880840 177
1880850 177
1880860 177
1880870 177
1880880 176
1880890 176
1880900 176
1880910 176
1880920 176
1880930 176
1880940 176
1880950 175
1880960 175
1880970 175
1880980 175
1880990 175
1881000 175
1881010 175
1881020 175
1881030 175
1881040 174
1881050 174
1881060 174
1881070 174
1881080 174
1881090 173
1881100 173
1881110 173
1881120 173
1881130 172
1881140 172
1881150 172
1881160 172
1881170 172
1881180 171
1881190 171
1881200 171
1881210 170
1881220 170
1881230 170
1881240 169
1881250 168
1881260 168
1881270 167
1881280 166
1881290 166
1881300 166
1881310 165
1881320 165
1881330 164
1881340 163
1881350 163
1881360 163
1881370 162
1881380 162
1881390 162
1881400 162
1881410 162
1881420 163
1881430 163
1881440 163
1881450 163
1881460 164
1881470 164
1881480 166
1881490 166
1881500 166
1881510 165
1881520 161
1881530 161
1881540 158
1881550 158
1881560 158
1881570 157
1881580 157
1881590 157
1881600 157
1881610 157
1881620 157
1881630 157
1881640 158
1881650 158
1881660 158
1881670 158
1881680 158
1881690 158
1881700 158
1881710 158
1881720 158
1881730 158
1881740 158
1881750 159
1881760 160
1881770 160
1881780 161
1881790 162
1881800 162
1881810 163
1881820 164
1881830 164
1881840 165
1881850 166
1881860 166
1881870 167
1881880 168
1881890 168
1881900 169
1881910 170
1881920 170
1881930 171
1881940 173
1881950 173
1881960 174
1881970 174
1881980 174
1881990 175
1882000 175
1882010 175
1882020 175
1882030 176
1882040 176
1882050 176
1882060 176
1882070 176
1882080 176
1882090 176
1882100 176
1882110 177
1882120 178
1882130 178
1882140 178
1882150 178
1882160 178
1882170 178
1882180 178
1882190 178
1882200 178
1882210 178
1882220 178
1882230 178
1882240 178
1882250 178
1882260 178
1882270 178
1882280 178
1882290 178
1882300 178
1882310 178
1882320 178
1882330 178
1882340 178
1882350 178
1882360 178
1882370 178
1882380 178
1882390 177
1882400 177
1882410 177
1882420 177
1882430 177
1882440 177
1882450 177
1882460 177
1882470 177
1882480 176
1882490 176
1882500 176
1882510 176
1882520 176
1882530 176
1882540 176
1882550 176
1882560 176
1882570 176
1882580 177
1882590 177
1882600 177
1882610 177
1882620 177
1882630 178
1882640 178
1882650 178
1882660 179
1882670 179
1882680 179
1882690 180
1882700 180
1882710 180
1882720 180
1882730 180
1882740 180
1882750 181
1882760 181
1882770 181
1882780 181
1882790 181
1882800 181
1882810 182
1882820 182
1882830 182
1882840 182
1882850 182
1882860 182
1882870 182
1882880 183
1882890 183
1882900 183
1882910 183
1882920 183
1882930 183
1882940 183
1882950 183
1882960 183
1882970 183
1882980 183
1882990 183
1883000 183
1883010 183
1883020 183
1883030 183
1883040 183
1883050 183
1883060 184
1883070 184
1883080 184
1883090 184
1883100 184
1883110 184
1883120 184
1883130 184
1883140 184
1883150 184
1883160 184
1883170 185
1883180 185
1883190 185
1883200 185
1883210 185
1883220 185
1883230 186
1883240 186
1883250 186
1883260 186
1883270 187
1883280 187
1883290 187
1883300 187
1883310 187
1883320 187
1883330 188
1883340 188
1883350 189
1883360 189
1883370 189
1883380 190
1883390 190
1883400 190
1883410 190
1883420 190
1883430 190
1883440 190
1883450 190
1883460 190
1883470 190
1883480 190
1883490 190
1883500 191
1883510 191
1883520 191
1883530 192
1883540 192
1883550 192
1883560 192
1883570 193
1883580 193
1883590 193
1883600 194
1883610 194
1883620 194
1883630 194
1883640 194
1883650 194
1883660 195
1883670 195
1883680 195
1883690 195
1883700 195
1883710 195
1883720 196
1883730 196
1883740 196
1883750 196
1883760 196
1883770 197
1883780 197
1883790 197
1883800 197
1883810 198
1883820 198
1883830 198
1883840 198
1883850 198
1883860 198
1883870 199
1883880 199
1883890 199
1883900 199
1883910 199
1883920 199
1883930 200
1883940 200
1883950 200
1883960 200
1883970 200
1883980 201
1883990 201
1884000 201
1884010 201
1884020 202
1884030 202
1884040 202
1884050 202
1884060 202
1884070 203
1884080 203
1884090 203
1884100 203
1884110 204
1884120 204
1884130 204
1884140 204
1884150 204
1884160 204
1884170 205
1884180 205
1884190 205
1884200 205
1884210 205
1884220 205
1884230 206
1884240 206
1884250 207
1884260 207
1884270 207
1884280 208
1884290 208
1884300 208
1884310 208
1884320 208
1884330 208
1884340 209
1884350 210
1884360 210
1884370 210
1884380 211
1884390 211
1884400 212
1884410 212
1884420 212
1884430 213
1884440 213
1884450 213
1884460 214
1884470 216
1884480 216
1884490 217
1884500 217
1884510 217
1884520 218
1884530 219
1884540 219
1884550 220
1884560 221
1884570 222
1884580 223
1884590 224
1884600 224
1884610 225
1884620 227
1884630 227
1884640 228
1884650 229
1884660 229
1884670 231
1884680 234
1884690 234
1884700 236
1884710 237
1884720 237
1884730 237
1884740 237
1884750 237
1884760 237
1884770 236
1884780 236
1884790 237
1884800 238
1884810 238
1884820 242
1884830 254
1884840 254
1884850 274
1884860 282
1884870 282
1884880 287
1884890 292
1884900 292
1884910 297
1884920 302
1884930 302
1884940 307
1884950 312
1884960 312
1884970 316
1884980 318
1884990 318
1885000 318
1885010 318
1885020 318
1885030 318
1885040 316
1885050 309
1885060 309
1885070 300
1885080 294
1885090 294
1885100 296
1885110 297
1885120 297
1885130 298
1885140 301
1885150 301
1885160 304
1885170 311
1885180 311
1885190 313
1885200 315
1885210 315
1885220 322
1885230 323
1885240 323
1885250 325
1885260 326
1885270 326
1885280 327
1885290 328
1885300 328
1885310 330
1885320 331
1885330 331
1885340 332
1885350 333
1885360 333
1885370 333
1885380 333
1885390 333
1885400 333
1885410 331
1885420 331
1885430 330
1885440 329
1885450 329
1885460 327
1885470 325
1885480 325
1885490 322
1885500 319
1885510 319
1885520 314
1885530 307
1885540 310
1885550 302
1885560 297
1885570 297
1885580 296
1885590 296
1885600 296
1885610 295
1885620 291
1885630 291
1885640 287
1885650 282
1885660 282
1885670 277
1885680 275
1885690 275
1885700 273
1885710 271
1885720 271
1885730 270
1885740 268
1885750 268
1885760 267
1885770 266
1885780 266
1885790 265
1885800 265
1885810 265
1885820 265
1885830 264
1885840 264
1885850 264
1885860 264
1885870 265
1885880 264
1885890 264
1885900 264
1885910 264
1885920 263
1885930 263
1885940 264
1885950 264
1885960 264
1885970 264
1885980 264
1885990 264
1886000 264
1886010 264
1886020 264
1886030 263
1886040 263
1886050 263
1886060 263
1886070 263
1886080 263
1886090 263
1886100 263
1886110 263
1886120 263
1886130 263
1886140 263
1886150 264
1886160 264
1886170 264
1886180 264
1886190 265
1886200 265
1886210 267
1886220 267
1886230 267
1886240 268
1886250 268
1886260 268
1886270 268
1886280 270
1886290 270
1886300 270
1886310 269
1886320 269
1886330 267
1886340 266
1886350 266
1886360 266
1886370 266
1886380 266
1886390 266
1886400 266
1886410 266
1886420 263
1886430 262
1886440 262
1886450 265
1886460 265
1886470 265
1886480 265
1886490 266
1886500 266
1886510 266
1886520 266
1886530 266
1886540 266
1886550 266
1886560 266
1886570 266
1886580 266
1886590 266
1886600 267
1886610 267
1886620 267
1886630 267
1886640 267
1886650 267
1886660 268
1886670 268
1886680 268
1886690 269
1886700 270
1886710 270
1886720 270
1886730 271
1886740 271
1886750 271
1886760 272
1886770 272
1886780 273
1886790 273
1886800 273
1886810 273
1886820 274
1886830 274
1886840 274
1886850 274
1886860 274
1886870 274
1886880 274
1886890 274
1886900 275
1886910 275
1886920 275
1886930 275
1886940 275
1886950 275
1886960 275
1886970 275
1886980 275
1886990 275
1887000 276
1887010 276
1887020 276
1887030 276
1887040 276
1887050 276
1887060 276
1887070 276
1887080 276
1887090 277
1887100 277
1887110 277
1887120 277
1887130 277
1887140 277
1887150 277
1887160 277
1887170 277
1887180 278
1887190 278
1887200 278
1887210 279
1887220 279
1887230 279
1887240 280
1887250 280
1887260 280
1887270 280
1887280 280
1887290 281
1887300 281
1887310 281
1887320 281
1887330 282
1887340 282
1887350 282
1887360 283
1887370 283
1887380 283
1887390 284
1887400 284
1887410 284
1887420 285
1887430 285
1887440 286
1887450 287
1887460 287
1887470 288
1887480 290
1887490 290
1887500 291
1887510 291
1887520 291
1887530 292
1887540 293
1887550 293
1887560 294
1887570 294
1887580 294
1887590 295
1887600 295
1887610 295
1887620 296
1887630 297
1887640 297
1887650 297
1887660 298
1887670 298
1887680 298
1887690 298
1887700 298
1887710 298
1887720 298
1887730 298
1887740 298
1887750 298
1887760 298
1887770 298
1887780 298
1887790 298
1887800 299
1887810 298
1887820 298
1887830 298
1887840 297
1887850 296
1887860 296
1887870 294
1887880 292
1887890 292
1887900 290
1887910 287
1887920 287
1887930 283
1887940 280
1887950 280
1887960 276
1887970 273
1887980 273
1887990 271
1888000 269
1888010 269
1888020 267
1888030 265
1888040 265
1888050 263
1888060 262
1888070 262
1888080 260
1888090 259
1888100 259
1888110 257
1888120 256
1888130 256
1888140 258
1888150 262
1888160 262
1888170 266
1888180 270
1888190 270
1888200 274
1888210 277
1888220 277
1888230 280
1888240 283
1888250 283
1888260 284
1888270 284
1888280 284
1888290 285
1888300 286
1888310 286
1888320 286
1888330 286
1888340 286
1888350 286
1888360 286
1888370 286
1888380 286
1888390 286
1888400 286
1888410 286
1888420 286
1888430 286
1888440 287
1888450 288
1888460 288
1888470 288
1888480 288
1888490 288
1888500 288
1888510 288
1888520 288
1888530 288
1888540 289
1888550 289
1888560 289
1888570 290
1888580 290
1888590 290
1888600 290
1888610 290
1888620 290
1888630 291
1888640 291
1888650 292
1888660 293
1888670 293
1888680 293
1888690 294
1888700 294
1888710 296
1888720 297
1888730 297
1888740 298
1888750 300
1888760 301
1888770 302
1888780 304
1888790 304
1888800 304
1888810 305
1888820 305
1888830 306
1888840 307
1888850 307
1888860 309
1888870 309
1888880 309
1888890 310
1888900 310
1888910 310
1888920 310
1888930 310
1888940 310
1888950 311
1888960 311
1888970 311
1888980 311
1888990 311
1889000 311
1889010 311
1889020 311
1889030 311
1889040 311
1889050 311
1889060 311
1889070 311
1889080 312
1889090 312
1889100 313
1889110 314
1889120 314
1889130 314
1889140 314
1889150 314
1889160 313
1889170 312
1889180 312
1889190 312
1889200 311
1889210 311
1889220 311
1889230 310
1889240 310
1889250 310
1889260 311
1889270 311
1889280 311
1889290 310
1889300 310
1889310 310
1889320 309
1889330 309
1889340 308
1889350 308
1889360 308
1889370 308
1889380 308
1889390 308
1889400 308
1889410 308
1889420 308
1889430 307
1889440 307
1889450 307
1889460 306
1889470 305
1889480 305
1889490 304
1889500 303
1889510 303
1889520 301
1889530 300
1889540 300
1889550 298
1889560 297
1889570 297
1889580 295
1889590 294
1889600 294
1889610 292
1889620 291
1889630 291
1889640 290
1889650 289
1889660 289
1889670 288
1889680 286
1889690 286
1889700 285
1889710 284
1889720 284
1889730 283
1889740 282
1889750 282
1889760 280
1889770 279
1889780 279
1889790 278
1889800 277
1889810 277
1889820 275
1889830 274
1889840 274
1889850 273
1889860 270
1889870 270
1889880 268
1889890 266
1889900 266
1889910 263
1889920 261
1889930 261
1889940 259
1889950 258
1889960 258
1889970 257
1889980 256
1889990 256
1890000 256
1890010 256
1890020 256
1890030 257
1890040 261
1890050 261
1890060 266
1890070 269
1890080 269
1890090 270
1890100 271
1890110 271
1890120 271
1890130 271
1890140 271
1890150 271
1890160 270
1890170 270
1890180 270
1890190 269
1890200 269
1890210 268
1890220 266
1890230 266
1890240 265
1890250 262
1890260 262
1890270 259
1890280 256
1890290 256
1890300 254
1890310 250
1890320 250
1890330 247
1890340 244
1890350 244
1890360 240
1890370 240
1890380 240
1890390 239
1890400 240
1890410 240
1890420 241
1890430 243
1890440 243
1890450 245
1890460 247
1890470 247
1890480 247
1890490 247
1890500 247
1890510 247
1890520 246
1890530 246
1890540 245
1890550 244
1890560 244
1890570 242
1890580 240
1890590 238
1890600 238
1890610 236
1890620 236
1890630 236
1890640 236
1890650 237
1890660 237
1890670 239
1890680 242
1890690 242
1890700 243
1890710 243
1890720 243
1890730 243
1890740 243
1890750 243
1890760 243
1890770 242
1890780 242
1890790 241
1890800 241
1890810 241
1890820 240
1890830 239
1890840 239
1890850 238
1890860 236
1890870 236
1890880 234
1890890 232
1890900 232
1890910 231
1890920 231
1890930 231
1890940 232
1890950 234
1890960 234
1890970 234
1890980 235
1890990 236
1891000 237
1891010 238
1891020 238
1891030 239
1891040 240
1891050 240
1891060 240
1891070 241
1891080 241
1891090 241
1891100 241
1891110 241
1891120 240
1891130 239
1891140 239
1891150 238
1891160 237
1891170 237
1891180 236
1891190 235
1891200 235
1891210 234
1891220 232
1891230 232
1891240 231
1891250 229
1891260 229
1891270 227
1891280 225
1891290 225
1891300 223
1891310 224
1891320 224
1891330 223
1891340 222
1891350 222
1891360 221
1891370 219
1891380 219
1891390 217
1891400 214
1891410 214
1891420 212
1891430 209
1891440 209
1891450 207
1891460 207
1891470 207
1891480 207
1891490 206
1891500 206
1891510 206
1891520 206
1891530 206
1891540 206
1891550 205
1891560 205
1891570 205
1891580 205
1891590 205
1891600 204
1891610 204
1891620 204
1891630 203
1891640 203
1891650 203
1891660 203
1891670 203
1891680 203
1891690 202
1891700 202
1891710 202
1891720 202
1891730 202
1891740 202
1891750 202
1891760 201
1891770 201
1891780 201
1891790 201
1891800 201
1891810 201
1891820 201
1891830 201
1891840 200
1891850 200
1891860 200
1891870 200
1891880 200
1891890 200
1891900 200
1891910 201
1891920 201
1891930 201
1891940 201
1891950 203
1891960 203
1891970 204
1891980 204
1891990 204
1892000 204
1892010 204
1892020 204
1892030 204
1892040 204
1892050 203
1892060 203
1892070 203
1892080 203
1892090 203
1892100 203
1892110 202
1892120 202
1892130 202
1892140 201
1892150 200
1892160 200
1892170 200
1892180 200
1892190 200
1892200 199
1892210 199
1892220 199
1892230 199
1892240 198
1892250 198
1892260 198
1892270 196
1892280 196
1892290 195
1892300 194
1892310 194
1892320 193
1892330 192
1892340 192
1892350 192
1892360 191
1892370 191
1892380 190
1892390 189
1892400 189
1892410 188
1892420 188
1892430 188
1892440 187
1892450 186
1892460 186
1892470 185
1892480 184
1892490 184
1892500 183
1892510 182
1892520 182
1892530 181
1892540 180
1892550 180
1892560 180
1892570 179
1892580 178
1892590 178
1892600 178
1892610 178
1892620 178
1892630 178
1892640 178
1892650 178
1892660 178
1892670 178
1892680 178
1892690 179
1892700 179
1892710 179
1892720 180
1892730 180
1892740 183
1892750 185
1892760 185
1892770 187
1892780 189
1892790 189
1892800 192
1892810 194
1892820 194
1892830 196
1892840 199
1892850 199
1892860 201
1892870 203
1892880 203
1892890 204
1892900 207
1892910 207
1892920 208
1892930 209
1892940 209
1892950 210
1892960 212
1892970 212
1892980 213
1892990 214
1893000 214
1893010 214
1893020 215
1893030 215
1893040 216
1893050 216
1893060 216
1893070 216
1893080 216
1893090 216
1893100 215
1893110 214
1893120 214
1893130 214
1893140 214
1893150 214
1893160 215
1893170 217
1893180 217
1893190 218
1893200 219
1893210 219
1893220 220
1893230 222
1893240 222
1893250 222
1893260 223
1893270 223
1893280 223
1893290 223
1893300 223
1893310 224
1893320 225
1893330 225
1893340 225
1893350 225
1893360 224
1893370 224
1893380 223
1893390 222
1893400 222
1893410 220
1893420 218
1893430 218
1893440 217
1893450 216
1893460 216
1893470 214
1893480 213
1893490 213
1893500 212
1893510 210
1893520 210
1893530 206
1893540 205
1893550 205
1893560 205
1893570 205
1893580 205
1893590 205
1893600 203
1893610 203
1893620 202
1893630 201
1893640 201
1893650 201
1893660 200
1893670 200
1893680 200
1893690 200
1893700 200
1893710 202
1893720 203
1893730 203
1893740 205
1893750 206
1893760 206
1893770 209
1893780 211
1893790 211
1893800 213
1893810 215
1893820 215
1893830 218
1893840 220
1893850 218
1893860 218
1893870 218
1893880 218
1893890 217
1893900 217
1893910 217
1893920 217
1893930 216
1893940 216
1893950 217
1893960 215
1893970 215
1893980 215
1893990 220
1894000 220
1894010 225
1894020 230
1894030 230
1894040 234
1894050 237
1894060 237
1894070 240
1894080 243
1894090 243
1894100 246
1894110 249
1894120 249
1894130 251
1894140 253
1894150 253
1894160 255
1894170 253
1894180 253
1894190 254
1894200 255
1894210 255
1894220 256
1894230 258
1894240 258
1894250 260
1894260 262
1894270 262
1894280 265
1894290 267
1894300 267
1894310 269
1894320 272
1894330 272
1894340 275
1894350 277
1894360 277
1894370 280
1894380 282
1894390 282
1894400 284
1894410 286
1894420 286
1894430 288
1894440 289
1894450 289
1894460 291
1894470 292
1894480 293
1894490 293
1894500 293
1894510 293
1894520 293
1894530 293
1894540 293
1894550 293
1894560 293
1894570 293
1894580 293
1894590 293
1894600 293
1894610 293
1894620 292
1894630 292
1894640 291
1894650 290
1894660 290
1894670 288
1894680 285
1894690 285
1894700 282
1894710 278
1894720 278
1894730 273
1894740 268
1894750 268
1894760 264
1894770 260
1894780 260
1894790 256
1894800 252
1894810 252
1894820 247
1894830 243
1894840 243
1894850 240
1894860 236
1894870 236
1894880 233
1894890 231
1894900 231
1894910 228
1894920 225
1894930 225
1894940 222
1894950 220
1894960 220
1894970 218
1894980 215
1894990 215
1895000 213
1895010 211
1895020 211
1895030 209
1895040 208
1895050 208
1895060 206
1895070 204
1895080 204
1895090 202
1895100 200
1895110 202
1895120 200
1895130 198
1895140 198
1895150 195
1895160 192
1895170 192
1895180 190
1895190 189
1895200 189
1895210 189
1895220 188
1895230 188
1895240 187
1895250 185
1895260 185
1895270 182
1895280 181
1895290 181
1895300 180
1895310 180
1895320 180
1895330 179
1895340 178
1895350 178
1895360 177
1895370 177
1895380 177
1895390 177
1895400 177
1895410 177
1895420 176
1895430 172
1895440 172
1895450 172
1895460 172
1895470 172
1895480 173
1895490 172
1895500 172
1895510 171
1895520 170
1895530 170
1895540 171
1895550 172
1895560 172
1895570 171
1895580 171
1895590 171
1895600 171
1895610 170
1895620 170
1895630 169
1895640 169
1895650 169
1895660 168
1895670 167
1895680 167
1895690 166
1895700 161
1895710 161
1895720 155
1895730 151
1895740 150
1895750 148
1895760 154
1895770 154
1895780 159
1895790 163
1895800 163
1895810 163
1895820 162
1895830 162
1895840 159
1895850 155
1895860 155
1895870 151
1895880 149
1895890 149
1895900 145
1895910 141
1895920 141
1895930 139
1895940 138
1895950 138
1895960 138
1895970 138
1895980 138
1895990 138
1896000 138
1896010 138
1896020 138
1896030 139
1896040 139
1896050 138
1896060 138
1896070 138
1896080 138
1896090 137
1896100 137
1896110 137
1896120 137
1896130 137
1896140 137
1896150 138
1896160 138
1896170 138
1896180 138
1896190 138
1896200 138
1896210 138
1896220 138
1896230 138
1896240 138
1896250 138
1896260 138
1896270 138
1896280 138
1896290 138
1896300 138
1896310 138
1896320 138
1896330 138
1896340 138
1896350 138
1896360 138
1896370 138
1896380 138
1896390 138
1896400 138
1896410 138
1896420 138
1896430 138
1896440 138
1896450 138
1896460 138
1896470 138
1896480 138
1896490 138
1896500 138
1896510 138
1896520 138
1896530 138
1896540 138
1896550 138
1896560 138
1896570 138
1896580 138
1896590 138
1896600 138
1896610 138
1896620 138
1896630 138
1896640 138
1896650 138
1896660 138
1896670 138
1896680 138
1896690 138
1896700 138
1896710 138
1896720 138
1896730 138
1896740 138
1896750 138
1896760 138
1896770 138
1896780 137
1896790 137
1896800 137
1896810 137
1896820 137
1896830 137
1896840 137
1896850 138
1896860 138
1896870 138
1896880 138
1896890 138
1896900 138
1896910 138
1896920 138
1896930 138
1896940 138
1896950 138
1896960 138
1896970 138
1896980 138
1896990 138
1897000 138
1897010 138
1897020 138
1897030 138
1897040 138
1897050 138
1897060 138
1897070 138
1897080 138
1897090 138
1897100 138
1897110 138
1897120 138
1897130 138
1897140 138
1897150 138
1897160 138
1897170 138
1897180 138
1897190 138
1897200 138
1897210 138
1897220 138
1897230 138
1897240 138
1897250 138
1897260 138
1897270 138
1897280 138
1897290 138
1897300 138
1897310 138
1897320 138
1897330 138
1897340 138
1897350 138
1897360 138
1897370 138
1897380 138
1897390 139
1897400 139
1897410 140
1897420 141
1897430 141
1897440 142
1897450 141
1897460 141
1897470 142
1897480 142
1897490 142
1897500 141
1897510 140
1897520 140
1897530 139
1897540 139
1897550 139
1897560 138
1897570 138
1897580 138
1897590 139
1897600 139
1897610 139
1897620 138
1897630 138
1897640 138
1897650 138
1897660 138
1897670 138
1897680 138
1897690 138
1897700 138
1897710 138
1897720 138
1897730 138
1897740 138
1897750 138
1897760 138
1897770 137
1897780 137
1897790 137
1897800 138
1897810 138
1897820 138
1897830 138
1897840 138
1897850 138
1897860 138
1897870 138
1897880 138
1897890 138
1897900 138
1897910 138
1897920 138
1897930 138
1897940 138
1897950 138
1897960 138
1897970 138
1897980 138
1897990 138
1898000 138
1898010 138
1898020 138
1898030 138
1898040 138
1898050 138
1898060 138
1898070 138
1898080 138
1898090 138
1898100 138
1898110 138
1898120 138
1898130 138
1898140 138
1898150 138
1898160 138
1898170 138
1898180 138
1898190 138
1898200 138
1898210 138
1898220 138
1898230 138
1898240 138
1898250 138
1898260 138
1898270 138
1898280 138
1898290 138
1898300 138
1898310 138
1898320 138
1898330 138
1898340 138
1898350 137
1898360 137
1898370 137
1898380 137
1898390 137
1898400 137
1898410 137
1898420 137
1898430 137
1898440 137
1898450 137
1898460 137
1898470 137
1898480 137
1898490 137
1898500 137
1898510 137
1898520 137
1898530 137
1898540 137
1898550 137
1898560 137
1898570 137
1898580 137
1898590 137
1898600 137
1898610 137
1898620 136
1898630 136
1898640 136
1898650 136
1898660 136
1898670 136
1898680 139
1898690 139
1898700 140
1898710 138
1898720 138
1898730 141
1898740 141
1898750 141
1898760 140
1898770 140
1898780 140
1898790 140
1898800 140
1898810 140
1898820 140
1898830 140
1898840 140
1898850 140
1898860 140
1898870 140
1898880 140
1898890 140
1898900 140
1898910 140
1898920 141
1898930 141
1898940 141
1898950 141
1898960 141
1898970 141
1898980 140
1898990 140
1899000 140
1899010 140
1899020 140
1899030 140
1899040 140
1899050 140
1899060 140
1899070 140
1899080 140
1899090 140
1899100 140
1899110 140
1899120 140
1899130 140
1899140 140
1899150 140
1899160 140
1899170 140
1899180 140
1899190 140
1899200 140
1899210 140
1899220 140
1899230 140
1899240 140
1899250 140
1899260 140
1899270 140
1899280 140
1899290 140
1899300 140
1899310 140
1899320 140
1899330 140
1899340 140
1899350 141
1899360 141
1899370 141
1899380 141
1899390 141
1899400 141
1899410 141
1899420 141
1899430 141
1899440 141
1899450 141
1899460 141
1899470 141
1899480 141
1899490 141
1899500 141
1899510 141
1899520 139
1899530 139
1899540 139
1899550 138
1899560 139
1899570 139
1899580 139
1899590 139
1899600 139
1899610 139
1899620 140
1899630 140
1899640 140
1899650 140
1899660 140
1899670 140
1899680 140
1899690 140
1899700 140
1899710 140
1899720 140
1899730 140
1899740 140
1899750 140
1899760 140
1899770 140
1899780 140
1899790 140
