1880000 141
1880010 141
1880020 141
1880030 141
1880040 141
1880050 141
1880060 141
1880070 141
1880080 141
1880090 141
1880100 141
1880110 141
1880120 141
1880130 141
1880140 142
1880150 142
1880160 142
1880170 143
1880180 143
1880190 143
1880200 143
1880210 144
1880220 144
1880230 145
1880240 147
1880250 147
1880260 151
1880270 152
1880280 152
1880290 152
1880300 151
1880310 151
1880320 152
1880330 153
1880340 153
1880350 154
1880360 158
1880370 158
1880380 160
1880390 164
1880400 164
1880410 166
1880420 166
1880430 166
1880440 166
1880450 164
1880460 164
1880470 163
1880480 164
1880490 164
1880500 164
1880510 164
1880520 164
1880530 165
1880540 167
1880550 167
1880560 168
1880570 169
1880580 169
1880590 169
1880600 170
1880610 170
1880620 170
1880630 170
1880640 170
1880650 170
1880660 171
1880670 171
1880680 171
1880690 172
1880700 172
1880710 172
1880720 172
1880730 172
1880740 173
1880750 173
1880760 173
1880770 173
1880780 173
1880790 173
1880800 173
1880810 173
1880820 173
1880830 174
1880840 174
1880850 174
1880860 174
1880870 175
1880880 175
1880890 175
1880900 175
1880910 175
1880920 175
1880930 175
1880940 175
1880950 175
1880960 176
1880970 176
1880980 176
1880990 176
1881000 176
1881010 176
1881020 175
1881030 175
1881040 175
1881050 175
1881060 174
1881070 174
1881080 174
1881090 173
1881100 173
1881110 172
1881120 172
1881130 172
1881140 171
1881150 171
1881160 171
1881170 170
1881180 170
1881190 170
1881200 169
1881210 169
1881220 169
1881230 168
1881240 168
1881250 168
1881260 167
1881270 167
1881280 167
1881290 166
1881300 166
1881310 166
1881320 165
1881330 165
1881340 165
1881350 164
1881360 163
1881370 163
1881380 162
1881390 162
1881400 162
1881410 161
1881420 160
1881430 160
1881440 160
1881450 159
1881460 159
1881470 159
1881480 158
1881490 158
1881500 157
1881510 157
1881520 157
1881530 156
1881540 155
1881550 155
1881560 154
1881570 153
1881580 153
1881590 154
1881600 154
1881610 154
1881620 154
1881630 155
1881640 155
1881650 156
1881660 157
1881670 157
1881680 157
1881690 157
1881700 157
1881710 157
1881720 160
1881730 160
1881740 161
1881750 161
1881760 161
1881770 162
1881780 162
1881790 162
1881800 163
1881810 165
1881820 165
1881830 164
1881840 165
1881850 165
1881860 167
1881870 169
1881880 169
1881890 169
1881900 169
1881910 169
1881920 170
1881930 170
1881940 170
1881950 170
1881960 171
1881970 171
1881980 171
1881990 172
1882000 172
1882010 172
1882020 172
1882030 172
1882040 172
1882050 171
1882060 171
1882070 171
1882080 171
1882090 171
1882100 171
1882110 171
1882120 171
1882130 171
1882140 171
1882150 171
1882160 171
1882170 171
1882180 171
1882190 171
1882200 170
1882210 170
1882220 170
1882230 170
1882240 170
1882250 170
1882260 170
1882270 170
1882280 169
1882290 169
1882300 169
1882310 169
1882320 169
1882330 169
1882340 169
1882350 170
1882360 170
1882370 172
1882380 174
1882390 174
1882400 174
1882410 174
1882420 174
1882430 174
1882440 174
1882450 174
1882460 175
1882470 175
1882480 175
1882490 174
1882500 174
1882510 174
1882520 174
1882530 173
1882540 173
1882550 173
1882560 173
1882570 173
1882580 172
1882590 172
1882600 172
1882610 172
1882620 172
1882630 172
1882640 172
1882650 171
1882660 171
1882670 172
1882680 171
1882690 171
1882700 171
1882710 170
1882720 170
1882730 170
1882740 170
1882750 170
1882760 170
1882770 170
1882780 170
1882790 171
1882800 171
1882810 171
1882820 171
1882830 171
1882840 171
1882850 172
1882860 172
1882870 172
1882880 172
1882890 173
1882900 173
1882910 173
1882920 174
1882930 174
1882940 174
1882950 175
1882960 175
1882970 176
1882980 177
1882990 177
1883000 177
1883010 177
1883020 177
1883030 178
1883040 178
1883050 178
1883060 179
1883070 179
1883080 179
1883090 180
1883100 181
1883110 181
1883120 181
1883130 182
1883140 182
1883150 182
1883160 182
1883170 182
1883180 183
1883190 183
1883200 183
1883210 186
1883220 188
1883230 188
1883240 188
1883250 188
1883260 188
1883270 189
1883280 189
1883290 189
1883300 190
1883310 191
1883320 191
1883330 192
1883340 193
1883350 193
1883360 195
1883370 197
1883380 197
1883390 200
1883400 203
1883410 205
1883420 207
1883430 208
1883440 208
1883450 209
1883460 209
1883470 209
1883480 209
1883490 209
1883500 209
1883510 209
1883520 209
1883530 209
1883540 210
1883550 210
1883560 210
1883570 211
1883580 211
1883590 211
1883600 211
1883610 212
1883620 212
1883630 212
1883640 212
1883650 212
1883660 211
1883670 211
1883680 211
1883690 211
1883700 212
1883710 212
1883720 213
1883730 215
1883740 215
1883750 216
1883760 217
1883770 217
1883780 218
1883790 220
1883800 220
1883810 223
1883820 224
1883830 224
1883840 224
1883850 225
1883860 226
1883870 226
1883880 229
1883890 229
1883900 229
1883910 228
1883920 227
1883930 227
1883940 227
1883950 227
1883960 227
1883970 226
1883980 226
1883990 226
1884000 227
1884010 229
1884020 229
1884030 233
1884040 234
1884050 234
1884060 237
1884070 238
1884080 238
1884090 238
1884100 239
1884110 239
1884120 239
1884130 239
1884140 239
1884150 239
1884160 239
1884170 239
1884180 240
1884190 240
1884200 240
1884210 240
1884220 240
1884230 240
1884240 241
1884250 242
1884260 242
1884270 242
1884280 242
1884290 242
1884300 243
1884310 243
1884320 243
1884330 243
1884340 243
1884350 243
1884360 242
1884370 243
1884380 245
1884390 244
1884400 244
1884410 244
1884420 244
1884430 243
1884440 243
1884450 243
1884460 243
1884470 243
1884480 242
1884490 242
1884500 242
1884510 241
1884520 241
1884530 241
1884540 241
1884550 242
1884560 242
1884570 244
1884580 246
1884590 246
1884600 247
1884610 249
1884620 249
1884630 250
1884640 251
1884650 251
1884660 252
1884670 253
1884680 253
1884690 254
1884700 257
1884710 257
1884720 258
1884730 259
1884740 259
1884750 261
1884760 264
1884770 264
1884780 266
1884790 268
1884800 268
1884810 270
1884820 273
1884830 273
1884840 275
1884850 279
1884860 279
1884870 284
1884880 287
1884890 287
1884900 290
1884910 293
1884920 293
1884930 295
1884940 299
1884950 299
1884960 302
1884970 305
1884980 305
1884990 309
1885000 312
1885010 312
1885020 316
1885030 321
1885040 321
1885050 325
1885060 328
1885070 328
1885080 331
1885090 335
1885100 335
1885110 338
1885120 341
1885130 341
1885140 345
1885150 348
1885160 348
1885170 353
1885180 356
1885190 356
1885200 359
1885210 362
1885220 362
1885230 365
1885240 369
1885250 369
1885260 373
1885270 377
1885280 377
1885290 380
1885300 382
1885310 382
1885320 385
1885330 388
1885340 388
1885350 391
1885360 394
1885370 394
1885380 397
1885390 399
1885400 399
1885410 401
1885420 404
1885430 404
1885440 406
1885450 409
1885460 409
1885470 411
1885480 412
1885490 412
1885500 414
1885510 415
1885520 415
1885530 417
1885540 419
1885550 419
1885560 421
1885570 423
1885580 423
1885590 424
1885600 425
1885610 425
1885620 426
1885630 428
1885640 428
1885650 430
1885660 431
1885670 432
1885680 433
1885690 434
1885700 434
1885710 435
1885720 436
1885730 436
1885740 436
1885750 437
1885760 437
1885770 437
1885780 438
1885790 438
1885800 438
1885810 439
1885820 439
1885830 440
1885840 440
1885850 440
1885860 439
1885870 438
1885880 438
1885890 437
1885900 437
1885910 437
1885920 435
1885930 433
1885940 433
1885950 432
1885960 431
1885970 431
1885980 430
1885990 430
1886000 430
1886010 429
1886020 428
1886030 428
1886040 426
1886050 424
1886060 424
1886070 422
1886080 419
1886090 419
1886100 417
1886110 414
1886120 414
1886130 412
1886140 409
1886150 409
1886160 406
1886170 403
1886180 403
1886190 400
1886200 397
1886210 397
1886220 394
1886230 391
1886240 391
1886250 389
1886260 386
1886270 386
1886280 383
1886290 380
1886300 380
1886310 377
1886320 377
1886330 377
1886340 374
1886350 371
1886360 371
1886370 369
1886380 367
1886390 367
1886400 365
1886410 363
1886420 363
1886430 361
1886440 359
1886450 359
1886460 358
1886470 357
1886480 357
1886490 356
1886500 354
1886510 354
1886520 353
1886530 351
1886540 351
1886550 349
1886560 348
1886570 348
1886580 347
1886590 347
1886600 347
1886610 346
1886620 345
1886630 345
1886640 345
1886650 345
1886660 345
1886670 345
1886680 345
1886690 345
1886700 348
1886710 347
1886720 346
1886730 346
1886740 345
1886750 344
1886760 344
1886770 344
1886780 344
1886790 344
1886800 343
1886810 343
1886820 343
1886830 343
1886840 343
1886850 343
1886860 342
1886870 341
1886880 341
1886890 338
1886900 341
1886910 341
1886920 338
1886930 336
1886940 336
1886950 336
1886960 337
1886970 337
1886980 335
1886990 334
1887000 334
1887010 334
1887020 334
1887030 334
1887040 334
1887050 334
1887060 334
1887070 335
1887080 336
1887090 336
1887100 336
1887110 337
1887120 337
1887130 337
1887140 337
1887150 337
1887160 337
1887170 337
1887180 337
1887190 337
1887200 338
1887210 338
1887220 338
1887230 338
1887240 338
1887250 338
1887260 338
1887270 338
1887280 339
1887290 339
1887300 339
1887310 339
1887320 339
1887330 339
1887340 339
1887350 339
1887360 339
1887370 340
1887380 340
1887390 340
1887400 339
1887410 340
1887420 340
1887430 340
1887440 339
1887450 339
1887460 339
1887470 338
1887480 338
1887490 337
1887500 335
1887510 335
1887520 334
1887530 332
1887540 332
1887550 329
1887560 324
1887570 324
1887580 319
1887590 315
1887600 313
1887610 310
1887620 307
1887630 307
1887640 304
1887650 301
1887660 301
1887670 298
1887680 296
1887690 296
1887700 293
1887710 291
1887720 291
1887730 288
1887740 285
1887750 285
1887760 283
1887770 280
1887780 280
1887790 278
1887800 276
1887810 276
1887820 274
1887830 272
1887840 272
1887850 270
1887860 269
1887870 269
1887880 267
1887890 266
1887900 266
1887910 264
1887920 261
1887930 260
1887940 258
1887950 257
1887960 257
1887970 259
1887980 261
1887990 261
1888000 263
1888010 263
1888020 263
1888030 260
1888040 255
1888050 255
1888060 251
1888070 248
1888080 248
1888090 245
1888100 241
1888110 241
1888120 238
1888130 236
1888140 236
1888150 235
1888160 236
1888170 236
1888180 242
1888190 246
1888200 246
1888210 250
1888220 256
1888230 256
1888240 261
1888250 264
1888260 264
1888270 269
1888280 275
1888290 275
1888300 280
1888310 284
1888320 284
1888330 288
1888340 291
1888350 291
1888360 293
1888370 295
1888380 295
1888390 296
1888400 295
1888410 295
1888420 290
1888430 284
1888440 284
1888450 280
1888460 277
1888470 277
1888480 276
1888490 276
1888500 276
1888510 279
1888520 284
1888530 284
1888540 289
1888550 293
1888560 293
1888570 293
1888580 293
1888590 293
1888600 291
1888610 290
1888620 290
1888630 288
1888640 287
1888650 287
1888660 287
1888670 286
1888680 286
1888690 285
1888700 283
1888710 283
1888720 281
1888730 279
1888740 279
1888750 277
1888760 276
1888770 276
1888780 273
1888790 270
1888800 270
1888810 272
1888820 275
1888830 275
1888840 278
1888850 281
1888860 281
1888870 284
1888880 288
1888890 291
1888900 294
1888910 298
1888920 298
1888930 301
1888940 304
1888950 304
1888960 306
1888970 309
1888980 309
1888990 311
1889000 313
1889010 313
1889020 315
1889030 317
1889040 317
1889050 318
1889060 319
1889070 319
1889080 320
1889090 321
1889100 321
1889110 322
1889120 322
1889130 322
1889140 322
1889150 321
1889160 321
1889170 320
1889180 318
1889190 318
1889200 316
1889210 311
1889220 311
1889230 310
1889240 309
1889250 309
1889260 309
1889270 309
1889280 309
1889290 310
1889300 311
1889310 311
1889320 311
1889330 310
1889340 310
1889350 309
1889360 309
1889370 309
1889380 309
1889390 309
1889400 309
1889410 310
1889420 310
1889430 310
1889440 310
1889450 311
1889460 311
1889470 311
1889480 312
1889490 312
1889500 312
1889510 313
1889520 313
1889530 313
1889540 312
1889550 312
1889560 311
1889570 309
1889580 309
1889590 307
1889600 306
1889610 306
1889620 305
1889630 304
1889640 304
1889650 303
1889660 302
1889670 301
1889680 301
1889690 299
1889700 298
1889710 298
1889720 296
1889730 295
1889740 295
1889750 293
1889760 292
1889770 292
1889780 291
1889790 289
1889800 289
1889810 287
1889820 284
1889830 284
1889840 282
1889850 280
1889860 280
1889870 279
1889880 278
1889890 278
1889900 276
1889910 274
1889920 274
1889930 273
1889940 271
1889950 271
1889960 270
1889970 269
1889980 269
1889990 268
1890000 266
1890010 266
1890020 265
1890030 264
1890040 264
1890050 263
1890060 262
1890070 262
1890080 262
1890090 261
1890100 261
1890110 260
1890120 259
1890130 259
1890140 259
1890150 258
1890160 258
1890170 257
1890180 257
1890190 257
1890200 256
1890210 256
1890220 256
1890230 255
1890240 255
1890250 255
1890260 254
1890270 254
1890280 254
1890290 253
1890300 253
1890310 253
1890320 252
1890330 252
1890340 252
1890350 251
1890360 250
1890370 250
1890380 250
1890390 249
1890400 249
1890410 248
1890420 247
1890430 247
1890440 246
1890450 245
1890460 245
1890470 244
1890480 243
1890490 243
1890500 242
1890510 241
1890520 241
1890530 240
1890540 240
1890550 240
1890560 239
1890570 239
1890580 239
1890590 238
1890600 237
1890610 237
1890620 237
1890630 237
1890640 237
1890650 237
1890660 236
1890670 236
1890680 236
1890690 235
1890700 235
1890710 235
1890720 234
1890730 234
1890740 234
1890750 234
1890760 234
1890770 233
1890780 233
1890790 233
1890800 233
1890810 233
1890820 233
1890830 232
1890840 232
1890850 232
1890860 232
1890870 232
1890880 232
1890890 231
1890900 231
1890910 231
1890920 231
1890930 231
1890940 231
1890950 230
1890960 230
1890970 230
1890980 230
1890990 230
1891000 230
1891010 229
1891020 229
1891030 229
1891040 229
1891050 228
1891060 228
1891070 228
1891080 228
1891090 228
1891100 228
1891110 228
1891120 228
1891130 227
1891140 227
1891150 227
1891160 227
1891170 227
1891180 227
1891190 227
1891200 227
1891210 227
1891220 226
1891230 226
1891240 226
1891250 226
1891260 226
1891270 226
1891280 226
1891290 226
1891300 226
1891310 226
1891320 225
1891330 225
1891340 225
1891350 225
1891360 225
1891370 225
1891380 225
1891390 225
1891400 225
1891410 224
1891420 224
1891430 224
1891440 224
1891450 224
1891460 224
1891470 224
1891480 224
1891490 223
1891500 223
1891510 223
1891520 223
1891530 223
1891540 223
1891550 223
1891560 223
1891570 223
1891580 223
1891590 223
1891600 223
1891610 223
1891620 222
1891630 222
1891640 222
1891650 222
1891660 222
1891670 221
1891680 221
1891690 221
1891700 221
1891710 221
1891720 221
1891730 220
1891740 220
1891750 220
1891760 220
1891770 219
1891780 219
1891790 218
1891800 216
1891810 216
1891820 215
1891830 214
1891840 214
1891850 213
1891860 213
1891870 213
1891880 212
1891890 210
1891900 210
1891910 207
1891920 204
1891930 204
1891940 201
1891950 197
1891960 197
1891970 195
1891980 192
1891990 192
1892000 190
1892010 187
1892020 187
1892030 185
1892040 183
1892050 183
1892060 182
1892070 180
1892080 181
1892090 179
1892100 178
1892110 178
1892120 178
1892130 177
1892140 177
1892150 176
1892160 175
1892170 175
1892180 175
1892190 174
1892200 174
1892210 173
1892220 173
1892230 173
1892240 172
1892250 172
1892260 172
1892270 171
1892280 171
1892290 171
1892300 170
1892310 170
1892320 170
1892330 169
1892340 169
1892350 169
1892360 169
1892370 169
1892380 169
1892390 168
1892400 167
1892410 167
1892420 167
1892430 167
1892440 167
1892450 167
1892460 167
1892470 167
1892480 168
1892490 168
1892500 168
1892510 168
1892520 168
1892530 168
1892540 169
1892550 169
1892560 169
1892570 169
1892580 169
1892590 169
1892600 170
1892610 170
1892620 170
1892630 170
1892640 170
1892650 170
1892660 170
1892670 171
1892680 171
1892690 171
1892700 171
1892710 172
1892720 172
1892730 173
1892740 173
1892750 173
1892760 174
1892770 174
1892780 174
1892790 174
1892800 174
1892810 174
1892820 175
1892830 175
1892840 175
1892850 176
1892860 177
1892870 177
1892880 177
1892890 178
1892900 178
1892910 178
1892920 178
1892930 178
1892940 179
1892950 180
1892960 180
1892970 181
1892980 181
1892990 181
1893000 182
1893010 183
1893020 183
1893030 185
1893040 186
1893050 186
1893060 187
1893070 187
1893080 187
1893090 188
1893100 189
1893110 189
1893120 190
1893130 191
1893140 191
1893150 192
1893160 193
1893170 193
1893180 194
1893190 195
1893200 195
1893210 197
1893220 199
1893230 199
1893240 200
1893250 201
1893260 201
1893270 202
1893280 203
1893290 203
1893300 202
1893310 199
1893320 199
1893330 196
1893340 197
1893350 197
1893360 196
1893370 196
1893380 196
1893390 196
1893400 196
1893410 196
1893420 195
1893430 195
1893440 195
1893450 196
1893460 196
1893470 196
1893480 196
1893490 197
1893500 197
1893510 198
1893520 199
1893530 199
1893540 199
1893550 200
1893560 200
1893570 200
1893580 199
1893590 199
1893600 200
1893610 202
1893620 202
1893630 204
1893640 205
1893650 205
1893660 209
1893670 210
1893680 210
1893690 213
1893700 218
1893710 218
1893720 222
1893730 225
1893740 225
1893750 226
1893760 227
1893770 227
1893780 227
1893790 227
1893800 227
1893810 227
1893820 228
1893830 228
1893840 230
1893850 233
1893860 233
1893870 237
1893880 241
1893890 241
1893900 245
1893910 249
1893920 249
1893930 253
1893940 256
1893950 256
1893960 259
1893970 262
1893980 262
1893990 264
1894000 267
1894010 267
1894020 269
1894030 271
1894040 271
1894050 273
1894060 275
1894070 275
1894080 276
1894090 277
1894100 277
1894110 278
1894120 279
1894130 279
1894140 281
1894150 281
1894160 281
1894170 279
1894180 278
1894190 278
1894200 277
1894210 274
1894220 274
1894230 271
1894240 269
1894250 269
1894260 267
1894270 265
1894280 265
1894290 261
1894300 259
1894310 259
1894320 257
1894330 255
1894340 255
1894350 254
1894360 251
1894370 251
1894380 250
1894390 248
1894400 248
1894410 246
1894420 245
1894430 245
1894440 243
1894450 242
1894460 242
1894470 241
1894480 239
1894490 239
1894500 238
1894510 236
1894520 236
1894530 234
1894540 232
1894550 232
1894560 230
1894570 228
1894580 228
1894590 226
1894600 223
1894610 222
1894620 220
1894630 217
1894640 217
1894650 214
1894660 210
1894670 210
1894680 207
1894690 204
1894700 204
1894710 201
1894720 203
1894730 203
1894740 204
1894750 203
1894760 203
1894770 204
1894780 203
1894790 203
1894800 201
1894810 200
1894820 200
1894830 198
1894840 197
1894850 197
1894860 195
1894870 192
1894880 192
1894890 191
1894900 188
1894910 188
1894920 184
1894930 182
1894940 182
1894950 180
1894960 179
1894970 179
1894980 177
1894990 175
1895000 175
1895010 174
1895020 172
1895030 172
1895040 170
1895050 168
1895060 168
1895070 166
1895080 164
1895090 164
1895100 161
1895110 157
1895120 157
1895130 152
1895140 152
1895150 152
1895160 155
1895170 154
1895180 154
1895190 151
1895200 147
1895210 147
1895220 143
1895230 140
1895240 139
1895250 139
1895260 139
1895270 139
1895280 139
1895290 139
1895300 139
1895310 139
1895320 139
1895330 139
1895340 139
1895350 139
1895360 139
1895370 138
1895380 138
1895390 138
1895400 139
1895410 139
1895420 139
1895430 138
1895440 139
1895450 139
1895460 139
1895470 139
1895480 139
1895490 139
1895500 139
1895510 139
1895520 138
1895530 138
1895540 138
1895550 138
1895560 139
1895570 139
1895580 139
1895590 139
1895600 139
1895610 139
1895620 139
1895630 139
1895640 139
1895650 139
1895660 140
1895670 140
1895680 140
1895690 139
1895700 139
1895710 139
1895720 140
1895730 140
1895740 141
1895750 142
1895760 142
1895770 142
1895780 142
1895790 142
1895800 142
1895810 142
1895820 142
1895830 141
1895840 140
1895850 140
1895860 139
1895870 139
1895880 139
1895890 139
1895900 139
1895910 139
1895920 139
1895930 139
1895940 139
1895950 139
1895960 139
1895970 139
1895980 139
1895990 139
1896000 139
1896010 139
1896020 139
1896030 139
1896040 139
1896050 139
1896060 139
1896070 139
1896080 139
1896090 139
1896100 139
1896110 138
1896120 138
1896130 138
1896140 138
1896150 138
1896160 138
1896170 138
1896180 138
1896190 138
1896200 138
1896210 138
1896220 138
1896230 138
1896240 138
1896250 138
1896260 138
1896270 138
1896280 138
1896290 138
1896300 138
1896310 139
1896320 139
1896330 139
1896340 139
1896350 139
1896360 139
1896370 139
1896380 138
1896390 138
1896400 138
1896410 138
1896420 138
1896430 138
1896440 138
1896450 138
1896460 138
1896470 138
1896480 138
1896490 138
1896500 138
1896510 138
1896520 138
1896530 138
1896540 138
1896550 138
1896560 138
1896570 138
1896580 138
1896590 138
1896600 138
1896610 138
1896620 138
1896630 138
1896640 138
1896650 138
1896660 138
1896670 138
1896680 138
1896690 138
1896700 138
1896710 138
1896720 138
1896730 138
1896740 138
1896750 138
1896760 138
1896770 138
1896780 138
1896790 138
1896800 138
1896810 138
1896820 138
1896830 138
1896840 138
1896850 138
1896860 138
1896870 138
1896880 138
1896890 138
1896900 138
1896910 138
1896920 139
1896930 139
1896940 139
1896950 139
1896960 139
1896970 139
1896980 139
1896990 139
1897000 138
1897010 138
1897020 138
1897030 138
1897040 138
1897050 138
1897060 138
1897070 138
1897080 138
1897090 138
1897100 138
1897110 138
1897120 138
1897130 139
1897140 139
1897150 139
1897160 139
1897170 139
1897180 139
1897190 138
1897200 138
1897210 139
1897220 138
1897230 138
1897240 137
1897250 137
1897260 137
1897270 137
1897280 137
1897290 137
1897300 138
1897310 138
1897320 138
1897330 138
1897340 138
1897350 138
1897360 138
1897370 138
1897380 138
1897390 138
1897400 138
1897410 138
1897420 138
1897430 138
1897440 138
1897450 138
1897460 138
1897470 138
1897480 138
1897490 138
1897500 138
1897510 138
1897520 138
1897530 138
1897540 138
1897550 138
1897560 138
1897570 138
1897580 138
1897590 138
1897600 138
1897610 138
1897620 138
1897630 138
1897640 138
1897650 138
1897660 138
1897670 137
1897680 137
1897690 138
1897700 138
1897710 138
1897720 138
1897730 138
1897740 138
1897750 138
1897760 138
1897770 138
1897780 138
1897790 137
1897800 137
1897810 138
1897820 138
1897830 138
1897840 138
1897850 138
1897860 138
1897870 138
1897880 138
1897890 138
1897900 138
1897910 138
1897920 138
1897930 138
1897940 138
1897950 138
1897960 138
1897970 138
1897980 138
1897990 138
1898000 138
1898010 138
1898020 138
1898030 137
1898040 137
1898050 137
1898060 137
1898070 137
1898080 136
1898090 135
1898100 135
1898110 135
1898120 136
1898130 136
1898140 138
1898150 138
1898160 138
1898170 138
1898180 138
1898190 138
1898200 138
1898210 138
1898220 138
1898230 138
1898240 138
1898250 138
1898260 138
1898270 138
1898280 138
1898290 138
1898300 138
1898310 138
1898320 138
1898330 138
1898340 138
1898350 138
1898360 138
1898370 138
1898380 138
1898390 138
1898400 138
1898410 138
1898420 138
1898430 138
1898440 138
1898450 138
1898460 138
1898470 138
1898480 138
1898490 138
1898500 138
1898510 138
1898520 138
1898530 138
1898540 138
1898550 138
1898560 138
1898570 138
1898580 138
1898590 138
1898600 138
1898610 138
1898620 138
1898630 138
1898640 138
1898650 138
1898660 138
1898670 138
1898680 138
1898690 138
1898700 138
1898710 138
1898720 138
1898730 138
1898740 138
1898750 138
1898760 138
1898770 138
1898780 138
1898790 138
1898800 138
1898810 138
1898820 138
1898830 138
1898840 138
1898850 138
1898860 138
1898870 138
1898880 138
1898890 138
1898900 138
1898910 138
1898920 138
1898930 138
1898940 138
1898950 138
1898960 138
1898970 138
1898980 138
1898990 138
1899000 138
1899010 138
1899020 138
1899030 138
1899040 138
1899050 138
1899060 138
1899070 138
1899080 138
1899090 138
1899100 138
1899110 138
1899120 138
1899130 138
1899140 138
1899150 138
1899160 138
1899170 138
1899180 138
1899190 138
1899200 138
1899210 138
1899220 138
1899230 138
1899240 138
1899250 138
1899260 138
1899270 138
1899280 138
1899290 138
1899300 138
1899310 138
1899320 138
1899330 138
1899340 138
1899350 138
1899360 138
1899370 138
1899380 138
1899390 138
1899400 138
1899410 138
1899420 138
1899430 138
1899440 138
1899450 138
1899460 138
1899470 138
1899480 138
1899490 138
1899500 138
1899510 138
1899520 138
1899530 138
1899540 138
1899550 138
1899560 138
1899570 138
1899580 138
1899590 138
1899600 138
1899610 138
1899620 138
1899630 138
1899640 138
1899650 138
1899660 138
1899670 138
1899680 138
1899690 138
1899700 138
1899710 138
1899720 138
1899730 138
1899740 138
1899750 138
1899760 138
1899770 138
1899780 138
1899790 138
1899800 138
1899810 138
1899820 138
1899830 138
1899840 138
1899850 138
1899860 138
1899870 138
1899880 138
1899890 138
1899900 138
1899910 138
1899920 138
1899930 138
1899940 138
1899950 138
1899960 138
1899970 138
1899980 138
1899990 138
