1880000 180
1880010 180
1880020 181
1880030 181
1880040 182
1880050 183
1880060 183
1880070 183
1880080 183
1880090 183
1880100 182
1880110 182
1880120 182
1880130 182
1880140 182
1880150 182
1880160 182
1880170 182
1880180 182
1880190 183
1880200 183
1880210 183
1880220 183
1880230 183
1880240 183
1880250 183
1880260 183
1880270 183
1880280 182
1880290 181
1880300 181
1880310 181
1880320 181
1880330 181
1880340 181
1880350 181
1880360 181
1880370 181
1880380 181
1880390 181
1880400 181
1880410 181
1880420 181
1880430 181
1880440 181
1880450 181
1880460 181
1880470 181
1880480 181
1880490 180
1880500 180
1880510 180
1880520 180
1880530 180
1880540 180
1880550 180
1880560 179
1880570 179
1880580 179
1880590 179
1880600 179
1880610 179
1880620 179
1880630 179
1880640 179
1880650 179
1880660 179
1880670 179
1880680 179
1880690 179
1880700 178
1880710 178
1880720 178
1880730 178
1880740 178
1880750 178
1880760 177
1880770 177
1880780 177
1880790 177
1880800 176
1880810 176
1880820 176
1880830 176
1880840 175
1880850 175
1880860 175
1880870 175
1880880 175
1880890 175
1880900 175
1880910 175
1880920 175
1880930 174
1880940 174
1880950 174
1880960 174
1880970 174
1880980 173
1880990 173
1881000 173
1881010 173
1881020 173
1881030 173
1881040 173
1881050 172
1881060 172
1881070 172
1881080 172
1881090 172
1881100 172
1881110 171
1881120 171
1881130 171
1881140 171
1881150 171
1881160 171
1881170 170
1881180 170
1881190 170
1881200 169
1881210 169
1881220 169
1881230 168
1881240 168
1881250 167
1881260 167
1881270 167
1881280 166
1881290 165
1881300 165
1881310 165
1881320 164
1881330 164
1881340 164
1881350 164
1881360 164
1881370 164
1881380 164
1881390 164
1881400 166
1881410 166
1881420 166
1881430 165
1881440 162
1881450 162
1881460 159
1881470 158
1881480 158
1881490 158
1881500 158
1881510 158
1881520 158
1881530 157
1881540 157
1881550 157
1881560 157
1881570 157
1881580 157
1881590 157
1881600 157
1881610 157
1881620 158
1881630 158
1881640 158
1881650 158
1881660 158
1881670 158
1881680 158
1881690 158
1881700 158
1881710 158
1881720 158
1881730 158
1881740 158
1881750 158
1881760 158
1881770 160
1881780 160
1881790 161
1881800 162
1881810 162
1881820 163
1881830 164
1881840 164
1881850 165
1881860 166
1881870 166
1881880 167
1881890 168
1881900 168
1881910 168
1881920 169
1881930 169
1881940 169
1881950 170
1881960 170
1881970 172
1881980 172
1881990 172
1882000 172
1882010 172
1882020 172
1882030 172
1882040 173
1882050 173
1882060 174
1882070 175
1882080 175
1882090 176
1882100 176
1882110 176
1882120 176
1882130 176
1882140 176
1882150 176
1882160 176
1882170 176
1882180 176
1882190 176
1882200 176
1882210 176
1882220 176
1882230 176
1882240 176
1882250 176
1882260 176
1882270 176
1882280 176
1882290 176
1882300 176
1882310 176
1882320 176
1882330 176
1882340 176
1882350 176
1882360 176
1882370 176
1882380 176
1882390 176
1882400 175
1882410 175
1882420 175
1882430 175
1882440 175
1882450 175
1882460 175
1882470 175
1882480 175
1882490 175
1882500 175
1882510 175
1882520 175
1882530 175
1882540 175
1882550 175
1882560 175
1882570 176
1882580 176
1882590 176
1882600 177
1882610 177
1882620 177
1882630 178
1882640 179
1882650 179
1882660 179
1882670 180
1882680 180
1882690 180
1882700 180
1882710 180
1882720 181
1882730 181
1882740 181
1882750 181
1882760 181
1882770 181
1882780 182
1882790 182
1882800 182
1882810 182
1882820 182
1882830 182
1882840 183
1882850 183
1882860 183
1882870 183
1882880 183
1882890 183
1882900 183
1882910 183
1882920 183
1882930 183
1882940 184
1882950 183
1882960 184
1882970 184
1882980 184
1882990 184
1883000 184
1883010 184
1883020 184
1883030 184
1883040 184
1883050 184
1883060 184
1883070 184
1883080 184
1883090 184
1883100 184
1883110 184
1883120 184
1883130 184
1883140 184
1883150 184
1883160 184
1883170 185
1883180 185
1883190 185
1883200 185
1883210 185
1883220 185
1883230 185
1883240 186
1883250 186
1883260 186
1883270 186
1883280 186
1883290 186
1883300 187
1883310 187
1883320 187
1883330 187
1883340 187
1883350 188
1883360 188
1883370 188
1883380 189
1883390 190
1883400 190
1883410 190
1883420 190
1883430 190
1883440 190
1883450 190
1883460 190
1883470 190
1883480 190
1883490 190
1883500 190
1883510 191
1883520 191
1883530 191
1883540 191
1883550 192
1883560 192
1883570 192
1883580 192
1883590 192
1883600 193
1883610 193
1883620 193
1883630 193
1883640 193
1883650 193
1883660 194
1883670 194
1883680 194
1883690 194
1883700 195
1883710 195
1883720 195
1883730 195
1883740 195
1883750 195
1883760 196
1883770 196
1883780 196
1883790 196
1883800 196
1883810 196
1883820 197
1883830 197
1883840 197
1883850 197
1883860 197
1883870 197
1883880 198
1883890 198
1883900 198
1883910 198
1883920 198
1883930 198
1883940 199
1883950 199
1883960 199
1883970 199
1883980 199
1883990 200
1884000 200
1884010 200
1884020 200
1884030 201
1884040 201
1884050 201
1884060 201
1884070 201
1884080 202
1884090 202
1884100 202
1884110 202
1884120 202
1884130 202
1884140 203
1884150 203
1884160 203
1884170 203
1884180 203
1884190 203
1884200 203
1884210 203
1884220 203
1884230 204
1884240 204
1884250 205
1884260 205
1884270 205
1884280 205
1884290 206
1884300 206
1884310 206
1884320 207
1884330 208
1884340 208
1884350 209
1884360 210
1884370 210
1884380 210
1884390 210
1884400 210
1884410 211
1884420 211
1884430 211
1884440 212
1884450 213
1884460 213
1884470 214
1884480 214
1884490 214
1884500 215
1884510 216
1884520 216
1884530 216
1884540 217
1884550 217
1884560 219
1884570 220
1884580 220
1884590 221
1884600 222
1884610 222
1884620 223
1884630 224
1884640 224
1884650 225
1884660 226
1884670 226
1884680 227
1884690 229
1884700 229
1884710 231
1884720 232
1884730 232
1884740 236
1884750 242
1884760 242
1884770 247
1884780 243
1884790 243
1884800 239
1884810 242
1884820 242
1884830 256
1884840 271
1884850 271
1884860 276
1884870 281
1884880 281
1884890 286
1884900 292
1884910 292
1884920 296
1884930 301
1884940 301
1884950 304
1884960 307
1884970 307
1884980 307
1884990 307
1885000 307
1885010 306
1885020 304
1885030 304
1885040 298
1885050 287
1885060 287
1885070 277
1885080 272
1885090 272
1885100 266
1885110 264
1885120 264
1885130 267
1885140 276
1885150 276
1885160 286
1885170 292
1885180 292
1885190 292
1885200 293
1885210 293
1885220 301
1885230 302
1885240 302
1885250 304
1885260 306
1885270 306
1885280 308
1885290 310
1885300 310
1885310 311
1885320 313
1885330 313
1885340 314
1885350 315
1885360 315
1885370 315
1885380 315
1885390 315
1885400 315
1885410 314
1885420 314
1885430 311
1885440 306
1885450 306
1885460 305
1885470 305
1885480 305
1885490 302
1885500 296
1885510 296
1885520 292
1885530 291
1885540 296
1885550 291
1885560 286
1885570 286
1885580 281
1885590 276
1885600 276
1885610 273
1885620 271
1885630 271
1885640 268
1885650 265
1885660 265
1885670 264
1885680 263
1885690 263
1885700 262
1885710 261
1885720 261
1885730 260
1885740 260
1885750 260
1885760 260
1885770 260
1885780 260
1885790 259
1885800 259
1885810 259
1885820 259
1885830 259
1885840 259
1885850 259
1885860 260
1885870 260
1885880 260
1885890 260
1885900 260
1885910 260
1885920 260
1885930 260
1885940 260
1885950 260
1885960 260
1885970 259
1885980 261
1885990 261
1886000 262
1886010 262
1886020 262
1886030 262
1886040 262
1886050 262
1886060 261
1886070 261
1886080 261
1886090 260
1886100 260
1886110 260
1886120 260
1886130 259
1886140 259
1886150 259
1886160 259
1886170 259
1886180 259
1886190 260
1886200 260
1886210 261
1886220 261
1886230 262
1886240 262
1886250 262
1886260 262
1886270 262
1886280 262
1886290 262
1886300 262
1886310 262
1886320 262
1886330 262
1886340 263
1886350 263
1886360 263
1886370 264
1886380 261
1886390 261
1886400 261
1886410 264
1886420 264
1886430 264
1886440 264
1886450 264
1886460 264
1886470 264
1886480 264
1886490 264
1886500 264
1886510 264
1886520 264
1886530 265
1886540 265
1886550 265
1886560 265
1886570 265
1886580 265
1886590 265
1886600 265
1886610 265
1886620 266
1886630 266
1886640 266
1886650 267
1886660 267
1886670 268
1886680 268
1886690 268
1886700 269
1886710 270
1886720 270
1886730 270
1886740 271
1886750 271
1886760 271
1886770 272
1886780 272
1886790 272
1886800 273
1886810 273
1886820 273
1886830 273
1886840 273
1886850 273
1886860 273
1886870 273
1886880 273
1886890 273
1886900 273
1886910 273
1886920 273
1886930 273
1886940 274
1886950 274
1886960 274
1886970 274
1886980 274
1886990 274
1887000 275
1887010 275
1887020 275
1887030 275
1887040 275
1887050 275
1887060 275
1887070 275
1887080 275
1887090 275
1887100 275
1887110 275
1887120 275
1887130 275
1887140 275
1887150 275
1887160 275
1887170 275
1887180 276
1887190 276
1887200 276
1887210 277
1887220 277
1887230 277
1887240 277
1887250 278
1887260 278
1887270 278
1887280 278
1887290 278
1887300 279
1887310 279
1887320 279
1887330 280
1887340 280
1887350 280
1887360 281
1887370 281
1887380 281
1887390 282
1887400 282
1887410 282
1887420 283
1887430 283
1887440 283
1887450 284
1887460 285
1887470 286
1887480 286
1887490 287
1887500 287
1887510 288
1887520 289
1887530 289
1887540 290
1887550 290
1887560 290
1887570 291
1887580 291
1887590 291
1887600 292
1887610 293
1887620 293
1887630 293
1887640 294
1887650 294
1887660 294
1887670 294
1887680 294
1887690 294
1887700 295
1887710 295
1887720 295
1887730 295
1887740 295
1887750 295
1887760 294
1887770 294
1887780 294
1887790 294
1887800 295
1887810 295
1887820 295
1887830 295
1887840 294
1887850 294
1887860 294
1887870 293
1887880 292
1887890 292
1887900 290
1887910 288
1887920 288
1887930 286
1887940 284
1887950 284
1887960 282
1887970 279
1887980 279
1887990 277
1888000 274
1888010 274
1888020 271
1888030 268
1888040 268
1888050 266
1888060 264
1888070 264
1888080 262
1888090 260
1888100 260
1888110 259
1888120 258
1888130 258
1888140 259
1888150 262
1888160 262
1888170 264
1888180 267
1888190 267
1888200 271
1888210 274
1888220 274
1888230 276
1888240 277
1888250 277
1888260 278
1888270 278
1888280 278
1888290 279
1888300 279
1888310 279
1888320 280
1888330 280
1888340 280
1888350 280
1888360 281
1888370 281
1888380 281
1888390 281
1888400 281
1888410 281
1888420 282
1888430 282
1888440 283
1888450 283
1888460 283
1888470 283
1888480 284
1888490 284
1888500 284
1888510 284
1888520 284
1888530 284
1888540 284
1888550 284
1888560 285
1888570 285
1888580 285
1888590 285
1888600 286
1888610 286
1888620 286
1888630 287
1888640 287
1888650 288
1888660 289
1888670 289
1888680 289
1888690 291
1888700 291
1888710 292
1888720 293
1888730 293
1888740 294
1888750 295
1888760 296
1888770 297
1888780 298
1888790 298
1888800 299
1888810 300
1888820 300
1888830 302
1888840 303
1888850 303
1888860 304
1888870 305
1888880 305
1888890 305
1888900 306
1888910 306
1888920 307
1888930 307
1888940 307
1888950 307
1888960 307
1888970 307
1888980 308
1888990 307
1889000 308
1889010 308
1889020 308
1889030 308
1889040 308
1889050 308
1889060 308
1889070 308
1889080 308
1889090 308
1889100 308
1889110 308
1889120 308
1889130 308
1889140 308
1889150 308
1889160 308
1889170 308
1889180 308
1889190 308
1889200 308
1889210 308
1889220 308
1889230 308
1889240 308
1889250 308
1889260 308
1889270 307
1889280 307
1889290 307
1889300 307
1889310 307
1889320 307
1889330 307
1889340 307
1889350 307
1889360 306
1889370 306
1889380 306
1889390 305
1889400 306
1889410 305
1889420 305
1889430 305
1889440 304
1889450 304
1889460 304
1889470 303
1889480 302
1889490 302
1889500 301
1889510 300
1889520 300
1889530 299
1889540 298
1889550 298
1889560 296
1889570 295
1889580 295
1889590 294
1889600 293
1889610 293
1889620 291
1889630 290
1889640 290
1889650 289
1889660 288
1889670 288
1889680 287
1889690 285
1889700 285
1889710 284
1889720 283
1889730 283
1889740 282
1889750 281
1889760 281
1889770 280
1889780 278
1889790 278
1889800 277
1889810 276
1889820 276
1889830 275
1889840 274
1889850 274
1889860 273
1889870 272
1889880 272
1889890 270
1889900 269
1889910 269
1889920 267
1889930 267
1889940 267
1889950 264
1889960 262
1889970 262
1889980 260
1889990 257
1890000 257
1890010 256
1890020 256
1890030 256
1890040 256
1890050 258
1890060 258
1890070 261
1890080 264
1890090 264
1890100 267
1890110 269
1890120 269
1890130 271
1890140 272
1890150 272
1890160 272
1890170 272
1890180 272
1890190 272
1890200 271
1890210 271
1890220 271
1890230 269
1890240 269
1890250 268
1890260 267
1890270 267
1890280 265
1890290 262
1890300 262
1890310 260
1890320 257
1890330 257
1890340 255
1890350 250
1890360 250
1890370 248
1890380 246
1890390 246
1890400 243
1890410 241
1890420 241
1890430 239
1890440 238
1890450 238
1890460 237
1890470 237
1890480 237
1890490 238
1890500 238
1890510 238
1890520 239
1890530 240
1890540 240
1890550 241
1890560 241
1890570 241
1890580 241
1890590 240
1890600 240
1890610 238
1890620 236
1890630 236
1890640 233
1890650 232
1890660 232
1890670 233
1890680 234
1890690 234
1890700 235
1890710 236
1890720 236
1890730 237
1890740 237
1890750 237
1890760 237
1890770 236
1890780 236
1890790 235
1890800 235
1890810 235
1890820 235
1890830 235
1890840 235
1890850 234
1890860 233
1890870 233
1890880 230
1890890 228
1890900 228
1890910 226
1890920 224
1890930 224
1890940 224
1890950 225
1890960 225
1890970 225
1890980 225
1890990 228
1891000 228
1891010 229
1891020 229
1891030 230
1891040 232
1891050 232
1891060 233
1891070 235
1891080 235
1891090 236
1891100 237
1891110 237
1891120 234
1891130 230
1891140 230
1891150 227
1891160 225
1891170 225
1891180 223
1891190 221
1891200 221
1891210 219
1891220 217
1891230 217
1891240 214
1891250 213
1891260 213
1891270 212
1891280 211
1891290 211
1891300 210
1891310 210
1891320 210
1891330 210
1891340 209
1891350 209
1891360 209
1891370 209
1891380 209
1891390 209
1891400 208
1891410 208
1891420 209
1891430 209
1891440 209
1891450 210
1891460 212
1891470 212
1891480 214
1891490 215
1891500 215
1891510 215
1891520 215
1891530 215
1891540 214
1891550 213
1891560 213
1891570 212
1891580 211
1891590 211
1891600 209
1891610 207
1891620 207
1891630 204
1891640 203
1891650 203
1891660 203
1891670 203
1891680 203
1891690 202
1891700 202
1891710 202
1891720 202
1891730 201
1891740 201
1891750 201
1891760 201
1891770 201
1891780 201
1891790 201
1891800 200
1891810 200
1891820 200
1891830 200
1891840 200
1891850 200
1891860 200
1891870 200
1891880 199
1891890 199
1891900 199
1891910 199
1891920 199
1891930 199
1891940 199
1891950 199
1891960 199
1891970 198
1891980 198
1891990 198
1892000 198
1892010 198
1892020 198
1892030 199
1892040 199
1892050 199
1892060 200
1892070 200
1892080 200
1892090 201
1892100 202
1892110 202
1892120 202
1892130 202
1892140 202
1892150 203
1892160 203
1892170 203
1892180 203
1892190 203
1892200 203
1892210 203
1892220 202
1892230 202
1892240 201
1892250 201
1892260 201
1892270 200
1892280 199
1892290 199
1892300 198
1892310 197
1892320 197
1892330 196
1892340 195
1892350 195
1892360 195
1892370 194
1892380 194
1892390 193
1892400 192
1892410 192
1892420 192
1892430 191
1892440 191
1892450 190
1892460 190
1892470 190
1892480 189
1892490 188
1892500 188
1892510 186
1892520 185
1892530 185
1892540 184
1892550 182
1892560 182
1892570 182
1892580 180
1892590 180
1892600 180
1892610 179
1892620 179
1892630 179
1892640 179
1892650 179
1892660 179
1892670 179
1892680 179
1892690 179
1892700 180
1892710 180
1892720 180
1892730 180
1892740 180
1892750 181
1892760 183
1892770 183
1892780 185
1892790 186
1892800 186
1892810 188
1892820 189
1892830 189
1892840 190
1892850 191
1892860 191
1892870 193
1892880 196
1892890 196
1892900 199
1892910 203
1892920 203
1892930 206
1892940 208
1892950 208
1892960 210
1892970 211
1892980 211
1892990 213
1893000 214
1893010 214
1893020 215
1893030 216
1893040 216
1893050 217
1893060 218
1893070 218
1893080 218
1893090 219
1893100 219
1893110 219
1893120 218
1893130 218
1893140 218
1893150 217
1893160 217
1893170 217
1893180 218
1893190 218
1893200 219
1893210 220
1893220 220
1893230 222
1893240 223
1893250 223
1893260 223
1893270 224
1893280 224
1893290 224
1893300 224
1893310 224
1893320 225
1893330 226
1893340 226
1893350 226
1893360 226
1893370 226
1893380 226
1893390 225
1893400 225
1893410 225
1893420 224
1893430 224
1893440 224
1893450 223
1893460 223
1893470 222
1893480 221
1893490 221
1893500 220
1893510 220
1893520 220
1893530 217
1893540 216
1893550 216
1893560 216
1893570 215
1893580 215
1893590 214
1893600 214
1893610 214
1893620 213
1893630 211
1893640 211
1893650 208
1893660 205
1893670 205
1893680 204
1893690 203
1893700 203
1893710 202
1893720 202
1893730 202
1893740 204
1893750 205
1893760 205
1893770 207
1893780 208
1893790 208
1893800 210
1893810 212
1893820 212
1893830 214
1893840 217
1893850 218
1893860 222
1893870 226
1893880 226
1893890 228
1893900 230
1893910 230
1893920 230
1893930 230
1893940 230
1893950 230
1893960 230
1893970 230
1893980 230
1893990 229
1894000 229
1894010 228
1894020 225
1894030 225
1894040 225
1894050 230
1894060 230
1894070 235
1894080 240
1894090 240
1894100 245
1894110 249
1894120 249
1894130 252
1894140 256
1894150 256
1894160 259
1894170 262
1894180 262
1894190 265
1894200 267
1894210 267
1894220 269
1894230 269
1894240 269
1894250 270
1894260 271
1894270 271
1894280 272
1894290 273
1894300 273
1894310 274
1894320 275
1894330 275
1894340 278
1894350 280
1894360 280
1894370 282
1894380 284
1894390 284
1894400 286
1894410 288
1894420 288
1894430 289
1894440 290
1894450 290
1894460 291
1894470 292
1894480 292
1894490 292
1894500 293
1894510 293
1894520 293
1894530 293
1894540 293
1894550 293
1894560 292
1894570 292
1894580 292
1894590 293
1894600 293
1894610 293
1894620 293
1894630 292
1894640 292
1894650 291
1894660 290
1894670 290
1894680 289
1894690 286
1894700 286
1894710 283
1894720 280
1894730 280
1894740 277
1894750 273
1894760 273
1894770 270
1894780 267
1894790 267
1894800 261
1894810 258
1894820 258
1894830 256
1894840 253
1894850 253
1894860 251
1894870 249
1894880 249
1894890 246
1894900 243
1894910 243
1894920 239
1894930 236
1894940 236
1894950 233
1894960 231
1894970 231
1894980 228
1894990 225
1895000 225
1895010 223
1895020 222
1895030 222
1895040 220
1895050 218
1895060 218
1895070 216
1895080 214
1895090 214
1895100 213
1895110 207
1895120 207
1895130 206
1895140 206
1895150 206
1895160 205
1895170 207
1895180 207
1895190 208
1895200 209
1895210 209
1895220 208
1895230 207
1895240 207
1895250 206
1895260 203
1895270 203
1895280 200
1895290 197
1895300 197
1895310 194
1895320 192
1895330 192
1895340 190
1895350 189
1895360 189
1895370 188
1895380 187
1895390 187
1895400 186
1895410 184
1895420 184
1895430 181
1895440 180
1895450 180
1895460 179
1895470 178
1895480 178
1895490 177
1895500 177
1895510 177
1895520 176
1895530 175
1895540 175
1895550 175
1895560 175
1895570 175
1895580 175
1895590 173
1895600 173
1895610 172
1895620 172
1895630 172
1895640 171
1895650 170
1895660 170
1895670 170
1895680 169
1895690 169
1895700 168
1895710 167
1895720 167
1895730 163
1895740 157
1895750 157
1895760 155
1895770 151
1895780 151
1895790 155
1895800 160
1895810 160
1895820 163
1895830 165
1895840 165
1895850 165
1895860 163
1895870 163
1895880 162
1895890 155
1895900 155
1895910 147
1895920 144
1895930 144
1895940 143
1895950 141
1895960 141
1895970 140
1895980 139
1895990 139
1896000 139
1896010 138
1896020 138
1896030 139
1896040 139
1896050 139
1896060 138
1896070 138
1896080 138
1896090 138
1896100 137
1896110 137
1896120 137
1896130 137
1896140 137
1896150 137
1896160 137
1896170 137
1896180 137
1896190 137
1896200 137
1896210 138
1896220 138
1896230 138
1896240 138
1896250 138
1896260 138
1896270 138
1896280 138
1896290 138
1896300 138
1896310 138
1896320 138
1896330 138
1896340 138
1896350 138
1896360 138
1896370 138
1896380 138
1896390 138
1896400 138
1896410 138
1896420 138
1896430 138
1896440 138
1896450 138
1896460 138
1896470 138
1896480 138
1896490 138
1896500 138
1896510 138
1896520 138
1896530 138
1896540 138
1896550 138
1896560 138
1896570 138
1896580 138
1896590 138
1896600 138
1896610 138
1896620 138
1896630 138
1896640 138
1896650 138
1896660 138
1896670 137
1896680 138
1896690 137
1896700 137
1896710 137
1896720 137
1896730 137
1896740 137
1896750 138
1896760 138
1896770 138
1896780 137
1896790 137
1896800 137
1896810 137
1896820 137
1896830 137
1896840 138
1896850 138
1896860 138
1896870 138
1896880 138
1896890 138
1896900 138
1896910 138
1896920 138
1896930 138
1896940 138
1896950 138
1896960 138
1896970 138
1896980 138
1896990 138
1897000 137
1897010 137
1897020 137
1897030 137
1897040 137
1897050 137
1897060 138
1897070 138
1897080 138
1897090 138
1897100 138
1897110 138
1897120 138
1897130 138
1897140 138
1897150 138
1897160 138
1897170 138
1897180 138
1897190 138
1897200 138
1897210 138
1897220 138
1897230 138
1897240 138
1897250 138
1897260 138
1897270 138
1897280 138
1897290 138
1897300 138
1897310 138
1897320 137
1897330 137
1897340 137
1897350 137
1897360 137
1897370 137
1897380 137
1897390 137
1897400 138
1897410 138
1897420 138
1897430 138
1897440 138
1897450 138
1897460 138
1897470 138
1897480 138
1897490 138
1897500 138
1897510 138
1897520 138
1897530 138
1897540 139
1897550 139
1897560 139
1897570 140
1897580 141
1897590 141
1897600 141
1897610 142
1897620 142
1897630 142
1897640 141
1897650 141
1897660 141
1897670 140
1897680 140
1897690 140
1897700 139
1897710 139
1897720 139
1897730 139
1897740 139
1897750 139
1897760 138
1897770 138
1897780 138
1897790 138
1897800 138
1897810 138
1897820 138
1897830 138
1897840 139
1897850 139
1897860 139
1897870 140
1897880 140
1897890 140
1897900 141
1897910 141
1897920 141
1897930 141
1897940 138
1897950 138
1897960 138
1897970 138
1897980 138
1897990 138
1898000 139
1898010 139
1898020 139
1898030 139
1898040 139
1898050 140
1898060 140
1898070 140
1898080 140
1898090 141
1898100 141
1898110 141
1898120 141
1898130 141
1898140 141
1898150 141
1898160 141
1898170 141
1898180 141
1898190 141
1898200 141
1898210 141
1898220 141
1898230 141
1898240 141
1898250 141
1898260 141
1898270 141
1898280 141
1898290 141
1898300 141
1898310 141
1898320 141
1898330 141
1898340 141
1898350 141
1898360 141
1898370 141
1898380 141
1898390 141
1898400 141
1898410 141
1898420 141
1898430 141
1898440 141
1898450 141
1898460 141
1898470 141
1898480 141
1898490 141
1898500 141
1898510 141
1898520 141
1898530 141
1898540 140
1898550 140
1898560 141
1898570 141
1898580 141
1898590 141
1898600 141
1898610 141
1898620 141
1898630 141
1898640 141
1898650 141
1898660 141
1898670 141
1898680 141
1898690 141
1898700 141
1898710 141
1898720 141
1898730 141
1898740 141
1898750 141
1898760 141
1898770 140
1898780 140
1898790 140
1898800 140
1898810 140
1898820 140
1898830 140
1898840 140
1898850 140
1898860 140
1898870 140
1898880 140
1898890 140
1898900 140
1898910 140
1898920 140
1898930 140
1898940 140
1898950 140
1898960 140
1898970 140
1898980 140
1898990 140
1899000 140
1899010 139
1899020 137
1899030 137
1899040 138
1899050 138
1899060 138
1899070 136
1899080 137
1899090 137
1899100 138
1899110 137
1899120 137
1899130 139
1899140 140
1899150 140
1899160 140
1899170 140
1899180 140
1899190 140
1899200 140
1899210 140
1899220 140
1899230 140
1899240 140
1899250 140
1899260 140
1899270 140
1899280 140
1899290 139
1899300 139
1899310 138
1899320 138
1899330 138
1899340 137
1899350 137
1899360 137
1899370 138
1899380 138
1899390 138
1899400 137
1899410 136
1899420 136
1899430 138
1899440 140
1899450 140
1899460 140
1899470 140
1899480 140
1899490 139
1899500 140
1899510 140
1899520 139
1899530 139
1899540 139
1899550 138
1899560 138
1899570 138
1899580 138
1899590 138
1899600 138
1899610 138
1899620 138
1899630 138
1899640 138
1899650 138
1899660 138
1899670 138
1899680 138
1899690 138
1899700 138
1899710 138
1899720 138
1899730 139
1899740 139
1899750 139
1899760 139
1899770 139
1899780 139
1899790 139
1899800 139
1899810 139
1899820 139
1899830 139
1899840 139
1899850 139
