1880000 182
1880010 182
1880020 182
1880030 182
1880040 182
1880050 182
1880060 182
1880070 182
1880080 181
1880090 181
1880100 181
1880110 181
1880120 181
1880130 181
1880140 181
1880150 181
1880160 181
1880170 181
1880180 181
1880190 181
1880200 181
1880210 181
1880220 181
1880230 182
1880240 182
1880250 182
1880260 182
1880270 182
1880280 182
1880290 182
1880300 182
1880310 182
1880320 182
1880330 182
1880340 182
1880350 182
1880360 182
1880370 182
1880380 182
1880390 182
1880400 182
1880410 182
1880420 182
1880430 182
1880440 182
1880450 182
1880460 182
1880470 182
1880480 181
1880490 181
1880500 180
1880510 179
1880520 179
1880530 180
1880540 180
1880550 180
1880560 180
1880570 180
1880580 180
1880590 180
1880600 180
1880610 180
1880620 179
1880630 179
1880640 179
1880650 179
1880660 179
1880670 179
1880680 178
1880690 178
1880700 178
1880710 178
1880720 177
1880730 177
1880740 177
1880750 176
1880760 176
1880770 176
1880780 175
1880790 175
1880800 175
1880810 174
1880820 174
1880830 174
1880840 174
1880850 174
1880860 174
1880870 174
1880880 174
1880890 174
1880900 174
1880910 174
1880920 173
1880930 173
1880940 173
1880950 173
1880960 173
1880970 173
1880980 172
1880990 172
1881000 172
1881010 171
1881020 171
1881030 171
1881040 171
1881050 170
1881060 170
1881070 170
1881080 169
1881090 169
1881100 169
1881110 167
1881120 167
1881130 167
1881140 166
1881150 166
1881160 166
1881170 165
1881180 165
1881190 165
1881200 164
1881210 164
1881220 164
1881230 164
1881240 164
1881250 163
1881260 163
1881270 163
1881280 162
1881290 161
1881300 161
1881310 160
1881320 159
1881330 159
1881340 159
1881350 158
1881360 158
1881370 159
1881380 158
1881390 158
1881400 157
1881410 157
1881420 157
1881430 157
1881440 156
1881450 156
1881460 156
1881470 155
1881480 155
1881490 156
1881500 156
1881510 156
1881520 160
1881530 163
1881540 163
1881550 163
1881560 163
1881570 163
1881580 160
1881590 159
1881600 159
1881610 161
1881620 164
1881630 164
1881640 165
1881650 166
1881660 166
1881670 166
1881680 166
1881690 166
1881700 166
1881710 166
1881720 166
1881730 168
1881740 168
1881750 168
1881760 168
1881770 169
1881780 169
1881790 171
1881800 172
1881810 172
1881820 173
1881830 174
1881840 174
1881850 175
1881860 177
1881870 177
1881880 178
1881890 184
1881900 184
1881910 186
1881920 186
1881930 186
1881940 186
1881950 186
1881960 186
1881970 186
1881980 186
1881990 186
1882000 186
1882010 184
1882020 184
1882030 181
1882040 180
1882050 180
1882060 180
1882070 180
1882080 180
1882090 180
1882100 180
1882110 180
1882120 180
1882130 180
1882140 180
1882150 180
1882160 180
1882170 180
1882180 180
1882190 180
1882200 180
1882210 180
1882220 180
1882230 180
1882240 180
1882250 180
1882260 180
1882270 180
1882280 180
1882290 180
1882300 180
1882310 180
1882320 180
1882330 180
1882340 180
1882350 180
1882360 180
1882370 180
1882380 180
1882390 180
1882400 180
1882410 180
1882420 180
1882430 180
1882440 180
1882450 180
1882460 180
1882470 180
1882480 180
1882490 180
1882500 180
1882510 180
1882520 180
1882530 180
1882540 180
1882550 180
1882560 180
1882570 180
1882580 180
1882590 180
1882600 180
1882610 180
1882620 180
1882630 180
1882640 180
1882650 180
1882660 180
1882670 180
1882680 180
1882690 180
1882700 180
1882710 180
1882720 180
1882730 180
1882740 180
1882750 180
1882760 180
1882770 180
1882780 180
1882790 180
1882800 180
1882810 180
1882820 181
1882830 181
1882840 181
1882850 181
1882860 181
1882870 181
1882880 181
1882890 181
1882900 181
1882910 181
1882920 181
1882930 181
1882940 181
1882950 181
1882960 181
1882970 181
1882980 181
1882990 181
1883000 182
1883010 182
1883020 182
1883030 182
1883040 182
1883050 182
1883060 182
1883070 183
1883080 183
1883090 183
1883100 183
1883110 183
1883120 184
1883130 184
1883140 184
1883150 184
1883160 185
1883170 185
1883180 185
1883190 185
1883200 185
1883210 186
1883220 186
1883230 186
1883240 187
1883250 187
1883260 187
1883270 188
1883280 188
1883290 188
1883300 188
1883310 188
1883320 188
1883330 189
1883340 189
1883350 189
1883360 189
1883370 190
1883380 190
1883390 190
1883400 191
1883410 191
1883420 191
1883430 192
1883440 192
1883450 192
1883460 192
1883470 192
1883480 192
1883490 193
1883500 193
1883510 193
1883520 193
1883530 193
1883540 194
1883550 194
1883560 194
1883570 194
1883580 195
1883590 195
1883600 195
1883610 195
1883620 195
1883630 196
1883640 196
1883650 196
1883660 197
1883670 197
1883680 197
1883690 197
1883700 198
1883710 198
1883720 198
1883730 199
1883740 199
1883750 199
1883760 199
1883770 199
1883780 200
1883790 200
1883800 200
1883810 201
1883820 201
1883830 201
1883840 202
1883850 202
1883860 202
1883870 202
1883880 203
1883890 203
1883900 203
1883910 204
1883920 204
1883930 206
1883940 206
1883950 206
1883960 206
1883970 206
1883980 206
1883990 207
1884000 207
1884010 207
1884020 207
1884030 208
1884040 208
1884050 208
1884060 208
1884070 208
1884080 208
1884090 208
1884100 208
1884110 209
1884120 209
1884130 209
1884140 209
1884150 209
1884160 209
1884170 210
1884180 210
1884190 210
1884200 210
1884210 211
1884220 211
1884230 211
1884240 211
1884250 211
1884260 211
1884270 212
1884280 212
1884290 212
1884300 213
1884310 213
1884320 213
1884330 214
1884340 214
1884350 214
1884360 215
1884370 215
1884380 215
1884390 216
1884400 216
1884410 216
1884420 217
1884430 217
1884440 218
1884450 221
1884460 221
1884470 222
1884480 222
1884490 222
1884500 223
1884510 223
1884520 223
1884530 223
1884540 226
1884550 226
1884560 227
1884570 228
1884580 228
1884590 230
1884600 232
1884610 232
1884620 234
1884630 236
1884640 236
1884650 240
1884660 244
1884670 244
1884680 248
1884690 254
1884700 254
1884710 258
1884720 263
1884730 263
1884740 267
1884750 271
1884760 271
1884770 275
1884780 276
1884790 276
1884800 271
1884810 269
1884820 269
1884830 271
1884840 276
1884850 276
1884860 284
1884870 286
1884880 286
1884890 288
1884900 291
1884910 291
1884920 296
1884930 303
1884940 303
1884950 309
1884960 314
1884970 314
1884980 320
1884990 327
1885000 327
1885010 331
1885020 338
1885030 338
1885040 343
1885050 347
1885060 347
1885070 349
1885080 351
1885090 351
1885100 353
1885110 355
1885120 356
1885130 356
1885140 358
1885150 359
1885160 359
1885170 361
1885180 363
1885190 363
1885200 364
1885210 367
1885220 367
1885230 369
1885240 371
1885250 371
1885260 373
1885270 376
1885280 376
1885290 378
1885300 379
1885310 379
1885320 380
1885330 382
1885340 382
1885350 381
1885360 381
1885370 381
1885380 380
1885390 379
1885400 379
1885410 378
1885420 378
1885430 378
1885440 377
1885450 377
1885460 377
1885470 377
1885480 378
1885490 378
1885500 378
1885510 377
1885520 377
1885530 376
1885540 376
1885550 376
1885560 375
1885570 372
1885580 372
1885590 366
1885600 360
1885610 360
1885620 354
1885630 351
1885640 351
1885650 351
1885660 355
1885670 355
1885680 349
1885690 345
1885700 345
1885710 343
1885720 339
1885730 339
1885740 330
1885750 323
1885760 323
1885770 322
1885780 323
1885790 323
1885800 324
1885810 322
1885820 322
1885830 319
1885840 315
1885850 315
1885860 312
1885870 312
1885880 312
1885890 313
1885900 312
1885910 312
1885920 311
1885930 308
1885940 308
1885950 301
1885960 297
1885970 297
1885980 304
1885990 306
1886000 306
1886010 306
1886020 305
1886030 305
1886040 305
1886050 304
1886060 304
1886070 303
1886080 302
1886090 302
1886100 300
1886110 299
1886120 299
1886130 297
1886140 296
1886150 296
1886160 294
1886170 292
1886180 292
1886190 291
1886200 289
1886210 289
1886220 287
1886230 286
1886240 286
1886250 284
1886260 283
1886270 283
1886280 282
1886290 280
1886300 281
1886310 280
1886320 279
1886330 279
1886340 278
1886350 277
1886360 277
1886370 276
1886380 276
1886390 276
1886400 275
1886410 275
1886420 275
1886430 274
1886440 274
1886450 274
1886460 274
1886470 274
1886480 274
1886490 274
1886500 274
1886510 274
1886520 275
1886530 275
1886540 275
1886550 275
1886560 275
1886570 275
1886580 275
1886590 275
1886600 275
1886610 276
1886620 277
1886630 277
1886640 277
1886650 278
1886660 278
1886670 278
1886680 278
1886690 278
1886700 279
1886710 278
1886720 278
1886730 279
1886740 279
1886750 279
1886760 279
1886770 279
1886780 279
1886790 279
1886800 279
1886810 279
1886820 279
1886830 279
1886840 279
1886850 279
1886860 279
1886870 279
1886880 279
1886890 279
1886900 279
1886910 279
1886920 279
1886930 279
1886940 279
1886950 280
1886960 280
1886970 280
1886980 280
1886990 280
1887000 280
1887010 280
1887020 280
1887030 281
1887040 281
1887050 281
1887060 281
1887070 281
1887080 281
1887090 281
1887100 282
1887110 282
1887120 282
1887130 283
1887140 283
1887150 283
1887160 283
1887170 283
1887180 284
1887190 284
1887200 284
1887210 284
1887220 285
1887230 285
1887240 285
1887250 286
1887260 286
1887270 287
1887280 288
1887290 288
1887300 289
1887310 289
1887320 289
1887330 290
1887340 290
1887350 290
1887360 291
1887370 292
1887380 292
1887390 293
1887400 294
1887410 294
1887420 294
1887430 295
1887440 295
1887450 296
1887460 296
1887470 296
1887480 297
1887490 298
1887500 298
1887510 299
1887520 300
1887530 300
1887540 301
1887550 302
1887560 302
1887570 303
1887580 304
1887590 305
1887600 306
1887610 306
1887620 306
1887630 307
1887640 307
1887650 307
1887660 307
1887670 307
1887680 307
1887690 307
1887700 306
1887710 306
1887720 305
1887730 303
1887740 303
1887750 300
1887760 297
1887770 297
1887780 295
1887790 293
1887800 293
1887810 291
1887820 289
1887830 289
1887840 287
1887850 285
1887860 285
1887870 283
1887880 282
1887890 282
1887900 280
1887910 275
1887920 273
1887930 273
1887940 271
1887950 269
1887960 269
1887970 267
1887980 265
1887990 265
1888000 263
1888010 262
1888020 262
1888030 260
1888040 259
1888050 259
1888060 258
1888070 256
1888080 256
1888090 255
1888100 254
1888110 254
1888120 254
1888130 254
1888140 254
1888150 255
1888160 257
1888170 257
1888180 261
1888190 265
1888200 265
1888210 270
1888220 274
1888230 273
1888240 275
1888250 276
1888260 276
1888270 277
1888280 277
1888290 277
1888300 278
1888310 279
1888320 279
1888330 280
1888340 282
1888350 282
1888360 285
1888370 287
1888380 287
1888390 289
1888400 291
1888410 291
1888420 293
1888430 294
1888440 294
1888450 296
1888460 297
1888470 297
1888480 299
1888490 300
1888500 300
1888510 302
1888520 303
1888530 303
1888540 303
1888550 302
1888560 302
1888570 303
1888580 303
1888590 303
1888600 304
1888610 306
1888620 306
1888630 307
1888640 309
1888650 309
1888660 311
1888670 312
1888680 312
1888690 313
1888700 314
1888710 314
1888720 315
1888730 315
1888740 315
1888750 315
1888760 315
1888770 315
1888780 314
1888790 313
1888800 313
1888810 312
1888820 311
1888830 311
1888840 310
1888850 309
1888860 309
1888870 308
1888880 308
1888890 308
1888900 308
1888910 308
1888920 308
1888930 309
1888940 309
1888950 309
1888960 309
1888970 309
1888980 309
1888990 309
1889000 308
1889010 308
1889020 308
1889030 308
1889040 308
1889050 307
1889060 307
1889070 307
1889080 306
1889090 306
1889100 306
1889110 305
1889120 305
1889130 305
1889140 304
1889150 303
1889160 303
1889170 302
1889180 302
1889190 302
1889200 302
1889210 302
1889220 302
1889230 302
1889240 302
1889250 302
1889260 302
1889270 302
1889280 302
1889290 302
1889300 303
1889310 303
1889320 303
1889330 304
1889340 304
1889350 304
1889360 305
1889370 305
1889380 305
1889390 305
1889400 305
1889410 305
1889420 304
1889430 304
1889440 303
1889450 302
1889460 302
1889470 301
1889480 300
1889490 300
1889500 299
1889510 297
1889520 297
1889530 296
1889540 296
1889550 296
1889560 294
1889570 293
1889580 293
1889590 292
1889600 290
1889610 290
1889620 290
1889630 289
1889640 289
1889650 288
1889660 288
1889670 288
1889680 287
1889690 286
1889700 286
1889710 284
1889720 283
1889730 283
1889740 281
1889750 280
1889760 280
1889770 278
1889780 276
1889790 276
1889800 274
1889810 271
1889820 271
1889830 266
1889840 263
1889850 263
1889860 260
1889870 258
1889880 258
1889890 257
1889900 259
1889910 259
1889920 259
1889930 259
1889940 259
1889950 258
1889960 258
1889970 258
1889980 258
1889990 258
1890000 258
1890010 259
1890020 259
1890030 259
1890040 258
1890050 257
1890060 257
1890070 256
1890080 255
1890090 255
1890100 256
1890110 257
1890120 257
1890130 257
1890140 258
1890150 259
1890160 259
1890170 260
1890180 260
1890190 260
1890200 260
1890210 260
1890220 260
1890230 260
1890240 260
1890250 259
1890260 259
1890270 259
1890280 258
1890290 258
1890300 258
1890310 257
1890320 256
1890330 256
1890340 255
1890350 254
1890360 254
1890370 253
1890380 252
1890390 252
1890400 252
1890410 251
1890420 251
1890430 250
1890440 249
1890450 249
1890460 249
1890470 249
1890480 249
1890490 249
1890500 249
1890510 249
1890520 249
1890530 248
1890540 248
1890550 248
1890560 247
1890570 247
1890580 247
1890590 247
1890600 247
1890610 247
1890620 246
1890630 246
1890640 246
1890650 245
1890660 245
1890670 245
1890680 244
1890690 244
1890700 243
1890710 243
1890720 243
1890730 242
1890740 241
1890750 241
1890760 241
1890770 240
1890780 240
1890790 240
1890800 240
1890810 239
1890820 239
1890830 239
1890840 239
1890850 239
1890860 239
1890870 239
1890880 239
1890890 240
1890900 240
1890910 240
1890920 240
1890930 240
1890940 240
1890950 240
1890960 239
1890970 239
1890980 239
1890990 239
1891000 239
1891010 238
1891020 238
1891030 238
1891040 237
1891050 236
1891060 236
1891070 236
1891080 235
1891090 235
1891100 234
1891110 234
1891120 234
1891130 233
1891140 233
1891150 233
1891160 233
1891170 232
1891180 232
1891190 232
1891200 232
1891210 232
1891220 231
1891230 231
1891240 231
1891250 231
1891260 231
1891270 231
1891280 230
1891290 230
1891300 230
1891310 230
1891320 229
1891330 229
1891340 229
1891350 229
1891360 229
1891370 228
1891380 228
1891390 228
1891400 228
1891410 227
1891420 228
1891430 227
1891440 227
1891450 227
1891460 226
1891470 225
1891480 225
1891490 225
1891500 224
1891510 224
1891520 223
1891530 222
1891540 222
1891550 221
1891560 220
1891570 220
1891580 219
1891590 218
1891600 218
1891610 217
1891620 215
1891630 215
1891640 213
1891650 212
1891660 212
1891670 210
1891680 209
1891690 209
1891700 207
1891710 205
1891720 205
1891730 203
1891740 201
1891750 201
1891760 199
1891770 198
1891780 198
1891790 197
1891800 196
1891810 196
1891820 196
1891830 195
1891840 195
1891850 194
1891860 193
1891870 193
1891880 191
1891890 190
1891900 190
1891910 190
1891920 189
1891930 189
1891940 189
1891950 188
1891960 188
1891970 188
1891980 187
1891990 187
1892000 187
1892010 186
1892020 186
1892030 186
1892040 185
1892050 185
1892060 184
1892070 183
1892080 183
1892090 183
1892100 183
1892110 183
1892120 182
1892130 182
1892140 182
1892150 181
1892160 181
1892170 181
1892180 181
1892190 180
1892200 180
1892210 180
1892220 180
1892230 180
1892240 179
1892250 179
1892260 179
1892270 179
1892280 178
1892290 178
1892300 178
1892310 178
1892320 178
1892330 177
1892340 177
1892350 177
1892360 177
1892370 177
1892380 176
1892390 176
1892400 176
1892410 176
1892420 176
1892430 176
1892440 176
1892450 176
1892460 175
1892470 175
1892480 175
1892490 175
1892500 175
1892510 175
1892520 174
1892530 174
1892540 175
1892550 175
1892560 175
1892570 175
1892580 175
1892590 175
1892600 175
1892610 175
1892620 175
1892630 175
1892640 176
1892650 176
1892660 177
1892670 180
1892680 180
1892690 183
1892700 187
1892710 187
1892720 190
1892730 193
1892740 193
1892750 196
1892760 199
1892770 199
1892780 201
1892790 202
1892800 202
1892810 201
1892820 201
1892830 201
1892840 201
1892850 200
1892860 200
1892870 200
1892880 199
1892890 199
1892900 199
1892910 198
1892920 198
1892930 197
1892940 196
1892950 196
1892960 195
1892970 195
1892980 195
1892990 193
1893000 192
1893010 191
1893020 190
1893030 191
1893040 191
1893050 191
1893060 192
1893070 192
1893080 192
1893090 192
1893100 192
1893110 192
1893120 192
1893130 192
1893140 192
1893150 192
1893160 192
1893170 193
1893180 193
1893190 193
1893200 194
1893210 195
1893220 195
1893230 195
1893240 196
1893250 196
1893260 196
1893270 195
1893280 195
1893290 195
1893300 194
1893310 194
1893320 193
1893330 191
1893340 191
1893350 190
1893360 190
1893370 190
1893380 190
1893390 189
1893400 189
1893410 189
1893420 190
1893430 190
1893440 191
1893450 191
1893460 191
1893470 191
1893480 191
1893490 191
1893500 193
1893510 194
1893520 194
1893530 195
1893540 196
1893550 196
1893560 197
1893570 198
1893580 199
1893590 199
1893600 200
1893610 201
1893620 201
1893630 202
1893640 204
1893650 204
1893660 207
1893670 209
1893680 209
1893690 211
1893700 212
1893710 212
1893720 212
1893730 210
1893740 210
1893750 209
1893760 209
1893770 209
1893780 211
1893790 214
1893800 214
1893810 219
1893820 223
1893830 223
1893840 226
1893850 229
1893860 229
1893870 232
1893880 233
1893890 233
1893900 235
1893910 237
1893920 237
1893930 239
1893940 239
1893950 239
1893960 238
1893970 239
1893980 239
1893990 240
1894000 240
1894010 240
1894020 242
1894030 243
1894040 243
1894050 246
1894060 248
1894070 248
1894080 251
1894090 254
1894100 254
1894110 256
1894120 258
1894130 258
1894140 259
1894150 261
1894160 261
1894170 262
1894180 264
1894190 264
1894200 266
1894210 269
1894220 269
1894230 271
1894240 273
1894250 273
1894260 275
1894270 277
1894280 279
1894290 281
1894300 283
1894310 283
1894320 285
1894330 286
1894340 286
1894350 287
1894360 288
1894370 288
1894380 289
1894390 290
1894400 290
1894410 291
1894420 291
1894430 291
1894440 292
1894450 292
1894460 292
1894470 293
1894480 294
1894490 294
1894500 293
1894510 292
1894520 292
1894530 290
1894540 288
1894550 288
1894560 286
1894570 283
1894580 283
1894590 278
1894600 275
1894610 275
1894620 271
1894630 268
1894640 268
1894650 266
1894660 264
1894670 264
1894680 262
1894690 260
1894700 260
1894710 259
1894720 258
1894730 258
1894740 256
1894750 254
1894760 254
1894770 252
1894780 250
1894790 250
1894800 249
1894810 247
1894820 247
1894830 246
1894840 244
1894850 244
1894860 242
1894870 240
1894880 240
1894890 239
1894900 237
1894910 234
1894920 232
1894930 230
1894940 230
1894950 228
1894960 226
1894970 226
1894980 224
1894990 221
1895000 221
1895010 219
1895020 217
1895030 217
1895040 215
1895050 213
1895060 213
1895070 211
1895080 209
1895090 209
1895100 207
1895110 205
1895120 205
1895130 203
1895140 201
1895150 201
1895160 200
1895170 198
1895180 198
1895190 196
1895200 194
1895210 194
1895220 190
1895230 188
1895240 188
1895250 186
1895260 184
1895270 184
1895280 182
1895290 180
1895300 180
1895310 178
1895320 176
1895330 176
1895340 175
1895350 173
1895360 173
1895370 171
1895380 169
1895390 169
1895400 167
1895410 164
1895420 164
1895430 162
1895440 159
1895450 159
1895460 156
1895470 151
1895480 151
1895490 150
1895500 153
1895510 153
1895520 159
1895530 163
1895540 162
1895550 164
1895560 164
1895570 164
1895580 164
1895590 163
1895600 163
1895610 162
1895620 158
1895630 158
1895640 155
1895650 151
1895660 151
1895670 148
1895680 144
1895690 144
1895700 140
1895710 140
1895720 140
1895730 140
1895740 141
1895750 141
1895760 141
1895770 141
1895780 141
1895790 141
1895800 141
1895810 141
1895820 140
1895830 138
1895840 138
1895850 138
1895860 138
1895870 138
1895880 138
1895890 139
1895900 139
1895910 139
1895920 138
1895930 138
1895940 138
1895950 139
1895960 139
1895970 139
1895980 138
1895990 138
1896000 138
1896010 138
1896020 138
1896030 138
1896040 138
1896050 138
1896060 138
1896070 138
1896080 138
1896090 138
1896100 138
1896110 138
1896120 138
1896130 138
1896140 138
1896150 138
1896160 138
1896170 138
1896180 138
1896190 138
1896200 138
1896210 138
1896220 138
1896230 138
1896240 138
1896250 138
1896260 138
1896270 138
1896280 138
1896290 138
1896300 138
1896310 138
1896320 138
1896330 138
1896340 138
1896350 138
1896360 138
1896370 138
1896380 138
1896390 138
1896400 138
1896410 138
1896420 138
1896430 138
1896440 138
1896450 138
1896460 138
1896470 138
1896480 138
1896490 138
1896500 138
1896510 138
1896520 138
1896530 138
1896540 138
1896550 138
1896560 138
1896570 138
1896580 138
1896590 138
1896600 138
1896610 138
1896620 138
1896630 138
1896640 138
1896650 138
1896660 138
1896670 138
1896680 138
1896690 138
1896700 138
1896710 138
1896720 138
1896730 138
1896740 138
1896750 138
1896760 138
1896770 138
1896780 138
1896790 138
1896800 138
1896810 138
1896820 138
1896830 138
1896840 138
1896850 138
1896860 138
1896870 138
1896880 138
1896890 138
1896900 138
1896910 138
1896920 138
1896930 138
1896940 138
1896950 139
1896960 139
1896970 140
1896980 141
1896990 141
1897000 141
1897010 141
1897020 141
1897030 142
1897040 141
1897050 141
1897060 140
1897070 139
1897080 139
1897090 138
1897100 138
1897110 138
1897120 138
1897130 138
1897140 138
1897150 138
1897160 138
1897170 138
1897180 138
1897190 138
1897200 138
1897210 138
1897220 138
1897230 138
1897240 138
1897250 138
1897260 138
1897270 138
1897280 138
1897290 138
1897300 138
1897310 138
1897320 138
1897330 138
1897340 138
1897350 138
1897360 138
1897370 138
1897380 138
1897390 138
1897400 137
1897410 137
1897420 137
1897430 137
1897440 137
1897450 137
1897460 137
1897470 137
1897480 137
1897490 137
1897500 137
1897510 138
1897520 138
1897530 138
1897540 138
1897550 138
1897560 138
1897570 138
1897580 138
1897590 138
1897600 138
1897610 137
1897620 137
1897630 138
1897640 138
1897650 138
1897660 138
1897670 138
1897680 138
1897690 138
1897700 138
1897710 138
1897720 138
1897730 138
1897740 138
1897750 138
1897760 138
1897770 138
1897780 138
1897790 138
1897800 138
1897810 138
1897820 138
1897830 138
1897840 138
1897850 138
1897860 138
1897870 138
1897880 138
1897890 138
1897900 137
1897910 137
1897920 137
1897930 137
1897940 136
1897950 136
1897960 136
1897970 135
1897980 135
1897990 137
1898000 138
1898010 138
1898020 138
1898030 138
1898040 138
1898050 138
1898060 138
1898070 138
1898080 138
1898090 138
1898100 138
1898110 137
1898120 137
1898130 137
1898140 137
1898150 137
1898160 137
1898170 137
1898180 137
1898190 137
1898200 137
1898210 137
1898220 137
1898230 137
1898240 137
1898250 137
1898260 137
1898270 137
1898280 137
1898290 137
1898300 137
1898310 137
1898320 137
1898330 137
1898340 137
1898350 137
1898360 137
1898370 137
1898380 137
1898390 137
1898400 137
1898410 137
1898420 137
1898430 137
1898440 137
1898450 138
1898460 138
1898470 138
1898480 138
1898490 138
1898500 138
1898510 138
1898520 138
1898530 138
1898540 138
1898550 138
1898560 138
1898570 138
1898580 138
1898590 138
1898600 138
1898610 138
1898620 138
1898630 138
1898640 138
1898650 138
1898660 137
1898670 138
1898680 138
1898690 138
1898700 138
1898710 138
1898720 138
1898730 138
1898740 137
1898750 137
1898760 137
1898770 138
1898780 138
1898790 138
1898800 138
1898810 137
1898820 137
1898830 137
1898840 137
1898850 137
1898860 137
1898870 137
1898880 137
1898890 137
1898900 137
1898910 137
1898920 137
1898930 137
1898940 137
1898950 137
1898960 137
1898970 137
1898980 137
1898990 137
1899000 137
1899010 137
1899020 137
1899030 137
1899040 137
1899050 137
1899060 137
1899070 137
1899080 137
1899090 137
1899100 137
1899110 137
1899120 137
1899130 137
1899140 137
1899150 137
1899160 137
1899170 137
1899180 137
1899190 137
1899200 137
1899210 137
1899220 137
1899230 137
1899240 137
1899250 137
1899260 137
1899270 137
1899280 137
1899290 137
1899300 137
1899310 137
1899320 137
1899330 137
1899340 137
1899350 137
1899360 137
1899370 137
1899380 137
1899390 137
1899400 137
1899410 137
1899420 137
1899430 137
1899440 137
1899450 138
1899460 138
1899470 137
1899480 138
1899490 138
1899500 138
1899510 138
1899520 138
1899530 138
1899540 138
1899550 138
1899560 138
1899570 138
1899580 138
1899590 137
1899600 137
1899610 137
1899620 137
1899630 137
1899640 137
1899650 137
1899660 137
1899670 137
1899680 137
1899690 137
1899700 137
1899710 137
1899720 137
1899730 137
1899740 137
1899750 137
1899760 137
1899770 137
1899780 138
1899790 138
1899800 138
1899810 138
1899820 138
1899830 138
1899840 138
1899850 138
1899860 137
1899870 137
1899880 137
1899890 137
1899900 137
1899910 137
1899920 138
1899930 138
1899940 138
1899950 137
1899960 137
1899970 137
1899980 137
1899990 137
