1880000 141
1880010 141
1880020 141
1880030 141
1880040 141
1880050 141
1880060 141
1880070 141
1880080 141
1880090 141
1880100 141
1880110 141
1880120 141
1880130 141
1880140 142
1880150 144
1880160 144
1880170 144
1880180 145
1880190 145
1880200 146
1880210 146
1880220 146
1880230 149
1880240 152
1880250 152
1880260 153
1880270 154
1880280 154
1880290 155
1880300 157
1880310 157
1880320 159
1880330 158
1880340 158
1880350 158
1880360 160
1880370 158
1880380 160
1880390 164
1880400 164
1880410 166
1880420 166
1880430 166
1880440 166
1880450 164
1880460 164
1880470 163
1880480 164
1880490 164
1880500 164
1880510 164
1880520 164
1880530 165
1880540 168
1880550 168
1880560 168
1880570 169
1880580 169
1880590 169
1880600 170
1880610 170
1880620 170
1880630 170
1880640 170
1880650 170
1880660 171
1880670 171
1880680 171
1880690 172
1880700 172
1880710 172
1880720 172
1880730 173
1880740 173
1880750 173
1880760 173
1880770 173
1880780 173
1880790 174
1880800 174
1880810 174
1880820 174
1880830 174
1880840 175
1880850 175
1880860 175
1880870 175
1880880 175
1880890 175
1880900 175
1880910 175
1880920 175
1880930 176
1880940 176
1880950 176
1880960 176
1880970 176
1880980 176
1880990 176
1881000 176
1881010 176
1881020 175
1881030 175
1881040 175
1881050 175
1881060 174
1881070 174
1881080 174
1881090 173
1881100 173
1881110 172
1881120 172
1881130 172
1881140 172
1881150 171
1881160 171
1881170 170
1881180 170
1881190 170
1881200 169
1881210 169
1881220 169
1881230 168
1881240 168
1881250 168
1881260 167
1881270 167
1881280 167
1881290 166
1881300 165
1881310 165
1881320 165
1881330 164
1881340 164
1881350 164
1881360 163
1881370 163
1881380 162
1881390 162
1881400 162
1881410 161
1881420 160
1881430 160
1881440 160
1881450 159
1881460 159
1881470 159
1881480 158
1881490 158
1881500 157
1881510 157
1881520 157
1881530 156
1881540 155
1881550 155
1881560 153
1881570 153
1881580 153
1881590 154
1881600 154
1881610 154
1881620 154
1881630 155
1881640 155
1881650 157
1881660 157
1881670 157
1881680 157
1881690 157
1881700 157
1881710 157
1881720 160
1881730 160
1881740 161
1881750 161
1881760 161
1881770 162
1881780 162
1881790 162
1881800 164
1881810 163
1881820 163
1881830 164
1881840 165
1881850 165
1881860 167
1881870 170
1881880 170
1881890 170
1881900 170
1881910 170
1881920 170
1881930 170
1881940 170
1881950 171
1881960 171
1881970 171
1881980 171
1881990 172
1882000 172
1882010 172
1882020 172
1882030 172
1882040 172
1882050 171
1882060 171
1882070 171
1882080 171
1882090 171
1882100 171
1882110 171
1882120 171
1882130 171
1882140 171
1882150 171
1882160 171
1882170 171
1882180 171
1882190 171
1882200 170
1882210 170
1882220 170
1882230 170
1882240 170
1882250 170
1882260 170
1882270 170
1882280 170
1882290 170
1882300 170
1882310 169
1882320 169
1882330 169
1882340 169
1882350 170
1882360 170
1882370 172
1882380 174
1882390 174
1882400 174
1882410 174
1882420 174
1882430 175
1882440 175
1882450 175
1882460 175
1882470 176
1882480 176
1882490 175
1882500 175
1882510 175
1882520 174
1882530 174
1882540 174
1882550 174
1882560 173
1882570 173
1882580 173
1882590 173
1882600 173
1882610 172
1882620 172
1882630 172
1882640 172
1882650 171
1882660 171
1882670 172
1882680 171
1882690 171
1882700 171
1882710 170
1882720 170
1882730 170
1882740 170
1882750 170
1882760 170
1882770 170
1882780 170
1882790 171
1882800 171
1882810 171
1882820 171
1882830 171
1882840 171
1882850 172
1882860 172
1882870 172
1882880 172
1882890 173
1882900 173
1882910 173
1882920 174
1882930 174
1882940 174
1882950 175
1882960 175
1882970 176
1882980 177
1882990 177
1883000 177
1883010 177
1883020 177
1883030 178
1883040 178
1883050 178
1883060 179
1883070 179
1883080 179
1883090 180
1883100 180
1883110 180
1883120 181
1883130 181
1883140 181
1883150 182
1883160 182
1883170 182
1883180 183
1883190 183
1883200 183
1883210 184
1883220 186
1883230 186
1883240 188
1883250 188
1883260 188
1883270 189
1883280 189
1883290 189
1883300 190
1883310 191
1883320 191
1883330 192
1883340 193
1883350 193
1883360 195
1883370 197
1883380 197
1883390 200
1883400 203
1883410 203
1883420 205
1883430 206
1883440 206
1883450 207
1883460 207
1883470 207
1883480 206
1883490 207
1883500 207
1883510 208
1883520 208
1883530 208
1883540 209
1883550 209
1883560 209
1883570 209
1883580 209
1883590 210
1883600 210
1883610 210
1883620 212
1883630 212
1883640 212
1883650 211
1883660 211
1883670 211
1883680 211
1883690 211
1883700 212
1883710 213
1883720 213
1883730 215
1883740 216
1883750 216
1883760 217
1883770 217
1883780 217
1883790 218
1883800 219
1883810 219
1883820 222
1883830 224
1883840 224
1883850 224
1883860 225
1883870 225
1883880 227
1883890 229
1883900 229
1883910 228
1883920 227
1883930 227
1883940 227
1883950 227
1883960 227
1883970 226
1883980 226
1883990 226
1884000 227
1884010 229
1884020 229
1884030 233
1884040 234
1884050 234
1884060 236
1884070 237
1884080 237
1884090 237
1884100 237
1884110 237
1884120 237
1884130 237
1884140 237
1884150 237
1884160 238
1884170 238
1884180 238
1884190 238
1884200 238
1884210 238
1884220 239
1884230 239
1884240 239
1884250 240
1884260 240
1884270 242
1884280 242
1884290 242
1884300 243
1884310 243
1884320 243
1884330 243
1884340 243
1884350 243
1884360 242
1884370 243
1884380 243
1884390 242
1884400 242
1884410 242
1884420 242
1884430 241
1884440 241
1884450 241
1884460 241
1884470 241
1884480 241
1884490 241
1884500 241
1884510 240
1884520 240
1884530 240
1884540 241
1884550 242
1884560 242
1884570 243
1884580 245
1884590 246
1884600 247
1884610 249
1884620 249
1884630 250
1884640 251
1884650 251
1884660 252
1884670 253
1884680 253
1884690 254
1884700 256
1884710 256
1884720 257
1884730 258
1884740 258
1884750 260
1884760 262
1884770 262
1884780 265
1884790 266
1884800 266
1884810 268
1884820 271
1884830 271
1884840 274
1884850 278
1884860 278
1884870 281
1884880 283
1884890 283
1884900 286
1884910 289
1884920 293
1884930 295
1884940 299
1884950 299
1884960 302
1884970 305
1884980 305
1884990 309
1885000 312
1885010 312
1885020 316
1885030 319
1885040 319
1885050 323
1885060 327
1885070 327
1885080 331
1885090 334
1885100 334
1885110 337
1885120 341
1885130 341
1885140 344
1885150 348
1885160 348
1885170 351
1885180 354
1885190 354
1885200 357
1885210 361
1885220 361
1885230 364
1885240 369
1885250 369
1885260 373
1885270 377
1885280 377
1885290 380
1885300 382
1885310 382
1885320 385
1885330 388
1885340 388
1885350 391
1885360 394
1885370 394
1885380 397
1885390 400
1885400 400
1885410 402
1885420 405
1885430 405
1885440 407
1885450 409
1885460 409
1885470 411
1885480 412
1885490 412
1885500 414
1885510 415
1885520 415
1885530 417
1885540 419
1885550 419
1885560 421
1885570 423
1885580 423
1885590 424
1885600 425
1885610 425
1885620 426
1885630 428
1885640 428
1885650 430
1885660 431
1885670 431
1885680 433
1885690 434
1885700 434
1885710 434
1885720 435
1885730 435
1885740 436
1885750 436
1885760 436
1885770 437
1885780 437
1885790 437
1885800 437
1885810 438
1885820 438
1885830 438
1885840 438
1885850 438
1885860 438
1885870 438
1885880 438
1885890 437
1885900 437
1885910 437
1885920 435
1885930 433
1885940 433
1885950 432
1885960 431
1885970 431
1885980 430
1885990 429
1886000 429
1886010 428
1886020 426
1886030 426
1886040 425
1886050 422
1886060 422
1886070 420
1886080 418
1886090 418
1886100 415
1886110 413
1886120 413
1886130 410
1886140 407
1886150 407
1886160 404
1886170 401
1886180 401
1886190 398
1886200 396
1886210 397
1886220 394
1886230 391
1886240 391
1886250 389
1886260 386
1886270 386
1886280 383
1886290 380
1886300 380
1886310 377
1886320 375
1886330 375
1886340 372
1886350 369
1886360 369
1886370 366
1886380 364
1886390 364
1886400 362
1886410 360
1886420 360
1886430 358
1886440 356
1886450 355
1886460 355
1886470 354
1886480 353
1886490 353
1886500 352
1886510 350
1886520 350
1886530 351
1886540 349
1886550 349
1886560 348
1886570 347
1886580 347
1886590 347
1886600 346
1886610 346
1886620 345
1886630 344
1886640 344
1886650 344
1886660 344
1886670 344
1886680 344
1886690 345
1886700 345
1886710 344
1886720 343
1886730 343
1886740 342
1886750 341
1886760 341
1886770 340
1886780 340
1886790 340
1886800 339
1886810 339
1886820 339
1886830 339
1886840 339
1886850 343
1886860 342
1886870 341
1886880 341
1886890 338
1886900 341
1886910 341
1886920 338
1886930 336
1886940 336
1886950 336
1886960 334
1886970 334
1886980 333
1886990 332
1887000 332
1887010 332
1887020 332
1887030 332
1887040 331
1887050 331
1887060 331
1887070 332
1887080 333
1887090 333
1887100 334
1887110 335
1887120 335
1887130 335
1887140 335
1887150 335
1887160 336
1887170 336
1887180 337
1887190 337
1887200 338
1887210 338
1887220 338
1887230 338
1887240 338
1887250 338
1887260 338
1887270 338
1887280 338
1887290 338
1887300 338
1887310 339
1887320 339
1887330 339
1887340 339
1887350 339
1887360 339
1887370 339
1887380 339
1887390 339
1887400 339
1887410 339
1887420 339
1887430 339
1887440 339
1887450 339
1887460 338
1887470 338
1887480 338
1887490 337
1887500 335
1887510 335
1887520 334
1887530 332
1887540 332
1887550 329
1887560 324
1887570 324
1887580 319
1887590 315
1887600 315
1887610 312
1887620 309
1887630 309
1887640 306
1887650 303
1887660 303
1887670 301
1887680 298
1887690 298
1887700 296
1887710 293
1887720 293
1887730 290
1887740 288
1887750 288
1887760 285
1887770 282
1887780 282
1887790 280
1887800 278
1887810 278
1887820 274
1887830 272
1887840 272
1887850 270
1887860 269
1887870 269
1887880 267
1887890 266
1887900 266
1887910 264
1887920 261
1887930 261
1887940 259
1887950 256
1887960 256
1887970 255
1887980 256
1887990 256
1888000 257
1888010 258
1888020 258
1888030 256
1888040 253
1888050 253
1888060 250
1888070 247
1888080 247
1888090 244
1888100 240
1888110 240
1888120 237
1888130 236
1888140 236
1888150 235
1888160 236
1888170 236
1888180 242
1888190 246
1888200 246
1888210 250
1888220 256
1888230 256
1888240 261
1888250 266
1888260 266
1888270 271
1888280 277
1888290 277
1888300 282
1888310 286
1888320 286
1888330 289
1888340 292
1888350 292
1888360 294
1888370 295
1888380 295
1888390 296
1888400 296
1888410 296
1888420 292
1888430 287
1888440 287
1888450 283
1888460 277
1888470 277
1888480 276
1888490 276
1888500 276
1888510 279
1888520 284
1888530 284
1888540 289
1888550 293
1888560 293
1888570 296
1888580 297
1888590 297
1888600 296
1888610 295
1888620 295
1888630 293
1888640 292
1888650 292
1888660 290
1888670 289
1888680 289
1888690 288
1888700 287
1888710 287
1888720 285
1888730 283
1888740 283
1888750 281
1888760 279
1888770 279
1888780 273
1888790 270
1888800 270
1888810 272
1888820 275
1888830 275
1888840 278
1888850 281
1888860 281
1888870 284
1888880 288
1888890 288
1888900 291
1888910 295
1888920 295
1888930 298
1888940 301
1888950 301
1888960 303
1888970 306
1888980 306
1888990 309
1889000 312
1889010 312
1889020 314
1889030 316
1889040 316
1889050 318
1889060 319
1889070 319
1889080 320
1889090 321
1889100 321
1889110 322
1889120 322
1889130 322
1889140 322
1889150 321
1889160 321
1889170 320
1889180 318
1889190 318
1889200 316
1889210 314
1889220 314
1889230 312
1889240 311
1889250 311
1889260 311
1889270 311
1889280 311
1889290 311
1889300 312
1889310 312
1889320 312
1889330 311
1889340 311
1889350 310
1889360 309
1889370 309
1889380 309
1889390 309
1889400 309
1889410 309
1889420 310
1889430 310
1889440 310
1889450 311
1889460 311
1889470 311
1889480 312
1889490 312
1889500 312
1889510 313
1889520 313
1889530 313
1889540 312
1889550 311
1889560 311
1889570 309
1889580 308
1889590 308
1889600 306
1889610 305
1889620 305
1889630 304
1889640 303
1889650 303
1889660 302
1889670 301
1889680 301
1889690 300
1889700 299
1889710 299
1889720 297
1889730 295
1889740 295
1889750 293
1889760 292
1889770 292
1889780 291
1889790 289
1889800 289
1889810 287
1889820 284
1889830 284
1889840 282
1889850 281
1889860 281
1889870 280
1889880 278
1889890 278
1889900 277
1889910 275
1889920 275
1889930 274
1889940 272
1889950 272
1889960 271
1889970 270
1889980 270
1889990 268
1890000 267
1890010 267
1890020 266
1890030 265
1890040 265
1890050 264
1890060 262
1890070 262
1890080 262
1890090 261
1890100 261
1890110 260
1890120 259
1890130 259
1890140 259
1890150 258
1890160 258
1890170 258
1890180 257
1890190 257
1890200 257
1890210 256
1890220 256
1890230 256
1890240 255
1890250 255
1890260 255
1890270 254
1890280 254
1890290 254
1890300 253
1890310 253
1890320 253
1890330 252
1890340 252
1890350 251
1890360 251
1890370 251
1890380 250
1890390 249
1890400 249
1890410 248
1890420 247
1890430 247
1890440 246
1890450 245
1890460 245
1890470 244
1890480 243
1890490 243
1890500 242
1890510 241
1890520 241
1890530 241
1890540 240
1890550 240
1890560 239
1890570 239
1890580 239
1890590 238
1890600 237
1890610 237
1890620 237
1890630 237
1890640 237
1890650 236
1890660 236
1890670 236
1890680 236
1890690 235
1890700 235
1890710 235
1890720 234
1890730 234
1890740 234
1890750 234
1890760 234
1890770 233
1890780 233
1890790 233
1890800 233
1890810 233
1890820 233
1890830 232
1890840 232
1890850 232
1890860 232
1890870 232
1890880 232
1890890 231
1890900 231
1890910 231
1890920 231
1890930 231
1890940 231
1890950 230
1890960 230
1890970 230
1890980 230
1890990 230
1891000 230
1891010 229
1891020 229
1891030 229
1891040 229
1891050 228
1891060 228
1891070 228
1891080 228
1891090 228
1891100 228
1891110 228
1891120 228
1891130 227
1891140 227
1891150 227
1891160 227
1891170 227
1891180 227
1891190 227
1891200 226
1891210 226
1891220 226
1891230 226
1891240 226
1891250 226
1891260 226
1891270 226
1891280 226
1891290 226
1891300 226
1891310 225
1891320 225
1891330 225
1891340 225
1891350 225
1891360 225
1891370 225
1891380 225
1891390 225
1891400 225
1891410 224
1891420 224
1891430 224
1891440 224
1891450 224
1891460 224
1891470 224
1891480 224
1891490 223
1891500 223
1891510 223
1891520 223
1891530 223
1891540 223
1891550 223
1891560 223
1891570 223
1891580 223
1891590 222
1891600 222
1891610 222
1891620 222
1891630 222
1891640 222
1891650 222
1891660 222
1891670 221
1891680 221
1891690 221
1891700 221
1891710 221
1891720 221
1891730 220
1891740 220
1891750 220
1891760 219
1891770 218
1891780 218
1891790 217
1891800 216
1891810 216
1891820 215
1891830 214
1891840 214
1891850 213
1891860 212
1891870 212
1891880 211
1891890 209
1891900 209
1891910 206
1891920 203
1891930 203
1891940 200
1891950 197
1891960 197
1891970 195
1891980 192
1891990 192
1892000 190
1892010 187
1892020 187
1892030 185
1892040 183
1892050 183
1892060 182
1892070 180
1892080 180
1892090 179
1892100 178
1892110 178
1892120 178
1892130 177
1892140 177
1892150 176
1892160 175
1892170 175
1892180 175
1892190 174
1892200 174
1892210 174
1892220 173
1892230 173
1892240 172
1892250 172
1892260 172
1892270 171
1892280 171
1892290 171
1892300 170
1892310 170
1892320 169
1892330 169
1892340 169
1892350 169
1892360 169
1892370 169
1892380 168
1892390 168
1892400 168
1892410 168
1892420 168
1892430 168
1892440 168
1892450 168
1892460 168
1892470 168
1892480 168
1892490 168
1892500 168
1892510 168
1892520 168
1892530 169
1892540 169
1892550 169
1892560 169
1892570 169
1892580 169
1892590 170
1892600 170
1892610 170
1892620 170
1892630 170
1892640 170
1892650 170
1892660 170
1892670 171
1892680 171
1892690 171
1892700 171
1892710 172
1892720 172
1892730 173
1892740 173
1892750 173
1892760 173
1892770 173
1892780 173
1892790 174
1892800 174
1892810 174
1892820 174
1892830 175
1892840 175
1892850 175
1892860 176
1892870 176
1892880 176
1892890 177
1892900 177
1892910 178
1892920 178
1892930 178
1892940 179
1892950 180
1892960 180
1892970 181
1892980 181
1892990 181
1893000 182
1893010 183
1893020 183
1893030 184
1893040 185
1893050 185
1893060 185
1893070 186
1893080 186
1893090 187
1893100 188
1893110 188
1893120 189
1893130 190
1893140 190
1893150 191
1893160 192
1893170 192
1893180 193
1893190 194
1893200 194
1893210 195
1893220 197
1893230 197
1893240 200
1893250 201
1893260 201
1893270 202
1893280 203
1893290 203
1893300 202
1893310 199
1893320 199
1893330 196
1893340 194
1893350 194
1893360 194
1893370 194
1893380 194
1893390 194
1893400 194
1893410 194
1893420 195
1893430 195
1893440 195
1893450 196
1893460 196
1893470 196
1893480 199
1893490 200
1893500 200
1893510 201
1893520 202
1893530 202
1893540 202
1893550 203
1893560 200
1893570 200
1893580 199
1893590 199
1893600 200
1893610 202
1893620 202
1893630 204
1893640 205
1893650 205
1893660 205
1893670 209
1893680 209
1893690 212
1893700 216
1893710 216
1893720 219
1893730 220
1893740 220
1893750 222
1893760 222
1893770 222
1893780 222
1893790 221
1893800 221
1893810 224
1893820 228
1893830 228
1893840 231
1893850 235
1893860 235
1893870 237
1893880 241
1893890 241
1893900 245
1893910 249
1893920 249
1893930 253
1893940 256
1893950 256
1893960 259
1893970 262
1893980 262
1893990 264
1894000 266
1894010 266
1894020 269
1894030 271
1894040 271
1894050 273
1894060 274
1894070 274
1894080 276
1894090 277
1894100 277
1894110 278
1894120 279
1894130 279
1894140 280
1894150 281
1894160 281
1894170 280
1894180 279
1894190 278
1894200 277
1894210 274
1894220 274
1894230 271
1894240 269
1894250 269
1894260 267
1894270 265
1894280 265
1894290 263
1894300 261
1894310 261
1894320 259
1894330 257
1894340 257
1894350 255
1894360 254
1894370 254
1894380 252
1894390 250
1894400 250
1894410 249
1894420 247
1894430 247
1894440 245
1894450 244
1894460 244
1894470 242
1894480 240
1894490 240
1894500 238
1894510 236
1894520 236
1894530 234
1894540 232
1894550 232
1894560 230
1894570 228
1894580 228
1894590 226
1894600 223
1894610 223
1894620 221
1894630 219
1894640 219
1894650 216
1894660 212
1894670 212
1894680 208
1894690 207
1894700 207
1894710 206
1894720 205
1894730 205
1894740 205
1894750 205
1894760 205
1894770 205
1894780 204
1894790 204
1894800 203
1894810 201
1894820 200
1894830 198
1894840 197
1894850 197
1894860 195
1894870 192
1894880 192
1894890 191
1894900 188
1894910 188
1894920 186
1894930 184
1894940 184
1894950 182
1894960 179
1894970 179
1894980 178
1894990 176
1895000 176
1895010 174
1895020 173
1895030 173
1895040 171
1895050 168
1895060 168
1895070 166
1895080 163
1895090 163
1895100 160
1895110 156
1895120 156
1895130 152
1895140 152
1895150 152
1895160 155
1895170 154
1895180 154
1895190 151
1895200 147
1895210 147
1895220 143
1895230 140
1895240 140
1895250 139
1895260 139
1895270 139
1895280 139
1895290 139
1895300 139
1895310 139
1895320 139
1895330 139
1895340 139
1895350 139
1895360 138
1895370 138
1895380 138
1895390 138
1895400 138
1895410 139
1895420 139
1895430 139
1895440 139
1895450 139
1895460 139
1895470 139
1895480 139
1895490 139
1895500 139
1895510 138
1895520 138
1895530 138
1895540 138
1895550 138
1895560 139
1895570 139
1895580 139
1895590 139
1895600 139
1895610 139
1895620 139
1895630 139
1895640 139
1895650 139
1895660 139
1895670 139
1895680 139
1895690 139
1895700 139
1895710 140
1895720 139
1895730 139
1895740 139
1895750 141
1895760 142
1895770 142
1895780 142
1895790 142
1895800 142
1895810 142
1895820 142
1895830 141
1895840 140
1895850 140
1895860 139
1895870 139
1895880 139
1895890 139
1895900 139
1895910 139
1895920 139
1895930 139
1895940 139
1895950 139
1895960 139
1895970 139
1895980 139
1895990 139
1896000 139
1896010 139
1896020 139
1896030 139
1896040 139
1896050 139
1896060 139
1896070 139
1896080 139
1896090 139
1896100 139
1896110 138
1896120 138
1896130 138
1896140 138
1896150 138
1896160 138
1896170 138
1896180 138
1896190 138
1896200 138
1896210 138
1896220 138
1896230 138
1896240 138
1896250 138
1896260 138
1896270 138
1896280 138
1896290 138
1896300 138
1896310 139
1896320 139
1896330 139
1896340 139
1896350 139
1896360 139
1896370 139
1896380 139
1896390 138
1896400 138
1896410 138
1896420 138
1896430 138
1896440 138
1896450 138
1896460 138
1896470 138
1896480 138
1896490 138
1896500 138
1896510 138
1896520 138
1896530 138
1896540 138
1896550 138
1896560 138
1896570 138
1896580 138
1896590 138
1896600 138
1896610 138
1896620 138
1896630 138
1896640 138
1896650 138
1896660 138
1896670 138
1896680 138
1896690 138
1896700 138
1896710 138
1896720 138
1896730 138
1896740 138
1896750 138
1896760 138
1896770 138
1896780 138
1896790 138
1896800 138
1896810 138
1896820 138
1896830 138
1896840 138
1896850 138
1896860 138
1896870 138
1896880 138
1896890 138
1896900 138
1896910 138
1896920 138
1896930 138
1896940 138
1896950 139
1896960 139
1896970 139
1896980 138
1896990 138
1897000 138
1897010 138
1897020 138
1897030 138
1897040 138
1897050 138
1897060 138
1897070 138
1897080 138
1897090 138
1897100 138
1897110 138
1897120 138
1897130 138
1897140 138
1897150 138
1897160 138
1897170 138
1897180 138
1897190 138
1897200 138
1897210 139
1897220 138
1897230 138
1897240 137
1897250 137
1897260 137
1897270 137
1897280 137
1897290 137
1897300 138
1897310 138
1897320 138
1897330 138
1897340 138
1897350 138
1897360 138
1897370 138
1897380 138
1897390 138
1897400 138
1897410 138
1897420 138
1897430 138
1897440 138
1897450 138
1897460 138
1897470 138
1897480 138
1897490 138
1897500 138
1897510 138
1897520 138
1897530 138
1897540 138
1897550 138
1897560 138
1897570 138
1897580 138
1897590 138
1897600 138
1897610 138
1897620 138
1897630 138
1897640 138
1897650 138
1897660 138
1897670 137
1897680 137
1897690 138
1897700 138
1897710 138
1897720 138
1897730 138
1897740 138
1897750 138
1897760 138
1897770 138
1897780 138
1897790 137
1897800 137
1897810 138
1897820 138
1897830 138
1897840 138
1897850 138
1897860 138
1897870 138
1897880 138
1897890 138
1897900 138
1897910 138
1897920 138
1897930 138
1897940 138
1897950 138
1897960 138
1897970 138
1897980 138
1897990 138
1898000 138
1898010 138
1898020 138
1898030 137
1898040 137
1898050 137
1898060 137
1898070 137
1898080 136
1898090 135
1898100 135
1898110 135
1898120 136
1898130 136
1898140 138
1898150 138
1898160 138
1898170 138
1898180 138
1898190 138
1898200 138
1898210 138
1898220 138
1898230 138
1898240 138
1898250 138
1898260 138
1898270 138
1898280 138
1898290 138
1898300 138
1898310 138
1898320 138
1898330 138
1898340 138
1898350 138
1898360 138
1898370 138
1898380 138
1898390 138
1898400 138
1898410 138
1898420 138
1898430 138
1898440 138
1898450 138
1898460 138
1898470 138
1898480 138
1898490 138
1898500 138
1898510 138
1898520 138
1898530 138
1898540 138
1898550 138
1898560 138
1898570 138
1898580 138
1898590 138
1898600 138
1898610 138
1898620 138
1898630 138
1898640 138
1898650 138
1898660 138
1898670 138
1898680 138
1898690 138
1898700 138
1898710 138
1898720 138
1898730 138
1898740 138
1898750 138
1898760 138
1898770 138
1898780 138
1898790 138
1898800 138
1898810 138
1898820 138
1898830 138
1898840 138
1898850 138
1898860 138
1898870 138
1898880 138
1898890 138
1898900 138
1898910 138
1898920 138
1898930 138
1898940 138
1898950 138
1898960 138
1898970 138
1898980 138
1898990 138
1899000 138
1899010 138
1899020 138
1899030 138
1899040 138
1899050 138
1899060 138
1899070 138
1899080 138
1899090 138
1899100 138
1899110 138
1899120 138
1899130 138
1899140 138
1899150 138
1899160 138
1899170 138
1899180 138
1899190 138
1899200 138
1899210 138
1899220 138
1899230 138
1899240 138
1899250 138
1899260 138
1899270 138
1899280 138
1899290 138
1899300 138
1899310 138
1899320 138
1899330 138
1899340 138
1899350 138
1899360 138
1899370 138
1899380 138
1899390 138
1899400 138
1899410 138
1899420 138
1899430 138
1899440 138
1899450 138
1899460 138
1899470 138
1899480 138
1899490 138
1899500 138
1899510 138
1899520 138
1899530 138
1899540 138
1899550 138
1899560 138
1899570 138
1899580 138
1899590 138
1899600 138
1899610 138
1899620 138
1899630 138
1899640 138
1899650 138
1899660 138
1899670 138
1899680 138
1899690 138
1899700 138
1899710 138
1899720 138
1899730 138
1899740 138
1899750 138
1899760 138
1899770 138
1899780 138
1899790 138
1899800 138
1899810 138
1899820 138
1899830 138
1899840 138
1899850 138
1899860 138
1899870 138
1899880 138
1899890 138
1899900 138
1899910 138
1899920 138
1899930 138
1899940 138
1899950 138
1899960 138
1899970 138
1899980 138
1899990 138
