1880000 164
1880010 164
1880020 167
1880030 171
1880040 171
1880050 172
1880060 172
1880070 172
1880080 172
1880090 173
1880100 173
1880110 173
1880120 174
1880130 174
1880140 173
1880150 174
1880160 174
1880170 175
1880180 175
1880190 175
1880200 176
1880210 176
1880220 176
1880230 176
1880240 177
1880250 177
1880260 177
1880270 176
1880280 176
1880290 176
1880300 175
1880310 175
1880320 176
1880330 176
1880340 176
1880350 176
1880360 176
1880370 176
1880380 176
1880390 176
1880400 176
1880410 176
1880420 176
1880430 176
1880440 175
1880450 174
1880460 174
1880470 173
1880480 173
1880490 173
1880500 173
1880510 174
1880520 174
1880530 174
1880540 174
1880550 174
1880560 175
1880570 175
1880580 175
1880590 175
1880600 176
1880610 176
1880620 176
1880630 176
1880640 176
1880650 176
1880660 177
1880670 177
1880680 177
1880690 177
1880700 177
1880710 178
1880720 178
1880730 178
1880740 178
1880750 178
1880760 178
1880770 178
1880780 178
1880790 178
1880800 178
1880810 178
1880820 178
1880830 178
1880840 178
1880850 178
1880860 178
1880870 178
1880880 178
1880890 177
1880900 177
1880910 177
1880920 176
1880930 176
1880940 176
1880950 175
1880960 175
1880970 175
1880980 174
1880990 173
1881000 173
1881010 173
1881020 172
1881030 172
1881040 171
1881050 170
1881060 170
1881070 170
1881080 169
1881090 169
1881100 169
1881110 168
1881120 169
1881130 168
1881140 168
1881150 168
1881160 167
1881170 167
1881180 167
1881190 167
1881200 166
1881210 166
1881220 166
1881230 165
1881240 165
1881250 165
1881260 164
1881270 164
1881280 163
1881290 163
1881300 163
1881310 162
1881320 162
1881330 162
1881340 161
1881350 160
1881360 160
1881370 159
1881380 159
1881390 159
1881400 159
1881410 158
1881420 158
1881430 157
1881440 156
1881450 156
1881460 156
1881470 155
1881480 155
1881490 155
1881500 154
1881510 154
1881520 156
1881530 157
1881540 157
1881550 157
1881560 158
1881570 158
1881580 159
1881590 159
1881600 159
1881610 160
1881620 160
1881630 160
1881640 161
1881650 162
1881660 162
1881670 162
1881680 163
1881690 163
1881700 165
1881710 166
1881720 166
1881730 168
1881740 170
1881750 170
1881760 171
1881770 171
1881780 171
1881790 172
1881800 172
1881810 172
1881820 174
1881830 175
1881840 175
1881850 176
1881860 177
1881870 177
1881880 178
1881890 178
1881900 178
1881910 178
1881920 178
1881930 178
1881940 178
1881950 177
1881960 177
1881970 177
1881980 177
1881990 177
1882000 177
1882010 175
1882020 175
1882030 172
1882040 172
1882050 172
1882060 175
1882070 177
1882080 177
1882090 177
1882100 178
1882110 178
1882120 178
1882130 178
1882140 178
1882150 178
1882160 179
1882170 179
1882180 179
1882190 179
1882200 179
1882210 179
1882220 179
1882230 179
1882240 179
1882250 179
1882260 179
1882270 180
1882280 180
1882290 180
1882300 180
1882310 180
1882320 180
1882330 180
1882340 180
1882350 180
1882360 180
1882370 180
1882380 180
1882390 180
1882400 180
1882410 180
1882420 179
1882430 179
1882440 180
1882450 180
1882460 180
1882470 179
1882480 179
1882490 179
1882500 180
1882510 180
1882520 180
1882530 180
1882540 180
1882550 180
1882560 180
1882570 180
1882580 180
1882590 180
1882600 180
1882610 180
1882620 179
1882630 179
1882640 179
1882650 179
1882660 179
1882670 179
1882680 179
1882690 179
1882700 178
1882710 177
1882720 177
1882730 177
1882740 176
1882750 176
1882760 176
1882770 176
1882780 176
1882790 175
1882800 175
1882810 175
1882820 175
1882830 175
1882840 175
1882850 175
1882860 175
1882870 175
1882880 175
1882890 175
1882900 175
1882910 175
1882920 176
1882930 176
1882940 176
1882950 177
1882960 177
1882970 177
1882980 177
1882990 177
1883000 178
1883010 178
1883020 178
1883030 178
1883040 179
1883050 179
1883060 180
1883070 180
1883080 180
1883090 181
1883100 181
1883110 181
1883120 181
1883130 182
1883140 182
1883150 182
1883160 183
1883170 183
1883180 183
1883190 184
1883200 184
1883210 184
1883220 184
1883230 184
1883240 185
1883250 185
1883260 185
1883270 185
1883280 186
1883290 186
1883300 186
1883310 186
1883320 186
1883330 187
1883340 187
1883350 187
1883360 188
1883370 188
1883380 188
1883390 189
1883400 189
1883410 189
1883420 190
1883430 190
1883440 190
1883450 191
1883460 191
1883470 191
1883480 192
1883490 192
1883500 192
1883510 193
1883520 195
1883530 195
1883540 198
1883550 198
1883560 198
1883570 198
1883580 198
1883590 198
1883600 199
1883610 199
1883620 199
1883630 199
1883640 200
1883650 200
1883660 200
1883670 201
1883680 201
1883690 201
1883700 202
1883710 202
1883720 203
1883730 203
1883740 203
1883750 204
1883760 204
1883770 204
1883780 205
1883790 205
1883800 205
1883810 205
1883820 205
1883830 205
1883840 206
1883850 206
1883860 206
1883870 207
1883880 208
1883890 208
1883900 208
1883910 209
1883920 209
1883930 209
1883940 210
1883950 210
1883960 210
1883970 210
1883980 210
1883990 211
1884000 212
1884010 212
1884020 212
1884030 213
1884040 213
1884050 214
1884060 215
1884070 215
1884080 215
1884090 216
1884100 216
1884110 216
1884120 217
1884130 217
1884140 217
1884150 218
1884160 218
1884170 219
1884180 220
1884190 220
1884200 220
1884210 221
1884220 221
1884230 221
1884240 221
1884250 221
1884260 221
1884270 222
1884280 222
1884290 222
1884300 222
1884310 222
1884320 223
1884330 223
1884340 223
1884350 225
1884360 226
1884370 226
1884380 228
1884390 230
1884400 230
1884410 230
1884420 230
1884430 230
1884440 230
1884450 229
1884460 229
1884470 229
1884480 230
1884490 230
1884500 232
1884510 232
1884520 232
1884530 233
1884540 234
1884550 234
1884560 236
1884570 238
1884580 238
1884590 240
1884600 242
1884610 242
1884620 245
1884630 247
1884640 247
1884650 249
1884660 252
1884670 252
1884680 254
1884690 257
1884700 258
1884710 260
1884720 264
1884730 264
1884740 268
1884750 273
1884760 273
1884770 277
1884780 281
1884790 281
1884800 286
1884810 291
1884820 291
1884830 296
1884840 300
1884850 300
1884860 305
1884870 310
1884880 310
1884890 314
1884900 318
1884910 318
1884920 323
1884930 327
1884940 327
1884950 332
1884960 335
1884970 335
1884980 338
1884990 341
1885000 341
1885010 344
1885020 344
1885030 344
1885040 347
1885050 350
1885060 350
1885070 353
1885080 356
1885090 356
1885100 360
1885110 363
1885120 363
1885130 366
1885140 369
1885150 369
1885160 373
1885170 377
1885180 377
1885190 379
1885200 381
1885210 381
1885220 383
1885230 385
1885240 385
1885250 386
1885260 388
1885270 390
1885280 390
1885290 391
1885300 393
1885310 393
1885320 395
1885330 397
1885340 396
1885350 396
1885360 395
1885370 395
1885380 394
1885390 396
1885400 396
1885410 400
1885420 402
1885430 402
1885440 404
1885450 405
1885460 405
1885470 406
1885480 407
1885490 407
1885500 409
1885510 410
1885520 410
1885530 411
1885540 412
1885550 412
1885560 413
1885570 413
1885580 413
1885590 414
1885600 414
1885610 414
1885620 415
1885630 416
1885640 416
1885650 416
1885660 417
1885670 419
1885680 419
1885690 420
1885700 420
1885710 420
1885720 420
1885730 420
1885740 420
1885750 420
1885760 420
1885770 419
1885780 418
1885790 418
1885800 416
1885810 415
1885820 415
1885830 413
1885840 410
1885850 410
1885860 406
1885870 401
1885880 401
1885890 394
1885900 387
1885910 387
1885920 381
1885930 376
1885940 376
1885950 371
1885960 368
1885970 368
1885980 365
1885990 365
1886000 365
1886010 364
1886020 367
1886030 367
1886040 371
1886050 376
1886060 376
1886070 376
1886080 372
1886090 372
1886100 368
1886110 364
1886120 364
1886130 361
1886140 358
1886150 358
1886160 355
1886170 352
1886180 352
1886190 348
1886200 343
1886210 343
1886220 338
1886230 332
1886240 332
1886250 328
1886260 329
1886270 329
1886280 330
1886290 328
1886300 328
1886310 330
1886320 327
1886330 327
1886340 324
1886350 321
1886360 321
1886370 318
1886380 316
1886390 316
1886400 311
1886410 306
1886420 306
1886430 304
1886440 305
1886450 305
1886460 305
1886470 304
1886480 304
1886490 304
1886500 304
1886510 304
1886520 306
1886530 306
1886540 306
1886550 299
1886560 296
1886570 296
1886580 301
1886590 304
1886600 304
1886610 304
1886620 302
1886630 304
1886640 303
1886650 302
1886660 302
1886670 302
1886680 301
1886690 301
1886700 301
1886710 301
1886720 301
1886730 300
1886740 299
1886750 299
1886760 299
1886770 298
1886780 298
1886790 297
1886800 297
1886810 297
1886820 296
1886830 296
1886840 296
1886850 296
1886860 296
1886870 296
1886880 296
1886890 296
1886900 296
1886910 296
1886920 297
1886930 297
1886940 298
1886950 300
1886960 300
1886970 300
1886980 301
1886990 301
1887000 301
1887010 301
1887020 301
1887030 301
1887040 301
1887050 301
1887060 301
1887070 301
1887080 301
1887090 302
1887100 302
1887110 302
1887120 303
1887130 304
1887140 304
1887150 305
1887160 305
1887170 305
1887180 304
1887190 304
1887200 304
1887210 305
1887220 306
1887230 306
1887240 307
1887250 308
1887260 308
1887270 310
1887280 316
1887290 316
1887300 319
1887310 321
1887320 321
1887330 323
1887340 324
1887350 324
1887360 325
1887370 325
1887380 325
1887390 326
1887400 326
1887410 326
1887420 326
1887430 326
1887440 326
1887450 326
1887460 326
1887470 326
1887480 325
1887490 325
1887500 325
1887510 325
1887520 325
1887530 325
1887540 325
1887550 325
1887560 325
1887570 325
1887580 325
1887590 325
1887600 326
1887610 325
1887620 325
1887630 324
1887640 324
1887650 324
1887660 323
1887670 323
1887680 323
1887690 322
1887700 322
1887710 322
1887720 322
1887730 321
1887740 321
1887750 321
1887760 321
1887770 321
1887780 318
1887790 316
1887800 316
1887810 313
1887820 309
1887830 309
1887840 305
1887850 302
1887860 302
1887870 300
1887880 297
1887890 297
1887900 294
1887910 290
1887920 288
1887930 283
1887940 280
1887950 280
1887960 276
1887970 273
1887980 273
1887990 270
1888000 266
1888010 266
1888020 262
1888030 259
1888040 259
1888050 255
1888060 250
1888070 250
1888080 246
1888090 245
1888100 245
1888110 243
1888120 244
1888130 247
1888140 247
1888150 253
1888160 259
1888170 259
1888180 265
1888190 271
1888200 271
1888210 277
1888220 281
1888230 281
1888240 285
1888250 288
1888260 288
1888270 291
1888280 294
1888290 294
1888300 295
1888310 295
1888320 295
1888330 294
1888340 293
1888350 293
1888360 292
1888370 291
1888380 291
1888390 290
1888400 289
1888410 289
1888420 288
1888430 287
1888440 287
1888450 286
1888460 287
1888470 287
1888480 289
1888490 292
1888500 292
1888510 295
1888520 298
1888530 298
1888540 301
1888550 304
1888560 303
1888570 306
1888580 309
1888590 309
1888600 311
1888610 313
1888620 313
1888630 315
1888640 315
1888650 315
1888660 313
1888670 308
1888680 308
1888690 302
1888700 298
1888710 298
1888720 294
1888730 290
1888740 290
1888750 288
1888760 288
1888770 288
1888780 289
1888790 292
1888800 292
1888810 297
1888820 301
1888830 301
1888840 302
1888850 303
1888860 303
1888870 303
1888880 300
1888890 300
1888900 299
1888910 297
1888920 297
1888930 295
1888940 295
1888950 295
1888960 296
1888970 299
1888980 299
1888990 302
1889000 305
1889010 305
1889020 308
1889030 310
1889040 310
1889050 311
1889060 312
1889070 312
1889080 314
1889090 316
1889100 316
1889110 317
1889120 318
1889130 318
1889140 318
1889150 318
1889160 318
1889170 317
1889180 315
1889190 315
1889200 314
1889210 314
1889220 314
1889230 314
1889240 313
1889250 313
1889260 312
1889270 312
1889280 312
1889290 312
1889300 312
1889310 312
1889320 311
1889330 310
1889340 310
1889350 310
1889360 309
1889370 309
1889380 308
1889390 306
1889400 306
1889410 304
1889420 302
1889430 302
1889440 301
1889450 299
1889460 299
1889470 298
1889480 297
1889490 297
1889500 295
1889510 293
1889520 291
1889530 289
1889540 287
1889550 287
1889560 286
1889570 284
1889580 284
1889590 284
1889600 284
1889610 284
1889620 285
1889630 286
1889640 286
1889650 288
1889660 289
1889670 289
1889680 290
1889690 290
1889700 290
1889710 291
1889720 291
1889730 291
1889740 291
1889750 290
1889760 290
1889770 289
1889780 289
1889790 289
1889800 288
1889810 286
1889820 286
1889830 285
1889840 285
1889850 285
1889860 283
1889870 282
1889880 282
1889890 281
1889900 280
1889910 280
1889920 279
1889930 278
1889940 278
1889950 278
1889960 277
1889970 277
1889980 276
1889990 275
1890000 275
1890010 274
1890020 273
1890030 273
1890040 272
1890050 270
1890060 270
1890070 270
1890080 269
1890090 269
1890100 268
1890110 268
1890120 268
1890130 267
1890140 267
1890150 267
1890160 266
1890170 265
1890180 265
1890190 264
1890200 263
1890210 263
1890220 262
1890230 260
1890240 260
1890250 259
1890260 258
1890270 258
1890280 257
1890290 256
1890300 256
1890310 255
1890320 254
1890330 254
1890340 253
1890350 252
1890360 252
1890370 251
1890380 249
1890390 249
1890400 248
1890410 247
1890420 247
1890430 247
1890440 246
1890450 246
1890460 245
1890470 244
1890480 244
1890490 243
1890500 243
1890510 243
1890520 242
1890530 241
1890540 241
1890550 241
1890560 240
1890570 240
1890580 240
1890590 240
1890600 240
1890610 240
1890620 240
1890630 240
1890640 240
1890650 240
1890660 240
1890670 240
1890680 240
1890690 240
1890700 240
1890710 240
1890720 240
1890730 240
1890740 240
1890750 240
1890760 240
1890770 240
1890780 240
1890790 239
1890800 237
1890810 237
1890820 235
1890830 234
1890840 234
1890850 233
1890860 232
1890870 232
1890880 232
1890890 231
1890900 231
1890910 231
1890920 231
1890930 231
1890940 230
1890950 230
1890960 230
1890970 230
1890980 230
1890990 230
1891000 230
1891010 230
1891020 230
1891030 230
1891040 230
1891050 229
1891060 229
1891070 229
1891080 229
1891090 229
1891100 228
1891110 228
1891120 228
1891130 228
1891140 228
1891150 228
1891160 228
1891170 227
1891180 227
1891190 227
1891200 227
1891210 227
1891220 227
1891230 227
1891240 227
1891250 226
1891260 226
1891270 226
1891280 226
1891290 226
1891300 226
1891310 225
1891320 225
1891330 225
1891340 225
1891350 225
1891360 225
1891370 225
1891380 225
1891390 225
1891400 224
1891410 224
1891420 224
1891430 224
1891440 224
1891450 224
1891460 224
1891470 223
1891480 223
1891490 223
1891500 222
1891510 222
1891520 222
1891530 221
1891540 221
1891550 220
1891560 219
1891570 219
1891580 217
1891590 216
1891600 216
1891610 213
1891620 211
1891630 211
1891640 208
1891650 206
1891660 206
1891670 207
1891680 209
1891690 209
1891700 209
1891710 209
1891720 209
1891730 209
1891740 209
1891750 209
1891760 208
1891770 207
1891780 207
1891790 205
1891800 203
1891810 203
1891820 201
1891830 201
1891840 201
1891850 202
1891860 202
1891870 202
1891880 201
1891890 201
1891900 201
1891910 200
1891920 199
1891930 199
1891940 198
1891950 197
1891960 197
1891970 196
1891980 195
1891990 195
1892000 193
1892010 191
1892020 191
1892030 190
1892040 189
1892050 189
1892060 188
1892070 188
1892080 188
1892090 187
1892100 187
1892110 187
1892120 186
1892130 186
1892140 186
1892150 186
1892160 186
1892170 186
1892180 186
1892190 186
1892200 186
1892210 186
1892220 186
1892230 186
1892240 186
1892250 186
1892260 186
1892270 185
1892280 185
1892290 185
1892300 184
1892310 183
1892320 183
1892330 182
1892340 180
1892350 180
1892360 178
1892370 177
1892380 177
1892390 173
1892400 171
1892410 171
1892420 171
1892430 170
1892440 170
1892450 170
1892460 170
1892470 170
1892480 170
1892490 170
1892500 170
1892510 170
1892520 170
1892530 170
1892540 170
1892550 170
1892560 170
1892570 171
1892580 171
1892590 171
1892600 171
1892610 171
1892620 171
1892630 171
1892640 172
1892650 172
1892660 172
1892670 173
1892680 173
1892690 173
1892700 173
1892710 173
1892720 173
1892730 173
1892740 173
1892750 173
1892760 174
1892770 174
1892780 174
1892790 174
1892800 174
1892810 175
1892820 175
1892830 175
1892840 175
1892850 176
1892860 176
1892870 176
1892880 176
1892890 176
1892900 177
1892910 177
1892920 177
1892930 177
1892940 178
1892950 178
1892960 178
1892970 178
1892980 178
1892990 179
1893000 179
1893010 179
1893020 179
1893030 180
1893040 180
1893050 181
1893060 181
1893070 181
1893080 182
1893090 182
1893100 182
1893110 183
1893120 183
1893130 183
1893140 183
1893150 184
1893160 184
1893170 184
1893180 185
1893190 185
1893200 185
1893210 186
1893220 186
1893230 186
1893240 187
1893250 187
1893260 187
1893270 188
1893280 188
1893290 190
1893300 191
1893310 191
1893320 193
1893330 194
1893340 195
1893350 196
1893360 198
1893370 198
1893380 200
1893390 202
1893400 202
1893410 203
1893420 204
1893430 204
1893440 205
1893450 206
1893460 206
1893470 207
1893480 209
1893490 209
1893500 211
1893510 213
1893520 213
1893530 215
1893540 217
1893550 217
1893560 219
1893570 221
1893580 221
1893590 223
1893600 225
1893610 225
1893620 227
1893630 228
1893640 228
1893650 231
1893660 232
1893670 232
1893680 233
1893690 234
1893700 234
1893710 235
1893720 236
1893730 236
1893740 237
1893750 238
1893760 238
1893770 239
1893780 241
1893790 241
1893800 242
1893810 243
1893820 243
1893830 244
1893840 244
1893850 244
1893860 245
1893870 245
1893880 245
1893890 246
1893900 246
1893910 246
1893920 246
1893930 246
1893940 247
1893950 247
1893960 249
1893970 251
1893980 251
1893990 254
1894000 256
1894010 256
1894020 259
1894030 262
1894040 262
1894050 265
1894060 268
1894070 268
1894080 270
1894090 273
1894100 273
1894110 275
1894120 278
1894130 278
1894140 280
1894150 282
1894160 282
1894170 284
1894180 285
1894190 285
1894200 285
1894210 285
1894220 285
1894230 285
1894240 285
1894250 285
1894260 286
1894270 287
1894280 287
1894290 287
1894300 287
1894310 287
1894320 287
1894330 287
1894340 287
1894350 287
1894360 286
1894370 286
1894380 285
1894390 284
1894400 284
1894410 282
1894420 280
1894430 280
1894440 279
1894450 277
1894460 277
1894470 275
1894480 273
1894490 273
1894500 271
1894510 269
1894520 269
1894530 267
1894540 265
1894550 265
1894560 262
1894570 258
1894580 258
1894590 255
1894600 251
1894610 251
1894620 249
1894630 247
1894640 247
1894650 246
1894660 244
1894670 244
1894680 243
1894690 242
1894700 242
1894710 242
1894720 240
1894730 240
1894740 238
1894750 235
1894760 235
1894770 232
1894780 229
1894790 229
1894800 227
1894810 224
1894820 224
1894830 221
1894840 218
1894850 218
1894860 216
1894870 215
1894880 215
1894890 212
1894900 210
1894910 210
1894920 207
1894930 205
1894940 205
1894950 202
1894960 200
1894970 200
1894980 197
1894990 194
1895000 194
1895010 192
1895020 190
1895030 190
1895040 188
1895050 186
1895060 186
1895070 184
1895080 183
1895090 183
1895100 181
1895110 179
1895120 179
1895130 178
1895140 177
1895150 177
1895160 175
1895170 174
1895180 174
1895190 173
1895200 171
1895210 171
1895220 170
1895230 168
1895240 168
1895250 167
1895260 166
1895270 166
1895280 165
1895290 164
1895300 164
1895310 163
1895320 163
1895330 163
1895340 161
1895350 160
1895360 160
1895370 158
1895380 154
1895390 154
1895400 149
1895410 144
1895420 144
1895430 141
1895440 139
1895450 139
1895460 139
1895470 138
1895480 138
1895490 138
1895500 138
1895510 138
1895520 138
1895530 138
1895540 138
1895550 138
1895560 138
1895570 138
1895580 138
1895590 138
1895600 138
1895610 138
1895620 138
1895630 138
1895640 138
1895650 138
1895660 138
1895670 138
1895680 138
1895690 138
1895700 138
1895710 138
1895720 138
1895730 138
1895740 138
1895750 138
1895760 138
1895770 138
1895780 138
1895790 138
1895800 138
1895810 138
1895820 138
1895830 138
1895840 138
1895850 138
1895860 139
1895870 139
1895880 138
1895890 138
1895900 138
1895910 138
1895920 138
1895930 138
1895940 138
1895950 138
1895960 138
1895970 139
1895980 138
1895990 138
1896000 138
1896010 138
1896020 138
1896030 138
1896040 138
1896050 138
1896060 138
1896070 138
1896080 138
1896090 138
1896100 138
1896110 138
1896120 139
1896130 139
1896140 139
1896150 139
1896160 139
1896170 139
1896180 139
1896190 139
1896200 139
1896210 139
1896220 139
1896230 139
1896240 139
1896250 139
1896260 139
1896270 139
1896280 140
1896290 140
1896300 141
1896310 141
1896320 141
1896330 141
1896340 141
1896350 141
1896360 142
1896370 141
1896380 141
1896390 141
1896400 140
1896410 140
1896420 141
1896430 138
1896440 138
1896450 138
1896460 138
1896470 138
1896480 138
1896490 138
1896500 138
1896510 138
1896520 138
1896530 138
1896540 138
1896550 138
1896560 138
1896570 138
1896580 138
1896590 138
1896600 138
1896610 138
1896620 138
1896630 138
1896640 138
1896650 138
1896660 138
1896670 138
1896680 138
1896690 138
1896700 138
1896710 138
1896720 138
1896730 138
1896740 138
1896750 138
1896760 138
1896770 138
1896780 138
1896790 138
1896800 138
1896810 138
1896820 138
1896830 138
1896840 138
1896850 138
1896860 138
1896870 138
1896880 138
1896890 138
1896900 138
1896910 138
1896920 138
1896930 138
1896940 138
1896950 138
1896960 138
1896970 138
1896980 138
1896990 138
1897000 138
1897010 138
1897020 138
1897030 138
1897040 138
1897050 138
1897060 138
1897070 138
1897080 138
1897090 138
1897100 138
1897110 138
1897120 138
1897130 138
1897140 138
1897150 138
1897160 138
1897170 138
1897180 138
1897190 138
1897200 138
1897210 138
1897220 138
1897230 138
1897240 138
1897250 138
1897260 138
1897270 138
1897280 138
1897290 138
1897300 138
1897310 137
1897320 137
1897330 137
1897340 137
1897350 137
1897360 137
1897370 137
1897380 137
1897390 137
1897400 138
1897410 138
1897420 138
1897430 138
1897440 138
1897450 138
1897460 139
1897470 139
1897480 139
1897490 139
1897500 139
1897510 139
1897520 138
1897530 138
1897540 138
1897550 138
1897560 138
1897570 138
1897580 138
1897590 138
1897600 138
1897610 137
1897620 137
1897630 137
1897640 137
1897650 137
1897660 137
1897670 137
1897680 137
1897690 137
1897700 137
1897710 137
1897720 137
1897730 137
1897740 137
1897750 137
1897760 138
1897770 138
1897780 138
1897790 138
1897800 138
1897810 138
1897820 137
1897830 137
1897840 137
1897850 137
1897860 137
1897870 138
1897880 138
1897890 138
1897900 138
1897910 138
1897920 138
1897930 138
1897940 138
1897950 138
1897960 138
1897970 138
1897980 138
1897990 137
1898000 137
1898010 137
1898020 137
1898030 137
1898040 137
1898050 136
1898060 135
1898070 135
1898080 135
1898090 136
1898100 136
1898110 138
1898120 138
1898130 138
1898140 138
1898150 138
1898160 138
1898170 138
1898180 138
1898190 138
1898200 138
1898210 138
1898220 138
1898230 138
1898240 138
1898250 138
1898260 138
1898270 138
1898280 138
1898290 138
1898300 138
1898310 138
1898320 138
1898330 138
1898340 138
1898350 138
1898360 138
1898370 138
1898380 138
1898390 138
1898400 138
1898410 138
1898420 138
1898430 138
1898440 138
1898450 138
1898460 138
1898470 138
1898480 138
1898490 138
1898500 138
1898510 138
1898520 138
1898530 138
1898540 138
1898550 138
1898560 138
1898570 138
1898580 138
1898590 138
1898600 138
1898610 138
1898620 138
1898630 138
1898640 138
1898650 138
1898660 138
1898670 138
1898680 138
1898690 138
1898700 138
1898710 138
1898720 138
1898730 138
1898740 138
1898750 138
1898760 138
1898770 138
1898780 138
1898790 138
1898800 138
1898810 138
1898820 138
1898830 138
1898840 138
1898850 138
1898860 138
1898870 138
1898880 138
1898890 138
1898900 138
1898910 138
1898920 138
1898930 138
1898940 138
1898950 138
1898960 138
1898970 138
1898980 138
1898990 138
1899000 138
1899010 138
1899020 138
1899030 138
1899040 138
1899050 138
1899060 138
1899070 138
1899080 138
1899090 138
1899100 138
1899110 138
1899120 138
1899130 138
1899140 138
1899150 138
1899160 138
1899170 138
1899180 138
1899190 138
1899200 138
1899210 138
1899220 138
1899230 138
1899240 138
1899250 137
1899260 137
1899270 137
1899280 137
1899290 137
1899300 137
1899310 138
1899320 138
1899330 138
1899340 138
1899350 137
1899360 137
1899370 137
1899380 137
1899390 137
1899400 137
1899410 137
1899420 137
1899430 137
1899440 138
1899450 138
1899460 138
1899470 138
1899480 138
1899490 138
1899500 138
1899510 138
1899520 138
1899530 138
1899540 138
1899550 138
1899560 138
1899570 138
1899580 138
1899590 138
1899600 138
1899610 138
1899620 138
1899630 138
1899640 138
1899650 138
1899660 138
1899670 138
1899680 138
1899690 138
1899700 138
1899710 138
1899720 138
1899730 138
1899740 138
1899750 138
1899760 138
1899770 138
1899780 138
1899790 138
1899800 138
1899810 138
1899820 138
1899830 138
1899840 138
1899850 138
1899860 138
1899870 138
1899880 138
1899890 138
1899900 138
1899910 138
1899920 138
1899930 138
1899940 138
1899950 138
1899960 137
1899970 137
1899980 138
1899990 138
