1880000 152
1880010 157
1880020 162
1880030 162
1880040 167
1880050 170
1880060 170
1880070 170
1880080 170
1880090 170
1880100 170
1880110 170
1880120 170
1880130 171
1880140 171
1880150 171
1880160 171
1880170 172
1880180 172
1880190 173
1880200 173
1880210 173
1880220 173
1880230 174
1880240 174
1880250 174
1880260 174
1880270 174
1880280 174
1880290 173
1880300 173
1880310 172
1880320 172
1880330 172
1880340 172
1880350 173
1880360 173
1880370 173
1880380 173
1880390 173
1880400 172
1880410 172
1880420 172
1880430 172
1880440 172
1880450 172
1880460 172
1880470 172
1880480 172
1880490 172
1880500 172
1880510 172
1880520 172
1880530 173
1880540 173
1880550 173
1880560 173
1880570 173
1880580 173
1880590 174
1880600 174
1880610 174
1880620 174
1880630 174
1880640 174
1880650 175
1880660 175
1880670 175
1880680 175
1880690 175
1880700 176
1880710 176
1880720 176
1880730 176
1880740 176
1880750 176
1880760 177
1880770 177
1880780 177
1880790 177
1880800 177
1880810 177
1880820 177
1880830 178
1880840 178
1880850 178
1880860 178
1880870 178
1880880 177
1880890 177
1880900 177
1880910 177
1880920 177
1880930 177
1880940 177
1880950 176
1880960 176
1880970 176
1880980 175
1880990 175
1881000 175
1881010 174
1881020 174
1881030 174
1881040 173
1881050 173
1881060 173
1881070 173
1881080 173
1881090 172
1881100 172
1881110 172
1881120 171
1881130 170
1881140 170
1881150 170
1881160 169
1881170 169
1881180 169
1881190 168
1881200 168
1881210 168
1881220 167
1881230 168
1881240 167
1881250 166
1881260 166
1881270 165
1881280 165
1881290 165
1881300 164
1881310 163
1881320 163
1881330 162
1881340 161
1881350 161
1881360 161
1881370 160
1881380 160
1881390 160
1881400 160
1881410 160
1881420 159
1881430 159
1881440 157
1881450 157
1881460 156
1881470 156
1881480 156
1881490 155
1881500 155
1881510 155
1881520 154
1881530 156
1881540 156
1881550 157
1881560 157
1881570 157
1881580 157
1881590 158
1881600 158
1881610 159
1881620 159
1881630 159
1881640 159
1881650 160
1881660 160
1881670 163
1881680 166
1881690 166
1881700 167
1881710 167
1881720 167
1881730 166
1881740 167
1881750 167
1881760 169
1881770 171
1881780 171
1881790 172
1881800 173
1881810 173
1881820 174
1881830 176
1881840 176
1881850 176
1881860 176
1881870 176
1881880 175
1881890 175
1881900 175
1881910 175
1881920 174
1881930 174
1881940 174
1881950 174
1881960 174
1881970 174
1881980 174
1881990 174
1882000 174
1882010 174
1882020 174
1882030 175
1882040 175
1882050 175
1882060 176
1882070 173
1882080 173
1882090 172
1882100 173
1882110 173
1882120 177
1882130 178
1882140 178
1882150 178
1882160 179
1882170 179
1882180 179
1882190 179
1882200 179
1882210 179
1882220 179
1882230 179
1882240 179
1882250 179
1882260 179
1882270 179
1882280 179
1882290 179
1882300 179
1882310 179
1882320 179
1882330 179
1882340 179
1882350 179
1882360 179
1882370 179
1882380 179
1882390 179
1882400 179
1882410 179
1882420 179
1882430 179
1882440 179
1882450 179
1882460 179
1882470 179
1882480 179
1882490 180
1882500 180
1882510 180
1882520 179
1882530 179
1882540 179
1882550 179
1882560 179
1882570 179
1882580 179
1882590 179
1882600 179
1882610 178
1882620 178
1882630 178
1882640 178
1882650 178
1882660 178
1882670 177
1882680 177
1882690 176
1882700 176
1882710 176
1882720 175
1882730 175
1882740 175
1882750 175
1882760 174
1882770 174
1882780 174
1882790 174
1882800 174
1882810 174
1882820 174
1882830 174
1882840 174
1882850 174
1882860 174
1882870 174
1882880 174
1882890 174
1882900 174
1882910 175
1882920 175
1882930 175
1882940 176
1882950 176
1882960 176
1882970 176
1882980 176
1882990 177
1883000 177
1883010 177
1883020 178
1883030 178
1883040 178
1883050 179
1883060 179
1883070 179
1883080 179
1883090 179
1883100 179
1883110 180
1883120 180
1883130 180
1883140 181
1883150 181
1883160 181
1883170 182
1883180 182
1883190 182
1883200 182
1883210 183
1883220 183
1883230 183
1883240 184
1883250 184
1883260 184
1883270 185
1883280 185
1883290 185
1883300 186
1883310 186
1883320 186
1883330 187
1883340 187
1883350 187
1883360 188
1883370 188
1883380 188
1883390 189
1883400 189
1883410 189
1883420 190
1883430 190
1883440 191
1883450 194
1883460 194
1883470 196
1883480 197
1883490 197
1883500 197
1883510 197
1883520 197
1883530 198
1883540 198
1883550 198
1883560 198
1883570 198
1883580 198
1883590 199
1883600 199
1883610 199
1883620 200
1883630 200
1883640 200
1883650 201
1883660 202
1883670 202
1883680 203
1883690 203
1883700 203
1883710 204
1883720 204
1883730 204
1883740 205
1883750 206
1883760 206
1883770 206
1883780 207
1883790 207
1883800 207
1883810 207
1883820 207
1883830 209
1883840 209
1883850 209
1883860 210
1883870 211
1883880 211
1883890 211
1883900 212
1883910 212
1883920 212
1883930 213
1883940 213
1883950 213
1883960 214
1883970 214
1883980 214
1883990 215
1884000 215
1884010 216
1884020 216
1884030 216
1884040 216
1884050 217
1884060 217
1884070 218
1884080 218
1884090 218
1884100 219
1884110 220
1884120 220
1884130 220
1884140 221
1884150 221
1884160 223
1884170 224
1884180 224
1884190 225
1884200 225
1884210 225
1884220 226
1884230 226
1884240 226
1884250 226
1884260 226
1884270 226
1884280 226
1884290 227
1884300 227
1884310 227
1884320 227
1884330 227
1884340 227
1884350 228
1884360 228
1884370 228
1884380 229
1884390 230
1884400 230
1884410 230
1884420 231
1884430 231
1884440 232
1884450 232
1884460 232
1884470 233
1884480 233
1884490 233
1884500 234
1884510 234
1884520 234
1884530 235
1884540 237
1884550 237
1884560 238
1884570 240
1884580 240
1884590 242
1884600 244
1884610 244
1884620 246
1884630 248
1884640 248
1884650 251
1884660 253
1884670 253
1884680 256
1884690 258
1884700 258
1884710 261
1884720 264
1884730 264
1884740 267
1884750 270
1884760 270
1884770 273
1884780 276
1884790 276
1884800 279
1884810 283
1884820 283
1884830 287
1884840 291
1884850 291
1884860 294
1884870 298
1884880 298
1884890 302
1884900 306
1884910 306
1884920 309
1884930 313
1884940 313
1884950 318
1884960 322
1884970 322
1884980 326
1884990 330
1885000 330
1885010 334
1885020 338
1885030 338
1885040 342
1885050 345
1885060 345
1885070 347
1885080 349
1885090 349
1885100 349
1885110 351
1885120 351
1885130 349
1885140 350
1885150 350
1885160 353
1885170 355
1885180 355
1885190 357
1885200 360
1885210 360
1885220 364
1885230 367
1885240 367
1885250 371
1885260 373
1885270 373
1885280 373
1885290 374
1885300 374
1885310 376
1885320 378
1885330 378
1885340 380
1885350 385
1885360 385
1885370 391
1885380 396
1885390 396
1885400 399
1885410 401
1885420 401
1885430 403
1885440 405
1885450 404
1885460 406
1885470 408
1885480 408
1885490 410
1885500 412
1885510 412
1885520 414
1885530 415
1885540 415
1885550 416
1885560 417
1885570 417
1885580 418
1885590 419
1885600 419
1885610 420
1885620 421
1885630 421
1885640 423
1885650 424
1885660 424
1885670 425
1885680 425
1885690 425
1885700 426
1885710 427
1885720 427
1885730 427
1885740 427
1885750 427
1885760 427
1885770 428
1885780 428
1885790 427
1885800 426
1885810 426
1885820 425
1885830 424
1885840 424
1885850 422
1885860 418
1885870 418
1885880 414
1885890 408
1885900 408
1885910 402
1885920 396
1885930 396
1885940 390
1885950 386
1885960 386
1885970 383
1885980 380
1885990 380
1886000 379
1886010 380
1886020 380
1886030 383
1886040 388
1886050 388
1886060 390
1886070 388
1886080 388
1886090 385
1886100 384
1886110 384
1886120 379
1886130 374
1886140 374
1886150 368
1886160 363
1886170 363
1886180 359
1886190 356
1886200 356
1886210 354
1886220 353
1886230 353
1886240 352
1886250 352
1886260 352
1886270 350
1886280 348
1886290 348
1886300 346
1886310 344
1886320 344
1886330 342
1886340 340
1886350 340
1886360 336
1886370 333
1886380 333
1886390 329
1886400 325
1886410 325
1886420 326
1886430 323
1886440 323
1886450 320
1886460 318
1886470 318
1886480 318
1886490 320
1886500 320
1886510 321
1886520 318
1886530 318
1886540 314
1886550 310
1886560 310
1886570 308
1886580 310
1886590 310
1886600 312
1886610 312
1886620 312
1886630 311
1886640 310
1886650 310
1886660 310
1886670 311
1886680 311
1886690 310
1886700 309
1886710 309
1886720 308
1886730 306
1886740 309
1886750 307
1886760 307
1886770 307
1886780 307
1886790 306
1886800 306
1886810 306
1886820 306
1886830 306
1886840 306
1886850 306
1886860 306
1886870 307
1886880 307
1886890 307
1886900 308
1886910 307
1886920 307
1886930 307
1886940 307
1886950 307
1886960 307
1886970 307
1886980 307
1886990 308
1887000 308
1887010 308
1887020 307
1887030 307
1887040 307
1887050 306
1887060 307
1887070 307
1887080 308
1887090 309
1887100 309
1887110 310
1887120 311
1887130 311
1887140 311
1887150 311
1887160 312
1887170 312
1887180 312
1887190 313
1887200 313
1887210 316
1887220 317
1887230 317
1887240 318
1887250 320
1887260 320
1887270 322
1887280 324
1887290 324
1887300 325
1887310 327
1887320 327
1887330 327
1887340 327
1887350 327
1887360 327
1887370 327
1887380 328
1887390 328
1887400 329
1887410 329
1887420 329
1887430 329
1887440 329
1887450 329
1887460 329
1887470 329
1887480 330
1887490 330
1887500 330
1887510 330
1887520 330
1887530 330
1887540 330
1887550 329
1887560 329
1887570 329
1887580 328
1887590 328
1887600 328
1887610 327
1887620 327
1887630 327
1887640 326
1887650 326
1887660 325
1887670 324
1887680 324
1887690 324
1887700 323
1887710 323
1887720 319
1887730 317
1887740 317
1887750 314
1887760 311
1887770 311
1887780 308
1887790 305
1887800 305
1887810 303
1887820 300
1887830 300
1887840 298
1887850 295
1887860 295
1887870 292
1887880 289
1887890 289
1887900 285
1887910 282
1887920 282
1887930 279
1887940 275
1887950 275
1887960 272
1887970 269
1887980 269
1887990 266
1888000 263
1888010 263
1888020 259
1888030 256
1888040 256
1888050 253
1888060 248
1888070 248
1888080 243
1888090 241
1888100 241
1888110 241
1888120 243
1888130 243
1888140 250
1888150 256
1888160 256
1888170 262
1888180 268
1888190 268
1888200 273
1888210 275
1888220 275
1888230 277
1888240 280
1888250 280
1888260 283
1888270 285
1888280 285
1888290 285
1888300 284
1888310 284
1888320 283
1888330 282
1888340 282
1888350 277
1888360 276
1888370 276
1888380 276
1888390 275
1888400 275
1888410 274
1888420 275
1888430 275
1888440 277
1888450 280
1888460 280
1888470 284
1888480 288
1888490 288
1888500 293
1888510 297
1888520 297
1888530 300
1888540 304
1888550 304
1888560 307
1888570 310
1888580 310
1888590 312
1888600 314
1888610 314
1888620 315
1888630 316
1888640 316
1888650 315
1888660 312
1888670 311
1888680 305
1888690 299
1888700 299
1888710 294
1888720 290
1888730 290
1888740 287
1888750 285
1888760 285
1888770 285
1888780 287
1888790 287
1888800 290
1888810 292
1888820 292
1888830 290
1888840 288
1888850 288
1888860 287
1888870 286
1888880 286
1888890 286
1888900 287
1888910 287
1888920 289
1888930 293
1888940 293
1888950 297
1888960 301
1888970 301
1888980 304
1888990 309
1889000 309
1889010 312
1889020 314
1889030 314
1889040 315
1889050 316
1889060 316
1889070 317
1889080 317
1889090 317
1889100 317
1889110 317
1889120 317
1889130 317
1889140 318
1889150 318
1889160 319
1889170 319
1889180 319
1889190 318
1889200 317
1889210 317
1889220 317
1889230 317
1889240 317
1889250 316
1889260 316
1889270 316
1889280 314
1889290 314
1889300 314
1889310 312
1889320 310
1889330 310
1889340 309
1889350 307
1889360 307
1889370 305
1889380 304
1889390 304
1889400 303
1889410 303
1889420 303
1889430 302
1889440 302
1889450 302
1889460 301
1889470 299
1889480 299
1889490 297
1889500 295
1889510 295
1889520 293
1889530 291
1889540 291
1889550 291
1889560 292
1889570 292
1889580 293
1889590 295
1889600 295
1889610 296
1889620 297
1889630 299
1889640 299
1889650 298
1889660 298
1889670 298
1889680 297
1889690 297
1889700 297
1889710 296
1889720 296
1889730 295
1889740 294
1889750 294
1889760 293
1889770 292
1889780 292
1889790 291
1889800 289
1889810 289
1889820 288
1889830 286
1889840 286
1889850 285
1889860 283
1889870 283
1889880 282
1889890 281
1889900 281
1889910 280
1889920 279
1889930 279
1889940 278
1889950 277
1889960 277
1889970 276
1889980 276
1889990 276
1890000 274
1890010 273
1890020 273
1890030 272
1890040 272
1890050 271
1890060 271
1890070 270
1890080 269
1890090 269
1890100 268
1890110 267
1890120 267
1890130 266
1890140 265
1890150 265
1890160 264
1890170 263
1890180 263
1890190 261
1890200 260
1890210 260
1890220 259
1890230 258
1890240 258
1890250 257
1890260 256
1890270 256
1890280 255
1890290 254
1890300 254
1890310 253
1890320 252
1890330 252
1890340 251
1890350 251
1890360 251
1890370 250
1890380 249
1890390 249
1890400 248
1890410 247
1890420 247
1890430 246
1890440 246
1890450 246
1890460 245
1890470 244
1890480 244
1890490 243
1890500 242
1890510 242
1890520 241
1890530 241
1890540 241
1890550 240
1890560 240
1890570 240
1890580 239
1890590 239
1890600 239
1890610 239
1890620 238
1890630 238
1890640 238
1890650 237
1890660 237
1890670 236
1890680 236
1890690 236
1890700 236
1890710 236
1890720 236
1890730 235
1890740 235
1890750 235
1890760 235
1890770 234
1890780 234
1890790 233
1890800 233
1890810 233
1890820 232
1890830 232
1890840 232
1890850 232
1890860 231
1890870 231
1890880 231
1890890 231
1890900 231
1890910 230
1890920 230
1890930 230
1890940 230
1890950 230
1890960 230
1890970 229
1890980 229
1890990 229
1891000 229
1891010 229
1891020 229
1891030 229
1891040 228
1891050 228
1891060 228
1891070 228
1891080 228
1891090 228
1891100 228
1891110 228
1891120 228
1891130 227
1891140 227
1891150 227
1891160 227
1891170 227
1891180 227
1891190 227
1891200 227
1891210 226
1891220 226
1891230 226
1891240 226
1891250 226
1891260 226
1891270 226
1891280 225
1891290 225
1891300 225
1891310 225
1891320 225
1891330 225
1891340 225
1891350 225
1891360 224
1891370 224
1891380 224
1891390 224
1891400 224
1891410 224
1891420 224
1891430 223
1891440 223
1891450 223
1891460 223
1891470 223
1891480 222
1891490 221
1891500 221
1891510 221
1891520 220
1891530 220
1891540 217
1891550 215
1891560 215
1891570 216
1891580 215
1891590 215
1891600 215
1891610 216
1891620 216
1891630 216
1891640 216
1891650 216
1891660 215
1891670 214
1891680 214
1891690 213
1891700 212
1891710 212
1891720 211
1891730 210
1891740 210
1891750 209
1891760 209
1891770 209
1891780 208
1891790 208
1891800 208
1891810 208
1891820 207
1891830 207
1891840 207
1891850 207
1891860 207
1891870 207
1891880 207
1891890 207
1891900 206
1891910 202
1891920 202
1891930 201
1891940 202
1891950 202
1891960 201
1891970 200
1891980 200
1891990 197
1892000 195
1892010 195
1892020 194
1892030 193
1892040 193
1892050 193
1892060 192
1892070 192
1892080 191
1892090 190
1892100 190
1892110 190
1892120 189
1892130 189
1892140 187
1892150 186
1892160 186
1892170 184
1892180 183
1892190 183
1892200 182
1892210 181
1892220 181
1892230 181
1892240 180
1892250 180
1892260 179
1892270 178
1892280 178
1892290 178
1892300 176
1892310 176
1892320 175
1892330 175
1892340 175
1892350 174
1892360 172
1892370 172
1892380 171
1892390 170
1892400 170
1892410 170
1892420 169
1892430 169
1892440 169
1892450 169
1892460 169
1892470 170
1892480 170
1892490 170
1892500 169
1892510 170
1892520 170
1892530 170
1892540 170
1892550 170
1892560 170
1892570 170
1892580 170
1892590 170
1892600 170
1892610 170
1892620 171
1892630 171
1892640 171
1892650 171
1892660 171
1892670 171
1892680 172
1892690 172
1892700 172
1892710 172
1892720 173
1892730 173
1892740 173
1892750 173
1892760 173
1892770 173
1892780 174
1892790 174
1892800 174
1892810 174
1892820 174
1892830 175
1892840 175
1892850 175
1892860 175
1892870 176
1892880 176
1892890 176
1892900 177
1892910 177
1892920 177
1892930 178
1892940 178
1892950 178
1892960 178
1892970 179
1892980 179
1892990 179
1893000 180
1893010 180
1893020 180
1893030 180
1893040 180
1893050 181
1893060 181
1893070 181
1893080 182
1893090 182
1893100 182
1893110 183
1893120 183
1893130 184
1893140 184
1893150 185
1893160 185
1893170 185
1893180 186
1893190 186
1893200 186
1893210 187
1893220 187
1893230 187
1893240 188
1893250 188
1893260 189
1893270 191
1893280 191
1893290 193
1893300 197
1893310 197
1893320 199
1893330 201
1893340 201
1893350 204
1893360 206
1893370 206
1893380 208
1893390 209
1893400 209
1893410 211
1893420 212
1893430 212
1893440 216
1893450 217
1893460 217
1893470 218
1893480 219
1893490 219
1893500 221
1893510 222
1893520 222
1893530 224
1893540 225
1893550 225
1893560 227
1893570 230
1893580 230
1893590 231
1893600 232
1893610 232
1893620 233
1893630 234
1893640 234
1893650 234
1893660 235
1893670 235
1893680 235
1893690 235
1893700 235
1893710 235
1893720 235
1893730 235
1893740 235
1893750 235
1893760 232
1893770 232
1893780 232
1893790 232
1893800 232
1893810 232
1893820 232
1893830 231
1893840 230
1893850 230
1893860 229
1893870 231
1893880 231
1893890 235
1893900 239
1893910 239
1893920 242
1893930 245
1893940 245
1893950 248
1893960 250
1893970 250
1893980 253
1893990 255
1894000 255
1894010 258
1894020 260
1894030 260
1894040 263
1894050 265
1894060 265
1894070 268
1894080 272
1894090 272
1894100 274
1894110 276
1894120 276
1894130 278
1894140 280
1894150 280
1894160 281
1894170 282
1894180 282
1894190 283
1894200 284
1894210 284
1894220 285
1894230 285
1894240 285
1894250 285
1894260 284
1894270 284
1894280 284
1894290 283
1894300 283
1894310 282
1894320 282
1894330 282
1894340 282
1894350 282
1894360 282
1894370 282
1894380 280
1894390 278
1894400 276
1894410 273
1894420 273
1894430 271
1894440 268
1894450 268
1894460 266
1894470 264
1894480 264
1894490 262
1894500 261
1894510 261
1894520 259
1894530 257
1894540 257
1894550 255
1894560 253
1894570 253
1894580 250
1894590 248
1894600 248
1894610 245
1894620 243
1894630 243
1894640 240
1894650 238
1894660 238
1894670 236
1894680 233
1894690 233
1894700 231
1894710 227
1894720 227
1894730 226
1894740 224
1894750 224
1894760 221
1894770 219
1894780 219
1894790 216
1894800 215
1894810 215
1894820 214
1894830 212
1894840 212
1894850 211
1894860 209
1894870 209
1894880 208
1894890 206
1894900 206
1894910 204
1894920 202
1894930 202
1894940 200
1894950 198
1894960 198
1894970 195
1894980 193
1894990 193
1895000 191
1895010 189
1895020 187
1895030 185
1895040 183
1895050 183
1895060 181
1895070 180
1895080 180
1895090 178
1895100 177
1895110 177
1895120 176
1895130 174
1895140 174
1895150 173
1895160 172
1895170 172
1895180 170
1895190 169
1895200 169
1895210 167
1895220 166
1895230 166
1895240 164
1895250 162
1895260 162
1895270 160
1895280 158
1895290 158
1895300 156
1895310 155
1895320 155
1895330 154
1895340 147
1895350 147
1895360 143
1895370 140
1895380 140
1895390 139
1895400 139
1895410 139
1895420 138
1895430 138
1895440 138
1895450 138
1895460 138
1895470 138
1895480 138
1895490 138
1895500 138
1895510 138
1895520 138
1895530 138
1895540 138
1895550 138
1895560 138
1895570 138
1895580 138
1895590 138
1895600 138
1895610 138
1895620 138
1895630 138
1895640 138
1895650 138
1895660 138
1895670 138
1895680 138
1895690 138
1895700 138
1895710 138
1895720 138
1895730 138
1895740 138
1895750 138
1895760 138
1895770 138
1895780 138
1895790 138
1895800 138
1895810 138
1895820 138
1895830 138
1895840 139
1895850 139
1895860 138
1895870 138
1895880 138
1895890 139
1895900 139
1895910 139
1895920 139
1895930 139
1895940 139
1895950 139
1895960 139
1895970 138
1895980 138
1895990 138
1896000 138
1896010 138
1896020 138
1896030 138
1896040 138
1896050 138
1896060 139
1896070 139
1896080 139
1896090 139
1896100 139
1896110 139
1896120 139
1896130 139
1896140 139
1896150 140
1896160 141
1896170 141
1896180 141
1896190 141
1896200 141
1896210 142
1896220 141
1896230 141
1896240 140
1896250 139
1896260 139
1896270 138
1896280 138
1896290 138
1896300 138
1896310 138
1896320 138
1896330 138
1896340 138
1896350 138
1896360 138
1896370 138
1896380 138
1896390 138
1896400 138
1896410 138
1896420 138
1896430 138
1896440 138
1896450 138
1896460 138
1896470 138
1896480 138
1896490 138
1896500 138
1896510 138
1896520 138
1896530 138
1896540 138
1896550 138
1896560 138
1896570 138
1896580 138
1896590 138
1896600 138
1896610 138
1896620 138
1896630 138
1896640 138
1896650 138
1896660 138
1896670 138
1896680 138
1896690 138
1896700 138
1896710 138
1896720 138
1896730 138
1896740 138
1896750 138
1896760 138
1896770 138
1896780 138
1896790 138
1896800 138
1896810 138
1896820 138
1896830 138
1896840 138
1896850 138
1896860 138
1896870 138
1896880 138
1896890 138
1896900 138
1896910 138
1896920 138
1896930 138
1896940 138
1896950 138
1896960 138
1896970 138
1896980 138
1896990 138
1897000 138
1897010 138
1897020 138
1897030 138
1897040 138
1897050 138
1897060 138
1897070 138
1897080 138
1897090 138
1897100 138
1897110 138
1897120 138
1897130 138
1897140 138
1897150 138
1897160 138
1897170 138
1897180 138
1897190 138
1897200 138
1897210 138
1897220 138
1897230 138
1897240 138
1897250 138
1897260 138
1897270 138
1897280 138
1897290 137
1897300 137
1897310 137
1897320 137
1897330 137
1897340 137
1897350 137
1897360 137
1897370 137
1897380 138
1897390 138
1897400 138
1897410 137
1897420 137
1897430 137
1897440 138
1897450 138
1897460 138
1897470 139
1897480 139
1897490 139
1897500 139
1897510 138
1897520 138
1897530 137
1897540 137
1897550 137
1897560 137
1897570 137
1897580 137
1897590 138
1897600 138
1897610 138
1897620 138
1897630 138
1897640 138
1897650 138
1897660 138
1897670 138
1897680 138
1897690 137
1897700 137
1897710 138
1897720 138
1897730 138
1897740 137
1897750 137
1897760 137
1897770 138
1897780 138
1897790 138
1897800 138
1897810 138
1897820 138
1897830 138
1897840 138
1897850 138
1897860 138
1897870 138
1897880 138
1897890 138
1897900 137
1897910 137
1897920 138
1897930 138
1897940 138
1897950 138
1897960 138
1897970 138
1897980 138
1897990 138
1898000 138
1898010 138
1898020 137
1898030 137
1898040 137
1898050 137
1898060 137
1898070 136
1898080 135
1898090 135
1898100 135
1898110 138
1898120 138
1898130 138
1898140 138
1898150 138
1898160 138
1898170 138
1898180 138
1898190 138
1898200 138
1898210 138
1898220 138
1898230 138
1898240 138
1898250 138
1898260 138
1898270 138
1898280 138
1898290 138
1898300 138
1898310 138
1898320 138
1898330 138
1898340 138
1898350 138
1898360 138
1898370 138
1898380 138
1898390 138
1898400 138
1898410 138
1898420 138
1898430 138
1898440 138
1898450 138
1898460 138
1898470 138
1898480 138
1898490 138
1898500 138
1898510 138
1898520 138
1898530 138
1898540 138
1898550 138
1898560 138
1898570 138
1898580 138
1898590 138
1898600 138
1898610 138
1898620 138
1898630 138
1898640 138
1898650 138
1898660 138
1898670 138
1898680 138
1898690 138
1898700 138
1898710 138
1898720 138
1898730 138
1898740 138
1898750 138
1898760 138
1898770 138
1898780 138
1898790 138
1898800 138
1898810 138
1898820 138
1898830 138
1898840 138
1898850 138
1898860 138
1898870 138
1898880 138
1898890 138
1898900 138
1898910 138
1898920 138
1898930 138
1898940 138
1898950 138
1898960 138
1898970 138
1898980 138
1898990 138
1899000 138
1899010 138
1899020 138
1899030 138
1899040 138
1899050 138
1899060 138
1899070 138
1899080 138
1899090 138
1899100 138
1899110 138
1899120 138
1899130 138
1899140 138
1899150 138
1899160 138
1899170 138
1899180 138
1899190 138
1899200 137
1899210 137
1899220 137
1899230 138
1899240 138
1899250 138
1899260 138
1899270 138
1899280 138
1899290 138
1899300 138
1899310 138
1899320 138
1899330 138
1899340 137
1899350 137
1899360 137
1899370 137
1899380 137
1899390 137
1899400 137
1899410 138
1899420 138
1899430 138
1899440 138
1899450 138
1899460 138
1899470 138
1899480 138
1899490 138
1899500 138
1899510 138
1899520 138
1899530 138
1899540 138
1899550 138
1899560 138
1899570 138
1899580 138
1899590 138
1899600 138
1899610 138
1899620 138
1899630 138
1899640 138
1899650 138
1899660 138
1899670 138
1899680 138
1899690 138
1899700 138
1899710 138
1899720 138
1899730 138
1899740 138
1899750 138
1899760 138
1899770 138
1899780 138
1899790 138
1899800 138
1899810 138
1899820 138
1899830 138
1899840 138
1899850 138
1899860 138
1899870 138
1899880 138
1899890 138
1899900 138
1899910 138
1899920 138
1899930 138
1899940 138
1899950 138
1899960 138
1899970 138
1899980 138
1899990 138
