1880000 182
1880010 182
1880020 182
1880030 182
1880040 182
1880050 182
1880060 182
1880070 182
1880080 182
1880090 182
1880100 182
1880110 182
1880120 182
1880130 182
1880140 181
1880150 181
1880160 181
1880170 182
1880180 182
1880190 182
1880200 182
1880210 182
1880220 182
1880230 182
1880240 181
1880250 181
1880260 182
1880270 182
1880280 182
1880290 182
1880300 182
1880310 182
1880320 182
1880330 182
1880340 182
1880350 182
1880360 182
1880370 182
1880380 182
1880390 181
1880400 181
1880410 182
1880420 182
1880430 182
1880440 182
1880450 182
1880460 182
1880470 182
1880480 182
1880490 182
1880500 181
1880510 180
1880520 180
1880530 179
1880540 180
1880550 180
1880560 180
1880570 180
1880580 180
1880590 180
1880600 180
1880610 180
1880620 179
1880630 180
1880640 180
1880650 180
1880660 180
1880670 180
1880680 180
1880690 180
1880700 180
1880710 179
1880720 179
1880730 179
1880740 179
1880750 179
1880760 179
1880770 179
1880780 178
1880790 178
1880800 177
1880810 177
1880820 177
1880830 177
1880840 176
1880850 176
1880860 176
1880870 176
1880880 176
1880890 176
1880900 175
1880910 175
1880920 175
1880930 175
1880940 175
1880950 175
1880960 174
1880970 174
1880980 174
1880990 174
1881000 173
1881010 173
1881020 173
1881030 173
1881040 173
1881050 173
1881060 172
1881070 172
1881080 172
1881090 171
1881100 171
1881110 171
1881120 170
1881130 170
1881140 169
1881150 168
1881160 168
1881170 168
1881180 167
1881190 167
1881200 167
1881210 166
1881220 166
1881230 166
1881240 166
1881250 166
1881260 166
1881270 165
1881280 165
1881290 165
1881300 163
1881310 163
1881320 162
1881330 161
1881340 161
1881350 160
1881360 159
1881370 159
1881380 159
1881390 159
1881400 159
1881410 158
1881420 159
1881430 159
1881440 158
1881450 159
1881460 159
1881470 159
1881480 159
1881490 159
1881500 159
1881510 158
1881520 158
1881530 157
1881540 156
1881550 156
1881560 157
1881570 160
1881580 160
1881590 163
1881600 159
1881610 159
1881620 156
1881630 157
1881640 157
1881650 158
1881660 160
1881670 160
1881680 161
1881690 163
1881700 163
1881710 163
1881720 163
1881730 163
1881740 163
1881750 164
1881760 165
1881770 165
1881780 166
1881790 166
1881800 167
1881810 168
1881820 168
1881830 172
1881840 173
1881850 173
1881860 175
1881870 176
1881880 176
1881890 176
1881900 177
1881910 177
1881920 178
1881930 180
1881940 180
1881950 181
1881960 180
1881970 180
1881980 181
1881990 185
1882000 185
1882010 186
1882020 185
1882030 185
1882040 181
1882050 179
1882060 179
1882070 179
1882080 179
1882090 179
1882100 180
1882110 180
1882120 180
1882130 180
1882140 179
1882150 179
1882160 179
1882170 180
1882180 180
1882190 180
1882200 180
1882210 180
1882220 180
1882230 180
1882240 180
1882250 180
1882260 180
1882270 180
1882280 180
1882290 180
1882300 180
1882310 179
1882320 179
1882330 179
1882340 179
1882350 179
1882360 179
1882370 179
1882380 179
1882390 179
1882400 179
1882410 179
1882420 179
1882430 179
1882440 179
1882450 179
1882460 179
1882470 179
1882480 179
1882490 179
1882500 179
1882510 179
1882520 179
1882530 179
1882540 179
1882550 179
1882560 179
1882570 179
1882580 179
1882590 179
1882600 179
1882610 179
1882620 179
1882630 179
1882640 179
1882650 179
1882660 179
1882670 180
1882680 180
1882690 180
1882700 180
1882710 180
1882720 180
1882730 180
1882740 180
1882750 180
1882760 180
1882770 180
1882780 180
1882790 180
1882800 180
1882810 180
1882820 180
1882830 181
1882840 181
1882850 181
1882860 181
1882870 181
1882880 181
1882890 181
1882900 181
1882910 181
1882920 181
1882930 181
1882940 181
1882950 182
1882960 182
1882970 182
1882980 182
1882990 182
1883000 182
1883010 182
1883020 182
1883030 182
1883040 182
1883050 182
1883060 183
1883070 183
1883080 183
1883090 183
1883100 183
1883110 183
1883120 184
1883130 184
1883140 184
1883150 184
1883160 185
1883170 185
1883180 185
1883190 186
1883200 186
1883210 186
1883220 186
1883230 186
1883240 186
1883250 187
1883260 187
1883270 187
1883280 188
1883290 188
1883300 188
1883310 188
1883320 188
1883330 188
1883340 189
1883350 189
1883360 189
1883370 189
1883380 189
1883390 190
1883400 190
1883410 190
1883420 190
1883430 191
1883440 191
1883450 191
1883460 191
1883470 191
1883480 192
1883490 192
1883500 192
1883510 193
1883520 193
1883530 193
1883540 193
1883550 194
1883560 194
1883570 194
1883580 194
1883590 195
1883600 195
1883610 195
1883620 195
1883630 195
1883640 196
1883650 196
1883660 196
1883670 196
1883680 197
1883690 197
1883700 197
1883710 198
1883720 198
1883730 198
1883740 199
1883750 199
1883760 199
1883770 199
1883780 199
1883790 200
1883800 200
1883810 200
1883820 200
1883830 201
1883840 201
1883850 201
1883860 202
1883870 202
1883880 202
1883890 202
1883900 202
1883910 203
1883920 203
1883930 203
1883940 203
1883950 203
1883960 203
1883970 203
1883980 204
1883990 204
1884000 205
1884010 206
1884020 206
1884030 207
1884040 207
1884050 207
1884060 207
1884070 207
1884080 207
1884090 208
1884100 208
1884110 208
1884120 208
1884130 208
1884140 208
1884150 208
1884160 208
1884170 208
1884180 208
1884190 209
1884200 209
1884210 209
1884220 209
1884230 209
1884240 210
1884250 210
1884260 210
1884270 210
1884280 211
1884290 211
1884300 211
1884310 211
1884320 211
1884330 212
1884340 213
1884350 213
1884360 213
1884370 214
1884380 214
1884390 214
1884400 215
1884410 215
1884420 215
1884430 216
1884440 216
1884450 217
1884460 217
1884470 217
1884480 219
1884490 222
1884500 222
1884510 222
1884520 222
1884530 222
1884540 223
1884550 226
1884560 226
1884570 228
1884580 230
1884590 230
1884600 230
1884610 232
1884620 232
1884630 235
1884640 237
1884650 237
1884660 239
1884670 241
1884680 241
1884690 245
1884700 248
1884710 248
1884720 252
1884730 256
1884740 256
1884750 259
1884760 258
1884770 258
1884780 257
1884790 257
1884800 257
1884810 260
1884820 261
1884830 261
1884840 267
1884850 280
1884860 280
1884870 286
1884880 293
1884890 293
1884900 299
1884910 305
1884920 305
1884930 313
1884940 319
1884950 319
1884960 326
1884970 333
1884980 333
1884990 335
1885000 336
1885010 338
1885020 338
1885030 339
1885040 339
1885050 340
1885060 341
1885070 341
1885080 342
1885090 344
1885100 344
1885110 346
1885120 347
1885130 347
1885140 348
1885150 350
1885160 350
1885170 353
1885180 356
1885190 356
1885200 358
1885210 361
1885220 361
1885230 364
1885240 365
1885250 365
1885260 366
1885270 367
1885280 367
1885290 368
1885300 369
1885310 369
1885320 369
1885330 372
1885340 372
1885350 373
1885360 373
1885370 373
1885380 372
1885390 372
1885400 372
1885410 372
1885420 371
1885430 371
1885440 370
1885450 368
1885460 368
1885470 367
1885480 367
1885490 367
1885500 366
1885510 366
1885520 366
1885530 365
1885540 362
1885550 362
1885560 358
1885570 355
1885580 355
1885590 351
1885600 348
1885610 348
1885620 341
1885630 334
1885640 334
1885650 329
1885660 327
1885670 327
1885680 327
1885690 325
1885700 325
1885710 320
1885720 314
1885730 314
1885740 313
1885750 312
1885760 312
1885770 307
1885780 301
1885790 301
1885800 296
1885810 296
1885820 296
1885830 296
1885840 292
1885850 292
1885860 291
1885870 293
1885880 293
1885890 293
1885900 294
1885910 294
1885920 294
1885930 294
1885940 294
1885950 292
1885960 289
1885970 289
1885980 288
1885990 287
1886000 287
1886010 287
1886020 287
1886030 287
1886040 287
1886050 287
1886060 287
1886070 288
1886080 288
1886090 288
1886100 288
1886110 287
1886120 287
1886130 287
1886140 287
1886150 287
1886160 287
1886170 287
1886180 287
1886190 286
1886200 285
1886210 285
1886220 284
1886230 283
1886240 283
1886250 282
1886260 281
1886270 281
1886280 279
1886290 279
1886300 279
1886310 278
1886320 276
1886330 276
1886340 276
1886350 275
1886360 274
1886370 274
1886380 273
1886390 273
1886400 273
1886410 273
1886420 273
1886430 273
1886440 272
1886450 273
1886460 273
1886470 273
1886480 273
1886490 273
1886500 272
1886510 272
1886520 272
1886530 273
1886540 273
1886550 273
1886560 273
1886570 273
1886580 273
1886590 273
1886600 273
1886610 273
1886620 275
1886630 275
1886640 275
1886650 276
1886660 276
1886670 276
1886680 276
1886690 276
1886700 276
1886710 276
1886720 276
1886730 276
1886740 276
1886750 276
1886760 276
1886770 276
1886780 277
1886790 277
1886800 277
1886810 277
1886820 277
1886830 278
1886840 278
1886850 278
1886860 278
1886870 278
1886880 278
1886890 278
1886900 278
1886910 278
1886920 278
1886930 278
1886940 278
1886950 278
1886960 278
1886970 278
1886980 278
1886990 278
1887000 278
1887010 279
1887020 279
1887030 279
1887040 279
1887050 279
1887060 279
1887070 279
1887080 280
1887090 280
1887100 280
1887110 280
1887120 280
1887130 280
1887140 280
1887150 280
1887160 281
1887170 281
1887180 281
1887190 281
1887200 282
1887210 282
1887220 282
1887230 282
1887240 282
1887250 282
1887260 283
1887270 283
1887280 284
1887290 284
1887300 284
1887310 285
1887320 286
1887330 286
1887340 286
1887350 287
1887360 287
1887370 288
1887380 288
1887390 288
1887400 289
1887410 290
1887420 290
1887430 291
1887440 292
1887450 292
1887460 293
1887470 294
1887480 294
1887490 296
1887500 297
1887510 297
1887520 298
1887530 299
1887540 299
1887550 300
1887560 301
1887570 301
1887580 301
1887590 303
1887600 303
1887610 303
1887620 304
1887630 304
1887640 304
1887650 305
1887660 305
1887670 305
1887680 305
1887690 305
1887700 305
1887710 305
1887720 305
1887730 306
1887740 305
1887750 305
1887760 305
1887770 304
1887780 304
1887790 303
1887800 300
1887810 300
1887820 298
1887830 297
1887840 297
1887850 295
1887860 294
1887870 294
1887880 292
1887890 290
1887900 290
1887910 287
1887920 285
1887930 285
1887940 283
1887950 281
1887960 281
1887970 279
1887980 276
1887990 276
1888000 273
1888010 271
1888020 271
1888030 268
1888040 265
1888050 265
1888060 263
1888070 259
1888080 259
1888090 257
1888100 255
1888110 255
1888120 254
1888130 255
1888140 255
1888150 258
1888160 261
1888170 261
1888180 264
1888190 268
1888200 268
1888210 272
1888220 276
1888230 273
1888240 276
1888250 279
1888260 279
1888270 282
1888280 284
1888290 284
1888300 285
1888310 286
1888320 286
1888330 287
1888340 288
1888350 288
1888360 289
1888370 290
1888380 290
1888390 292
1888400 293
1888410 293
1888420 295
1888430 296
1888440 296
1888450 297
1888460 298
1888470 298
1888480 299
1888490 300
1888500 300
1888510 301
1888520 302
1888530 302
1888540 302
1888550 304
1888560 304
1888570 304
1888580 305
1888590 305
1888600 305
1888610 305
1888620 305
1888630 306
1888640 307
1888650 307
1888660 308
1888670 309
1888680 309
1888690 310
1888700 311
1888710 311
1888720 312
1888730 313
1888740 313
1888750 313
1888760 314
1888770 314
1888780 315
1888790 316
1888800 316
1888810 316
1888820 316
1888830 316
1888840 316
1888850 315
1888860 315
1888870 312
1888880 312
1888890 312
1888900 311
1888910 311
1888920 311
1888930 310
1888940 310
1888950 310
1888960 310
1888970 310
1888980 310
1888990 310
1889000 310
1889010 310
1889020 309
1889030 308
1889040 308
1889050 308
1889060 307
1889070 307
1889080 306
1889090 306
1889100 306
1889110 306
1889120 305
1889130 305
1889140 305
1889150 305
1889160 304
1889170 304
1889180 303
1889190 301
1889200 301
1889210 300
1889220 300
1889230 300
1889240 301
1889250 301
1889260 301
1889270 301
1889280 301
1889290 301
1889300 301
1889310 301
1889320 301
1889330 301
1889340 302
1889350 302
1889360 302
1889370 302
1889380 302
1889390 303
1889400 304
1889410 304
1889420 304
1889430 304
1889440 304
1889450 303
1889460 303
1889470 303
1889480 303
1889490 302
1889500 302
1889510 300
1889520 299
1889530 299
1889540 298
1889550 297
1889560 297
1889570 295
1889580 294
1889590 294
1889600 293
1889610 292
1889620 292
1889630 291
1889640 290
1889650 290
1889660 289
1889670 289
1889680 289
1889690 288
1889700 287
1889710 287
1889720 286
1889730 284
1889740 284
1889750 283
1889760 282
1889770 282
1889780 281
1889790 280
1889800 280
1889810 278
1889820 277
1889830 275
1889840 273
1889850 271
1889860 271
1889870 269
1889880 266
1889890 266
1889900 265
1889910 262
1889920 262
1889930 260
1889940 259
1889950 259
1889960 260
1889970 260
1889980 260
1889990 258
1890000 256
1890010 256
1890020 255
1890030 254
1890040 254
1890050 254
1890060 254
1890070 254
1890080 253
1890090 251
1890100 251
1890110 250
1890120 249
1890130 249
1890140 248
1890150 249
1890160 249
1890170 250
1890180 250
1890190 250
1890200 250
1890210 251
1890220 251
1890230 252
1890240 253
1890250 253
1890260 254
1890270 255
1890280 255
1890290 256
1890300 256
1890310 256
1890320 256
1890330 256
1890340 256
1890350 255
1890360 255
1890370 255
1890380 254
1890390 253
1890400 253
1890410 252
1890420 251
1890430 251
1890440 249
1890450 248
1890460 248
1890470 247
1890480 246
1890490 246
1890500 246
1890510 246
1890520 246
1890530 246
1890540 246
1890550 246
1890560 246
1890570 247
1890580 247
1890590 247
1890600 247
1890610 247
1890620 247
1890630 246
1890640 246
1890650 246
1890660 245
1890670 245
1890680 245
1890690 244
1890700 244
1890710 244
1890720 243
1890730 243
1890740 242
1890750 242
1890760 242
1890770 241
1890780 241
1890790 240
1890800 240
1890810 239
1890820 239
1890830 239
1890840 239
1890850 239
1890860 238
1890870 238
1890880 238
1890890 238
1890900 238
1890910 238
1890920 238
1890930 238
1890940 238
1890950 239
1890960 239
1890970 239
1890980 239
1890990 239
1891000 239
1891010 239
1891020 238
1891030 238
1891040 237
1891050 237
1891060 237
1891070 236
1891080 235
1891090 235
1891100 235
1891110 234
1891120 234
1891130 234
1891140 233
1891150 233
1891160 233
1891170 232
1891180 232
1891190 231
1891200 231
1891210 231
1891220 231
1891230 230
1891240 230
1891250 229
1891260 228
1891270 228
1891280 227
1891290 227
1891300 227
1891310 226
1891320 225
1891330 225
1891340 225
1891350 224
1891360 224
1891370 223
1891380 222
1891390 222
1891400 221
1891410 221
1891420 224
1891430 224
1891440 224
1891450 224
1891460 224
1891470 223
1891480 223
1891490 223
1891500 223
1891510 223
1891520 222
1891530 222
1891540 222
1891550 221
1891560 220
1891570 220
1891580 219
1891590 217
1891600 217
1891610 215
1891620 213
1891630 213
1891640 211
1891650 208
1891660 208
1891670 206
1891680 205
1891690 205
1891700 204
1891710 203
1891720 203
1891730 202
1891740 202
1891750 202
1891760 201
1891770 200
1891780 200
1891790 199
1891800 198
1891810 198
1891820 197
1891830 197
1891840 197
1891850 196
1891860 196
1891870 196
1891880 196
1891890 196
1891900 196
1891910 196
1891920 196
1891930 196
1891940 196
1891950 196
1891960 196
1891970 195
1891980 195
1891990 194
1892000 194
1892010 193
1892020 192
1892030 192
1892040 190
1892050 190
1892060 187
1892070 187
1892080 188
1892090 188
1892100 187
1892110 187
1892120 187
1892130 187
1892140 187
1892150 187
1892160 187
1892170 186
1892180 186
1892190 186
1892200 186
1892210 186
1892220 185
1892230 185
1892240 185
1892250 184
1892260 183
1892270 183
1892280 182
1892290 182
1892300 182
1892310 181
1892320 180
1892330 180
1892340 180
1892350 179
1892360 179
1892370 179
1892380 178
1892390 178
1892400 178
1892410 178
1892420 178
1892430 178
1892440 178
1892450 178
1892460 177
1892470 176
1892480 176
1892490 176
1892500 176
1892510 176
1892520 176
1892530 176
1892540 176
1892550 176
1892560 176
1892570 176
1892580 176
1892590 176
1892600 176
1892610 176
1892620 176
1892630 176
1892640 176
1892650 176
1892660 176
1892670 178
1892680 180
1892690 181
1892700 182
1892710 185
1892720 185
1892730 188
1892740 192
1892750 192
1892760 196
1892770 199
1892780 199
1892790 202
1892800 204
1892810 204
1892820 206
1892830 207
1892840 207
1892850 207
1892860 207
1892870 207
1892880 207
1892890 207
1892900 207
1892910 206
1892920 206
1892930 206
1892940 205
1892950 204
1892960 204
1892970 203
1892980 201
1892990 201
1893000 199
1893010 197
1893020 197
1893030 201
1893040 204
1893050 204
1893060 204
1893070 203
1893080 203
1893090 203
1893100 204
1893110 204
1893120 204
1893130 204
1893140 204
1893150 204
1893160 203
1893170 203
1893180 203
1893190 205
1893200 205
1893210 207
1893220 208
1893230 208
1893240 208
1893250 207
1893260 207
1893270 207
1893280 206
1893290 206
1893300 205
1893310 204
1893320 204
1893330 200
1893340 199
1893350 199
1893360 198
1893370 197
1893380 197
1893390 196
1893400 195
1893410 195
1893420 194
1893430 194
1893440 194
1893450 193
1893460 193
1893470 193
1893480 194
1893490 194
1893500 194
1893510 194
1893520 194
1893530 194
1893540 193
1893550 195
1893560 195
1893570 197
1893580 198
1893590 198
1893600 199
1893610 199
1893620 199
1893630 200
1893640 202
1893650 202
1893660 202
1893670 203
1893680 203
1893690 205
1893700 205
1893710 205
1893720 205
1893730 206
1893740 206
1893750 208
1893760 211
1893770 211
1893780 215
1893790 218
1893800 218
1893810 220
1893820 223
1893830 223
1893840 225
1893850 228
1893860 228
1893870 230
1893880 232
1893890 232
1893900 234
1893910 235
1893920 235
1893930 237
1893940 238
1893950 238
1893960 241
1893970 241
1893980 241
1893990 242
1894000 242
1894010 242
1894020 242
1894030 242
1894040 242
1894050 241
1894060 240
1894070 240
1894080 240
1894090 241
1894100 241
1894110 241
1894120 242
1894130 242
1894140 243
1894150 246
1894160 246
1894170 248
1894180 250
1894190 250
1894200 251
1894210 254
1894220 254
1894230 258
1894240 261
1894250 261
1894260 265
1894270 270
1894280 270
1894290 273
1894300 275
1894310 275
1894320 278
1894330 280
1894340 280
1894350 282
1894360 284
1894370 284
1894380 285
1894390 286
1894400 286
1894410 287
1894420 288
1894430 288
1894440 289
1894450 289
1894460 289
1894470 289
1894480 290
1894490 290
1894500 290
1894510 290
1894520 290
1894530 290
1894540 289
1894550 289
1894560 288
1894570 287
1894580 287
1894590 284
1894600 282
1894610 282
1894620 279
1894630 277
1894640 277
1894650 275
1894660 273
1894670 273
1894680 272
1894690 271
1894700 271
1894710 269
1894720 268
1894730 268
1894740 267
1894750 266
1894760 266
1894770 264
1894780 263
1894790 263
1894800 261
1894810 258
1894820 256
1894830 256
1894840 254
1894850 252
1894860 252
1894870 250
1894880 248
1894890 248
1894900 246
1894910 243
1894920 243
1894930 241
1894940 238
1894950 238
1894960 235
1894970 232
1894980 232
1894990 230
1895000 228
1895010 228
1895020 226
1895030 223
1895040 223
1895050 221
1895060 219
1895070 219
1895080 218
1895090 216
1895100 216
1895110 214
1895120 212
1895130 212
1895140 209
1895150 207
1895160 207
1895170 205
1895180 203
1895190 203
1895200 202
1895210 200
1895220 198
1895230 196
1895240 194
1895250 194
1895260 192
1895270 190
1895280 190
1895290 188
1895300 185
1895310 185
1895320 183
1895330 180
1895340 180
1895350 178
1895360 176
1895370 176
1895380 174
1895390 171
1895400 171
1895410 168
1895420 165
1895430 165
1895440 161
1895450 159
1895460 159
1895470 157
1895480 155
1895490 155
1895500 160
1895510 163
1895520 163
1895530 165
1895540 167
1895550 167
1895560 167
1895570 166
1895580 166
1895590 166
1895600 165
1895610 165
1895620 165
1895630 164
1895640 164
1895650 163
1895660 161
1895670 161
1895680 160
1895690 156
1895700 156
1895710 152
1895720 148
1895730 148
1895740 143
1895750 142
1895760 142
1895770 144
1895780 143
1895790 143
1895800 142
1895810 140
1895820 140
1895830 140
1895840 140
1895850 140
1895860 139
1895870 140
1895880 140
1895890 139
1895900 138
1895910 138
1895920 138
1895930 138
1895940 138
1895950 138
1895960 138
1895970 138
1895980 139
1895990 138
1896000 138
1896010 138
1896020 138
1896030 138
1896040 137
1896050 137
1896060 137
1896070 137
1896080 138
1896090 138
1896100 138
1896110 138
1896120 138
1896130 138
1896140 138
1896150 138
1896160 138
1896170 138
1896180 138
1896190 138
1896200 138
1896210 138
1896220 138
1896230 138
1896240 138
1896250 138
1896260 138
1896270 138
1896280 138
1896290 138
1896300 138
1896310 138
1896320 138
1896330 138
1896340 138
1896350 138
1896360 138
1896370 138
1896380 138
1896390 138
1896400 138
1896410 138
1896420 138
1896430 138
1896440 138
1896450 138
1896460 138
1896470 138
1896480 138
1896490 138
1896500 138
1896510 138
1896520 138
1896530 138
1896540 138
1896550 138
1896560 138
1896570 138
1896580 138
1896590 138
1896600 138
1896610 138
1896620 138
1896630 138
1896640 138
1896650 138
1896660 138
1896670 138
1896680 138
1896690 138
1896700 138
1896710 138
1896720 138
1896730 138
1896740 138
1896750 138
1896760 138
1896770 137
1896780 137
1896790 138
1896800 138
1896810 138
1896820 138
1896830 138
1896840 138
1896850 138
1896860 138
1896870 138
1896880 138
1896890 138
1896900 138
1896910 138
1896920 138
1896930 138
1896940 138
1896950 137
1896960 137
1896970 137
1896980 137
1896990 137
1897000 138
1897010 138
1897020 138
1897030 138
1897040 138
1897050 138
1897060 138
1897070 138
1897080 138
1897090 138
1897100 139
1897110 141
1897120 141
1897130 141
1897140 141
1897150 141
1897160 140
1897170 140
1897180 139
1897190 138
1897200 138
1897210 138
1897220 138
1897230 138
1897240 138
1897250 138
1897260 138
1897270 138
1897280 138
1897290 138
1897300 138
1897310 138
1897320 138
1897330 138
1897340 138
1897350 138
1897360 138
1897370 138
1897380 138
1897390 139
1897400 138
1897410 138
1897420 137
1897430 137
1897440 137
1897450 137
1897460 137
1897470 137
1897480 137
1897490 137
1897500 137
1897510 137
1897520 137
1897530 137
1897540 137
1897550 137
1897560 137
1897570 138
1897580 138
1897590 138
1897600 138
1897610 138
1897620 138
1897630 138
1897640 138
1897650 138
1897660 138
1897670 138
1897680 138
1897690 138
1897700 138
1897710 138
1897720 138
1897730 138
1897740 138
1897750 138
1897760 138
1897770 138
1897780 138
1897790 138
1897800 138
1897810 138
1897820 138
1897830 137
1897840 137
1897850 137
1897860 137
1897870 137
1897880 137
1897890 137
1897900 137
1897910 136
1897920 135
1897930 135
1897940 135
1897950 137
1897960 137
1897970 139
1897980 138
1897990 138
1898000 138
1898010 138
1898020 138
1898030 138
1898040 138
1898050 138
1898060 138
1898070 138
1898080 138
1898090 138
1898100 138
1898110 138
1898120 138
1898130 138
1898140 138
1898150 138
1898160 138
1898170 138
1898180 138
1898190 138
1898200 138
1898210 138
1898220 138
1898230 138
1898240 138
1898250 138
1898260 138
1898270 138
1898280 138
1898290 138
1898300 138
1898310 138
1898320 138
1898330 138
1898340 138
1898350 138
1898360 138
1898370 138
1898380 138
1898390 138
1898400 138
1898410 138
1898420 138
1898430 137
1898440 137
1898450 137
1898460 137
1898470 137
1898480 137
1898490 137
1898500 137
1898510 137
1898520 138
1898530 138
1898540 138
1898550 138
1898560 138
1898570 138
1898580 138
1898590 138
1898600 138
1898610 138
1898620 138
1898630 138
1898640 137
1898650 137
1898660 137
1898670 137
1898680 137
1898690 137
1898700 138
1898710 138
1898720 138
1898730 138
1898740 138
1898750 137
1898760 137
1898770 137
1898780 137
1898790 137
1898800 137
1898810 137
1898820 137
1898830 137
1898840 137
1898850 137
1898860 137
1898870 137
1898880 137
1898890 137
1898900 137
1898910 137
1898920 137
1898930 137
1898940 137
1898950 137
1898960 137
1898970 137
1898980 137
1898990 137
1899000 137
1899010 137
1899020 137
1899030 137
1899040 137
1899050 137
1899060 137
1899070 137
1899080 136
1899090 136
1899100 136
1899110 136
1899120 136
1899130 136
1899140 136
1899150 136
1899160 136
1899170 136
1899180 136
1899190 136
1899200 135
1899210 135
1899220 135
1899230 135
1899240 136
1899250 136
1899260 136
1899270 136
1899280 136
1899290 137
1899300 137
1899310 137
1899320 138
1899330 138
1899340 138
1899350 137
1899360 135
1899370 135
1899380 136
1899390 136
1899400 136
1899410 136
1899420 136
1899430 136
1899440 136
1899450 136
1899460 136
1899470 136
1899480 136
1899490 136
1899500 136
1899510 136
1899520 136
1899530 136
1899540 136
1899550 136
1899560 136
1899570 136
1899580 136
1899590 136
1899600 137
1899610 137
1899620 137
1899630 136
1899640 136
1899650 136
1899660 137
1899670 137
1899680 137
1899690 137
1899700 137
1899710 137
1899720 137
1899730 137
1899740 137
1899750 137
1899760 137
1899770 137
1899780 137
1899790 137
1899800 137
1899810 137
1899820 137
1899830 138
1899840 138
1899850 138
1899860 139
1899870 140
1899880 140
1899890 141
1899900 141
1899910 141
1899920 139
1899930 140
1899940 140
1899950 140
1899960 141
1899970 141
1899980 141
1899990 142
