1880000 143
1880010 142
1880020 142
1880030 142
1880040 142
1880050 142
1880060 142
1880070 143
1880080 143
1880090 142
1880100 141
1880110 141
1880120 140
1880130 139
1880140 139
1880150 139
1880160 139
1880170 139
1880180 139
1880190 139
1880200 139
1880210 141
1880220 143
1880230 143
1880240 144
1880250 143
1880260 143
1880270 143
1880280 143
1880290 143
1880300 142
1880310 142
1880320 142
1880330 142
1880340 142
1880350 142
1880360 143
1880370 143
1880380 143
1880390 143
1880400 143
1880410 143
1880420 143
1880430 143
1880440 143
1880450 143
1880460 143
1880470 143
1880480 143
1880490 143
1880500 143
1880510 143
1880520 143
1880530 143
1880540 143
1880550 142
1880560 142
1880570 140
1880580 140
1880590 140
1880600 140
1880610 140
1880620 140
1880630 140
1880640 140
1880650 140
1880660 139
1880670 139
1880680 139
1880690 141
1880700 143
1880710 143
1880720 143
1880730 143
1880740 143
1880750 143
1880760 143
1880770 143
1880780 143
1880790 144
1880800 144
1880810 145
1880820 147
1880830 147
1880840 149
1880850 153
1880860 153
1880870 156
1880880 158
1880890 158
1880900 159
1880910 161
1880920 161
1880930 163
1880940 164
1880950 164
1880960 164
1880970 165
1880980 165
1880990 166
1881000 169
1881010 169
1881020 172
1881030 174
1881040 174
1881050 174
1881060 174
1881070 174
1881080 174
1881090 174
1881100 174
1881110 174
1881120 173
1881130 173
1881140 173
1881150 173
1881160 173
1881170 173
1881180 172
1881190 172
1881200 171
1881210 170
1881220 170
1881230 169
1881240 169
1881250 168
1881260 168
1881270 167
1881280 167
1881290 166
1881300 165
1881310 165
1881320 164
1881330 163
1881340 163
1881350 162
1881360 162
1881370 162
1881380 161
1881390 161
1881400 161
1881410 160
1881420 159
1881430 159
1881440 158
1881450 158
1881460 158
1881470 157
1881480 157
1881490 157
1881500 157
1881510 156
1881520 156
1881530 156
1881540 156
1881550 156
1881560 155
1881570 155
1881580 154
1881590 154
1881600 153
1881610 153
1881620 153
1881630 152
1881640 152
1881650 152
1881660 152
1881670 152
1881680 151
1881690 151
1881700 151
1881710 152
1881720 150
1881730 150
1881740 149
1881750 150
1881760 150
1881770 150
1881780 150
1881790 150
1881800 150
1881810 150
1881820 150
1881830 150
1881840 151
1881850 151
1881860 151
1881870 151
1881880 151
1881890 152
1881900 152
1881910 153
1881920 152
1881930 152
1881940 152
1881950 153
1881960 153
1881970 153
1881980 153
1881990 154
1882000 154
1882010 155
1882020 155
1882030 155
1882040 155
1882050 155
1882060 155
1882070 155
1882080 155
1882090 155
1882100 156
1882110 156
1882120 156
1882130 156
1882140 156
1882150 156
1882160 156
1882170 156
1882180 156
1882190 157
1882200 157
1882210 157
1882220 157
1882230 157
1882240 157
1882250 158
1882260 158
1882270 158
1882280 159
1882290 160
1882300 160
1882310 160
1882320 161
1882330 161
1882340 162
1882350 163
1882360 163
1882370 164
1882380 164
1882390 164
1882400 165
1882410 162
1882420 162
1882430 159
1882440 164
1882450 164
1882460 168
1882470 170
1882480 170
1882490 170
1882500 170
1882510 170
1882520 171
1882530 171
1882540 171
1882550 172
1882560 173
1882570 173
1882580 173
1882590 174
1882600 174
1882610 174
1882620 174
1882630 174
1882640 174
1882650 175
1882660 175
1882670 177
1882680 178
1882690 178
1882700 178
1882710 179
1882720 180
1882730 180
1882740 181
1882750 182
1882760 182
1882770 184
1882780 185
1882790 185
1882800 186
1882810 186
1882820 186
1882830 185
1882840 185
1882850 185
1882860 185
1882870 186
1882880 193
1882890 194
1882900 196
1882910 196
1882920 196
1882930 196
1882940 196
1882950 197
1882960 197
1882970 197
1882980 198
1882990 199
1883000 199
1883010 200
1883020 205
1883030 205
1883040 212
1883050 213
1883060 213
1883070 216
1883080 222
1883090 222
1883100 225
1883110 231
1883120 231
1883130 233
1883140 232
1883150 232
1883160 233
1883170 234
1883180 234
1883190 235
1883200 236
1883210 232
1883220 231
1883230 232
1883240 232
1883250 234
1883260 235
1883270 235
1883280 244
1883290 251
1883300 251
1883310 257
1883320 261
1883330 261
1883340 264
1883350 265
1883360 265
1883370 263
1883380 263
1883390 263
1883400 263
1883410 265
1883420 265
1883430 269
1883440 277
1883450 277
1883460 287
1883470 291
1883480 291
1883490 294
1883500 293
1883510 293
1883520 293
1883530 294
1883540 294
1883550 296
1883560 302
1883570 302
1883580 306
1883590 305
1883600 305
1883610 299
1883620 298
1883630 298
1883640 298
1883650 298
1883660 298
1883670 298
1883680 298
1883690 298
1883700 299
1883710 299
1883720 299
1883730 299
1883740 303
1883750 303
1883760 310
1883770 311
1883780 311
1883790 311
1883800 311
1883810 311
1883820 311
1883830 310
1883840 310
1883850 309
1883860 309
1883870 309
1883880 309
1883890 309
1883900 309
1883910 309
1883920 309
1883930 309
1883940 309
1883950 308
1883960 308
1883970 308
1883980 307
1883990 307
1884000 307
1884010 307
1884020 307
1884030 306
1884040 306
1884050 306
1884060 306
1884070 306
1884080 306
1884090 306
1884100 307
1884110 307
1884120 307
1884130 308
1884140 308
1884150 309
1884160 309
1884170 309
1884180 307
1884190 306
1884200 306
1884210 306
1884220 307
1884230 307
1884240 307
1884250 305
1884260 305
1884270 305
1884280 306
1884290 306
1884300 307
1884310 307
1884320 307
1884330 308
1884340 309
1884350 309
1884360 310
1884370 311
1884380 311
1884390 314
1884400 318
1884410 318
1884420 324
1884430 328
1884440 328
1884450 331
1884460 333
1884470 333
1884480 335
1884490 336
1884500 335
1884510 336
1884520 338
1884530 338
1884540 339
1884550 340
1884560 340
1884570 342
1884580 343
1884590 343
1884600 344
1884610 345
1884620 345
1884630 346
1884640 347
1884650 347
1884660 347
1884670 348
1884680 348
1884690 349
1884700 349
1884710 349
1884720 350
1884730 350
1884740 350
1884750 350
1884760 351
1884770 351
1884780 352
1884790 352
1884800 352
1884810 354
1884820 355
1884830 357
1884840 358
1884850 360
1884860 360
1884870 361
1884880 363
1884890 363
1884900 364
1884910 365
1884920 365
1884930 365
1884940 365
1884950 365
1884960 366
1884970 370
1884980 370
1884990 374
1885000 378
1885010 378
1885020 381
1885030 384
1885040 384
1885050 386
1885060 388
1885070 388
1885080 390
1885090 392
1885100 392
1885110 394
1885120 396
1885130 396
1885140 398
1885150 402
1885160 402
1885170 403
1885180 405
1885190 405
1885200 407
1885210 410
1885220 410
1885230 412
1885240 414
1885250 414
1885260 416
1885270 418
1885280 418
1885290 421
1885300 423
1885310 423
1885320 425
1885330 427
1885340 427
1885350 429
1885360 431
1885370 431
1885380 434
1885390 436
1885400 436
1885410 438
1885420 440
1885430 440
1885440 442
1885450 444
1885460 444
1885470 447
1885480 449
1885490 449
1885500 451
1885510 454
1885520 454
1885530 456
1885540 458
1885550 458
1885560 459
1885570 461
1885580 461
1885590 462
1885600 464
1885610 464
1885620 465
1885630 466
1885640 466
1885650 467
1885660 468
1885670 468
1885680 469
1885690 470
1885700 470
1885710 471
1885720 471
1885730 471
1885740 471
1885750 471
1885760 470
1885770 470
1885780 467
1885790 463
1885800 463
1885810 459
1885820 456
1885830 456
1885840 452
1885850 449
1885860 449
1885870 445
1885880 442
1885890 442
1885900 437
1885910 432
1885920 432
1885930 427
1885940 423
1885950 423
1885960 420
1885970 416
1885980 416
1885990 414
1886000 410
1886010 410
1886020 407
1886030 403
1886040 403
1886050 400
1886060 396
1886070 396
1886080 393
1886090 389
1886100 389
1886110 385
1886120 382
1886130 382
1886140 377
1886150 371
1886160 371
1886170 366
1886180 362
1886190 362
1886200 358
1886210 355
1886220 355
1886230 352
1886240 350
1886250 350
1886260 348
1886270 346
1886280 346
1886290 344
1886300 343
1886310 343
1886320 341
1886330 341
1886340 341
1886350 342
1886360 344
1886370 344
1886380 344
1886390 345
1886400 345
1886410 345
1886420 346
1886430 346
1886440 343
1886450 344
1886460 344
1886470 344
1886480 344
1886490 344
1886500 345
1886510 346
1886520 346
1886530 347
1886540 346
1886550 346
1886560 344
1886570 342
1886580 342
1886590 340
1886600 337
1886610 337
1886620 335
1886630 332
1886640 332
1886650 330
1886660 328
1886670 328
1886680 326
1886690 323
1886700 323
1886710 319
1886720 315
1886730 315
1886740 311
1886750 307
1886760 306
1886770 302
1886780 298
1886790 298
1886800 295
1886810 292
1886820 292
1886830 289
1886840 289
1886850 289
1886860 291
1886870 294
1886880 294
1886890 296
1886900 298
1886910 298
1886920 301
1886930 306
1886940 306
1886950 311
1886960 317
1886970 317
1886980 323
1886990 329
1887000 329
1887010 335
1887020 340
1887030 340
1887040 344
1887050 345
1887060 345
1887070 346
1887080 347
1887090 346
1887100 347
1887110 347
1887120 347
1887130 347
1887140 346
1887150 346
1887160 344
1887170 342
1887180 342
1887190 340
1887200 336
1887210 336
1887220 332
1887230 329
1887240 329
1887250 329
1887260 331
1887270 331
1887280 333
1887290 331
1887300 331
1887310 326
1887320 320
1887330 320
1887340 315
1887350 313
1887360 313
1887370 313
1887380 315
1887390 315
1887400 318
1887410 317
1887420 317
1887430 321
1887440 324
1887450 324
1887460 324
1887470 321
1887480 321
1887490 318
1887500 315
1887510 315
1887520 312
1887530 311
1887540 311
1887550 309
1887560 307
1887570 307
1887580 306
1887590 304
1887600 304
1887610 303
1887620 304
1887630 304
1887640 307
1887650 312
1887660 312
1887670 316
1887680 319
1887690 319
1887700 321
1887710 322
1887720 322
1887730 320
1887740 318
1887750 318
1887760 316
1887770 313
1887780 313
1887790 309
1887800 305
1887810 305
1887820 301
1887830 297
1887840 297
1887850 293
1887860 290
1887870 290
1887880 287
1887890 283
1887900 283
1887910 280
1887920 275
1887930 275
1887940 270
1887950 267
1887960 267
1887970 266
1887980 268
1887990 268
1888000 272
1888010 276
1888020 276
1888030 280
1888040 281
1888050 279
1888060 277
1888070 273
1888080 273
1888090 268
1888100 264
1888110 264
1888120 259
1888130 255
1888140 255
1888150 251
1888160 246
1888170 246
1888180 241
1888190 236
1888200 236
1888210 231
1888220 225
1888230 225
1888240 221
1888250 218
1888260 218
1888270 217
1888280 217
1888290 217
1888300 217
1888310 219
1888320 219
1888330 223
1888340 228
1888350 228
1888360 234
1888370 239
1888380 239
1888390 244
1888400 250
1888410 250
1888420 257
1888430 262
1888440 262
1888450 268
1888460 273
1888470 273
1888480 277
1888490 282
1888500 282
1888510 285
1888520 288
1888530 288
1888540 290
1888550 292
1888560 292
1888570 294
1888580 295
1888590 295
1888600 296
1888610 296
1888620 296
1888630 295
1888640 294
1888650 294
1888660 292
1888670 290
1888680 290
1888690 282
1888700 280
1888710 280
1888720 277
1888730 274
1888740 274
1888750 271
1888760 268
1888770 266
1888780 266
1888790 265
1888800 265
1888810 265
1888820 268
1888830 271
1888840 271
1888850 275
1888860 278
1888870 278
1888880 280
1888890 282
1888900 282
1888910 283
1888920 285
1888930 285
1888940 285
1888950 283
1888960 283
1888970 279
1888980 275
1888990 275
1889000 271
1889010 263
1889020 263
1889030 259
1889040 256
1889050 256
1889060 255
1889070 258
1889080 258
1889090 261
1889100 265
1889110 265
1889120 270
1889130 275
1889140 275
1889150 280
1889160 285
1889170 285
1889180 289
1889190 291
1889200 291
1889210 294
1889220 296
1889230 296
1889240 299
1889250 301
1889260 301
1889270 303
1889280 304
1889290 304
1889300 305
1889310 305
1889320 305
1889330 305
1889340 305
1889350 305
1889360 305
1889370 305
1889380 305
1889390 304
1889400 304
1889410 304
1889420 304
1889430 303
1889440 303
1889450 302
1889460 300
1889470 300
1889480 298
1889490 296
1889500 296
1889510 294
1889520 291
1889530 291
1889540 287
1889550 285
1889560 285
1889570 282
1889580 280
1889590 280
1889600 277
1889610 275
1889620 275
1889630 273
1889640 271
1889650 270
1889660 267
1889670 265
1889680 265
1889690 262
1889700 260
1889710 260
1889720 258
1889730 255
1889740 255
1889750 250
1889760 246
1889770 246
1889780 242
1889790 237
1889800 237
1889810 235
1889820 232
1889830 232
1889840 233
1889850 235
1889860 235
1889870 238
1889880 239
1889890 239
1889900 239
1889910 240
1889920 240
1889930 242
1889940 245
1889950 245
1889960 246
1889970 246
1889980 246
1889990 246
1890000 246
1890010 246
1890020 245
1890030 245
1890040 245
1890050 244
1890060 243
1890070 243
1890080 242
1890090 241
1890100 241
1890110 240
1890120 239
1890130 239
1890140 239
1890150 238
1890160 238
1890170 238
1890180 238
1890190 238
1890200 237
1890210 236
1890220 236
1890230 234
1890240 233
1890250 233
1890260 231
1890270 230
1890280 230
1890290 228
1890300 228
1890310 228
1890320 228
1890330 229
1890340 229
1890350 230
1890360 231
1890370 231
1890380 231
1890390 230
1890400 230
1890410 230
1890420 229
1890430 229
1890440 228
1890450 227
1890460 227
1890470 226
1890480 225
1890490 225
1890500 224
1890510 223
1890520 223
1890530 222
1890540 222
1890550 222
1890560 221
1890570 220
1890580 220
1890590 219
1890600 218
1890610 215
1890620 214
1890630 213
1890640 213
1890650 213
1890660 212
1890670 212
1890680 211
1890690 211
1890700 211
1890710 210
1890720 210
1890730 210
1890740 210
1890750 209
1890760 209
1890770 209
1890780 209
1890790 209
1890800 208
1890810 208
1890820 208
1890830 208
1890840 207
1890850 207
1890860 207
1890870 207
1890880 207
1890890 207
1890900 207
1890910 207
1890920 207
1890930 202
1890940 202
1890950 202
1890960 201
1890970 201
1890980 201
1890990 200
1891000 200
1891010 200
1891020 200
1891030 200
1891040 200
1891050 200
1891060 200
1891070 200
1891080 200
1891090 200
1891100 201
1891110 201
1891120 201
1891130 201
1891140 200
1891150 200
1891160 199
1891170 198
1891180 198
1891190 197
1891200 196
1891210 196
1891220 196
1891230 196
1891240 196
1891250 194
1891260 194
1891270 194
1891280 193
1891290 192
1891300 192
1891310 191
1891320 190
1891330 190
1891340 190
1891350 190
1891360 190
1891370 190
1891380 190
1891390 190
1891400 190
1891410 190
1891420 190
1891430 190
1891440 190
1891450 190
1891460 190
1891470 190
1891480 190
1891490 190
1891500 190
1891510 190
1891520 191
1891530 192
1891540 192
1891550 193
1891560 189
1891570 189
1891580 189
1891590 188
1891600 188
1891610 187
1891620 186
1891630 186
1891640 186
1891650 185
1891660 185
1891670 185
1891680 184
1891690 184
1891700 184
1891710 183
1891720 183
1891730 183
1891740 182
1891750 182
1891760 182
1891770 181
1891780 181
1891790 181
1891800 181
1891810 181
1891820 181
1891830 180
1891840 180
1891850 180
1891860 179
1891870 179
1891880 177
1891890 176
1891900 176
1891910 176
1891920 175
1891930 174
1891940 174
1891950 174
1891960 173
1891970 173
1891980 172
1891990 171
1892000 171
1892010 171
1892020 170
1892030 170
1892040 170
1892050 170
1892060 170
1892070 169
1892080 169
1892090 169
1892100 169
1892110 168
1892120 168
1892130 168
1892140 167
1892150 167
1892160 167
1892170 166
1892180 166
1892190 166
1892200 164
1892210 164
1892220 164
1892230 163
1892240 163
1892250 163
1892260 162
1892270 162
1892280 162
1892290 162
1892300 162
1892310 162
1892320 162
1892330 162
1892340 161
1892350 161
1892360 161
1892370 161
1892380 161
1892390 161
1892400 162
1892410 163
1892420 163
1892430 164
1892440 168
1892450 168
1892460 169
1892470 170
1892480 170
1892490 173
1892500 175
1892510 175
1892520 177
1892530 177
1892540 177
1892550 177
1892560 177
1892570 177
1892580 177
1892590 178
1892600 178
1892610 179
1892620 181
1892630 181
1892640 182
1892650 183
1892660 183
1892670 183
1892680 183
1892690 183
1892700 182
1892710 182
1892720 182
1892730 180
1892740 178
1892750 178
1892760 177
1892770 175
1892780 175
1892790 175
1892800 176
1892810 176
1892820 177
1892830 177
1892840 177
1892850 178
1892860 179
1892870 179
1892880 180
1892890 183
1892900 183
1892910 186
1892920 188
1892930 188
1892940 190
1892950 193
1892960 193
1892970 196
1892980 198
1892990 198
1893000 200
1893010 202
1893020 202
1893030 203
1893040 205
1893050 205
1893060 206
1893070 207
1893080 207
1893090 207
1893100 208
1893110 208
1893120 208
1893130 207
1893140 207
1893150 204
1893160 203
1893170 203
1893180 201
1893190 199
1893200 199
1893210 197
1893220 197
1893230 197
1893240 195
1893250 196
1893260 196
1893270 196
1893280 197
1893290 197
1893300 200
1893310 204
1893320 204
1893330 208
1893340 212
1893350 212
1893360 216
1893370 219
1893380 219
1893390 222
1893400 224
1893410 224
1893420 227
1893430 230
1893440 230
1893450 232
1893460 233
1893470 232
1893480 232
1893490 231
1893500 231
1893510 230
1893520 227
1893530 227
1893540 225
1893550 224
1893560 224
1893570 223
1893580 223
1893590 223
1893600 227
1893610 231
1893620 231
1893630 236
1893640 240
1893650 240
1893660 245
1893670 246
1893680 246
1893690 246
1893700 246
1893710 246
1893720 246
1893730 246
1893740 246
1893750 246
1893760 246
1893770 246
1893780 244
1893790 245
1893800 245
1893810 244
1893820 244
1893830 244
1893840 244
1893850 244
1893860 244
1893870 244
1893880 243
1893890 243
1893900 241
1893910 241
1893920 241
1893930 240
1893940 239
1893950 239
1893960 237
1893970 236
1893980 236
1893990 235
1894000 233
1894010 233
1894020 232
1894030 230
1894040 230
1894050 229
1894060 227
1894070 227
1894080 226
1894090 225
1894100 222
1894110 221
1894120 219
1894130 219
1894140 217
1894150 215
1894160 215
1894170 212
1894180 209
1894190 209
1894200 206
1894210 203
1894220 203
1894230 200
1894240 198
1894250 198
1894260 196
1894270 193
1894280 193
1894290 191
1894300 189
1894310 189
1894320 187
1894330 185
1894340 185
1894350 183
1894360 180
1894370 180
1894380 178
1894390 180
1894400 180
1894410 180
1894420 176
1894430 176
1894440 175
1894450 174
1894460 174
1894470 172
1894480 170
1894490 170
1894500 168
1894510 168
1894520 168
1894530 167
1894540 164
1894550 164
1894560 163
1894570 163
1894580 163
1894590 162
1894600 158
1894610 158
1894620 153
1894630 149
1894640 149
1894650 148
1894660 146
1894670 146
1894680 144
1894690 142
1894700 142
1894710 142
1894720 142
1894730 142
1894740 142
1894750 142
1894760 142
1894770 142
1894780 142
1894790 142
1894800 142
1894810 142
1894820 142
1894830 142
1894840 138
1894850 138
1894860 137
1894870 137
1894880 137
1894890 137
1894900 137
1894910 137
1894920 136
1894930 136
1894940 136
1894950 136
1894960 137
1894970 138
1894980 138
1894990 138
1895000 138
1895010 138
1895020 138
1895030 138
1895040 138
1895050 138
1895060 139
1895070 139
1895080 139
1895090 139
1895100 139
1895110 139
1895120 138
1895130 138
1895140 138
1895150 138
1895160 138
1895170 138
1895180 138
1895190 138
1895200 138
1895210 138
1895220 138
1895230 138
1895240 138
1895250 138
1895260 138
1895270 138
1895280 138
1895290 138
1895300 138
1895310 138
1895320 138
1895330 138
1895340 138
1895350 138
1895360 138
1895370 138
1895380 138
1895390 138
1895400 138
1895410 138
1895420 138
1895430 138
1895440 138
1895450 138
1895460 138
1895470 138
1895480 138
1895490 138
1895500 138
1895510 138
1895520 138
1895530 138
1895540 138
1895550 138
1895560 138
1895570 139
1895580 139
1895590 138
1895600 138
1895610 138
1895620 138
1895630 137
1895640 137
1895650 137
1895660 137
1895670 137
1895680 137
1895690 137
1895700 137
1895710 138
1895720 138
1895730 138
1895740 138
1895750 138
1895760 138
1895770 138
1895780 138
1895790 138
1895800 138
1895810 137
1895820 137
1895830 137
1895840 137
1895850 137
1895860 137
1895870 136
1895880 136
1895890 136
1895900 136
1895910 136
1895920 136
1895930 136
1895940 136
1895950 136
1895960 136
1895970 136
1895980 136
1895990 136
1896000 136
1896010 137
1896020 137
1896030 137
1896040 137
1896050 138
1896060 138
1896070 138
1896080 138
1896090 138
1896100 139
1896110 139
1896120 139
1896130 139
1896140 139
1896150 139
1896160 139
1896170 139
1896180 139
1896190 139
1896200 138
1896210 138
1896220 138
1896230 138
1896240 138
1896250 139
1896260 139
1896270 139
1896280 139
1896290 139
1896300 139
1896310 139
1896320 139
1896330 139
1896340 138
1896350 138
1896360 138
1896370 138
1896380 138
1896390 138
1896400 138
1896410 138
1896420 138
1896430 138
1896440 138
1896450 138
1896460 138
1896470 138
1896480 138
1896490 138
1896500 138
1896510 138
1896520 139
1896530 139
1896540 139
1896550 139
1896560 139
1896570 139
1896580 139
1896590 139
1896600 139
1896610 139
1896620 139
1896630 139
1896640 139
1896650 139
1896660 139
1896670 138
1896680 138
1896690 138
1896700 138
1896710 138
1896720 138
1896730 138
1896740 138
1896750 138
1896760 138
1896770 138
1896780 138
1896790 138
1896800 138
1896810 138
1896820 138
1896830 138
1896840 138
1896850 138
1896860 138
1896870 138
1896880 137
1896890 137
1896900 137
1896910 137
1896920 137
1896930 137
1896940 137
1896950 138
1896960 138
1896970 138
1896980 138
1896990 138
1897000 138
1897010 138
1897020 138
1897030 138
1897040 138
1897050 138
1897060 138
1897070 138
1897080 138
1897090 138
1897100 138
1897110 138
1897120 138
1897130 138
1897140 138
1897150 138
1897160 138
1897170 138
1897180 138
1897190 138
1897200 138
1897210 138
1897220 138
1897230 138
1897240 138
1897250 138
1897260 138
1897270 138
1897280 138
1897290 138
1897300 138
1897310 138
1897320 138
1897330 138
1897340 138
1897350 138
1897360 138
1897370 138
1897380 138
1897390 138
1897400 138
1897410 138
1897420 138
1897430 138
1897440 138
1897450 138
1897460 138
1897470 138
1897480 137
1897490 137
1897500 137
1897510 137
1897520 137
1897530 137
1897540 138
1897550 138
1897560 138
1897570 138
1897580 138
1897590 138
1897600 138
1897610 138
1897620 138
1897630 138
1897640 138
1897650 138
1897660 138
1897670 138
1897680 138
1897690 137
1897700 137
1897710 137
1897720 137
1897730 137
1897740 137
1897750 138
1897760 137
1897770 137
1897780 138
1897790 138
1897800 138
1897810 138
1897820 138
1897830 138
1897840 138
1897850 138
1897860 138
1897870 138
1897880 137
1897890 137
1897900 138
1897910 138
1897920 138
1897930 138
1897940 137
1897950 137
1897960 136
1897970 137
1897980 137
1897990 138
1898000 138
1898010 138
1898020 137
1898030 136
1898040 136
1898050 136
1898060 136
1898070 136
1898080 137
1898090 138
1898100 138
1898110 138
1898120 138
1898130 138
1898140 138
1898150 138
1898160 137
1898170 137
1898180 137
1898190 138
1898200 138
1898210 138
1898220 138
1898230 138
1898240 138
1898250 138
1898260 138
1898270 138
1898280 138
1898290 138
1898300 138
1898310 138
1898320 138
1898330 138
1898340 139
1898350 139
1898360 139
1898370 139
1898380 139
1898390 138
1898400 138
1898410 138
1898420 138
1898430 138
1898440 138
1898450 138
1898460 138
1898470 138
1898480 138
1898490 138
1898500 138
1898510 138
1898520 138
1898530 138
1898540 138
1898550 138
1898560 138
1898570 138
1898580 137
1898590 137
1898600 137
1898610 137
1898620 137
1898630 137
1898640 137
1898650 137
1898660 137
1898670 137
1898680 137
1898690 137
1898700 137
1898710 137
1898720 137
1898730 137
1898740 137
1898750 138
1898760 138
1898770 138
1898780 137
1898790 137
1898800 137
1898810 136
1898820 137
1898830 137
1898840 137
1898850 136
1898860 136
1898870 136
1898880 138
1898890 138
1898900 138
1898910 139
1898920 139
1898930 139
1898940 138
1898950 138
1898960 138
1898970 138
1898980 138
1898990 138
1899000 138
1899010 138
1899020 138
1899030 138
1899040 138
1899050 137
1899060 137
1899070 137
1899080 137
1899090 137
1899100 137
1899110 137
1899120 137
1899130 137
1899140 137
1899150 137
1899160 137
1899170 137
1899180 137
1899190 137
1899200 137
1899210 137
1899220 137
1899230 137
1899240 137
1899250 137
1899260 137
1899270 137
1899280 137
1899290 137
1899300 137
1899310 137
1899320 137
1899330 137
1899340 137
1899350 137
1899360 138
1899370 138
1899380 138
1899390 138
1899400 138
1899410 138
1899420 138
1899430 138
1899440 138
1899450 138
1899460 138
1899470 137
1899480 135
1899490 135
1899500 134
1899510 134
1899520 134
1899530 134
1899540 134
1899550 134
1899560 135
1899570 135
1899580 135
1899590 135
1899600 135
1899610 135
1899620 135
1899630 136
1899640 136
1899650 137
1899660 136
1899670 136
1899680 136
1899690 135
1899700 135
1899710 135
1899720 136
1899730 136
1899740 136
