1880000 142
1880010 142
1880020 142
1880030 142
1880040 142
1880050 142
1880060 142
1880070 142
1880080 142
1880090 142
1880100 142
1880110 142
1880120 142
1880130 142
1880140 142
1880150 142
1880160 143
1880170 143
1880180 143
1880190 143
1880200 143
1880210 143
1880220 142
1880230 142
1880240 140
1880250 139
1880260 139
1880270 139
1880280 139
1880290 139
1880300 139
1880310 139
1880320 139
1880330 139
1880340 139
1880350 139
1880360 141
1880370 143
1880380 143
1880390 143
1880400 143
1880410 143
1880420 143
1880430 143
1880440 143
1880450 143
1880460 142
1880470 142
1880480 142
1880490 142
1880500 142
1880510 142
1880520 142
1880530 142
1880540 142
1880550 143
1880560 143
1880570 143
1880580 142
1880590 142
1880600 142
1880610 142
1880620 142
1880630 142
1880640 142
1880650 142
1880660 142
1880670 142
1880680 142
1880690 142
1880700 142
1880710 142
1880720 142
1880730 142
1880740 142
1880750 143
1880760 143
1880770 143
1880780 143
1880790 142
1880800 142
1880810 142
1880820 142
1880830 142
1880840 141
1880850 139
1880860 139
1880870 140
1880880 141
1880890 141
1880900 140
1880910 139
1880920 139
1880930 139
1880940 140
1880950 140
1880960 141
1880970 145
1880980 145
1880990 152
1881000 159
1881010 159
1881020 162
1881030 163
1881040 163
1881050 166
1881060 167
1881070 167
1881080 167
1881090 168
1881100 168
1881110 168
1881120 169
1881130 169
1881140 169
1881150 170
1881160 169
1881170 170
1881180 170
1881190 170
1881200 169
1881210 169
1881220 169
1881230 169
1881240 169
1881250 169
1881260 168
1881270 168
1881280 168
1881290 167
1881300 167
1881310 167
1881320 166
1881330 166
1881340 166
1881350 166
1881360 165
1881370 165
1881380 165
1881390 164
1881400 164
1881410 164
1881420 163
1881430 163
1881440 162
1881450 162
1881460 162
1881470 162
1881480 162
1881490 162
1881500 161
1881510 161
1881520 161
1881530 160
1881540 160
1881550 160
1881560 159
1881570 158
1881580 158
1881590 158
1881600 158
1881610 158
1881620 157
1881630 156
1881640 156
1881650 153
1881660 152
1881670 152
1881680 152
1881690 151
1881700 151
1881710 150
1881720 149
1881730 149
1881740 150
1881750 150
1881760 150
1881770 151
1881780 150
1881790 150
1881800 150
1881810 149
1881820 149
1881830 149
1881840 149
1881850 149
1881860 148
1881870 149
1881880 149
1881890 149
1881900 148
1881910 148
1881920 148
1881930 148
1881940 148
1881950 148
1881960 148
1881970 148
1881980 148
1881990 149
1882000 149
1882010 149
1882020 150
1882030 150
1882040 150
1882050 150
1882060 150
1882070 150
1882080 150
1882090 150
1882100 151
1882110 151
1882120 151
1882130 151
1882140 152
1882150 152
1882160 152
1882170 152
1882180 152
1882190 152
1882200 153
1882210 153
1882220 153
1882230 153
1882240 153
1882250 154
1882260 155
1882270 155
1882280 156
1882290 158
1882300 158
1882310 160
1882320 161
1882330 161
1882340 162
1882350 164
1882360 164
1882370 165
1882380 166
1882390 166
1882400 166
1882410 167
1882420 167
1882430 166
1882440 165
1882450 165
1882460 170
1882470 171
1882480 171
1882490 171
1882500 171
1882510 171
1882520 171
1882530 172
1882540 175
1882550 175
1882560 178
1882570 181
1882580 181
1882590 182
1882600 182
1882610 182
1882620 184
1882630 185
1882640 185
1882650 186
1882660 187
1882670 187
1882680 189
1882690 190
1882700 190
1882710 190
1882720 190
1882730 190
1882740 191
1882750 194
1882760 194
1882770 195
1882780 194
1882790 194
1882800 196
1882810 196
1882820 196
1882830 197
1882840 197
1882850 197
1882860 200
1882870 203
1882880 203
1882890 197
1882900 192
1882910 192
1882920 196
1882930 198
1882940 198
1882950 198
1882960 199
1882970 199
1882980 199
1882990 199
1883000 199
1883010 199
1883020 200
1883030 200
1883040 200
1883050 199
1883060 199
1883070 203
1883080 210
1883090 210
1883100 213
1883110 212
1883120 212
1883130 213
1883140 214
1883150 214
1883160 214
1883170 213
1883180 213
1883190 214
1883200 218
1883210 218
1883220 224
1883230 229
1883240 229
1883250 229
1883260 222
1883270 222
1883280 214
1883290 213
1883300 213
1883310 210
1883320 196
1883330 196
1883340 192
1883350 193
1883360 193
1883370 198
1883380 203
1883390 203
1883400 210
1883410 213
1883420 213
1883430 212
1883440 213
1883450 213
1883460 213
1883470 213
1883480 213
1883490 217
1883500 225
1883510 225
1883520 231
1883530 231
1883540 231
1883550 232
1883560 232
1883570 232
1883580 232
1883590 238
1883600 238
1883610 247
1883620 253
1883630 253
1883640 255
1883650 254
1883660 254
1883670 254
1883680 255
1883690 255
1883700 258
1883710 264
1883720 264
1883730 265
1883740 268
1883750 268
1883760 280
1883770 286
1883780 286
1883790 299
1883800 307
1883810 307
1883820 312
1883830 310
1883840 310
1883850 308
1883860 304
1883870 304
1883880 301
1883890 298
1883900 298
1883910 297
1883920 297
1883930 297
1883940 297
1883950 294
1883960 294
1883970 290
1883980 286
1883990 286
1884000 283
1884010 281
1884020 281
1884030 279
1884040 278
1884050 278
1884060 278
1884070 279
1884080 277
1884090 277
1884100 273
1884110 273
1884120 269
1884130 264
1884140 264
1884150 260
1884160 257
1884170 257
1884180 253
1884190 252
1884200 252
1884210 252
1884220 247
1884230 247
1884240 247
1884250 248
1884260 248
1884270 253
1884280 257
1884290 257
1884300 259
1884310 264
1884320 264
1884330 269
1884340 273
1884350 273
1884360 276
1884370 280
1884380 280
1884390 282
1884400 282
1884410 278
1884420 279
1884430 278
1884440 278
1884450 277
1884460 275
1884470 275
1884480 274
1884490 273
1884500 273
1884510 274
1884520 279
1884530 279
1884540 284
1884550 289
1884560 289
1884570 295
1884580 302
1884590 302
1884600 305
1884610 303
1884620 303
1884630 301
1884640 299
1884650 299
1884660 299
1884670 301
1884680 301
1884690 305
1884700 310
1884710 310
1884720 316
1884730 327
1884740 327
1884750 334
1884760 338
1884770 338
1884780 341
1884790 346
1884800 346
1884810 351
1884820 354
1884830 354
1884840 357
1884850 361
1884860 361
1884870 365
1884880 369
1884890 369
1884900 372
1884910 375
1884920 375
1884930 378
1884940 381
1884950 381
1884960 384
1884970 386
1884980 386
1884990 389
1885000 392
1885010 392
1885020 394
1885030 397
1885040 397
1885050 402
1885060 405
1885070 405
1885080 407
1885090 409
1885100 409
1885110 411
1885120 413
1885130 413
1885140 415
1885150 418
1885160 418
1885170 420
1885180 422
1885190 422
1885200 424
1885210 426
1885220 426
1885230 429
1885240 431
1885250 431
1885260 433
1885270 436
1885280 436
1885290 438
1885300 441
1885310 441
1885320 444
1885330 447
1885340 447
1885350 450
1885360 453
1885370 453
1885380 456
1885390 458
1885400 458
1885410 460
1885420 463
1885430 463
1885440 465
1885450 467
1885460 467
1885470 469
1885480 471
1885490 471
1885500 472
1885510 474
1885520 474
1885530 475
1885540 476
1885550 476
1885560 477
1885570 478
1885580 478
1885590 478
1885600 478
1885610 478
1885620 478
1885630 477
1885640 476
1885650 476
1885660 474
1885670 472
1885680 472
1885690 470
1885700 466
1885710 466
1885720 463
1885730 461
1885740 461
1885750 459
1885760 458
1885770 458
1885780 456
1885790 454
1885800 454
1885810 452
1885820 451
1885830 451
1885840 449
1885850 448
1885860 448
1885870 446
1885880 443
1885890 443
1885900 437
1885910 430
1885920 430
1885930 423
1885940 416
1885950 416
1885960 410
1885970 405
1885980 405
1885990 401
1886000 398
1886010 398
1886020 392
1886030 389
1886040 389
1886050 385
1886060 382
1886070 382
1886080 379
1886090 376
1886100 376
1886110 373
1886120 371
1886130 371
1886140 370
1886150 370
1886160 370
1886170 370
1886180 371
1886190 371
1886200 373
1886210 375
1886220 375
1886230 375
1886240 375
1886250 375
1886260 375
1886270 374
1886280 374
1886290 373
1886300 371
1886310 371
1886320 367
1886330 364
1886340 362
1886350 360
1886360 358
1886370 358
1886380 356
1886390 353
1886400 353
1886410 351
1886420 349
1886430 349
1886440 347
1886450 345
1886460 345
1886470 344
1886480 342
1886490 342
1886500 341
1886510 339
1886520 339
1886530 338
1886540 338
1886550 338
1886560 337
1886570 335
1886580 335
1886590 333
1886600 330
1886610 330
1886620 324
1886630 318
1886640 318
1886650 312
1886660 306
1886670 307
1886680 302
1886690 296
1886700 296
1886710 290
1886720 285
1886730 285
1886740 281
1886750 277
1886760 277
1886770 273
1886780 269
1886790 269
1886800 268
1886810 268
1886820 268
1886830 270
1886840 275
1886850 275
1886860 280
1886870 285
1886880 285
1886890 290
1886900 294
1886910 294
1886920 299
1886930 302
1886940 302
1886950 304
1886960 306
1886970 306
1886980 310
1886990 308
1887000 308
1887010 308
1887020 308
1887030 308
1887040 310
1887050 311
1887060 311
1887070 313
1887080 314
1887090 314
1887100 314
1887110 314
1887120 314
1887130 313
1887140 311
1887150 311
1887160 309
1887170 307
1887180 307
1887190 304
1887200 301
1887210 301
1887220 297
1887230 292
1887240 292
1887250 287
1887260 282
1887270 282
1887280 276
1887290 270
1887300 270
1887310 264
1887320 260
1887330 260
1887340 262
1887350 267
1887360 267
1887370 272
1887380 277
1887390 277
1887400 282
1887410 287
1887420 287
1887430 291
1887440 294
1887450 294
1887460 296
1887470 298
1887480 298
1887490 299
1887500 301
1887510 301
1887520 302
1887530 303
1887540 303
1887550 303
1887560 302
1887570 302
1887580 300
1887590 297
1887600 297
1887610 294
1887620 291
1887630 290
1887640 287
1887650 283
1887660 283
1887670 277
1887680 273
1887690 273
1887700 270
1887710 268
1887720 268
1887730 269
1887740 271
1887750 271
1887760 275
1887770 278
1887780 278
1887790 280
1887800 279
1887810 279
1887820 276
1887830 271
1887840 271
1887850 265
1887860 259
1887870 259
1887880 253
1887890 248
1887900 248
1887910 243
1887920 238
1887930 238
1887940 234
1887950 233
1887960 233
1887970 230
1887980 226
1887990 226
1888000 223
1888010 221
1888020 221
1888030 218
1888040 219
1888050 219
1888060 222
1888070 225
1888080 225
1888090 228
1888100 231
1888110 231
1888120 234
1888130 237
1888140 237
1888150 239
1888160 242
1888170 242
1888180 242
1888190 241
1888200 241
1888210 238
1888220 235
1888230 235
1888240 232
1888250 229
1888260 229
1888270 223
1888280 219
1888290 219
1888300 215
1888310 210
1888320 210
1888330 209
1888340 209
1888350 209
1888360 210
1888370 211
1888380 211
1888390 212
1888400 213
1888410 213
1888420 214
1888430 214
1888440 214
1888450 215
1888460 215
1888470 215
1888480 216
1888490 217
1888500 217
1888510 222
1888520 225
1888530 225
1888540 227
1888550 229
1888560 229
1888570 230
1888580 231
1888590 228
1888600 228
1888610 228
1888620 228
1888630 226
1888640 224
1888650 224
1888660 227
1888670 227
1888680 227
1888690 227
1888700 227
1888710 227
1888720 227
1888730 228
1888740 228
1888750 228
1888760 228
1888770 229
1888780 229
1888790 229
1888800 230
1888810 230
1888820 231
1888830 233
1888840 233
1888850 237
1888860 239
1888870 239
1888880 241
1888890 244
1888900 244
1888910 251
1888920 255
1888930 255
1888940 258
1888950 260
1888960 260
1888970 263
1888980 266
1888990 266
1889000 270
1889010 274
1889020 274
1889030 276
1889040 279
1889050 279
1889060 282
1889070 284
1889080 284
1889090 285
1889100 286
1889110 286
1889120 286
1889130 283
1889140 283
1889150 278
1889160 272
1889170 272
1889180 267
1889190 262
1889200 262
1889210 258
1889220 255
1889230 253
1889240 249
1889250 247
1889260 247
1889270 245
1889280 244
1889290 244
1889300 243
1889310 243
1889320 243
1889330 242
1889340 241
1889350 241
1889360 246
1889370 249
1889380 249
1889390 250
1889400 251
1889410 251
1889420 251
1889430 251
1889440 251
1889450 251
1889460 250
1889470 250
1889480 249
1889490 248
1889500 248
1889510 247
1889520 246
1889530 246
1889540 245
1889550 240
1889560 240
1889570 238
1889580 236
1889590 236
1889600 233
1889610 231
1889620 231
1889630 228
1889640 225
1889650 225
1889660 222
1889670 221
1889680 221
1889690 218
1889700 215
1889710 215
1889720 212
1889730 210
1889740 210
1889750 207
1889760 205
1889770 205
1889780 204
1889790 203
1889800 203
1889810 201
1889820 200
1889830 200
1889840 198
1889850 196
1889860 196
1889870 192
1889880 189
1889890 189
1889900 190
1889910 194
1889920 194
1889930 195
1889940 195
1889950 195
1889960 194
1889970 193
1889980 193
1889990 192
1890000 191
1890010 191
1890020 191
1890030 190
1890040 190
1890050 190
1890060 189
1890070 189
1890080 188
1890090 187
1890100 187
1890110 186
1890120 184
1890130 184
1890140 184
1890150 183
1890160 183
1890170 183
1890180 183
1890190 182
1890200 183
1890210 183
1890220 183
1890230 183
1890240 183
1890250 183
1890260 183
1890270 182
1890280 182
1890290 182
1890300 181
1890310 181
1890320 180
1890330 179
1890340 179
1890350 179
1890360 178
1890370 178
1890380 178
1890390 178
1890400 178
1890410 178
1890420 177
1890430 177
1890440 177
1890450 177
1890460 177
1890470 177
1890480 177
1890490 177
1890500 177
1890510 176
1890520 176
1890530 176
1890540 176
1890550 176
1890560 176
1890570 176
1890580 176
1890590 176
1890600 176
1890610 176
1890620 176
1890630 176
1890640 176
1890650 176
1890660 176
1890670 176
1890680 176
1890690 176
1890700 176
1890710 176
1890720 175
1890730 175
1890740 175
1890750 175
1890760 175
1890770 174
1890780 174
1890790 174
1890800 174
1890810 174
1890820 174
1890830 173
1890840 172
1890850 172
1890860 172
1890870 172
1890880 172
1890890 171
1890900 171
1890910 171
1890920 171
1890930 171
1890940 171
1890950 171
1890960 171
1890970 171
1890980 170
1890990 170
1891000 170
1891010 170
1891020 170
1891030 170
1891040 169
1891050 169
1891060 169
1891070 169
1891080 169
1891090 169
1891100 168
1891110 168
1891120 168
1891130 168
1891140 168
1891150 167
1891160 167
1891170 167
1891180 167
1891190 167
1891200 167
1891210 167
1891220 166
1891230 166
1891240 166
1891250 166
1891260 166
1891270 166
1891280 166
1891290 166
1891300 166
1891310 165
1891320 165
1891330 165
1891340 165
1891350 165
1891360 165
1891370 165
1891380 165
1891390 165
1891400 165
1891410 165
1891420 165
1891430 165
1891440 165
1891450 165
1891460 165
1891470 165
1891480 165
1891490 165
1891500 165
1891510 165
1891520 165
1891530 165
1891540 165
1891550 165
1891560 165
1891570 165
1891580 166
1891590 165
1891600 165
1891610 165
1891620 165
1891630 165
1891640 165
1891650 165
1891660 165
1891670 165
1891680 165
1891690 165
1891700 164
1891710 164
1891720 164
1891730 164
1891740 164
1891750 164
1891760 163
1891770 163
1891780 163
1891790 162
1891800 162
1891810 162
1891820 162
1891830 162
1891840 162
1891850 162
1891860 162
1891870 161
1891880 161
1891890 161
1891900 161
1891910 161
1891920 161
1891930 161
1891940 161
1891950 161
1891960 161
1891970 161
1891980 161
1891990 161
1892000 161
1892010 161
1892020 161
1892030 161
1892040 161
1892050 161
1892060 161
1892070 161
1892080 161
1892090 161
1892100 161
1892110 161
1892120 161
1892130 160
1892140 160
1892150 160
1892160 160
1892170 160
1892180 160
1892190 160
1892200 159
1892210 159
1892220 159
1892230 159
1892240 159
1892250 158
1892260 158
1892270 158
1892280 158
1892290 158
1892300 158
1892310 158
1892320 159
1892330 159
1892340 159
1892350 159
1892360 159
1892370 162
1892380 162
1892390 162
1892400 163
1892410 163
1892420 163
1892430 163
1892440 164
1892450 164
1892460 164
1892470 164
1892480 164
1892490 164
1892500 164
1892510 164
1892520 164
1892530 164
1892540 164
1892550 164
1892560 164
1892570 164
1892580 164
1892590 164
1892600 164
1892610 164
1892620 164
1892630 164
1892640 164
1892650 165
1892660 165
1892670 165
1892680 166
1892690 166
1892700 166
1892710 167
1892720 167
1892730 167
1892740 167
1892750 167
1892760 168
1892770 168
1892780 168
1892790 169
1892800 170
1892810 170
1892820 170
1892830 170
1892840 170
1892850 170
1892860 170
1892870 170
1892880 172
1892890 173
1892900 173
1892910 174
1892920 175
1892930 175
1892940 175
1892950 176
1892960 176
1892970 176
1892980 176
1892990 176
1893000 176
1893010 176
1893020 176
1893030 176
1893040 176
1893050 175
1893060 174
1893070 174
1893080 174
1893090 174
1893100 171
1893110 171
1893120 168
1893130 170
1893140 170
1893150 174
1893160 177
1893170 177
1893180 179
1893190 180
1893200 180
1893210 181
1893220 181
1893230 181
1893240 181
1893250 182
1893260 182
1893270 182
1893280 182
1893290 182
1893300 183
1893310 182
1893320 182
1893330 182
1893340 182
1893350 182
1893360 182
1893370 179
1893380 179
1893390 178
1893400 178
1893410 178
1893420 176
1893430 172
1893440 172
1893450 174
1893460 177
1893470 177
1893480 179
1893490 181
1893500 181
1893510 182
1893520 183
1893530 183
1893540 183
1893550 184
1893560 184
1893570 185
1893580 185
1893590 185
1893600 184
1893610 184
1893620 184
1893630 182
1893640 181
1893650 181
1893660 179
1893670 178
1893680 178
1893690 173
1893700 172
1893710 172
1893720 171
1893730 171
1893740 171
1893750 170
1893760 169
1893770 169
1893780 169
1893790 169
1893800 169
1893810 169
1893820 168
1893830 168
1893840 168
1893850 167
1893860 167
1893870 167
1893880 166
1893890 166
1893900 165
1893910 165
1893920 165
1893930 164
1893940 163
1893950 163
1893960 163
1893970 162
1893980 162
1893990 161
1894000 159
1894010 159
1894020 158
1894030 158
1894040 158
1894050 157
1894060 157
1894070 157
1894080 157
1894090 156
1894100 156
1894110 155
1894120 155
1894130 155
1894140 154
1894150 154
1894160 154
1894170 154
1894180 153
1894190 153
1894200 153
1894210 152
1894220 152
1894230 151
1894240 151
1894250 151
1894260 150
1894270 149
1894280 149
1894290 146
1894300 144
1894310 144
1894320 142
1894330 142
1894340 142
1894350 142
1894360 142
1894370 142
1894380 142
1894390 142
1894400 142
1894410 140
1894420 138
1894430 138
1894440 137
1894450 137
1894460 137
1894470 137
1894480 137
1894490 137
1894500 137
1894510 136
1894520 136
1894530 137
1894540 137
1894550 137
1894560 137
1894570 137
1894580 137
1894590 137
1894600 138
1894610 138
1894620 138
1894630 139
1894640 138
1894650 138
1894660 138
1894670 138
1894680 138
1894690 138
1894700 138
1894710 138
1894720 138
1894730 138
1894740 138
1894750 139
1894760 139
1894770 138
1894780 137
1894790 137
1894800 137
1894810 137
1894820 137
1894830 138
1894840 138
1894850 138
1894860 138
1894870 138
1894880 138
1894890 138
1894900 138
1894910 138
1894920 139
1894930 139
1894940 139
1894950 139
1894960 139
1894970 139
1894980 139
1894990 139
1895000 139
1895010 139
1895020 139
1895030 139
1895040 139
1895050 139
1895060 139
1895070 139
1895080 139
1895090 139
1895100 139
1895110 139
1895120 138
1895130 138
1895140 138
1895150 138
1895160 138
1895170 137
1895180 137
1895190 137
1895200 137
1895210 137
1895220 137
1895230 138
1895240 138
1895250 138
1895260 137
1895270 139
1895280 139
1895290 139
1895300 139
1895310 139
1895320 139
1895330 139
1895340 139
1895350 139
1895360 139
1895370 139
1895380 139
1895390 139
1895400 139
1895410 139
1895420 139
1895430 139
1895440 139
1895450 139
1895460 139
1895470 139
1895480 139
1895490 139
1895500 139
1895510 138
1895520 138
1895530 138
1895540 139
1895550 139
1895560 139
1895570 138
1895580 138
1895590 138
1895600 138
1895610 138
1895620 138
1895630 138
1895640 138
1895650 138
1895660 138
1895670 138
1895680 138
1895690 138
1895700 138
1895710 138
1895720 138
1895730 138
1895740 138
1895750 138
1895760 138
1895770 138
1895780 137
1895790 137
1895800 138
1895810 138
1895820 138
1895830 138
1895840 138
1895850 138
1895860 138
1895870 138
1895880 138
1895890 138
1895900 138
1895910 138
1895920 138
1895930 137
1895940 137
1895950 137
1895960 138
1895970 138
1895980 138
1895990 138
1896000 138
1896010 138
1896020 138
1896030 138
1896040 138
1896050 138
1896060 138
1896070 138
1896080 138
1896090 138
1896100 138
1896110 137
1896120 137
1896130 138
1896140 137
1896150 137
1896160 136
1896170 136
1896180 136
1896190 136
1896200 136
1896210 136
1896220 136
1896230 136
1896240 136
1896250 136
1896260 136
1896270 136
1896280 137
1896290 137
1896300 137
1896310 138
1896320 139
1896330 139
1896340 139
1896350 139
1896360 139
1896370 139
1896380 139
1896390 139
1896400 138
1896410 138
1896420 138
1896430 138
1896440 139
1896450 139
1896460 139
1896470 139
1896480 139
1896490 139
1896500 139
1896510 139
1896520 138
1896530 138
1896540 138
1896550 138
1896560 138
1896570 138
1896580 139
1896590 138
1896600 138
1896610 138
1896620 138
1896630 138
1896640 138
1896650 138
1896660 138
1896670 138
1896680 138
1896690 138
1896700 138
1896710 138
1896720 138
1896730 138
1896740 138
1896750 138
1896760 138
1896770 138
1896780 138
1896790 138
1896800 138
1896810 138
1896820 138
1896830 138
1896840 138
1896850 138
1896860 138
1896870 138
1896880 138
1896890 138
1896900 138
1896910 138
1896920 138
1896930 138
1896940 138
1896950 138
1896960 138
1896970 138
1896980 138
1896990 138
1897000 138
1897010 138
1897020 138
1897030 138
1897040 138
1897050 138
1897060 138
1897070 138
1897080 138
1897090 138
1897100 138
1897110 138
1897120 138
1897130 138
1897140 138
1897150 138
1897160 138
1897170 138
1897180 138
1897190 138
1897200 138
1897210 138
1897220 138
1897230 138
1897240 138
1897250 138
1897260 138
1897270 138
1897280 138
1897290 138
1897300 138
1897310 138
1897320 138
1897330 138
1897340 138
1897350 138
1897360 138
1897370 138
1897380 138
1897390 138
1897400 138
1897410 138
1897420 138
1897430 138
1897440 138
1897450 138
1897460 138
1897470 138
1897480 138
1897490 138
1897500 138
1897510 138
1897520 138
1897530 138
1897540 138
1897550 138
1897560 138
1897570 138
1897580 138
1897590 138
1897600 138
1897610 138
1897620 138
1897630 138
1897640 138
1897650 138
1897660 138
1897670 138
1897680 138
1897690 138
1897700 138
1897710 138
1897720 138
1897730 138
1897740 138
1897750 138
1897760 138
1897770 138
1897780 138
1897790 138
1897800 138
1897810 138
1897820 138
1897830 138
1897840 138
1897850 138
1897860 138
1897870 138
1897880 138
1897890 138
1897900 138
1897910 138
1897920 138
1897930 138
1897940 138
1897950 138
1897960 138
1897970 138
1897980 138
1897990 138
1898000 138
1898010 138
1898020 137
1898030 137
1898040 137
1898050 137
1898060 137
1898070 137
1898080 137
1898090 137
1898100 137
1898110 137
1898120 137
1898130 137
1898140 137
1898150 137
1898160 137
1898170 137
1898180 137
1898190 137
1898200 137
1898210 137
1898220 137
1898230 137
1898240 137
1898250 137
1898260 137
1898270 137
1898280 137
1898290 137
1898300 138
1898310 138
1898320 138
1898330 138
1898340 138
1898350 138
1898360 138
1898370 138
1898380 138
1898390 137
1898400 137
1898410 137
1898420 137
1898430 137
1898440 137
1898450 138
1898460 138
1898470 138
1898480 138
1898490 138
1898500 138
1898510 137
1898520 137
1898530 137
1898540 137
1898550 137
1898560 137
1898570 137
1898580 137
1898590 137
1898600 136
1898610 136
1898620 136
1898630 137
1898640 137
1898650 137
1898660 137
1898670 137
1898680 137
1898690 137
1898700 137
1898710 137
1898720 137
1898730 137
1898740 137
1898750 137
1898760 137
1898770 137
1898780 137
1898790 137
1898800 137
1898810 137
1898820 137
1898830 137
1898840 137
1898850 137
1898860 137
1898870 137
1898880 137
1898890 137
1898900 137
1898910 137
1898920 137
1898930 137
1898940 137
1898950 137
1898960 138
1898970 138
1898980 138
1898990 138
1899000 138
1899010 138
1899020 138
1899030 138
1899040 138
1899050 138
1899060 138
1899070 138
1899080 138
1899090 138
1899100 138
1899110 138
1899120 138
1899130 138
1899140 138
1899150 136
1899160 136
1899170 135
1899180 135
1899190 135
1899200 134
1899210 134
1899220 134
1899230 134
1899240 134
1899250 134
1899260 135
1899270 135
1899280 135
1899290 135
1899300 135
1899310 135
1899320 135
1899330 134
1899340 134
1899350 134
1899360 135
1899370 135
1899380 135
1899390 135
1899400 135
1899410 136
1899420 136
1899430 136
1899440 136
1899450 136
1899460 136
1899470 136
1899480 136
1899490 136
1899500 137
