1880000 143
1880010 142
1880020 142
1880030 142
1880040 142
1880050 141
1880060 141
1880070 139
1880080 139
1880090 139
1880100 139
1880110 139
1880120 139
1880130 139
1880140 139
1880150 139
1880160 140
1880170 140
1880180 140
1880190 143
1880200 143
1880210 143
1880220 143
1880230 143
1880240 143
1880250 143
1880260 143
1880270 143
1880280 143
1880290 143
1880300 143
1880310 143
1880320 143
1880330 143
1880340 143
1880350 142
1880360 142
1880370 143
1880380 143
1880390 143
1880400 142
1880410 139
1880420 139
1880430 139
1880440 140
1880450 140
1880460 141
1880470 141
1880480 141
1880490 141
1880500 143
1880510 143
1880520 143
1880530 143
1880540 144
1880550 144
1880560 145
1880570 147
1880580 147
1880590 150
1880600 153
1880610 153
1880620 156
1880630 159
1880640 159
1880650 161
1880660 161
1880670 161
1880680 161
1880690 162
1880700 162
1880710 162
1880720 162
1880730 162
1880740 163
1880750 163
1880760 163
1880770 164
1880780 165
1880790 165
1880800 166
1880810 167
1880820 167
1880830 168
1880840 168
1880850 168
1880860 168
1880870 169
1880880 169
1880890 170
1880900 170
1880910 170
1880920 171
1880930 172
1880940 172
1880950 173
1880960 173
1880970 173
1880980 174
1880990 174
1881000 174
1881010 175
1881020 175
1881030 175
1881040 176
1881050 176
1881060 176
1881070 176
1881080 176
1881090 176
1881100 176
1881110 176
1881120 176
1881130 176
1881140 175
1881150 175
1881160 175
1881170 174
1881180 174
1881190 173
1881200 170
1881210 170
1881220 170
1881230 170
1881240 170
1881250 169
1881260 168
1881270 168
1881280 168
1881290 167
1881300 167
1881310 166
1881320 165
1881330 165
1881340 164
1881350 164
1881360 164
1881370 163
1881380 162
1881390 162
1881400 161
1881410 161
1881420 161
1881430 160
1881440 160
1881450 160
1881460 159
1881470 159
1881480 159
1881490 158
1881500 158
1881510 158
1881520 157
1881530 157
1881540 157
1881550 156
1881560 156
1881570 156
1881580 155
1881590 155
1881600 155
1881610 154
1881620 154
1881630 154
1881640 153
1881650 153
1881660 153
1881670 152
1881680 152
1881690 152
1881700 151
1881710 150
1881720 150
1881730 150
1881740 150
1881750 150
1881760 150
1881770 151
1881780 151
1881790 152
1881800 152
1881810 152
1881820 152
1881830 152
1881840 152
1881850 152
1881860 152
1881870 152
1881880 153
1881890 154
1881900 154
1881910 154
1881920 155
1881930 155
1881940 156
1881950 156
1881960 156
1881970 156
1881980 157
1881990 157
1882000 157
1882010 157
1882020 157
1882030 157
1882040 157
1882050 157
1882060 157
1882070 158
1882080 158
1882090 157
1882100 157
1882110 157
1882120 157
1882130 157
1882140 157
1882150 157
1882160 157
1882170 157
1882180 157
1882190 158
1882200 158
1882210 158
1882220 158
1882230 158
1882240 158
1882250 158
1882260 158
1882270 158
1882280 158
1882290 158
1882300 159
1882310 159
1882320 159
1882330 159
1882340 159
1882350 159
1882360 160
1882370 160
1882380 160
1882390 160
1882400 161
1882410 161
1882420 166
1882430 162
1882440 165
1882450 162
1882460 162
1882470 162
1882480 163
1882490 168
1882500 168
1882510 169
1882520 167
1882530 167
1882540 164
1882550 164
1882560 164
1882570 165
1882580 165
1882590 165
1882600 166
1882610 167
1882620 167
1882630 167
1882640 168
1882650 168
1882660 169
1882670 169
1882680 169
1882690 171
1882700 172
1882710 172
1882720 172
1882730 174
1882740 174
1882750 174
1882760 173
1882770 173
1882780 174
1882790 175
1882800 175
1882810 175
1882820 176
1882830 176
1882840 176
1882850 177
1882860 177
1882870 177
1882880 178
1882890 178
1882900 178
1882910 179
1882920 179
1882930 179
1882940 180
1882950 180
1882960 180
1882970 182
1882980 182
1882990 183
1883000 184
1883010 184
1883020 185
1883030 186
1883040 186
1883050 190
1883060 194
1883070 194
1883080 198
1883090 204
1883100 204
1883110 207
1883120 209
1883130 209
1883140 212
1883150 213
1883160 213
1883170 214
1883180 215
1883190 215
1883200 216
1883210 217
1883220 217
1883230 220
1883240 222
1883250 222
1883260 225
1883270 227
1883280 227
1883290 226
1883300 229
1883310 229
1883320 232
1883330 234
1883340 234
1883350 235
1883360 239
1883370 239
1883380 242
1883390 246
1883400 246
1883410 250
1883420 256
1883430 256
1883440 258
1883450 259
1883460 258
1883470 258
1883480 259
1883490 260
1883500 260
1883510 263
1883520 269
1883530 269
1883540 275
1883550 278
1883560 278
1883570 280
1883580 282
1883590 282
1883600 283
1883610 284
1883620 284
1883630 285
1883640 286
1883650 286
1883660 287
1883670 287
1883680 287
1883690 288
1883700 288
1883710 288
1883720 289
1883730 289
1883740 291
1883750 292
1883760 293
1883770 293
1883780 293
1883790 292
1883800 292
1883810 290
1883820 287
1883830 287
1883840 284
1883850 283
1883860 283
1883870 283
1883880 285
1883890 285
1883900 288
1883910 290
1883920 290
1883930 291
1883940 293
1883950 293
1883960 296
1883970 298
1883980 298
1883990 300
1884000 301
1884010 301
1884020 304
1884030 305
1884040 305
1884050 301
1884060 295
1884070 292
1884080 291
1884090 291
1884100 291
1884110 291
1884120 291
1884130 291
1884140 291
1884150 291
1884160 291
1884170 291
1884180 291
1884190 291
1884200 293
1884210 299
1884220 299
1884230 309
1884240 317
1884250 317
1884260 318
1884270 320
1884280 320
1884290 321
1884300 321
1884310 321
1884320 322
1884330 324
1884340 324
1884350 325
1884360 327
1884370 327
1884380 328
1884390 329
1884400 329
1884410 329
1884420 329
1884430 329
1884440 327
1884450 326
1884460 326
1884470 324
1884480 323
1884490 323
1884500 321
1884510 319
1884520 319
1884530 318
1884540 315
1884550 315
1884560 315
1884570 314
1884580 314
1884590 313
1884600 310
1884610 310
1884620 311
1884630 314
1884640 314
1884650 318
1884660 319
1884670 319
1884680 318
1884690 314
1884700 314
1884710 311
1884720 310
1884730 310
1884740 310
1884750 310
1884760 310
1884770 311
1884780 318
1884790 318
1884800 326
1884810 327
1884820 327
1884830 328
1884840 329
1884850 329
1884860 334
1884870 340
1884880 340
1884890 345
1884900 349
1884910 349
1884920 351
1884930 354
1884940 354
1884950 357
1884960 359
1884970 359
1884980 361
1884990 363
1885000 363
1885010 365
1885020 367
1885030 367
1885040 371
1885050 371
1885060 371
1885070 374
1885080 377
1885090 377
1885100 380
1885110 382
1885120 382
1885130 384
1885140 386
1885150 386
1885160 388
1885170 390
1885180 390
1885190 392
1885200 395
1885210 395
1885220 397
1885230 399
1885240 399
1885250 402
1885260 404
1885270 404
1885280 406
1885290 409
1885300 409
1885310 411
1885320 414
1885330 414
1885340 416
1885350 418
1885360 419
1885370 421
1885380 423
1885390 423
1885400 425
1885410 427
1885420 427
1885430 428
1885440 430
1885450 430
1885460 432
1885470 434
1885480 434
1885490 436
1885500 437
1885510 437
1885520 439
1885530 440
1885540 440
1885550 442
1885560 444
1885570 444
1885580 445
1885590 447
1885600 447
1885610 448
1885620 450
1885630 450
1885640 451
1885650 453
1885660 453
1885670 454
1885680 456
1885690 456
1885700 457
1885710 458
1885720 458
1885730 459
1885740 460
1885750 460
1885760 460
1885770 461
1885780 461
1885790 461
1885800 461
1885810 461
1885820 461
1885830 461
1885840 461
1885850 460
1885860 459
1885870 459
1885880 458
1885890 456
1885900 456
1885910 453
1885920 451
1885930 451
1885940 450
1885950 449
1885960 449
1885970 447
1885980 444
1885990 444
1886000 440
1886010 433
1886020 433
1886030 431
1886040 430
1886050 430
1886060 429
1886070 426
1886080 426
1886090 422
1886100 418
1886110 418
1886120 415
1886130 412
1886140 412
1886150 410
1886160 408
1886170 408
1886180 406
1886190 403
1886200 403
1886210 400
1886220 397
1886230 397
1886240 395
1886250 393
1886260 393
1886270 392
1886280 392
1886290 392
1886300 393
1886310 394
1886320 394
1886330 391
1886340 393
1886350 393
1886360 394
1886370 394
1886380 394
1886390 396
1886400 396
1886410 396
1886420 396
1886430 395
1886440 393
1886450 393
1886460 391
1886470 388
1886480 388
1886490 385
1886500 382
1886510 382
1886520 378
1886530 374
1886540 374
1886550 370
1886560 366
1886570 366
1886580 362
1886590 358
1886600 358
1886610 354
1886620 349
1886630 349
1886640 343
1886650 337
1886660 337
1886670 331
1886680 326
1886690 326
1886700 321
1886710 316
1886720 316
1886730 311
1886740 308
1886750 308
1886760 305
1886770 303
1886780 303
1886790 302
1886800 304
1886810 304
1886820 308
1886830 312
1886840 312
1886850 316
1886860 321
1886870 321
1886880 326
1886890 331
1886900 331
1886910 335
1886920 340
1886930 340
1886940 344
1886950 348
1886960 348
1886970 347
1886980 346
1886990 346
1887000 346
1887010 346
1887020 346
1887030 348
1887040 352
1887050 352
1887060 353
1887070 354
1887080 354
1887090 354
1887100 354
1887110 354
1887120 354
1887130 355
1887140 355
1887150 355
1887160 355
1887170 355
1887180 355
1887190 355
1887200 355
1887210 354
1887220 354
1887230 354
1887240 353
1887250 353
1887260 353
1887270 352
1887280 351
1887290 350
1887300 350
1887310 349
1887320 349
1887330 348
1887340 348
1887350 348
1887360 347
1887370 347
1887380 347
1887390 346
1887400 345
1887410 345
1887420 345
1887430 344
1887440 344
1887450 343
1887460 342
1887470 342
1887480 342
1887490 341
1887500 341
1887510 340
1887520 339
1887530 339
1887540 338
1887550 337
1887560 337
1887570 336
1887580 335
1887590 335
1887600 334
1887610 333
1887620 332
1887630 330
1887640 330
1887650 330
1887660 329
1887670 329
1887680 329
1887690 328
1887700 327
1887710 327
1887720 326
1887730 323
1887740 323
1887750 320
1887760 316
1887770 316
1887780 314
1887790 312
1887800 312
1887810 310
1887820 309
1887830 309
1887840 307
1887850 303
1887860 303
1887870 298
1887880 294
1887890 294
1887900 291
1887910 290
1887920 290
1887930 291
1887940 299
1887950 299
1887960 300
1887970 301
1887980 301
1887990 301
1888000 301
1888010 301
1888020 300
1888030 298
1888040 298
1888050 293
1888060 287
1888070 287
1888080 281
1888090 274
1888100 274
1888110 268
1888120 261
1888130 261
1888140 255
1888150 249
1888160 249
1888170 243
1888180 237
1888190 237
1888200 231
1888210 226
1888220 226
1888230 223
1888240 223
1888250 223
1888260 222
1888270 222
1888280 222
1888290 223
1888300 225
1888310 225
1888320 227
1888330 231
1888340 231
1888350 234
1888360 238
1888370 238
1888380 243
1888390 248
1888400 248
1888410 252
1888420 257
1888430 257
1888440 262
1888450 266
1888460 266
1888470 271
1888480 275
1888490 275
1888500 279
1888510 283
1888520 283
1888530 287
1888540 290
1888550 290
1888560 294
1888570 297
1888580 298
1888590 301
1888600 304
1888610 304
1888620 306
1888630 308
1888640 308
1888650 311
1888660 314
1888670 314
1888680 317
1888690 318
1888700 318
1888710 320
1888720 321
1888730 321
1888740 322
1888750 321
1888760 321
1888770 321
1888780 320
1888790 320
1888800 318
1888810 316
1888820 316
1888830 313
1888840 310
1888850 310
1888860 308
1888870 305
1888880 305
1888890 303
1888900 298
1888910 298
1888920 298
1888930 299
1888940 299
1888950 300
1888960 301
1888970 301
1888980 300
1888990 299
1889000 299
1889010 297
1889020 294
1889030 294
1889040 290
1889050 285
1889060 285
1889070 281
1889080 276
1889090 276
1889100 272
1889110 269
1889120 269
1889130 267
1889140 267
1889150 267
1889160 268
1889170 270
1889180 270
1889190 274
1889200 278
1889210 278
1889220 284
1889230 287
1889240 287
1889250 290
1889260 293
1889270 293
1889280 295
1889290 296
1889300 296
1889310 298
1889320 299
1889330 299
1889340 301
1889350 302
1889360 302
1889370 303
1889380 304
1889390 304
1889400 304
1889410 304
1889420 304
1889430 304
1889440 304
1889450 303
1889460 303
1889470 301
1889480 299
1889490 299
1889500 296
1889510 294
1889520 294
1889530 292
1889540 290
1889550 290
1889560 288
1889570 286
1889580 286
1889590 285
1889600 283
1889610 283
1889620 282
1889630 281
1889640 281
1889650 280
1889660 279
1889670 279
1889680 278
1889690 277
1889700 277
1889710 276
1889720 275
1889730 275
1889740 274
1889750 272
1889760 272
1889770 271
1889780 269
1889790 269
1889800 268
1889810 267
1889820 267
1889830 266
1889840 265
1889850 265
1889860 263
1889870 262
1889880 262
1889890 261
1889900 260
1889910 260
1889920 259
1889930 258
1889940 258
1889950 258
1889960 257
1889970 257
1889980 257
1889990 256
1890000 256
1890010 256
1890020 255
1890030 255
1890040 255
1890050 254
1890060 254
1890070 254
1890080 254
1890090 254
1890100 253
1890110 253
1890120 253
1890130 253
1890140 253
1890150 253
1890160 252
1890170 252
1890180 251
1890190 251
1890200 250
1890210 250
1890220 250
1890230 249
1890240 249
1890250 248
1890260 248
1890270 248
1890280 247
1890290 247
1890300 247
1890310 247
1890320 247
1890330 247
1890340 246
1890350 246
1890360 246
1890370 246
1890380 246
1890390 246
1890400 246
1890410 246
1890420 246
1890430 246
1890440 245
1890450 245
1890460 245
1890470 245
1890480 245
1890490 244
1890500 244
1890510 244
1890520 244
1890530 243
1890540 243
1890550 242
1890560 241
1890570 241
1890580 241
1890590 240
1890600 240
1890610 239
1890620 238
1890630 238
1890640 237
1890650 237
1890660 237
1890670 236
1890680 236
1890690 236
1890700 235
1890710 235
1890720 235
1890730 235
1890740 234
1890750 234
1890760 234
1890770 234
1890780 234
1890790 233
1890800 233
1890810 233
1890820 232
1890830 232
1890840 232
1890850 232
1890860 232
1890870 232
1890880 232
1890890 231
1890900 231
1890910 231
1890920 231
1890930 231
1890940 231
1890950 231
1890960 231
1890970 230
1890980 230
1890990 230
1891000 230
1891010 224
1891020 224
1891030 219
1891040 219
1891050 219
1891060 222
1891070 225
1891080 225
1891090 227
1891100 228
1891110 228
1891120 228
1891130 225
1891140 225
1891150 225
1891160 225
1891170 225
1891180 226
1891190 226
1891200 226
1891210 226
1891220 226
1891230 226
1891240 225
1891250 226
1891260 226
1891270 226
1891280 226
1891290 226
1891300 226
1891310 226
1891320 226
1891330 226
1891340 226
1891350 226
1891360 226
1891370 227
1891380 227
1891390 227
1891400 227
1891410 227
1891420 227
1891430 227
1891440 227
1891450 227
1891460 226
1891470 226
1891480 224
1891490 222
1891500 222
1891510 220
1891520 219
1891530 219
1891540 219
1891550 220
1891560 220
1891570 221
1891580 222
1891590 222
1891600 224
1891610 226
1891620 226
1891630 227
1891640 227
1891650 227
1891660 227
1891670 226
1891680 226
1891690 226
1891700 226
1891710 226
1891720 225
1891730 224
1891740 224
1891750 224
1891760 224
1891770 222
1891780 220
1891790 218
1891800 218
1891810 217
1891820 217
1891830 217
1891840 216
1891850 215
1891860 215
1891870 214
1891880 211
1891890 211
1891900 208
1891910 204
1891920 204
1891930 202
1891940 201
1891950 201
1891960 200
1891970 200
1891980 200
1891990 200
1892000 200
1892010 200
1892020 198
1892030 196
1892040 196
1892050 194
1892060 193
1892070 193
1892080 192
1892090 190
1892100 190
1892110 189
1892120 187
1892130 187
1892140 186
1892150 185
1892160 185
1892170 183
1892180 182
1892190 182
1892200 181
1892210 180
1892220 180
1892230 178
1892240 176
1892250 176
1892260 173
1892270 172
1892280 172
1892290 171
1892300 168
1892310 168
1892320 167
1892330 167
1892340 167
1892350 166
1892360 165
1892370 165
1892380 165
1892390 164
1892400 164
1892410 163
1892420 162
1892430 162
1892440 162
1892450 163
1892460 163
1892470 164
1892480 165
1892490 167
1892500 167
1892510 169
1892520 173
1892530 173
1892540 177
1892550 178
1892560 178
1892570 179
1892580 181
1892590 181
1892600 183
1892610 184
1892620 184
1892630 185
1892640 186
1892650 186
1892660 188
1892670 189
1892680 189
1892690 190
1892700 190
1892710 190
1892720 190
1892730 190
1892740 190
1892750 189
1892760 188
1892770 188
1892780 187
1892790 186
1892800 186
1892810 185
1892820 185
1892830 185
1892840 183
1892850 182
1892860 182
1892870 181
1892880 181
1892890 181
1892900 182
1892910 184
1892920 184
1892930 184
1892940 184
1892950 184
1892960 187
1892970 187
1892980 187
1892990 190
1893000 192
1893010 192
1893020 194
1893030 197
1893040 198
1893050 201
1893060 204
1893070 204
1893080 207
1893090 209
1893100 209
1893110 211
1893120 213
1893130 213
1893140 214
1893150 216
1893160 216
1893170 218
1893180 219
1893190 219
1893200 221
1893210 222
1893220 222
1893230 223
1893240 223
1893250 223
1893260 222
1893270 222
1893280 222
1893290 222
1893300 223
1893310 223
1893320 222
1893330 222
1893340 222
1893350 222
1893360 219
1893370 219
1893380 218
1893390 219
1893400 219
1893410 220
1893420 221
1893430 221
1893440 224
1893450 226
1893460 226
1893470 228
1893480 231
1893490 231
1893500 234
1893510 236
1893520 236
1893530 239
1893540 241
1893550 241
1893560 243
1893570 246
1893580 246
1893590 248
1893600 250
1893610 250
1893620 251
1893630 252
1893640 252
1893650 253
1893660 255
1893670 255
1893680 257
1893690 258
1893700 258
1893710 259
1893720 260
1893730 260
1893740 261
1893750 261
1893760 261
1893770 262
1893780 262
1893790 262
1893800 263
1893810 264
1893820 264
1893830 265
1893840 267
1893850 267
1893860 268
1893870 269
1893880 269
1893890 268
1893900 267
1893910 267
1893920 267
1893930 266
1893940 266
1893950 266
1893960 265
1893970 265
1893980 264
1893990 263
1894000 263
1894010 262
1894020 262
1894030 262
1894040 260
1894050 259
1894060 259
1894070 257
1894080 256
1894090 256
1894100 254
1894110 251
1894120 251
1894130 249
1894140 248
1894150 248
1894160 246
1894170 244
1894180 244
1894190 242
1894200 240
1894210 240
1894220 238
1894230 237
1894240 237
1894250 235
1894260 233
1894270 233
1894280 232
1894290 230
1894300 227
1894310 225
1894320 223
1894330 223
1894340 220
1894350 217
1894360 217
1894370 215
1894380 212
1894390 212
1894400 209
1894410 206
1894420 206
1894430 204
1894440 202
1894450 202
1894460 200
1894470 198
1894480 198
1894490 196
1894500 194
1894510 194
1894520 192
1894530 191
1894540 191
1894550 189
1894560 188
1894570 188
1894580 186
1894590 184
1894600 184
1894610 182
1894620 179
1894630 179
1894640 178
1894650 176
1894660 176
1894670 175
1894680 174
1894690 174
1894700 172
1894710 171
1894720 171
1894730 170
1894740 169
1894750 169
1894760 169
1894770 168
1894780 168
1894790 166
1894800 163
1894810 163
1894820 159
1894830 156
1894840 156
1894850 151
1894860 144
1894870 144
1894880 143
1894890 142
1894900 142
1894910 142
1894920 142
1894930 142
1894940 142
1894950 142
1894960 142
1894970 142
1894980 140
1894990 140
1895000 138
1895010 137
1895020 137
1895030 137
1895040 137
1895050 137
1895060 137
1895070 137
1895080 137
1895090 137
1895100 137
1895110 137
1895120 137
1895130 136
1895140 136
1895150 137
1895160 137
1895170 137
1895180 137
1895190 137
1895200 137
1895210 136
1895220 136
1895230 136
1895240 136
1895250 137
1895260 137
1895270 136
1895280 137
1895290 137
1895300 137
1895310 137
1895320 137
1895330 137
1895340 137
1895350 137
1895360 137
1895370 137
1895380 137
1895390 137
1895400 137
1895410 137
1895420 137
1895430 137
1895440 137
1895450 137
1895460 137
1895470 137
1895480 137
1895490 137
1895500 137
1895510 137
1895520 137
1895530 137
1895540 137
1895550 137
1895560 137
1895570 137
1895580 137
1895590 137
1895600 137
1895610 137
1895620 137
1895630 137
1895640 136
1895650 136
1895660 136
1895670 136
1895680 137
1895690 137
1895700 137
1895710 137
1895720 137
1895730 137
1895740 137
1895750 137
1895760 136
1895770 137
1895780 137
1895790 137
1895800 137
1895810 137
1895820 137
1895830 137
1895840 137
1895850 137
1895860 137
1895870 137
1895880 137
1895890 137
1895900 137
1895910 137
1895920 137
1895930 137
1895940 137
1895950 137
1895960 137
1895970 137
1895980 137
1895990 137
1896000 138
1896010 138
1896020 138
1896030 138
1896040 138
1896050 138
1896060 138
1896070 138
1896080 138
1896090 138
1896100 138
1896110 138
1896120 138
1896130 138
1896140 138
1896150 138
1896160 138
1896170 138
1896180 138
1896190 138
1896200 138
1896210 138
1896220 138
1896230 138
1896240 139
1896250 139
1896260 139
1896270 139
1896280 139
1896290 139
1896300 139
1896310 139
1896320 139
1896330 139
1896340 139
1896350 139
1896360 139
1896370 139
1896380 139
1896390 139
1896400 139
1896410 139
1896420 139
1896430 139
1896440 139
1896450 139
1896460 139
1896470 139
1896480 138
1896490 138
1896500 138
1896510 138
1896520 138
1896530 138
1896540 138
1896550 138
1896560 138
1896570 138
1896580 138
1896590 138
1896600 138
1896610 138
1896620 138
1896630 138
1896640 138
1896650 138
1896660 138
1896670 138
1896680 138
1896690 138
1896700 138
1896710 138
1896720 138
1896730 138
1896740 138
1896750 138
1896760 138
1896770 138
1896780 138
1896790 138
1896800 138
1896810 139
1896820 139
1896830 139
1896840 139
1896850 139
1896860 139
1896870 139
1896880 139
1896890 139
1896900 139
1896910 139
1896920 139
1896930 139
1896940 139
1896950 139
1896960 139
1896970 139
1896980 139
1896990 139
1897000 139
1897010 139
1897020 139
1897030 139
1897040 139
1897050 139
1897060 139
1897070 139
1897080 139
1897090 139
1897100 139
1897110 139
1897120 139
1897130 139
1897140 139
1897150 139
1897160 139
1897170 139
1897180 139
1897190 139
1897200 139
1897210 139
1897220 139
1897230 139
1897240 139
1897250 139
1897260 138
1897270 138
1897280 138
1897290 138
1897300 138
1897310 138
1897320 138
1897330 138
1897340 138
1897350 138
1897360 138
1897370 138
1897380 138
1897390 138
1897400 138
1897410 138
1897420 138
1897430 138
1897440 138
1897450 138
1897460 138
1897470 138
1897480 138
1897490 138
1897500 138
1897510 138
1897520 138
1897530 138
1897540 138
1897550 138
1897560 138
1897570 138
1897580 138
1897590 138
1897600 138
1897610 138
1897620 138
1897630 138
1897640 138
1897650 138
1897660 138
1897670 138
1897680 138
1897690 138
1897700 138
1897710 138
1897720 139
1897730 139
1897740 139
1897750 139
1897760 138
1897770 138
1897780 138
1897790 138
1897800 138
1897810 138
1897820 138
1897830 138
1897840 138
1897850 138
1897860 138
1897870 138
1897880 138
1897890 138
1897900 138
1897910 138
1897920 138
1897930 137
1897940 137
1897950 137
1897960 137
1897970 137
1897980 137
1897990 137
1898000 137
1898010 138
1898020 138
1898030 138
1898040 138
1898050 138
1898060 138
1898070 138
1898080 138
1898090 138
1898100 137
1898110 137
1898120 137
1898130 137
1898140 137
1898150 137
1898160 137
1898170 137
1898180 137
1898190 138
1898200 138
1898210 138
1898220 138
1898230 138
1898240 138
1898250 138
1898260 138
1898270 138
1898280 138
1898290 138
1898300 138
1898310 138
1898320 138
1898330 138
1898340 138
1898350 138
1898360 138
1898370 138
1898380 138
1898390 138
1898400 138
1898410 138
1898420 138
1898430 138
1898440 138
1898450 138
1898460 138
1898470 138
1898480 138
1898490 138
1898500 138
1898510 138
1898520 138
1898530 138
1898540 138
1898550 138
1898560 138
1898570 138
1898580 138
1898590 138
1898600 138
1898610 138
1898620 138
1898630 138
1898640 138
1898650 138
1898660 138
1898670 138
1898680 138
1898690 138
1898700 138
1898710 138
1898720 138
1898730 138
1898740 138
1898750 138
1898760 138
1898770 137
1898780 137
1898790 137
1898800 137
1898810 137
1898820 137
1898830 137
1898840 137
1898850 137
1898860 136
1898870 136
1898880 136
1898890 136
1898900 137
1898910 137
1898920 137
1898930 137
1898940 137
1898950 137
1898960 138
1898970 138
1898980 138
1898990 138
1899000 138
1899010 138
1899020 138
1899030 138
1899040 138
1899050 138
1899060 138
1899070 138
1899080 138
1899090 138
1899100 138
1899110 138
1899120 138
1899130 138
1899140 137
1899150 137
1899160 137
1899170 137
1899180 137
1899190 137
1899200 137
1899210 137
1899220 137
1899230 137
1899240 137
1899250 137
1899260 137
1899270 137
1899280 137
1899290 137
1899300 137
1899310 137
1899320 137
1899330 137
1899340 137
1899350 137
1899360 137
1899370 137
1899380 137
1899390 137
1899400 137
1899410 137
1899420 137
1899430 137
1899440 137
1899450 137
1899460 137
1899470 137
1899480 137
1899490 137
1899500 137
1899510 137
1899520 137
1899530 137
1899540 137
1899550 137
1899560 137
1899570 137
1899580 137
1899590 137
1899600 137
1899610 136
1899620 137
1899630 137
1899640 135
1899650 135
1899660 135
1899670 135
1899680 134
1899690 134
1899700 134
1899710 134
1899720 134
1899730 135
1899740 135
1899750 135
1899760 135
1899770 135
1899780 135
1899790 135
1899800 135
1899810 135
1899820 136
1899830 137
1899840 137
1899850 136
1899860 136
1899870 136
1899880 136
