1880000 142
1880010 142
1880020 142
1880030 142
1880040 142
1880050 142
1880060 142
1880070 142
1880080 142
1880090 142
1880100 142
1880110 142
1880120 142
1880130 142
1880140 142
1880150 142
1880160 142
1880170 142
1880180 143
1880190 143
1880200 143
1880210 143
1880220 142
1880230 142
1880240 140
1880250 139
1880260 139
1880270 139
1880280 139
1880290 139
1880300 139
1880310 139
1880320 139
1880330 139
1880340 139
1880350 139
1880360 140
1880370 141
1880380 141
1880390 143
1880400 143
1880410 143
1880420 143
1880430 143
1880440 143
1880450 143
1880460 143
1880470 143
1880480 142
1880490 142
1880500 142
1880510 142
1880520 142
1880530 142
1880540 142
1880550 143
1880560 143
1880570 143
1880580 142
1880590 142
1880600 142
1880610 142
1880620 142
1880630 142
1880640 142
1880650 142
1880660 142
1880670 142
1880680 142
1880690 142
1880700 142
1880710 142
1880720 143
1880730 142
1880740 142
1880750 142
1880760 143
1880770 143
1880780 143
1880790 143
1880800 143
1880810 142
1880820 142
1880830 142
1880840 141
1880850 139
1880860 139
1880870 140
1880880 141
1880890 141
1880900 140
1880910 139
1880920 139
1880930 139
1880940 139
1880950 139
1880960 140
1880970 143
1880980 143
1880990 148
1881000 156
1881010 156
1881020 159
1881030 160
1881040 160
1881050 163
1881060 165
1881070 165
1881080 166
1881090 168
1881100 168
1881110 168
1881120 169
1881130 169
1881140 169
1881150 169
1881160 169
1881170 170
1881180 170
1881190 170
1881200 169
1881210 169
1881220 169
1881230 169
1881240 169
1881250 169
1881260 168
1881270 169
1881280 169
1881290 168
1881300 167
1881310 167
1881320 167
1881330 166
1881340 166
1881350 166
1881360 165
1881370 165
1881380 165
1881390 164
1881400 164
1881410 164
1881420 164
1881430 164
1881440 163
1881450 162
1881460 162
1881470 162
1881480 162
1881490 162
1881500 161
1881510 161
1881520 161
1881530 160
1881540 160
1881550 160
1881560 159
1881570 158
1881580 158
1881590 158
1881600 158
1881610 158
1881620 157
1881630 156
1881640 156
1881650 153
1881660 152
1881670 152
1881680 152
1881690 152
1881700 152
1881710 151
1881720 150
1881730 150
1881740 149
1881750 150
1881760 150
1881770 150
1881780 150
1881790 150
1881800 150
1881810 149
1881820 149
1881830 149
1881840 149
1881850 149
1881860 148
1881870 149
1881880 149
1881890 149
1881900 148
1881910 148
1881920 148
1881930 148
1881940 148
1881950 148
1881960 148
1881970 148
1881980 149
1881990 149
1882000 149
1882010 149
1882020 149
1882030 149
1882040 150
1882050 150
1882060 150
1882070 150
1882080 150
1882090 150
1882100 151
1882110 151
1882120 151
1882130 151
1882140 152
1882150 152
1882160 152
1882170 152
1882180 152
1882190 152
1882200 153
1882210 153
1882220 153
1882230 153
1882240 154
1882250 154
1882260 155
1882270 155
1882280 156
1882290 158
1882300 158
1882310 160
1882320 161
1882330 161
1882340 162
1882350 164
1882360 164
1882370 165
1882380 166
1882390 166
1882400 168
1882410 169
1882420 169
1882430 166
1882440 165
1882450 165
1882460 170
1882470 171
1882480 171
1882490 171
1882500 171
1882510 171
1882520 171
1882530 172
1882540 172
1882550 175
1882560 178
1882570 178
1882580 180
1882590 181
1882600 181
1882610 182
1882620 184
1882630 184
1882640 185
1882650 186
1882660 186
1882670 187
1882680 190
1882690 190
1882700 190
1882710 190
1882720 190
1882730 190
1882740 191
1882750 191
1882760 192
1882770 193
1882780 193
1882790 194
1882800 196
1882810 196
1882820 196
1882830 197
1882840 197
1882850 197
1882860 200
1882870 203
1882880 203
1882890 195
1882900 193
1882910 193
1882920 194
1882930 194
1882940 194
1882950 195
1882960 198
1882970 198
1882980 197
1882990 196
1883000 196
1883010 195
1883020 195
1883030 195
1883040 195
1883050 195
1883060 195
1883070 194
1883080 199
1883090 199
1883100 208
1883110 212
1883120 212
1883130 213
1883140 214
1883150 214
1883160 214
1883170 213
1883180 213
1883190 214
1883200 218
1883210 218
1883220 215
1883230 218
1883240 218
1883250 218
1883260 214
1883270 214
1883280 213
1883290 211
1883300 211
1883310 201
1883320 192
1883330 192
1883340 192
1883350 192
1883360 192
1883370 192
1883380 194
1883390 194
1883400 200
1883410 208
1883420 208
1883430 212
1883440 213
1883450 213
1883460 213
1883470 213
1883480 213
1883490 217
1883500 225
1883510 225
1883520 231
1883530 231
1883540 231
1883550 232
1883560 232
1883570 232
1883580 232
1883590 233
1883600 233
1883610 236
1883620 242
1883630 242
1883640 250
1883650 254
1883660 254
1883670 254
1883680 255
1883690 255
1883700 255
1883710 259
1883720 259
1883730 260
1883740 270
1883750 270
1883760 280
1883770 286
1883780 286
1883790 299
1883800 307
1883810 307
1883820 312
1883830 310
1883840 310
1883850 308
1883860 304
1883870 302
1883880 299
1883890 295
1883900 295
1883910 293
1883920 293
1883930 293
1883940 294
1883950 293
1883960 293
1883970 289
1883980 284
1883990 284
1884000 280
1884010 278
1884020 278
1884030 276
1884040 275
1884050 275
1884060 275
1884070 277
1884080 277
1884090 277
1884100 273
1884110 273
1884120 269
1884130 264
1884140 264
1884150 260
1884160 257
1884170 257
1884180 253
1884190 248
1884200 248
1884210 249
1884220 246
1884230 246
1884240 246
1884250 250
1884260 250
1884270 254
1884280 257
1884290 257
1884300 259
1884310 264
1884320 264
1884330 269
1884340 273
1884350 273
1884360 276
1884370 278
1884380 278
1884390 279
1884400 278
1884410 278
1884420 279
1884430 278
1884440 278
1884450 277
1884460 275
1884470 275
1884480 274
1884490 273
1884500 273
1884510 274
1884520 281
1884530 281
1884540 288
1884550 292
1884560 292
1884570 296
1884580 298
1884590 298
1884600 296
1884610 295
1884620 295
1884630 294
1884640 294
1884650 294
1884660 297
1884670 301
1884680 301
1884690 306
1884700 312
1884710 312
1884720 319
1884730 327
1884740 327
1884750 334
1884760 338
1884770 338
1884780 341
1884790 346
1884800 346
1884810 351
1884820 354
1884830 354
1884840 363
1884850 366
1884860 366
1884870 369
1884880 372
1884890 372
1884900 375
1884910 377
1884920 377
1884930 380
1884940 383
1884950 383
1884960 386
1884970 388
1884980 388
1884990 391
1885000 393
1885010 393
1885020 396
1885030 398
1885040 398
1885050 402
1885060 405
1885070 405
1885080 407
1885090 409
1885100 409
1885110 411
1885120 413
1885130 413
1885140 415
1885150 418
1885160 418
1885170 420
1885180 422
1885190 422
1885200 425
1885210 427
1885220 427
1885230 429
1885240 431
1885250 431
1885260 434
1885270 436
1885280 436
1885290 439
1885300 442
1885310 442
1885320 445
1885330 448
1885340 448
1885350 451
1885360 453
1885370 453
1885380 456
1885390 458
1885400 458
1885410 460
1885420 463
1885430 463
1885440 465
1885450 467
1885460 467
1885470 469
1885480 471
1885490 471
1885500 473
1885510 474
1885520 474
1885530 476
1885540 477
1885550 477
1885560 477
1885570 477
1885580 477
1885590 477
1885600 477
1885610 477
1885620 477
1885630 476
1885640 476
1885650 475
1885660 472
1885670 472
1885680 470
1885690 468
1885700 468
1885710 466
1885720 463
1885730 463
1885740 461
1885750 459
1885760 459
1885770 458
1885780 456
1885790 456
1885800 454
1885810 451
1885820 451
1885830 450
1885840 449
1885850 449
1885860 448
1885870 446
1885880 446
1885890 444
1885900 439
1885910 432
1885920 432
1885930 423
1885940 415
1885950 415
1885960 409
1885970 404
1885980 404
1885990 399
1886000 396
1886010 396
1886020 392
1886030 389
1886040 389
1886050 385
1886060 382
1886070 382
1886080 379
1886090 376
1886100 376
1886110 373
1886120 371
1886130 367
1886140 366
1886150 365
1886160 365
1886170 365
1886180 367
1886190 367
1886200 369
1886210 370
1886220 370
1886230 370
1886240 371
1886250 371
1886260 372
1886270 372
1886280 372
1886290 371
1886300 369
1886310 369
1886320 365
1886330 362
1886340 362
1886350 360
1886360 358
1886370 358
1886380 356
1886390 353
1886400 353
1886410 351
1886420 349
1886430 349
1886440 347
1886450 343
1886460 343
1886470 342
1886480 340
1886490 340
1886500 339
1886510 337
1886520 337
1886530 337
1886540 336
1886550 336
1886560 335
1886570 334
1886580 334
1886590 333
1886600 330
1886610 330
1886620 325
1886630 320
1886640 320
1886650 313
1886660 307
1886670 307
1886680 302
1886690 296
1886700 296
1886710 290
1886720 285
1886730 285
1886740 281
1886750 277
1886760 277
1886770 272
1886780 268
1886790 268
1886800 266
1886810 266
1886820 266
1886830 269
1886840 273
1886850 273
1886860 279
1886870 283
1886880 283
1886890 288
1886900 292
1886910 292
1886920 295
1886930 297
1886940 297
1886950 299
1886960 303
1886970 303
1886980 307
1886990 308
1887000 308
1887010 308
1887020 308
1887030 308
1887040 310
1887050 311
1887060 311
1887070 313
1887080 314
1887090 314
1887100 312
1887110 312
1887120 312
1887130 311
1887140 310
1887150 310
1887160 308
1887170 305
1887180 305
1887190 302
1887200 299
1887210 299
1887220 295
1887230 290
1887240 290
1887250 285
1887260 279
1887270 279
1887280 274
1887290 268
1887300 268
1887310 264
1887320 260
1887330 260
1887340 262
1887350 267
1887360 267
1887370 272
1887380 277
1887390 277
1887400 282
1887410 287
1887420 287
1887430 291
1887440 293
1887450 293
1887460 295
1887470 296
1887480 296
1887490 298
1887500 299
1887510 299
1887520 300
1887530 300
1887540 300
1887550 300
1887560 299
1887570 299
1887580 297
1887590 295
1887600 295
1887610 293
1887620 290
1887630 290
1887640 287
1887650 283
1887660 283
1887670 277
1887680 273
1887690 273
1887700 270
1887710 268
1887720 268
1887730 269
1887740 267
1887750 267
1887760 271
1887770 275
1887780 275
1887790 278
1887800 279
1887810 279
1887820 276
1887830 272
1887840 272
1887850 267
1887860 262
1887870 262
1887880 256
1887890 251
1887900 251
1887910 246
1887920 241
1887930 241
1887940 237
1887950 233
1887960 233
1887970 230
1887980 226
1887990 226
1888000 223
1888010 221
1888020 221
1888030 218
1888040 219
1888050 219
1888060 219
1888070 223
1888080 223
1888090 225
1888100 229
1888110 229
1888120 232
1888130 235
1888140 235
1888150 238
1888160 241
1888170 241
1888180 241
1888190 239
1888200 239
1888210 236
1888220 233
1888230 233
1888240 230
1888250 226
1888260 226
1888270 223
1888280 219
1888290 219
1888300 215
1888310 210
1888320 210
1888330 209
1888340 209
1888350 209
1888360 210
1888370 211
1888380 212
1888390 212
1888400 213
1888410 213
1888420 215
1888430 216
1888440 216
1888450 216
1888460 216
1888470 216
1888480 216
1888490 216
1888500 216
1888510 217
1888520 221
1888530 221
1888540 224
1888550 226
1888560 226
1888570 227
1888580 228
1888590 228
1888600 228
1888610 228
1888620 228
1888630 226
1888640 224
1888650 224
1888660 227
1888670 227
1888680 227
1888690 227
1888700 226
1888710 226
1888720 226
1888730 227
1888740 227
1888750 228
1888760 229
1888770 229
1888780 230
1888790 232
1888800 232
1888810 233
1888820 235
1888830 235
1888840 236
1888850 238
1888860 238
1888870 242
1888880 245
1888890 245
1888900 247
1888910 251
1888920 251
1888930 255
1888940 258
1888950 258
1888960 260
1888970 263
1888980 263
1888990 266
1889000 270
1889010 270
1889020 278
1889030 280
1889040 283
1889050 283
1889060 285
1889070 286
1889080 286
1889090 287
1889100 286
1889110 286
1889120 285
1889130 281
1889140 281
1889150 276
1889160 270
1889170 270
1889180 265
1889190 260
1889200 260
1889210 256
1889220 253
1889230 253
1889240 249
1889250 247
1889260 247
1889270 245
1889280 244
1889290 244
1889300 243
1889310 243
1889320 243
1889330 242
1889340 238
1889350 238
1889360 243
1889370 246
1889380 246
1889390 247
1889400 248
1889410 248
1889420 248
1889430 248
1889440 248
1889450 247
1889460 246
1889470 246
1889480 245
1889490 244
1889500 244
1889510 244
1889520 243
1889530 243
1889540 242
1889550 240
1889560 240
1889570 238
1889580 236
1889590 236
1889600 233
1889610 231
1889620 231
1889630 228
1889640 225
1889650 225
1889660 219
1889670 218
1889680 218
1889690 215
1889700 212
1889710 212
1889720 210
1889730 207
1889740 207
1889750 205
1889760 203
1889770 203
1889780 201
1889790 200
1889800 200
1889810 199
1889820 198
1889830 198
1889840 196
1889850 195
1889860 195
1889870 192
1889880 189
1889890 189
1889900 190
1889910 194
1889920 194
1889930 195
1889940 195
1889950 195
1889960 194
1889970 193
1889980 191
1889990 190
1890000 189
1890010 189
1890020 189
1890030 188
1890040 188
1890050 188
1890060 187
1890070 187
1890080 185
1890090 184
1890100 184
1890110 183
1890120 183
1890130 183
1890140 182
1890150 182
1890160 182
1890170 182
1890180 182
1890190 182
1890200 183
1890210 183
1890220 183
1890230 183
1890240 183
1890250 183
1890260 183
1890270 182
1890280 182
1890290 182
1890300 180
1890310 180
1890320 179
1890330 179
1890340 179
1890350 178
1890360 178
1890370 178
1890380 177
1890390 177
1890400 177
1890410 177
1890420 176
1890430 176
1890440 176
1890450 176
1890460 176
1890470 176
1890480 176
1890490 176
1890500 176
1890510 176
1890520 176
1890530 176
1890540 176
1890550 176
1890560 176
1890570 176
1890580 176
1890590 176
1890600 176
1890610 176
1890620 175
1890630 175
1890640 175
1890650 175
1890660 175
1890670 175
1890680 175
1890690 175
1890700 175
1890710 174
1890720 174
1890730 174
1890740 174
1890750 173
1890760 173
1890770 173
1890780 173
1890790 173
1890800 173
1890810 173
1890820 173
1890830 173
1890840 172
1890850 172
1890860 172
1890870 172
1890880 172
1890890 171
1890900 171
1890910 171
1890920 171
1890930 171
1890940 170
1890950 170
1890960 170
1890970 170
1890980 170
1890990 169
1891000 169
1891010 169
1891020 169
1891030 169
1891040 169
1891050 168
1891060 168
1891070 168
1891080 168
1891090 168
1891100 168
1891110 168
1891120 168
1891130 167
1891140 167
1891150 167
1891160 167
1891170 167
1891180 167
1891190 167
1891200 167
1891210 167
1891220 166
1891230 166
1891240 166
1891250 166
1891260 165
1891270 165
1891280 165
1891290 165
1891300 165
1891310 165
1891320 165
1891330 165
1891340 165
1891350 164
1891360 164
1891370 164
1891380 164
1891390 164
1891400 164
1891410 165
1891420 165
1891430 165
1891440 165
1891450 165
1891460 165
1891470 165
1891480 165
1891490 165
1891500 165
1891510 165
1891520 165
1891530 165
1891540 165
1891550 165
1891560 165
1891570 165
1891580 165
1891590 165
1891600 165
1891610 165
1891620 165
1891630 165
1891640 165
1891650 165
1891660 165
1891670 164
1891680 164
1891690 164
1891700 164
1891710 164
1891720 164
1891730 163
1891740 163
1891750 163
1891760 163
1891770 163
1891780 163
1891790 162
1891800 162
1891810 162
1891820 162
1891830 162
1891840 162
1891850 162
1891860 162
1891870 162
1891880 161
1891890 161
1891900 161
1891910 161
1891920 161
1891930 161
1891940 161
1891950 161
1891960 161
1891970 161
1891980 161
1891990 161
1892000 161
1892010 161
1892020 161
1892030 161
1892040 161
1892050 161
1892060 161
1892070 161
1892080 161
1892090 161
1892100 161
1892110 161
1892120 161
1892130 160
1892140 160
1892150 160
1892160 160
1892170 160
1892180 160
1892190 160
1892200 159
1892210 159
1892220 159
1892230 158
1892240 158
1892250 158
1892260 157
1892270 157
1892280 158
1892290 158
1892300 158
1892310 159
1892320 159
1892330 159
1892340 158
1892350 159
1892360 159
1892370 161
1892380 162
1892390 162
1892400 162
1892410 163
1892420 163
1892430 163
1892440 164
1892450 164
1892460 164
1892470 164
1892480 164
1892490 164
1892500 164
1892510 164
1892520 164
1892530 163
1892540 163
1892550 163
1892560 163
1892570 163
1892580 163
1892590 163
1892600 163
1892610 163
1892620 163
1892630 163
1892640 164
1892650 164
1892660 164
1892670 165
1892680 165
1892690 165
1892700 166
1892710 166
1892720 166
1892730 167
1892740 167
1892750 167
1892760 168
1892770 168
1892780 168
1892790 169
1892800 170
1892810 170
1892820 170
1892830 170
1892840 168
1892850 168
1892860 169
1892870 169
1892880 170
1892890 171
1892900 171
1892910 172
1892920 172
1892930 172
1892940 173
1892950 173
1892960 173
1892970 173
1892980 174
1892990 174
1893000 174
1893010 174
1893020 174
1893030 175
1893040 175
1893050 175
1893060 174
1893070 174
1893080 174
1893090 174
1893100 171
1893110 171
1893120 168
1893130 170
1893140 170
1893150 174
1893160 176
1893170 176
1893180 177
1893190 178
1893200 178
1893210 179
1893220 179
1893230 179
1893240 179
1893250 179
1893260 179
1893270 179
1893280 180
1893290 180
1893300 180
1893310 180
1893320 180
1893330 179
1893340 179
1893350 179
1893360 179
1893370 179
1893380 179
1893390 178
1893400 178
1893410 178
1893420 176
1893430 172
1893440 172
1893450 174
1893460 177
1893470 177
1893480 177
1893490 178
1893500 178
1893510 179
1893520 179
1893530 179
1893540 179
1893550 179
1893560 179
1893570 180
1893580 179
1893590 179
1893600 178
1893610 178
1893620 178
1893630 177
1893640 175
1893650 175
1893660 174
1893670 174
1893680 174
1893690 173
1893700 172
1893710 172
1893720 171
1893730 171
1893740 171
1893750 170
1893760 169
1893770 169
1893780 169
1893790 166
1893800 166
1893810 165
1893820 165
1893830 165
1893840 165
1893850 164
1893860 164
1893870 163
1893880 163
1893890 163
1893900 162
1893910 162
1893920 162
1893930 161
1893940 161
1893950 161
1893960 161
1893970 160
1893980 160
1893990 160
1894000 159
1894010 159
1894020 158
1894030 158
1894040 158
1894050 157
1894060 157
1894070 157
1894080 157
1894090 156
1894100 156
1894110 154
1894120 154
1894130 154
1894140 153
1894150 153
1894160 153
1894170 153
1894180 153
1894190 153
1894200 152
1894210 151
1894220 151
1894230 151
1894240 150
1894250 150
1894260 149
1894270 145
1894280 145
1894290 142
1894300 142
1894310 142
1894320 142
1894330 142
1894340 142
1894350 142
1894360 142
1894370 142
1894380 142
1894390 142
1894400 142
1894410 140
1894420 138
1894430 137
1894440 137
1894450 137
1894460 137
1894470 137
1894480 137
1894490 137
1894500 136
1894510 137
1894520 137
1894530 137
1894540 137
1894550 137
1894560 137
1894570 137
1894580 137
1894590 138
1894600 139
1894610 139
1894620 139
1894630 138
1894640 138
1894650 138
1894660 138
1894670 138
1894680 138
1894690 138
1894700 138
1894710 138
1894720 138
1894730 138
1894740 139
1894750 138
1894760 138
1894770 137
1894780 137
1894790 137
1894800 137
1894810 138
1894820 138
1894830 138
1894840 138
1894850 138
1894860 138
1894870 138
1894880 138
1894890 138
1894900 138
1894910 138
1894920 139
1894930 139
1894940 139
1894950 139
1894960 139
1894970 139
1894980 139
1894990 139
1895000 139
1895010 139
1895020 139
1895030 139
1895040 139
1895050 139
1895060 139
1895070 139
1895080 138
1895090 138
1895100 138
1895110 138
1895120 138
1895130 138
1895140 138
1895150 138
1895160 138
1895170 138
1895180 138
1895190 138
1895200 139
1895210 139
1895220 138
1895230 139
1895240 139
1895250 139
1895260 139
1895270 139
1895280 139
1895290 139
1895300 139
1895310 139
1895320 139
1895330 139
1895340 139
1895350 139
1895360 139
1895370 139
1895380 139
1895390 139
1895400 139
1895410 139
1895420 139
1895430 139
1895440 139
1895450 139
1895460 139
1895470 139
1895480 139
1895490 139
1895500 139
1895510 139
1895520 139
1895530 139
1895540 139
1895550 139
1895560 138
1895570 138
1895580 138
1895590 138
1895600 138
1895610 138
1895620 138
1895630 138
1895640 138
1895650 138
1895660 138
1895670 138
1895680 138
1895690 138
1895700 138
1895710 138
1895720 138
1895730 138
1895740 138
1895750 138
1895760 138
1895770 138
1895780 138
1895790 138
1895800 137
1895810 138
1895820 138
1895830 138
1895840 138
1895850 138
1895860 138
1895870 138
1895880 138
1895890 138
1895900 138
1895910 138
1895920 138
1895930 137
1895940 137
1895950 137
1895960 138
1895970 138
1895980 138
1895990 138
1896000 138
1896010 138
1896020 138
1896030 138
1896040 138
1896050 138
1896060 138
1896070 138
1896080 138
1896090 138
1896100 138
1896110 137
1896120 137
1896130 138
1896140 137
1896150 137
1896160 136
1896170 136
1896180 136
1896190 136
1896200 136
1896210 136
1896220 136
1896230 136
1896240 136
1896250 136
1896260 136
1896270 136
1896280 137
1896290 137
1896300 137
1896310 138
1896320 139
1896330 139
1896340 139
1896350 139
1896360 139
1896370 138
1896380 138
1896390 138
1896400 138
1896410 138
1896420 138
1896430 138
1896440 138
1896450 138
1896460 139
1896470 139
1896480 139
1896490 138
1896500 138
1896510 138
1896520 138
1896530 138
1896540 138
1896550 138
1896560 138
1896570 138
1896580 139
1896590 138
1896600 138
1896610 138
1896620 138
1896630 138
1896640 138
1896650 138
1896660 138
1896670 138
1896680 138
1896690 138
1896700 138
1896710 138
1896720 138
1896730 138
1896740 138
1896750 138
1896760 138
1896770 138
1896780 138
1896790 138
1896800 138
1896810 138
1896820 138
1896830 138
1896840 138
1896850 138
1896860 138
1896870 138
1896880 138
1896890 138
1896900 138
1896910 138
1896920 138
1896930 138
1896940 138
1896950 138
1896960 138
1896970 138
1896980 138
1896990 138
1897000 138
1897010 138
1897020 138
1897030 138
1897040 138
1897050 138
1897060 138
1897070 138
1897080 138
1897090 138
1897100 138
1897110 138
1897120 138
1897130 138
1897140 138
1897150 138
1897160 138
1897170 138
1897180 138
1897190 138
1897200 138
1897210 138
1897220 138
1897230 138
1897240 138
1897250 138
1897260 138
1897270 138
1897280 138
1897290 138
1897300 138
1897310 138
1897320 138
1897330 138
1897340 138
1897350 138
1897360 138
1897370 138
1897380 138
1897390 138
1897400 138
1897410 138
1897420 138
1897430 138
1897440 138
1897450 138
1897460 138
1897470 138
1897480 138
1897490 138
1897500 138
1897510 138
1897520 138
1897530 138
1897540 138
1897550 138
1897560 138
1897570 138
1897580 138
1897590 138
1897600 138
1897610 138
1897620 138
1897630 138
1897640 138
1897650 138
1897660 138
1897670 138
1897680 138
1897690 138
1897700 138
1897710 138
1897720 138
1897730 138
1897740 138
1897750 138
1897760 138
1897770 138
1897780 138
1897790 138
1897800 138
1897810 138
1897820 138
1897830 138
1897840 138
1897850 138
1897860 138
1897870 138
1897880 138
1897890 138
1897900 138
1897910 138
1897920 138
1897930 138
1897940 138
1897950 138
1897960 138
1897970 138
1897980 138
1897990 138
1898000 138
1898010 138
1898020 138
1898030 138
1898040 138
1898050 137
1898060 137
1898070 137
1898080 137
1898090 137
1898100 137
1898110 137
1898120 137
1898130 137
1898140 137
1898150 137
1898160 137
1898170 137
1898180 137
1898190 137
1898200 137
1898210 137
1898220 137
1898230 137
1898240 137
1898250 137
1898260 137
1898270 137
1898280 137
1898290 137
1898300 137
1898310 137
1898320 137
1898330 138
1898340 138
1898350 138
1898360 138
1898370 138
1898380 138
1898390 137
1898400 137
1898410 137
1898420 137
1898430 137
1898440 137
1898450 138
1898460 138
1898470 138
1898480 138
1898490 138
1898500 138
1898510 137
1898520 137
1898530 137
1898540 137
1898550 137
1898560 137
1898570 137
1898580 137
1898590 137
1898600 136
1898610 137
1898620 137
1898630 137
1898640 137
1898650 137
1898660 137
1898670 137
1898680 137
1898690 137
1898700 138
1898710 138
1898720 137
1898730 137
1898740 137
1898750 137
1898760 137
1898770 137
1898780 137
1898790 137
1898800 137
1898810 137
1898820 137
1898830 137
1898840 137
1898850 137
1898860 137
1898870 138
1898880 137
1898890 137
1898900 137
1898910 137
1898920 137
1898930 137
1898940 137
1898950 137
1898960 138
1898970 138
1898980 138
1898990 138
1899000 138
1899010 138
1899020 138
1899030 138
1899040 138
1899050 138
1899060 138
1899070 138
1899080 138
1899090 138
1899100 138
1899110 138
1899120 138
1899130 138
1899140 136
1899150 135
1899160 135
1899170 134
1899180 134
1899190 134
1899200 134
1899210 134
1899220 134
1899230 134
1899240 134
1899250 134
1899260 135
1899270 135
1899280 135
1899290 135
1899300 135
1899310 135
1899320 134
1899330 134
1899340 134
1899350 134
1899360 135
1899370 135
1899380 135
1899390 135
1899400 135
1899410 136
1899420 136
1899430 136
1899440 136
1899450 137
1899460 137
1899470 137
1899480 137
1899490 137
1899500 137
