1880000 141
1880010 140
1880020 140
1880030 141
1880040 141
1880050 141
1880060 141
1880070 140
1880080 140
1880090 140
1880100 140
1880110 140
1880120 142
1880130 143
1880140 143
1880150 143
1880160 143
1880170 143
1880180 143
1880190 143
1880200 143
1880210 143
1880220 142
1880230 143
1880240 143
1880250 143
1880260 143
1880270 143
1880280 141
1880290 141
1880300 141
1880310 141
1880320 142
1880330 142
1880340 142
1880350 142
1880360 142
1880370 144
1880380 147
1880390 147
1880400 149
1880410 151
1880420 151
1880430 154
1880440 158
1880450 158
1880460 161
1880470 161
1880480 161
1880490 161
1880500 162
1880510 162
1880520 162
1880530 162
1880540 162
1880550 162
1880560 163
1880570 163
1880580 163
1880590 163
1880600 163
1880610 163
1880620 164
1880630 164
1880640 164
1880650 164
1880660 164
1880670 165
1880680 165
1880690 165
1880700 166
1880710 166
1880720 166
1880730 166
1880740 167
1880750 167
1880760 167
1880770 168
1880780 168
1880790 168
1880800 169
1880810 169
1880820 170
1880830 170
1880840 170
1880850 171
1880860 171
1880870 171
1880880 172
1880890 172
1880900 172
1880910 172
1880920 173
1880930 173
1880940 173
1880950 173
1880960 173
1880970 173
1880980 174
1880990 174
1881000 174
1881010 174
1881020 174
1881030 174
1881040 174
1881050 174
1881060 174
1881070 174
1881080 174
1881090 173
1881100 173
1881110 173
1881120 172
1881130 171
1881140 171
1881150 171
1881160 171
1881170 171
1881180 170
1881190 170
1881200 170
1881210 169
1881220 168
1881230 168
1881240 168
1881250 167
1881260 167
1881270 166
1881280 165
1881290 165
1881300 164
1881310 164
1881320 164
1881330 163
1881340 162
1881350 162
1881360 162
1881370 161
1881380 161
1881390 161
1881400 160
1881410 160
1881420 160
1881430 159
1881440 159
1881450 159
1881460 159
1881470 159
1881480 158
1881490 158
1881500 158
1881510 158
1881520 158
1881530 158
1881540 156
1881550 156
1881560 156
1881570 155
1881580 155
1881590 155
1881600 155
1881610 154
1881620 154
1881630 152
1881640 153
1881650 153
1881660 154
1881670 154
1881680 154
1881690 154
1881700 154
1881710 154
1881720 154
1881730 154
1881740 154
1881750 155
1881760 156
1881770 156
1881780 156
1881790 157
1881800 157
1881810 157
1881820 158
1881830 158
1881840 159
1881850 159
1881860 159
1881870 160
1881880 161
1881890 160
1881900 161
1881910 162
1881920 162
1881930 162
1881940 163
1881950 163
1881960 164
1881970 164
1881980 164
1881990 165
1882000 166
1882010 166
1882020 166
1882030 167
1882040 167
1882050 167
1882060 168
1882070 168
1882080 169
1882090 169
1882100 169
1882110 169
1882120 169
1882130 169
1882140 168
1882150 168
1882160 168
1882170 168
1882180 168
1882190 168
1882200 168
1882210 168
1882220 168
1882230 168
1882240 168
1882250 168
1882260 168
1882270 168
1882280 168
1882290 167
1882300 166
1882310 166
1882320 165
1882330 166
1882340 166
1882350 166
1882360 167
1882370 167
1882380 167
1882390 167
1882400 167
1882410 167
1882420 167
1882430 167
1882440 168
1882450 168
1882460 168
1882470 168
1882480 168
1882490 168
1882500 168
1882510 168
1882520 168
1882530 167
1882540 167
1882550 166
1882560 166
1882570 166
1882580 166
1882590 165
1882600 165
1882610 165
1882620 165
1882630 166
1882640 166
1882650 166
1882660 166
1882670 166
1882680 166
1882690 167
1882700 167
1882710 167
1882720 167
1882730 167
1882740 168
1882750 168
1882760 168
1882770 169
1882780 169
1882790 169
1882800 170
1882810 171
1882820 171
1882830 171
1882840 172
1882850 172
1882860 173
1882870 174
1882880 174
1882890 175
1882900 176
1882910 176
1882920 177
1882930 177
1882940 177
1882950 178
1882960 178
1882970 178
1882980 179
1882990 181
1883000 181
1883010 183
1883020 183
1883030 183
1883040 183
1883050 184
1883060 184
1883070 184
1883080 184
1883090 184
1883100 185
1883110 185
1883120 186
1883130 186
1883140 187
1883150 188
1883160 188
1883170 189
1883180 190
1883190 190
1883200 191
1883210 192
1883220 192
1883230 193
1883240 194
1883250 194
1883260 195
1883270 196
1883280 196
1883290 197
1883300 199
1883310 199
1883320 200
1883330 201
1883340 201
1883350 204
1883360 209
1883370 209
1883380 213
1883390 216
1883400 216
1883410 219
1883420 222
1883430 222
1883440 225
1883450 227
1883460 227
1883470 230
1883480 233
1883490 233
1883500 235
1883510 237
1883520 239
1883530 241
1883540 242
1883550 242
1883560 243
1883570 243
1883580 243
1883590 245
1883600 243
1883610 243
1883620 241
1883630 244
1883640 244
1883650 243
1883660 242
1883670 242
1883680 241
1883690 240
1883700 240
1883710 239
1883720 239
1883730 239
1883740 238
1883750 238
1883760 238
1883770 237
1883780 236
1883790 236
1883800 235
1883810 237
1883820 237
1883830 238
1883840 243
1883850 243
1883860 243
1883870 249
1883880 249
1883890 250
1883900 249
1883910 249
1883920 247
1883930 251
1883940 251
1883950 253
1883960 249
1883970 249
1883980 249
1883990 249
1884000 249
1884010 251
1884020 255
1884030 255
1884040 260
1884050 260
1884060 260
1884070 259
1884080 259
1884090 259
1884100 259
1884110 261
1884120 261
1884130 264
1884140 265
1884150 265
1884160 266
1884170 269
1884180 269
1884190 270
1884200 271
1884210 271
1884220 271
1884230 270
1884240 270
1884250 270
1884260 271
1884270 271
1884280 271
1884290 270
1884300 270
1884310 272
1884320 270
1884330 270
1884340 271
1884350 270
1884360 270
1884370 270
1884380 270
1884390 270
1884400 269
1884410 268
1884420 268
1884430 267
1884440 267
1884450 267
1884460 266
1884470 264
1884480 264
1884490 266
1884500 264
1884510 264
1884520 263
1884530 260
1884540 260
1884550 257
1884560 258
1884570 258
1884580 259
1884590 259
1884600 259
1884610 259
1884620 262
1884630 262
1884640 259
1884650 259
1884660 259
1884670 264
1884680 268
1884690 268
1884700 269
1884710 270
1884720 270
1884730 270
1884740 270
1884750 270
1884760 270
1884770 273
1884780 273
1884790 274
1884800 274
1884810 274
1884820 279
1884830 278
1884840 278
1884850 278
1884860 279
1884870 279
1884880 280
1884890 279
1884900 279
1884910 282
1884920 283
1884930 283
1884940 283
1884950 285
1884960 285
1884970 287
1884980 291
1884990 291
1885000 293
1885010 296
1885020 296
1885030 298
1885040 300
1885050 300
1885060 303
1885070 306
1885080 306
1885090 311
1885100 316
1885110 316
1885120 322
1885130 327
1885140 331
1885150 334
1885160 338
1885170 338
1885180 342
1885190 346
1885200 346
1885210 348
1885220 349
1885230 349
1885240 351
1885250 353
1885260 353
1885270 356
1885280 360
1885290 360
1885300 364
1885310 368
1885320 368
1885330 373
1885340 379
1885350 379
1885360 386
1885370 392
1885380 392
1885390 397
1885400 401
1885410 401
1885420 404
1885430 408
1885440 408
1885450 411
1885460 413
1885470 413
1885480 416
1885490 418
1885500 418
1885510 420
1885520 422
1885530 422
1885540 424
1885550 426
1885560 426
1885570 428
1885580 431
1885590 431
1885600 432
1885610 434
1885620 434
1885630 436
1885640 437
1885650 437
1885660 438
1885670 440
1885680 440
1885690 441
1885700 443
1885710 443
1885720 444
1885730 445
1885740 445
1885750 446
1885760 447
1885770 447
1885780 448
1885790 448
1885800 448
1885810 449
1885820 449
1885830 449
1885840 449
1885850 449
1885860 449
1885870 449
1885880 448
1885890 448
1885900 447
1885910 446
1885920 446
1885930 444
1885940 442
1885950 442
1885960 439
1885970 436
1885980 436
1885990 432
1886000 429
1886010 429
1886020 426
1886030 424
1886040 421
1886050 421
1886060 419
1886070 415
1886080 415
1886090 412
1886100 409
1886110 407
1886120 404
1886130 401
1886140 401
1886150 398
1886160 395
1886170 395
1886180 392
1886190 389
1886200 389
1886210 387
1886220 383
1886230 383
1886240 380
1886250 376
1886260 376
1886270 373
1886280 370
1886290 370
1886300 368
1886310 366
1886320 366
1886330 363
1886340 360
1886350 360
1886360 357
1886370 355
1886380 355
1886390 354
1886400 353
1886410 353
1886420 351
1886430 354
1886440 354
1886450 354
1886460 355
1886470 355
1886480 355
1886490 354
1886500 354
1886510 352
1886520 350
1886530 350
1886540 346
1886550 343
1886560 343
1886570 339
1886580 335
1886590 335
1886600 332
1886610 329
1886620 329
1886630 327
1886640 325
1886650 325
1886660 324
1886670 323
1886680 323
1886690 322
1886700 322
1886710 322
1886720 324
1886730 326
1886740 326
1886750 326
1886760 329
1886770 329
1886780 332
1886790 336
1886800 336
1886810 339
1886820 341
1886830 341
1886840 344
1886850 347
1886860 347
1886870 350
1886880 354
1886890 354
1886900 358
1886910 359
1886920 359
1886930 359
1886940 359
1886950 359
1886960 359
1886970 359
1886980 359
1886990 358
1887000 357
1887010 357
1887020 357
1887030 356
1887040 356
1887050 355
1887060 354
1887070 355
1887080 354
1887090 354
1887100 354
1887110 354
1887120 353
1887130 353
1887140 353
1887150 353
1887160 353
1887170 353
1887180 353
1887190 353
1887200 352
1887210 352
1887220 352
1887230 353
1887240 353
1887250 353
1887260 353
1887270 353
1887280 353
1887290 353
1887300 352
1887310 352
1887320 352
1887330 351
1887340 351
1887350 351
1887360 350
1887370 350
1887380 349
1887390 348
1887400 348
1887410 347
1887420 346
1887430 346
1887440 345
1887450 343
1887460 343
1887470 340
1887480 337
1887490 337
1887500 332
1887510 327
1887520 327
1887530 323
1887540 319
1887550 319
1887560 315
1887570 311
1887580 311
1887590 308
1887600 305
1887610 305
1887620 301
1887630 298
1887640 298
1887650 295
1887660 292
1887670 292
1887680 289
1887690 286
1887700 286
1887710 286
1887720 288
1887730 288
1887740 289
1887750 290
1887760 290
1887770 291
1887780 294
1887790 294
1887800 297
1887810 299
1887820 299
1887830 300
1887840 301
1887850 301
1887860 301
1887870 300
1887880 300
1887890 300
1887900 298
1887910 298
1887920 296
1887930 293
1887940 293
1887950 289
1887960 285
1887970 285
1887980 280
1887990 275
1888000 275
1888010 271
1888020 266
1888030 266
1888040 259
1888050 255
1888060 255
1888070 251
1888080 247
1888090 247
1888100 244
1888110 242
1888120 242
1888130 239
1888140 237
1888150 237
1888160 235
1888170 233
1888180 233
1888190 233
1888200 232
1888210 232
1888220 230
1888230 229
1888240 229
1888250 229
1888260 230
1888270 230
1888280 235
1888290 242
1888300 242
1888310 249
1888320 255
1888330 255
1888340 261
1888350 267
1888360 265
1888370 268
1888380 269
1888390 269
1888400 266
1888410 262
1888420 262
1888430 258
1888440 253
1888450 253
1888460 249
1888470 246
1888480 246
1888490 244
1888500 248
1888510 248
1888520 252
1888530 255
1888540 255
1888550 258
1888560 261
1888570 261
1888580 265
1888590 268
1888600 268
1888610 271
1888620 275
1888630 275
1888640 278
1888650 281
1888660 281
1888670 284
1888680 291
1888690 291
1888700 294
1888710 297
1888720 297
1888730 300
1888740 303
1888750 303
1888760 305
1888770 307
1888780 307
1888790 309
1888800 310
1888810 310
1888820 311
1888830 311
1888840 311
1888850 311
1888860 310
1888870 310
1888880 311
1888890 314
1888900 314
1888910 318
1888920 321
1888930 321
1888940 323
1888950 324
1888960 324
1888970 325
1888980 325
1888990 325
1889000 323
1889010 322
1889020 320
1889030 320
1889040 319
1889050 318
1889060 318
1889070 316
1889080 314
1889090 314
1889100 312
1889110 310
1889120 310
1889130 306
1889140 302
1889150 302
1889160 297
1889170 293
1889180 293
1889190 290
1889200 288
1889210 288
1889220 289
1889230 292
1889240 292
1889250 297
1889260 302
1889270 302
1889280 306
1889290 308
1889300 308
1889310 308
1889320 305
1889330 305
1889340 305
1889350 304
1889360 304
1889370 305
1889380 306
1889390 306
1889400 307
1889410 307
1889420 307
1889430 308
1889440 309
1889450 309
1889460 309
1889470 309
1889480 309
1889490 309
1889500 307
1889510 307
1889520 306
1889530 305
1889540 305
1889550 303
1889560 302
1889570 302
1889580 300
1889590 298
1889600 298
1889610 296
1889620 294
1889630 294
1889640 291
1889650 289
1889660 289
1889670 287
1889680 285
1889690 285
1889700 283
1889710 281
1889720 281
1889730 279
1889740 278
1889750 278
1889760 276
1889770 275
1889780 275
1889790 273
1889800 272
1889810 272
1889820 271
1889830 270
1889840 270
1889850 269
1889860 268
1889870 268
1889880 268
1889890 267
1889900 267
1889910 266
1889920 265
1889930 265
1889940 264
1889950 264
1889960 263
1889970 263
1889980 262
1889990 262
1890000 261
1890010 261
1890020 261
1890030 260
1890040 259
1890050 259
1890060 259
1890070 258
1890080 258
1890090 257
1890100 257
1890110 257
1890120 256
1890130 255
1890140 255
1890150 255
1890160 254
1890170 254
1890180 254
1890190 254
1890200 254
1890210 253
1890220 253
1890230 253
1890240 252
1890250 252
1890260 252
1890270 251
1890280 251
1890290 251
1890300 250
1890310 250
1890320 250
1890330 249
1890340 248
1890350 248
1890360 248
1890370 247
1890380 247
1890390 247
1890400 246
1890410 246
1890420 245
1890430 245
1890440 245
1890450 244
1890460 244
1890470 244
1890480 243
1890490 242
1890500 242
1890510 242
1890520 241
1890530 241
1890540 240
1890550 240
1890560 240
1890570 239
1890580 239
1890590 239
1890600 238
1890610 238
1890620 238
1890630 237
1890640 237
1890650 237
1890660 236
1890670 236
1890680 236
1890690 235
1890700 235
1890710 235
1890720 235
1890730 234
1890740 234
1890750 234
1890760 234
1890770 234
1890780 233
1890790 233
1890800 233
1890810 233
1890820 233
1890830 233
1890840 232
1890850 232
1890860 232
1890870 232
1890880 232
1890890 232
1890900 232
1890910 231
1890920 231
1890930 231
1890940 231
1890950 231
1890960 231
1890970 230
1890980 230
1890990 230
1891000 230
1891010 230
1891020 230
1891030 230
1891040 230
1891050 230
1891060 229
1891070 229
1891080 229
1891090 229
1891100 229
1891110 229
1891120 229
1891130 229
1891140 229
1891150 228
1891160 228
1891170 228
1891180 228
1891190 228
1891200 228
1891210 228
1891220 228
1891230 228
1891240 227
1891250 227
1891260 227
1891270 227
1891280 227
1891290 227
1891300 227
1891310 227
1891320 227
1891330 227
1891340 227
1891350 226
1891360 226
1891370 226
1891380 226
1891390 226
1891400 226
1891410 226
1891420 226
1891430 226
1891440 226
1891450 226
1891460 226
1891470 225
1891480 225
1891490 225
1891500 225
1891510 225
1891520 225
1891530 225
1891540 225
1891550 225
1891560 225
1891570 225
1891580 225
1891590 225
1891600 225
1891610 225
1891620 225
1891630 225
1891640 225
1891650 224
1891660 224
1891670 224
1891680 224
1891690 224
1891700 224
1891710 223
1891720 223
1891730 223
1891740 223
1891750 223
1891760 223
1891770 222
1891780 222
1891790 222
1891800 221
1891810 221
1891820 221
1891830 221
1891840 221
1891850 221
1891860 220
1891870 220
1891880 220
1891890 219
1891900 218
1891910 218
1891920 216
1891930 214
1891940 214
1891950 213
1891960 212
1891970 211
1891980 211
1891990 210
1892000 209
1892010 209
1892020 208
1892030 206
1892040 206
1892050 203
1892060 200
1892070 200
1892080 196
1892090 194
1892100 194
1892110 192
1892120 189
1892130 189
1892140 186
1892150 184
1892160 184
1892170 182
1892180 181
1892190 182
1892200 181
1892210 180
1892220 180
1892230 178
1892240 176
1892250 176
1892260 175
1892270 174
1892280 174
1892290 173
1892300 172
1892310 172
1892320 172
1892330 171
1892340 171
1892350 170
1892360 169
1892370 169
1892380 169
1892390 168
1892400 168
1892410 167
1892420 167
1892430 167
1892440 167
1892450 167
1892460 167
1892470 166
1892480 166
1892490 166
1892500 166
1892510 167
1892520 167
1892530 167
1892540 167
1892550 167
1892560 167
1892570 168
1892580 168
1892590 168
1892600 169
1892610 169
1892620 170
1892630 172
1892640 172
1892650 173
1892660 174
1892670 174
1892680 175
1892690 176
1892700 176
1892710 178
1892720 179
1892730 179
1892740 180
1892750 182
1892760 182
1892770 183
1892780 184
1892790 184
1892800 185
1892810 185
1892820 187
1892830 187
1892840 188
1892850 188
1892860 188
1892870 189
1892880 189
1892890 189
1892900 189
1892910 189
1892920 189
1892930 189
1892940 189
1892950 189
1892960 189
1892970 189
1892980 190
1892990 190
1893000 190
1893010 190
1893020 191
1893030 191
1893040 191
1893050 192
1893060 192
1893070 193
1893080 194
1893090 194
1893100 196
1893110 199
1893120 199
1893130 202
1893140 206
1893150 206
1893160 209
1893170 212
1893180 212
1893190 215
1893200 217
1893210 217
1893220 219
1893230 221
1893240 221
1893250 222
1893260 222
1893270 222
1893280 222
1893290 222
1893300 222
1893310 222
1893320 222
1893330 222
1893340 222
1893350 223
1893360 223
1893370 224
1893380 224
1893390 224
1893400 225
1893410 226
1893420 226
1893430 227
1893440 228
1893450 228
1893460 230
1893470 231
1893480 231
1893490 232
1893500 233
1893510 233
1893520 234
1893530 236
1893540 236
1893550 238
1893560 239
1893570 239
1893580 239
1893590 239
1893600 239
1893610 239
1893620 239
1893630 239
1893640 240
1893650 241
1893660 241
1893670 243
1893680 244
1893690 244
1893700 245
1893710 246
1893720 246
1893730 247
1893740 248
1893750 248
1893760 249
1893770 252
1893780 252
1893790 254
1893800 256
1893810 256
1893820 257
1893830 259
1893840 259
1893850 261
1893860 262
1893870 262
1893880 263
1893890 265
1893900 265
1893910 267
1893920 269
1893930 269
1893940 270
1893950 270
1893960 270
1893970 270
1893980 270
1893990 270
1894000 271
1894010 271
1894020 271
1894030 271
1894040 271
1894050 271
1894060 272
1894070 272
1894080 272
1894090 270
1894100 269
1894110 269
1894120 267
1894130 265
1894140 265
1894150 263
1894160 261
1894170 261
1894180 260
1894190 258
1894200 258
1894210 256
1894220 254
1894230 254
1894240 253
1894250 251
1894260 251
1894270 249
1894280 247
1894290 247
1894300 245
1894310 243
1894320 243
1894330 241
1894340 238
1894350 238
1894360 235
1894370 230
1894380 230
1894390 226
1894400 223
1894410 223
1894420 218
1894430 213
1894440 213
1894450 207
1894460 203
1894470 203
1894480 200
1894490 197
1894500 197
1894510 199
1894520 199
1894530 199
1894540 199
1894550 198
1894560 198
1894570 197
1894580 195
1894590 195
1894600 194
1894610 193
1894620 193
1894630 192
1894640 191
1894650 191
1894660 189
1894670 187
1894680 187
1894690 185
1894700 182
1894710 182
1894720 178
1894730 177
1894740 177
1894750 176
1894760 174
1894770 174
1894780 171
1894790 168
1894800 168
1894810 166
1894820 164
1894830 164
1894840 162
1894850 162
1894860 162
1894870 161
1894880 161
1894890 161
1894900 160
1894910 158
1894920 158
1894930 156
1894940 156
1894950 156
1894960 155
1894970 154
1894980 155
1894990 155
1895000 156
1895010 155
1895020 155
1895030 148
1895040 144
1895050 144
1895060 141
1895070 139
1895080 139
1895090 139
1895100 139
1895110 139
1895120 139
1895130 139
1895140 139
1895150 139
1895160 139
1895170 139
1895180 139
1895190 139
1895200 139
1895210 139
1895220 139
1895230 139
1895240 139
1895250 140
1895260 140
1895270 141
1895280 142
1895290 142
1895300 142
1895310 142
1895320 142
1895330 142
1895340 142
1895350 142
1895360 142
1895370 142
1895380 142
1895390 142
1895400 141
1895410 141
1895420 140
1895430 139
1895440 139
1895450 139
1895460 139
1895470 139
1895480 139
1895490 139
1895500 139
1895510 139
1895520 139
1895530 139
1895540 139
1895550 139
1895560 139
1895570 139
1895580 139
1895590 139
1895600 139
1895610 139
1895620 139
1895630 139
1895640 139
1895650 139
1895660 139
1895670 139
1895680 139
1895690 139
1895700 139
1895710 139
1895720 139
1895730 139
1895740 139
1895750 139
1895760 139
1895770 139
1895780 139
1895790 139
1895800 139
1895810 139
1895820 139
1895830 139
1895840 139
1895850 139
1895860 139
1895870 139
1895880 139
1895890 139
1895900 139
1895910 139
1895920 139
1895930 138
1895940 138
1895950 138
1895960 138
1895970 138
1895980 138
1895990 138
1896000 138
1896010 138
1896020 138
1896030 138
1896040 138
1896050 138
1896060 138
1896070 138
1896080 138
1896090 138
1896100 138
1896110 138
1896120 138
1896130 138
1896140 138
1896150 139
1896160 139
1896170 139
1896180 139
1896190 139
1896200 139
1896210 139
1896220 139
1896230 139
1896240 139
1896250 139
1896260 139
1896270 139
1896280 139
1896290 139
1896300 139
1896310 139
1896320 139
1896330 139
1896340 139
1896350 139
1896360 139
1896370 139
1896380 139
1896390 139
1896400 139
1896410 139
1896420 139
1896430 139
1896440 138
1896450 138
1896460 138
1896470 138
1896480 138
1896490 138
1896500 139
1896510 139
1896520 139
1896530 139
1896540 139
1896550 139
1896560 139
1896570 139
1896580 139
1896590 139
1896600 139
1896610 139
1896620 138
1896630 138
1896640 138
1896650 138
1896660 139
1896670 139
1896680 139
1896690 139
1896700 139
1896710 139
1896720 139
1896730 139
1896740 139
1896750 139
1896760 139
1896770 139
1896780 139
1896790 139
1896800 139
1896810 139
1896820 139
1896830 139
1896840 139
1896850 139
1896860 139
1896870 139
1896880 139
1896890 139
1896900 139
1896910 139
1896920 139
1896930 139
1896940 139
1896950 139
1896960 139
1896970 139
1896980 138
1896990 138
1897000 138
1897010 138
1897020 138
1897030 138
1897040 138
1897050 138
1897060 138
1897070 138
1897080 139
1897090 139
1897100 139
1897110 139
1897120 139
1897130 139
1897140 139
1897150 139
1897160 139
1897170 138
1897180 138
1897190 138
1897200 138
1897210 138
1897220 138
1897230 138
1897240 138
1897250 138
1897260 138
1897270 138
1897280 138
1897290 138
1897300 138
1897310 138
1897320 138
1897330 138
1897340 138
1897350 138
1897360 138
1897370 139
1897380 139
1897390 139
1897400 139
1897410 139
1897420 139
1897430 139
1897440 139
1897450 139
1897460 139
1897470 138
1897480 138
1897490 138
1897500 138
1897510 138
1897520 138
1897530 138
1897540 138
1897550 139
1897560 139
1897570 139
1897580 138
1897590 138
1897600 138
1897610 138
1897620 138
1897630 138
1897640 139
1897650 138
1897660 138
1897670 139
1897680 138
1897690 138
1897700 138
1897710 138
1897720 138
1897730 138
1897740 138
1897750 138
1897760 139
1897770 139
1897780 139
1897790 139
1897800 138
1897810 138
1897820 139
1897830 139
1897840 139
1897850 139
1897860 138
1897870 138
1897880 138
1897890 138
1897900 138
1897910 138
1897920 138
1897930 138
1897940 139
1897950 139
1897960 139
1897970 139
1897980 138
1897990 138
1898000 138
1898010 138
1898020 138
1898030 138
1898040 138
1898050 138
1898060 138
1898070 137
1898080 136
1898090 136
1898100 136
1898110 136
1898120 136
1898130 136
1898140 137
1898150 137
1898160 138
1898170 139
1898180 139
1898190 138
1898200 138
1898210 138
1898220 138
1898230 138
1898240 138
1898250 138
1898260 138
1898270 138
1898280 138
1898290 138
1898300 138
1898310 138
1898320 138
1898330 138
1898340 138
1898350 138
1898360 138
1898370 138
1898380 138
1898390 138
1898400 138
1898410 138
1898420 138
1898430 138
1898440 138
1898450 138
1898460 138
1898470 138
1898480 138
1898490 138
1898500 138
1898510 138
1898520 138
1898530 138
1898540 138
1898550 138
1898560 138
1898570 138
1898580 138
1898590 138
1898600 138
1898610 138
1898620 138
1898630 138
1898640 138
1898650 138
1898660 138
1898670 138
1898680 138
1898690 138
1898700 138
1898710 138
1898720 138
1898730 138
1898740 138
1898750 138
1898760 138
1898770 138
1898780 138
1898790 138
1898800 138
1898810 138
1898820 138
1898830 138
1898840 138
1898850 138
1898860 138
1898870 138
1898880 138
1898890 138
1898900 138
1898910 138
1898920 138
1898930 138
1898940 138
1898950 138
1898960 138
1898970 138
1898980 138
1898990 138
1899000 138
1899010 138
1899020 138
1899030 138
1899040 138
1899050 138
1899060 138
1899070 138
1899080 138
1899090 138
1899100 138
1899110 138
1899120 138
1899130 138
1899140 138
1899150 138
1899160 138
1899170 138
1899180 138
1899190 138
1899200 138
1899210 138
1899220 138
1899230 138
1899240 138
1899250 138
1899260 138
1899270 138
1899280 138
1899290 138
1899300 138
1899310 138
1899320 138
1899330 138
1899340 138
1899350 138
1899360 138
1899370 138
1899380 138
1899390 138
1899400 138
1899410 138
1899420 138
1899430 138
1899440 138
1899450 138
1899460 138
1899470 138
1899480 138
1899490 138
1899500 138
1899510 138
1899520 138
1899530 138
1899540 138
1899550 138
1899560 138
1899570 138
1899580 138
1899590 138
1899600 138
1899610 139
1899620 139
1899630 138
1899640 138
1899650 138
1899660 138
1899670 138
1899680 138
1899690 138
1899700 138
1899710 138
1899720 138
1899730 138
1899740 138
1899750 138
1899760 138
1899770 138
1899780 138
1899790 138
1899800 138
1899810 138
1899820 137
1899830 137
1899840 138
1899850 138
1899860 138
1899870 138
1899880 138
1899890 138
1899900 138
1899910 138
1899920 138
1899930 138
1899940 138
1899950 138
1899960 138
1899970 138
1899980 138
1899990 138
