1880000 142
1880010 142
1880020 143
1880030 143
1880040 142
1880050 142
1880060 142
1880070 142
1880080 142
1880090 142
1880100 142
1880110 142
1880120 142
1880130 142
1880140 140
1880150 140
1880160 139
1880170 139
1880180 139
1880190 139
1880200 139
1880210 139
1880220 139
1880230 139
1880240 139
1880250 140
1880260 142
1880270 143
1880280 143
1880290 143
1880300 143
1880310 143
1880320 142
1880330 142
1880340 142
1880350 142
1880360 142
1880370 142
1880380 142
1880390 142
1880400 142
1880410 142
1880420 143
1880430 143
1880440 143
1880450 142
1880460 142
1880470 142
1880480 142
1880490 142
1880500 142
1880510 142
1880520 142
1880530 142
1880540 142
1880550 142
1880560 142
1880570 142
1880580 142
1880590 142
1880600 142
1880610 142
1880620 143
1880630 143
1880640 143
1880650 143
1880660 143
1880670 143
1880680 143
1880690 143
1880700 143
1880710 143
1880720 141
1880730 141
1880740 140
1880750 139
1880760 139
1880770 139
1880780 139
1880790 139
1880800 139
1880810 140
1880820 140
1880830 142
1880840 143
1880850 143
1880860 143
1880870 143
1880880 143
1880890 143
1880900 147
1880910 147
1880920 153
1880930 158
1880940 158
1880950 160
1880960 161
1880970 161
1880980 163
1880990 167
1881000 167
1881010 170
1881020 171
1881030 171
1881040 172
1881050 172
1881060 172
1881070 172
1881080 172
1881090 172
1881100 172
1881110 172
1881120 172
1881130 172
1881140 171
1881150 171
1881160 170
1881170 170
1881180 170
1881190 169
1881200 168
1881210 168
1881220 168
1881230 167
1881240 167
1881250 166
1881260 166
1881270 166
1881280 164
1881290 164
1881300 164
1881310 164
1881320 163
1881330 163
1881340 162
1881350 162
1881360 162
1881370 161
1881380 160
1881390 160
1881400 160
1881410 159
1881420 159
1881430 159
1881440 158
1881450 158
1881460 158
1881470 157
1881480 157
1881490 157
1881500 156
1881510 156
1881520 156
1881530 156
1881540 156
1881550 156
1881560 155
1881570 155
1881580 154
1881590 153
1881600 153
1881610 153
1881620 153
1881630 153
1881640 152
1881650 152
1881660 152
1881670 151
1881680 151
1881690 151
1881700 150
1881710 150
1881720 150
1881730 150
1881740 150
1881750 150
1881760 150
1881770 150
1881780 150
1881790 149
1881800 149
1881810 149
1881820 149
1881830 149
1881840 149
1881850 149
1881860 150
1881870 150
1881880 150
1881890 150
1881900 150
1881910 150
1881920 151
1881930 151
1881940 151
1881950 151
1881960 151
1881970 152
1881980 152
1881990 152
1882000 152
1882010 153
1882020 152
1882030 152
1882040 152
1882050 152
1882060 152
1882070 153
1882080 153
1882090 153
1882100 154
1882110 154
1882120 154
1882130 154
1882140 154
1882150 155
1882160 155
1882170 155
1882180 155
1882190 156
1882200 156
1882210 156
1882220 157
1882230 157
1882240 157
1882250 158
1882260 158
1882270 159
1882280 159
1882290 159
1882300 160
1882310 161
1882320 161
1882330 162
1882340 163
1882350 163
1882360 164
1882370 164
1882380 164
1882390 164
1882400 166
1882410 166
1882420 168
1882430 169
1882440 169
1882450 170
1882460 171
1882470 171
1882480 171
1882490 172
1882500 172
1882510 171
1882520 171
1882530 171
1882540 172
1882550 174
1882560 174
1882570 174
1882580 177
1882590 177
1882600 181
1882610 181
1882620 181
1882630 181
1882640 181
1882650 181
1882660 182
1882670 184
1882680 184
1882690 185
1882700 186
1882710 186
1882720 187
1882730 188
1882740 188
1882750 189
1882760 190
1882770 190
1882780 191
1882790 192
1882800 192
1882810 193
1882820 196
1882830 196
1882840 196
1882850 198
1882860 198
1882870 198
1882880 197
1882890 197
1882900 197
1882910 197
1882920 197
1882930 197
1882940 198
1882950 198
1882960 200
1882970 206
1882980 206
1882990 210
1883000 214
1883010 214
1883020 220
1883030 219
1883040 219
1883050 219
1883060 220
1883070 220
1883080 222
1883090 222
1883100 222
1883110 223
1883120 221
1883130 221
1883140 223
1883150 227
1883160 227
1883170 227
1883180 231
1883190 231
1883200 237
1883210 241
1883220 241
1883230 243
1883240 253
1883250 253
1883260 258
1883270 263
1883280 263
1883290 266
1883300 263
1883310 258
1883320 256
1883330 256
1883340 256
1883350 256
1883360 256
1883370 261
1883380 261
1883390 268
1883400 271
1883410 271
1883420 274
1883430 276
1883440 276
1883450 277
1883460 277
1883470 277
1883480 278
1883490 278
1883500 278
1883510 278
1883520 279
1883530 279
1883540 279
1883550 279
1883560 279
1883570 280
1883580 280
1883590 280
1883600 282
1883610 289
1883620 289
1883630 296
1883640 289
1883650 289
1883660 296
1883670 300
1883680 300
1883690 300
1883700 300
1883710 300
1883720 300
1883730 300
1883740 300
1883750 300
1883760 300
1883770 300
1883780 300
1883790 300
1883800 300
1883810 307
1883820 319
1883830 319
1883840 321
1883850 320
1883860 320
1883870 318
1883880 316
1883890 316
1883900 313
1883910 310
1883920 310
1883930 309
1883940 308
1883950 308
1883960 306
1883970 304
1883980 304
1883990 303
1884000 302
1884010 302
1884020 300
1884030 299
1884040 299
1884050 297
1884060 295
1884070 295
1884080 294
1884090 294
1884100 294
1884110 293
1884120 292
1884130 292
1884140 292
1884150 292
1884160 292
1884170 292
1884180 292
1884190 292
1884200 291
1884210 289
1884220 289
1884230 287
1884240 285
1884250 285
1884260 285
1884270 285
1884280 285
1884290 282
1884300 283
1884310 283
1884320 284
1884330 285
1884340 285
1884350 288
1884360 290
1884370 290
1884380 293
1884390 296
1884400 296
1884410 301
1884420 306
1884430 306
1884440 311
1884450 315
1884460 315
1884470 319
1884480 323
1884490 323
1884500 326
1884510 330
1884520 330
1884530 335
1884540 338
1884550 338
1884560 340
1884570 342
1884580 342
1884590 344
1884600 345
1884610 345
1884620 345
1884630 347
1884640 347
1884650 348
1884660 349
1884670 349
1884680 350
1884690 352
1884700 352
1884710 354
1884720 355
1884730 355
1884740 357
1884750 358
1884760 358
1884770 360
1884780 362
1884790 362
1884800 363
1884810 365
1884820 365
1884830 367
1884840 369
1884850 369
1884860 370
1884870 372
1884880 372
1884890 373
1884900 375
1884910 375
1884920 377
1884930 378
1884940 379
1884950 380
1884960 382
1884970 382
1884980 383
1884990 385
1885000 385
1885010 386
1885020 388
1885030 388
1885040 391
1885050 394
1885060 394
1885070 397
1885080 399
1885090 399
1885100 401
1885110 403
1885120 403
1885130 405
1885140 408
1885150 408
1885160 411
1885170 413
1885180 413
1885190 415
1885200 417
1885210 417
1885220 420
1885230 422
1885240 422
1885250 424
1885260 428
1885270 428
1885280 430
1885290 432
1885300 432
1885310 435
1885320 437
1885330 437
1885340 440
1885350 442
1885360 442
1885370 444
1885380 446
1885390 446
1885400 448
1885410 450
1885420 450
1885430 452
1885440 454
1885450 454
1885460 456
1885470 458
1885480 458
1885490 461
1885500 463
1885510 463
1885520 464
1885530 466
1885540 466
1885550 468
1885560 469
1885570 469
1885580 471
1885590 473
1885600 473
1885610 474
1885620 474
1885630 474
1885640 475
1885650 476
1885660 476
1885670 476
1885680 476
1885690 476
1885700 476
1885710 476
1885720 476
1885730 476
1885740 475
1885750 475
1885760 474
1885770 471
1885780 471
1885790 469
1885800 467
1885810 467
1885820 465
1885830 462
1885840 462
1885850 458
1885860 456
1885870 456
1885880 454
1885890 453
1885900 453
1885910 451
1885920 450
1885930 450
1885940 446
1885950 439
1885960 439
1885970 430
1885980 427
1885990 427
1886000 427
1886010 426
1886020 426
1886030 426
1886040 424
1886050 424
1886060 421
1886070 417
1886080 417
1886090 414
1886100 411
1886110 411
1886120 408
1886130 405
1886140 405
1886150 401
1886160 398
1886170 398
1886180 395
1886190 391
1886200 391
1886210 388
1886220 385
1886230 389
1886240 385
1886250 381
1886260 381
1886270 378
1886280 375
1886290 375
1886300 370
1886310 364
1886320 364
1886330 359
1886340 354
1886350 350
1886360 350
1886370 346
1886380 342
1886390 342
1886400 338
1886410 332
1886420 332
1886430 327
1886440 322
1886450 322
1886460 319
1886470 317
1886480 317
1886490 315
1886500 313
1886510 313
1886520 311
1886530 309
1886540 309
1886550 308
1886560 307
1886570 307
1886580 306
1886590 306
1886600 306
1886610 305
1886620 305
1886630 305
1886640 304
1886650 303
1886660 303
1886670 300
1886680 295
1886690 295
1886700 292
1886710 289
1886720 289
1886730 287
1886740 285
1886750 285
1886760 284
1886770 283
1886780 283
1886790 282
1886800 281
1886810 281
1886820 282
1886830 282
1886840 282
1886850 286
1886860 291
1886870 291
1886880 296
1886890 301
1886900 301
1886910 306
1886920 311
1886930 311
1886940 317
1886950 322
1886960 322
1886970 328
1886980 332
1886990 332
1887000 335
1887010 337
1887020 337
1887030 339
1887040 340
1887050 340
1887060 341
1887070 342
1887080 342
1887090 342
1887100 342
1887110 342
1887120 341
1887130 339
1887140 339
1887150 335
1887160 330
1887170 330
1887180 325
1887190 319
1887200 319
1887210 313
1887220 308
1887230 308
1887240 303
1887250 299
1887260 299
1887270 296
1887280 293
1887290 293
1887300 291
1887310 291
1887320 291
1887330 293
1887340 295
1887350 295
1887360 295
1887370 291
1887380 291
1887390 287
1887400 286
1887410 286
1887420 288
1887430 289
1887440 289
1887450 287
1887460 285
1887470 285
1887480 281
1887490 284
1887500 284
1887510 289
1887520 295
1887530 295
1887540 298
1887550 301
1887560 301
1887570 303
1887580 304
1887590 304
1887600 306
1887610 307
1887620 307
1887630 310
1887640 311
1887650 311
1887660 310
1887670 309
1887680 309
1887690 307
1887700 303
1887710 303
1887720 298
1887730 292
1887740 292
1887750 287
1887760 283
1887770 283
1887780 280
1887790 278
1887800 278
1887810 278
1887820 280
1887830 280
1887840 275
1887850 274
1887860 274
1887870 271
1887880 268
1887890 268
1887900 264
1887910 260
1887920 260
1887930 256
1887940 252
1887950 252
1887960 248
1887970 244
1887980 244
1887990 241
1888000 239
1888010 239
1888020 239
1888030 243
1888040 243
1888050 248
1888060 253
1888070 253
1888080 258
1888090 262
1888100 262
1888110 263
1888120 261
1888130 261
1888140 257
1888150 254
1888160 253
1888170 250
1888180 245
1888190 245
1888200 240
1888210 234
1888220 234
1888230 229
1888240 223
1888250 223
1888260 218
1888270 214
1888280 214
1888290 215
1888300 214
1888310 214
1888320 214
1888330 217
1888340 217
1888350 221
1888360 227
1888370 227
1888380 234
1888390 238
1888400 238
1888410 240
1888420 241
1888430 241
1888440 243
1888450 248
1888460 248
1888470 253
1888480 258
1888490 258
1888500 262
1888510 266
1888520 266
1888530 269
1888540 271
1888550 271
1888560 272
1888570 271
1888580 271
1888590 266
1888600 261
1888610 261
1888620 256
1888630 253
1888640 253
1888650 251
1888660 248
1888670 248
1888680 246
1888690 246
1888700 246
1888710 246
1888720 248
1888730 248
1888740 251
1888750 255
1888760 255
1888770 259
1888780 263
1888790 263
1888800 267
1888810 269
1888820 269
1888830 270
1888840 271
1888850 271
1888860 271
1888870 271
1888880 271
1888890 270
1888900 268
1888910 268
1888920 266
1888930 264
1888940 264
1888950 261
1888960 257
1888970 257
1888980 253
1888990 251
1889000 251
1889010 246
1889020 249
1889030 249
1889040 253
1889050 258
1889060 258
1889070 263
1889080 269
1889090 269
1889100 274
1889110 279
1889120 280
1889130 283
1889140 286
1889150 286
1889160 289
1889170 291
1889180 291
1889190 294
1889200 297
1889210 297
1889220 299
1889230 301
1889240 301
1889250 302
1889260 303
1889270 303
1889280 302
1889290 301
1889300 301
1889310 300
1889320 298
1889330 298
1889340 297
1889350 297
1889360 297
1889370 297
1889380 297
1889390 297
1889400 297
1889410 296
1889420 296
1889430 296
1889440 291
1889450 290
1889460 290
1889470 288
1889480 285
1889490 285
1889500 282
1889510 279
1889520 279
1889530 276
1889540 273
1889550 273
1889560 271
1889570 269
1889580 269
1889590 266
1889600 264
1889610 264
1889620 261
1889630 258
1889640 258
1889650 255
1889660 252
1889670 252
1889680 249
1889690 246
1889700 246
1889710 243
1889720 239
1889730 239
1889740 235
1889750 232
1889760 230
1889770 227
1889780 226
1889790 226
1889800 224
1889810 221
1889820 221
1889830 218
1889840 216
1889850 216
1889860 212
1889870 210
1889880 210
1889890 211
1889900 214
1889910 214
1889920 217
1889930 219
1889940 219
1889950 222
1889960 224
1889970 224
1889980 225
1889990 225
1890000 225
1890010 225
1890020 224
1890030 224
1890040 223
1890050 222
1890060 222
1890070 220
1890080 216
1890090 216
1890100 213
1890110 212
1890120 212
1890130 212
1890140 212
1890150 212
1890160 212
1890170 211
1890180 211
1890190 210
1890200 210
1890210 210
1890220 209
1890230 208
1890240 208
1890250 207
1890260 207
1890270 207
1890280 207
1890290 206
1890300 206
1890310 206
1890320 206
1890330 206
1890340 205
1890350 205
1890360 205
1890370 204
1890380 203
1890390 203
1890400 199
1890410 198
1890420 198
1890430 197
1890440 196
1890450 196
1890460 196
1890470 195
1890480 195
1890490 195
1890500 194
1890510 194
1890520 193
1890530 193
1890540 193
1890550 193
1890560 192
1890570 192
1890580 192
1890590 192
1890600 192
1890610 192
1890620 192
1890630 192
1890640 192
1890650 191
1890660 191
1890670 191
1890680 191
1890690 191
1890700 191
1890710 190
1890720 189
1890730 189
1890740 189
1890750 189
1890760 188
1890770 188
1890780 188
1890790 188
1890800 187
1890810 187
1890820 187
1890830 187
1890840 187
1890850 187
1890860 187
1890870 187
1890880 186
1890890 186
1890900 186
1890910 185
1890920 185
1890930 185
1890940 185
1890950 185
1890960 185
1890970 184
1890980 184
1890990 184
1891000 184
1891010 184
1891020 184
1891030 184
1891040 182
1891050 182
1891060 182
1891070 182
1891080 182
1891090 182
1891100 182
1891110 182
1891120 181
1891130 181
1891140 181
1891150 180
1891160 180
1891170 180
1891180 181
1891190 181
1891200 181
1891210 180
1891220 179
1891230 179
1891240 178
1891250 177
1891260 177
1891270 177
1891280 176
1891290 176
1891300 176
1891310 176
1891320 176
1891330 176
1891340 177
1891350 177
1891360 175
1891370 176
1891380 176
1891390 176
1891400 176
1891410 176
1891420 176
1891430 176
1891440 176
1891450 176
1891460 176
1891470 176
1891480 176
1891490 176
1891500 176
1891510 176
1891520 175
1891530 175
1891540 175
1891550 175
1891560 175
1891570 175
1891580 175
1891590 175
1891600 175
1891610 175
1891620 175
1891630 175
1891640 175
1891650 175
1891660 175
1891670 174
1891680 174
1891690 173
1891700 173
1891710 173
1891720 173
1891730 173
1891740 173
1891750 172
1891760 172
1891770 172
1891780 172
1891790 171
1891800 171
1891810 171
1891820 171
1891830 171
1891840 170
1891850 170
1891860 170
1891870 169
1891880 169
1891890 169
1891900 169
1891910 168
1891920 168
1891930 168
1891940 168
1891950 168
1891960 167
1891970 166
1891980 166
1891990 165
1892000 165
1892010 165
1892020 165
1892030 164
1892040 164
1892050 164
1892060 164
1892070 164
1892080 164
1892090 163
1892100 163
1892110 163
1892120 163
1892130 163
1892140 163
1892150 162
1892160 162
1892170 162
1892180 162
1892190 162
1892200 161
1892210 161
1892220 161
1892230 161
1892240 161
1892250 161
1892260 160
1892270 160
1892280 160
1892290 161
1892300 160
1892310 159
1892320 160
1892330 160
1892340 160
1892350 161
1892360 161
1892370 161
1892380 162
1892390 163
1892400 163
1892410 164
1892420 165
1892430 165
1892440 167
1892450 168
1892460 168
1892470 169
1892480 169
1892490 169
1892500 170
1892510 171
1892520 173
1892530 173
1892540 174
1892550 177
1892560 177
1892570 179
1892580 182
1892590 182
1892600 184
1892610 184
1892620 184
1892630 182
1892640 181
1892650 181
1892660 178
1892670 175
1892680 175
1892690 174
1892700 172
1892710 172
1892720 172
1892730 172
1892740 172
1892750 172
1892760 173
1892770 173
1892780 175
1892790 176
1892800 176
1892810 177
1892820 180
1892830 180
1892840 183
1892850 185
1892860 185
1892870 187
1892880 188
1892890 188
1892900 188
1892910 190
1892920 190
1892930 190
1892940 188
1892950 188
1892960 191
1892970 193
1892980 193
1892990 195
1893000 196
1893010 196
1893020 197
1893030 196
1893040 196
1893050 196
1893060 195
1893070 195
1893080 195
1893090 193
1893100 193
1893110 190
1893120 186
1893130 186
1893140 182
1893150 185
1893160 185
1893170 190
1893180 194
1893190 194
1893200 197
1893210 199
1893220 199
1893230 201
1893240 204
1893250 204
1893260 206
1893270 208
1893280 208
1893290 211
1893300 212
1893310 212
1893320 213
1893330 214
1893340 214
1893350 215
1893360 216
1893370 216
1893380 218
1893390 219
1893400 219
1893410 222
1893420 224
1893430 224
1893440 224
1893450 222
1893460 222
1893470 219
1893480 216
1893490 216
1893500 212
1893510 209
1893520 209
1893530 204
1893540 206
1893550 206
1893560 211
1893570 216
1893580 214
1893590 216
1893600 217
1893610 217
1893620 218
1893630 219
1893640 219
1893650 220
1893660 222
1893670 222
1893680 223
1893690 224
1893700 224
1893710 224
1893720 224
1893730 224
1893740 223
1893750 222
1893760 222
1893770 222
1893780 224
1893790 224
1893800 226
1893810 226
1893820 226
1893830 225
1893840 224
1893850 224
1893860 223
1893870 221
1893880 221
1893890 216
1893900 215
1893910 215
1893920 213
1893930 211
1893940 211
1893950 209
1893960 207
1893970 207
1893980 205
1893990 203
1894000 203
1894010 202
1894020 200
1894030 200
1894040 197
1894050 194
1894060 194
1894070 191
1894080 189
1894090 189
1894100 186
1894110 184
1894120 184
1894130 182
1894140 180
1894150 180
1894160 179
1894170 178
1894180 178
1894190 176
1894200 175
1894210 172
1894220 171
1894230 170
1894240 170
1894250 168
1894260 167
1894270 167
1894280 166
1894290 165
1894300 165
1894310 163
1894320 162
1894330 162
1894340 161
1894350 160
1894360 160
1894370 158
1894380 158
1894390 158
1894400 158
1894410 158
1894420 158
1894430 157
1894440 156
1894450 156
1894460 155
1894470 154
1894480 154
1894490 151
1894500 150
1894510 150
1894520 148
1894530 144
1894540 144
1894550 143
1894560 142
1894570 142
1894580 142
1894590 142
1894600 142
1894610 142
1894620 142
1894630 142
1894640 141
1894650 140
1894660 140
1894670 140
1894680 141
1894690 141
1894700 141
1894710 138
1894720 138
1894730 137
1894740 137
1894750 137
1894760 136
1894770 136
1894780 136
1894790 137
1894800 137
1894810 137
1894820 137
1894830 137
1894840 138
1894850 138
1894860 138
1894870 138
1894880 138
1894890 138
1894900 138
1894910 138
1894920 138
1894930 138
1894940 138
1894950 138
1894960 138
1894970 138
1894980 138
1894990 138
1895000 138
1895010 138
1895020 138
1895030 138
1895040 138
1895050 138
1895060 138
1895070 138
1895080 138
1895090 138
1895100 138
1895110 138
1895120 138
1895130 138
1895140 138
1895150 138
1895160 139
1895170 139
1895180 139
1895190 139
1895200 139
1895210 138
1895220 138
1895230 138
1895240 138
1895250 138
1895260 138
1895270 138
1895280 138
1895290 138
1895300 138
1895310 138
1895320 138
1895330 138
1895340 138
1895350 138
1895360 138
1895370 138
1895380 138
1895390 138
1895400 138
1895410 138
1895420 138
1895430 138
1895440 138
1895450 138
1895460 139
1895470 138
1895480 138
1895490 139
1895500 139
1895510 139
1895520 139
1895530 139
1895540 138
1895550 138
1895560 138
1895570 138
1895580 138
1895590 138
1895600 138
1895610 138
1895620 138
1895630 138
1895640 138
1895650 138
1895660 137
1895670 138
1895680 138
1895690 138
1895700 138
1895710 138
1895720 138
1895730 138
1895740 138
1895750 138
1895760 138
1895770 138
1895780 138
1895790 138
1895800 138
1895810 138
1895820 138
1895830 138
1895840 138
1895850 138
1895860 138
1895870 138
1895880 138
1895890 138
1895900 138
1895910 138
1895920 138
1895930 138
1895940 138
1895950 137
1895960 137
1895970 137
1895980 138
1895990 138
1896000 137
1896010 136
1896020 136
1896030 136
1896040 136
1896050 136
1896060 136
1896070 136
1896080 136
1896090 136
1896100 136
1896110 136
1896120 137
1896130 137
1896140 137
1896150 137
1896160 137
1896170 137
1896180 137
1896190 138
1896200 138
1896210 138
1896220 138
1896230 138
1896240 139
1896250 139
1896260 139
1896270 139
1896280 139
1896290 139
1896300 139
1896310 139
1896320 139
1896330 139
1896340 139
1896350 139
1896360 139
1896370 139
1896380 139
1896390 139
1896400 138
1896410 138
1896420 138
1896430 138
1896440 138
1896450 138
1896460 139
1896470 139
1896480 139
1896490 139
1896500 139
1896510 139
1896520 139
1896530 139
1896540 139
1896550 139
1896560 139
1896570 139
1896580 139
1896590 139
1896600 139
1896610 139
1896620 139
1896630 138
1896640 138
1896650 138
1896660 138
1896670 138
1896680 138
1896690 138
1896700 138
1896710 138
1896720 138
1896730 138
1896740 138
1896750 138
1896760 138
1896770 138
1896780 138
1896790 138
1896800 138
1896810 138
1896820 138
1896830 138
1896840 137
1896850 137
1896860 137
1896870 138
1896880 138
1896890 138
1896900 138
1896910 137
1896920 137
1896930 137
1896940 137
1896950 137
1896960 137
1896970 137
1896980 137
1896990 137
1897000 138
1897010 138
1897020 138
1897030 138
1897040 138
1897050 138
1897060 138
1897070 138
1897080 138
1897090 138
1897100 138
1897110 138
1897120 138
1897130 138
1897140 138
1897150 138
1897160 138
1897170 138
1897180 138
1897190 138
1897200 138
1897210 138
1897220 138
1897230 138
1897240 138
1897250 138
1897260 138
1897270 138
1897280 138
1897290 138
1897300 137
1897310 137
1897320 137
1897330 137
1897340 137
1897350 137
1897360 138
1897370 138
1897380 138
1897390 138
1897400 138
1897410 138
1897420 138
1897430 138
1897440 138
1897450 138
1897460 138
1897470 138
1897480 138
1897490 138
1897500 138
1897510 138
1897520 138
1897530 138
1897540 138
1897550 138
1897560 138
1897570 138
1897580 138
1897590 138
1897600 138
1897610 138
1897620 138
1897630 138
1897640 138
1897650 138
1897660 138
1897670 138
1897680 138
1897690 138
1897700 138
1897710 138
1897720 137
1897730 137
1897740 137
1897750 137
1897760 137
1897770 137
1897780 138
1897790 138
1897800 138
1897810 138
1897820 138
1897830 137
1897840 137
1897850 137
1897860 137
1897870 137
1897880 137
1897890 137
1897900 137
1897910 137
1897920 137
1897930 137
1897940 137
1897950 137
1897960 137
1897970 137
1897980 137
1897990 137
1898000 137
1898010 138
1898020 138
1898030 138
1898040 138
1898050 138
1898060 138
1898070 138
1898080 138
1898090 138
1898100 138
1898110 137
1898120 137
1898130 137
1898140 137
1898150 137
1898160 137
1898170 136
1898180 136
1898190 136
1898200 137
1898210 137
1898220 137
1898230 137
1898240 137
1898250 137
1898260 137
1898270 137
1898280 137
1898290 137
1898300 137
1898310 137
1898320 137
1898330 137
1898340 137
1898350 137
1898360 137
1898370 137
1898380 137
1898390 137
1898400 137
1898410 137
1898420 137
1898430 137
1898440 137
1898450 137
1898460 137
1898470 137
1898480 137
1898490 137
1898500 137
1898510 137
1898520 137
1898530 137
1898540 137
1898550 137
1898560 137
1898570 137
1898580 138
1898590 138
1898600 138
1898610 137
1898620 136
1898630 136
1898640 135
1898650 136
1898660 136
1898670 137
1898680 137
1898690 137
1898700 137
1898710 137
1898720 137
1898730 137
1898740 137
1898750 137
1898760 137
1898770 137
1898780 137
1898790 137
1898800 137
1898810 137
1898820 137
1898830 137
1898840 137
1898850 137
1898860 137
1898870 137
1898880 137
1898890 137
1898900 137
1898910 137
1898920 138
1898930 138
1898940 138
1898950 138
1898960 138
1898970 138
1898980 138
1898990 138
1899000 138
1899010 138
1899020 138
1899030 138
1899040 138
1899050 138
1899060 138
1899070 138
1899080 138
1899090 138
1899100 138
1899110 138
1899120 138
1899130 138
1899140 138
1899150 138
1899160 137
1899170 137
1899180 137
1899190 137
1899200 137
1899210 137
1899220 137
1899230 137
1899240 137
1899250 137
1899260 137
1899270 137
1899280 137
1899290 137
1899300 137
1899310 137
1899320 137
1899330 137
1899340 137
1899350 137
1899360 137
1899370 137
1899380 137
1899390 137
1899400 136
1899410 135
1899420 135
1899430 134
1899440 134
1899450 134
1899460 135
1899470 135
1899480 135
1899490 135
1899500 135
1899510 135
1899520 135
1899530 136
1899540 136
1899550 136
1899560 135
1899570 135
1899580 135
1899590 136
1899600 136
1899610 137
1899620 137
1899630 137
