1880000 139
1880010 139
1880020 141
1880030 141
1880040 141
1880050 141
1880060 141
1880070 140
1880080 141
1880090 141
1880100 142
1880110 143
1880120 143
1880130 143
1880140 143
1880150 143
1880160 143
1880170 142
1880180 142
1880190 142
1880200 142
1880210 142
1880220 142
1880230 142
1880240 142
1880250 142
1880260 142
1880270 142
1880280 142
1880290 143
1880300 143
1880310 143
1880320 143
1880330 143
1880340 143
1880350 143
1880360 143
1880370 143
1880380 143
1880390 143
1880400 142
1880410 141
1880420 141
1880430 139
1880440 139
1880450 139
1880460 139
1880470 139
1880480 139
1880490 139
1880500 139
1880510 139
1880520 139
1880530 139
1880540 139
1880550 140
1880560 140
1880570 140
1880580 141
1880590 140
1880600 140
1880610 140
1880620 140
1880630 140
1880640 141
1880650 140
1880660 140
1880670 139
1880680 139
1880690 139
1880700 139
1880710 140
1880720 140
1880730 140
1880740 140
1880750 140
1880760 140
1880770 140
1880780 140
1880790 139
1880800 139
1880810 139
1880820 140
1880830 140
1880840 140
1880850 139
1880860 141
1880870 141
1880880 141
1880890 142
1880900 142
1880910 143
1880920 143
1880930 143
1880940 142
1880950 140
1880960 140
1880970 139
1880980 139
1880990 139
1881000 139
1881010 139
1881020 139
1881030 140
1881040 142
1881050 141
1881060 142
1881070 143
1881080 143
1881090 145
1881100 151
1881110 151
1881120 157
1881130 160
1881140 160
1881150 161
1881160 161
1881170 161
1881180 161
1881190 162
1881200 162
1881210 162
1881220 162
1881230 162
1881240 161
1881250 161
1881260 161
1881270 161
1881280 161
1881290 161
1881300 161
1881310 161
1881320 161
1881330 161
1881340 161
1881350 161
1881360 161
1881370 160
1881380 159
1881390 159
1881400 159
1881410 159
1881420 158
1881430 158
1881440 158
1881450 158
1881460 158
1881470 158
1881480 158
1881490 158
1881500 158
1881510 157
1881520 157
1881530 157
1881540 157
1881550 157
1881560 157
1881570 157
1881580 156
1881590 156
1881600 156
1881610 155
1881620 155
1881630 155
1881640 155
1881650 155
1881660 155
1881670 154
1881680 154
1881690 155
1881700 154
1881710 154
1881720 154
1881730 153
1881740 153
1881750 152
1881760 152
1881770 152
1881780 151
1881790 150
1881800 150
1881810 150
1881820 149
1881830 149
1881840 148
1881850 148
1881860 148
1881870 148
1881880 148
1881890 148
1881900 148
1881910 148
1881920 148
1881930 147
1881940 147
1881950 147
1881960 147
1881970 147
1881980 147
1881990 147
1882000 147
1882010 147
1882020 148
1882030 148
1882040 148
1882050 148
1882060 148
1882070 148
1882080 148
1882090 148
1882100 148
1882110 148
1882120 148
1882130 148
1882140 148
1882150 148
1882160 148
1882170 148
1882180 149
1882190 152
1882200 152
1882210 157
1882220 160
1882230 160
1882240 161
1882250 161
1882260 161
1882270 161
1882280 163
1882290 163
1882300 164
1882310 164
1882320 164
1882330 165
1882340 166
1882350 166
1882360 167
1882370 168
1882380 168
1882390 168
1882400 167
1882410 167
1882420 167
1882430 168
1882440 168
1882450 168
1882460 171
1882470 171
1882480 171
1882490 171
1882500 171
1882510 171
1882520 174
1882530 174
1882540 179
1882550 180
1882560 180
1882570 188
1882580 189
1882590 189
1882600 190
1882610 190
1882620 190
1882630 190
1882640 189
1882650 189
1882660 187
1882670 189
1882680 189
1882690 190
1882700 190
1882710 190
1882720 190
1882730 191
1882740 191
1882750 191
1882760 191
1882770 191
1882780 193
1882790 194
1882800 194
1882810 196
1882820 194
1882830 194
1882840 192
1882850 192
1882860 192
1882870 193
1882880 193
1882890 193
1882900 193
1882910 193
1882920 193
1882930 193
1882940 193
1882950 193
1882960 194
1882970 193
1882980 193
1882990 194
1883000 194
1883010 194
1883020 194
1883030 194
1883040 194
1883050 194
1883060 194
1883070 194
1883080 194
1883090 194
1883100 194
1883110 193
1883120 193
1883130 193
1883140 193
1883150 193
1883160 193
1883170 193
1883180 194
1883190 194
1883200 193
1883210 193
1883220 193
1883230 193
1883240 193
1883250 193
1883260 193
1883270 193
1883280 193
1883290 193
1883300 193
1883310 193
1883320 193
1883330 193
1883340 193
1883350 193
1883360 193
1883370 193
1883380 192
1883390 192
1883400 192
1883410 192
1883420 192
1883430 192
1883440 192
1883450 192
1883460 192
1883470 197
1883480 206
1883490 206
1883500 212
1883510 213
1883520 213
1883530 220
1883540 229
1883550 229
1883560 235
1883570 244
1883580 244
1883590 253
1883600 258
1883610 258
1883620 268
1883630 280
1883640 280
1883650 282
1883660 298
1883670 298
1883680 300
1883690 300
1883700 300
1883710 302
1883720 308
1883730 308
1883740 310
1883750 310
1883760 310
1883770 310
1883780 308
1883790 308
1883800 305
1883810 301
1883820 301
1883830 296
1883840 291
1883850 291
1883860 285
1883870 279
1883880 279
1883890 271
1883900 266
1883910 266
1883920 264
1883930 262
1883940 262
1883950 261
1883960 257
1883970 257
1883980 249
1883990 243
1884000 243
1884010 236
1884020 234
1884030 234
1884040 234
1884050 239
1884060 239
1884070 241
1884080 240
1884090 240
1884100 239
1884110 237
1884120 237
1884130 235
1884140 234
1884150 234
1884160 233
1884170 233
1884180 233
1884190 232
1884200 230
1884210 230
1884220 231
1884230 233
1884240 233
1884250 236
1884260 238
1884270 238
1884280 241
1884290 239
1884300 236
1884310 234
1884320 234
1884330 234
1884340 236
1884350 239
1884360 239
1884370 242
1884380 245
1884390 245
1884400 247
1884410 250
1884420 250
1884430 253
1884440 255
1884450 255
1884460 258
1884470 260
1884480 260
1884490 262
1884500 265
1884510 265
1884520 268
1884530 272
1884540 272
1884550 277
1884560 282
1884570 282
1884580 287
1884590 291
1884600 291
1884610 292
1884620 293
1884630 286
1884640 286
1884650 287
1884660 287
1884670 288
1884680 289
1884690 289
1884700 291
1884710 293
1884720 293
1884730 296
1884740 300
1884750 300
1884760 305
1884770 311
1884780 311
1884790 317
1884800 323
1884810 323
1884820 328
1884830 335
1884840 335
1884850 343
1884860 351
1884870 351
1884880 360
1884890 369
1884900 369
1884910 372
1884920 376
1884930 376
1884940 380
1884950 382
1884960 382
1884970 385
1884980 388
1884990 388
1885000 390
1885010 393
1885020 393
1885030 396
1885040 399
1885050 399
1885060 402
1885070 405
1885080 405
1885090 409
1885100 411
1885110 411
1885120 414
1885130 416
1885140 416
1885150 419
1885160 421
1885170 423
1885180 423
1885190 426
1885200 428
1885210 428
1885220 430
1885230 433
1885240 433
1885250 435
1885260 438
1885270 438
1885280 441
1885290 443
1885300 443
1885310 446
1885320 449
1885330 449
1885340 451
1885350 453
1885360 453
1885370 454
1885380 456
1885390 456
1885400 458
1885410 460
1885420 460
1885430 461
1885440 462
1885450 462
1885460 462
1885470 462
1885480 462
1885490 461
1885500 461
1885510 461
1885520 460
1885530 459
1885540 459
1885550 458
1885560 457
1885570 457
1885580 457
1885590 456
1885600 455
1885610 454
1885620 454
1885630 454
1885640 453
1885650 452
1885660 452
1885670 450
1885680 449
1885690 449
1885700 448
1885710 447
1885720 447
1885730 445
1885740 444
1885750 444
1885760 442
1885770 440
1885780 440
1885790 439
1885800 437
1885810 437
1885820 435
1885830 433
1885840 433
1885850 429
1885860 425
1885870 425
1885880 421
1885890 416
1885900 416
1885910 410
1885920 405
1885930 405
1885940 400
1885950 395
1885960 395
1885970 390
1885980 386
1885990 386
1886000 381
1886010 377
1886020 377
1886030 373
1886040 370
1886050 370
1886060 365
1886070 361
1886080 361
1886090 356
1886100 351
1886110 351
1886120 346
1886130 342
1886140 342
1886150 338
1886160 334
1886170 334
1886180 330
1886190 327
1886200 327
1886210 323
1886220 320
1886230 320
1886240 314
1886250 311
1886260 311
1886270 308
1886280 305
1886290 305
1886300 303
1886310 302
1886320 302
1886330 301
1886340 301
1886350 301
1886360 303
1886370 304
1886380 304
1886390 307
1886400 310
1886410 310
1886420 312
1886430 313
1886440 313
1886450 313
1886460 312
1886470 312
1886480 310
1886490 307
1886500 307
1886510 304
1886520 300
1886530 300
1886540 299
1886550 299
1886560 295
1886570 297
1886580 298
1886590 298
1886600 299
1886610 300
1886620 300
1886630 300
1886640 300
1886650 300
1886660 301
1886670 301
1886680 301
1886690 301
1886700 300
1886710 300
1886720 296
1886730 290
1886740 290
1886750 285
1886760 279
1886770 279
1886780 273
1886790 266
1886800 266
1886810 261
1886820 257
1886830 257
1886840 257
1886850 257
1886860 257
1886870 258
1886880 261
1886890 259
1886900 263
1886910 266
1886920 266
1886930 271
1886940 275
1886950 275
1886960 280
1886970 283
1886980 283
1886990 286
1887000 288
1887010 288
1887020 290
1887030 291
1887040 291
1887050 291
1887060 290
1887070 290
1887080 289
1887090 288
1887100 288
1887110 286
1887120 283
1887130 283
1887140 281
1887150 278
1887160 278
1887170 275
1887180 271
1887190 271
1887200 268
1887210 260
1887220 260
1887230 255
1887240 251
1887250 251
1887260 249
1887270 248
1887280 248
1887290 250
1887300 254
1887310 254
1887320 259
1887330 264
1887340 264
1887350 268
1887360 271
1887370 271
1887380 273
1887390 273
1887400 273
1887410 274
1887420 275
1887430 275
1887440 276
1887450 276
1887460 276
1887470 276
1887480 275
1887490 275
1887500 274
1887510 271
1887520 271
1887530 266
1887540 263
1887550 263
1887560 258
1887570 255
1887580 255
1887590 252
1887600 250
1887610 250
1887620 247
1887630 244
1887640 244
1887650 241
1887660 237
1887670 237
1887680 235
1887690 234
1887700 234
1887710 232
1887720 230
1887730 230
1887740 228
1887750 226
1887760 226
1887770 224
1887780 223
1887790 223
1887800 223
1887810 223
1887820 223
1887830 224
1887840 224
1887850 218
1887860 218
1887870 218
1887880 218
1887890 218
1887900 217
1887910 217
1887920 215
1887930 213
1887940 213
1887950 211
1887960 208
1887970 208
1887980 207
1887990 205
1888000 205
1888010 205
1888020 205
1888030 205
1888040 205
1888050 205
1888060 205
1888070 205
1888080 205
1888090 205
1888100 205
1888110 205
1888120 205
1888130 205
1888140 206
1888150 206
1888160 206
1888170 207
1888180 207
1888190 208
1888200 209
1888210 209
1888220 209
1888230 210
1888240 210
1888250 211
1888260 211
1888270 211
1888280 213
1888290 218
1888300 218
1888310 221
1888320 225
1888330 228
1888340 228
1888350 232
1888360 235
1888370 235
1888380 239
1888390 241
1888400 241
1888410 244
1888420 246
1888430 246
1888440 247
1888450 249
1888460 249
1888470 251
1888480 252
1888490 255
1888500 255
1888510 256
1888520 256
1888530 257
1888540 257
1888550 257
1888560 258
1888570 260
1888580 260
1888590 262
1888600 264
1888610 264
1888620 266
1888630 268
1888640 268
1888650 269
1888660 269
1888670 269
1888680 269
1888690 269
1888700 269
1888710 272
1888720 274
1888730 274
1888740 277
1888750 279
1888760 279
1888770 280
1888780 282
1888790 282
1888800 283
1888810 288
1888820 288
1888830 289
1888840 290
1888850 290
1888860 291
1888870 292
1888880 292
1888890 293
1888900 294
1888910 294
1888920 294
1888930 294
1888940 294
1888950 294
1888960 293
1888970 293
1888980 292
1888990 291
1889000 291
1889010 289
1889020 288
1889030 288
1889040 286
1889050 285
1889060 285
1889070 283
1889080 281
1889090 281
1889100 279
1889110 276
1889120 276
1889130 271
1889140 267
1889150 267
1889160 263
1889170 258
1889180 258
1889190 253
1889200 248
1889210 248
1889220 243
1889230 237
1889240 237
1889250 230
1889260 224
1889270 224
1889280 218
1889290 213
1889300 213
1889310 209
1889320 204
1889330 204
1889340 201
1889350 204
1889360 204
1889370 206
1889380 207
1889390 207
1889400 209
1889410 211
1889420 211
1889430 212
1889440 211
1889450 208
1889460 208
1889470 206
1889480 206
1889490 203
1889500 204
1889510 204
1889520 204
1889530 203
1889540 203
1889550 202
1889560 199
1889570 199
1889580 197
1889590 197
1889600 197
1889610 196
1889620 194
1889630 194
1889640 192
1889650 191
1889660 191
1889670 190
1889680 189
1889690 189
1889700 187
1889710 186
1889720 186
1889730 185
1889740 184
1889750 184
1889760 182
1889770 179
1889780 179
1889790 178
1889800 177
1889810 177
1889820 177
1889830 176
1889840 176
1889850 175
1889860 175
1889870 175
1889880 175
1889890 175
1889900 175
1889910 175
1889920 174
1889930 174
1889940 174
1889950 174
1889960 174
1889970 173
1889980 173
1889990 173
1890000 173
1890010 172
1890020 172
1890030 172
1890040 172
1890050 172
1890060 172
1890070 172
1890080 172
1890090 171
1890100 172
1890110 172
1890120 172
1890130 172
1890140 172
1890150 172
1890160 172
1890170 172
1890180 172
1890190 172
1890200 172
1890210 172
1890220 172
1890230 172
1890240 172
1890250 172
1890260 172
1890270 172
1890280 171
1890290 171
1890300 171
1890310 171
1890320 171
1890330 171
1890340 170
1890350 170
1890360 170
1890370 170
1890380 170
1890390 170
1890400 170
1890410 169
1890420 169
1890430 169
1890440 169
1890450 169
1890460 169
1890470 169
1890480 169
1890490 169
1890500 169
1890510 169
1890520 168
1890530 168
1890540 168
1890550 168
1890560 168
1890570 168
1890580 168
1890590 168
1890600 168
1890610 168
1890620 168
1890630 168
1890640 167
1890650 167
1890660 167
1890670 167
1890680 167
1890690 167
1890700 167
1890710 167
1890720 167
1890730 166
1890740 166
1890750 166
1890760 166
1890770 166
1890780 166
1890790 166
1890800 166
1890810 166
1890820 165
1890830 165
1890840 165
1890850 165
1890860 165
1890870 165
1890880 165
1890890 165
1890900 165
1890910 165
1890920 165
1890930 165
1890940 165
1890950 165
1890960 164
1890970 164
1890980 164
1890990 164
1891000 164
1891010 164
1891020 164
1891030 164
1891040 164
1891050 164
1891060 164
1891070 164
1891080 163
1891090 163
1891100 163
1891110 163
1891120 163
1891130 163
1891140 163
1891150 162
1891160 162
1891170 162
1891180 162
1891190 162
1891200 162
1891210 161
1891220 161
1891230 161
1891240 161
1891250 161
1891260 161
1891270 161
1891280 161
1891290 161
1891300 161
1891310 161
1891320 161
1891330 160
1891340 160
1891350 160
1891360 160
1891370 160
1891380 160
1891390 160
1891400 160
1891410 160
1891420 160
1891430 160
1891440 160
1891450 160
1891460 160
1891470 160
1891480 159
1891490 160
1891500 160
1891510 160
1891520 160
1891530 160
1891540 160
1891550 159
1891560 159
1891570 159
1891580 159
1891590 159
1891600 159
1891610 159
1891620 159
1891630 159
1891640 159
1891650 159
1891660 159
1891670 159
1891680 159
1891690 159
1891700 158
1891710 158
1891720 158
1891730 158
1891740 158
1891750 158
1891760 158
1891770 158
1891780 158
1891790 158
1891800 158
1891810 158
1891820 158
1891830 158
1891840 158
1891850 158
1891860 158
1891870 158
1891880 158
1891890 158
1891900 158
1891910 158
1891920 158
1891930 158
1891940 159
1891950 159
1891960 159
1891970 159
1891980 159
1891990 159
1892000 159
1892010 159
1892020 159
1892030 159
1892040 159
1892050 158
1892060 158
1892070 158
1892080 158
1892090 158
1892100 158
1892110 158
1892120 158
1892130 158
1892140 157
1892150 157
1892160 157
1892170 157
1892180 157
1892190 157
1892200 157
1892210 157
1892220 157
1892230 156
1892240 156
1892250 156
1892260 156
1892270 156
1892280 156
1892290 156
1892300 156
1892310 156
1892320 156
1892330 156
1892340 156
1892350 156
1892360 156
1892370 156
1892380 156
1892390 156
1892400 156
1892410 156
1892420 157
1892430 157
1892440 157
1892450 157
1892460 157
1892470 156
1892480 157
1892490 157
1892500 157
1892510 158
1892520 158
1892530 158
1892540 158
1892550 158
1892560 159
1892570 159
1892580 159
1892590 159
1892600 159
1892610 159
1892620 159
1892630 159
1892640 159
1892650 159
1892660 159
1892670 159
1892680 159
1892690 159
1892700 159
1892710 159
1892720 159
1892730 159
1892740 159
1892750 159
1892760 159
1892770 159
1892780 159
1892790 159
1892800 159
1892810 159
1892820 159
1892830 159
1892840 159
1892850 159
1892860 159
1892870 159
1892880 159
1892890 159
1892900 159
1892910 159
1892920 159
1892930 159
1892940 159
1892950 159
1892960 158
1892970 158
1892980 158
1892990 159
1893000 159
1893010 159
1893020 159
1893030 159
1893040 158
1893050 158
1893060 158
1893070 158
1893080 158
1893090 158
1893100 158
1893110 158
1893120 158
1893130 158
1893140 158
1893150 158
1893160 158
1893170 158
1893180 158
1893190 158
1893200 158
1893210 158
1893220 158
1893230 157
1893240 157
1893250 157
1893260 157
1893270 157
1893280 157
1893290 157
1893300 157
1893310 157
1893320 158
1893330 158
1893340 158
1893350 157
1893360 157
1893370 156
1893380 157
1893390 157
1893400 158
1893410 158
1893420 158
1893430 158
1893440 157
1893450 157
1893460 157
1893470 157
1893480 157
1893490 157
1893500 157
1893510 157
1893520 156
1893530 156
1893540 156
1893550 156
1893560 155
1893570 155
1893580 155
1893590 154
1893600 154
1893610 154
1893620 153
1893630 153
1893640 153
1893650 153
1893660 153
1893670 152
1893680 152
1893690 152
1893700 152
1893710 152
1893720 152
1893730 152
1893740 152
1893750 152
1893760 151
1893770 151
1893780 151
1893790 151
1893800 151
1893810 151
1893820 151
1893830 151
1893840 151
1893850 151
1893860 150
1893870 150
1893880 150
1893890 150
1893900 150
1893910 150
1893920 150
1893930 150
1893940 150
1893950 149
1893960 149
1893970 147
1893980 146
1893990 146
1894000 146
1894010 146
1894020 146
1894030 146
1894040 146
1894050 146
1894060 146
1894070 146
1894080 146
1894090 145
1894100 143
1894110 143
1894120 143
1894130 143
1894140 143
1894150 142
1894160 141
1894170 141
1894180 138
1894190 137
1894200 137
1894210 136
1894220 137
1894230 137
1894240 137
1894250 137
1894260 137
1894270 137
1894280 138
1894290 138
1894300 138
1894310 137
1894320 137
1894330 137
1894340 137
1894350 137
1894360 138
1894370 138
1894380 138
1894390 138
1894400 137
1894410 137
1894420 137
1894430 138
1894440 138
1894450 137
1894460 138
1894470 138
1894480 139
1894490 139
1894500 139
1894510 139
1894520 139
1894530 139
1894540 139
1894550 139
1894560 139
1894570 138
1894580 139
1894590 139
1894600 139
1894610 139
1894620 139
1894630 138
1894640 138
1894650 138
1894660 138
1894670 138
1894680 138
1894690 139
1894700 139
1894710 139
1894720 139
1894730 139
1894740 139
1894750 139
1894760 139
1894770 138
1894780 138
1894790 138
1894800 138
1894810 138
1894820 138
1894830 138
1894840 138
1894850 138
1894860 139
1894870 139
1894880 139
1894890 139
1894900 139
1894910 139
1894920 139
1894930 139
1894940 139
1894950 138
1894960 138
1894970 138
1894980 138
1894990 138
1895000 138
1895010 138
1895020 138
1895030 139
1895040 139
1895050 139
1895060 139
1895070 139
1895080 139
1895090 139
1895100 139
1895110 139
1895120 139
1895130 139
1895140 139
1895150 139
1895160 138
1895170 138
1895180 138
1895190 138
1895200 138
1895210 138
1895220 138
1895230 138
1895240 138
1895250 138
1895260 138
1895270 138
1895280 138
1895290 138
1895300 138
1895310 138
1895320 138
1895330 138
1895340 138
1895350 138
1895360 138
1895370 138
1895380 138
1895390 138
1895400 138
1895410 138
1895420 138
1895430 138
1895440 138
1895450 138
1895460 138
1895470 138
1895480 138
1895490 138
1895500 138
1895510 138
1895520 138
1895530 138
1895540 138
1895550 138
1895560 138
1895570 138
1895580 138
1895590 138
1895600 138
1895610 138
1895620 138
1895630 138
1895640 138
1895650 138
1895660 138
1895670 138
1895680 138
1895690 138
1895700 138
1895710 138
1895720 139
1895730 139
1895740 139
1895750 138
1895760 138
1895770 138
1895780 137
1895790 138
1895800 137
1895810 138
1895820 138
1895830 138
1895840 138
1895850 138
1895860 138
1895870 138
1895880 138
1895890 138
1895900 138
1895910 139
1895920 139
1895930 138
1895940 137
1895950 137
1895960 138
1895970 138
1895980 138
1895990 138
1896000 138
1896010 138
1896020 138
1896030 138
1896040 138
1896050 138
1896060 138
1896070 138
1896080 138
1896090 138
1896100 138
1896110 138
1896120 138
1896130 138
1896140 138
1896150 138
1896160 138
1896170 138
1896180 138
1896190 138
1896200 138
1896210 138
1896220 138
1896230 137
1896240 138
1896250 138
1896260 137
1896270 137
1896280 137
1896290 136
1896300 136
1896310 136
1896320 136
1896330 136
1896340 136
1896350 136
1896360 136
1896370 136
1896380 136
1896390 137
1896400 137
1896410 138
1896420 139
1896430 138
1896440 139
1896450 139
1896460 139
1896470 139
1896480 138
1896490 138
1896500 138
1896510 138
1896520 138
1896530 138
1896540 138
1896550 138
1896560 138
1896570 138
1896580 138
1896590 138
1896600 138
1896610 138
1896620 139
1896630 139
1896640 139
1896650 139
1896660 139
1896670 139
1896680 139
1896690 139
1896700 139
1896710 139
1896720 139
1896730 139
1896740 139
1896750 139
1896760 139
1896770 139
1896780 138
1896790 138
1896800 138
1896810 138
1896820 138
1896830 138
1896840 138
1896850 138
1896860 138
1896870 138
1896880 138
1896890 139
1896900 139
1896910 139
1896920 139
1896930 139
1896940 139
1896950 139
1896960 138
1896970 138
1896980 138
1896990 138
1897000 138
1897010 138
1897020 139
1897030 139
1897040 139
1897050 139
1897060 139
1897070 138
1897080 138
1897090 138
1897100 138
1897110 138
1897120 138
1897130 139
1897140 139
1897150 139
1897160 139
1897170 139
1897180 139
1897190 139
1897200 139
1897210 139
1897220 139
1897230 139
1897240 139
1897250 139
1897260 139
1897270 139
1897280 139
1897290 139
1897300 139
1897310 139
1897320 139
1897330 139
1897340 139
1897350 138
1897360 138
1897370 138
1897380 138
1897390 138
1897400 138
1897410 138
1897420 138
1897430 139
1897440 139
1897450 139
1897460 139
1897470 139
1897480 139
1897490 139
1897500 139
1897510 139
1897520 139
1897530 138
1897540 138
1897550 138
1897560 138
1897570 138
1897580 138
1897590 138
1897600 138
1897610 138
1897620 138
1897630 138
1897640 138
1897650 138
1897660 138
1897670 138
1897680 138
1897690 138
1897700 138
1897710 138
1897720 138
1897730 137
1897740 137
1897750 137
1897760 137
1897770 137
1897780 137
1897790 137
1897800 138
1897810 138
1897820 138
1897830 138
1897840 138
1897850 138
1897860 138
1897870 138
1897880 138
1897890 138
1897900 138
1897910 138
1897920 138
1897930 138
1897940 138
1897950 138
1897960 138
1897970 138
1897980 138
1897990 138
1898000 138
1898010 138
1898020 138
1898030 138
1898040 138
1898050 138
1898060 138
1898070 138
1898080 138
1898090 138
1898100 138
1898110 138
1898120 138
1898130 138
1898140 138
1898150 138
1898160 138
1898170 138
1898180 138
1898190 138
1898200 138
1898210 138
1898220 138
1898230 138
1898240 138
1898250 138
1898260 138
1898270 138
1898280 138
1898290 138
1898300 138
1898310 138
1898320 138
1898330 138
1898340 138
1898350 138
1898360 138
1898370 138
1898380 138
1898390 138
1898400 137
1898410 137
1898420 137
1898430 138
1898440 138
1898450 138
1898460 138
1898470 138
1898480 138
1898490 138
1898500 138
1898510 138
1898520 137
1898530 137
1898540 137
1898550 138
1898560 138
1898570 138
1898580 138
1898590 138
1898600 138
1898610 138
1898620 138
1898630 138
1898640 138
1898650 138
1898660 138
1898670 138
1898680 138
1898690 138
1898700 138
1898710 138
1898720 138
1898730 138
1898740 138
1898750 138
1898760 138
1898770 138
1898780 138
1898790 138
1898800 138
1898810 138
1898820 138
1898830 138
1898840 138
1898850 138
1898860 137
1898870 137
1898880 137
1898890 136
1898900 136
1898910 137
1898920 138
1898930 138
1898940 138
1898950 137
1898960 137
1898970 135
1898980 135
1898990 135
1899000 135
1899010 135
1899020 135
1899030 135
1899040 135
1899050 135
1899060 135
1899070 135
1899080 135
1899090 136
1899100 136
1899110 136
1899120 136
1899130 135
1899140 135
1899150 135
1899160 135
1899170 135
1899180 136
1899190 136
1899200 136
1899210 136
1899220 136
1899230 136
1899240 136
1899250 137
1899260 137
1899270 137
1899280 136
1899290 136
1899300 135
1899310 133
1899320 133
1899330 133
1899340 135
1899350 135
1899360 135
1899370 136
1899380 136
1899390 136
1899400 136
1899410 136
1899420 136
1899430 136
1899440 136
1899450 137
