1880000 141
1880010 141
1880020 141
1880030 141
1880040 141
1880050 141
1880060 141
1880070 141
1880080 141
1880090 141
1880100 141
1880110 141
1880120 141
1880130 141
1880140 141
1880150 141
1880160 141
1880170 141
1880180 141
1880190 140
1880200 141
1880210 141
1880220 141
1880230 141
1880240 141
1880250 141
1880260 141
1880270 141
1880280 141
1880290 141
1880300 141
1880310 141
1880320 141
1880330 141
1880340 141
1880350 141
1880360 141
1880370 141
1880380 141
1880390 141
1880400 141
1880410 141
1880420 141
1880430 141
1880440 141
1880450 141
1880460 141
1880470 142
1880480 142
1880490 143
1880500 143
1880510 143
1880520 143
1880530 143
1880540 143
1880550 143
1880560 143
1880570 143
1880580 142
1880590 141
1880600 141
1880610 142
1880620 142
1880630 142
1880640 143
1880650 143
1880660 143
1880670 143
1880680 141
1880690 141
1880700 142
1880710 141
1880720 141
1880730 141
1880740 141
1880750 141
1880760 141
1880770 141
1880780 141
1880790 142
1880800 143
1880810 143
1880820 143
1880830 143
1880840 143
1880850 143
1880860 143
1880870 143
1880880 143
1880890 142
1880900 142
1880910 142
1880920 143
1880930 143
1880940 142
1880950 142
1880960 142
1880970 143
1880980 142
1880990 142
1881000 143
1881010 143
1881020 143
1881030 142
1881040 142
1881050 142
1881060 142
1881070 141
1881080 141
1881090 141
1881100 141
1881110 141
1881120 141
1881130 141
1881140 141
1881150 141
1881160 141
1881170 141
1881180 141
1881190 141
1881200 141
1881210 141
1881220 141
1881230 141
1881240 142
1881250 142
1881260 143
1881270 143
1881280 143
1881290 143
1881300 143
1881310 142
1881320 143
1881330 143
1881340 145
1881350 145
1881360 145
1881370 146
1881380 148
1881390 147
1881400 149
1881410 150
1881420 150
1881430 151
1881440 151
1881450 151
1881460 151
1881470 151
1881480 151
1881490 151
1881500 151
1881510 151
1881520 151
1881530 151
1881540 151
1881550 151
1881560 151
1881570 151
1881580 151
1881590 151
1881600 151
1881610 151
1881620 151
1881630 151
1881640 151
1881650 150
1881660 150
1881670 149
1881680 147
1881690 147
1881700 147
1881710 146
1881720 146
1881730 145
1881740 145
1881750 145
1881760 145
1881770 145
1881780 145
1881790 145
1881800 145
1881810 145
1881820 145
1881830 146
1881840 146
1881850 146
1881860 145
1881870 145
1881880 145
1881890 146
1881900 146
1881910 146
1881920 146
1881930 146
1881940 146
1881950 147
1881960 147
1881970 147
1881980 148
1881990 148
1882000 147
1882010 148
1882020 148
1882030 150
1882040 154
1882050 154
1882060 155
1882070 155
1882080 155
1882090 156
1882100 157
1882110 157
1882120 158
1882130 158
1882140 158
1882150 158
1882160 159
1882170 159
1882180 160
1882190 160
1882200 160
1882210 160
1882220 161
1882230 161
1882240 161
1882250 162
1882260 162
1882270 163
1882280 164
1882290 164
1882300 165
1882310 167
1882320 167
1882330 168
1882340 168
1882350 168
1882360 169
1882370 170
1882380 170
1882390 170
1882400 171
1882410 171
1882420 171
1882430 172
1882440 172
1882450 173
1882460 172
1882470 172
1882480 173
1882490 171
1882500 171
1882510 175
1882520 179
1882530 179
1882540 180
1882550 183
1882560 183
1882570 187
1882580 192
1882590 192
1882600 195
1882610 192
1882620 192
1882630 192
1882640 191
1882650 191
1882660 191
1882670 193
1882680 193
1882690 200
1882700 202
1882710 202
1882720 203
1882730 202
1882740 202
1882750 203
1882760 203
1882770 203
1882780 200
1882790 196
1882800 196
1882810 195
1882820 194
1882830 194
1882840 194
1882850 195
1882860 195
1882870 195
1882880 194
1882890 194
1882900 193
1882910 193
1882920 193
1882930 193
1882940 193
1882950 193
1882960 193
1882970 193
1882980 193
1882990 193
1883000 194
1883010 194
1883020 194
1883030 195
1883040 195
1883050 196
1883060 196
1883070 196
1883080 196
1883090 196
1883100 196
1883110 197
1883120 197
1883130 197
1883140 197
1883150 198
1883160 198
1883170 204
1883180 209
1883190 209
1883200 213
1883210 214
1883220 214
1883230 213
1883240 213
1883250 213
1883260 221
1883270 232
1883280 232
1883290 239
1883300 253
1883310 253
1883320 262
1883330 272
1883340 271
1883350 277
1883360 280
1883370 280
1883380 277
1883390 272
1883400 272
1883410 266
1883420 262
1883430 262
1883440 260
1883450 263
1883460 263
1883470 268
1883480 273
1883490 273
1883500 278
1883510 279
1883520 279
1883530 276
1883540 272
1883550 272
1883560 269
1883570 265
1883580 265
1883590 262
1883600 258
1883610 258
1883620 253
1883630 248
1883640 248
1883650 243
1883660 238
1883670 236
1883680 232
1883690 232
1883700 232
1883710 236
1883720 243
1883730 243
1883740 249
1883750 252
1883760 252
1883770 252
1883780 250
1883790 250
1883800 247
1883810 241
1883820 241
1883830 236
1883840 233
1883850 233
1883860 234
1883870 238
1883880 238
1883890 243
1883900 241
1883910 241
1883920 237
1883930 234
1883940 234
1883950 231
1883960 228
1883970 228
1883980 224
1883990 217
1884000 217
1884010 210
1884020 204
1884030 204
1884040 199
1884050 199
1884060 199
1884070 202
1884080 205
1884090 205
1884100 205
1884110 205
1884120 205
1884130 205
1884140 204
1884150 204
1884160 203
1884170 203
1884180 203
1884190 204
1884200 205
1884210 205
1884220 206
1884230 207
1884240 207
1884250 208
1884260 209
1884270 209
1884280 210
1884290 211
1884300 211
1884310 212
1884320 214
1884330 214
1884340 216
1884350 217
1884360 217
1884370 218
1884380 218
1884390 218
1884400 220
1884410 221
1884420 221
1884430 223
1884440 225
1884450 226
1884460 226
1884470 228
1884480 230
1884490 230
1884500 232
1884510 233
1884520 233
1884530 235
1884540 237
1884550 237
1884560 240
1884570 242
1884580 242
1884590 245
1884600 247
1884610 247
1884620 249
1884630 252
1884640 249
1884650 252
1884660 255
1884670 255
1884680 257
1884690 259
1884700 259
1884710 259
1884720 258
1884730 258
1884740 257
1884750 257
1884760 257
1884770 256
1884780 256
1884790 256
1884800 258
1884810 261
1884820 261
1884830 264
1884840 269
1884850 269
1884860 273
1884870 278
1884880 278
1884890 283
1884900 289
1884910 289
1884920 295
1884930 301
1884940 301
1884950 307
1884960 314
1884970 314
1884980 319
1884990 325
1885000 325
1885010 332
1885020 339
1885030 339
1885040 347
1885050 357
1885060 357
1885070 365
1885080 373
1885090 373
1885100 381
1885110 386
1885120 386
1885130 390
1885140 392
1885150 392
1885160 395
1885170 398
1885180 398
1885190 399
1885200 399
1885210 399
1885220 400
1885230 401
1885240 401
1885250 403
1885260 407
1885270 407
1885280 410
1885290 413
1885300 413
1885310 416
1885320 418
1885330 418
1885340 420
1885350 421
1885360 421
1885370 423
1885380 424
1885390 424
1885400 426
1885410 428
1885420 428
1885430 430
1885440 431
1885450 431
1885460 432
1885470 433
1885480 433
1885490 433
1885500 434
1885510 434
1885520 434
1885530 434
1885540 434
1885550 434
1885560 433
1885570 433
1885580 432
1885590 432
1885600 432
1885610 427
1885620 427
1885630 427
1885640 426
1885650 424
1885660 424
1885670 422
1885680 419
1885690 419
1885700 418
1885710 416
1885720 416
1885730 413
1885740 411
1885750 411
1885760 408
1885770 405
1885780 405
1885790 402
1885800 400
1885810 400
1885820 397
1885830 393
1885840 393
1885850 388
1885860 378
1885870 378
1885880 370
1885890 365
1885900 365
1885910 360
1885920 355
1885930 352
1885940 348
1885950 344
1885960 344
1885970 342
1885980 339
1885990 339
1886000 336
1886010 332
1886020 332
1886030 329
1886040 328
1886050 328
1886060 326
1886070 323
1886080 323
1886090 321
1886100 319
1886110 319
1886120 318
1886130 316
1886140 316
1886150 314
1886160 312
1886170 312
1886180 310
1886190 308
1886200 308
1886210 306
1886220 304
1886230 304
1886240 303
1886250 298
1886260 298
1886270 296
1886280 294
1886290 294
1886300 291
1886310 289
1886320 289
1886330 287
1886340 285
1886350 285
1886360 283
1886370 281
1886380 281
1886390 280
1886400 278
1886410 278
1886420 277
1886430 275
1886440 275
1886450 274
1886460 273
1886470 273
1886480 271
1886490 270
1886500 270
1886510 268
1886520 266
1886530 266
1886540 263
1886550 260
1886560 260
1886570 257
1886580 254
1886590 254
1886600 257
1886610 260
1886620 260
1886630 262
1886640 262
1886650 262
1886660 263
1886670 263
1886680 263
1886690 263
1886700 264
1886710 264
1886720 265
1886730 265
1886740 265
1886750 265
1886760 265
1886770 265
1886780 265
1886790 264
1886800 264
1886810 263
1886820 262
1886830 262
1886840 260
1886850 259
1886860 259
1886870 258
1886880 257
1886890 257
1886900 253
1886910 257
1886920 257
1886930 260
1886940 260
1886950 260
1886960 260
1886970 260
1886980 260
1886990 258
1887000 257
1887010 257
1887020 255
1887030 253
1887040 253
1887050 251
1887060 249
1887070 249
1887080 247
1887090 245
1887100 245
1887110 242
1887120 238
1887130 238
1887140 235
1887150 233
1887160 233
1887170 230
1887180 228
1887190 228
1887200 228
1887210 229
1887220 227
1887230 228
1887240 231
1887250 231
1887260 235
1887270 240
1887280 240
1887290 243
1887300 244
1887310 244
1887320 243
1887330 242
1887340 242
1887350 240
1887360 239
1887370 239
1887380 237
1887390 234
1887400 234
1887410 232
1887420 231
1887430 231
1887440 229
1887450 228
1887460 228
1887470 227
1887480 227
1887490 227
1887500 226
1887510 226
1887520 226
1887530 226
1887540 223
1887550 223
1887560 223
1887570 223
1887580 223
1887590 222
1887600 222
1887610 222
1887620 222
1887630 223
1887640 223
1887650 224
1887660 225
1887670 226
1887680 226
1887690 226
1887700 226
1887710 226
1887720 225
1887730 223
1887740 223
1887750 221
1887760 218
1887770 218
1887780 215
1887790 211
1887800 211
1887810 207
1887820 204
1887830 204
1887840 202
1887850 201
1887860 201
1887870 199
1887880 198
1887890 198
1887900 197
1887910 197
1887920 197
1887930 197
1887940 198
1887950 198
1887960 200
1887970 204
1887980 204
1887990 209
1888000 213
1888010 213
1888020 217
1888030 223
1888040 223
1888050 228
1888060 232
1888070 232
1888080 235
1888090 238
1888100 238
1888110 241
1888120 244
1888130 244
1888140 247
1888150 248
1888160 248
1888170 250
1888180 251
1888190 251
1888200 253
1888210 254
1888220 254
1888230 256
1888240 258
1888250 258
1888260 259
1888270 261
1888280 261
1888290 262
1888300 263
1888310 263
1888320 264
1888330 263
1888340 263
1888350 263
1888360 263
1888370 263
1888380 264
1888390 265
1888400 265
1888410 266
1888420 268
1888430 268
1888440 270
1888450 272
1888460 272
1888470 273
1888480 273
1888490 273
1888500 271
1888510 270
1888520 270
1888530 269
1888540 265
1888550 265
1888560 261
1888570 256
1888580 256
1888590 251
1888600 247
1888610 247
1888620 242
1888630 238
1888640 238
1888650 234
1888660 230
1888670 230
1888680 227
1888690 225
1888700 225
1888710 225
1888720 228
1888730 228
1888740 234
1888750 240
1888760 240
1888770 246
1888780 252
1888790 252
1888800 256
1888810 259
1888820 256
1888830 255
1888840 254
1888850 254
1888860 252
1888870 250
1888880 250
1888890 248
1888900 246
1888910 246
1888920 243
1888930 241
1888940 241
1888950 240
1888960 238
1888970 238
1888980 237
1888990 235
1889000 235
1889010 233
1889020 232
1889030 232
1889040 229
1889050 227
1889060 227
1889070 224
1889080 221
1889090 221
1889100 218
1889110 216
1889120 216
1889130 213
1889140 206
1889150 206
1889160 203
1889170 201
1889180 201
1889190 201
1889200 199
1889210 199
1889220 197
1889230 196
1889240 196
1889250 194
1889260 192
1889270 192
1889280 190
1889290 188
1889300 188
1889310 187
1889320 186
1889330 186
1889340 184
1889350 183
1889360 183
1889370 182
1889380 180
1889390 180
1889400 179
1889410 178
1889420 178
1889430 177
1889440 176
1889450 176
1889460 174
1889470 173
1889480 173
1889490 173
1889500 173
1889510 173
1889520 173
1889530 173
1889540 173
1889550 173
1889560 173
1889570 173
1889580 173
1889590 172
1889600 172
1889610 172
1889620 171
1889630 171
1889640 171
1889650 170
1889660 170
1889670 170
1889680 169
1889690 169
1889700 169
1889710 169
1889720 169
1889730 168
1889740 168
1889750 168
1889760 167
1889770 167
1889780 167
1889790 167
1889800 166
1889810 166
1889820 166
1889830 166
1889840 166
1889850 166
1889860 165
1889870 165
1889880 165
1889890 165
1889900 165
1889910 164
1889920 164
1889930 164
1889940 164
1889950 164
1889960 164
1889970 163
1889980 163
1889990 163
1890000 163
1890010 163
1890020 163
1890030 163
1890040 163
1890050 163
1890060 163
1890070 163
1890080 163
1890090 163
1890100 162
1890110 162
1890120 162
1890130 162
1890140 162
1890150 162
1890160 162
1890170 162
1890180 163
1890190 163
1890200 163
1890210 163
1890220 163
1890230 163
1890240 163
1890250 163
1890260 163
1890270 164
1890280 164
1890290 164
1890300 164
1890310 164
1890320 164
1890330 164
1890340 165
1890350 165
1890360 165
1890370 165
1890380 165
1890390 165
1890400 165
1890410 165
1890420 165
1890430 165
1890440 165
1890450 165
1890460 165
1890470 165
1890480 165
1890490 165
1890500 165
1890510 165
1890520 165
1890530 165
1890540 164
1890550 164
1890560 164
1890570 164
1890580 164
1890590 164
1890600 164
1890610 164
1890620 164
1890630 163
1890640 163
1890650 163
1890660 163
1890670 163
1890680 163
1890690 163
1890700 163
1890710 163
1890720 162
1890730 162
1890740 162
1890750 162
1890760 162
1890770 162
1890780 161
1890790 161
1890800 161
1890810 161
1890820 161
1890830 161
1890840 161
1890850 161
1890860 161
1890870 161
1890880 160
1890890 160
1890900 160
1890910 160
1890920 160
1890930 160
1890940 160
1890950 159
1890960 159
1890970 159
1890980 159
1890990 159
1891000 159
1891010 159
1891020 159
1891030 159
1891040 159
1891050 159
1891060 158
1891070 158
1891080 158
1891090 158
1891100 158
1891110 158
1891120 158
1891130 157
1891140 157
1891150 157
1891160 157
1891170 157
1891180 157
1891190 157
1891200 157
1891210 156
1891220 156
1891230 156
1891240 156
1891250 156
1891260 156
1891270 156
1891280 155
1891290 155
1891300 155
1891310 155
1891320 155
1891330 155
1891340 155
1891350 155
1891360 155
1891370 155
1891380 154
1891390 154
1891400 154
1891410 154
1891420 154
1891430 155
1891440 155
1891450 155
1891460 155
1891470 155
1891480 155
1891490 155
1891500 155
1891510 155
1891520 155
1891530 155
1891540 155
1891550 155
1891560 155
1891570 155
1891580 155
1891590 155
1891600 155
1891610 155
1891620 155
1891630 155
1891640 155
1891650 155
1891660 155
1891670 155
1891680 155
1891690 155
1891700 155
1891710 155
1891720 155
1891730 155
1891740 155
1891750 155
1891760 155
1891770 155
1891780 154
1891790 154
1891800 154
1891810 154
1891820 154
1891830 154
1891840 154
1891850 154
1891860 154
1891870 154
1891880 154
1891890 154
1891900 154
1891910 154
1891920 154
1891930 154
1891940 154
1891950 154
1891960 154
1891970 154
1891980 154
1891990 154
1892000 154
1892010 154
1892020 154
1892030 154
1892040 154
1892050 154
1892060 154
1892070 154
1892080 154
1892090 154
1892100 154
1892110 154
1892120 154
1892130 154
1892140 154
1892150 154
1892160 154
1892170 154
1892180 154
1892190 154
1892200 154
1892210 154
1892220 154
1892230 154
1892240 154
1892250 154
1892260 154
1892270 154
1892280 154
1892290 154
1892300 154
1892310 154
1892320 154
1892330 153
1892340 153
1892350 153
1892360 152
1892370 152
1892380 151
1892390 151
1892400 151
1892410 150
1892420 150
1892430 150
1892440 150
1892450 150
1892460 150
1892470 150
1892480 150
1892490 150
1892500 150
1892510 150
1892520 150
1892530 150
1892540 150
1892550 150
1892560 150
1892570 150
1892580 150
1892590 150
1892600 151
1892610 151
1892620 151
1892630 151
1892640 151
1892650 151
1892660 151
1892670 151
1892680 151
1892690 152
1892700 152
1892710 152
1892720 152
1892730 152
1892740 152
1892750 152
1892760 152
1892770 153
1892780 154
1892790 154
1892800 153
1892810 153
1892820 153
1892830 153
1892840 153
1892850 153
1892860 153
1892870 153
1892880 153
1892890 153
1892900 153
1892910 153
1892920 153
1892930 153
1892940 153
1892950 153
1892960 153
1892970 153
1892980 153
1892990 153
1893000 153
1893010 153
1893020 152
1893030 152
1893040 152
1893050 152
1893060 152
1893070 152
1893080 152
1893090 152
1893100 152
1893110 152
1893120 152
1893130 152
1893140 152
1893150 152
1893160 152
1893170 152
1893180 152
1893190 152
1893200 152
1893210 152
1893220 152
1893230 152
1893240 152
1893250 151
1893260 151
1893270 151
1893280 150
1893290 150
1893300 150
1893310 149
1893320 149
1893330 149
1893340 148
1893350 148
1893360 148
1893370 148
1893380 148
1893390 148
1893400 147
1893410 147
1893420 147
1893430 147
1893440 147
1893450 147
1893460 147
1893470 148
1893480 148
1893490 147
1893500 147
1893510 147
1893520 147
1893530 147
1893540 147
1893550 147
1893560 146
1893570 146
1893580 147
1893590 147
1893600 147
1893610 147
1893620 147
1893630 147
1893640 147
1893650 147
1893660 147
1893670 146
1893680 146
1893690 146
1893700 146
1893710 145
1893720 145
1893730 145
1893740 143
1893750 143
1893760 141
1893770 140
1893780 140
1893790 140
1893800 138
1893810 138
1893820 137
1893830 137
1893840 137
1893850 138
1893860 138
1893870 138
1893880 139
1893890 139
1893900 139
1893910 139
1893920 139
1893930 139
1893940 139
1893950 138
1893960 138
1893970 138
1893980 138
1893990 138
1894000 138
1894010 139
1894020 139
1894030 139
1894040 137
1894050 137
1894060 136
1894070 137
1894080 137
1894090 138
1894100 138
1894110 138
1894120 138
1894130 138
1894140 138
1894150 138
1894160 138
1894170 138
1894180 137
1894190 138
1894200 138
1894210 138
1894220 138
1894230 137
1894240 137
1894250 137
1894260 137
1894270 137
1894280 138
1894290 138
1894300 138
1894310 138
1894320 138
1894330 138
1894340 138
1894350 138
1894360 138
1894370 138
1894380 138
1894390 138
1894400 138
1894410 139
1894420 139
1894430 139
1894440 139
1894450 139
1894460 139
1894470 138
1894480 138
1894490 139
1894500 139
1894510 139
1894520 139
1894530 140
1894540 140
1894550 139
1894560 139
1894570 139
1894580 139
1894590 140
1894600 140
1894610 139
1894620 140
1894630 140
1894640 140
1894650 140
1894660 140
1894670 140
1894680 139
1894690 139
1894700 139
1894710 139
1894720 139
1894730 139
1894740 139
1894750 139
1894760 139
1894770 139
1894780 139
1894790 139
1894800 139
1894810 139
1894820 139
1894830 139
1894840 139
1894850 139
1894860 139
1894870 139
1894880 139
1894890 139
1894900 139
1894910 139
1894920 139
1894930 139
1894940 139
1894950 139
1894960 139
1894970 139
1894980 139
1894990 139
1895000 139
1895010 139
1895020 139
1895030 138
1895040 138
1895050 138
1895060 138
1895070 138
1895080 138
1895090 139
1895100 138
1895110 138
1895120 138
1895130 138
1895140 138
1895150 138
1895160 138
1895170 138
1895180 139
1895190 139
1895200 139
1895210 139
1895220 139
1895230 139
1895240 139
1895250 138
1895260 138
1895270 138
1895280 138
1895290 138
1895300 138
1895310 138
1895320 138
1895330 138
1895340 138
1895350 138
1895360 138
1895370 138
1895380 138
1895390 138
1895400 138
1895410 138
1895420 138
1895430 138
1895440 138
1895450 138
1895460 138
1895470 138
1895480 138
1895490 138
1895500 138
1895510 138
1895520 138
1895530 138
1895540 138
1895550 138
1895560 138
1895570 138
1895580 138
1895590 138
1895600 138
1895610 138
1895620 138
1895630 138
1895640 138
1895650 138
1895660 138
1895670 138
1895680 138
1895690 138
1895700 139
1895710 139
1895720 138
1895730 138
1895740 138
1895750 137
1895760 138
1895770 138
1895780 137
1895790 137
1895800 137
1895810 137
1895820 138
1895830 138
1895840 138
1895850 138
1895860 138
1895870 138
1895880 138
1895890 138
1895900 138
1895910 138
1895920 138
1895930 138
1895940 138
1895950 138
1895960 138
1895970 138
1895980 138
1895990 138
1896000 138
1896010 138
1896020 138
1896030 138
1896040 138
1896050 138
1896060 138
1896070 138
1896080 138
1896090 138
1896100 138
1896110 138
1896120 138
1896130 138
1896140 138
1896150 138
1896160 138
1896170 138
1896180 138
1896190 138
1896200 138
1896210 138
1896220 138
1896230 138
1896240 138
1896250 138
1896260 138
1896270 138
1896280 138
1896290 138
1896300 138
1896310 138
1896320 138
1896330 138
1896340 138
1896350 138
1896360 137
1896370 137
1896380 137
1896390 137
1896400 137
1896410 137
1896420 137
1896430 137
1896440 137
1896450 136
1896460 136
1896470 136
1896480 136
1896490 136
1896500 136
1896510 136
1896520 136
1896530 136
1896540 138
1896550 138
1896560 139
1896570 140
1896580 140
1896590 140
1896600 139
1896610 139
1896620 139
1896630 139
1896640 139
1896650 139
1896660 139
1896670 139
1896680 139
1896690 139
1896700 139
1896710 139
1896720 139
1896730 139
1896740 139
1896750 139
1896760 139
1896770 139
1896780 138
1896790 138
1896800 138
1896810 138
1896820 138
1896830 138
1896840 138
1896850 138
1896860 138
1896870 138
1896880 138
1896890 138
1896900 138
1896910 138
1896920 138
1896930 138
1896940 138
1896950 138
1896960 138
1896970 138
1896980 138
1896990 138
1897000 138
1897010 138
1897020 138
1897030 138
1897040 138
1897050 138
1897060 138
1897070 138
1897080 138
1897090 138
1897100 138
1897110 138
1897120 138
1897130 138
1897140 138
1897150 138
1897160 138
1897170 138
1897180 138
1897190 138
1897200 138
1897210 138
1897220 138
1897230 138
1897240 138
1897250 138
1897260 138
1897270 138
1897280 138
1897290 138
1897300 138
1897310 138
1897320 138
1897330 138
1897340 138
1897350 139
1897360 139
1897370 139
1897380 139
1897390 139
1897400 139
1897410 139
1897420 139
1897430 139
1897440 139
1897450 139
1897460 139
1897470 139
1897480 139
1897490 139
1897500 139
1897510 139
1897520 139
1897530 139
1897540 139
1897550 139
1897560 139
1897570 139
1897580 139
1897590 139
1897600 139
1897610 139
1897620 139
1897630 139
1897640 139
1897650 139
1897660 139
1897670 139
1897680 139
1897690 139
1897700 139
1897710 139
1897720 139
1897730 139
1897740 139
1897750 139
1897760 139
1897770 138
1897780 138
1897790 138
1897800 138
1897810 138
1897820 138
1897830 138
1897840 138
1897850 138
1897860 138
1897870 138
1897880 138
1897890 138
1897900 138
1897910 138
1897920 137
1897930 137
1897940 137
1897950 137
1897960 137
1897970 137
1897980 137
1897990 138
1898000 138
1898010 138
1898020 138
1898030 138
1898040 138
1898050 138
1898060 138
1898070 138
1898080 138
1898090 138
1898100 138
1898110 138
1898120 138
1898130 138
1898140 138
1898150 138
1898160 138
1898170 138
1898180 138
1898190 138
1898200 138
1898210 138
1898220 138
1898230 138
1898240 138
1898250 138
1898260 138
1898270 138
1898280 138
1898290 138
1898300 138
1898310 138
1898320 138
1898330 138
1898340 138
1898350 138
1898360 138
1898370 138
1898380 138
1898390 138
1898400 138
1898410 138
1898420 138
1898430 138
1898440 138
1898450 138
1898460 138
1898470 137
1898480 137
1898490 138
1898500 138
1898510 138
1898520 137
1898530 137
1898540 137
1898550 137
1898560 138
1898570 138
1898580 138
1898590 138
1898600 138
1898610 138
1898620 138
1898630 138
1898640 137
1898650 138
1898660 138
1898670 138
1898680 138
1898690 138
1898700 138
1898710 138
1898720 138
1898730 138
1898740 138
1898750 138
1898760 138
1898770 138
1898780 138
1898790 137
1898800 137
1898810 137
1898820 137
1898830 137
1898840 137
1898850 136
1898860 136
1898870 136
1898880 137
1898890 137
1898900 137
1898910 137
1898920 137
1898930 137
1898940 137
1898950 137
1898960 137
1898970 137
1898980 137
1898990 137
1899000 135
1899010 136
1899020 136
1899030 136
1899040 137
1899050 137
1899060 137
1899070 137
1899080 137
1899090 137
1899100 137
1899110 137
1899120 137
1899130 136
1899140 136
1899150 137
1899160 136
1899170 136
1899180 136
1899190 137
1899200 137
1899210 137
1899220 137
1899230 137
1899240 137
1899250 137
1899260 137
1899270 138
1899280 138
1899290 138
1899300 137
1899310 137
1899320 137
1899330 136
1899340 136
1899350 136
1899360 136
1899370 135
1899380 135
1899390 135
1899400 135
1899410 135
1899420 135
1880000 141
1880010 141
1880020 141
1880030 141
1880040 141
1880050 141
1880060 141
1880070 141
1880080 141
1880090 141
1880100 141
1880110 141
1880120 141
1880130 141
1880140 141
1880150 141
1880160 141
1880170 141
1880180 141
1880190 140
1880200 141
1880210 141
1880220 141
1880230 141
1880240 141
1880250 141
1880260 141
1880270 141
1880280 141
1880290 141
1880300 141
1880310 141
1880320 141
1880330 141
1880340 141
1880350 141
1880360 141
1880370 141
1880380 141
1880390 141
1880400 141
1880410 141
1880420 141
1880430 141
1880440 141
1880450 141
1880460 141
1880470 142
1880480 142
1880490 143
1880500 143
1880510 143
1880520 143
1880530 143
1880540 143
1880550 143
1880560 143
1880570 143
1880580 142
1880590 141
1880600 141
1880610 142
1880620 142
1880630 142
1880640 143
1880650 143
1880660 143
1880670 143
1880680 141
1880690 141
1880700 142
1880710 141
1880720 141
1880730 141
1880740 141
1880750 141
1880760 141
1880770 141
1880780 141
1880790 142
1880800 143
1880810 143
1880820 143
1880830 143
1880840 143
1880850 143
1880860 143
1880870 143
1880880 143
1880890 142
1880900 142
1880910 142
1880920 143
1880930 143
1880940 142
1880950 142
1880960 142
1880970 143
1880980 142
1880990 142
1881000 143
1881010 143
1881020 143
1881030 142
1881040 142
1881050 142
1881060 142
1881070 141
1881080 141
1881090 141
1881100 141
1881110 141
1881120 141
1881130 141
1881140 141
1881150 141
1881160 141
1881170 141
1881180 141
1881190 141
1881200 141
1881210 141
1881220 141
1881230 141
1881240 142
1881250 142
1881260 143
1881270 143
1881280 143
1881290 143
1881300 143
1881310 142
1881320 143
1881330 143
1881340 145
1881350 145
1881360 145
1881370 146
1881380 148
1881390 147
1881400 149
1881410 150
1881420 150
1881430 151
1881440 151
1881450 151
1881460 151
1881470 151
1881480 151
1881490 151
1881500 151
1881510 151
1881520 151
1881530 151
1881540 151
1881550 151
1881560 151
1881570 151
1881580 151
1881590 151
1881600 151
1881610 151
1881620 151
1881630 151
1881640 151
1881650 150
1881660 150
1881670 149
1881680 147
1881690 147
1881700 147
1881710 146
1881720 146
1881730 145
1881740 145
1881750 145
1881760 145
1881770 145
1881780 145
1881790 145
1881800 145
1881810 145
1881820 145
1881830 146
1881840 146
1881850 146
1881860 145
1881870 145
1881880 145
1881890 146
1881900 146
1881910 146
1881920 146
1881930 146
1881940 146
1881950 147
1881960 147
1881970 147
1881980 148
1881990 148
1882000 147
1882010 148
1882020 148
1882030 150
1882040 154
1882050 154
1882060 155
1882070 155
1882080 155
1882090 156
1882100 157
1882110 157
1882120 158
1882130 158
1882140 158
1882150 158
1882160 159
1882170 159
1882180 160
1882190 160
1882200 160
1882210 160
1882220 161
1882230 161
1882240 161
1882250 162
1882260 162
1882270 163
1882280 164
1882290 164
1882300 165
1882310 167
1882320 167
1882330 168
1882340 168
1882350 168
1882360 169
1882370 170
1882380 170
1882390 170
1882400 171
1882410 171
1882420 171
1882430 172
1882440 172
1882450 173
1882460 172
1882470 172
1882480 173
1882490 171
1882500 171
1882510 175
1882520 179
1882530 179
1882540 180
1882550 183
1882560 183
1882570 187
1882580 192
1882590 192
1882600 195
1882610 192
1882620 192
1882630 192
1882640 191
1882650 191
1882660 191
1882670 193
1882680 193
1882690 200
1882700 202
1882710 202
1882720 203
1882730 202
1882740 202
1882750 203
1882760 203
1882770 203
1882780 200
1882790 196
1882800 196
1882810 195
1882820 194
1882830 194
1882840 194
1882850 195
1882860 195
1882870 195
1882880 194
1882890 194
1882900 193
1882910 193
1882920 193
1882930 193
1882940 193
1882950 193
1882960 193
1882970 193
1882980 193
1882990 193
1883000 194
1883010 194
1883020 194
1883030 195
1883040 195
1883050 196
1883060 196
1883070 196
1883080 196
1883090 196
1883100 196
1883110 197
1883120 197
1883130 197
1883140 197
1883150 198
1883160 198
1883170 204
1883180 209
1883190 209
1883200 213
1883210 214
1883220 214
1883230 213
1883240 213
1883250 213
1883260 221
1883270 232
1883280 232
1883290 239
1883300 253
1883310 253
1883320 262
1883330 272
1883340 271
1883350 277
1883360 280
1883370 280
1883380 277
1883390 272
1883400 272
1883410 266
1883420 262
1883430 262
1883440 260
1883450 263
1883460 263
1883470 268
1883480 273
1883490 273
1883500 278
1883510 279
1883520 279
1883530 276
1883540 272
1883550 272
1883560 269
1883570 265
1883580 265
1883590 262
1883600 258
1883610 258
1883620 253
1883630 248
1883640 248
1883650 243
1883660 238
1883670 236
1883680 232
1883690 232
1883700 232
1883710 236
1883720 243
1883730 243
1883740 249
1883750 252
1883760 252
1883770 252
1883780 250
1883790 250
1883800 247
1883810 241
1883820 241
1883830 236
1883840 233
1883850 233
1883860 234
1883870 238
1883880 238
1883890 243
1883900 241
1883910 241
1883920 237
1883930 234
1883940 234
1883950 231
1883960 228
1883970 228
1883980 224
1883990 217
1884000 217
1884010 210
1884020 204
1884030 204
1884040 199
1884050 199
1884060 199
1884070 202
1884080 205
1884090 205
1884100 205
1884110 205
1884120 205
1884130 205
1884140 204
1884150 204
1884160 203
1884170 203
1884180 203
1884190 204
1884200 205
1884210 205
1884220 206
1884230 207
1884240 207
1884250 208
1884260 209
1884270 209
1884280 210
1884290 211
1884300 211
1884310 212
1884320 214
1884330 214
1884340 216
1884350 217
1884360 217
1884370 218
1884380 218
1884390 218
1884400 220
1884410 221
1884420 221
1884430 223
1884440 225
1884450 226
1884460 226
1884470 228
1884480 230
1884490 230
1884500 232
1884510 233
1884520 233
1884530 235
1884540 237
1884550 237
1884560 240
1884570 242
1884580 242
1884590 245
1884600 247
1884610 247
1884620 249
1884630 252
1884640 249
1884650 252
1884660 255
1884670 255
1884680 257
1884690 259
1884700 259
1884710 259
1884720 258
1884730 258
1884740 257
1884750 257
1884760 257
1884770 256
1884780 256
1884790 256
1884800 258
1884810 261
1884820 261
1884830 264
1884840 269
1884850 269
1884860 273
1884870 278
1884880 278
1884890 283
1884900 289
1884910 289
1884920 295
1884930 301
1884940 301
1884950 307
1884960 314
1884970 314
1884980 319
1884990 325
1885000 325
1885010 332
1885020 339
1885030 339
1885040 347
1885050 357
1885060 357
1885070 365
1885080 373
1885090 373
1885100 381
1885110 386
1885120 386
1885130 390
1885140 392
1885150 392
1885160 395
1885170 398
1885180 398
1885190 399
1885200 399
1885210 399
1885220 400
1885230 401
1885240 401
1885250 403
1885260 407
1885270 407
1885280 410
1885290 413
1885300 413
1885310 416
1885320 418
1885330 418
1885340 420
1885350 421
1885360 421
1885370 423
1885380 424
1885390 424
1885400 426
1885410 428
1885420 428
1885430 430
1885440 431
1885450 431
1885460 432
1885470 433
1885480 433
1885490 433
1885500 434
1885510 434
1885520 434
1885530 434
1885540 434
1885550 434
1885560 433
1885570 433
1885580 432
1885590 432
1885600 432
1885610 427
1885620 427
1885630 427
1885640 426
1885650 424
1885660 424
1885670 422
1885680 419
1885690 419
1885700 418
1885710 416
1885720 416
1885730 413
1885740 411
1885750 411
1885760 408
1885770 405
1885780 405
1885790 402
1885800 400
1885810 400
1885820 397
1885830 393
1885840 393
1885850 388
1885860 378
1885870 378
1885880 370
1885890 365
1885900 365
1885910 360
1885920 355
1885930 352
1885940 348
1885950 344
1885960 344
1885970 342
1885980 339
1885990 339
1886000 336
1886010 332
1886020 332
1886030 329
1886040 328
1886050 328
1886060 326
1886070 323
1886080 323
1886090 321
1886100 319
1886110 319
1886120 318
1886130 316
1886140 316
1886150 314
1886160 312
1886170 312
1886180 310
1886190 308
1886200 308
1886210 306
1886220 304
1886230 304
1886240 303
1886250 298
1886260 298
1886270 296
1886280 294
1886290 294
1886300 291
1886310 289
1886320 289
1886330 287
1886340 285
1886350 285
1886360 283
1886370 281
1886380 281
1886390 280
1886400 278
1886410 278
1886420 277
1886430 275
1886440 275
1886450 274
1886460 273
1886470 273
1886480 271
1886490 270
1886500 270
1886510 268
1886520 266
1886530 266
1886540 263
1886550 260
1886560 260
1886570 257
1886580 254
1886590 254
1886600 257
1886610 260
1886620 260
1886630 262
1886640 262
1886650 262
1886660 263
1886670 263
1886680 263
1886690 263
1886700 264
1886710 264
1886720 265
1886730 265
1886740 265
1886750 265
1886760 265
1886770 265
1886780 265
1886790 264
1886800 264
1886810 263
1886820 262
1886830 262
1886840 260
1886850 259
1886860 259
1886870 258
1886880 257
1886890 257
1886900 253
1886910 257
1886920 257
1886930 260
1886940 260
1886950 260
1886960 260
1886970 260
1886980 260
1886990 258
1887000 257
1887010 257
1887020 255
1887030 253
1887040 253
1887050 251
1887060 249
1887070 249
1887080 247
1887090 245
1887100 245
1887110 242
1887120 238
1887130 238
1887140 235
1887150 233
1887160 233
1887170 230
1887180 228
1887190 228
1887200 228
1887210 229
1887220 227
1887230 228
1887240 231
1887250 231
1887260 235
1887270 240
1887280 240
1887290 243
1887300 244
1887310 244
1887320 243
1887330 242
1887340 242
1887350 240
1887360 239
1887370 239
1887380 237
1887390 234
1887400 234
1887410 232
1887420 231
1887430 231
1887440 229
1887450 228
1887460 228
1887470 227
1887480 227
1887490 227
1887500 226
1887510 226
1887520 226
1887530 226
1887540 223
1887550 223
1887560 223
1887570 223
1887580 223
1887590 222
1887600 222
1887610 222
1887620 222
1887630 223
1887640 223
1887650 224
1887660 225
1887670 226
1887680 226
1887690 226
1887700 226
1887710 226
1887720 225
1887730 223
1887740 223
1887750 221
1887760 218
1887770 218
1887780 215
1887790 211
1887800 211
1887810 207
1887820 204
1887830 204
1887840 202
1887850 201
1887860 201
1887870 199
1887880 198
1887890 198
1887900 197
1887910 197
1887920 197
1887930 197
1887940 198
1887950 198
1887960 200
1887970 204
1887980 204
1887990 209
1888000 213
1888010 213
1888020 217
1888030 223
1888040 223
1888050 228
1888060 232
1888070 232
1888080 235
1888090 238
1888100 238
1888110 241
1888120 244
1888130 244
1888140 247
1888150 248
1888160 248
1888170 250
1888180 251
1888190 251
1888200 253
1888210 254
1888220 254
1888230 256
1888240 258
1888250 258
1888260 259
1888270 261
1888280 261
1888290 262
1888300 263
1888310 263
1888320 264
1888330 263
1888340 263
1888350 263
1888360 263
1888370 263
1888380 264
1888390 265
1888400 265
1888410 266
1888420 268
1888430 268
1888440 270
1888450 272
1888460 272
1888470 273
1888480 273
1888490 273
1888500 271
1888510 270
1888520 270
1888530 269
1888540 265
1888550 265
1888560 261
1888570 256
1888580 256
1888590 251
1888600 247
1888610 247
1888620 242
1888630 238
1888640 238
1888650 234
1888660 230
1888670 230
1888680 227
1888690 225
1888700 225
1888710 225
1888720 228
1888730 228
1888740 234
1888750 240
1888760 240
1888770 246
1888780 252
1888790 252
1888800 256
1888810 259
1888820 256
1888830 255
1888840 254
1888850 254
1888860 252
1888870 250
1888880 250
1888890 248
1888900 246
1888910 246
1888920 243
1888930 241
1888940 241
1888950 240
1888960 238
1888970 238
1888980 237
1888990 235
1889000 235
1889010 233
1889020 232
1889030 232
1889040 229
1889050 227
1889060 227
1889070 224
1889080 221
1889090 221
1889100 218
1889110 216
1889120 216
1889130 213
1889140 206
1889150 206
1889160 203
1889170 201
1889180 201
1889190 201
1889200 199
1889210 199
1889220 197
1889230 196
1889240 196
1889250 194
1889260 192
1889270 192
1889280 190
1889290 188
1889300 188
1889310 187
1889320 186
1889330 186
1889340 184
1889350 183
1889360 183
1889370 182
1889380 180
1889390 180
1889400 179
1889410 178
1889420 178
1889430 177
1889440 176
1889450 176
1889460 174
1889470 173
1889480 173
1889490 173
1889500 173
1889510 173
1889520 173
1889530 173
1889540 173
1889550 173
1889560 173
1889570 173
1889580 173
1889590 172
1889600 172
1889610 172
1889620 171
1889630 171
1889640 171
1889650 170
1889660 170
1889670 170
1889680 169
1889690 169
1889700 169
1889710 169
1889720 169
1889730 168
1889740 168
1889750 168
1889760 167
1889770 167
1889780 167
1889790 167
1889800 166
1889810 166
1889820 166
1889830 166
1889840 166
1889850 166
1889860 165
1889870 165
1889880 165
1889890 165
1889900 165
1889910 164
1889920 164
1889930 164
1889940 164
1889950 164
1889960 164
1889970 163
1889980 163
1889990 163
1890000 163
1890010 163
1890020 163
1890030 163
1890040 163
1890050 163
1890060 163
1890070 163
1890080 163
1890090 163
1890100 162
1890110 162
1890120 162
1890130 162
1890140 162
1890150 162
1890160 162
1890170 162
1890180 163
1890190 163
1890200 163
1890210 163
1890220 163
1890230 163
1890240 163
1890250 163
1890260 163
1890270 164
1890280 164
1890290 164
1890300 164
1890310 164
1890320 164
1890330 164
1890340 165
1890350 165
1890360 165
1890370 165
1890380 165
1890390 165
1890400 165
1890410 165
1890420 165
1890430 165
1890440 165
1890450 165
1890460 165
1890470 165
1890480 165
1890490 165
1890500 165
1890510 165
1890520 165
1890530 165
1890540 164
1890550 164
1890560 164
1890570 164
1890580 164
1890590 164
1890600 164
1890610 164
1890620 164
1890630 163
1890640 163
1890650 163
1890660 163
1890670 163
1890680 163
1890690 163
1890700 163
1890710 163
1890720 162
1890730 162
1890740 162
1890750 162
1890760 162
1890770 162
1890780 161
1890790 161
1890800 161
1890810 161
1890820 161
1890830 161
1890840 161
1890850 161
1890860 161
1890870 161
1890880 160
1890890 160
1890900 160
1890910 160
1890920 160
1890930 160
1890940 160
1890950 159
1890960 159
1890970 159
1890980 159
1890990 159
1891000 159
1891010 159
1891020 159
1891030 159
1891040 159
1891050 159
1891060 158
1891070 158
1891080 158
1891090 158
1891100 158
1891110 158
1891120 158
1891130 157
1891140 157
1891150 157
1891160 157
1891170 157
1891180 157
1891190 157
1891200 157
1891210 156
1891220 156
1891230 156
1891240 156
1891250 156
1891260 156
1891270 156
1891280 155
1891290 155
1891300 155
1891310 155
1891320 155
1891330 155
1891340 155
1891350 155
1891360 155
1891370 155
1891380 154
1891390 154
1891400 154
1891410 154
1891420 154
1891430 155
1891440 155
1891450 155
1891460 155
1891470 155
1891480 155
1891490 155
1891500 155
1891510 155
1891520 155
1891530 155
1891540 155
1891550 155
1891560 155
1891570 155
1891580 155
1891590 155
1891600 155
1891610 155
1891620 155
1891630 155
1891640 155
1891650 155
1891660 155
1891670 155
1891680 155
1891690 155
1891700 155
1891710 155
1891720 155
1891730 155
1891740 155
1891750 155
1891760 155
1891770 155
1891780 154
1891790 154
1891800 154
1891810 154
1891820 154
1891830 154
1891840 154
1891850 154
1891860 154
1891870 154
1891880 154
1891890 154
1891900 154
1891910 154
1891920 154
1891930 154
1891940 154
1891950 154
1891960 154
1891970 154
1891980 154
1891990 154
1892000 154
1892010 154
1892020 154
1892030 154
1892040 154
1892050 154
1892060 154
1892070 154
1892080 154
1892090 154
1892100 154
1892110 154
1892120 154
1892130 154
1892140 154
1892150 154
1892160 154
1892170 154
1892180 154
1892190 154
1892200 154
1892210 154
1892220 154
1892230 154
1892240 154
1892250 154
1892260 154
1892270 154
1892280 154
1892290 154
1892300 154
1892310 154
1892320 154
1892330 153
1892340 153
1892350 153
1892360 152
1892370 152
1892380 151
1892390 151
1892400 151
1892410 150
1892420 150
1892430 150
1892440 150
1892450 150
1892460 150
1892470 150
1892480 150
1892490 150
1892500 150
1892510 150
1892520 150
1892530 150
1892540 150
1892550 150
1892560 150
1892570 150
1892580 150
1892590 150
1892600 151
1892610 151
1892620 151
1892630 151
1892640 151
1892650 151
1892660 151
1892670 151
1892680 151
1892690 152
1892700 152
1892710 152
1892720 152
1892730 152
1892740 152
1892750 152
1892760 152
1892770 153
1892780 154
1892790 154
1892800 153
1892810 153
1892820 153
1892830 153
1892840 153
1892850 153
1892860 153
1892870 153
1892880 153
1892890 153
1892900 153
1892910 153
1892920 153
1892930 153
1892940 153
1892950 153
1892960 153
1892970 153
1892980 153
1892990 153
1893000 153
1893010 153
1893020 152
1893030 152
1893040 152
1893050 152
1893060 152
1893070 152
1893080 152
1893090 152
1893100 152
1893110 152
1893120 152
1893130 152
1893140 152
1893150 152
1893160 152
1893170 152
1893180 152
1893190 152
1893200 152
1893210 152
1893220 152
1893230 152
1893240 152
1893250 151
1893260 151
1893270 151
1893280 150
1893290 150
1893300 150
1893310 149
1893320 149
1893330 149
1893340 148
1893350 148
1893360 148
1893370 148
1893380 148
1893390 148
1893400 147
1893410 147
1893420 147
1893430 147
1893440 147
1893450 147
1893460 147
1893470 148
1893480 148
1893490 147
1893500 147
1893510 147
1893520 147
1893530 147
1893540 147
1893550 147
1893560 146
1893570 146
1893580 147
1893590 147
1893600 147
1893610 147
1893620 147
1893630 147
1893640 147
1893650 147
1893660 147
1893670 146
1893680 146
1893690 146
1893700 146
1893710 145
1893720 145
1893730 145
1893740 143
1893750 143
1893760 141
1893770 140
1893780 140
1893790 140
1893800 138
1893810 138
1893820 137
1893830 137
1893840 137
1893850 138
1893860 138
1893870 138
1893880 139
1893890 139
1893900 139
1893910 139
1893920 139
1893930 139
1893940 139
1893950 138
1893960 138
1893970 138
1893980 138
1893990 138
1894000 138
1894010 139
1894020 139
1894030 139
1894040 137
1894050 137
1894060 136
1894070 137
1894080 137
1894090 138
1894100 138
1894110 138
1894120 138
1894130 138
1894140 138
1894150 138
1894160 138
1894170 138
1894180 137
1894190 138
1894200 138
1894210 138
1894220 138
1894230 137
1894240 137
1894250 137
1894260 137
1894270 137
1894280 138
1894290 138
1894300 138
1894310 138
1894320 138
1894330 138
1894340 138
1894350 138
1894360 138
1894370 138
1894380 138
1894390 138
1894400 138
1894410 139
1894420 139
1894430 139
1894440 139
1894450 139
1894460 139
1894470 138
1894480 138
1894490 139
1894500 139
1894510 139
1894520 139
1894530 140
1894540 140
1894550 139
1894560 139
1894570 139
1894580 139
1894590 140
1894600 140
1894610 139
1894620 140
1894630 140
1894640 140
1894650 140
1894660 140
1894670 140
1894680 139
1894690 139
1894700 139
1894710 139
1894720 139
1894730 139
1894740 139
1894750 139
1894760 139
1894770 139
1894780 139
1894790 139
1894800 139
1894810 139
1894820 139
1894830 139
1894840 139
1894850 139
1894860 139
1894870 139
1894880 139
1894890 139
1894900 139
1894910 139
1894920 139
1894930 139
1894940 139
1894950 139
1894960 139
1894970 139
1894980 139
1894990 139
1895000 139
1895010 139
1895020 139
1895030 138
1895040 138
1895050 138
1895060 138
1895070 138
1895080 138
1895090 139
1895100 138
1895110 138
1895120 138
1895130 138
1895140 138
1895150 138
1895160 138
1895170 138
1895180 139
1895190 139
1895200 139
1895210 139
1895220 139
1895230 139
1895240 139
1895250 138
1895260 138
1895270 138
1895280 138
1895290 138
1895300 138
1895310 138
1895320 138
1895330 138
1895340 138
1895350 138
1895360 138
1895370 138
1895380 138
1895390 138
1895400 138
1895410 138
1895420 138
1895430 138
1895440 138
1895450 138
1895460 138
1895470 138
1895480 138
1895490 138
1895500 138
1895510 138
1895520 138
1895530 138
1895540 138
1895550 138
1895560 138
1895570 138
1895580 138
1895590 138
1895600 138
1895610 138
1895620 138
1895630 138
1895640 138
1895650 138
1895660 138
1895670 138
1895680 138
1895690 138
1895700 139
1895710 139
1895720 138
1895730 138
1895740 138
1895750 137
1895760 138
1895770 138
1895780 137
1895790 137
1895800 137
1895810 137
1895820 138
1895830 138
1895840 138
1895850 138
1895860 138
1895870 138
1895880 138
1895890 138
1895900 138
1895910 138
1895920 138
1895930 138
1895940 138
1895950 138
1895960 138
1895970 138
1895980 138
1895990 138
1896000 138
1896010 138
1896020 138
1896030 138
1896040 138
1896050 138
1896060 138
1896070 138
1896080 138
1896090 138
1896100 138
1896110 138
1896120 138
1896130 138
1896140 138
1896150 138
1896160 138
1896170 138
1896180 138
1896190 138
1896200 138
1896210 138
1896220 138
1896230 138
1896240 138
1896250 138
1896260 138
1896270 138
1896280 138
1896290 138
1896300 138
1896310 138
1896320 138
1896330 138
1896340 138
1896350 138
1896360 137
1896370 137
1896380 137
1896390 137
1896400 137
1896410 137
1896420 137
1896430 137
1896440 137
1896450 136
1896460 136
1896470 136
1896480 136
1896490 136
1896500 136
1896510 136
1896520 136
1896530 136
1896540 138
1896550 138
1896560 139
1896570 140
1896580 140
1896590 140
1896600 139
1896610 139
1896620 139
1896630 139
1896640 139
1896650 139
1896660 139
1896670 139
1896680 139
1896690 139
1896700 139
1896710 139
1896720 139
1896730 139
1896740 139
1896750 139
1896760 139
1896770 139
1896780 138
1896790 138
1896800 138
1896810 138
1896820 138
1896830 138
1896840 138
1896850 138
1896860 138
1896870 138
1896880 138
1896890 138
1896900 138
1896910 138
1896920 138
1896930 138
1896940 138
1896950 138
1896960 138
1896970 138
1896980 138
1896990 138
1897000 138
1897010 138
1897020 138
1897030 138
1897040 138
1897050 138
1897060 138
1897070 138
1897080 138
1897090 138
1897100 138
1897110 138
1897120 138
1897130 138
1897140 138
1897150 138
1897160 138
1897170 138
1897180 138
1897190 138
1897200 138
1897210 138
1897220 138
1897230 138
1897240 138
1897250 138
1897260 138
1897270 138
1897280 138
1897290 138
1897300 138
1897310 138
1897320 138
1897330 138
1897340 138
1897350 139
1897360 139
1897370 139
1897380 139
1897390 139
1897400 139
1897410 139
1897420 139
1897430 139
1897440 139
1897450 139
1897460 139
1897470 139
1897480 139
1897490 139
1897500 139
1897510 139
1897520 139
1897530 139
1897540 139
1897550 139
1897560 139
1897570 139
1897580 139
1897590 139
1897600 139
1897610 139
1897620 139
1897630 139
1897640 139
1897650 139
1897660 139
1897670 139
1897680 139
1897690 139
1897700 139
1897710 139
1897720 139
1897730 139
1897740 139
1897750 139
1897760 139
1897770 138
1897780 138
1897790 138
1897800 138
1897810 138
1897820 138
1897830 138
1897840 138
1897850 138
1897860 138
1897870 138
1897880 138
1897890 138
1897900 138
1897910 138
1897920 137
1897930 137
1897940 137
1897950 137
1897960 137
1897970 137
1897980 137
1897990 138
1898000 138
1898010 138
1898020 138
1898030 138
1898040 138
1898050 138
1898060 138
1898070 138
1898080 138
1898090 138
1898100 138
1898110 138
1898120 138
1898130 138
1898140 138
1898150 138
1898160 138
1898170 138
1898180 138
1898190 138
1898200 138
1898210 138
1898220 138
1898230 138
1898240 138
1898250 138
1898260 138
1898270 138
1898280 138
1898290 138
1898300 138
1898310 138
1898320 138
1898330 138
1898340 138
1898350 138
1898360 138
1898370 138
1898380 138
1898390 138
1898400 138
1898410 138
1898420 138
1898430 138
1898440 138
1898450 138
1898460 138
1898470 137
1898480 137
1898490 138
1898500 138
1898510 138
1898520 137
1898530 137
1898540 137
1898550 137
1898560 138
1898570 138
1898580 138
1898590 138
1898600 138
1898610 138
1898620 138
1898630 138
1898640 137
1898650 138
1898660 138
1898670 138
1898680 138
1898690 138
1898700 138
1898710 138
1898720 138
1898730 138
1898740 138
1898750 138
1898760 138
1898770 138
1898780 138
1898790 137
1898800 137
1898810 137
1898820 137
1898830 137
1898840 137
1898850 136
1898860 136
1898870 136
1898880 137
1898890 137
1898900 137
1898910 137
1898920 137
1898930 137
1898940 137
1898950 137
1898960 137
1898970 137
1898980 137
1898990 137
1899000 135
1899010 136
1899020 136
1899030 136
1899040 137
1899050 137
1899060 137
1899070 137
1899080 137
1899090 137
1899100 137
1899110 137
1899120 137
1899130 136
1899140 136
1899150 137
1899160 136
1899170 136
1899180 136
1899190 137
1899200 137
1899210 137
1899220 137
1899230 137
1899240 137
1899250 137
1899260 137
1899270 138
1899280 138
1899290 138
1899300 137
1899310 137
1899320 137
1899330 136
1899340 136
1899350 136
1899360 136
1899370 135
1899380 135
1899390 135
1899400 135
1899410 135
1899420 135
