1880000 141
1880010 141
1880020 141
1880030 141
1880040 141
1880050 141
1880060 141
1880070 141
1880080 141
1880090 141
1880100 141
1880110 141
1880120 141
1880130 141
1880140 141
1880150 141
1880160 141
1880170 141
1880180 141
1880190 141
1880200 141
1880210 141
1880220 141
1880230 141
1880240 141
1880250 141
1880260 141
1880270 141
1880280 141
1880290 141
1880300 141
1880310 141
1880320 141
1880330 141
1880340 141
1880350 141
1880360 141
1880370 141
1880380 141
1880390 141
1880400 141
1880410 141
1880420 141
1880430 141
1880440 141
1880450 141
1880460 141
1880470 141
1880480 141
1880490 141
1880500 142
1880510 142
1880520 143
1880530 143
1880540 143
1880550 143
1880560 143
1880570 143
1880580 143
1880590 143
1880600 143
1880610 143
1880620 143
1880630 143
1880640 142
1880650 141
1880660 141
1880670 142
1880680 142
1880690 142
1880700 142
1880710 141
1880720 141
1880730 141
1880740 141
1880750 141
1880760 141
1880770 141
1880780 141
1880790 141
1880800 141
1880810 141
1880820 142
1880830 143
1880840 143
1880850 143
1880860 143
1880870 143
1880880 143
1880890 143
1880900 143
1880910 143
1880920 142
1880930 142
1880940 142
1880950 142
1880960 142
1880970 142
1880980 142
1880990 142
1881000 142
1881010 143
1881020 143
1881030 143
1881040 142
1881050 142
1881060 142
1881070 142
1881080 142
1881090 142
1881100 141
1881110 141
1881120 141
1881130 141
1881140 141
1881150 141
1881160 141
1881170 141
1881180 141
1881190 141
1881200 141
1881210 141
1881220 141
1881230 141
1881240 141
1881250 142
1881260 142
1881270 143
1881280 143
1881290 143
1881300 143
1881310 143
1881320 143
1881330 143
1881340 144
1881350 144
1881360 145
1881370 145
1881380 145
1881390 145
1881400 146
1881410 146
1881420 148
1881430 150
1881440 150
1881450 150
1881460 150
1881470 150
1881480 151
1881490 150
1881500 150
1881510 150
1881520 150
1881530 150
1881540 150
1881550 151
1881560 151
1881570 151
1881580 151
1881590 151
1881600 151
1881610 151
1881620 151
1881630 151
1881640 151
1881650 151
1881660 150
1881670 149
1881680 149
1881690 147
1881700 146
1881710 146
1881720 146
1881730 145
1881740 145
1881750 145
1881760 145
1881770 145
1881780 145
1881790 145
1881800 145
1881810 145
1881820 145
1881830 145
1881840 145
1881850 145
1881860 145
1881870 145
1881880 145
1881890 145
1881900 146
1881910 146
1881920 146
1881930 146
1881940 147
1881950 147
1881960 147
1881970 147
1881980 147
1881990 147
1882000 148
1882010 148
1882020 148
1882030 151
1882040 156
1882050 157
1882060 156
1882070 156
1882080 157
1882090 158
1882100 158
1882110 160
1882120 161
1882130 163
1882140 163
1882150 164
1882160 164
1882170 164
1882180 164
1882190 163
1882200 163
1882210 163
1882220 164
1882230 164
1882240 167
1882250 167
1882260 167
1882270 168
1882280 169
1882290 169
1882300 170
1882310 171
1882320 171
1882330 171
1882340 173
1882350 173
1882360 172
1882370 175
1882380 175
1882390 174
1882400 172
1882410 172
1882420 173
1882430 173
1882440 173
1882450 173
1882460 172
1882470 172
1882480 173
1882490 172
1882500 172
1882510 177
1882520 180
1882530 180
1882540 185
1882550 192
1882560 192
1882570 197
1882580 196
1882590 196
1882600 194
1882610 194
1882620 194
1882630 194
1882640 191
1882650 191
1882660 193
1882670 199
1882680 199
1882690 204
1882700 208
1882710 208
1882720 211
1882730 211
1882740 211
1882750 211
1882760 211
1882770 211
1882780 210
1882790 210
1882800 210
1882810 209
1882820 205
1882830 205
1882840 202
1882850 199
1882860 199
1882870 196
1882880 196
1882890 196
1882900 196
1882910 195
1882920 195
1882930 194
1882940 194
1882950 194
1882960 194
1882970 194
1882980 194
1882990 195
1883000 195
1883010 195
1883020 195
1883030 195
1883040 195
1883050 196
1883060 196
1883070 196
1883080 196
1883090 197
1883100 197
1883110 197
1883120 197
1883130 197
1883140 197
1883150 197
1883160 197
1883170 197
1883180 199
1883190 199
1883200 202
1883210 207
1883220 207
1883230 211
1883240 213
1883250 213
1883260 225
1883270 235
1883280 235
1883290 240
1883300 255
1883310 255
1883320 261
1883330 268
1883340 263
1883350 268
1883360 272
1883370 272
1883380 268
1883390 262
1883400 262
1883410 257
1883420 252
1883430 252
1883440 252
1883450 256
1883460 256
1883470 262
1883480 268
1883490 268
1883500 273
1883510 272
1883520 272
1883530 269
1883540 265
1883550 265
1883560 261
1883570 258
1883580 258
1883590 255
1883600 253
1883610 253
1883620 249
1883630 244
1883640 244
1883650 240
1883660 235
1883670 234
1883680 229
1883690 227
1883700 227
1883710 230
1883720 235
1883730 235
1883740 241
1883750 243
1883760 243
1883770 243
1883780 241
1883790 241
1883800 239
1883810 237
1883820 237
1883830 229
1883840 225
1883850 225
1883860 225
1883870 228
1883880 228
1883890 233
1883900 232
1883910 232
1883920 229
1883930 226
1883940 226
1883950 223
1883960 222
1883970 222
1883980 219
1883990 212
1884000 212
1884010 206
1884020 202
1884030 202
1884040 198
1884050 198
1884060 198
1884070 200
1884080 202
1884090 202
1884100 201
1884110 201
1884120 201
1884130 200
1884140 200
1884150 200
1884160 201
1884170 202
1884180 202
1884190 203
1884200 203
1884210 203
1884220 204
1884230 205
1884240 205
1884250 206
1884260 207
1884270 207
1884280 209
1884290 210
1884300 210
1884310 210
1884320 211
1884330 211
1884340 213
1884350 214
1884360 214
1884370 216
1884380 217
1884390 217
1884400 218
1884410 219
1884420 219
1884430 220
1884440 222
1884450 222
1884460 224
1884470 225
1884480 225
1884490 227
1884500 228
1884510 228
1884520 230
1884530 232
1884540 232
1884550 234
1884560 235
1884570 235
1884580 238
1884590 240
1884600 240
1884610 242
1884620 244
1884630 244
1884640 243
1884650 245
1884660 245
1884670 247
1884680 248
1884690 248
1884700 248
1884710 247
1884720 247
1884730 246
1884740 246
1884750 246
1884760 247
1884770 250
1884780 250
1884790 255
1884800 260
1884810 260
1884820 266
1884830 271
1884840 271
1884850 275
1884860 280
1884870 280
1884880 286
1884890 292
1884900 292
1884910 300
1884920 305
1884930 305
1884940 310
1884950 315
1884960 323
1884970 325
1884980 330
1884990 330
1885000 336
1885010 340
1885020 340
1885030 347
1885040 352
1885050 352
1885060 360
1885070 369
1885080 369
1885090 376
1885100 381
1885110 381
1885120 382
1885130 380
1885140 380
1885150 383
1885160 387
1885170 387
1885180 387
1885190 387
1885200 387
1885210 387
1885220 389
1885230 389
1885240 393
1885250 398
1885260 398
1885270 403
1885280 406
1885290 406
1885300 410
1885310 412
1885320 412
1885330 413
1885340 414
1885350 416
1885360 416
1885370 418
1885380 420
1885390 420
1885400 422
1885410 425
1885420 425
1885430 427
1885440 428
1885450 428
1885460 430
1885470 431
1885480 431
1885490 431
1885500 432
1885510 432
1885520 432
1885530 432
1885540 432
1885550 431
1885560 430
1885570 430
1885580 429
1885590 427
1885600 427
1885610 425
1885620 425
1885630 425
1885640 424
1885650 421
1885660 421
1885670 419
1885680 416
1885690 416
1885700 413
1885710 410
1885720 410
1885730 408
1885740 406
1885750 406
1885760 404
1885770 401
1885780 401
1885790 398
1885800 396
1885810 396
1885820 393
1885830 389
1885840 389
1885850 383
1885860 375
1885870 375
1885880 367
1885890 361
1885900 361
1885910 355
1885920 350
1885930 348
1885940 343
1885950 339
1885960 339
1885970 335
1885980 333
1885990 333
1886000 330
1886010 327
1886020 327
1886030 324
1886040 321
1886050 321
1886060 319
1886070 318
1886080 318
1886090 316
1886100 314
1886110 314
1886120 312
1886130 310
1886140 310
1886150 308
1886160 307
1886170 307
1886180 305
1886190 303
1886200 303
1886210 302
1886220 300
1886230 300
1886240 298
1886250 294
1886260 294
1886270 291
1886280 289
1886290 289
1886300 287
1886310 285
1886320 285
1886330 283
1886340 281
1886350 281
1886360 279
1886370 278
1886380 278
1886390 276
1886400 275
1886410 275
1886420 274
1886430 273
1886440 273
1886450 271
1886460 270
1886470 270
1886480 269
1886490 267
1886500 267
1886510 266
1886520 264
1886530 264
1886540 262
1886550 259
1886560 259
1886570 256
1886580 254
1886590 254
1886600 252
1886610 255
1886620 255
1886630 256
1886640 258
1886650 258
1886660 258
1886670 258
1886680 258
1886690 259
1886700 260
1886710 260
1886720 261
1886730 261
1886740 261
1886750 261
1886760 262
1886770 262
1886780 262
1886790 261
1886800 261
1886810 260
1886820 259
1886830 259
1886840 258
1886850 257
1886860 257
1886870 255
1886880 253
1886890 253
1886900 252
1886910 256
1886920 256
1886930 259
1886940 260
1886950 260
1886960 262
1886970 262
1886980 262
1886990 262
1887000 261
1887010 261
1887020 261
1887030 259
1887040 259
1887050 257
1887060 255
1887070 255
1887080 252
1887090 248
1887100 248
1887110 244
1887120 241
1887130 241
1887140 237
1887150 233
1887160 233
1887170 230
1887180 229
1887190 229
1887200 227
1887210 226
1887220 226
1887230 225
1887240 226
1887250 226
1887260 229
1887270 233
1887280 233
1887290 237
1887300 237
1887310 237
1887320 236
1887330 234
1887340 234
1887350 232
1887360 230
1887370 230
1887380 228
1887390 225
1887400 225
1887410 224
1887420 222
1887430 222
1887440 222
1887450 222
1887460 222
1887470 222
1887480 221
1887490 221
1887500 221
1887510 221
1887520 221
1887530 221
1887540 219
1887550 219
1887560 218
1887570 219
1887580 219
1887590 219
1887600 219
1887610 219
1887620 219
1887630 220
1887640 220
1887650 222
1887660 223
1887670 223
1887680 225
1887690 225
1887700 225
1887710 225
1887720 224
1887730 224
1887740 222
1887750 220
1887760 220
1887770 217
1887780 213
1887790 213
1887800 209
1887810 206
1887820 206
1887830 204
1887840 202
1887850 202
1887860 201
1887870 199
1887880 199
1887890 198
1887900 196
1887910 196
1887920 196
1887930 196
1887940 196
1887950 197
1887960 200
1887970 200
1887980 204
1887990 209
1888000 209
1888010 211
1888020 217
1888030 217
1888040 223
1888050 227
1888060 227
1888070 231
1888080 234
1888090 234
1888100 237
1888110 240
1888120 240
1888130 243
1888140 245
1888150 245
1888160 247
1888170 249
1888180 249
1888190 252
1888200 254
1888210 254
1888220 257
1888230 258
1888240 258
1888250 260
1888260 262
1888270 262
1888280 264
1888290 265
1888300 265
1888310 267
1888320 267
1888330 267
1888340 268
1888350 268
1888360 268
1888370 269
1888380 269
1888390 269
1888400 269
1888410 269
1888420 269
1888430 269
1888440 269
1888450 269
1888460 269
1888470 269
1888480 269
1888490 268
1888500 264
1888510 264
1888520 263
1888530 262
1888540 262
1888550 259
1888560 255
1888570 255
1888580 249
1888590 243
1888600 237
1888610 237
1888620 233
1888630 230
1888640 230
1888650 226
1888660 222
1888670 222
1888680 220
1888690 220
1888700 220
1888710 222
1888720 227
1888730 227
1888740 234
1888750 240
1888760 240
1888770 246
1888780 250
1888790 250
1888800 252
1888810 252
1888820 248
1888830 246
1888840 245
1888850 245
1888860 242
1888870 240
1888880 240
1888890 238
1888900 236
1888910 236
1888920 234
1888930 232
1888940 232
1888950 230
1888960 229
1888970 229
1888980 228
1888990 226
1889000 226
1889010 224
1889020 222
1889030 222
1889040 220
1889050 217
1889060 217
1889070 215
1889080 213
1889090 213
1889100 210
1889110 208
1889120 208
1889130 206
1889140 200
1889150 200
1889160 198
1889170 195
1889180 195
1889190 192
1889200 191
1889210 191
1889220 190
1889230 188
1889240 188
1889250 187
1889260 186
1889270 186
1889280 185
1889290 183
1889300 183
1889310 182
1889320 181
1889330 181
1889340 179
1889350 178
1889360 178
1889370 177
1889380 176
1889390 176
1889400 175
1889410 174
1889420 174
1889430 173
1889440 173
1889450 173
1889460 172
1889470 172
1889480 172
1889490 171
1889500 171
1889510 171
1889520 172
1889530 171
1889540 171
1889550 171
1889560 171
1889570 171
1889580 171
1889590 171
1889600 171
1889610 171
1889620 171
1889630 171
1889640 170
1889650 170
1889660 170
1889670 169
1889680 169
1889690 169
1889700 168
1889710 168
1889720 168
1889730 168
1889740 167
1889750 167
1889760 167
1889770 167
1889780 166
1889790 166
1889800 166
1889810 166
1889820 165
1889830 165
1889840 165
1889850 165
1889860 165
1889870 165
1889880 165
1889890 164
1889900 164
1889910 164
1889920 164
1889930 164
1889940 163
1889950 163
1889960 163
1889970 163
1889980 163
1889990 163
1890000 162
1890010 162
1890020 162
1890030 162
1890040 162
1890050 162
1890060 162
1890070 162
1890080 162
1890090 162
1890100 162
1890110 162
1890120 162
1890130 162
1890140 162
1890150 162
1890160 162
1890170 162
1890180 162
1890190 162
1890200 162
1890210 162
1890220 163
1890230 163
1890240 163
1890250 163
1890260 163
1890270 163
1890280 164
1890290 164
1890300 164
1890310 164
1890320 164
1890330 164
1890340 164
1890350 164
1890360 164
1890370 164
1890380 164
1890390 164
1890400 165
1890410 165
1890420 164
1890430 164
1890440 164
1890450 165
1890460 165
1890470 165
1890480 164
1890490 164
1890500 164
1890510 164
1890520 164
1890530 164
1890540 164
1890550 164
1890560 164
1890570 164
1890580 164
1890590 164
1890600 163
1890610 163
1890620 163
1890630 163
1890640 163
1890650 163
1890660 163
1890670 162
1890680 162
1890690 162
1890700 162
1890710 162
1890720 162
1890730 162
1890740 161
1890750 161
1890760 161
1890770 161
1890780 161
1890790 161
1890800 161
1890810 161
1890820 160
1890830 160
1890840 160
1890850 160
1890860 160
1890870 160
1890880 160
1890890 160
1890900 160
1890910 160
1890920 160
1890930 159
1890940 159
1890950 159
1890960 159
1890970 159
1890980 159
1890990 159
1891000 159
1891010 159
1891020 158
1891030 158
1891040 158
1891050 158
1891060 158
1891070 158
1891080 158
1891090 157
1891100 157
1891110 157
1891120 157
1891130 157
1891140 157
1891150 157
1891160 157
1891170 157
1891180 156
1891190 156
1891200 156
1891210 156
1891220 156
1891230 156
1891240 156
1891250 156
1891260 156
1891270 155
1891280 155
1891290 155
1891300 155
1891310 155
1891320 155
1891330 154
1891340 154
1891350 154
1891360 154
1891370 154
1891380 154
1891390 154
1891400 154
1891410 154
1891420 154
1891430 154
1891440 154
1891450 154
1891460 154
1891470 154
1891480 155
1891490 155
1891500 155
1891510 155
1891520 155
1891530 155
1891540 155
1891550 155
1891560 155
1891570 155
1891580 155
1891590 155
1891600 155
1891610 155
1891620 155
1891630 155
1891640 155
1891650 155
1891660 155
1891670 155
1891680 155
1891690 155
1891700 154
1891710 154
1891720 154
1891730 154
1891740 154
1891750 154
1891760 154
1891770 154
1891780 154
1891790 154
1891800 154
1891810 154
1891820 153
1891830 153
1891840 153
1891850 153
1891860 153
1891870 153
1891880 153
1891890 153
1891900 153
1891910 153
1891920 153
1891930 153
1891940 153
1891950 153
1891960 153
1891970 153
1891980 153
1891990 154
1892000 154
1892010 153
1892020 154
1892030 154
1892040 154
1892050 153
1892060 154
1892070 154
1892080 154
1892090 154
1892100 154
1892110 154
1892120 154
1892130 154
1892140 154
1892150 154
1892160 154
1892170 154
1892180 154
1892190 154
1892200 154
1892210 154
1892220 154
1892230 154
1892240 154
1892250 154
1892260 154
1892270 153
1892280 153
1892290 153
1892300 153
1892310 153
1892320 153
1892330 153
1892340 153
1892350 154
1892360 152
1892370 152
1892380 151
1892390 151
1892400 151
1892410 151
1892420 150
1892430 150
1892440 150
1892450 150
1892460 150
1892470 150
1892480 150
1892490 150
1892500 150
1892510 149
1892520 149
1892530 149
1892540 149
1892550 149
1892560 150
1892570 150
1892580 150
1892590 150
1892600 150
1892610 150
1892620 151
1892630 151
1892640 151
1892650 149
1892660 150
1892670 150
1892680 151
1892690 151
1892700 151
1892710 151
1892720 152
1892730 152
1892740 152
1892750 152
1892760 152
1892770 152
1892780 152
1892790 152
1892800 152
1892810 153
1892820 153
1892830 153
1892840 153
1892850 153
1892860 153
1892870 152
1892880 152
1892890 152
1892900 153
1892910 153
1892920 152
1892930 152
1892940 152
1892950 153
1892960 153
1892970 152
1892980 152
1892990 152
1893000 152
1893010 152
1893020 152
1893030 152
1893040 152
1893050 152
1893060 152
1893070 152
1893080 152
1893090 152
1893100 152
1893110 152
1893120 152
1893130 152
1893140 152
1893150 152
1893160 152
1893170 151
1893180 151
1893190 151
1893200 151
1893210 151
1893220 151
1893230 151
1893240 151
1893250 150
1893260 150
1893270 150
1893280 149
1893290 149
1893300 149
1893310 149
1893320 148
1893330 148
1893340 148
1893350 148
1893360 148
1893370 147
1893380 147
1893390 147
1893400 147
1893410 147
1893420 147
1893430 146
1893440 146
1893450 146
1893460 146
1893470 146
1893480 146
1893490 146
1893500 146
1893510 146
1893520 146
1893530 146
1893540 146
1893550 146
1893560 147
1893570 147
1893580 147
1893590 147
1893600 147
1893610 147
1893620 147
1893630 147
1893640 147
1893650 147
1893660 147
1893670 147
1893680 146
1893690 146
1893700 145
1893710 143
1893720 143
1893730 139
1893740 138
1893750 138
1893760 138
1893770 137
1893780 137
1893790 137
1893800 137
1893810 137
1893820 138
1893830 139
1893840 139
1893850 140
1893860 140
1893870 140
1893880 139
1893890 139
1893900 139
1893910 139
1893920 138
1893930 138
1893940 138
1893950 138
1893960 138
1893970 138
1893980 137
1893990 137
1894000 137
1894010 138
1894020 138
1894030 138
1894040 136
1894050 136
1894060 136
1894070 137
1894080 137
1894090 138
1894100 138
1894110 138
1894120 138
1894130 138
1894140 138
1894150 138
1894160 138
1894170 138
1894180 137
1894190 138
1894200 138
1894210 138
1894220 138
1894230 138
1894240 137
1894250 137
1894260 137
1894270 137
1894280 138
1894290 138
1894300 138
1894310 138
1894320 138
1894330 138
1894340 138
1894350 138
1894360 138
1894370 138
1894380 138
1894390 138
1894400 138
1894410 138
1894420 139
1894430 139
1894440 139
1894450 139
1894460 138
1894470 138
1894480 139
1894490 139
1894500 139
1894510 140
1894520 139
1894530 139
1894540 139
1894550 139
1894560 139
1894570 140
1894580 139
1894590 139
1894600 140
1894610 140
1894620 140
1894630 140
1894640 140
1894650 140
1894660 140
1894670 139
1894680 139
1894690 139
1894700 139
1894710 139
1894720 139
1894730 139
1894740 139
1894750 139
1894760 139
1894770 139
1894780 139
1894790 139
1894800 139
1894810 138
1894820 137
1894830 137
1894840 138
1894850 139
1894860 138
1894870 140
1894880 139
1894890 139
1894900 139
1894910 139
1894920 139
1894930 139
1894940 139
1894950 139
1894960 138
1894970 138
1894980 138
1894990 138
1895000 137
1895010 137
1895020 137
1895030 137
1895040 137
1895050 137
1895060 138
1895070 138
1895080 139
1895090 139
1895100 139
1895110 138
1895120 138
1895130 138
1895140 138
1895150 138
1895160 138
1895170 138
1895180 138
1895190 138
1895200 138
1895210 138
1895220 138
1895230 138
1895240 139
1895250 138
1895260 138
1895270 138
1895280 138
1895290 138
1895300 138
1895310 138
1895320 138
1895330 138
1895340 138
1895350 138
1895360 138
1895370 138
1895380 138
1895390 138
1895400 138
1895410 138
1895420 138
1895430 138
1895440 138
1895450 138
1895460 138
1895470 138
1895480 138
1895490 138
1895500 138
1895510 138
1895520 138
1895530 138
1895540 138
1895550 138
1895560 138
1895570 138
1895580 138
1895590 138
1895600 138
1895610 138
1895620 138
1895630 138
1895640 138
1895650 138
1895660 138
1895670 138
1895680 138
1895690 138
1895700 138
1895710 138
1895720 138
1895730 138
1895740 138
1895750 138
1895760 138
1895770 138
1895780 137
1895790 137
1895800 137
1895810 137
1895820 137
1895830 137
1895840 137
1895850 138
1895860 138
1895870 138
1895880 138
1895890 138
1895900 138
1895910 138
1895920 138
1895930 138
1895940 138
1895950 138
1895960 138
1895970 138
1895980 138
1895990 138
1896000 138
1896010 138
1896020 138
1896030 138
1896040 138
1896050 138
1896060 138
1896070 138
1896080 138
1896090 138
1896100 138
1896110 138
1896120 138
1896130 138
1896140 138
1896150 137
1896160 137
1896170 138
1896180 138
1896190 138
1896200 138
1896210 138
1896220 138
1896230 138
1896240 138
1896250 138
1896260 138
1896270 138
1896280 138
1896290 138
1896300 138
1896310 138
1896320 138
1896330 138
1896340 138
1896350 138
1896360 138
1896370 138
1896380 137
1896390 137
1896400 137
1896410 138
1896420 137
1896430 137
1896440 137
1896450 136
1896460 136
1896470 136
1896480 136
1896490 136
1896500 136
1896510 136
1896520 136
1896530 136
1896540 136
1896550 136
1896560 138
1896570 139
1896580 139
1896590 139
1896600 139
1896610 139
1896620 139
1896630 139
1896640 139
1896650 139
1896660 139
1896670 139
1896680 139
1896690 139
1896700 139
1896710 139
1896720 139
1896730 139
1896740 138
1896750 139
1896760 139
1896770 139
1896780 139
1896790 139
1896800 139
1896810 139
1896820 139
1896830 139
1896840 139
1896850 139
1896860 139
1896870 139
1896880 139
1896890 139
1896900 139
1896910 139
1896920 139
1896930 139
1896940 139
1896950 139
1896960 139
1896970 139
1896980 139
1896990 139
1897000 139
1897010 138
1897020 138
1897030 138
1897040 138
1897050 138
1897060 138
1897070 138
1897080 138
1897090 138
1897100 138
1897110 138
1897120 138
1897130 138
1897140 138
1897150 138
1897160 138
1897170 138
1897180 138
1897190 138
1897200 139
1897210 139
1897220 139
1897230 139
1897240 139
1897250 139
1897260 139
1897270 139
1897280 139
1897290 139
1897300 139
1897310 139
1897320 139
1897330 139
1897340 139
1897350 139
1897360 139
1897370 139
1897380 139
1897390 139
1897400 139
1897410 139
1897420 139
1897430 139
1897440 139
1897450 139
1897460 139
1897470 139
1897480 139
1897490 139
1897500 139
1897510 139
1897520 139
1897530 139
1897540 139
1897550 139
1897560 139
1897570 139
1897580 139
1897590 139
1897600 139
1897610 139
1897620 139
1897630 139
1897640 139
1897650 139
1897660 139
1897670 139
1897680 139
1897690 139
1897700 139
1897710 139
1897720 139
1897730 139
1897740 138
1897750 138
1897760 138
1897770 138
1897780 138
1897790 138
1897800 138
1897810 138
1897820 138
1897830 138
1897840 138
1897850 138
1897860 138
1897870 138
1897880 138
1897890 138
1897900 138
1897910 137
1897920 137
1897930 137
1897940 137
1897950 137
1897960 137
1897970 137
1897980 138
1897990 138
1898000 138
1898010 138
1898020 138
1898030 138
1898040 138
1898050 138
1898060 138
1898070 138
1898080 138
1898090 138
1898100 138
1898110 138
1898120 138
1898130 138
1898140 138
1898150 138
1898160 138
1898170 138
1898180 138
1898190 138
1898200 138
1898210 138
1898220 138
1898230 138
1898240 138
1898250 138
1898260 138
1898270 138
1898280 138
1898290 138
1898300 138
1898310 138
1898320 138
1898330 138
1898340 138
1898350 138
1898360 138
1898370 138
1898380 138
1898390 138
1898400 138
1898410 138
1898420 138
1898430 138
1898440 138
1898450 138
1898460 138
1898470 138
1898480 138
1898490 138
1898500 137
1898510 137
1898520 137
1898530 137
1898540 137
1898550 137
1898560 138
1898570 138
1898580 138
1898590 138
1898600 138
1898610 138
1898620 138
1898630 138
1898640 138
1898650 138
1898660 138
1898670 138
1898680 138
1898690 138
1898700 138
1898710 138
1898720 138
1898730 138
1898740 138
1898750 138
1898760 138
1898770 138
1898780 138
1898790 138
1898800 137
1898810 137
1898820 137
1898830 137
1898840 137
1898850 136
1898860 136
1898870 136
1898880 137
1898890 137
1898900 137
1898910 137
1898920 137
1898930 137
1898940 137
1898950 137
1898960 137
1898970 137
1898980 136
1898990 136
1899000 136
1899010 136
1899020 136
1899030 137
1899040 137
1899050 137
1899060 137
1899070 137
1899080 137
1899090 137
1899100 137
1899110 137
1899120 137
1899130 136
1899140 136
1899150 137
1899160 137
1899170 137
1899180 136
1899190 137
1899200 137
1899210 137
1899220 138
1899230 138
1899240 138
1899250 137
1899260 137
1899270 137
1899280 137
1899290 137
1899300 137
1899310 137
1899320 137
1899330 136
1899340 136
1899350 136
1899360 136
1899370 136
1899380 136
1899390 135
1899400 135
1899410 135
1899420 135
1880000 141
1880010 141
1880020 141
1880030 141
1880040 141
1880050 141
1880060 141
1880070 141
1880080 141
1880090 141
1880100 141
1880110 141
1880120 141
1880130 141
1880140 141
1880150 141
1880160 141
1880170 141
1880180 141
1880190 141
1880200 141
1880210 141
1880220 141
1880230 141
1880240 141
1880250 141
1880260 141
1880270 141
1880280 141
1880290 141
1880300 141
1880310 141
1880320 141
1880330 141
1880340 141
1880350 141
1880360 141
1880370 141
1880380 141
1880390 141
1880400 141
1880410 141
1880420 141
1880430 141
1880440 141
1880450 141
1880460 141
1880470 141
1880480 141
1880490 141
1880500 142
1880510 142
1880520 143
1880530 143
1880540 143
1880550 143
1880560 143
1880570 143
1880580 143
1880590 143
1880600 143
1880610 143
1880620 143
1880630 143
1880640 142
1880650 141
1880660 141
1880670 142
1880680 142
1880690 142
1880700 142
1880710 141
1880720 141
1880730 141
1880740 141
1880750 141
1880760 141
1880770 141
1880780 141
1880790 141
1880800 141
1880810 141
1880820 142
1880830 143
1880840 143
1880850 143
1880860 143
1880870 143
1880880 143
1880890 143
1880900 143
1880910 143
1880920 142
1880930 142
1880940 142
1880950 142
1880960 142
1880970 142
1880980 142
1880990 142
1881000 142
1881010 143
1881020 143
1881030 143
1881040 142
1881050 142
1881060 142
1881070 142
1881080 142
1881090 142
1881100 141
1881110 141
1881120 141
1881130 141
1881140 141
1881150 141
1881160 141
1881170 141
1881180 141
1881190 141
1881200 141
1881210 141
1881220 141
1881230 141
1881240 141
1881250 142
1881260 142
1881270 143
1881280 143
1881290 143
1881300 143
1881310 143
1881320 143
1881330 143
1881340 144
1881350 144
1881360 145
1881370 145
1881380 145
1881390 145
1881400 146
1881410 146
1881420 148
1881430 150
1881440 150
1881450 150
1881460 150
1881470 150
1881480 151
1881490 150
1881500 150
1881510 150
1881520 150
1881530 150
1881540 150
1881550 151
1881560 151
1881570 151
1881580 151
1881590 151
1881600 151
1881610 151
1881620 151
1881630 151
1881640 151
1881650 151
1881660 150
1881670 149
1881680 149
1881690 147
1881700 146
1881710 146
1881720 146
1881730 145
1881740 145
1881750 145
1881760 145
1881770 145
1881780 145
1881790 145
1881800 145
1881810 145
1881820 145
1881830 145
1881840 145
1881850 145
1881860 145
1881870 145
1881880 145
1881890 145
1881900 146
1881910 146
1881920 146
1881930 146
1881940 147
1881950 147
1881960 147
1881970 147
1881980 147
1881990 147
1882000 148
1882010 148
1882020 148
1882030 151
1882040 156
1882050 157
1882060 156
1882070 156
1882080 157
1882090 158
1882100 158
1882110 160
1882120 161
1882130 163
1882140 163
1882150 164
1882160 164
1882170 164
1882180 164
1882190 163
1882200 163
1882210 163
1882220 164
1882230 164
1882240 167
1882250 167
1882260 167
1882270 168
1882280 169
1882290 169
1882300 170
1882310 171
1882320 171
1882330 171
1882340 173
1882350 173
1882360 172
1882370 175
1882380 175
1882390 174
1882400 172
1882410 172
1882420 173
1882430 173
1882440 173
1882450 173
1882460 172
1882470 172
1882480 173
1882490 172
1882500 172
1882510 177
1882520 180
1882530 180
1882540 185
1882550 192
1882560 192
1882570 197
1882580 196
1882590 196
1882600 194
1882610 194
1882620 194
1882630 194
1882640 191
1882650 191
1882660 193
1882670 199
1882680 199
1882690 204
1882700 208
1882710 208
1882720 211
1882730 211
1882740 211
1882750 211
1882760 211
1882770 211
1882780 210
1882790 210
1882800 210
1882810 209
1882820 205
1882830 205
1882840 202
1882850 199
1882860 199
1882870 196
1882880 196
1882890 196
1882900 196
1882910 195
1882920 195
1882930 194
1882940 194
1882950 194
1882960 194
1882970 194
1882980 194
1882990 195
1883000 195
1883010 195
1883020 195
1883030 195
1883040 195
1883050 196
1883060 196
1883070 196
1883080 196
1883090 197
1883100 197
1883110 197
1883120 197
1883130 197
1883140 197
1883150 197
1883160 197
1883170 197
1883180 199
1883190 199
1883200 202
1883210 207
1883220 207
1883230 211
1883240 213
1883250 213
1883260 225
1883270 235
1883280 235
1883290 240
1883300 255
1883310 255
1883320 261
1883330 268
1883340 263
1883350 268
1883360 272
1883370 272
1883380 268
1883390 262
1883400 262
1883410 257
1883420 252
1883430 252
1883440 252
1883450 256
1883460 256
1883470 262
1883480 268
1883490 268
1883500 273
1883510 272
1883520 272
1883530 269
1883540 265
1883550 265
1883560 261
1883570 258
1883580 258
1883590 255
1883600 253
1883610 253
1883620 249
1883630 244
1883640 244
1883650 240
1883660 235
1883670 234
1883680 229
1883690 227
1883700 227
1883710 230
1883720 235
1883730 235
1883740 241
1883750 243
1883760 243
1883770 243
1883780 241
1883790 241
1883800 239
1883810 237
1883820 237
1883830 229
1883840 225
1883850 225
1883860 225
1883870 228
1883880 228
1883890 233
1883900 232
1883910 232
1883920 229
1883930 226
1883940 226
1883950 223
1883960 222
1883970 222
1883980 219
1883990 212
1884000 212
1884010 206
1884020 202
1884030 202
1884040 198
1884050 198
1884060 198
1884070 200
1884080 202
1884090 202
1884100 201
1884110 201
1884120 201
1884130 200
1884140 200
1884150 200
1884160 201
1884170 202
1884180 202
1884190 203
1884200 203
1884210 203
1884220 204
1884230 205
1884240 205
1884250 206
1884260 207
1884270 207
1884280 209
1884290 210
1884300 210
1884310 210
1884320 211
1884330 211
1884340 213
1884350 214
1884360 214
1884370 216
1884380 217
1884390 217
1884400 218
1884410 219
1884420 219
1884430 220
1884440 222
1884450 222
1884460 224
1884470 225
1884480 225
1884490 227
1884500 228
1884510 228
1884520 230
1884530 232
1884540 232
1884550 234
1884560 235
1884570 235
1884580 238
1884590 240
1884600 240
1884610 242
1884620 244
1884630 244
1884640 243
1884650 245
1884660 245
1884670 247
1884680 248
1884690 248
1884700 248
1884710 247
1884720 247
1884730 246
1884740 246
1884750 246
1884760 247
1884770 250
1884780 250
1884790 255
1884800 260
1884810 260
1884820 266
1884830 271
1884840 271
1884850 275
1884860 280
1884870 280
1884880 286
1884890 292
1884900 292
1884910 300
1884920 305
1884930 305
1884940 310
1884950 315
1884960 323
1884970 325
1884980 330
1884990 330
1885000 336
1885010 340
1885020 340
1885030 347
1885040 352
1885050 352
1885060 360
1885070 369
1885080 369
1885090 376
1885100 381
1885110 381
1885120 382
1885130 380
1885140 380
1885150 383
1885160 387
1885170 387
1885180 387
1885190 387
1885200 387
1885210 387
1885220 389
1885230 389
1885240 393
1885250 398
1885260 398
1885270 403
1885280 406
1885290 406
1885300 410
1885310 412
1885320 412
1885330 413
1885340 414
1885350 416
1885360 416
1885370 418
1885380 420
1885390 420
1885400 422
1885410 425
1885420 425
1885430 427
1885440 428
1885450 428
1885460 430
1885470 431
1885480 431
1885490 431
1885500 432
1885510 432
1885520 432
1885530 432
1885540 432
1885550 431
1885560 430
1885570 430
1885580 429
1885590 427
1885600 427
1885610 425
1885620 425
1885630 425
1885640 424
1885650 421
1885660 421
1885670 419
1885680 416
1885690 416
1885700 413
1885710 410
1885720 410
1885730 408
1885740 406
1885750 406
1885760 404
1885770 401
1885780 401
1885790 398
1885800 396
1885810 396
1885820 393
1885830 389
1885840 389
1885850 383
1885860 375
1885870 375
1885880 367
1885890 361
1885900 361
1885910 355
1885920 350
1885930 348
1885940 343
1885950 339
1885960 339
1885970 335
1885980 333
1885990 333
1886000 330
1886010 327
1886020 327
1886030 324
1886040 321
1886050 321
1886060 319
1886070 318
1886080 318
1886090 316
1886100 314
1886110 314
1886120 312
1886130 310
1886140 310
1886150 308
1886160 307
1886170 307
1886180 305
1886190 303
1886200 303
1886210 302
1886220 300
1886230 300
1886240 298
1886250 294
1886260 294
1886270 291
1886280 289
1886290 289
1886300 287
1886310 285
1886320 285
1886330 283
1886340 281
1886350 281
1886360 279
1886370 278
1886380 278
1886390 276
1886400 275
1886410 275
1886420 274
1886430 273
1886440 273
1886450 271
1886460 270
1886470 270
1886480 269
1886490 267
1886500 267
1886510 266
1886520 264
1886530 264
1886540 262
1886550 259
1886560 259
1886570 256
1886580 254
1886590 254
1886600 252
1886610 255
1886620 255
1886630 256
1886640 258
1886650 258
1886660 258
1886670 258
1886680 258
1886690 259
1886700 260
1886710 260
1886720 261
1886730 261
1886740 261
1886750 261
1886760 262
1886770 262
1886780 262
1886790 261
1886800 261
1886810 260
1886820 259
1886830 259
1886840 258
1886850 257
1886860 257
1886870 255
1886880 253
1886890 253
1886900 252
1886910 256
1886920 256
1886930 259
1886940 260
1886950 260
1886960 262
1886970 262
1886980 262
1886990 262
1887000 261
1887010 261
1887020 261
1887030 259
1887040 259
1887050 257
1887060 255
1887070 255
1887080 252
1887090 248
1887100 248
1887110 244
1887120 241
1887130 241
1887140 237
1887150 233
1887160 233
1887170 230
1887180 229
1887190 229
1887200 227
1887210 226
1887220 226
1887230 225
1887240 226
1887250 226
1887260 229
1887270 233
1887280 233
1887290 237
1887300 237
1887310 237
1887320 236
1887330 234
1887340 234
1887350 232
1887360 230
1887370 230
1887380 228
1887390 225
1887400 225
1887410 224
1887420 222
1887430 222
1887440 222
1887450 222
1887460 222
1887470 222
1887480 221
1887490 221
1887500 221
1887510 221
1887520 221
1887530 221
1887540 219
1887550 219
1887560 218
1887570 219
1887580 219
1887590 219
1887600 219
1887610 219
1887620 219
1887630 220
1887640 220
1887650 222
1887660 223
1887670 223
1887680 225
1887690 225
1887700 225
1887710 225
1887720 224
1887730 224
1887740 222
1887750 220
1887760 220
1887770 217
1887780 213
1887790 213
1887800 209
1887810 206
1887820 206
1887830 204
1887840 202
1887850 202
1887860 201
1887870 199
1887880 199
1887890 198
1887900 196
1887910 196
1887920 196
1887930 196
1887940 196
1887950 197
1887960 200
1887970 200
1887980 204
1887990 209
1888000 209
1888010 211
1888020 217
1888030 217
1888040 223
1888050 227
1888060 227
1888070 231
1888080 234
1888090 234
1888100 237
1888110 240
1888120 240
1888130 243
1888140 245
1888150 245
1888160 247
1888170 249
1888180 249
1888190 252
1888200 254
1888210 254
1888220 257
1888230 258
1888240 258
1888250 260
1888260 262
1888270 262
1888280 264
1888290 265
1888300 265
1888310 267
1888320 267
1888330 267
1888340 268
1888350 268
1888360 268
1888370 269
1888380 269
1888390 269
1888400 269
1888410 269
1888420 269
1888430 269
1888440 269
1888450 269
1888460 269
1888470 269
1888480 269
1888490 268
1888500 264
1888510 264
1888520 263
1888530 262
1888540 262
1888550 259
1888560 255
1888570 255
1888580 249
1888590 243
1888600 237
1888610 237
1888620 233
1888630 230
1888640 230
1888650 226
1888660 222
1888670 222
1888680 220
1888690 220
1888700 220
1888710 222
1888720 227
1888730 227
1888740 234
1888750 240
1888760 240
1888770 246
1888780 250
1888790 250
1888800 252
1888810 252
1888820 248
1888830 246
1888840 245
1888850 245
1888860 242
1888870 240
1888880 240
1888890 238
1888900 236
1888910 236
1888920 234
1888930 232
1888940 232
1888950 230
1888960 229
1888970 229
1888980 228
1888990 226
1889000 226
1889010 224
1889020 222
1889030 222
1889040 220
1889050 217
1889060 217
1889070 215
1889080 213
1889090 213
1889100 210
1889110 208
1889120 208
1889130 206
1889140 200
1889150 200
1889160 198
1889170 195
1889180 195
1889190 192
1889200 191
1889210 191
1889220 190
1889230 188
1889240 188
1889250 187
1889260 186
1889270 186
1889280 185
1889290 183
1889300 183
1889310 182
1889320 181
1889330 181
1889340 179
1889350 178
1889360 178
1889370 177
1889380 176
1889390 176
1889400 175
1889410 174
1889420 174
1889430 173
1889440 173
1889450 173
1889460 172
1889470 172
1889480 172
1889490 171
1889500 171
1889510 171
1889520 172
1889530 171
1889540 171
1889550 171
1889560 171
1889570 171
1889580 171
1889590 171
1889600 171
1889610 171
1889620 171
1889630 171
1889640 170
1889650 170
1889660 170
1889670 169
1889680 169
1889690 169
1889700 168
1889710 168
1889720 168
1889730 168
1889740 167
1889750 167
1889760 167
1889770 167
1889780 166
1889790 166
1889800 166
1889810 166
1889820 165
1889830 165
1889840 165
1889850 165
1889860 165
1889870 165
1889880 165
1889890 164
1889900 164
1889910 164
1889920 164
1889930 164
1889940 163
1889950 163
1889960 163
1889970 163
1889980 163
1889990 163
1890000 162
1890010 162
1890020 162
1890030 162
1890040 162
1890050 162
1890060 162
1890070 162
1890080 162
1890090 162
1890100 162
1890110 162
1890120 162
1890130 162
1890140 162
1890150 162
1890160 162
1890170 162
1890180 162
1890190 162
1890200 162
1890210 162
1890220 163
1890230 163
1890240 163
1890250 163
1890260 163
1890270 163
1890280 164
1890290 164
1890300 164
1890310 164
1890320 164
1890330 164
1890340 164
1890350 164
1890360 164
1890370 164
1890380 164
1890390 164
1890400 165
1890410 165
1890420 164
1890430 164
1890440 164
1890450 165
1890460 165
1890470 165
1890480 164
1890490 164
1890500 164
1890510 164
1890520 164
1890530 164
1890540 164
1890550 164
1890560 164
1890570 164
1890580 164
1890590 164
1890600 163
1890610 163
1890620 163
1890630 163
1890640 163
1890650 163
1890660 163
1890670 162
1890680 162
1890690 162
1890700 162
1890710 162
1890720 162
1890730 162
1890740 161
1890750 161
1890760 161
1890770 161
1890780 161
1890790 161
1890800 161
1890810 161
1890820 160
1890830 160
1890840 160
1890850 160
1890860 160
1890870 160
1890880 160
1890890 160
1890900 160
1890910 160
1890920 160
1890930 159
1890940 159
1890950 159
1890960 159
1890970 159
1890980 159
1890990 159
1891000 159
1891010 159
1891020 158
1891030 158
1891040 158
1891050 158
1891060 158
1891070 158
1891080 158
1891090 157
1891100 157
1891110 157
1891120 157
1891130 157
1891140 157
1891150 157
1891160 157
1891170 157
1891180 156
1891190 156
1891200 156
1891210 156
1891220 156
1891230 156
1891240 156
1891250 156
1891260 156
1891270 155
1891280 155
1891290 155
1891300 155
1891310 155
1891320 155
1891330 154
1891340 154
1891350 154
1891360 154
1891370 154
1891380 154
1891390 154
1891400 154
1891410 154
1891420 154
1891430 154
1891440 154
1891450 154
1891460 154
1891470 154
1891480 155
1891490 155
1891500 155
1891510 155
1891520 155
1891530 155
1891540 155
1891550 155
1891560 155
1891570 155
1891580 155
1891590 155
1891600 155
1891610 155
1891620 155
1891630 155
1891640 155
1891650 155
1891660 155
1891670 155
1891680 155
1891690 155
1891700 154
1891710 154
1891720 154
1891730 154
1891740 154
1891750 154
1891760 154
1891770 154
1891780 154
1891790 154
1891800 154
1891810 154
1891820 153
1891830 153
1891840 153
1891850 153
1891860 153
1891870 153
1891880 153
1891890 153
1891900 153
1891910 153
1891920 153
1891930 153
1891940 153
1891950 153
1891960 153
1891970 153
1891980 153
1891990 154
1892000 154
1892010 153
1892020 154
1892030 154
1892040 154
1892050 153
1892060 154
1892070 154
1892080 154
1892090 154
1892100 154
1892110 154
1892120 154
1892130 154
1892140 154
1892150 154
1892160 154
1892170 154
1892180 154
1892190 154
1892200 154
1892210 154
1892220 154
1892230 154
1892240 154
1892250 154
1892260 154
1892270 153
1892280 153
1892290 153
1892300 153
1892310 153
1892320 153
1892330 153
1892340 153
1892350 154
1892360 152
1892370 152
1892380 151
1892390 151
1892400 151
1892410 151
1892420 150
1892430 150
1892440 150
1892450 150
1892460 150
1892470 150
1892480 150
1892490 150
1892500 150
1892510 149
1892520 149
1892530 149
1892540 149
1892550 149
1892560 150
1892570 150
1892580 150
1892590 150
1892600 150
1892610 150
1892620 151
1892630 151
1892640 151
1892650 149
1892660 150
1892670 150
1892680 151
1892690 151
1892700 151
1892710 151
1892720 152
1892730 152
1892740 152
1892750 152
1892760 152
1892770 152
1892780 152
1892790 152
1892800 152
1892810 153
1892820 153
1892830 153
1892840 153
1892850 153
1892860 153
1892870 152
1892880 152
1892890 152
1892900 153
1892910 153
1892920 152
1892930 152
1892940 152
1892950 153
1892960 153
1892970 152
1892980 152
1892990 152
1893000 152
1893010 152
1893020 152
1893030 152
1893040 152
1893050 152
1893060 152
1893070 152
1893080 152
1893090 152
1893100 152
1893110 152
1893120 152
1893130 152
1893140 152
1893150 152
1893160 152
1893170 151
1893180 151
1893190 151
1893200 151
1893210 151
1893220 151
1893230 151
1893240 151
1893250 150
1893260 150
1893270 150
1893280 149
1893290 149
1893300 149
1893310 149
1893320 148
1893330 148
1893340 148
1893350 148
1893360 148
1893370 147
1893380 147
1893390 147
1893400 147
1893410 147
1893420 147
1893430 146
1893440 146
1893450 146
1893460 146
1893470 146
1893480 146
1893490 146
1893500 146
1893510 146
1893520 146
1893530 146
1893540 146
1893550 146
1893560 147
1893570 147
1893580 147
1893590 147
1893600 147
1893610 147
1893620 147
1893630 147
1893640 147
1893650 147
1893660 147
1893670 147
1893680 146
1893690 146
1893700 145
1893710 143
1893720 143
1893730 139
1893740 138
1893750 138
1893760 138
1893770 137
1893780 137
1893790 137
1893800 137
1893810 137
1893820 138
1893830 139
1893840 139
1893850 140
1893860 140
1893870 140
1893880 139
1893890 139
1893900 139
1893910 139
1893920 138
1893930 138
1893940 138
1893950 138
1893960 138
1893970 138
1893980 137
1893990 137
1894000 137
1894010 138
1894020 138
1894030 138
1894040 136
1894050 136
1894060 136
1894070 137
1894080 137
1894090 138
1894100 138
1894110 138
1894120 138
1894130 138
1894140 138
1894150 138
1894160 138
1894170 138
1894180 137
1894190 138
1894200 138
1894210 138
1894220 138
1894230 138
1894240 137
1894250 137
1894260 137
1894270 137
1894280 138
1894290 138
1894300 138
1894310 138
1894320 138
1894330 138
1894340 138
1894350 138
1894360 138
1894370 138
1894380 138
1894390 138
1894400 138
1894410 138
1894420 139
1894430 139
1894440 139
1894450 139
1894460 138
1894470 138
1894480 139
1894490 139
1894500 139
1894510 140
1894520 139
1894530 139
1894540 139
1894550 139
1894560 139
1894570 140
1894580 139
1894590 139
1894600 140
1894610 140
1894620 140
1894630 140
1894640 140
1894650 140
1894660 140
1894670 139
1894680 139
1894690 139
1894700 139
1894710 139
1894720 139
1894730 139
1894740 139
1894750 139
1894760 139
1894770 139
1894780 139
1894790 139
1894800 139
1894810 138
1894820 137
1894830 137
1894840 138
1894850 139
1894860 138
1894870 140
1894880 139
1894890 139
1894900 139
1894910 139
1894920 139
1894930 139
1894940 139
1894950 139
1894960 138
1894970 138
1894980 138
1894990 138
1895000 137
1895010 137
1895020 137
1895030 137
1895040 137
1895050 137
1895060 138
1895070 138
1895080 139
1895090 139
1895100 139
1895110 138
1895120 138
1895130 138
1895140 138
1895150 138
1895160 138
1895170 138
1895180 138
1895190 138
1895200 138
1895210 138
1895220 138
1895230 138
1895240 139
1895250 138
1895260 138
1895270 138
1895280 138
1895290 138
1895300 138
1895310 138
1895320 138
1895330 138
1895340 138
1895350 138
1895360 138
1895370 138
1895380 138
1895390 138
1895400 138
1895410 138
1895420 138
1895430 138
1895440 138
1895450 138
1895460 138
1895470 138
1895480 138
1895490 138
1895500 138
1895510 138
1895520 138
1895530 138
1895540 138
1895550 138
1895560 138
1895570 138
1895580 138
1895590 138
1895600 138
1895610 138
1895620 138
1895630 138
1895640 138
1895650 138
1895660 138
1895670 138
1895680 138
1895690 138
1895700 138
1895710 138
1895720 138
1895730 138
1895740 138
1895750 138
1895760 138
1895770 138
1895780 137
1895790 137
1895800 137
1895810 137
1895820 137
1895830 137
1895840 137
1895850 138
1895860 138
1895870 138
1895880 138
1895890 138
1895900 138
1895910 138
1895920 138
1895930 138
1895940 138
1895950 138
1895960 138
1895970 138
1895980 138
1895990 138
1896000 138
1896010 138
1896020 138
1896030 138
1896040 138
1896050 138
1896060 138
1896070 138
1896080 138
1896090 138
1896100 138
1896110 138
1896120 138
1896130 138
1896140 138
1896150 137
1896160 137
1896170 138
1896180 138
1896190 138
1896200 138
1896210 138
1896220 138
1896230 138
1896240 138
1896250 138
1896260 138
1896270 138
1896280 138
1896290 138
1896300 138
1896310 138
1896320 138
1896330 138
1896340 138
1896350 138
1896360 138
1896370 138
1896380 137
1896390 137
1896400 137
1896410 138
1896420 137
1896430 137
1896440 137
1896450 136
1896460 136
1896470 136
1896480 136
1896490 136
1896500 136
1896510 136
1896520 136
1896530 136
1896540 136
1896550 136
1896560 138
1896570 139
1896580 139
1896590 139
1896600 139
1896610 139
1896620 139
1896630 139
1896640 139
1896650 139
1896660 139
1896670 139
1896680 139
1896690 139
1896700 139
1896710 139
1896720 139
1896730 139
1896740 138
1896750 139
1896760 139
1896770 139
1896780 139
1896790 139
1896800 139
1896810 139
1896820 139
1896830 139
1896840 139
1896850 139
1896860 139
1896870 139
1896880 139
1896890 139
1896900 139
1896910 139
1896920 139
1896930 139
1896940 139
1896950 139
1896960 139
1896970 139
1896980 139
1896990 139
1897000 139
1897010 138
1897020 138
1897030 138
1897040 138
1897050 138
1897060 138
1897070 138
1897080 138
1897090 138
1897100 138
1897110 138
1897120 138
1897130 138
1897140 138
1897150 138
1897160 138
1897170 138
1897180 138
1897190 138
1897200 139
1897210 139
1897220 139
1897230 139
1897240 139
1897250 139
1897260 139
1897270 139
1897280 139
1897290 139
1897300 139
1897310 139
1897320 139
1897330 139
1897340 139
1897350 139
1897360 139
1897370 139
1897380 139
1897390 139
1897400 139
1897410 139
1897420 139
1897430 139
1897440 139
1897450 139
1897460 139
1897470 139
1897480 139
1897490 139
1897500 139
1897510 139
1897520 139
1897530 139
1897540 139
1897550 139
1897560 139
1897570 139
1897580 139
1897590 139
1897600 139
1897610 139
1897620 139
1897630 139
1897640 139
1897650 139
1897660 139
1897670 139
1897680 139
1897690 139
1897700 139
1897710 139
1897720 139
1897730 139
1897740 138
1897750 138
1897760 138
1897770 138
1897780 138
1897790 138
1897800 138
1897810 138
1897820 138
1897830 138
1897840 138
1897850 138
1897860 138
1897870 138
1897880 138
1897890 138
1897900 138
1897910 137
1897920 137
1897930 137
1897940 137
1897950 137
1897960 137
1897970 137
1897980 138
1897990 138
1898000 138
1898010 138
1898020 138
1898030 138
1898040 138
1898050 138
1898060 138
1898070 138
1898080 138
1898090 138
1898100 138
1898110 138
1898120 138
1898130 138
1898140 138
1898150 138
1898160 138
1898170 138
1898180 138
1898190 138
1898200 138
1898210 138
1898220 138
1898230 138
1898240 138
1898250 138
1898260 138
1898270 138
1898280 138
1898290 138
1898300 138
1898310 138
1898320 138
1898330 138
1898340 138
1898350 138
1898360 138
1898370 138
1898380 138
1898390 138
1898400 138
1898410 138
1898420 138
1898430 138
1898440 138
1898450 138
1898460 138
1898470 138
1898480 138
1898490 138
1898500 137
1898510 137
1898520 137
1898530 137
1898540 137
1898550 137
1898560 138
1898570 138
1898580 138
1898590 138
1898600 138
1898610 138
1898620 138
1898630 138
1898640 138
1898650 138
1898660 138
1898670 138
1898680 138
1898690 138
1898700 138
1898710 138
1898720 138
1898730 138
1898740 138
1898750 138
1898760 138
1898770 138
1898780 138
1898790 138
1898800 137
1898810 137
1898820 137
1898830 137
1898840 137
1898850 136
1898860 136
1898870 136
1898880 137
1898890 137
1898900 137
1898910 137
1898920 137
1898930 137
1898940 137
1898950 137
1898960 137
1898970 137
1898980 136
1898990 136
1899000 136
1899010 136
1899020 136
1899030 137
1899040 137
1899050 137
1899060 137
1899070 137
1899080 137
1899090 137
1899100 137
1899110 137
1899120 137
1899130 136
1899140 136
1899150 137
1899160 137
1899170 137
1899180 136
1899190 137
1899200 137
1899210 137
1899220 138
1899230 138
1899240 138
1899250 137
1899260 137
1899270 137
1899280 137
1899290 137
1899300 137
1899310 137
1899320 137
1899330 136
1899340 136
1899350 136
1899360 136
1899370 136
1899380 136
1899390 135
1899400 135
1899410 135
1899420 135
