1880000 143
1880010 142
1880020 141
1880030 141
1880040 141
1880050 141
1880060 141
1880070 141
1880080 141
1880090 141
1880100 141
1880110 141
1880120 141
1880130 141
1880140 141
1880150 141
1880160 141
1880170 141
1880180 141
1880190 141
1880200 141
1880210 141
1880220 141
1880230 141
1880240 141
1880250 141
1880260 141
1880270 141
1880280 141
1880290 141
1880300 141
1880310 141
1880320 141
1880330 141
1880340 141
1880350 141
1880360 141
1880370 141
1880380 141
1880390 141
1880400 141
1880410 141
1880420 141
1880430 141
1880440 141
1880450 141
1880460 141
1880470 141
1880480 141
1880490 141
1880500 141
1880510 141
1880520 141
1880530 141
1880540 141
1880550 141
1880560 141
1880570 141
1880580 141
1880590 141
1880600 141
1880610 141
1880620 141
1880630 141
1880640 141
1880650 141
1880660 141
1880670 141
1880680 141
1880690 141
1880700 141
1880710 141
1880720 141
1880730 141
1880740 141
1880750 141
1880760 141
1880770 141
1880780 141
1880790 141
1880800 141
1880810 141
1880820 141
1880830 141
1880840 141
1880850 142
1880860 142
1880870 142
1880880 143
1880890 142
1880900 142
1880910 142
1880920 142
1880930 142
1880940 142
1880950 142
1880960 142
1880970 142
1880980 143
1880990 143
1881000 143
1881010 143
1881020 143
1881030 143
1881040 141
1881050 141
1881060 141
1881070 141
1881080 141
1881090 141
1881100 141
1881110 141
1881120 142
1881130 143
1881140 143
1881150 143
1881160 141
1881170 141
1881180 141
1881190 141
1881200 141
1881210 141
1881220 141
1881230 141
1881240 141
1881250 141
1881260 141
1881270 141
1881280 141
1881290 141
1881300 141
1881310 141
1881320 141
1881330 141
1881340 141
1881350 141
1881360 142
1881370 142
1881380 142
1881390 142
1881400 142
1881410 142
1881420 142
1881430 142
1881440 142
1881450 144
1881460 144
1881470 144
1881480 144
1881490 144
1881500 144
1881510 144
1881520 144
1881530 144
1881540 145
1881550 144
1881560 144
1881570 143
1881580 142
1881590 142
1881600 144
1881610 145
1881620 145
1881630 145
1881640 145
1881650 145
1881660 145
1881670 148
1881680 148
1881690 149
1881700 149
1881710 149
1881720 146
1881730 146
1881740 146
1881750 146
1881760 146
1881770 146
1881780 146
1881790 146
1881800 146
1881810 147
1881820 147
1881830 148
1881840 149
1881850 150
1881860 150
1881870 150
1881880 148
1881890 148
1881900 149
1881910 150
1881920 150
1881930 152
1881940 153
1881950 153
1881960 161
1881970 169
1881980 169
1881990 170
1882000 170
1882010 170
1882020 170
1882030 171
1882040 171
1882050 172
1882060 173
1882070 173
1882080 174
1882090 174
1882100 174
1882110 174
1882120 175
1882130 175
1882140 176
1882150 177
1882160 177
1882170 178
1882180 178
1882190 178
1882200 178
1882210 178
1882220 178
1882230 178
1882240 178
1882250 178
1882260 178
1882270 178
1882280 178
1882290 178
1882300 177
1882310 177
1882320 177
1882330 177
1882340 177
1882350 177
1882360 177
1882370 177
1882380 177
1882390 177
1882400 177
1882410 177
1882420 177
1882430 177
1882440 177
1882450 175
1882460 175
1882470 175
1882480 175
1882490 174
1882500 172
1882510 169
1882520 169
1882530 169
1882540 169
1882550 169
1882560 169
1882570 173
1882580 178
1882590 178
1882600 178
1882610 178
1882620 178
1882630 178
1882640 179
1882650 179
1882660 180
1882670 180
1882680 180
1882690 180
1882700 180
1882710 180
1882720 180
1882730 180
1882740 180
1882750 181
1882760 182
1882770 182
1882780 183
1882790 185
1882800 185
1882810 184
1882820 186
1882830 186
1882840 187
1882850 188
1882860 188
1882870 188
1882880 189
1882890 189
1882900 189
1882910 188
1882920 188
1882930 188
1882940 188
1882950 188
1882960 188
1882970 188
1882980 188
1882990 187
1883000 188
1883010 188
1883020 188
1883030 188
1883040 188
1883050 189
1883060 190
1883070 190
1883080 190
1883090 189
1883100 189
1883110 188
1883120 187
1883130 187
1883140 185
1883150 185
1883160 185
1883170 185
1883180 185
1883190 185
1883200 185
1883210 185
1883220 185
1883230 185
1883240 185
1883250 185
1883260 186
1883270 185
1883280 185
1883290 186
1883300 186
1883310 186
1883320 188
1883330 190
1883340 190
1883350 191
1883360 192
1883370 192
1883380 190
1883390 187
1883400 187
1883410 185
1883420 185
1883430 185
1883440 186
1883450 188
1883460 187
1883470 188
1883480 187
1883490 187
1883500 186
1883510 185
1883520 185
1883530 184
1883540 184
1883550 184
1883560 183
1883570 183
1883580 183
1883590 183
1883600 182
1883610 182
1883620 182
1883630 182
1883640 182
1883650 183
1883660 183
1883670 183
1883680 183
1883690 184
1883700 184
1883710 183
1883720 182
1883730 182
1883740 183
1883750 182
1883760 182
1883770 182
1883780 182
1883790 182
1883800 181
1883810 180
1883820 180
1883830 179
1883840 179
1883850 179
1883860 179
1883870 179
1883880 179
1883890 179
1883900 179
1883910 179
1883920 179
1883930 179
1883940 179
1883950 179
1883960 179
1883970 179
1883980 179
1883990 179
1884000 179
1884010 179
1884020 179
1884030 179
1884040 180
1884050 180
1884060 180
1884070 180
1884080 180
1884090 180
1884100 182
1884110 182
1884120 182
1884130 182
1884140 183
1884150 183
1884160 183
1884170 183
1884180 183
1884190 183
1884200 183
1884210 183
1884220 183
1884230 183
1884240 183
1884250 183
1884260 184
1884270 184
1884280 184
1884290 184
1884300 184
1884310 185
1884320 186
1884330 186
1884340 187
1884350 187
1884360 187
1884370 188
1884380 190
1884390 190
1884400 191
1884410 192
1884420 192
1884430 192
1884440 193
1884450 193
1884460 194
1884470 195
1884480 195
1884490 196
1884500 198
1884510 198
1884520 198
1884530 199
1884540 199
1884550 200
1884560 201
1884570 201
1884580 203
1884590 204
1884600 204
1884610 205
1884620 206
1884630 206
1884640 207
1884650 208
1884660 208
1884670 208
1884680 210
1884690 210
1884700 211
1884710 212
1884720 212
1884730 214
1884740 215
1884750 215
1884760 216
1884770 220
1884780 220
1884790 223
1884800 226
1884810 226
1884820 230
1884830 235
1884840 235
1884850 240
1884860 244
1884870 244
1884880 247
1884890 252
1884900 252
1884910 258
1884920 264
1884930 264
1884940 271
1884950 277
1884960 277
1884970 284
1884980 290
1884990 290
1885000 296
1885010 302
1885020 302
1885030 308
1885040 312
1885050 312
1885060 316
1885070 319
1885080 311
1885090 314
1885100 318
1885110 318
1885120 323
1885130 326
1885140 326
1885150 329
1885160 334
1885170 334
1885180 341
1885190 349
1885200 349
1885210 356
1885220 364
1885230 364
1885240 372
1885250 377
1885260 377
1885270 381
1885280 383
1885290 383
1885300 386
1885310 389
1885320 389
1885330 391
1885340 393
1885350 393
1885360 393
1885370 394
1885380 394
1885390 396
1885400 396
1885410 396
1885420 397
1885430 398
1885440 398
1885450 399
1885460 399
1885470 399
1885480 400
1885490 399
1885500 399
1885510 399
1885520 398
1885530 398
1885540 398
1885550 397
1885560 397
1885570 396
1885580 395
1885590 395
1885600 394
1885610 391
1885620 391
1885630 388
1885640 384
1885650 384
1885660 380
1885670 376
1885680 376
1885690 372
1885700 368
1885710 368
1885720 365
1885730 359
1885740 359
1885750 355
1885760 351
1885770 351
1885780 348
1885790 345
1885800 345
1885810 342
1885820 339
1885830 337
1885840 337
1885850 334
1885860 332
1885870 332
1885880 330
1885890 328
1885900 328
1885910 325
1885920 323
1885930 323
1885940 320
1885950 317
1885960 317
1885970 313
1885980 308
1885990 308
1886000 304
1886010 300
1886020 300
1886030 296
1886040 290
1886050 291
1886060 286
1886070 283
1886080 283
1886090 279
1886100 275
1886110 275
1886120 272
1886130 270
1886140 270
1886150 267
1886160 265
1886170 265
1886180 263
1886190 261
1886200 261
1886210 260
1886220 259
1886230 259
1886240 257
1886250 256
1886260 256
1886270 254
1886280 253
1886290 253
1886300 251
1886310 250
1886320 250
1886330 248
1886340 247
1886350 247
1886360 245
1886370 245
1886380 245
1886390 243
1886400 242
1886410 242
1886420 241
1886430 240
1886440 240
1886450 239
1886460 238
1886470 238
1886480 236
1886490 236
1886500 236
1886510 235
1886520 234
1886530 234
1886540 233
1886550 232
1886560 232
1886570 232
1886580 231
1886590 231
1886600 231
1886610 231
1886620 231
1886630 231
1886640 229
1886650 229
1886660 229
1886670 229
1886680 229
1886690 227
1886700 226
1886710 226
1886720 227
1886730 226
1886740 226
1886750 226
1886760 226
1886770 226
1886780 226
1886790 227
1886800 227
1886810 228
1886820 228
1886830 228
1886840 229
1886850 229
1886860 229
1886870 230
1886880 232
1886890 232
1886900 235
1886910 239
1886920 239
1886930 242
1886940 245
1886950 245
1886960 246
1886970 247
1886980 247
1886990 246
1887000 244
1887010 244
1887020 241
1887030 239
1887040 239
1887050 236
1887060 235
1887070 235
1887080 233
1887090 229
1887100 229
1887110 227
1887120 225
1887130 225
1887140 221
1887150 216
1887160 216
1887170 216
1887180 215
1887190 215
1887200 214
1887210 213
1887220 213
1887230 213
1887240 212
1887250 212
1887260 212
1887270 211
1887280 211
1887290 211
1887300 212
1887310 212
1887320 211
1887330 212
1887340 211
1887350 211
1887360 211
1887370 211
1887380 211
1887390 211
1887400 211
1887410 211
1887420 211
1887430 211
1887440 210
1887450 210
1887460 210
1887470 209
1887480 209
1887490 209
1887500 209
1887510 209
1887520 209
1887530 209
1887540 209
1887550 209
1887560 209
1887570 209
1887580 209
1887590 209
1887600 208
1887610 208
1887620 208
1887630 209
1887640 209
1887650 209
1887660 208
1887670 208
1887680 208
1887690 208
1887700 208
1887710 208
1887720 207
1887730 207
1887740 207
1887750 206
1887760 206
1887770 206
1887780 203
1887790 203
1887800 202
1887810 201
1887820 201
1887830 201
1887840 202
1887850 202
1887860 202
1887870 202
1887880 202
1887890 198
1887900 196
1887910 196
1887920 195
1887930 195
1887940 195
1887950 193
1887960 191
1887970 191
1887980 191
1887990 193
1888000 193
1888010 192
1888020 191
1888030 191
1888040 191
1888050 194
1888060 194
1888070 199
1888080 203
1888090 203
1888100 207
1888110 211
1888120 211
1888130 213
1888140 214
1888150 214
1888160 214
1888170 214
1888180 214
1888190 213
1888200 213
1888210 213
1888220 212
1888230 211
1888240 211
1888250 211
1888260 210
1888270 210
1888280 209
1888290 209
1888300 205
1888310 204
1888320 202
1888330 202
1888340 200
1888350 200
1888360 200
1888370 198
1888380 196
1888390 196
1888400 195
1888410 194
1888420 194
1888430 192
1888440 190
1888450 190
1888460 188
1888470 187
1888480 187
1888490 187
1888500 187
1888510 187
1888520 187
1888530 186
1888540 186
1888550 186
1888560 185
1888570 185
1888580 184
1888590 183
1888600 183
1888610 182
1888620 179
1888630 179
1888640 179
1888650 178
1888660 178
1888670 178
1888680 178
1888690 178
1888700 177
1888710 177
1888720 177
1888730 177
1888740 177
1888750 177
1888760 176
1888770 175
1888780 175
1888790 175
1888800 174
1888810 174
1888820 174
1888830 173
1888840 173
1888850 173
1888860 173
1888870 173
1888880 172
1888890 172
1888900 172
1888910 172
1888920 171
1888930 171
1888940 171
1888950 171
1888960 171
1888970 171
1888980 170
1888990 170
1889000 170
1889010 169
1889020 169
1889030 168
1889040 167
1889050 167
1889060 168
1889070 168
1889080 168
1889090 169
1889100 169
1889110 169
1889120 169
1889130 168
1889140 168
1889150 168
1889160 168
1889170 168
1889180 168
1889190 168
1889200 168
1889210 168
1889220 168
1889230 167
1889240 167
1889250 167
1889260 167
1889270 167
1889280 167
1889290 167
1889300 167
1889310 167
1889320 166
1889330 166
1889340 166
1889350 166
1889360 166
1889370 166
1889380 166
1889390 166
1889400 165
1889410 165
1889420 165
1889430 165
1889440 165
1889450 165
1889460 165
1889470 165
1889480 165
1889490 165
1889500 165
1889510 165
1889520 165
1889530 165
1889540 165
1889550 165
1889560 165
1889570 165
1889580 165
1889590 165
1889600 165
1889610 165
1889620 164
1889630 164
1889640 164
1889650 164
1889660 164
1889670 164
1889680 163
1889690 163
1889700 163
1889710 163
1889720 163
1889730 163
1889740 163
1889750 163
1889760 162
1889770 162
1889780 162
1889790 162
1889800 162
1889810 162
1889820 161
1889830 161
1889840 161
1889850 161
1889860 160
1889870 160
1889880 160
1889890 160
1889900 160
1889910 160
1889920 159
1889930 159
1889940 159
1889950 159
1889960 159
1889970 159
1889980 159
1889990 159
1890000 158
1890010 158
1890020 158
1890030 158
1890040 158
1890050 158
1890060 158
1890070 157
1890080 157
1890090 157
1890100 157
1890110 157
1890120 157
1890130 157
1890140 157
1890150 156
1890160 156
1890170 156
1890180 156
1890190 156
1890200 156
1890210 156
1890220 156
1890230 156
1890240 156
1890250 156
1890260 156
1890270 156
1890280 157
1890290 157
1890300 157
1890310 157
1890320 157
1890330 158
1890340 158
1890350 158
1890360 158
1890370 159
1890380 159
1890390 159
1890400 159
1890410 159
1890420 159
1890430 159
1890440 159
1890450 159
1890460 159
1890470 159
1890480 159
1890490 159
1890500 159
1890510 159
1890520 159
1890530 159
1890540 159
1890550 159
1890560 159
1890570 158
1890580 158
1890590 158
1890600 158
1890610 158
1890620 158
1890630 158
1890640 158
1890650 158
1890660 158
1890670 158
1890680 158
1890690 157
1890700 157
1890710 157
1890720 157
1890730 157
1890740 157
1890750 157
1890760 157
1890770 157
1890780 156
1890790 156
1890800 156
1890810 156
1890820 156
1890830 156
1890840 156
1890850 156
1890860 156
1890870 155
1890880 155
1890890 155
1890900 155
1890910 155
1890920 155
1890930 155
1890940 155
1890950 155
1890960 155
1890970 155
1890980 155
1890990 155
1891000 155
1891010 155
1891020 155
1891030 155
1891040 155
1891050 155
1891060 154
1891070 154
1891080 155
1891090 154
1891100 154
1891110 154
1891120 154
1891130 154
1891140 154
1891150 154
1891160 154
1891170 154
1891180 153
1891190 153
1891200 153
1891210 153
1891220 153
1891230 153
1891240 152
1891250 152
1891260 152
1891270 152
1891280 152
1891290 151
1891300 151
1891310 151
1891320 151
1891330 151
1891340 151
1891350 150
1891360 150
1891370 150
1891380 150
1891390 150
1891400 150
1891410 150
1891420 149
1891430 149
1891440 149
1891450 149
1891460 149
1891470 150
1891480 150
1891490 149
1891500 149
1891510 149
1891520 149
1891530 149
1891540 148
1891550 148
1891560 148
1891570 148
1891580 148
1891590 148
1891600 148
1891610 148
1891620 149
1891630 149
1891640 149
1891650 149
1891660 149
1891670 149
1891680 149
1891690 149
1891700 149
1891710 149
1891720 149
1891730 149
1891740 149
1891750 149
1891760 149
1891770 149
1891780 149
1891790 149
1891800 149
1891810 148
1891820 148
1891830 149
1891840 149
1891850 149
1891860 149
1891870 149
1891880 149
1891890 150
1891900 150
1891910 150
1891920 150
1891930 150
1891940 150
1891950 150
1891960 151
1891970 151
1891980 151
1891990 151
1892000 151
1892010 151
1892020 152
1892030 152
1892040 152
1892050 152
1892060 152
1892070 152
1892080 152
1892090 152
1892100 152
1892110 152
1892120 152
1892130 152
1892140 152
1892150 152
1892160 152
1892170 152
1892180 152
1892190 152
1892200 152
1892210 152
1892220 152
1892230 152
1892240 152
1892250 151
1892260 151
1892270 151
1892280 151
1892290 151
1892300 151
1892310 151
1892320 151
1892330 151
1892340 151
1892350 150
1892360 150
1892370 150
1892380 150
1892390 150
1892400 150
1892410 150
1892420 150
1892430 150
1892440 150
1892450 150
1892460 149
1892470 149
1892480 149
1892490 149
1892500 149
1892510 148
1892520 148
1892530 148
1892540 148
1892550 148
1892560 148
1892570 148
1892580 148
1892590 147
1892600 147
1892610 147
1892620 147
1892630 147
1892640 147
1892650 147
1892660 147
1892670 147
1892680 146
1892690 146
1892700 146
1892710 146
1892720 146
1892730 146
1892740 146
1892750 146
1892760 146
1892770 146
1892780 146
1892790 146
1892800 146
1892810 146
1892820 146
1892830 146
1892840 145
1892850 145
1892860 145
1892870 145
1892880 145
1892890 145
1892900 145
1892910 145
1892920 144
1892930 144
1892940 144
1892950 144
1892960 144
1892970 144
1892980 144
1892990 144
1893000 144
1893010 144
1893020 144
1893030 144
1893040 144
1893050 144
1893060 144
1893070 143
1893080 143
1893090 143
1893100 143
1893110 143
1893120 143
1893130 143
1893140 143
1893150 143
1893160 143
1893170 143
1893180 143
1893190 143
1893200 143
1893210 143
1893220 142
1893230 142
1893240 142
1893250 142
1893260 142
1893270 142
1893280 142
1893290 141
1893300 141
1893310 141
1893320 140
1893330 140
1893340 139
1893350 139
1893360 139
1893370 139
1893380 139
1893390 139
1893400 138
1893410 138
1893420 138
1893430 139
1893440 140
1893450 140
1893460 140
1893470 139
1893480 139
1893490 139
1893500 139
1893510 139
1893520 138
1893530 138
1893540 138
1893550 138
1893560 138
1893570 138
1893580 138
1893590 138
1893600 138
1893610 138
1893620 138
1893630 138
1893640 138
1893650 138
1893660 138
1893670 138
1893680 138
1893690 138
1893700 138
1893710 138
1893720 138
1893730 138
1893740 138
1893750 138
1893760 138
1893770 139
1893780 139
1893790 140
1893800 139
1893810 139
1893820 140
1893830 140
1893840 140
1893850 140
1893860 140
1893870 140
1893880 139
1893890 139
1893900 139
1893910 139
1893920 139
1893930 139
1893940 139
1893950 138
1893960 138
1893970 138
1893980 138
1893990 138
1894000 138
1894010 138
1894020 138
1894030 138
1894040 138
1894050 138
1894060 138
1894070 138
1894080 138
1894090 138
1894100 138
1894110 138
1894120 136
1894130 136
1894140 136
1894150 137
1894160 138
1894170 138
1894180 137
1894190 137
1894200 137
1894210 138
1894220 138
1894230 138
1894240 138
1894250 138
1894260 138
1894270 138
1894280 138
1894290 138
1894300 137
1894310 138
1894320 138
1894330 138
1894340 138
1894350 137
1894360 137
1894370 138
1894380 138
1894390 139
1894400 139
1894410 139
1894420 139
1894430 140
1894440 140
1894450 140
1894460 140
1894470 140
1894480 140
1894490 140
1894500 140
1894510 140
1894520 140
1894530 140
1894540 140
1894550 140
1894560 140
1894570 140
1894580 140
1894590 140
1894600 140
1894610 140
1894620 140
1894630 140
1894640 140
1894650 140
1894660 140
1894670 140
1894680 140
1894690 140
1894700 140
1894710 140
1894720 139
1894730 139
1894740 139
1894750 139
1894760 139
1894770 139
1894780 139
1894790 139
1894800 139
1894810 139
1894820 139
1894830 139
1894840 139
1894850 139
1894860 139
1894870 139
1894880 139
1894890 139
1894900 139
1894910 138
1894920 138
1894930 138
1894940 138
1894950 138
1894960 138
1894970 138
1894980 139
1894990 138
1895000 138
1895010 138
1895020 138
1895030 138
1895040 138
1895050 138
1895060 138
1895070 138
1895080 138
1895090 138
1895100 138
1895110 138
1895120 138
1895130 138
1895140 138
1895150 138
1895160 138
1895170 138
1895180 138
1895190 138
1895200 138
1895210 138
1895220 138
1895230 138
1895240 138
1895250 138
1895260 138
1895270 138
1895280 138
1895290 139
1895300 139
1895310 139
1895320 139
1895330 139
1895340 139
1895350 139
1895360 138
1895370 138
1895380 138
1895390 138
1895400 138
1895410 138
1895420 138
1895430 138
1895440 138
1895450 138
1895460 138
1895470 138
1895480 138
1895490 138
1895500 138
1895510 138
1895520 138
1895530 138
1895540 138
1895550 138
1895560 138
1895570 138
1895580 138
1895590 138
1895600 138
1895610 138
1895620 138
1895630 138
1895640 138
1895650 138
1895660 138
1895670 138
1895680 139
1895690 139
1895700 139
1895710 139
1895720 139
1895730 139
1895740 138
1895750 138
1895760 138
1895770 138
1895780 138
1895790 138
1895800 138
1895810 138
1895820 138
1895830 139
1895840 139
1895850 139
1895860 139
1895870 139
1895880 139
1895890 138
1895900 137
1895910 137
1895920 138
1895930 138
1895940 138
1895950 138
1895960 138
1895970 137
1895980 137
1895990 138
1896000 138
1896010 138
1896020 138
1896030 138
1896040 138
1896050 138
1896060 138
1896070 138
1896080 138
1896090 138
1896100 138
1896110 137
1896120 137
1896130 137
1896140 138
1896150 138
1896160 138
1896170 138
1896180 138
1896190 138
1896200 136
1896210 136
1896220 136
1896230 137
1896240 138
1896250 138
1896260 138
1896270 137
1896280 137
1896290 137
1896300 137
1896310 137
1896320 137
1896330 137
1896340 137
1896350 138
1896360 138
1896370 138
1896380 138
1896390 138
1896400 138
1896410 137
1896420 137
1896430 137
1896440 137
1896450 138
1896460 138
1896470 137
1896480 137
1896490 137
1896500 137
1896510 136
1896520 136
1896530 136
1896540 136
1896550 136
1896560 136
1896570 137
1896580 137
1896590 137
1896600 138
1896610 138
1896620 138
1896630 137
1896640 137
1896650 137
1896660 137
1896670 137
1896680 136
1896690 137
1896700 137
1896710 137
1896720 137
1896730 137
1896740 136
1896750 137
1896760 137
1896770 138
1896780 140
1896790 140
1896800 140
1896810 140
1896820 140
1896830 140
1896840 139
1896850 139
1896860 139
1896870 139
1896880 139
1896890 139
1896900 139
1896910 139
1896920 139
1896930 139
1896940 139
1896950 139
1896960 139
1896970 139
1896980 139
1896990 139
1897000 139
1897010 139
1897020 139
1897030 139
1897040 139
1897050 139
1897060 139
1897070 139
1897080 139
1897090 139
1897100 139
1897110 139
1897120 139
1897130 139
1897140 139
1897150 139
1897160 139
1897170 139
1897180 139
1897190 139
1897200 139
1897210 139
1897220 139
1897230 139
1897240 139
1897250 139
1897260 138
1897270 138
1897280 138
1897290 138
1897300 138
1897310 139
1897320 139
1897330 139
1897340 139
1897350 139
1897360 139
1897370 138
1897380 138
1897390 138
1897400 138
1897410 138
1897420 138
1897430 138
1897440 138
1897450 138
1897460 138
1897470 138
1897480 138
1897490 138
1897500 138
1897510 138
1897520 138
1897530 138
1897540 138
1897550 138
1897560 138
1897570 138
1897580 138
1897590 138
1897600 138
1897610 138
1897620 138
1897630 138
1897640 138
1897650 138
1897660 138
1897670 138
1897680 138
1897690 138
1897700 138
1897710 138
1897720 138
1897730 138
1897740 138
1897750 138
1897760 138
1897770 138
1897780 138
1897790 137
1897800 137
1897810 137
1897820 137
1897830 138
1897840 138
1897850 138
1897860 138
1897870 138
1897880 138
1897890 138
1897900 138
1897910 138
1897920 138
1897930 138
1897940 138
1897950 138
1897960 138
1897970 138
1897980 138
1897990 138
1898000 138
1898010 138
1898020 138
1898030 138
1898040 138
1898050 138
1898060 138
1898070 138
1898080 138
1898090 137
1898100 138
1898110 138
1898120 139
1898130 139
1898140 139
1898150 139
1898160 139
1898170 139
1898180 139
1898190 139
1898200 139
1898210 138
1898220 138
1898230 138
1898240 138
1898250 138
1898260 138
1898270 138
1898280 139
1898290 139
1898300 139
1898310 138
1898320 138
1898330 138
1898340 138
1898350 138
1898360 138
1898370 138
1898380 138
1898390 138
1898400 138
1898410 138
1898420 138
1898430 137
1898440 137
1898450 136
1898460 136
1898470 136
1898480 136
1898490 137
1898500 137
1898510 137
1898520 137
1898530 137
1898540 137
1898550 137
1898560 137
1898570 137
1898580 137
1898590 137
1898600 137
1898610 138
1898620 138
1898630 138
1898640 137
1898650 137
1898660 137
1898670 137
1898680 137
1898690 137
1898700 137
1898710 137
1898720 137
1898730 137
1898740 137
1898750 137
1898760 137
1898770 137
1898780 137
1898790 137
1898800 137
1898810 137
1898820 137
1898830 137
1898840 137
1898850 137
1898860 137
1898870 137
1898880 137
1898890 137
1898900 137
1898910 137
1898920 137
1898930 137
1898940 136
1898950 136
1898960 136
1898970 134
1898980 134
1898990 134
1899000 136
1899010 136
1899020 137
1899030 137
1899040 137
1899050 137
1899060 138
1899070 138
1899080 137
1899090 137
1899100 137
1899110 137
1899120 137
1899130 137
1899140 136
1899150 136
1899160 136
1899170 137
1899180 137
1899190 137
1899200 137
1899210 137
1899220 137
1899230 138
1899240 138
1899250 138
1899260 138
1899270 137
1899280 137
1899290 137
1899300 137
1899310 137
1899320 137
1899330 136
1899340 136
1899350 137
1899360 137
1899370 137
1899380 137
1899390 137
1899400 137
1899410 137
1880000 143
1880010 142
1880020 141
1880030 141
1880040 141
1880050 141
1880060 141
1880070 141
1880080 141
1880090 141
1880100 141
1880110 141
1880120 141
1880130 141
1880140 141
1880150 141
1880160 141
1880170 141
1880180 141
1880190 141
1880200 141
1880210 141
1880220 141
1880230 141
1880240 141
1880250 141
1880260 141
1880270 141
1880280 141
1880290 141
1880300 141
1880310 141
1880320 141
1880330 141
1880340 141
1880350 141
1880360 141
1880370 141
1880380 141
1880390 141
1880400 141
1880410 141
1880420 141
1880430 141
1880440 141
1880450 141
1880460 141
1880470 141
1880480 141
1880490 141
1880500 141
1880510 141
1880520 141
1880530 141
1880540 141
1880550 141
1880560 141
1880570 141
1880580 141
1880590 141
1880600 141
1880610 141
1880620 141
1880630 141
1880640 141
1880650 141
1880660 141
1880670 141
1880680 141
1880690 141
1880700 141
1880710 141
1880720 141
1880730 141
1880740 141
1880750 141
1880760 141
1880770 141
1880780 141
1880790 141
1880800 141
1880810 141
1880820 141
1880830 141
1880840 141
1880850 142
1880860 142
1880870 142
1880880 143
1880890 142
1880900 142
1880910 142
1880920 142
1880930 142
1880940 142
1880950 142
1880960 142
1880970 142
1880980 143
1880990 143
1881000 143
1881010 143
1881020 143
1881030 143
1881040 141
1881050 141
1881060 141
1881070 141
1881080 141
1881090 141
1881100 141
1881110 141
1881120 142
1881130 143
1881140 143
1881150 143
1881160 141
1881170 141
1881180 141
1881190 141
1881200 141
1881210 141
1881220 141
1881230 141
1881240 141
1881250 141
1881260 141
1881270 141
1881280 141
1881290 141
1881300 141
1881310 141
1881320 141
1881330 141
1881340 141
1881350 141
1881360 142
1881370 142
1881380 142
1881390 142
1881400 142
1881410 142
1881420 142
1881430 142
1881440 142
1881450 144
1881460 144
1881470 144
1881480 144
1881490 144
1881500 144
1881510 144
1881520 144
1881530 144
1881540 145
1881550 144
1881560 144
1881570 143
1881580 142
1881590 142
1881600 144
1881610 145
1881620 145
1881630 145
1881640 145
1881650 145
1881660 145
1881670 148
1881680 148
1881690 149
1881700 149
1881710 149
1881720 146
1881730 146
1881740 146
1881750 146
1881760 146
1881770 146
1881780 146
1881790 146
1881800 146
1881810 147
1881820 147
1881830 148
1881840 149
1881850 150
1881860 150
1881870 150
1881880 148
1881890 148
1881900 149
1881910 150
1881920 150
1881930 152
1881940 153
1881950 153
1881960 161
1881970 169
1881980 169
1881990 170
1882000 170
1882010 170
1882020 170
1882030 171
1882040 171
1882050 172
1882060 173
1882070 173
1882080 174
1882090 174
1882100 174
1882110 174
1882120 175
1882130 175
1882140 176
1882150 177
1882160 177
1882170 178
1882180 178
1882190 178
1882200 178
1882210 178
1882220 178
1882230 178
1882240 178
1882250 178
1882260 178
1882270 178
1882280 178
1882290 178
1882300 177
1882310 177
1882320 177
1882330 177
1882340 177
1882350 177
1882360 177
1882370 177
1882380 177
1882390 177
1882400 177
1882410 177
1882420 177
1882430 177
1882440 177
1882450 175
1882460 175
1882470 175
1882480 175
1882490 174
1882500 172
1882510 169
1882520 169
1882530 169
1882540 169
1882550 169
1882560 169
1882570 173
1882580 178
1882590 178
1882600 178
1882610 178
1882620 178
1882630 178
1882640 179
1882650 179
1882660 180
1882670 180
1882680 180
1882690 180
1882700 180
1882710 180
1882720 180
1882730 180
1882740 180
1882750 181
1882760 182
1882770 182
1882780 183
1882790 185
1882800 185
1882810 184
1882820 186
1882830 186
1882840 187
1882850 188
1882860 188
1882870 188
1882880 189
1882890 189
1882900 189
1882910 188
1882920 188
1882930 188
1882940 188
1882950 188
1882960 188
1882970 188
1882980 188
1882990 187
1883000 188
1883010 188
1883020 188
1883030 188
1883040 188
1883050 189
1883060 190
1883070 190
1883080 190
1883090 189
1883100 189
1883110 188
1883120 187
1883130 187
1883140 185
1883150 185
1883160 185
1883170 185
1883180 185
1883190 185
1883200 185
1883210 185
1883220 185
1883230 185
1883240 185
1883250 185
1883260 186
1883270 185
1883280 185
1883290 186
1883300 186
1883310 186
1883320 188
1883330 190
1883340 190
1883350 191
1883360 192
1883370 192
1883380 190
1883390 187
1883400 187
1883410 185
1883420 185
1883430 185
1883440 186
1883450 188
1883460 187
1883470 188
1883480 187
1883490 187
1883500 186
1883510 185
1883520 185
1883530 184
1883540 184
1883550 184
1883560 183
1883570 183
1883580 183
1883590 183
1883600 182
1883610 182
1883620 182
1883630 182
1883640 182
1883650 183
1883660 183
1883670 183
1883680 183
1883690 184
1883700 184
1883710 183
1883720 182
1883730 182
1883740 183
1883750 182
1883760 182
1883770 182
1883780 182
1883790 182
1883800 181
1883810 180
1883820 180
1883830 179
1883840 179
1883850 179
1883860 179
1883870 179
1883880 179
1883890 179
1883900 179
1883910 179
1883920 179
1883930 179
1883940 179
1883950 179
1883960 179
1883970 179
1883980 179
1883990 179
1884000 179
1884010 179
1884020 179
1884030 179
1884040 180
1884050 180
1884060 180
1884070 180
1884080 180
1884090 180
1884100 182
1884110 182
1884120 182
1884130 182
1884140 183
1884150 183
1884160 183
1884170 183
1884180 183
1884190 183
1884200 183
1884210 183
1884220 183
1884230 183
1884240 183
1884250 183
1884260 184
1884270 184
1884280 184
1884290 184
1884300 184
1884310 185
1884320 186
1884330 186
1884340 187
1884350 187
1884360 187
1884370 188
1884380 190
1884390 190
1884400 191
1884410 192
1884420 192
1884430 192
1884440 193
1884450 193
1884460 194
1884470 195
1884480 195
1884490 196
1884500 198
1884510 198
1884520 198
1884530 199
1884540 199
1884550 200
1884560 201
1884570 201
1884580 203
1884590 204
1884600 204
1884610 205
1884620 206
1884630 206
1884640 207
1884650 208
1884660 208
1884670 208
1884680 210
1884690 210
1884700 211
1884710 212
1884720 212
1884730 214
1884740 215
1884750 215
1884760 216
1884770 220
1884780 220
1884790 223
1884800 226
1884810 226
1884820 230
1884830 235
1884840 235
1884850 240
1884860 244
1884870 244
1884880 247
1884890 252
1884900 252
1884910 258
1884920 264
1884930 264
1884940 271
1884950 277
1884960 277
1884970 284
1884980 290
1884990 290
1885000 296
1885010 302
1885020 302
1885030 308
1885040 312
1885050 312
1885060 316
1885070 319
1885080 311
1885090 314
1885100 318
1885110 318
1885120 323
1885130 326
1885140 326
1885150 329
1885160 334
1885170 334
1885180 341
1885190 349
1885200 349
1885210 356
1885220 364
1885230 364
1885240 372
1885250 377
1885260 377
1885270 381
1885280 383
1885290 383
1885300 386
1885310 389
1885320 389
1885330 391
1885340 393
1885350 393
1885360 393
1885370 394
1885380 394
1885390 396
1885400 396
1885410 396
1885420 397
1885430 398
1885440 398
1885450 399
1885460 399
1885470 399
1885480 400
1885490 399
1885500 399
1885510 399
1885520 398
1885530 398
1885540 398
1885550 397
1885560 397
1885570 396
1885580 395
1885590 395
1885600 394
1885610 391
1885620 391
1885630 388
1885640 384
1885650 384
1885660 380
1885670 376
1885680 376
1885690 372
1885700 368
1885710 368
1885720 365
1885730 359
1885740 359
1885750 355
1885760 351
1885770 351
1885780 348
1885790 345
1885800 345
1885810 342
1885820 339
1885830 337
1885840 337
1885850 334
1885860 332
1885870 332
1885880 330
1885890 328
1885900 328
1885910 325
1885920 323
1885930 323
1885940 320
1885950 317
1885960 317
1885970 313
1885980 308
1885990 308
1886000 304
1886010 300
1886020 300
1886030 296
1886040 290
1886050 291
1886060 286
1886070 283
1886080 283
1886090 279
1886100 275
1886110 275
1886120 272
1886130 270
1886140 270
1886150 267
1886160 265
1886170 265
1886180 263
1886190 261
1886200 261
1886210 260
1886220 259
1886230 259
1886240 257
1886250 256
1886260 256
1886270 254
1886280 253
1886290 253
1886300 251
1886310 250
1886320 250
1886330 248
1886340 247
1886350 247
1886360 245
1886370 245
1886380 245
1886390 243
1886400 242
1886410 242
1886420 241
1886430 240
1886440 240
1886450 239
1886460 238
1886470 238
1886480 236
1886490 236
1886500 236
1886510 235
1886520 234
1886530 234
1886540 233
1886550 232
1886560 232
1886570 232
1886580 231
1886590 231
1886600 231
1886610 231
1886620 231
1886630 231
1886640 229
1886650 229
1886660 229
1886670 229
1886680 229
1886690 227
1886700 226
1886710 226
1886720 227
1886730 226
1886740 226
1886750 226
1886760 226
1886770 226
1886780 226
1886790 227
1886800 227
1886810 228
1886820 228
1886830 228
1886840 229
1886850 229
1886860 229
1886870 230
1886880 232
1886890 232
1886900 235
1886910 239
1886920 239
1886930 242
1886940 245
1886950 245
1886960 246
1886970 247
1886980 247
1886990 246
1887000 244
1887010 244
1887020 241
1887030 239
1887040 239
1887050 236
1887060 235
1887070 235
1887080 233
1887090 229
1887100 229
1887110 227
1887120 225
1887130 225
1887140 221
1887150 216
1887160 216
1887170 216
1887180 215
1887190 215
1887200 214
1887210 213
1887220 213
1887230 213
1887240 212
1887250 212
1887260 212
1887270 211
1887280 211
1887290 211
1887300 212
1887310 212
1887320 211
1887330 212
1887340 211
1887350 211
1887360 211
1887370 211
1887380 211
1887390 211
1887400 211
1887410 211
1887420 211
1887430 211
1887440 210
1887450 210
1887460 210
1887470 209
1887480 209
1887490 209
1887500 209
1887510 209
1887520 209
1887530 209
1887540 209
1887550 209
1887560 209
1887570 209
1887580 209
1887590 209
1887600 208
1887610 208
1887620 208
1887630 209
1887640 209
1887650 209
1887660 208
1887670 208
1887680 208
1887690 208
1887700 208
1887710 208
1887720 207
1887730 207
1887740 207
1887750 206
1887760 206
1887770 206
1887780 203
1887790 203
1887800 202
1887810 201
1887820 201
1887830 201
1887840 202
1887850 202
1887860 202
1887870 202
1887880 202
1887890 198
1887900 196
1887910 196
1887920 195
1887930 195
1887940 195
1887950 193
1887960 191
1887970 191
1887980 191
1887990 193
1888000 193
1888010 192
1888020 191
1888030 191
1888040 191
1888050 194
1888060 194
1888070 199
1888080 203
1888090 203
1888100 207
1888110 211
1888120 211
1888130 213
1888140 214
1888150 214
1888160 214
1888170 214
1888180 214
1888190 213
1888200 213
1888210 213
1888220 212
1888230 211
1888240 211
1888250 211
1888260 210
1888270 210
1888280 209
1888290 209
1888300 205
1888310 204
1888320 202
1888330 202
1888340 200
1888350 200
1888360 200
1888370 198
1888380 196
1888390 196
1888400 195
1888410 194
1888420 194
1888430 192
1888440 190
1888450 190
1888460 188
1888470 187
1888480 187
1888490 187
1888500 187
1888510 187
1888520 187
1888530 186
1888540 186
1888550 186
1888560 185
1888570 185
1888580 184
1888590 183
1888600 183
1888610 182
1888620 179
1888630 179
1888640 179
1888650 178
1888660 178
1888670 178
1888680 178
1888690 178
1888700 177
1888710 177
1888720 177
1888730 177
1888740 177
1888750 177
1888760 176
1888770 175
1888780 175
1888790 175
1888800 174
1888810 174
1888820 174
1888830 173
1888840 173
1888850 173
1888860 173
1888870 173
1888880 172
1888890 172
1888900 172
1888910 172
1888920 171
1888930 171
1888940 171
1888950 171
1888960 171
1888970 171
1888980 170
1888990 170
1889000 170
1889010 169
1889020 169
1889030 168
1889040 167
1889050 167
1889060 168
1889070 168
1889080 168
1889090 169
1889100 169
1889110 169
1889120 169
1889130 168
1889140 168
1889150 168
1889160 168
1889170 168
1889180 168
1889190 168
1889200 168
1889210 168
1889220 168
1889230 167
1889240 167
1889250 167
1889260 167
1889270 167
1889280 167
1889290 167
1889300 167
1889310 167
1889320 166
1889330 166
1889340 166
1889350 166
1889360 166
1889370 166
1889380 166
1889390 166
1889400 165
1889410 165
1889420 165
1889430 165
1889440 165
1889450 165
1889460 165
1889470 165
1889480 165
1889490 165
1889500 165
1889510 165
1889520 165
1889530 165
1889540 165
1889550 165
1889560 165
1889570 165
1889580 165
1889590 165
1889600 165
1889610 165
1889620 164
1889630 164
1889640 164
1889650 164
1889660 164
1889670 164
1889680 163
1889690 163
1889700 163
1889710 163
1889720 163
1889730 163
1889740 163
1889750 163
1889760 162
1889770 162
1889780 162
1889790 162
1889800 162
1889810 162
1889820 161
1889830 161
1889840 161
1889850 161
1889860 160
1889870 160
1889880 160
1889890 160
1889900 160
1889910 160
1889920 159
1889930 159
1889940 159
1889950 159
1889960 159
1889970 159
1889980 159
1889990 159
1890000 158
1890010 158
1890020 158
1890030 158
1890040 158
1890050 158
1890060 158
1890070 157
1890080 157
1890090 157
1890100 157
1890110 157
1890120 157
1890130 157
1890140 157
1890150 156
1890160 156
1890170 156
1890180 156
1890190 156
1890200 156
1890210 156
1890220 156
1890230 156
1890240 156
1890250 156
1890260 156
1890270 156
1890280 157
1890290 157
1890300 157
1890310 157
1890320 157
1890330 158
1890340 158
1890350 158
1890360 158
1890370 159
1890380 159
1890390 159
1890400 159
1890410 159
1890420 159
1890430 159
1890440 159
1890450 159
1890460 159
1890470 159
1890480 159
1890490 159
1890500 159
1890510 159
1890520 159
1890530 159
1890540 159
1890550 159
1890560 159
1890570 158
1890580 158
1890590 158
1890600 158
1890610 158
1890620 158
1890630 158
1890640 158
1890650 158
1890660 158
1890670 158
1890680 158
1890690 157
1890700 157
1890710 157
1890720 157
1890730 157
1890740 157
1890750 157
1890760 157
1890770 157
1890780 156
1890790 156
1890800 156
1890810 156
1890820 156
1890830 156
1890840 156
1890850 156
1890860 156
1890870 155
1890880 155
1890890 155
1890900 155
1890910 155
1890920 155
1890930 155
1890940 155
1890950 155
1890960 155
1890970 155
1890980 155
1890990 155
1891000 155
1891010 155
1891020 155
1891030 155
1891040 155
1891050 155
1891060 154
1891070 154
1891080 155
1891090 154
1891100 154
1891110 154
1891120 154
1891130 154
1891140 154
1891150 154
1891160 154
1891170 154
1891180 153
1891190 153
1891200 153
1891210 153
1891220 153
1891230 153
1891240 152
1891250 152
1891260 152
1891270 152
1891280 152
1891290 151
1891300 151
1891310 151
1891320 151
1891330 151
1891340 151
1891350 150
1891360 150
1891370 150
1891380 150
1891390 150
1891400 150
1891410 150
1891420 149
1891430 149
1891440 149
1891450 149
1891460 149
1891470 150
1891480 150
1891490 149
1891500 149
1891510 149
1891520 149
1891530 149
1891540 148
1891550 148
1891560 148
1891570 148
1891580 148
1891590 148
1891600 148
1891610 148
1891620 149
1891630 149
1891640 149
1891650 149
1891660 149
1891670 149
1891680 149
1891690 149
1891700 149
1891710 149
1891720 149
1891730 149
1891740 149
1891750 149
1891760 149
1891770 149
1891780 149
1891790 149
1891800 149
1891810 148
1891820 148
1891830 149
1891840 149
1891850 149
1891860 149
1891870 149
1891880 149
1891890 150
1891900 150
1891910 150
1891920 150
1891930 150
1891940 150
1891950 150
1891960 151
1891970 151
1891980 151
1891990 151
1892000 151
1892010 151
1892020 152
1892030 152
1892040 152
1892050 152
1892060 152
1892070 152
1892080 152
1892090 152
1892100 152
1892110 152
1892120 152
1892130 152
1892140 152
1892150 152
1892160 152
1892170 152
1892180 152
1892190 152
1892200 152
1892210 152
1892220 152
1892230 152
1892240 152
1892250 151
1892260 151
1892270 151
1892280 151
1892290 151
1892300 151
1892310 151
1892320 151
1892330 151
1892340 151
1892350 150
1892360 150
1892370 150
1892380 150
1892390 150
1892400 150
1892410 150
1892420 150
1892430 150
1892440 150
1892450 150
1892460 149
1892470 149
1892480 149
1892490 149
1892500 149
1892510 148
1892520 148
1892530 148
1892540 148
1892550 148
1892560 148
1892570 148
1892580 148
1892590 147
1892600 147
1892610 147
1892620 147
1892630 147
1892640 147
1892650 147
1892660 147
1892670 147
1892680 146
1892690 146
1892700 146
1892710 146
1892720 146
1892730 146
1892740 146
1892750 146
1892760 146
1892770 146
1892780 146
1892790 146
1892800 146
1892810 146
1892820 146
1892830 146
1892840 145
1892850 145
1892860 145
1892870 145
1892880 145
1892890 145
1892900 145
1892910 145
1892920 144
1892930 144
1892940 144
1892950 144
1892960 144
1892970 144
1892980 144
1892990 144
1893000 144
1893010 144
1893020 144
1893030 144
1893040 144
1893050 144
1893060 144
1893070 143
1893080 143
1893090 143
1893100 143
1893110 143
1893120 143
1893130 143
1893140 143
1893150 143
1893160 143
1893170 143
1893180 143
1893190 143
1893200 143
1893210 143
1893220 142
1893230 142
1893240 142
1893250 142
1893260 142
1893270 142
1893280 142
1893290 141
1893300 141
1893310 141
1893320 140
1893330 140
1893340 139
1893350 139
1893360 139
1893370 139
1893380 139
1893390 139
1893400 138
1893410 138
1893420 138
1893430 139
1893440 140
1893450 140
1893460 140
1893470 139
1893480 139
1893490 139
1893500 139
1893510 139
1893520 138
1893530 138
1893540 138
1893550 138
1893560 138
1893570 138
1893580 138
1893590 138
1893600 138
1893610 138
1893620 138
1893630 138
1893640 138
1893650 138
1893660 138
1893670 138
1893680 138
1893690 138
1893700 138
1893710 138
1893720 138
1893730 138
1893740 138
1893750 138
1893760 138
1893770 139
1893780 139
1893790 140
1893800 139
1893810 139
1893820 140
1893830 140
1893840 140
1893850 140
1893860 140
1893870 140
1893880 139
1893890 139
1893900 139
1893910 139
1893920 139
1893930 139
1893940 139
1893950 138
1893960 138
1893970 138
1893980 138
1893990 138
1894000 138
1894010 138
1894020 138
1894030 138
1894040 138
1894050 138
1894060 138
1894070 138
1894080 138
1894090 138
1894100 138
1894110 138
1894120 136
1894130 136
1894140 136
1894150 137
1894160 138
1894170 138
1894180 137
1894190 137
1894200 137
1894210 138
1894220 138
1894230 138
1894240 138
1894250 138
1894260 138
1894270 138
1894280 138
1894290 138
1894300 137
1894310 138
1894320 138
1894330 138
1894340 138
1894350 137
1894360 137
1894370 138
1894380 138
1894390 139
1894400 139
1894410 139
1894420 139
1894430 140
1894440 140
1894450 140
1894460 140
1894470 140
1894480 140
1894490 140
1894500 140
1894510 140
1894520 140
1894530 140
1894540 140
1894550 140
1894560 140
1894570 140
1894580 140
1894590 140
1894600 140
1894610 140
1894620 140
1894630 140
1894640 140
1894650 140
1894660 140
1894670 140
1894680 140
1894690 140
1894700 140
1894710 140
1894720 139
1894730 139
1894740 139
1894750 139
1894760 139
1894770 139
1894780 139
1894790 139
1894800 139
1894810 139
1894820 139
1894830 139
1894840 139
1894850 139
1894860 139
1894870 139
1894880 139
1894890 139
1894900 139
1894910 138
1894920 138
1894930 138
1894940 138
1894950 138
1894960 138
1894970 138
1894980 139
1894990 138
1895000 138
1895010 138
1895020 138
1895030 138
1895040 138
1895050 138
1895060 138
1895070 138
1895080 138
1895090 138
1895100 138
1895110 138
1895120 138
1895130 138
1895140 138
1895150 138
1895160 138
1895170 138
1895180 138
1895190 138
1895200 138
1895210 138
1895220 138
1895230 138
1895240 138
1895250 138
1895260 138
1895270 138
1895280 138
1895290 139
1895300 139
1895310 139
1895320 139
1895330 139
1895340 139
1895350 139
1895360 138
1895370 138
1895380 138
1895390 138
1895400 138
1895410 138
1895420 138
1895430 138
1895440 138
1895450 138
1895460 138
1895470 138
1895480 138
1895490 138
1895500 138
1895510 138
1895520 138
1895530 138
1895540 138
1895550 138
1895560 138
1895570 138
1895580 138
1895590 138
1895600 138
1895610 138
1895620 138
1895630 138
1895640 138
1895650 138
1895660 138
1895670 138
1895680 139
1895690 139
1895700 139
1895710 139
1895720 139
1895730 139
1895740 138
1895750 138
1895760 138
1895770 138
1895780 138
1895790 138
1895800 138
1895810 138
1895820 138
1895830 139
1895840 139
1895850 139
1895860 139
1895870 139
1895880 139
1895890 138
1895900 137
1895910 137
1895920 138
1895930 138
1895940 138
1895950 138
1895960 138
1895970 137
1895980 137
1895990 138
1896000 138
1896010 138
1896020 138
1896030 138
1896040 138
1896050 138
1896060 138
1896070 138
1896080 138
1896090 138
1896100 138
1896110 137
1896120 137
1896130 137
1896140 138
1896150 138
1896160 138
1896170 138
1896180 138
1896190 138
1896200 136
1896210 136
1896220 136
1896230 137
1896240 138
1896250 138
1896260 138
1896270 137
1896280 137
1896290 137
1896300 137
1896310 137
1896320 137
1896330 137
1896340 137
1896350 138
1896360 138
1896370 138
1896380 138
1896390 138
1896400 138
1896410 137
1896420 137
1896430 137
1896440 137
1896450 138
1896460 138
1896470 137
1896480 137
1896490 137
1896500 137
1896510 136
1896520 136
1896530 136
1896540 136
1896550 136
1896560 136
1896570 137
1896580 137
1896590 137
1896600 138
1896610 138
1896620 138
1896630 137
1896640 137
1896650 137
1896660 137
1896670 137
1896680 136
1896690 137
1896700 137
1896710 137
1896720 137
1896730 137
1896740 136
1896750 137
1896760 137
1896770 138
1896780 140
1896790 140
1896800 140
1896810 140
1896820 140
1896830 140
1896840 139
1896850 139
1896860 139
1896870 139
1896880 139
1896890 139
1896900 139
1896910 139
1896920 139
1896930 139
1896940 139
1896950 139
1896960 139
1896970 139
1896980 139
1896990 139
1897000 139
1897010 139
1897020 139
1897030 139
1897040 139
1897050 139
1897060 139
1897070 139
1897080 139
1897090 139
1897100 139
1897110 139
1897120 139
1897130 139
1897140 139
1897150 139
1897160 139
1897170 139
1897180 139
1897190 139
1897200 139
1897210 139
1897220 139
1897230 139
1897240 139
1897250 139
1897260 138
1897270 138
1897280 138
1897290 138
1897300 138
1897310 139
1897320 139
1897330 139
1897340 139
1897350 139
1897360 139
1897370 138
1897380 138
1897390 138
1897400 138
1897410 138
1897420 138
1897430 138
1897440 138
1897450 138
1897460 138
1897470 138
1897480 138
1897490 138
1897500 138
1897510 138
1897520 138
1897530 138
1897540 138
1897550 138
1897560 138
1897570 138
1897580 138
1897590 138
1897600 138
1897610 138
1897620 138
1897630 138
1897640 138
1897650 138
1897660 138
1897670 138
1897680 138
1897690 138
1897700 138
1897710 138
1897720 138
1897730 138
1897740 138
1897750 138
1897760 138
1897770 138
1897780 138
1897790 137
1897800 137
1897810 137
1897820 137
1897830 138
1897840 138
1897850 138
1897860 138
1897870 138
1897880 138
1897890 138
1897900 138
1897910 138
1897920 138
1897930 138
1897940 138
1897950 138
1897960 138
1897970 138
1897980 138
1897990 138
1898000 138
1898010 138
1898020 138
1898030 138
1898040 138
1898050 138
1898060 138
1898070 138
1898080 138
1898090 137
1898100 138
1898110 138
1898120 139
1898130 139
1898140 139
1898150 139
1898160 139
1898170 139
1898180 139
1898190 139
1898200 139
1898210 138
1898220 138
1898230 138
1898240 138
1898250 138
1898260 138
1898270 138
1898280 139
1898290 139
1898300 139
1898310 138
1898320 138
1898330 138
1898340 138
1898350 138
1898360 138
1898370 138
1898380 138
1898390 138
1898400 138
1898410 138
1898420 138
1898430 137
1898440 137
1898450 136
1898460 136
1898470 136
1898480 136
1898490 137
1898500 137
1898510 137
1898520 137
1898530 137
1898540 137
1898550 137
1898560 137
1898570 137
1898580 137
1898590 137
1898600 137
1898610 138
1898620 138
1898630 138
1898640 137
1898650 137
1898660 137
1898670 137
1898680 137
1898690 137
1898700 137
1898710 137
1898720 137
1898730 137
1898740 137
1898750 137
1898760 137
1898770 137
1898780 137
1898790 137
1898800 137
1898810 137
1898820 137
1898830 137
1898840 137
1898850 137
1898860 137
1898870 137
1898880 137
1898890 137
1898900 137
1898910 137
1898920 137
1898930 137
1898940 136
1898950 136
1898960 136
1898970 134
1898980 134
1898990 134
1899000 136
1899010 136
1899020 137
1899030 137
1899040 137
1899050 137
1899060 138
1899070 138
1899080 137
1899090 137
1899100 137
1899110 137
1899120 137
1899130 137
1899140 136
1899150 136
1899160 136
1899170 137
1899180 137
1899190 137
1899200 137
1899210 137
1899220 137
1899230 138
1899240 138
1899250 138
1899260 138
1899270 137
1899280 137
1899290 137
1899300 137
1899310 137
1899320 137
1899330 136
1899340 136
1899350 137
1899360 137
1899370 137
1899380 137
1899390 137
1899400 137
1899410 137
