1880000 143
1880010 143
1880020 142
1880030 142
1880040 141
1880050 141
1880060 141
1880070 141
1880080 141
1880090 141
1880100 141
1880110 141
1880120 141
1880130 141
1880140 141
1880150 141
1880160 141
1880170 141
1880180 141
1880190 141
1880200 141
1880210 141
1880220 141
1880230 141
1880240 141
1880250 141
1880260 141
1880270 141
1880280 141
1880290 141
1880300 141
1880310 141
1880320 141
1880330 141
1880340 141
1880350 141
1880360 141
1880370 141
1880380 141
1880390 141
1880400 141
1880410 141
1880420 141
1880430 141
1880440 141
1880450 141
1880460 141
1880470 141
1880480 141
1880490 141
1880500 141
1880510 141
1880520 141
1880530 141
1880540 141
1880550 141
1880560 141
1880570 141
1880580 141
1880590 141
1880600 141
1880610 141
1880620 141
1880630 141
1880640 141
1880650 141
1880660 141
1880670 141
1880680 141
1880690 141
1880700 141
1880710 141
1880720 141
1880730 141
1880740 141
1880750 141
1880760 141
1880770 141
1880780 141
1880790 141
1880800 141
1880810 141
1880820 141
1880830 141
1880840 141
1880850 141
1880860 141
1880870 141
1880880 142
1880890 143
1880900 143
1880910 142
1880920 142
1880930 142
1880940 142
1880950 142
1880960 142
1880970 143
1880980 143
1880990 143
1881000 143
1881010 143
1881020 143
1881030 143
1881040 142
1881050 142
1881060 141
1881070 141
1881080 141
1881090 141
1881100 141
1881110 141
1881120 142
1881130 143
1881140 143
1881150 142
1881160 141
1881170 141
1881180 141
1881190 141
1881200 141
1881210 141
1881220 141
1881230 141
1881240 141
1881250 141
1881260 141
1881270 141
1881280 141
1881290 141
1881300 141
1881310 141
1881320 141
1881330 141
1881340 141
1881350 141
1881360 143
1881370 142
1881380 142
1881390 142
1881400 142
1881410 142
1881420 142
1881430 143
1881440 143
1881450 144
1881460 144
1881470 144
1881480 144
1881490 144
1881500 144
1881510 144
1881520 144
1881530 144
1881540 144
1881550 142
1881560 142
1881570 142
1881580 144
1881590 144
1881600 145
1881610 145
1881620 145
1881630 145
1881640 144
1881650 144
1881660 145
1881670 146
1881680 146
1881690 146
1881700 148
1881710 148
1881720 147
1881730 146
1881740 146
1881750 145
1881760 146
1881770 146
1881780 146
1881790 147
1881800 147
1881810 148
1881820 150
1881830 150
1881840 150
1881850 151
1881860 151
1881870 152
1881880 151
1881890 151
1881900 151
1881910 152
1881920 152
1881930 153
1881940 156
1881950 156
1881960 164
1881970 168
1881980 168
1881990 169
1882000 169
1882010 169
1882020 170
1882030 171
1882040 171
1882050 173
1882060 174
1882070 174
1882080 174
1882090 175
1882100 175
1882110 175
1882120 176
1882130 176
1882140 176
1882150 177
1882160 177
1882170 177
1882180 178
1882190 178
1882200 178
1882210 178
1882220 178
1882230 178
1882240 178
1882250 178
1882260 178
1882270 178
1882280 178
1882290 178
1882300 177
1882310 177
1882320 177
1882330 177
1882340 177
1882350 177
1882360 177
1882370 177
1882380 177
1882390 177
1882400 177
1882410 177
1882420 176
1882430 176
1882440 177
1882450 176
1882460 176
1882470 174
1882480 173
1882490 173
1882500 173
1882510 169
1882520 169
1882530 168
1882540 169
1882550 169
1882560 169
1882570 169
1882580 169
1882590 175
1882600 178
1882610 178
1882620 178
1882630 177
1882640 177
1882650 177
1882660 178
1882670 178
1882680 179
1882690 179
1882700 177
1882710 178
1882720 178
1882730 178
1882740 179
1882750 179
1882760 179
1882770 180
1882780 181
1882790 181
1882800 182
1882810 182
1882820 182
1882830 183
1882840 183
1882850 183
1882860 184
1882870 185
1882880 185
1882890 185
1882900 185
1882910 185
1882920 185
1882930 184
1882940 184
1882950 184
1882960 184
1882970 184
1882980 184
1882990 184
1883000 184
1883010 184
1883020 185
1883030 183
1883040 183
1883050 183
1883060 183
1883070 184
1883080 184
1883090 184
1883100 184
1883110 184
1883120 184
1883130 184
1883140 184
1883150 184
1883160 184
1883170 184
1883180 184
1883190 184
1883200 184
1883210 184
1883220 184
1883230 184
1883240 184
1883250 184
1883260 184
1883270 184
1883280 184
1883290 184
1883300 185
1883310 185
1883320 186
1883330 187
1883340 187
1883350 185
1883360 185
1883370 185
1883380 185
1883390 183
1883400 183
1883410 183
1883420 183
1883430 183
1883440 184
1883450 185
1883460 185
1883470 186
1883480 185
1883490 185
1883500 184
1883510 183
1883520 183
1883530 183
1883540 182
1883550 182
1883560 182
1883570 182
1883580 182
1883590 182
1883600 182
1883610 182
1883620 182
1883630 182
1883640 182
1883650 182
1883660 182
1883670 182
1883680 180
1883690 181
1883700 181
1883710 181
1883720 181
1883730 181
1883740 181
1883750 180
1883760 180
1883770 180
1883780 180
1883790 180
1883800 180
1883810 179
1883820 179
1883830 179
1883840 178
1883850 178
1883860 178
1883870 178
1883880 178
1883890 178
1883900 178
1883910 178
1883920 178
1883930 178
1883940 178
1883950 178
1883960 178
1883970 178
1883980 178
1883990 178
1884000 178
1884010 178
1884020 178
1884030 178
1884040 178
1884050 178
1884060 178
1884070 178
1884080 179
1884090 179
1884100 180
1884110 181
1884120 181
1884130 181
1884140 181
1884150 181
1884160 181
1884170 182
1884180 182
1884190 183
1884200 183
1884210 183
1884220 183
1884230 183
1884240 183
1884250 183
1884260 183
1884270 183
1884280 183
1884290 184
1884300 184
1884310 184
1884320 185
1884330 185
1884340 185
1884350 186
1884360 186
1884370 188
1884380 189
1884390 189
1884400 190
1884410 191
1884420 191
1884430 192
1884440 192
1884450 192
1884460 193
1884470 194
1884480 194
1884490 195
1884500 196
1884510 196
1884520 198
1884530 198
1884540 198
1884550 199
1884560 200
1884570 200
1884580 201
1884590 203
1884600 203
1884610 204
1884620 205
1884630 205
1884640 205
1884650 205
1884660 205
1884670 206
1884680 208
1884690 208
1884700 210
1884710 212
1884720 212
1884730 213
1884740 215
1884750 215
1884760 216
1884770 219
1884780 219
1884790 223
1884800 226
1884810 226
1884820 230
1884830 235
1884840 235
1884850 241
1884860 245
1884870 245
1884880 248
1884890 253
1884900 253
1884910 259
1884920 265
1884930 265
1884940 272
1884950 279
1884960 279
1884970 284
1884980 290
1884990 290
1885000 297
1885010 301
1885020 301
1885030 303
1885040 303
1885050 303
1885060 302
1885070 304
1885080 304
1885090 307
1885100 313
1885110 313
1885120 316
1885130 319
1885140 319
1885150 325
1885160 333
1885170 333
1885180 341
1885190 349
1885200 349
1885210 358
1885220 366
1885230 366
1885240 372
1885250 375
1885260 375
1885270 379
1885280 382
1885290 382
1885300 384
1885310 386
1885320 386
1885330 388
1885340 389
1885350 389
1885360 390
1885370 392
1885380 392
1885390 393
1885400 395
1885410 395
1885420 396
1885430 397
1885440 397
1885450 397
1885460 398
1885470 398
1885480 398
1885490 398
1885500 398
1885510 397
1885520 397
1885530 397
1885540 396
1885550 395
1885560 395
1885570 395
1885580 394
1885590 394
1885600 392
1885610 389
1885620 386
1885630 383
1885640 380
1885650 380
1885660 376
1885670 371
1885680 371
1885690 367
1885700 364
1885710 364
1885720 360
1885730 356
1885740 356
1885750 352
1885760 349
1885770 349
1885780 345
1885790 343
1885800 343
1885810 340
1885820 337
1885830 337
1885840 334
1885850 332
1885860 332
1885870 330
1885880 328
1885890 328
1885900 326
1885910 324
1885920 324
1885930 322
1885940 319
1885950 319
1885960 316
1885970 313
1885980 313
1885990 308
1886000 304
1886010 304
1886020 300
1886030 296
1886040 296
1886050 291
1886060 287
1886070 287
1886080 283
1886090 279
1886100 279
1886110 276
1886120 272
1886130 272
1886140 269
1886150 267
1886160 267
1886170 265
1886180 262
1886190 262
1886200 260
1886210 259
1886220 259
1886230 258
1886240 256
1886250 256
1886260 254
1886270 253
1886280 253
1886290 251
1886300 249
1886310 249
1886320 248
1886330 246
1886340 246
1886350 245
1886360 244
1886370 244
1886380 243
1886390 242
1886400 242
1886410 241
1886420 240
1886430 240
1886440 238
1886450 237
1886460 236
1886470 236
1886480 235
1886490 234
1886500 234
1886510 234
1886520 233
1886530 233
1886540 232
1886550 231
1886560 231
1886570 231
1886580 231
1886590 230
1886600 229
1886610 229
1886620 229
1886630 228
1886640 228
1886650 228
1886660 226
1886670 226
1886680 226
1886690 226
1886700 226
1886710 226
1886720 226
1886730 225
1886740 225
1886750 225
1886760 225
1886770 225
1886780 225
1886790 226
1886800 226
1886810 227
1886820 227
1886830 227
1886840 228
1886850 228
1886860 228
1886870 229
1886880 231
1886890 231
1886900 234
1886910 236
1886920 236
1886930 239
1886940 242
1886950 242
1886960 243
1886970 243
1886980 243
1886990 242
1887000 241
1887010 241
1887020 239
1887030 237
1887040 237
1887050 234
1887060 234
1887070 234
1887080 233
1887090 229
1887100 229
1887110 226
1887120 223
1887130 223
1887140 219
1887150 216
1887160 216
1887170 215
1887180 215
1887190 215
1887200 214
1887210 213
1887220 213
1887230 212
1887240 211
1887250 211
1887260 210
1887270 210
1887280 210
1887290 209
1887300 210
1887310 210
1887320 210
1887330 210
1887340 210
1887350 210
1887360 210
1887370 210
1887380 210
1887390 210
1887400 210
1887410 209
1887420 209
1887430 209
1887440 209
1887450 209
1887460 209
1887470 208
1887480 208
1887490 208
1887500 208
1887510 208
1887520 208
1887530 208
1887540 208
1887550 207
1887560 207
1887570 208
1887580 208
1887590 208
1887600 207
1887610 207
1887620 207
1887630 208
1887640 208
1887650 207
1887660 207
1887670 207
1887680 207
1887690 207
1887700 207
1887710 207
1887720 206
1887730 206
1887740 206
1887750 206
1887760 206
1887770 205
1887780 202
1887790 202
1887800 201
1887810 201
1887820 201
1887830 201
1887840 202
1887850 202
1887860 201
1887870 201
1887880 201
1887890 198
1887900 196
1887910 196
1887920 195
1887930 195
1887940 195
1887950 193
1887960 192
1887970 192
1887980 191
1887990 190
1888000 190
1888010 189
1888020 189
1888030 189
1888040 189
1888050 192
1888060 192
1888070 196
1888080 200
1888090 200
1888100 203
1888110 206
1888120 206
1888130 209
1888140 210
1888150 210
1888160 210
1888170 210
1888180 210
1888190 205
1888200 204
1888210 204
1888220 204
1888230 203
1888240 203
1888250 202
1888260 202
1888270 202
1888280 201
1888290 200
1888300 200
1888310 199
1888320 198
1888330 198
1888340 196
1888350 195
1888360 195
1888370 194
1888380 194
1888390 194
1888400 192
1888410 191
1888420 191
1888430 190
1888440 188
1888450 188
1888460 187
1888470 186
1888480 186
1888490 185
1888500 185
1888510 185
1888520 182
1888530 181
1888540 181
1888550 180
1888560 180
1888570 180
1888580 179
1888590 179
1888600 179
1888610 178
1888620 178
1888630 178
1888640 178
1888650 178
1888660 178
1888670 177
1888680 177
1888690 177
1888700 177
1888710 176
1888720 176
1888730 176
1888740 176
1888750 176
1888760 175
1888770 174
1888780 174
1888790 174
1888800 174
1888810 174
1888820 174
1888830 173
1888840 173
1888850 172
1888860 172
1888870 172
1888880 172
1888890 171
1888900 171
1888910 171
1888920 171
1888930 171
1888940 171
1888950 171
1888960 171
1888970 170
1888980 170
1888990 170
1889000 170
1889010 169
1889020 169
1889030 168
1889040 167
1889050 167
1889060 168
1889070 168
1889080 168
1889090 169
1889100 169
1889110 169
1889120 169
1889130 168
1889140 168
1889150 168
1889160 168
1889170 168
1889180 168
1889190 167
1889200 167
1889210 167
1889220 167
1889230 167
1889240 167
1889250 167
1889260 167
1889270 167
1889280 167
1889290 167
1889300 167
1889310 167
1889320 167
1889330 166
1889340 166
1889350 166
1889360 166
1889370 166
1889380 166
1889390 165
1889400 165
1889410 165
1889420 165
1889430 165
1889440 165
1889450 165
1889460 165
1889470 165
1889480 165
1889490 165
1889500 165
1889510 165
1889520 165
1889530 165
1889540 165
1889550 165
1889560 165
1889570 165
1889580 165
1889590 165
1889600 165
1889610 164
1889620 164
1889630 164
1889640 164
1889650 164
1889660 164
1889670 164
1889680 164
1889690 163
1889700 163
1889710 163
1889720 163
1889730 163
1889740 163
1889750 163
1889760 162
1889770 162
1889780 162
1889790 162
1889800 161
1889810 161
1889820 161
1889830 161
1889840 161
1889850 161
1889860 160
1889870 160
1889880 160
1889890 160
1889900 160
1889910 160
1889920 159
1889930 159
1889940 159
1889950 159
1889960 159
1889970 159
1889980 159
1889990 159
1890000 159
1890010 158
1890020 158
1890030 158
1890040 158
1890050 158
1890060 158
1890070 157
1890080 157
1890090 157
1890100 157
1890110 157
1890120 157
1890130 156
1890140 156
1890150 156
1890160 156
1890170 156
1890180 156
1890190 156
1890200 156
1890210 156
1890220 156
1890230 156
1890240 156
1890250 156
1890260 156
1890270 156
1890280 156
1890290 156
1890300 156
1890310 157
1890320 157
1890330 157
1890340 158
1890350 158
1890360 158
1890370 158
1890380 158
1890390 159
1890400 159
1890410 159
1890420 159
1890430 159
1890440 159
1890450 159
1890460 159
1890470 159
1890480 159
1890490 159
1890500 159
1890510 158
1890520 158
1890530 158
1890540 158
1890550 158
1890560 158
1890570 158
1890580 158
1890590 158
1890600 158
1890610 158
1890620 158
1890630 158
1890640 158
1890650 158
1890660 157
1890670 157
1890680 157
1890690 157
1890700 157
1890710 157
1890720 157
1890730 157
1890740 157
1890750 156
1890760 156
1890770 156
1890780 156
1890790 156
1890800 156
1890810 156
1890820 155
1890830 155
1890840 155
1890850 155
1890860 155
1890870 155
1890880 155
1890890 155
1890900 155
1890910 155
1890920 155
1890930 155
1890940 155
1890950 155
1890960 155
1890970 155
1890980 155
1890990 155
1891000 155
1891010 155
1891020 154
1891030 154
1891040 154
1891050 154
1891060 154
1891070 154
1891080 154
1891090 154
1891100 154
1891110 154
1891120 154
1891130 154
1891140 154
1891150 154
1891160 154
1891170 153
1891180 153
1891190 153
1891200 153
1891210 153
1891220 153
1891230 152
1891240 152
1891250 152
1891260 152
1891270 152
1891280 152
1891290 151
1891300 151
1891310 151
1891320 151
1891330 151
1891340 151
1891350 150
1891360 150
1891370 150
1891380 150
1891390 149
1891400 149
1891410 149
1891420 149
1891430 149
1891440 149
1891450 148
1891460 148
1891470 148
1891480 149
1891490 149
1891500 148
1891510 148
1891520 148
1891530 148
1891540 148
1891550 148
1891560 148
1891570 148
1891580 148
1891590 148
1891600 148
1891610 148
1891620 148
1891630 149
1891640 149
1891650 149
1891660 149
1891670 149
1891680 149
1891690 149
1891700 149
1891710 148
1891720 148
1891730 148
1891740 148
1891750 148
1891760 148
1891770 148
1891780 148
1891790 148
1891800 148
1891810 148
1891820 148
1891830 149
1891840 149
1891850 149
1891860 149
1891870 149
1891880 149
1891890 150
1891900 150
1891910 150
1891920 150
1891930 150
1891940 150
1891950 150
1891960 151
1891970 151
1891980 151
1891990 151
1892000 151
1892010 151
1892020 151
1892030 151
1892040 152
1892050 152
1892060 152
1892070 152
1892080 152
1892090 152
1892100 152
1892110 152
1892120 152
1892130 152
1892140 152
1892150 152
1892160 152
1892170 152
1892180 152
1892190 152
1892200 152
1892210 152
1892220 151
1892230 151
1892240 151
1892250 151
1892260 151
1892270 151
1892280 151
1892290 151
1892300 151
1892310 151
1892320 151
1892330 151
1892340 150
1892350 150
1892360 150
1892370 150
1892380 150
1892390 150
1892400 150
1892410 150
1892420 150
1892430 150
1892440 149
1892450 149
1892460 149
1892470 149
1892480 149
1892490 149
1892500 149
1892510 149
1892520 149
1892530 149
1892540 149
1892550 149
1892560 148
1892570 148
1892580 148
1892590 148
1892600 148
1892610 148
1892620 147
1892630 147
1892640 147
1892650 147
1892660 147
1892670 147
1892680 147
1892690 147
1892700 146
1892710 146
1892720 146
1892730 146
1892740 146
1892750 146
1892760 146
1892770 145
1892780 145
1892790 145
1892800 145
1892810 145
1892820 145
1892830 145
1892840 145
1892850 145
1892860 145
1892870 145
1892880 145
1892890 144
1892900 144
1892910 144
1892920 144
1892930 144
1892940 144
1892950 144
1892960 144
1892970 144
1892980 144
1892990 144
1893000 143
1893010 143
1893020 143
1893030 143
1893040 143
1893050 143
1893060 143
1893070 143
1893080 143
1893090 143
1893100 142
1893110 142
1893120 143
1893130 143
1893140 143
1893150 143
1893160 143
1893170 143
1893180 143
1893190 142
1893200 142
1893210 142
1893220 142
1893230 142
1893240 142
1893250 142
1893260 141
1893270 141
1893280 141
1893290 140
1893300 140
1893310 139
1893320 139
1893330 139
1893340 139
1893350 139
1893360 139
1893370 138
1893380 138
1893390 138
1893400 138
1893410 139
1893420 139
1893430 140
1893440 140
1893450 140
1893460 139
1893470 139
1893480 139
1893490 139
1893500 138
1893510 138
1893520 138
1893530 138
1893540 138
1893550 138
1893560 138
1893570 138
1893580 138
1893590 138
1893600 138
1893610 138
1893620 138
1893630 138
1893640 138
1893650 138
1893660 138
1893670 138
1893680 138
1893690 138
1893700 138
1893710 138
1893720 138
1893730 138
1893740 138
1893750 138
1893760 139
1893770 139
1893780 139
1893790 139
1893800 140
1893810 140
1893820 140
1893830 140
1893840 140
1893850 140
1893860 139
1893870 139
1893880 139
1893890 139
1893900 139
1893910 139
1893920 139
1893930 139
1893940 138
1893950 138
1893960 138
1893970 138
1893980 138
1893990 138
1894000 138
1894010 138
1894020 138
1894030 138
1894040 138
1894050 138
1894060 138
1894070 138
1894080 138
1894090 138
1894100 138
1894110 138
1894120 137
1894130 136
1894140 136
1894150 137
1894160 138
1894170 138
1894180 138
1894190 137
1894200 137
1894210 138
1894220 138
1894230 138
1894240 138
1894250 138
1894260 138
1894270 138
1894280 138
1894290 138
1894300 137
1894310 138
1894320 138
1894330 138
1894340 137
1894350 137
1894360 137
1894370 138
1894380 138
1894390 139
1894400 139
1894410 139
1894420 139
1894430 140
1894440 140
1894450 140
1894460 140
1894470 140
1894480 140
1894490 140
1894500 140
1894510 140
1894520 140
1894530 140
1894540 140
1894550 140
1894560 140
1894570 140
1894580 140
1894590 140
1894600 140
1894610 140
1894620 140
1894630 140
1894640 140
1894650 140
1894660 140
1894670 140
1894680 140
1894690 139
1894700 139
1894710 139
1894720 139
1894730 139
1894740 139
1894750 139
1894760 139
1894770 139
1894780 139
1894790 138
1894800 138
1894810 138
1894820 139
1894830 139
1894840 139
1894850 138
1894860 138
1894870 138
1894880 138
1894890 138
1894900 138
1894910 138
1894920 138
1894930 138
1894940 138
1894950 138
1894960 138
1894970 138
1894980 138
1894990 138
1895000 139
1895010 139
1895020 139
1895030 139
1895040 139
1895050 138
1895060 138
1895070 138
1895080 138
1895090 138
1895100 138
1895110 138
1895120 139
1895130 139
1895140 138
1895150 139
1895160 139
1895170 139
1895180 139
1895190 139
1895200 139
1895210 139
1895220 139
1895230 139
1895240 139
1895250 139
1895260 139
1895270 139
1895280 139
1895290 139
1895300 139
1895310 139
1895320 139
1895330 139
1895340 139
1895350 139
1895360 139
1895370 139
1895380 139
1895390 139
1895400 139
1895410 139
1895420 138
1895430 138
1895440 138
1895450 138
1895460 138
1895470 138
1895480 138
1895490 138
1895500 138
1895510 138
1895520 138
1895530 138
1895540 138
1895550 138
1895560 138
1895570 138
1895580 138
1895590 138
1895600 138
1895610 138
1895620 138
1895630 138
1895640 138
1895650 138
1895660 138
1895670 138
1895680 138
1895690 139
1895700 139
1895710 139
1895720 139
1895730 139
1895740 139
1895750 139
1895760 139
1895770 139
1895780 139
1895790 139
1895800 139
1895810 139
1895820 139
1895830 139
1895840 139
1895850 139
1895860 138
1895870 138
1895880 138
1895890 138
1895900 138
1895910 138
1895920 138
1895930 138
1895940 138
1895950 138
1895960 138
1895970 138
1895980 138
1895990 138
1896000 138
1896010 138
1896020 138
1896030 138
1896040 138
1896050 138
1896060 138
1896070 138
1896080 138
1896090 138
1896100 138
1896110 138
1896120 138
1896130 138
1896140 137
1896150 137
1896160 136
1896170 137
1896180 137
1896190 137
1896200 138
1896210 138
1896220 138
1896230 138
1896240 138
1896250 138
1896260 138
1896270 138
1896280 138
1896290 138
1896300 138
1896310 138
1896320 138
1896330 138
1896340 138
1896350 138
1896360 138
1896370 138
1896380 138
1896390 138
1896400 138
1896410 138
1896420 138
1896430 138
1896440 138
1896450 138
1896460 138
1896470 138
1896480 138
1896490 138
1896500 137
1896510 137
1896520 137
1896530 137
1896540 137
1896550 137
1896560 137
1896570 136
1896580 136
1896590 136
1896600 137
1896610 137
1896620 137
1896630 138
1896640 138
1896650 137
1896660 137
1896670 137
1896680 137
1896690 137
1896700 137
1896710 137
1896720 137
1896730 137
1896740 137
1896750 137
1896760 137
1896770 137
1896780 137
1896790 137
1896800 139
1896810 140
1896820 140
1896830 140
1896840 140
1896850 140
1896860 140
1896870 139
1896880 139
1896890 139
1896900 139
1896910 139
1896920 139
1896930 139
1896940 139
1896950 139
1896960 139
1896970 139
1896980 139
1896990 139
1897000 139
1897010 139
1897020 139
1897030 139
1897040 139
1897050 139
1897060 139
1897070 139
1897080 139
1897090 139
1897100 139
1897110 139
1897120 139
1897130 139
1897140 139
1897150 139
1897160 139
1897170 139
1897180 139
1897190 139
1897200 139
1897210 139
1897220 139
1897230 139
1897240 139
1897250 139
1897260 139
1897270 139
1897280 139
1897290 139
1897300 139
1897310 139
1897320 139
1897330 139
1897340 139
1897350 139
1897360 139
1897370 139
1897380 138
1897390 139
1897400 139
1897410 139
1897420 139
1897430 139
1897440 139
1897450 139
1897460 139
1897470 139
1897480 139
1897490 138
1897500 138
1897510 138
1897520 138
1897530 138
1897540 138
1897550 138
1897560 138
1897570 138
1897580 138
1897590 138
1897600 138
1897610 138
1897620 138
1897630 138
1897640 138
1897650 138
1897660 138
1897670 138
1897680 138
1897690 138
1897700 137
1897710 138
1897720 138
1897730 137
1897740 137
1897750 137
1897760 137
1897770 138
1897780 138
1897790 137
1897800 137
1897810 137
1897820 138
1897830 138
1897840 138
1897850 138
1897860 138
1897870 138
1897880 138
1897890 138
1897900 138
1897910 138
1897920 138
1897930 138
1897940 138
1897950 138
1897960 138
1897970 139
1897980 138
1897990 138
1898000 138
1898010 138
1898020 138
1898030 138
1898040 138
1898050 138
1898060 138
1898070 138
1898080 138
1898090 138
1898100 139
1898110 139
1898120 139
1898130 139
1898140 139
1898150 139
1898160 139
1898170 139
1898180 139
1898190 139
1898200 139
1898210 138
1898220 138
1898230 138
1898240 139
1898250 139
1898260 139
1898270 139
1898280 138
1898290 138
1898300 138
1898310 138
1898320 138
1898330 138
1898340 138
1898350 138
1898360 138
1898370 137
1898380 137
1898390 137
1898400 137
1898410 137
1898420 137
1898430 137
1898440 137
1898450 137
1898460 137
1898470 137
1898480 137
1898490 137
1898500 137
1898510 137
1898520 137
1898530 137
1898540 137
1898550 137
1898560 137
1898570 137
1898580 137
1898590 137
1898600 137
1898610 137
1898620 137
1898630 137
1898640 137
1898650 137
1898660 137
1898670 137
1898680 137
1898690 137
1898700 137
1898710 137
1898720 137
1898730 137
1898740 137
1898750 137
1898760 137
1898770 137
1898780 137
1898790 137
1898800 137
1898810 137
1898820 137
1898830 137
1898840 137
1898850 137
1898860 137
1898870 137
1898880 137
1898890 137
1898900 137
1898910 137
1898920 137
1898930 136
1898940 136
1898950 136
1898960 135
1898970 136
1898980 136
1898990 137
1899000 137
1899010 137
1899020 136
1899030 137
1899040 137
1899050 138
1899060 138
1899070 138
1899080 137
1899090 137
1899100 137
1899110 137
1899120 137
1899130 137
1899140 136
1899150 136
1899160 136
1899170 137
1899180 137
1899190 137
1899200 138
1899210 138
1899220 138
1899230 138
1899240 138
1899250 138
1899260 138
1899270 137
1899280 137
1899290 137
1899300 137
1899310 137
1899320 137
1899330 137
1899340 137
1899350 137
1899360 137
1899370 137
1899380 137
1899390 137
1899400 137
1880000 143
1880010 143
1880020 142
1880030 142
1880040 141
1880050 141
1880060 141
1880070 141
1880080 141
1880090 141
1880100 141
1880110 141
1880120 141
1880130 141
1880140 141
1880150 141
1880160 141
1880170 141
1880180 141
1880190 141
1880200 141
1880210 141
1880220 141
1880230 141
1880240 141
1880250 141
1880260 141
1880270 141
1880280 141
1880290 141
1880300 141
1880310 141
1880320 141
1880330 141
1880340 141
1880350 141
1880360 141
1880370 141
1880380 141
1880390 141
1880400 141
1880410 141
1880420 141
1880430 141
1880440 141
1880450 141
1880460 141
1880470 141
1880480 141
1880490 141
1880500 141
1880510 141
1880520 141
1880530 141
1880540 141
1880550 141
1880560 141
1880570 141
1880580 141
1880590 141
1880600 141
1880610 141
1880620 141
1880630 141
1880640 141
1880650 141
1880660 141
1880670 141
1880680 141
1880690 141
1880700 141
1880710 141
1880720 141
1880730 141
1880740 141
1880750 141
1880760 141
1880770 141
1880780 141
1880790 141
1880800 141
1880810 141
1880820 141
1880830 141
1880840 141
1880850 141
1880860 141
1880870 141
1880880 142
1880890 143
1880900 143
1880910 142
1880920 142
1880930 142
1880940 142
1880950 142
1880960 142
1880970 143
1880980 143
1880990 143
1881000 143
1881010 143
1881020 143
1881030 143
1881040 142
1881050 142
1881060 141
1881070 141
1881080 141
1881090 141
1881100 141
1881110 141
1881120 142
1881130 143
1881140 143
1881150 142
1881160 141
1881170 141
1881180 141
1881190 141
1881200 141
1881210 141
1881220 141
1881230 141
1881240 141
1881250 141
1881260 141
1881270 141
1881280 141
1881290 141
1881300 141
1881310 141
1881320 141
1881330 141
1881340 141
1881350 141
1881360 143
1881370 142
1881380 142
1881390 142
1881400 142
1881410 142
1881420 142
1881430 143
1881440 143
1881450 144
1881460 144
1881470 144
1881480 144
1881490 144
1881500 144
1881510 144
1881520 144
1881530 144
1881540 144
1881550 142
1881560 142
1881570 142
1881580 144
1881590 144
1881600 145
1881610 145
1881620 145
1881630 145
1881640 144
1881650 144
1881660 145
1881670 146
1881680 146
1881690 146
1881700 148
1881710 148
1881720 147
1881730 146
1881740 146
1881750 145
1881760 146
1881770 146
1881780 146
1881790 147
1881800 147
1881810 148
1881820 150
1881830 150
1881840 150
1881850 151
1881860 151
1881870 152
1881880 151
1881890 151
1881900 151
1881910 152
1881920 152
1881930 153
1881940 156
1881950 156
1881960 164
1881970 168
1881980 168
1881990 169
1882000 169
1882010 169
1882020 170
1882030 171
1882040 171
1882050 173
1882060 174
1882070 174
1882080 174
1882090 175
1882100 175
1882110 175
1882120 176
1882130 176
1882140 176
1882150 177
1882160 177
1882170 177
1882180 178
1882190 178
1882200 178
1882210 178
1882220 178
1882230 178
1882240 178
1882250 178
1882260 178
1882270 178
1882280 178
1882290 178
1882300 177
1882310 177
1882320 177
1882330 177
1882340 177
1882350 177
1882360 177
1882370 177
1882380 177
1882390 177
1882400 177
1882410 177
1882420 176
1882430 176
1882440 177
1882450 176
1882460 176
1882470 174
1882480 173
1882490 173
1882500 173
1882510 169
1882520 169
1882530 168
1882540 169
1882550 169
1882560 169
1882570 169
1882580 169
1882590 175
1882600 178
1882610 178
1882620 178
1882630 177
1882640 177
1882650 177
1882660 178
1882670 178
1882680 179
1882690 179
1882700 177
1882710 178
1882720 178
1882730 178
1882740 179
1882750 179
1882760 179
1882770 180
1882780 181
1882790 181
1882800 182
1882810 182
1882820 182
1882830 183
1882840 183
1882850 183
1882860 184
1882870 185
1882880 185
1882890 185
1882900 185
1882910 185
1882920 185
1882930 184
1882940 184
1882950 184
1882960 184
1882970 184
1882980 184
1882990 184
1883000 184
1883010 184
1883020 185
1883030 183
1883040 183
1883050 183
1883060 183
1883070 184
1883080 184
1883090 184
1883100 184
1883110 184
1883120 184
1883130 184
1883140 184
1883150 184
1883160 184
1883170 184
1883180 184
1883190 184
1883200 184
1883210 184
1883220 184
1883230 184
1883240 184
1883250 184
1883260 184
1883270 184
1883280 184
1883290 184
1883300 185
1883310 185
1883320 186
1883330 187
1883340 187
1883350 185
1883360 185
1883370 185
1883380 185
1883390 183
1883400 183
1883410 183
1883420 183
1883430 183
1883440 184
1883450 185
1883460 185
1883470 186
1883480 185
1883490 185
1883500 184
1883510 183
1883520 183
1883530 183
1883540 182
1883550 182
1883560 182
1883570 182
1883580 182
1883590 182
1883600 182
1883610 182
1883620 182
1883630 182
1883640 182
1883650 182
1883660 182
1883670 182
1883680 180
1883690 181
1883700 181
1883710 181
1883720 181
1883730 181
1883740 181
1883750 180
1883760 180
1883770 180
1883780 180
1883790 180
1883800 180
1883810 179
1883820 179
1883830 179
1883840 178
1883850 178
1883860 178
1883870 178
1883880 178
1883890 178
1883900 178
1883910 178
1883920 178
1883930 178
1883940 178
1883950 178
1883960 178
1883970 178
1883980 178
1883990 178
1884000 178
1884010 178
1884020 178
1884030 178
1884040 178
1884050 178
1884060 178
1884070 178
1884080 179
1884090 179
1884100 180
1884110 181
1884120 181
1884130 181
1884140 181
1884150 181
1884160 181
1884170 182
1884180 182
1884190 183
1884200 183
1884210 183
1884220 183
1884230 183
1884240 183
1884250 183
1884260 183
1884270 183
1884280 183
1884290 184
1884300 184
1884310 184
1884320 185
1884330 185
1884340 185
1884350 186
1884360 186
1884370 188
1884380 189
1884390 189
1884400 190
1884410 191
1884420 191
1884430 192
1884440 192
1884450 192
1884460 193
1884470 194
1884480 194
1884490 195
1884500 196
1884510 196
1884520 198
1884530 198
1884540 198
1884550 199
1884560 200
1884570 200
1884580 201
1884590 203
1884600 203
1884610 204
1884620 205
1884630 205
1884640 205
1884650 205
1884660 205
1884670 206
1884680 208
1884690 208
1884700 210
1884710 212
1884720 212
1884730 213
1884740 215
1884750 215
1884760 216
1884770 219
1884780 219
1884790 223
1884800 226
1884810 226
1884820 230
1884830 235
1884840 235
1884850 241
1884860 245
1884870 245
1884880 248
1884890 253
1884900 253
1884910 259
1884920 265
1884930 265
1884940 272
1884950 279
1884960 279
1884970 284
1884980 290
1884990 290
1885000 297
1885010 301
1885020 301
1885030 303
1885040 303
1885050 303
1885060 302
1885070 304
1885080 304
1885090 307
1885100 313
1885110 313
1885120 316
1885130 319
1885140 319
1885150 325
1885160 333
1885170 333
1885180 341
1885190 349
1885200 349
1885210 358
1885220 366
1885230 366
1885240 372
1885250 375
1885260 375
1885270 379
1885280 382
1885290 382
1885300 384
1885310 386
1885320 386
1885330 388
1885340 389
1885350 389
1885360 390
1885370 392
1885380 392
1885390 393
1885400 395
1885410 395
1885420 396
1885430 397
1885440 397
1885450 397
1885460 398
1885470 398
1885480 398
1885490 398
1885500 398
1885510 397
1885520 397
1885530 397
1885540 396
1885550 395
1885560 395
1885570 395
1885580 394
1885590 394
1885600 392
1885610 389
1885620 386
1885630 383
1885640 380
1885650 380
1885660 376
1885670 371
1885680 371
1885690 367
1885700 364
1885710 364
1885720 360
1885730 356
1885740 356
1885750 352
1885760 349
1885770 349
1885780 345
1885790 343
1885800 343
1885810 340
1885820 337
1885830 337
1885840 334
1885850 332
1885860 332
1885870 330
1885880 328
1885890 328
1885900 326
1885910 324
1885920 324
1885930 322
1885940 319
1885950 319
1885960 316
1885970 313
1885980 313
1885990 308
1886000 304
1886010 304
1886020 300
1886030 296
1886040 296
1886050 291
1886060 287
1886070 287
1886080 283
1886090 279
1886100 279
1886110 276
1886120 272
1886130 272
1886140 269
1886150 267
1886160 267
1886170 265
1886180 262
1886190 262
1886200 260
1886210 259
1886220 259
1886230 258
1886240 256
1886250 256
1886260 254
1886270 253
1886280 253
1886290 251
1886300 249
1886310 249
1886320 248
1886330 246
1886340 246
1886350 245
1886360 244
1886370 244
1886380 243
1886390 242
1886400 242
1886410 241
1886420 240
1886430 240
1886440 238
1886450 237
1886460 236
1886470 236
1886480 235
1886490 234
1886500 234
1886510 234
1886520 233
1886530 233
1886540 232
1886550 231
1886560 231
1886570 231
1886580 231
1886590 230
1886600 229
1886610 229
1886620 229
1886630 228
1886640 228
1886650 228
1886660 226
1886670 226
1886680 226
1886690 226
1886700 226
1886710 226
1886720 226
1886730 225
1886740 225
1886750 225
1886760 225
1886770 225
1886780 225
1886790 226
1886800 226
1886810 227
1886820 227
1886830 227
1886840 228
1886850 228
1886860 228
1886870 229
1886880 231
1886890 231
1886900 234
1886910 236
1886920 236
1886930 239
1886940 242
1886950 242
1886960 243
1886970 243
1886980 243
1886990 242
1887000 241
1887010 241
1887020 239
1887030 237
1887040 237
1887050 234
1887060 234
1887070 234
1887080 233
1887090 229
1887100 229
1887110 226
1887120 223
1887130 223
1887140 219
1887150 216
1887160 216
1887170 215
1887180 215
1887190 215
1887200 214
1887210 213
1887220 213
1887230 212
1887240 211
1887250 211
1887260 210
1887270 210
1887280 210
1887290 209
1887300 210
1887310 210
1887320 210
1887330 210
1887340 210
1887350 210
1887360 210
1887370 210
1887380 210
1887390 210
1887400 210
1887410 209
1887420 209
1887430 209
1887440 209
1887450 209
1887460 209
1887470 208
1887480 208
1887490 208
1887500 208
1887510 208
1887520 208
1887530 208
1887540 208
1887550 207
1887560 207
1887570 208
1887580 208
1887590 208
1887600 207
1887610 207
1887620 207
1887630 208
1887640 208
1887650 207
1887660 207
1887670 207
1887680 207
1887690 207
1887700 207
1887710 207
1887720 206
1887730 206
1887740 206
1887750 206
1887760 206
1887770 205
1887780 202
1887790 202
1887800 201
1887810 201
1887820 201
1887830 201
1887840 202
1887850 202
1887860 201
1887870 201
1887880 201
1887890 198
1887900 196
1887910 196
1887920 195
1887930 195
1887940 195
1887950 193
1887960 192
1887970 192
1887980 191
1887990 190
1888000 190
1888010 189
1888020 189
1888030 189
1888040 189
1888050 192
1888060 192
1888070 196
1888080 200
1888090 200
1888100 203
1888110 206
1888120 206
1888130 209
1888140 210
1888150 210
1888160 210
1888170 210
1888180 210
1888190 205
1888200 204
1888210 204
1888220 204
1888230 203
1888240 203
1888250 202
1888260 202
1888270 202
1888280 201
1888290 200
1888300 200
1888310 199
1888320 198
1888330 198
1888340 196
1888350 195
1888360 195
1888370 194
1888380 194
1888390 194
1888400 192
1888410 191
1888420 191
1888430 190
1888440 188
1888450 188
1888460 187
1888470 186
1888480 186
1888490 185
1888500 185
1888510 185
1888520 182
1888530 181
1888540 181
1888550 180
1888560 180
1888570 180
1888580 179
1888590 179
1888600 179
1888610 178
1888620 178
1888630 178
1888640 178
1888650 178
1888660 178
1888670 177
1888680 177
1888690 177
1888700 177
1888710 176
1888720 176
1888730 176
1888740 176
1888750 176
1888760 175
1888770 174
1888780 174
1888790 174
1888800 174
1888810 174
1888820 174
1888830 173
1888840 173
1888850 172
1888860 172
1888870 172
1888880 172
1888890 171
1888900 171
1888910 171
1888920 171
1888930 171
1888940 171
1888950 171
1888960 171
1888970 170
1888980 170
1888990 170
1889000 170
1889010 169
1889020 169
1889030 168
1889040 167
1889050 167
1889060 168
1889070 168
1889080 168
1889090 169
1889100 169
1889110 169
1889120 169
1889130 168
1889140 168
1889150 168
1889160 168
1889170 168
1889180 168
1889190 167
1889200 167
1889210 167
1889220 167
1889230 167
1889240 167
1889250 167
1889260 167
1889270 167
1889280 167
1889290 167
1889300 167
1889310 167
1889320 167
1889330 166
1889340 166
1889350 166
1889360 166
1889370 166
1889380 166
1889390 165
1889400 165
1889410 165
1889420 165
1889430 165
1889440 165
1889450 165
1889460 165
1889470 165
1889480 165
1889490 165
1889500 165
1889510 165
1889520 165
1889530 165
1889540 165
1889550 165
1889560 165
1889570 165
1889580 165
1889590 165
1889600 165
1889610 164
1889620 164
1889630 164
1889640 164
1889650 164
1889660 164
1889670 164
1889680 164
1889690 163
1889700 163
1889710 163
1889720 163
1889730 163
1889740 163
1889750 163
1889760 162
1889770 162
1889780 162
1889790 162
1889800 161
1889810 161
1889820 161
1889830 161
1889840 161
1889850 161
1889860 160
1889870 160
1889880 160
1889890 160
1889900 160
1889910 160
1889920 159
1889930 159
1889940 159
1889950 159
1889960 159
1889970 159
1889980 159
1889990 159
1890000 159
1890010 158
1890020 158
1890030 158
1890040 158
1890050 158
1890060 158
1890070 157
1890080 157
1890090 157
1890100 157
1890110 157
1890120 157
1890130 156
1890140 156
1890150 156
1890160 156
1890170 156
1890180 156
1890190 156
1890200 156
1890210 156
1890220 156
1890230 156
1890240 156
1890250 156
1890260 156
1890270 156
1890280 156
1890290 156
1890300 156
1890310 157
1890320 157
1890330 157
1890340 158
1890350 158
1890360 158
1890370 158
1890380 158
1890390 159
1890400 159
1890410 159
1890420 159
1890430 159
1890440 159
1890450 159
1890460 159
1890470 159
1890480 159
1890490 159
1890500 159
1890510 158
1890520 158
1890530 158
1890540 158
1890550 158
1890560 158
1890570 158
1890580 158
1890590 158
1890600 158
1890610 158
1890620 158
1890630 158
1890640 158
1890650 158
1890660 157
1890670 157
1890680 157
1890690 157
1890700 157
1890710 157
1890720 157
1890730 157
1890740 157
1890750 156
1890760 156
1890770 156
1890780 156
1890790 156
1890800 156
1890810 156
1890820 155
1890830 155
1890840 155
1890850 155
1890860 155
1890870 155
1890880 155
1890890 155
1890900 155
1890910 155
1890920 155
1890930 155
1890940 155
1890950 155
1890960 155
1890970 155
1890980 155
1890990 155
1891000 155
1891010 155
1891020 154
1891030 154
1891040 154
1891050 154
1891060 154
1891070 154
1891080 154
1891090 154
1891100 154
1891110 154
1891120 154
1891130 154
1891140 154
1891150 154
1891160 154
1891170 153
1891180 153
1891190 153
1891200 153
1891210 153
1891220 153
1891230 152
1891240 152
1891250 152
1891260 152
1891270 152
1891280 152
1891290 151
1891300 151
1891310 151
1891320 151
1891330 151
1891340 151
1891350 150
1891360 150
1891370 150
1891380 150
1891390 149
1891400 149
1891410 149
1891420 149
1891430 149
1891440 149
1891450 148
1891460 148
1891470 148
1891480 149
1891490 149
1891500 148
1891510 148
1891520 148
1891530 148
1891540 148
1891550 148
1891560 148
1891570 148
1891580 148
1891590 148
1891600 148
1891610 148
1891620 148
1891630 149
1891640 149
1891650 149
1891660 149
1891670 149
1891680 149
1891690 149
1891700 149
1891710 148
1891720 148
1891730 148
1891740 148
1891750 148
1891760 148
1891770 148
1891780 148
1891790 148
1891800 148
1891810 148
1891820 148
1891830 149
1891840 149
1891850 149
1891860 149
1891870 149
1891880 149
1891890 150
1891900 150
1891910 150
1891920 150
1891930 150
1891940 150
1891950 150
1891960 151
1891970 151
1891980 151
1891990 151
1892000 151
1892010 151
1892020 151
1892030 151
1892040 152
1892050 152
1892060 152
1892070 152
1892080 152
1892090 152
1892100 152
1892110 152
1892120 152
1892130 152
1892140 152
1892150 152
1892160 152
1892170 152
1892180 152
1892190 152
1892200 152
1892210 152
1892220 151
1892230 151
1892240 151
1892250 151
1892260 151
1892270 151
1892280 151
1892290 151
1892300 151
1892310 151
1892320 151
1892330 151
1892340 150
1892350 150
1892360 150
1892370 150
1892380 150
1892390 150
1892400 150
1892410 150
1892420 150
1892430 150
1892440 149
1892450 149
1892460 149
1892470 149
1892480 149
1892490 149
1892500 149
1892510 149
1892520 149
1892530 149
1892540 149
1892550 149
1892560 148
1892570 148
1892580 148
1892590 148
1892600 148
1892610 148
1892620 147
1892630 147
1892640 147
1892650 147
1892660 147
1892670 147
1892680 147
1892690 147
1892700 146
1892710 146
1892720 146
1892730 146
1892740 146
1892750 146
1892760 146
1892770 145
1892780 145
1892790 145
1892800 145
1892810 145
1892820 145
1892830 145
1892840 145
1892850 145
1892860 145
1892870 145
1892880 145
1892890 144
1892900 144
1892910 144
1892920 144
1892930 144
1892940 144
1892950 144
1892960 144
1892970 144
1892980 144
1892990 144
1893000 143
1893010 143
1893020 143
1893030 143
1893040 143
1893050 143
1893060 143
1893070 143
1893080 143
1893090 143
1893100 142
1893110 142
1893120 143
1893130 143
1893140 143
1893150 143
1893160 143
1893170 143
1893180 143
1893190 142
1893200 142
1893210 142
1893220 142
1893230 142
1893240 142
1893250 142
1893260 141
1893270 141
1893280 141
1893290 140
1893300 140
1893310 139
1893320 139
1893330 139
1893340 139
1893350 139
1893360 139
1893370 138
1893380 138
1893390 138
1893400 138
1893410 139
1893420 139
1893430 140
1893440 140
1893450 140
1893460 139
1893470 139
1893480 139
1893490 139
1893500 138
1893510 138
1893520 138
1893530 138
1893540 138
1893550 138
1893560 138
1893570 138
1893580 138
1893590 138
1893600 138
1893610 138
1893620 138
1893630 138
1893640 138
1893650 138
1893660 138
1893670 138
1893680 138
1893690 138
1893700 138
1893710 138
1893720 138
1893730 138
1893740 138
1893750 138
1893760 139
1893770 139
1893780 139
1893790 139
1893800 140
1893810 140
1893820 140
1893830 140
1893840 140
1893850 140
1893860 139
1893870 139
1893880 139
1893890 139
1893900 139
1893910 139
1893920 139
1893930 139
1893940 138
1893950 138
1893960 138
1893970 138
1893980 138
1893990 138
1894000 138
1894010 138
1894020 138
1894030 138
1894040 138
1894050 138
1894060 138
1894070 138
1894080 138
1894090 138
1894100 138
1894110 138
1894120 137
1894130 136
1894140 136
1894150 137
1894160 138
1894170 138
1894180 138
1894190 137
1894200 137
1894210 138
1894220 138
1894230 138
1894240 138
1894250 138
1894260 138
1894270 138
1894280 138
1894290 138
1894300 137
1894310 138
1894320 138
1894330 138
1894340 137
1894350 137
1894360 137
1894370 138
1894380 138
1894390 139
1894400 139
1894410 139
1894420 139
1894430 140
1894440 140
1894450 140
1894460 140
1894470 140
1894480 140
1894490 140
1894500 140
1894510 140
1894520 140
1894530 140
1894540 140
1894550 140
1894560 140
1894570 140
1894580 140
1894590 140
1894600 140
1894610 140
1894620 140
1894630 140
1894640 140
1894650 140
1894660 140
1894670 140
1894680 140
1894690 139
1894700 139
1894710 139
1894720 139
1894730 139
1894740 139
1894750 139
1894760 139
1894770 139
1894780 139
1894790 138
1894800 138
1894810 138
1894820 139
1894830 139
1894840 139
1894850 138
1894860 138
1894870 138
1894880 138
1894890 138
1894900 138
1894910 138
1894920 138
1894930 138
1894940 138
1894950 138
1894960 138
1894970 138
1894980 138
1894990 138
1895000 139
1895010 139
1895020 139
1895030 139
1895040 139
1895050 138
1895060 138
1895070 138
1895080 138
1895090 138
1895100 138
1895110 138
1895120 139
1895130 139
1895140 138
1895150 139
1895160 139
1895170 139
1895180 139
1895190 139
1895200 139
1895210 139
1895220 139
1895230 139
1895240 139
1895250 139
1895260 139
1895270 139
1895280 139
1895290 139
1895300 139
1895310 139
1895320 139
1895330 139
1895340 139
1895350 139
1895360 139
1895370 139
1895380 139
1895390 139
1895400 139
1895410 139
1895420 138
1895430 138
1895440 138
1895450 138
1895460 138
1895470 138
1895480 138
1895490 138
1895500 138
1895510 138
1895520 138
1895530 138
1895540 138
1895550 138
1895560 138
1895570 138
1895580 138
1895590 138
1895600 138
1895610 138
1895620 138
1895630 138
1895640 138
1895650 138
1895660 138
1895670 138
1895680 138
1895690 139
1895700 139
1895710 139
1895720 139
1895730 139
1895740 139
1895750 139
1895760 139
1895770 139
1895780 139
1895790 139
1895800 139
1895810 139
1895820 139
1895830 139
1895840 139
1895850 139
1895860 138
1895870 138
1895880 138
1895890 138
1895900 138
1895910 138
1895920 138
1895930 138
1895940 138
1895950 138
1895960 138
1895970 138
1895980 138
1895990 138
1896000 138
1896010 138
1896020 138
1896030 138
1896040 138
1896050 138
1896060 138
1896070 138
1896080 138
1896090 138
1896100 138
1896110 138
1896120 138
1896130 138
1896140 137
1896150 137
1896160 136
1896170 137
1896180 137
1896190 137
1896200 138
1896210 138
1896220 138
1896230 138
1896240 138
1896250 138
1896260 138
1896270 138
1896280 138
1896290 138
1896300 138
1896310 138
1896320 138
1896330 138
1896340 138
1896350 138
1896360 138
1896370 138
1896380 138
1896390 138
1896400 138
1896410 138
1896420 138
1896430 138
1896440 138
1896450 138
1896460 138
1896470 138
1896480 138
1896490 138
1896500 137
1896510 137
1896520 137
1896530 137
1896540 137
1896550 137
1896560 137
1896570 136
1896580 136
1896590 136
1896600 137
1896610 137
1896620 137
1896630 138
1896640 138
1896650 137
1896660 137
1896670 137
1896680 137
1896690 137
1896700 137
1896710 137
1896720 137
1896730 137
1896740 137
1896750 137
1896760 137
1896770 137
1896780 137
1896790 137
1896800 139
1896810 140
1896820 140
1896830 140
1896840 140
1896850 140
1896860 140
1896870 139
1896880 139
1896890 139
1896900 139
1896910 139
1896920 139
1896930 139
1896940 139
1896950 139
1896960 139
1896970 139
1896980 139
1896990 139
1897000 139
1897010 139
1897020 139
1897030 139
1897040 139
1897050 139
1897060 139
1897070 139
1897080 139
1897090 139
1897100 139
1897110 139
1897120 139
1897130 139
1897140 139
1897150 139
1897160 139
1897170 139
1897180 139
1897190 139
1897200 139
1897210 139
1897220 139
1897230 139
1897240 139
1897250 139
1897260 139
1897270 139
1897280 139
1897290 139
1897300 139
1897310 139
1897320 139
1897330 139
1897340 139
1897350 139
1897360 139
1897370 139
1897380 138
1897390 139
1897400 139
1897410 139
1897420 139
1897430 139
1897440 139
1897450 139
1897460 139
1897470 139
1897480 139
1897490 138
1897500 138
1897510 138
1897520 138
1897530 138
1897540 138
1897550 138
1897560 138
1897570 138
1897580 138
1897590 138
1897600 138
1897610 138
1897620 138
1897630 138
1897640 138
1897650 138
1897660 138
1897670 138
1897680 138
1897690 138
1897700 137
1897710 138
1897720 138
1897730 137
1897740 137
1897750 137
1897760 137
1897770 138
1897780 138
1897790 137
1897800 137
1897810 137
1897820 138
1897830 138
1897840 138
1897850 138
1897860 138
1897870 138
1897880 138
1897890 138
1897900 138
1897910 138
1897920 138
1897930 138
1897940 138
1897950 138
1897960 138
1897970 139
1897980 138
1897990 138
1898000 138
1898010 138
1898020 138
1898030 138
1898040 138
1898050 138
1898060 138
1898070 138
1898080 138
1898090 138
1898100 139
1898110 139
1898120 139
1898130 139
1898140 139
1898150 139
1898160 139
1898170 139
1898180 139
1898190 139
1898200 139
1898210 138
1898220 138
1898230 138
1898240 139
1898250 139
1898260 139
1898270 139
1898280 138
1898290 138
1898300 138
1898310 138
1898320 138
1898330 138
1898340 138
1898350 138
1898360 138
1898370 137
1898380 137
1898390 137
1898400 137
1898410 137
1898420 137
1898430 137
1898440 137
1898450 137
1898460 137
1898470 137
1898480 137
1898490 137
1898500 137
1898510 137
1898520 137
1898530 137
1898540 137
1898550 137
1898560 137
1898570 137
1898580 137
1898590 137
1898600 137
1898610 137
1898620 137
1898630 137
1898640 137
1898650 137
1898660 137
1898670 137
1898680 137
1898690 137
1898700 137
1898710 137
1898720 137
1898730 137
1898740 137
1898750 137
1898760 137
1898770 137
1898780 137
1898790 137
1898800 137
1898810 137
1898820 137
1898830 137
1898840 137
1898850 137
1898860 137
1898870 137
1898880 137
1898890 137
1898900 137
1898910 137
1898920 137
1898930 136
1898940 136
1898950 136
1898960 135
1898970 136
1898980 136
1898990 137
1899000 137
1899010 137
1899020 136
1899030 137
1899040 137
1899050 138
1899060 138
1899070 138
1899080 137
1899090 137
1899100 137
1899110 137
1899120 137
1899130 137
1899140 136
1899150 136
1899160 136
1899170 137
1899180 137
1899190 137
1899200 138
1899210 138
1899220 138
1899230 138
1899240 138
1899250 138
1899260 138
1899270 137
1899280 137
1899290 137
1899300 137
1899310 137
1899320 137
1899330 137
1899340 137
1899350 137
1899360 137
1899370 137
1899380 137
1899390 137
1899400 137
