1880000 141
1880010 141
1880020 141
1880030 141
1880040 141
1880050 141
1880060 141
1880070 141
1880080 141
1880090 141
1880100 141
1880110 141
1880120 141
1880130 141
1880140 141
1880150 141
1880160 141
1880170 141
1880180 141
1880190 141
1880200 141
1880210 141
1880220 141
1880230 141
1880240 141
1880250 141
1880260 141
1880270 141
1880280 141
1880290 141
1880300 141
1880310 141
1880320 141
1880330 141
1880340 141
1880350 141
1880360 141
1880370 141
1880380 141
1880390 141
1880400 141
1880410 141
1880420 141
1880430 141
1880440 141
1880450 141
1880460 141
1880470 141
1880480 141
1880490 141
1880500 141
1880510 141
1880520 141
1880530 141
1880540 141
1880550 141
1880560 141
1880570 141
1880580 141
1880590 141
1880600 141
1880610 142
1880620 142
1880630 142
1880640 143
1880650 143
1880660 143
1880670 143
1880680 143
1880690 143
1880700 142
1880710 142
1880720 143
1880730 143
1880740 143
1880750 143
1880760 143
1880770 143
1880780 143
1880790 143
1880800 143
1880810 143
1880820 143
1880830 143
1880840 142
1880850 141
1880860 141
1880870 141
1880880 141
1880890 141
1880900 141
1880910 142
1880920 142
1880930 141
1880940 142
1880950 142
1880960 142
1880970 143
1880980 143
1880990 143
1881000 142
1881010 142
1881020 142
1881030 142
1881040 142
1881050 142
1881060 143
1881070 143
1881080 143
1881090 143
1881100 143
1881110 142
1881120 142
1881130 142
1881140 141
1881150 141
1881160 141
1881170 141
1881180 141
1881190 141
1881200 141
1881210 141
1881220 141
1881230 141
1881240 141
1881250 141
1881260 141
1881270 141
1881280 141
1881290 141
1881300 142
1881310 142
1881320 142
1881330 142
1881340 142
1881350 143
1881360 142
1881370 142
1881380 142
1881390 143
1881400 143
1881410 145
1881420 145
1881430 145
1881440 145
1881450 145
1881460 145
1881470 145
1881480 145
1881490 145
1881500 148
1881510 149
1881520 149
1881530 149
1881540 149
1881550 149
1881560 148
1881570 148
1881580 148
1881590 148
1881600 148
1881610 148
1881620 148
1881630 148
1881640 148
1881650 148
1881660 148
1881670 148
1881680 147
1881690 147
1881700 147
1881710 145
1881720 145
1881730 145
1881740 144
1881750 143
1881760 143
1881770 144
1881780 145
1881790 145
1881800 145
1881810 145
1881820 145
1881830 146
1881840 146
1881850 146
1881860 146
1881870 147
1881880 147
1881890 147
1881900 147
1881910 147
1881920 148
1881930 149
1881940 150
1881950 154
1881960 155
1881970 155
1881980 158
1881990 160
1882000 160
1882010 162
1882020 164
1882030 164
1882040 166
1882050 167
1882060 167
1882070 168
1882080 170
1882090 170
1882100 171
1882110 172
1882120 172
1882130 173
1882140 173
1882150 173
1882160 173
1882170 174
1882180 174
1882190 174
1882200 175
1882210 175
1882220 175
1882230 175
1882240 173
1882250 173
1882260 173
1882270 174
1882280 174
1882290 176
1882300 177
1882310 177
1882320 177
1882330 177
1882340 177
1882350 179
1882360 180
1882370 180
1882380 180
1882390 180
1882400 180
1882410 178
1882420 176
1882430 176
1882440 175
1882450 173
1882460 173
1882470 171
1882480 171
1882490 171
1882500 173
1882510 179
1882520 179
1882530 181
1882540 185
1882550 185
1882560 191
1882570 197
1882580 197
1882590 200
1882600 202
1882610 202
1882620 203
1882630 198
1882640 198
1882650 191
1882660 189
1882670 189
1882680 196
1882690 202
1882700 202
1882710 210
1882720 215
1882730 215
1882740 215
1882750 215
1882760 215
1882770 215
1882780 215
1882790 215
1882800 216
1882810 216
1882820 216
1882830 216
1882840 216
1882850 216
1882860 214
1882870 214
1882880 214
1882890 208
1882900 203
1882910 204
1882920 199
1882930 198
1882940 198
1882950 198
1882960 197
1882970 197
1882980 197
1882990 198
1883000 198
1883010 201
1883020 200
1883030 200
1883040 199
1883050 199
1883060 199
1883070 198
1883080 197
1883090 197
1883100 197
1883110 197
1883120 197
1883130 198
1883140 197
1883150 197
1883160 200
1883170 204
1883180 204
1883190 204
1883200 205
1883210 205
1883220 220
1883230 232
1883240 233
1883250 239
1883260 245
1883270 245
1883280 245
1883290 241
1883300 241
1883310 236
1883320 234
1883330 234
1883340 234
1883350 238
1883360 238
1883370 242
1883380 242
1883390 242
1883400 239
1883410 234
1883420 234
1883430 229
1883440 225
1883450 225
1883460 230
1883470 236
1883480 236
1883490 242
1883500 242
1883510 242
1883520 239
1883530 236
1883540 236
1883550 233
1883560 226
1883570 226
1883580 223
1883590 220
1883600 220
1883610 219
1883620 218
1883630 218
1883640 218
1883650 217
1883660 217
1883670 216
1883680 214
1883690 214
1883700 212
1883710 213
1883720 213
1883730 216
1883740 217
1883750 217
1883760 216
1883770 216
1883780 216
1883790 215
1883800 215
1883810 215
1883820 214
1883830 212
1883840 212
1883850 209
1883860 207
1883870 207
1883880 204
1883890 201
1883900 201
1883910 202
1883920 201
1883930 201
1883940 199
1883950 197
1883960 197
1883970 195
1883980 194
1883990 194
1884000 193
1884010 193
1884020 193
1884030 192
1884040 192
1884050 192
1884060 192
1884070 192
1884080 192
1884090 192
1884100 192
1884110 192
1884120 192
1884130 193
1884140 193
1884150 194
1884160 195
1884170 195
1884180 196
1884190 197
1884200 197
1884210 197
1884220 198
1884230 198
1884240 200
1884250 201
1884260 201
1884270 201
1884280 202
1884290 202
1884300 202
1884310 203
1884320 203
1884330 204
1884340 204
1884350 204
1884360 205
1884370 206
1884380 206
1884390 207
1884400 209
1884410 209
1884420 210
1884430 211
1884440 211
1884450 212
1884460 213
1884470 213
1884480 216
1884490 218
1884500 218
1884510 218
1884520 219
1884530 218
1884540 219
1884550 220
1884560 220
1884570 221
1884580 221
1884590 221
1884600 222
1884610 222
1884620 222
1884630 223
1884640 225
1884650 225
1884660 227
1884670 228
1884680 228
1884690 231
1884700 235
1884710 235
1884720 239
1884730 242
1884740 242
1884750 246
1884760 249
1884770 249
1884780 253
1884790 257
1884800 257
1884810 261
1884820 266
1884830 266
1884840 271
1884850 276
1884860 274
1884870 279
1884880 285
1884890 285
1884900 290
1884910 295
1884920 295
1884930 300
1884940 306
1884950 306
1884960 311
1884970 317
1884980 317
1884990 322
1885000 324
1885010 324
1885020 328
1885030 329
1885040 329
1885050 324
1885060 322
1885070 322
1885080 321
1885090 320
1885100 320
1885110 324
1885120 331
1885130 331
1885140 343
1885150 352
1885160 352
1885170 354
1885180 347
1885190 347
1885200 354
1885210 362
1885220 362
1885230 369
1885240 376
1885250 376
1885260 381
1885270 385
1885280 385
1885290 391
1885300 396
1885310 396
1885320 402
1885330 407
1885340 407
1885350 411
1885360 415
1885370 415
1885380 418
1885390 420
1885400 422
1885410 422
1885420 423
1885430 424
1885440 424
1885450 425
1885460 425
1885470 425
1885480 425
1885490 425
1885500 424
1885510 423
1885520 422
1885530 422
1885540 421
1885550 421
1885560 421
1885570 420
1885580 419
1885590 419
1885600 417
1885610 416
1885620 416
1885630 414
1885640 412
1885650 412
1885660 409
1885670 406
1885680 406
1885690 403
1885700 401
1885710 401
1885720 398
1885730 395
1885740 395
1885750 392
1885760 388
1885770 388
1885780 383
1885790 377
1885800 377
1885810 371
1885820 366
1885830 364
1885840 358
1885850 353
1885860 353
1885870 349
1885880 344
1885890 344
1885900 341
1885910 337
1885920 337
1885930 333
1885940 330
1885950 330
1885960 326
1885970 322
1885980 322
1885990 318
1886000 315
1886010 315
1886020 311
1886030 307
1886040 307
1886050 304
1886060 301
1886070 301
1886080 299
1886090 297
1886100 297
1886110 296
1886120 295
1886130 295
1886140 294
1886150 290
1886160 290
1886170 288
1886180 286
1886190 286
1886200 284
1886210 283
1886220 283
1886230 281
1886240 279
1886250 279
1886260 277
1886270 275
1886280 275
1886290 274
1886300 272
1886310 272
1886320 271
1886330 270
1886340 270
1886350 268
1886360 267
1886370 267
1886380 266
1886390 264
1886400 264
1886410 263
1886420 262
1886430 262
1886440 261
1886450 260
1886460 260
1886470 258
1886480 257
1886490 257
1886500 255
1886510 254
1886520 254
1886530 252
1886540 249
1886550 249
1886560 248
1886570 248
1886580 248
1886590 247
1886600 246
1886610 246
1886620 245
1886630 244
1886640 244
1886650 245
1886660 245
1886670 245
1886680 245
1886690 245
1886700 245
1886710 246
1886720 246
1886730 246
1886740 246
1886750 246
1886760 246
1886770 246
1886780 247
1886790 245
1886800 243
1886810 243
1886820 243
1886830 242
1886840 240
1886850 240
1886860 241
1886870 245
1886880 245
1886890 249
1886900 252
1886910 252
1886920 254
1886930 256
1886940 256
1886950 257
1886960 258
1886970 258
1886980 258
1886990 258
1887000 258
1887010 257
1887020 256
1887030 256
1887040 256
1887050 255
1887060 255
1887070 254
1887080 252
1887090 252
1887100 250
1887110 248
1887120 248
1887130 245
1887140 243
1887150 243
1887160 240
1887170 237
1887180 237
1887190 234
1887200 228
1887210 228
1887220 226
1887230 226
1887240 226
1887250 225
1887260 224
1887270 224
1887280 223
1887290 222
1887300 222
1887310 221
1887320 220
1887330 220
1887340 219
1887350 218
1887360 218
1887370 218
1887380 217
1887390 217
1887400 217
1887410 216
1887420 216
1887430 215
1887440 214
1887450 214
1887460 214
1887470 213
1887480 213
1887490 213
1887500 213
1887510 213
1887520 212
1887530 211
1887540 211
1887550 210
1887560 210
1887570 210
1887580 210
1887590 209
1887600 209
1887610 209
1887620 210
1887630 210
1887640 212
1887650 214
1887660 214
1887670 216
1887680 217
1887690 217
1887700 217
1887710 218
1887720 218
1887730 217
1887740 215
1887750 215
1887760 211
1887770 209
1887780 209
1887790 208
1887800 205
1887810 205
1887820 203
1887830 201
1887840 201
1887850 199
1887860 198
1887870 198
1887880 197
1887890 196
1887900 196
1887910 195
1887920 194
1887930 194
1887940 194
1887950 194
1887960 194
1887970 194
1887980 193
1887990 193
1888000 195
1888010 201
1888020 201
1888030 209
1888040 216
1888050 216
1888060 222
1888070 226
1888080 224
1888090 227
1888100 229
1888110 229
1888120 233
1888130 238
1888140 238
1888150 242
1888160 246
1888170 246
1888180 250
1888190 253
1888200 253
1888210 255
1888220 258
1888230 258
1888240 259
1888250 261
1888260 261
1888270 262
1888280 263
1888290 263
1888300 263
1888310 262
1888320 262
1888330 261
1888340 257
1888350 257
1888360 252
1888370 249
1888380 249
1888390 247
1888400 242
1888410 242
1888420 244
1888430 243
1888440 243
1888450 242
1888460 241
1888470 241
1888480 239
1888490 238
1888500 238
1888510 236
1888520 234
1888530 234
1888540 232
1888550 231
1888560 231
1888570 228
1888580 226
1888590 226
1888600 224
1888610 220
1888620 220
1888630 215
1888640 210
1888650 210
1888660 206
1888670 203
1888680 203
1888690 203
1888700 207
1888710 211
1888720 208
1888730 211
1888740 213
1888750 213
1888760 215
1888770 216
1888780 216
1888790 215
1888800 214
1888810 214
1888820 214
1888830 212
1888840 212
1888850 211
1888860 209
1888870 209
1888880 207
1888890 205
1888900 205
1888910 204
1888920 202
1888930 202
1888940 200
1888950 198
1888960 198
1888970 197
1888980 195
1888990 195
1889000 194
1889010 192
1889020 192
1889030 190
1889040 185
1889050 185
1889060 184
1889070 183
1889080 183
1889090 183
1889100 182
1889110 182
1889120 181
1889130 180
1889140 180
1889150 179
1889160 178
1889170 178
1889180 177
1889190 176
1889200 176
1889210 176
1889220 175
1889230 175
1889240 174
1889250 174
1889260 174
1889270 173
1889280 173
1889290 173
1889300 172
1889310 172
1889320 172
1889330 171
1889340 171
1889350 171
1889360 170
1889370 170
1889380 170
1889390 169
1889400 169
1889410 169
1889420 169
1889430 169
1889440 169
1889450 169
1889460 168
1889470 168
1889480 168
1889490 168
1889500 168
1889510 168
1889520 168
1889530 168
1889540 168
1889550 168
1889560 168
1889570 168
1889580 168
1889590 168
1889600 168
1889610 168
1889620 168
1889630 168
1889640 168
1889650 168
1889660 168
1889670 167
1889680 167
1889690 167
1889700 166
1889710 166
1889720 166
1889730 166
1889740 166
1889750 166
1889760 165
1889770 165
1889780 165
1889790 165
1889800 165
1889810 164
1889820 164
1889830 164
1889840 164
1889850 163
1889860 163
1889870 163
1889880 163
1889890 163
1889900 163
1889910 163
1889920 163
1889930 162
1889940 162
1889950 162
1889960 162
1889970 161
1889980 161
1889990 161
1890000 161
1890010 161
1890020 160
1890030 160
1890040 160
1890050 160
1890060 160
1890070 160
1890080 160
1890090 160
1890100 160
1890110 160
1890120 160
1890130 160
1890140 160
1890150 160
1890160 160
1890170 161
1890180 161
1890190 161
1890200 161
1890210 162
1890220 162
1890230 162
1890240 162
1890250 162
1890260 162
1890270 163
1890280 163
1890290 163
1890300 163
1890310 163
1890320 163
1890330 163
1890340 163
1890350 163
1890360 163
1890370 163
1890380 163
1890390 163
1890400 163
1890410 163
1890420 163
1890430 163
1890440 163
1890450 163
1890460 163
1890470 163
1890480 163
1890490 163
1890500 163
1890510 163
1890520 163
1890530 163
1890540 162
1890550 162
1890560 162
1890570 162
1890580 162
1890590 162
1890600 162
1890610 162
1890620 162
1890630 161
1890640 161
1890650 161
1890660 161
1890670 161
1890680 161
1890690 160
1890700 160
1890710 160
1890720 160
1890730 160
1890740 160
1890750 160
1890760 160
1890770 160
1890780 159
1890790 159
1890800 159
1890810 159
1890820 159
1890830 159
1890840 159
1890850 159
1890860 159
1890870 158
1890880 158
1890890 158
1890900 158
1890910 158
1890920 158
1890930 158
1890940 158
1890950 158
1890960 157
1890970 157
1890980 157
1890990 157
1891000 157
1891010 157
1891020 157
1891030 157
1891040 157
1891050 156
1891060 156
1891070 156
1891080 156
1891090 156
1891100 156
1891110 156
1891120 156
1891130 156
1891140 155
1891150 155
1891160 155
1891170 155
1891180 155
1891190 155
1891200 155
1891210 155
1891220 155
1891230 155
1891240 155
1891250 155
1891260 154
1891270 154
1891280 154
1891290 154
1891300 154
1891310 154
1891320 154
1891330 154
1891340 153
1891350 153
1891360 153
1891370 153
1891380 153
1891390 153
1891400 153
1891410 153
1891420 153
1891430 153
1891440 153
1891450 153
1891460 153
1891470 153
1891480 153
1891490 153
1891500 153
1891510 153
1891520 154
1891530 154
1891540 154
1891550 154
1891560 153
1891570 153
1891580 153
1891590 153
1891600 153
1891610 153
1891620 153
1891630 153
1891640 153
1891650 153
1891660 153
1891670 153
1891680 153
1891690 153
1891700 153
1891710 152
1891720 152
1891730 152
1891740 152
1891750 152
1891760 152
1891770 152
1891780 152
1891790 152
1891800 152
1891810 152
1891820 152
1891830 152
1891840 152
1891850 152
1891860 152
1891870 152
1891880 152
1891890 152
1891900 152
1891910 152
1891920 152
1891930 152
1891940 152
1891950 152
1891960 152
1891970 152
1891980 152
1891990 153
1892000 153
1892010 153
1892020 153
1892030 153
1892040 153
1892050 153
1892060 153
1892070 153
1892080 154
1892090 154
1892100 154
1892110 154
1892120 154
1892130 154
1892140 154
1892150 154
1892160 154
1892170 154
1892180 154
1892190 154
1892200 154
1892210 154
1892220 154
1892230 154
1892240 154
1892250 154
1892260 154
1892270 154
1892280 153
1892290 153
1892300 153
1892310 153
1892320 152
1892330 152
1892340 152
1892350 152
1892360 152
1892370 151
1892380 151
1892390 151
1892400 150
1892410 150
1892420 150
1892430 150
1892440 150
1892450 150
1892460 149
1892470 149
1892480 149
1892490 149
1892500 149
1892510 149
1892520 148
1892530 148
1892540 148
1892550 148
1892560 148
1892570 148
1892580 148
1892590 148
1892600 148
1892610 148
1892620 148
1892630 148
1892640 148
1892650 148
1892660 148
1892670 148
1892680 148
1892690 148
1892700 148
1892710 148
1892720 148
1892730 148
1892740 148
1892750 148
1892760 149
1892770 149
1892780 149
1892790 149
1892800 149
1892810 149
1892820 149
1892830 149
1892840 149
1892850 150
1892860 150
1892870 150
1892880 150
1892890 149
1892900 149
1892910 150
1892920 150
1892930 150
1892940 150
1892950 150
1892960 150
1892970 150
1892980 150
1892990 150
1893000 150
1893010 150
1893020 150
1893030 150
1893040 150
1893050 150
1893060 150
1893070 150
1893080 150
1893090 150
1893100 150
1893110 150
1893120 150
1893130 150
1893140 150
1893150 150
1893160 150
1893170 150
1893180 149
1893190 150
1893200 150
1893210 149
1893220 149
1893230 149
1893240 149
1893250 149
1893260 149
1893270 149
1893280 148
1893290 148
1893300 147
1893310 147
1893320 147
1893330 147
1893340 146
1893350 146
1893360 146
1893370 146
1893380 146
1893390 146
1893400 146
1893410 146
1893420 146
1893430 146
1893440 146
1893450 145
1893460 144
1893470 144
1893480 143
1893490 143
1893500 142
1893510 142
1893520 142
1893530 142
1893540 141
1893550 140
1893560 140
1893570 139
1893580 138
1893590 138
1893600 138
1893610 138
1893620 138
1893630 137
1893640 138
1893650 138
1893660 139
1893670 139
1893680 139
1893690 139
1893700 139
1893710 139
1893720 139
1893730 139
1893740 139
1893750 139
1893760 138
1893770 138
1893780 138
1893790 138
1893800 138
1893810 138
1893820 138
1893830 138
1893840 138
1893850 138
1893860 138
1893870 138
1893880 138
1893890 138
1893900 138
1893910 138
1893920 138
1893930 138
1893940 138
1893950 138
1893960 138
1893970 138
1893980 138
1893990 139
1894000 139
1894010 139
1894020 139
1894030 138
1894040 138
1894050 135
1894060 136
1894070 136
1894080 138
1894090 138
1894100 138
1894110 138
1894120 138
1894130 138
1894140 138
1894150 139
1894160 139
1894170 139
1894180 138
1894190 138
1894200 138
1894210 138
1894220 138
1894230 138
1894240 138
1894250 138
1894260 137
1894270 138
1894280 138
1894290 137
1894300 138
1894310 138
1894320 139
1894330 139
1894340 139
1894350 138
1894360 138
1894370 138
1894380 138
1894390 138
1894400 138
1894410 139
1894420 139
1894430 139
1894440 139
1894450 139
1894460 139
1894470 140
1894480 140
1894490 140
1894500 140
1894510 140
1894520 140
1894530 140
1894540 140
1894550 140
1894560 140
1894570 140
1894580 140
1894590 140
1894600 139
1894610 139
1894620 139
1894630 139
1894640 139
1894650 139
1894660 139
1894670 139
1894680 139
1894690 139
1894700 139
1894710 139
1894720 139
1894730 139
1894740 139
1894750 139
1894760 139
1894770 140
1894780 140
1894790 140
1894800 140
1894810 140
1894820 140
1894830 139
1894840 140
1894850 140
1894860 140
1894870 139
1894880 139
1894890 138
1894900 138
1894910 138
1894920 138
1894930 138
1894940 138
1894950 138
1894960 138
1894970 138
1894980 138
1894990 138
1895000 138
1895010 138
1895020 138
1895030 138
1895040 138
1895050 138
1895060 138
1895070 138
1895080 139
1895090 139
1895100 139
1895110 138
1895120 138
1895130 138
1895140 138
1895150 138
1895160 138
1895170 138
1895180 138
1895190 138
1895200 138
1895210 138
1895220 138
1895230 137
1895240 137
1895250 137
1895260 138
1895270 138
1895280 138
1895290 138
1895300 138
1895310 138
1895320 138
1895330 138
1895340 138
1895350 138
1895360 138
1895370 138
1895380 138
1895390 138
1895400 138
1895410 138
1895420 138
1895430 138
1895440 138
1895450 138
1895460 138
1895470 137
1895480 137
1895490 137
1895500 138
1895510 138
1895520 138
1895530 138
1895540 138
1895550 138
1895560 138
1895570 138
1895580 138
1895590 138
1895600 138
1895610 138
1895620 138
1895630 139
1895640 139
1895650 138
1895660 138
1895670 138
1895680 138
1895690 138
1895700 138
1895710 138
1895720 138
1895730 138
1895740 138
1895750 138
1895760 138
1895770 138
1895780 138
1895790 138
1895800 138
1895810 138
1895820 138
1895830 138
1895840 138
1895850 138
1895860 138
1895870 138
1895880 138
1895890 138
1895900 138
1895910 138
1895920 138
1895930 137
1895940 137
1895950 137
1895960 137
1895970 137
1895980 137
1895990 138
1896000 138
1896010 138
1896020 138
1896030 138
1896040 138
1896050 138
1896060 138
1896070 138
1896080 138
1896090 138
1896100 138
1896110 138
1896120 138
1896130 138
1896140 138
1896150 138
1896160 138
1896170 138
1896180 138
1896190 138
1896200 138
1896210 138
1896220 137
1896230 138
1896240 138
1896250 138
1896260 138
1896270 138
1896280 138
1896290 138
1896300 138
1896310 138
1896320 138
1896330 138
1896340 138
1896350 138
1896360 138
1896370 138
1896380 138
1896390 138
1896400 138
1896410 138
1896420 138
1896430 137
1896440 137
1896450 137
1896460 138
1896470 137
1896480 137
1896490 137
1896500 136
1896510 136
1896520 136
1896530 136
1896540 136
1896550 136
1896560 136
1896570 136
1896580 136
1896590 136
1896600 136
1896610 138
1896620 140
1896630 140
1896640 140
1896650 140
1896660 140
1896670 140
1896680 139
1896690 139
1896700 139
1896710 139
1896720 139
1896730 139
1896740 139
1896750 139
1896760 139
1896770 139
1896780 139
1896790 139
1896800 139
1896810 139
1896820 139
1896830 139
1896840 139
1896850 139
1896860 139
1896870 139
1896880 139
1896890 139
1896900 139
1896910 139
1896920 139
1896930 139
1896940 139
1896950 139
1896960 139
1896970 139
1896980 139
1896990 139
1897000 139
1897010 139
1897020 139
1897030 139
1897040 139
1897050 139
1897060 139
1897070 139
1897080 139
1897090 139
1897100 139
1897110 139
1897120 139
1897130 139
1897140 139
1897150 139
1897160 139
1897170 139
1897180 139
1897190 138
1897200 138
1897210 138
1897220 139
1897230 139
1897240 139
1897250 139
1897260 139
1897270 139
1897280 139
1897290 139
1897300 139
1897310 138
1897320 138
1897330 138
1897340 138
1897350 138
1897360 138
1897370 138
1897380 138
1897390 138
1897400 138
1897410 138
1897420 138
1897430 138
1897440 138
1897450 138
1897460 138
1897470 138
1897480 138
1897490 138
1897500 138
1897510 138
1897520 138
1897530 138
1897540 138
1897550 138
1897560 138
1897570 138
1897580 138
1897590 138
1897600 138
1897610 138
1897620 138
1897630 138
1897640 138
1897650 138
1897660 138
1897670 138
1897680 138
1897690 138
1897700 138
1897710 138
1897720 138
1897730 138
1897740 138
1897750 138
1897760 138
1897770 138
1897780 138
1897790 138
1897800 138
1897810 138
1897820 137
1897830 137
1897840 137
1897850 137
1897860 137
1897870 138
1897880 138
1897890 138
1897900 138
1897910 138
1897920 138
1897930 138
1897940 138
1897950 138
1897960 138
1897970 138
1897980 138
1897990 138
1898000 138
1898010 138
1898020 138
1898030 138
1898040 138
1898050 138
1898060 139
1898070 139
1898080 139
1898090 139
1898100 139
1898110 139
1898120 139
1898130 139
1898140 138
1898150 138
1898160 138
1898170 138
1898180 138
1898190 138
1898200 138
1898210 138
1898220 137
1898230 137
1898240 137
1898250 137
1898260 137
1898270 137
1898280 137
1898290 137
1898300 137
1898310 137
1898320 137
1898330 137
1898340 137
1898350 137
1898360 137
1898370 137
1898380 138
1898390 138
1898400 138
1898410 138
1898420 138
1898430 138
1898440 138
1898450 138
1898460 138
1898470 138
1898480 138
1898490 138
1898500 138
1898510 138
1898520 138
1898530 137
1898540 138
1898550 138
1898560 138
1898570 138
1898580 138
1898590 138
1898600 138
1898610 138
1898620 138
1898630 138
1898640 138
1898650 138
1898660 138
1898670 138
1898680 138
1898690 138
1898700 138
1898710 138
1898720 138
1898730 138
1898740 138
1898750 138
1898760 138
1898770 138
1898780 138
1898790 138
1898800 138
1898810 137
1898820 137
1898830 137
1898840 137
1898850 137
1898860 137
1898870 136
1898880 136
1898890 136
1898900 137
1898910 137
1898920 137
1898930 137
1898940 137
1898950 137
1898960 137
1898970 137
1898980 137
1898990 137
1899000 137
1899010 137
1899020 136
1899030 136
1899040 136
1899050 137
1899060 136
1899070 136
1899080 136
1899090 136
1899100 136
1899110 137
1899120 136
1899130 136
1899140 137
1899150 137
1899160 137
1899170 137
1899180 137
1899190 137
1899200 137
1899210 137
1899220 137
1899230 137
1899240 137
1899250 137
1899260 137
1899270 137
1899280 137
1899290 138
1899300 137
1899310 137
1899320 137
1899330 137
1899340 137
1899350 137
1899360 136
1899370 136
1899380 136
1899390 136
1899400 136
1899410 136
1899420 135
1899430 135
1899440 135
1899450 135
1899460 135
1880000 141
1880010 141
1880020 141
1880030 141
1880040 141
1880050 141
1880060 141
1880070 141
1880080 141
1880090 141
1880100 141
1880110 141
1880120 141
1880130 141
1880140 141
1880150 141
1880160 141
1880170 141
1880180 141
1880190 141
1880200 141
1880210 141
1880220 141
1880230 141
1880240 141
1880250 141
1880260 141
1880270 141
1880280 141
1880290 141
1880300 141
1880310 141
1880320 141
1880330 141
1880340 141
1880350 141
1880360 141
1880370 141
1880380 141
1880390 141
1880400 141
1880410 141
1880420 141
1880430 141
1880440 141
1880450 141
1880460 141
1880470 141
1880480 141
1880490 141
1880500 141
1880510 141
1880520 141
1880530 141
1880540 141
1880550 141
1880560 141
1880570 141
1880580 141
1880590 141
1880600 141
1880610 142
1880620 142
1880630 142
1880640 143
1880650 143
1880660 143
1880670 143
1880680 143
1880690 143
1880700 142
1880710 142
1880720 143
1880730 143
1880740 143
1880750 143
1880760 143
1880770 143
1880780 143
1880790 143
1880800 143
1880810 143
1880820 143
1880830 143
1880840 142
1880850 141
1880860 141
1880870 141
1880880 141
1880890 141
1880900 141
1880910 142
1880920 142
1880930 141
1880940 142
1880950 142
1880960 142
1880970 143
1880980 143
1880990 143
1881000 142
1881010 142
1881020 142
1881030 142
1881040 142
1881050 142
1881060 143
1881070 143
1881080 143
1881090 143
1881100 143
1881110 142
1881120 142
1881130 142
1881140 141
1881150 141
1881160 141
1881170 141
1881180 141
1881190 141
1881200 141
1881210 141
1881220 141
1881230 141
1881240 141
1881250 141
1881260 141
1881270 141
1881280 141
1881290 141
1881300 142
1881310 142
1881320 142
1881330 142
1881340 142
1881350 143
1881360 142
1881370 142
1881380 142
1881390 143
1881400 143
1881410 145
1881420 145
1881430 145
1881440 145
1881450 145
1881460 145
1881470 145
1881480 145
1881490 145
1881500 148
1881510 149
1881520 149
1881530 149
1881540 149
1881550 149
1881560 148
1881570 148
1881580 148
1881590 148
1881600 148
1881610 148
1881620 148
1881630 148
1881640 148
1881650 148
1881660 148
1881670 148
1881680 147
1881690 147
1881700 147
1881710 145
1881720 145
1881730 145
1881740 144
1881750 143
1881760 143
1881770 144
1881780 145
1881790 145
1881800 145
1881810 145
1881820 145
1881830 146
1881840 146
1881850 146
1881860 146
1881870 147
1881880 147
1881890 147
1881900 147
1881910 147
1881920 148
1881930 149
1881940 150
1881950 154
1881960 155
1881970 155
1881980 158
1881990 160
1882000 160
1882010 162
1882020 164
1882030 164
1882040 166
1882050 167
1882060 167
1882070 168
1882080 170
1882090 170
1882100 171
1882110 172
1882120 172
1882130 173
1882140 173
1882150 173
1882160 173
1882170 174
1882180 174
1882190 174
1882200 175
1882210 175
1882220 175
1882230 175
1882240 173
1882250 173
1882260 173
1882270 174
1882280 174
1882290 176
1882300 177
1882310 177
1882320 177
1882330 177
1882340 177
1882350 179
1882360 180
1882370 180
1882380 180
1882390 180
1882400 180
1882410 178
1882420 176
1882430 176
1882440 175
1882450 173
1882460 173
1882470 171
1882480 171
1882490 171
1882500 173
1882510 179
1882520 179
1882530 181
1882540 185
1882550 185
1882560 191
1882570 197
1882580 197
1882590 200
1882600 202
1882610 202
1882620 203
1882630 198
1882640 198
1882650 191
1882660 189
1882670 189
1882680 196
1882690 202
1882700 202
1882710 210
1882720 215
1882730 215
1882740 215
1882750 215
1882760 215
1882770 215
1882780 215
1882790 215
1882800 216
1882810 216
1882820 216
1882830 216
1882840 216
1882850 216
1882860 214
1882870 214
1882880 214
1882890 208
1882900 203
1882910 204
1882920 199
1882930 198
1882940 198
1882950 198
1882960 197
1882970 197
1882980 197
1882990 198
1883000 198
1883010 201
1883020 200
1883030 200
1883040 199
1883050 199
1883060 199
1883070 198
1883080 197
1883090 197
1883100 197
1883110 197
1883120 197
1883130 198
1883140 197
1883150 197
1883160 200
1883170 204
1883180 204
1883190 204
1883200 205
1883210 205
1883220 220
1883230 232
1883240 233
1883250 239
1883260 245
1883270 245
1883280 245
1883290 241
1883300 241
1883310 236
1883320 234
1883330 234
1883340 234
1883350 238
1883360 238
1883370 242
1883380 242
1883390 242
1883400 239
1883410 234
1883420 234
1883430 229
1883440 225
1883450 225
1883460 230
1883470 236
1883480 236
1883490 242
1883500 242
1883510 242
1883520 239
1883530 236
1883540 236
1883550 233
1883560 226
1883570 226
1883580 223
1883590 220
1883600 220
1883610 219
1883620 218
1883630 218
1883640 218
1883650 217
1883660 217
1883670 216
1883680 214
1883690 214
1883700 212
1883710 213
1883720 213
1883730 216
1883740 217
1883750 217
1883760 216
1883770 216
1883780 216
1883790 215
1883800 215
1883810 215
1883820 214
1883830 212
1883840 212
1883850 209
1883860 207
1883870 207
1883880 204
1883890 201
1883900 201
1883910 202
1883920 201
1883930 201
1883940 199
1883950 197
1883960 197
1883970 195
1883980 194
1883990 194
1884000 193
1884010 193
1884020 193
1884030 192
1884040 192
1884050 192
1884060 192
1884070 192
1884080 192
1884090 192
1884100 192
1884110 192
1884120 192
1884130 193
1884140 193
1884150 194
1884160 195
1884170 195
1884180 196
1884190 197
1884200 197
1884210 197
1884220 198
1884230 198
1884240 200
1884250 201
1884260 201
1884270 201
1884280 202
1884290 202
1884300 202
1884310 203
1884320 203
1884330 204
1884340 204
1884350 204
1884360 205
1884370 206
1884380 206
1884390 207
1884400 209
1884410 209
1884420 210
1884430 211
1884440 211
1884450 212
1884460 213
1884470 213
1884480 216
1884490 218
1884500 218
1884510 218
1884520 219
1884530 218
1884540 219
1884550 220
1884560 220
1884570 221
1884580 221
1884590 221
1884600 222
1884610 222
1884620 222
1884630 223
1884640 225
1884650 225
1884660 227
1884670 228
1884680 228
1884690 231
1884700 235
1884710 235
1884720 239
1884730 242
1884740 242
1884750 246
1884760 249
1884770 249
1884780 253
1884790 257
1884800 257
1884810 261
1884820 266
1884830 266
1884840 271
1884850 276
1884860 274
1884870 279
1884880 285
1884890 285
1884900 290
1884910 295
1884920 295
1884930 300
1884940 306
1884950 306
1884960 311
1884970 317
1884980 317
1884990 322
1885000 324
1885010 324
1885020 328
1885030 329
1885040 329
1885050 324
1885060 322
1885070 322
1885080 321
1885090 320
1885100 320
1885110 324
1885120 331
1885130 331
1885140 343
1885150 352
1885160 352
1885170 354
1885180 347
1885190 347
1885200 354
1885210 362
1885220 362
1885230 369
1885240 376
1885250 376
1885260 381
1885270 385
1885280 385
1885290 391
1885300 396
1885310 396
1885320 402
1885330 407
1885340 407
1885350 411
1885360 415
1885370 415
1885380 418
1885390 420
1885400 422
1885410 422
1885420 423
1885430 424
1885440 424
1885450 425
1885460 425
1885470 425
1885480 425
1885490 425
1885500 424
1885510 423
1885520 422
1885530 422
1885540 421
1885550 421
1885560 421
1885570 420
1885580 419
1885590 419
1885600 417
1885610 416
1885620 416
1885630 414
1885640 412
1885650 412
1885660 409
1885670 406
1885680 406
1885690 403
1885700 401
1885710 401
1885720 398
1885730 395
1885740 395
1885750 392
1885760 388
1885770 388
1885780 383
1885790 377
1885800 377
1885810 371
1885820 366
1885830 364
1885840 358
1885850 353
1885860 353
1885870 349
1885880 344
1885890 344
1885900 341
1885910 337
1885920 337
1885930 333
1885940 330
1885950 330
1885960 326
1885970 322
1885980 322
1885990 318
1886000 315
1886010 315
1886020 311
1886030 307
1886040 307
1886050 304
1886060 301
1886070 301
1886080 299
1886090 297
1886100 297
1886110 296
1886120 295
1886130 295
1886140 294
1886150 290
1886160 290
1886170 288
1886180 286
1886190 286
1886200 284
1886210 283
1886220 283
1886230 281
1886240 279
1886250 279
1886260 277
1886270 275
1886280 275
1886290 274
1886300 272
1886310 272
1886320 271
1886330 270
1886340 270
1886350 268
1886360 267
1886370 267
1886380 266
1886390 264
1886400 264
1886410 263
1886420 262
1886430 262
1886440 261
1886450 260
1886460 260
1886470 258
1886480 257
1886490 257
1886500 255
1886510 254
1886520 254
1886530 252
1886540 249
1886550 249
1886560 248
1886570 248
1886580 248
1886590 247
1886600 246
1886610 246
1886620 245
1886630 244
1886640 244
1886650 245
1886660 245
1886670 245
1886680 245
1886690 245
1886700 245
1886710 246
1886720 246
1886730 246
1886740 246
1886750 246
1886760 246
1886770 246
1886780 247
1886790 245
1886800 243
1886810 243
1886820 243
1886830 242
1886840 240
1886850 240
1886860 241
1886870 245
1886880 245
1886890 249
1886900 252
1886910 252
1886920 254
1886930 256
1886940 256
1886950 257
1886960 258
1886970 258
1886980 258
1886990 258
1887000 258
1887010 257
1887020 256
1887030 256
1887040 256
1887050 255
1887060 255
1887070 254
1887080 252
1887090 252
1887100 250
1887110 248
1887120 248
1887130 245
1887140 243
1887150 243
1887160 240
1887170 237
1887180 237
1887190 234
1887200 228
1887210 228
1887220 226
1887230 226
1887240 226
1887250 225
1887260 224
1887270 224
1887280 223
1887290 222
1887300 222
1887310 221
1887320 220
1887330 220
1887340 219
1887350 218
1887360 218
1887370 218
1887380 217
1887390 217
1887400 217
1887410 216
1887420 216
1887430 215
1887440 214
1887450 214
1887460 214
1887470 213
1887480 213
1887490 213
1887500 213
1887510 213
1887520 212
1887530 211
1887540 211
1887550 210
1887560 210
1887570 210
1887580 210
1887590 209
1887600 209
1887610 209
1887620 210
1887630 210
1887640 212
1887650 214
1887660 214
1887670 216
1887680 217
1887690 217
1887700 217
1887710 218
1887720 218
1887730 217
1887740 215
1887750 215
1887760 211
1887770 209
1887780 209
1887790 208
1887800 205
1887810 205
1887820 203
1887830 201
1887840 201
1887850 199
1887860 198
1887870 198
1887880 197
1887890 196
1887900 196
1887910 195
1887920 194
1887930 194
1887940 194
1887950 194
1887960 194
1887970 194
1887980 193
1887990 193
1888000 195
1888010 201
1888020 201
1888030 209
1888040 216
1888050 216
1888060 222
1888070 226
1888080 224
1888090 227
1888100 229
1888110 229
1888120 233
1888130 238
1888140 238
1888150 242
1888160 246
1888170 246
1888180 250
1888190 253
1888200 253
1888210 255
1888220 258
1888230 258
1888240 259
1888250 261
1888260 261
1888270 262
1888280 263
1888290 263
1888300 263
1888310 262
1888320 262
1888330 261
1888340 257
1888350 257
1888360 252
1888370 249
1888380 249
1888390 247
1888400 242
1888410 242
1888420 244
1888430 243
1888440 243
1888450 242
1888460 241
1888470 241
1888480 239
1888490 238
1888500 238
1888510 236
1888520 234
1888530 234
1888540 232
1888550 231
1888560 231
1888570 228
1888580 226
1888590 226
1888600 224
1888610 220
1888620 220
1888630 215
1888640 210
1888650 210
1888660 206
1888670 203
1888680 203
1888690 203
1888700 207
1888710 211
1888720 208
1888730 211
1888740 213
1888750 213
1888760 215
1888770 216
1888780 216
1888790 215
1888800 214
1888810 214
1888820 214
1888830 212
1888840 212
1888850 211
1888860 209
1888870 209
1888880 207
1888890 205
1888900 205
1888910 204
1888920 202
1888930 202
1888940 200
1888950 198
1888960 198
1888970 197
1888980 195
1888990 195
1889000 194
1889010 192
1889020 192
1889030 190
1889040 185
1889050 185
1889060 184
1889070 183
1889080 183
1889090 183
1889100 182
1889110 182
1889120 181
1889130 180
1889140 180
1889150 179
1889160 178
1889170 178
1889180 177
1889190 176
1889200 176
1889210 176
1889220 175
1889230 175
1889240 174
1889250 174
1889260 174
1889270 173
1889280 173
1889290 173
1889300 172
1889310 172
1889320 172
1889330 171
1889340 171
1889350 171
1889360 170
1889370 170
1889380 170
1889390 169
1889400 169
1889410 169
1889420 169
1889430 169
1889440 169
1889450 169
1889460 168
1889470 168
1889480 168
1889490 168
1889500 168
1889510 168
1889520 168
1889530 168
1889540 168
1889550 168
1889560 168
1889570 168
1889580 168
1889590 168
1889600 168
1889610 168
1889620 168
1889630 168
1889640 168
1889650 168
1889660 168
1889670 167
1889680 167
1889690 167
1889700 166
1889710 166
1889720 166
1889730 166
1889740 166
1889750 166
1889760 165
1889770 165
1889780 165
1889790 165
1889800 165
1889810 164
1889820 164
1889830 164
1889840 164
1889850 163
1889860 163
1889870 163
1889880 163
1889890 163
1889900 163
1889910 163
1889920 163
1889930 162
1889940 162
1889950 162
1889960 162
1889970 161
1889980 161
1889990 161
1890000 161
1890010 161
1890020 160
1890030 160
1890040 160
1890050 160
1890060 160
1890070 160
1890080 160
1890090 160
1890100 160
1890110 160
1890120 160
1890130 160
1890140 160
1890150 160
1890160 160
1890170 161
1890180 161
1890190 161
1890200 161
1890210 162
1890220 162
1890230 162
1890240 162
1890250 162
1890260 162
1890270 163
1890280 163
1890290 163
1890300 163
1890310 163
1890320 163
1890330 163
1890340 163
1890350 163
1890360 163
1890370 163
1890380 163
1890390 163
1890400 163
1890410 163
1890420 163
1890430 163
1890440 163
1890450 163
1890460 163
1890470 163
1890480 163
1890490 163
1890500 163
1890510 163
1890520 163
1890530 163
1890540 162
1890550 162
1890560 162
1890570 162
1890580 162
1890590 162
1890600 162
1890610 162
1890620 162
1890630 161
1890640 161
1890650 161
1890660 161
1890670 161
1890680 161
1890690 160
1890700 160
1890710 160
1890720 160
1890730 160
1890740 160
1890750 160
1890760 160
1890770 160
1890780 159
1890790 159
1890800 159
1890810 159
1890820 159
1890830 159
1890840 159
1890850 159
1890860 159
1890870 158
1890880 158
1890890 158
1890900 158
1890910 158
1890920 158
1890930 158
1890940 158
1890950 158
1890960 157
1890970 157
1890980 157
1890990 157
1891000 157
1891010 157
1891020 157
1891030 157
1891040 157
1891050 156
1891060 156
1891070 156
1891080 156
1891090 156
1891100 156
1891110 156
1891120 156
1891130 156
1891140 155
1891150 155
1891160 155
1891170 155
1891180 155
1891190 155
1891200 155
1891210 155
1891220 155
1891230 155
1891240 155
1891250 155
1891260 154
1891270 154
1891280 154
1891290 154
1891300 154
1891310 154
1891320 154
1891330 154
1891340 153
1891350 153
1891360 153
1891370 153
1891380 153
1891390 153
1891400 153
1891410 153
1891420 153
1891430 153
1891440 153
1891450 153
1891460 153
1891470 153
1891480 153
1891490 153
1891500 153
1891510 153
1891520 154
1891530 154
1891540 154
1891550 154
1891560 153
1891570 153
1891580 153
1891590 153
1891600 153
1891610 153
1891620 153
1891630 153
1891640 153
1891650 153
1891660 153
1891670 153
1891680 153
1891690 153
1891700 153
1891710 152
1891720 152
1891730 152
1891740 152
1891750 152
1891760 152
1891770 152
1891780 152
1891790 152
1891800 152
1891810 152
1891820 152
1891830 152
1891840 152
1891850 152
1891860 152
1891870 152
1891880 152
1891890 152
1891900 152
1891910 152
1891920 152
1891930 152
1891940 152
1891950 152
1891960 152
1891970 152
1891980 152
1891990 153
1892000 153
1892010 153
1892020 153
1892030 153
1892040 153
1892050 153
1892060 153
1892070 153
1892080 154
1892090 154
1892100 154
1892110 154
1892120 154
1892130 154
1892140 154
1892150 154
1892160 154
1892170 154
1892180 154
1892190 154
1892200 154
1892210 154
1892220 154
1892230 154
1892240 154
1892250 154
1892260 154
1892270 154
1892280 153
1892290 153
1892300 153
1892310 153
1892320 152
1892330 152
1892340 152
1892350 152
1892360 152
1892370 151
1892380 151
1892390 151
1892400 150
1892410 150
1892420 150
1892430 150
1892440 150
1892450 150
1892460 149
1892470 149
1892480 149
1892490 149
1892500 149
1892510 149
1892520 148
1892530 148
1892540 148
1892550 148
1892560 148
1892570 148
1892580 148
1892590 148
1892600 148
1892610 148
1892620 148
1892630 148
1892640 148
1892650 148
1892660 148
1892670 148
1892680 148
1892690 148
1892700 148
1892710 148
1892720 148
1892730 148
1892740 148
1892750 148
1892760 149
1892770 149
1892780 149
1892790 149
1892800 149
1892810 149
1892820 149
1892830 149
1892840 149
1892850 150
1892860 150
1892870 150
1892880 150
1892890 149
1892900 149
1892910 150
1892920 150
1892930 150
1892940 150
1892950 150
1892960 150
1892970 150
1892980 150
1892990 150
1893000 150
1893010 150
1893020 150
1893030 150
1893040 150
1893050 150
1893060 150
1893070 150
1893080 150
1893090 150
1893100 150
1893110 150
1893120 150
1893130 150
1893140 150
1893150 150
1893160 150
1893170 150
1893180 149
1893190 150
1893200 150
1893210 149
1893220 149
1893230 149
1893240 149
1893250 149
1893260 149
1893270 149
1893280 148
1893290 148
1893300 147
1893310 147
1893320 147
1893330 147
1893340 146
1893350 146
1893360 146
1893370 146
1893380 146
1893390 146
1893400 146
1893410 146
1893420 146
1893430 146
1893440 146
1893450 145
1893460 144
1893470 144
1893480 143
1893490 143
1893500 142
1893510 142
1893520 142
1893530 142
1893540 141
1893550 140
1893560 140
1893570 139
1893580 138
1893590 138
1893600 138
1893610 138
1893620 138
1893630 137
1893640 138
1893650 138
1893660 139
1893670 139
1893680 139
1893690 139
1893700 139
1893710 139
1893720 139
1893730 139
1893740 139
1893750 139
1893760 138
1893770 138
1893780 138
1893790 138
1893800 138
1893810 138
1893820 138
1893830 138
1893840 138
1893850 138
1893860 138
1893870 138
1893880 138
1893890 138
1893900 138
1893910 138
1893920 138
1893930 138
1893940 138
1893950 138
1893960 138
1893970 138
1893980 138
1893990 139
1894000 139
1894010 139
1894020 139
1894030 138
1894040 138
1894050 135
1894060 136
1894070 136
1894080 138
1894090 138
1894100 138
1894110 138
1894120 138
1894130 138
1894140 138
1894150 139
1894160 139
1894170 139
1894180 138
1894190 138
1894200 138
1894210 138
1894220 138
1894230 138
1894240 138
1894250 138
1894260 137
1894270 138
1894280 138
1894290 137
1894300 138
1894310 138
1894320 139
1894330 139
1894340 139
1894350 138
1894360 138
1894370 138
1894380 138
1894390 138
1894400 138
1894410 139
1894420 139
1894430 139
1894440 139
1894450 139
1894460 139
1894470 140
1894480 140
1894490 140
1894500 140
1894510 140
1894520 140
1894530 140
1894540 140
1894550 140
1894560 140
1894570 140
1894580 140
1894590 140
1894600 139
1894610 139
1894620 139
1894630 139
1894640 139
1894650 139
1894660 139
1894670 139
1894680 139
1894690 139
1894700 139
1894710 139
1894720 139
1894730 139
1894740 139
1894750 139
1894760 139
1894770 140
1894780 140
1894790 140
1894800 140
1894810 140
1894820 140
1894830 139
1894840 140
1894850 140
1894860 140
1894870 139
1894880 139
1894890 138
1894900 138
1894910 138
1894920 138
1894930 138
1894940 138
1894950 138
1894960 138
1894970 138
1894980 138
1894990 138
1895000 138
1895010 138
1895020 138
1895030 138
1895040 138
1895050 138
1895060 138
1895070 138
1895080 139
1895090 139
1895100 139
1895110 138
1895120 138
1895130 138
1895140 138
1895150 138
1895160 138
1895170 138
1895180 138
1895190 138
1895200 138
1895210 138
1895220 138
1895230 137
1895240 137
1895250 137
1895260 138
1895270 138
1895280 138
1895290 138
1895300 138
1895310 138
1895320 138
1895330 138
1895340 138
1895350 138
1895360 138
1895370 138
1895380 138
1895390 138
1895400 138
1895410 138
1895420 138
1895430 138
1895440 138
1895450 138
1895460 138
1895470 137
1895480 137
1895490 137
1895500 138
1895510 138
1895520 138
1895530 138
1895540 138
1895550 138
1895560 138
1895570 138
1895580 138
1895590 138
1895600 138
1895610 138
1895620 138
1895630 139
1895640 139
1895650 138
1895660 138
1895670 138
1895680 138
1895690 138
1895700 138
1895710 138
1895720 138
1895730 138
1895740 138
1895750 138
1895760 138
1895770 138
1895780 138
1895790 138
1895800 138
1895810 138
1895820 138
1895830 138
1895840 138
1895850 138
1895860 138
1895870 138
1895880 138
1895890 138
1895900 138
1895910 138
1895920 138
1895930 137
1895940 137
1895950 137
1895960 137
1895970 137
1895980 137
1895990 138
1896000 138
1896010 138
1896020 138
1896030 138
1896040 138
1896050 138
1896060 138
1896070 138
1896080 138
1896090 138
1896100 138
1896110 138
1896120 138
1896130 138
1896140 138
1896150 138
1896160 138
1896170 138
1896180 138
1896190 138
1896200 138
1896210 138
1896220 137
1896230 138
1896240 138
1896250 138
1896260 138
1896270 138
1896280 138
1896290 138
1896300 138
1896310 138
1896320 138
1896330 138
1896340 138
1896350 138
1896360 138
1896370 138
1896380 138
1896390 138
1896400 138
1896410 138
1896420 138
1896430 137
1896440 137
1896450 137
1896460 138
1896470 137
1896480 137
1896490 137
1896500 136
1896510 136
1896520 136
1896530 136
1896540 136
1896550 136
1896560 136
1896570 136
1896580 136
1896590 136
1896600 136
1896610 138
1896620 140
1896630 140
1896640 140
1896650 140
1896660 140
1896670 140
1896680 139
1896690 139
1896700 139
1896710 139
1896720 139
1896730 139
1896740 139
1896750 139
1896760 139
1896770 139
1896780 139
1896790 139
1896800 139
1896810 139
1896820 139
1896830 139
1896840 139
1896850 139
1896860 139
1896870 139
1896880 139
1896890 139
1896900 139
1896910 139
1896920 139
1896930 139
1896940 139
1896950 139
1896960 139
1896970 139
1896980 139
1896990 139
1897000 139
1897010 139
1897020 139
1897030 139
1897040 139
1897050 139
1897060 139
1897070 139
1897080 139
1897090 139
1897100 139
1897110 139
1897120 139
1897130 139
1897140 139
1897150 139
1897160 139
1897170 139
1897180 139
1897190 138
1897200 138
1897210 138
1897220 139
1897230 139
1897240 139
1897250 139
1897260 139
1897270 139
1897280 139
1897290 139
1897300 139
1897310 138
1897320 138
1897330 138
1897340 138
1897350 138
1897360 138
1897370 138
1897380 138
1897390 138
1897400 138
1897410 138
1897420 138
1897430 138
1897440 138
1897450 138
1897460 138
1897470 138
1897480 138
1897490 138
1897500 138
1897510 138
1897520 138
1897530 138
1897540 138
1897550 138
1897560 138
1897570 138
1897580 138
1897590 138
1897600 138
1897610 138
1897620 138
1897630 138
1897640 138
1897650 138
1897660 138
1897670 138
1897680 138
1897690 138
1897700 138
1897710 138
1897720 138
1897730 138
1897740 138
1897750 138
1897760 138
1897770 138
1897780 138
1897790 138
1897800 138
1897810 138
1897820 137
1897830 137
1897840 137
1897850 137
1897860 137
1897870 138
1897880 138
1897890 138
1897900 138
1897910 138
1897920 138
1897930 138
1897940 138
1897950 138
1897960 138
1897970 138
1897980 138
1897990 138
1898000 138
1898010 138
1898020 138
1898030 138
1898040 138
1898050 138
1898060 139
1898070 139
1898080 139
1898090 139
1898100 139
1898110 139
1898120 139
1898130 139
1898140 138
1898150 138
1898160 138
1898170 138
1898180 138
1898190 138
1898200 138
1898210 138
1898220 137
1898230 137
1898240 137
1898250 137
1898260 137
1898270 137
1898280 137
1898290 137
1898300 137
1898310 137
1898320 137
1898330 137
1898340 137
1898350 137
1898360 137
1898370 137
1898380 138
1898390 138
1898400 138
1898410 138
1898420 138
1898430 138
1898440 138
1898450 138
1898460 138
1898470 138
1898480 138
1898490 138
1898500 138
1898510 138
1898520 138
1898530 137
1898540 138
1898550 138
1898560 138
1898570 138
1898580 138
1898590 138
1898600 138
1898610 138
1898620 138
1898630 138
1898640 138
1898650 138
1898660 138
1898670 138
1898680 138
1898690 138
1898700 138
1898710 138
1898720 138
1898730 138
1898740 138
1898750 138
1898760 138
1898770 138
1898780 138
1898790 138
1898800 138
1898810 137
1898820 137
1898830 137
1898840 137
1898850 137
1898860 137
1898870 136
1898880 136
1898890 136
1898900 137
1898910 137
1898920 137
1898930 137
1898940 137
1898950 137
1898960 137
1898970 137
1898980 137
1898990 137
1899000 137
1899010 137
1899020 136
1899030 136
1899040 136
1899050 137
1899060 136
1899070 136
1899080 136
1899090 136
1899100 136
1899110 137
1899120 136
1899130 136
1899140 137
1899150 137
1899160 137
1899170 137
1899180 137
1899190 137
1899200 137
1899210 137
1899220 137
1899230 137
1899240 137
1899250 137
1899260 137
1899270 137
1899280 137
1899290 138
1899300 137
1899310 137
1899320 137
1899330 137
1899340 137
1899350 137
1899360 136
1899370 136
1899380 136
1899390 136
1899400 136
1899410 136
1899420 135
1899430 135
1899440 135
1899450 135
1899460 135
