1880000 141
1880010 141
1880020 141
1880030 141
1880040 141
1880050 141
1880060 141
1880070 141
1880080 141
1880090 141
1880100 141
1880110 141
1880120 141
1880130 141
1880140 141
1880150 141
1880160 141
1880170 141
1880180 141
1880190 141
1880200 141
1880210 141
1880220 141
1880230 141
1880240 141
1880250 141
1880260 141
1880270 141
1880280 141
1880290 141
1880300 141
1880310 141
1880320 141
1880330 141
1880340 141
1880350 141
1880360 141
1880370 141
1880380 141
1880390 141
1880400 141
1880410 141
1880420 141
1880430 141
1880440 141
1880450 141
1880460 141
1880470 141
1880480 141
1880490 141
1880500 141
1880510 141
1880520 141
1880530 141
1880540 141
1880550 141
1880560 141
1880570 141
1880580 141
1880590 141
1880600 141
1880610 141
1880620 141
1880630 141
1880640 141
1880650 141
1880660 141
1880670 141
1880680 141
1880690 141
1880700 141
1880710 142
1880720 143
1880730 143
1880740 143
1880750 143
1880760 143
1880770 143
1880780 143
1880790 143
1880800 143
1880810 143
1880820 143
1880830 143
1880840 143
1880850 143
1880860 143
1880870 143
1880880 143
1880890 143
1880900 143
1880910 143
1880920 143
1880930 143
1880940 143
1880950 141
1880960 141
1880970 141
1880980 141
1880990 142
1881000 142
1881010 142
1881020 141
1881030 141
1881040 143
1881050 143
1881060 143
1881070 143
1881080 143
1881090 143
1881100 143
1881110 143
1881120 143
1881130 142
1881140 142
1881150 142
1881160 141
1881170 141
1881180 141
1881190 141
1881200 141
1881210 141
1881220 141
1881230 141
1881240 141
1881250 141
1881260 141
1881270 141
1881280 141
1881290 141
1881300 141
1881310 141
1881320 141
1881330 142
1881340 142
1881350 142
1881360 143
1881370 143
1881380 142
1881390 142
1881400 142
1881410 142
1881420 144
1881430 144
1881440 144
1881450 144
1881460 144
1881470 144
1881480 144
1881490 144
1881500 144
1881510 144
1881520 144
1881530 145
1881540 145
1881550 145
1881560 147
1881570 147
1881580 147
1881590 147
1881600 147
1881610 147
1881620 147
1881630 147
1881640 147
1881650 147
1881660 146
1881670 146
1881680 145
1881690 144
1881700 144
1881710 144
1881720 144
1881730 144
1881740 143
1881750 143
1881760 143
1881770 145
1881780 145
1881790 145
1881800 145
1881810 145
1881820 145
1881830 146
1881840 146
1881850 146
1881860 147
1881870 148
1881880 148
1881890 150
1881900 151
1881910 151
1881920 152
1881930 154
1881940 154
1881950 157
1881960 158
1881970 158
1881980 161
1881990 164
1882000 164
1882010 165
1882020 167
1882030 167
1882040 168
1882050 169
1882060 169
1882070 171
1882080 172
1882090 172
1882100 173
1882110 174
1882120 174
1882130 175
1882140 176
1882150 176
1882160 177
1882170 177
1882180 177
1882190 177
1882200 177
1882210 177
1882220 177
1882230 177
1882240 177
1882250 177
1882260 177
1882270 177
1882280 177
1882290 176
1882300 176
1882310 176
1882320 176
1882330 176
1882340 178
1882350 181
1882360 181
1882370 184
1882380 185
1882390 185
1882400 182
1882410 178
1882420 178
1882430 177
1882440 177
1882450 177
1882460 174
1882470 171
1882480 171
1882490 171
1882500 171
1882510 171
1882520 175
1882530 179
1882540 179
1882550 181
1882560 182
1882570 182
1882580 183
1882590 187
1882600 187
1882610 192
1882620 194
1882630 194
1882640 191
1882650 186
1882660 186
1882670 187
1882680 191
1882690 191
1882700 196
1882710 202
1882720 202
1882730 208
1882740 211
1882750 211
1882760 210
1882770 210
1882780 210
1882790 209
1882800 207
1882810 206
1882820 207
1882830 207
1882840 207
1882850 208
1882860 209
1882870 209
1882880 206
1882890 201
1882900 201
1882910 201
1882920 200
1882930 200
1882940 198
1882950 197
1882960 197
1882970 197
1882980 197
1882990 197
1883000 198
1883010 201
1883020 201
1883030 205
1883040 209
1883050 209
1883060 211
1883070 215
1883080 215
1883090 215
1883100 212
1883110 212
1883120 210
1883130 218
1883140 218
1883150 218
1883160 224
1883170 224
1883180 231
1883190 233
1883200 233
1883210 234
1883220 231
1883230 231
1883240 227
1883250 224
1883260 224
1883270 223
1883280 222
1883290 222
1883300 221
1883310 217
1883320 217
1883330 214
1883340 214
1883350 214
1883360 218
1883370 220
1883380 220
1883390 220
1883400 219
1883410 219
1883420 218
1883430 214
1883440 214
1883450 211
1883460 209
1883470 209
1883480 210
1883490 210
1883500 210
1883510 209
1883520 209
1883530 209
1883540 209
1883550 209
1883560 209
1883570 207
1883580 206
1883590 206
1883600 205
1883610 204
1883620 204
1883630 205
1883640 205
1883650 205
1883660 204
1883670 204
1883680 204
1883690 202
1883700 201
1883710 201
1883720 200
1883730 200
1883740 200
1883750 199
1883760 199
1883770 199
1883780 196
1883790 195
1883800 195
1883810 194
1883820 193
1883830 193
1883840 192
1883850 192
1883860 192
1883870 191
1883880 191
1883890 191
1883900 190
1883910 190
1883920 190
1883930 189
1883940 189
1883950 189
1883960 189
1883970 188
1883980 188
1883990 188
1884000 188
1884010 188
1884020 188
1884030 188
1884040 188
1884050 187
1884060 186
1884070 186
1884080 187
1884090 187
1884100 186
1884110 187
1884120 188
1884130 188
1884140 189
1884150 190
1884160 190
1884170 191
1884180 191
1884190 191
1884200 192
1884210 193
1884220 193
1884230 194
1884240 195
1884250 195
1884260 195
1884270 195
1884280 195
1884290 196
1884300 196
1884310 196
1884320 197
1884330 198
1884340 198
1884350 198
1884360 199
1884370 199
1884380 199
1884390 200
1884400 200
1884410 201
1884420 202
1884430 201
1884440 202
1884450 204
1884460 204
1884470 205
1884480 206
1884490 206
1884500 207
1884510 208
1884520 208
1884530 209
1884540 211
1884550 213
1884560 213
1884570 216
1884580 216
1884590 216
1884600 217
1884610 218
1884620 218
1884630 220
1884640 223
1884650 223
1884660 225
1884670 226
1884680 226
1884690 228
1884700 229
1884710 229
1884720 232
1884730 234
1884740 234
1884750 235
1884760 238
1884770 238
1884780 241
1884790 244
1884800 244
1884810 248
1884820 252
1884830 252
1884840 256
1884850 261
1884860 261
1884870 265
1884880 267
1884890 267
1884900 268
1884910 271
1884920 271
1884930 272
1884940 274
1884950 274
1884960 277
1884970 280
1884980 280
1884990 280
1885000 281
1885010 281
1885020 283
1885030 285
1885040 285
1885050 289
1885060 293
1885070 293
1885080 300
1885090 308
1885100 308
1885110 314
1885120 321
1885130 321
1885140 328
1885150 336
1885160 336
1885170 345
1885180 353
1885190 353
1885200 363
1885210 374
1885220 374
1885230 382
1885240 389
1885250 389
1885260 393
1885270 397
1885280 397
1885290 400
1885300 403
1885310 403
1885320 405
1885330 407
1885340 407
1885350 409
1885360 410
1885370 410
1885380 412
1885390 414
1885400 412
1885410 413
1885420 415
1885430 415
1885440 416
1885450 417
1885460 417
1885470 417
1885480 417
1885490 417
1885500 417
1885510 417
1885520 417
1885530 416
1885540 415
1885550 415
1885560 414
1885570 413
1885580 413
1885590 412
1885600 410
1885610 410
1885620 408
1885630 406
1885640 406
1885650 403
1885660 399
1885670 399
1885680 394
1885690 389
1885700 389
1885710 385
1885720 378
1885730 378
1885740 374
1885750 371
1885760 371
1885770 368
1885780 365
1885790 365
1885800 362
1885810 359
1885820 359
1885830 355
1885840 350
1885850 350
1885860 346
1885870 341
1885880 341
1885890 337
1885900 333
1885910 333
1885920 329
1885930 325
1885940 325
1885950 322
1885960 317
1885970 317
1885980 313
1885990 309
1886000 309
1886010 305
1886020 301
1886030 301
1886040 297
1886050 293
1886060 293
1886070 290
1886080 287
1886090 287
1886100 285
1886110 284
1886120 284
1886130 283
1886140 282
1886150 282
1886160 280
1886170 279
1886180 279
1886190 277
1886200 275
1886210 275
1886220 272
1886230 271
1886240 271
1886250 269
1886260 268
1886270 268
1886280 267
1886290 266
1886300 266
1886310 265
1886320 263
1886330 263
1886340 262
1886350 260
1886360 260
1886370 258
1886380 256
1886390 256
1886400 255
1886410 254
1886420 254
1886430 254
1886440 252
1886450 252
1886460 252
1886470 252
1886480 252
1886490 249
1886500 248
1886510 248
1886520 247
1886530 246
1886540 246
1886550 244
1886560 243
1886570 243
1886580 242
1886590 241
1886600 241
1886610 240
1886620 240
1886630 240
1886640 240
1886650 239
1886660 239
1886670 236
1886680 237
1886690 235
1886700 235
1886710 237
1886720 237
1886730 236
1886740 236
1886750 236
1886760 236
1886770 237
1886780 237
1886790 237
1886800 236
1886810 236
1886820 236
1886830 238
1886840 238
1886850 241
1886860 244
1886870 244
1886880 246
1886890 248
1886900 248
1886910 250
1886920 251
1886930 251
1886940 252
1886950 253
1886960 253
1886970 255
1886980 256
1886990 256
1887000 256
1887010 254
1887020 254
1887030 253
1887040 252
1887050 252
1887060 250
1887070 248
1887080 248
1887090 246
1887100 243
1887110 243
1887120 241
1887130 238
1887140 238
1887150 235
1887160 233
1887170 233
1887180 230
1887190 227
1887200 227
1887210 225
1887220 223
1887230 223
1887240 221
1887250 220
1887260 220
1887270 219
1887280 220
1887290 220
1887300 219
1887310 219
1887320 219
1887330 218
1887340 217
1887350 217
1887360 217
1887370 217
1887380 217
1887390 216
1887400 216
1887410 216
1887420 215
1887430 215
1887440 215
1887450 215
1887460 215
1887470 215
1887480 214
1887490 214
1887500 214
1887510 213
1887520 213
1887530 213
1887540 213
1887550 212
1887560 212
1887570 212
1887580 212
1887590 212
1887600 209
1887610 208
1887620 208
1887630 208
1887640 207
1887650 207
1887660 206
1887670 205
1887680 205
1887690 205
1887700 204
1887710 204
1887720 204
1887730 203
1887740 203
1887750 203
1887760 203
1887770 203
1887780 202
1887790 202
1887800 202
1887810 201
1887820 201
1887830 201
1887840 200
1887850 199
1887860 198
1887870 198
1887880 196
1887890 195
1887900 195
1887910 195
1887920 194
1887930 194
1887940 193
1887950 193
1887960 193
1887970 192
1887980 192
1887990 192
1888000 192
1888010 193
1888020 193
1888030 197
1888040 203
1888050 203
1888060 210
1888070 217
1888080 217
1888090 224
1888100 230
1888110 230
1888120 235
1888130 239
1888140 239
1888150 242
1888160 244
1888170 244
1888180 246
1888190 248
1888200 248
1888210 249
1888220 250
1888230 250
1888240 251
1888250 251
1888260 251
1888270 251
1888280 250
1888290 250
1888300 245
1888310 243
1888320 243
1888330 240
1888340 235
1888350 235
1888360 229
1888370 224
1888380 224
1888390 220
1888400 218
1888410 218
1888420 217
1888430 218
1888440 218
1888450 220
1888460 221
1888470 221
1888480 223
1888490 222
1888500 222
1888510 221
1888520 219
1888530 219
1888540 217
1888550 215
1888560 215
1888570 212
1888580 209
1888590 209
1888600 207
1888610 205
1888620 201
1888630 203
1888640 201
1888650 201
1888660 200
1888670 197
1888680 197
1888690 194
1888700 190
1888710 190
1888720 192
1888730 193
1888740 193
1888750 194
1888760 195
1888770 195
1888780 195
1888790 195
1888800 195
1888810 193
1888820 192
1888830 192
1888840 191
1888850 190
1888860 190
1888870 189
1888880 188
1888890 188
1888900 187
1888910 186
1888920 186
1888930 185
1888940 182
1888950 182
1888960 181
1888970 180
1888980 180
1888990 179
1889000 178
1889010 178
1889020 177
1889030 176
1889040 176
1889050 175
1889060 174
1889070 174
1889080 174
1889090 174
1889100 174
1889110 173
1889120 173
1889130 173
1889140 173
1889150 172
1889160 172
1889170 172
1889180 172
1889190 172
1889200 171
1889210 171
1889220 171
1889230 171
1889240 170
1889250 170
1889260 170
1889270 169
1889280 169
1889290 169
1889300 169
1889310 169
1889320 169
1889330 168
1889340 168
1889350 168
1889360 168
1889370 168
1889380 168
1889390 168
1889400 168
1889410 168
1889420 168
1889430 168
1889440 167
1889450 167
1889460 167
1889470 167
1889480 167
1889490 167
1889500 167
1889510 167
1889520 167
1889530 167
1889540 167
1889550 167
1889560 167
1889570 167
1889580 167
1889590 167
1889600 166
1889610 166
1889620 166
1889630 166
1889640 166
1889650 166
1889660 166
1889670 166
1889680 166
1889690 165
1889700 165
1889710 165
1889720 165
1889730 165
1889740 165
1889750 164
1889760 164
1889770 164
1889780 164
1889790 164
1889800 163
1889810 163
1889820 163
1889830 163
1889840 163
1889850 163
1889860 162
1889870 162
1889880 162
1889890 162
1889900 161
1889910 161
1889920 161
1889930 161
1889940 161
1889950 160
1889960 160
1889970 160
1889980 160
1889990 159
1890000 159
1890010 159
1890020 159
1890030 159
1890040 159
1890050 159
1890060 159
1890070 159
1890080 159
1890090 159
1890100 159
1890110 159
1890120 159
1890130 159
1890140 159
1890150 159
1890160 159
1890170 159
1890180 159
1890190 160
1890200 160
1890210 160
1890220 160
1890230 161
1890240 161
1890250 161
1890260 161
1890270 161
1890280 161
1890290 161
1890300 161
1890310 161
1890320 162
1890330 162
1890340 162
1890350 162
1890360 162
1890370 162
1890380 162
1890390 162
1890400 162
1890410 162
1890420 162
1890430 162
1890440 162
1890450 162
1890460 162
1890470 162
1890480 162
1890490 162
1890500 162
1890510 162
1890520 162
1890530 161
1890540 161
1890550 161
1890560 161
1890570 161
1890580 161
1890590 160
1890600 160
1890610 160
1890620 160
1890630 160
1890640 160
1890650 160
1890660 160
1890670 160
1890680 159
1890690 159
1890700 159
1890710 159
1890720 159
1890730 159
1890740 159
1890750 159
1890760 159
1890770 158
1890780 158
1890790 158
1890800 158
1890810 158
1890820 158
1890830 158
1890840 158
1890850 158
1890860 158
1890870 158
1890880 157
1890890 157
1890900 157
1890910 157
1890920 157
1890930 157
1890940 157
1890950 157
1890960 157
1890970 157
1890980 157
1890990 157
1891000 157
1891010 156
1891020 156
1891030 156
1891040 156
1891050 156
1891060 156
1891070 156
1891080 156
1891090 156
1891100 155
1891110 155
1891120 155
1891130 155
1891140 155
1891150 155
1891160 155
1891170 154
1891180 154
1891190 154
1891200 154
1891210 154
1891220 154
1891230 154
1891240 154
1891250 153
1891260 153
1891270 153
1891280 153
1891290 153
1891300 153
1891310 153
1891320 152
1891330 152
1891340 152
1891350 152
1891360 152
1891370 152
1891380 152
1891390 152
1891400 152
1891410 152
1891420 152
1891430 152
1891440 152
1891450 152
1891460 152
1891470 152
1891480 152
1891490 152
1891500 152
1891510 152
1891520 152
1891530 152
1891540 152
1891550 152
1891560 152
1891570 152
1891580 152
1891590 152
1891600 152
1891610 151
1891620 151
1891630 151
1891640 151
1891650 152
1891660 152
1891670 152
1891680 152
1891690 152
1891700 152
1891710 152
1891720 152
1891730 152
1891740 152
1891750 152
1891760 152
1891770 152
1891780 152
1891790 152
1891800 152
1891810 152
1891820 152
1891830 151
1891840 151
1891850 152
1891860 152
1891870 152
1891880 151
1891890 151
1891900 151
1891910 151
1891920 151
1891930 151
1891940 151
1891950 151
1891960 151
1891970 152
1891980 152
1891990 152
1892000 152
1892010 152
1892020 152
1892030 152
1892040 152
1892050 152
1892060 153
1892070 153
1892080 153
1892090 153
1892100 153
1892110 153
1892120 153
1892130 153
1892140 153
1892150 153
1892160 153
1892170 153
1892180 153
1892190 153
1892200 153
1892210 153
1892220 153
1892230 153
1892240 153
1892250 153
1892260 153
1892270 153
1892280 153
1892290 153
1892300 153
1892310 153
1892320 153
1892330 152
1892340 152
1892350 152
1892360 151
1892370 151
1892380 151
1892390 151
1892400 151
1892410 151
1892420 150
1892430 150
1892440 150
1892450 149
1892460 149
1892470 149
1892480 149
1892490 149
1892500 149
1892510 149
1892520 148
1892530 148
1892540 148
1892550 148
1892560 148
1892570 148
1892580 148
1892590 148
1892600 148
1892610 148
1892620 148
1892630 148
1892640 148
1892650 148
1892660 148
1892670 147
1892680 147
1892690 147
1892700 148
1892710 148
1892720 148
1892730 148
1892740 148
1892750 147
1892760 147
1892770 147
1892780 147
1892790 147
1892800 147
1892810 147
1892820 147
1892830 147
1892840 147
1892850 147
1892860 147
1892870 147
1892880 147
1892890 147
1892900 148
1892910 148
1892920 148
1892930 148
1892940 148
1892950 148
1892960 148
1892970 148
1892980 148
1892990 148
1893000 148
1893010 148
1893020 148
1893030 148
1893040 148
1893050 148
1893060 148
1893070 148
1893080 148
1893090 148
1893100 148
1893110 148
1893120 148
1893130 148
1893140 148
1893150 148
1893160 148
1893170 147
1893180 148
1893190 148
1893200 148
1893210 148
1893220 148
1893230 148
1893240 148
1893250 148
1893260 147
1893270 147
1893280 147
1893290 147
1893300 147
1893310 147
1893320 147
1893330 146
1893340 146
1893350 146
1893360 146
1893370 146
1893380 146
1893390 145
1893400 145
1893410 145
1893420 144
1893430 144
1893440 143
1893450 141
1893460 141
1893470 140
1893480 139
1893490 139
1893500 138
1893510 138
1893520 138
1893530 138
1893540 138
1893550 138
1893560 139
1893570 140
1893580 140
1893590 140
1893600 139
1893610 139
1893620 139
1893630 139
1893640 139
1893650 139
1893660 138
1893670 138
1893680 138
1893690 138
1893700 138
1893710 138
1893720 138
1893730 138
1893740 138
1893750 138
1893760 138
1893770 138
1893780 138
1893790 138
1893800 138
1893810 138
1893820 138
1893830 138
1893840 138
1893850 138
1893860 138
1893870 138
1893880 138
1893890 138
1893900 138
1893910 138
1893920 138
1893930 139
1893940 139
1893950 139
1893960 139
1893970 139
1893980 139
1893990 139
1894000 139
1894010 139
1894020 138
1894030 138
1894040 138
1894050 138
1894060 138
1894070 137
1894080 137
1894090 137
1894100 137
1894110 138
1894120 138
1894130 138
1894140 138
1894150 138
1894160 138
1894170 138
1894180 138
1894190 138
1894200 138
1894210 138
1894220 138
1894230 138
1894240 138
1894250 138
1894260 137
1894270 137
1894280 138
1894290 138
1894300 138
1894310 138
1894320 138
1894330 138
1894340 139
1894350 138
1894360 138
1894370 138
1894380 139
1894390 139
1894400 138
1894410 138
1894420 138
1894430 139
1894440 140
1894450 140
1894460 140
1894470 140
1894480 140
1894490 140
1894500 140
1894510 140
1894520 140
1894530 139
1894540 137
1894550 137
1894560 137
1894570 138
1894580 138
1894590 139
1894600 140
1894610 140
1894620 139
1894630 140
1894640 140
1894650 140
1894660 140
1894670 140
1894680 140
1894690 140
1894700 140
1894710 140
1894720 140
1894730 140
1894740 140
1894750 140
1894760 140
1894770 139
1894780 139
1894790 139
1894800 139
1894810 138
1894820 138
1894830 138
1894840 138
1894850 138
1894860 139
1894870 139
1894880 139
1894890 139
1894900 139
1894910 139
1894920 139
1894930 139
1894940 139
1894950 139
1894960 139
1894970 139
1894980 139
1894990 139
1895000 139
1895010 139
1895020 138
1895030 138
1895040 138
1895050 138
1895060 138
1895070 138
1895080 138
1895090 138
1895100 138
1895110 138
1895120 138
1895130 138
1895140 138
1895150 138
1895160 139
1895170 139
1895180 139
1895190 139
1895200 139
1895210 139
1895220 139
1895230 139
1895240 139
1895250 139
1895260 139
1895270 139
1895280 138
1895290 138
1895300 138
1895310 139
1895320 139
1895330 139
1895340 139
1895350 138
1895360 138
1895370 138
1895380 138
1895390 138
1895400 138
1895410 138
1895420 138
1895430 138
1895440 138
1895450 138
1895460 138
1895470 138
1895480 138
1895490 138
1895500 138
1895510 138
1895520 137
1895530 137
1895540 137
1895550 138
1895560 138
1895570 138
1895580 138
1895590 137
1895600 138
1895610 138
1895620 138
1895630 138
1895640 137
1895650 138
1895660 138
1895670 138
1895680 138
1895690 138
1895700 138
1895710 139
1895720 139
1895730 139
1895740 138
1895750 138
1895760 138
1895770 138
1895780 138
1895790 138
1895800 138
1895810 138
1895820 138
1895830 138
1895840 138
1895850 138
1895860 138
1895870 138
1895880 138
1895890 138
1895900 138
1895910 138
1895920 138
1895930 138
1895940 138
1895950 139
1895960 139
1895970 139
1895980 138
1895990 138
1896000 137
1896010 137
1896020 137
1896030 137
1896040 137
1896050 137
1896060 138
1896070 138
1896080 138
1896090 138
1896100 138
1896110 138
1896120 138
1896130 138
1896140 138
1896150 139
1896160 138
1896170 138
1896180 138
1896190 138
1896200 138
1896210 138
1896220 138
1896230 138
1896240 138
1896250 138
1896260 138
1896270 138
1896280 138
1896290 138
1896300 138
1896310 138
1896320 138
1896330 138
1896340 138
1896350 138
1896360 138
1896370 138
1896380 138
1896390 138
1896400 138
1896410 138
1896420 138
1896430 138
1896440 138
1896450 138
1896460 138
1896470 138
1896480 138
1896490 138
1896500 138
1896510 138
1896520 137
1896530 137
1896540 137
1896550 136
1896560 136
1896570 136
1896580 136
1896590 136
1896600 136
1896610 136
1896620 136
1896630 136
1896640 136
1896650 136
1896660 138
1896670 140
1896680 140
1896690 140
1896700 140
1896710 140
1896720 139
1896730 139
1896740 139
1896750 139
1896760 139
1896770 139
1896780 139
1896790 139
1896800 139
1896810 139
1896820 139
1896830 139
1896840 139
1896850 139
1896860 139
1896870 139
1896880 139
1896890 139
1896900 139
1896910 139
1896920 139
1896930 139
1896940 139
1896950 139
1896960 139
1896970 139
1896980 139
1896990 139
1897000 139
1897010 139
1897020 139
1897030 139
1897040 139
1897050 139
1897060 139
1897070 139
1897080 139
1897090 139
1897100 139
1897110 139
1897120 139
1897130 139
1897140 139
1897150 139
1897160 139
1897170 139
1897180 139
1897190 139
1897200 139
1897210 139
1897220 139
1897230 139
1897240 139
1897250 139
1897260 139
1897270 139
1897280 139
1897290 139
1897300 139
1897310 139
1897320 139
1897330 139
1897340 139
1897350 139
1897360 139
1897370 139
1897380 139
1897390 139
1897400 139
1897410 139
1897420 139
1897430 139
1897440 139
1897450 139
1897460 139
1897470 138
1897480 138
1897490 139
1897500 139
1897510 138
1897520 138
1897530 138
1897540 138
1897550 138
1897560 138
1897570 138
1897580 138
1897590 138
1897600 138
1897610 138
1897620 138
1897630 138
1897640 138
1897650 138
1897660 138
1897670 138
1897680 138
1897690 138
1897700 138
1897710 138
1897720 138
1897730 138
1897740 139
1897750 139
1897760 139
1897770 139
1897780 138
1897790 138
1897800 139
1897810 139
1897820 139
1897830 138
1897840 138
1897850 138
1897860 138
1897870 138
1897880 138
1897890 138
1897900 138
1897910 138
1897920 138
1897930 138
1897940 138
1897950 138
1897960 138
1897970 138
1897980 138
1897990 137
1898000 137
1898010 137
1898020 137
1898030 137
1898040 137
1898050 137
1898060 137
1898070 137
1898080 137
1898090 137
1898100 137
1898110 137
1898120 137
1898130 137
1898140 136
1898150 136
1898160 136
1898170 136
1898180 136
1898190 136
1898200 136
1898210 137
1898220 137
1898230 137
1898240 138
1898250 138
1898260 138
1898270 138
1898280 138
1898290 138
1898300 137
1898310 137
1898320 138
1898330 138
1898340 138
1898350 138
1898360 138
1898370 138
1898380 138
1898390 138
1898400 138
1898410 138
1898420 138
1898430 138
1898440 138
1898450 138
1898460 138
1898470 138
1898480 138
1898490 138
1898500 138
1898510 138
1898520 138
1898530 138
1898540 138
1898550 138
1898560 139
1898570 139
1898580 139
1898590 138
1898600 138
1898610 138
1898620 138
1898630 138
1898640 138
1898650 138
1898660 138
1898670 138
1898680 138
1898690 138
1898700 138
1898710 138
1898720 138
1898730 138
1898740 138
1898750 139
1898760 139
1898770 139
1898780 139
1898790 139
1898800 138
1898810 137
1898820 137
1898830 137
1898840 137
1898850 137
1898860 137
1898870 137
1898880 137
1898890 137
1898900 137
1898910 137
1898920 137
1898930 137
1898940 137
1898950 137
1898960 137
1898970 137
1898980 137
1898990 137
1899000 137
1899010 137
1899020 136
1899030 136
1899040 135
1899050 135
1899060 135
1899070 136
1899080 136
1899090 136
1899100 136
1899110 136
1899120 136
1899130 136
1899140 136
1899150 136
1899160 137
1899170 137
1899180 137
1899190 137
1899200 137
1899210 137
1899220 138
1899230 138
1899240 138
1899250 138
1899260 138
1899270 138
1899280 138
1899290 137
1899300 137
1899310 137
1899320 137
1899330 137
1899340 137
1899350 137
1899360 137
1899370 137
1899380 137
1899390 137
1899400 136
1899410 136
1899420 136
1899430 135
1880000 141
1880010 141
1880020 141
1880030 141
1880040 141
1880050 141
1880060 141
1880070 141
1880080 141
1880090 141
1880100 141
1880110 141
1880120 141
1880130 141
1880140 141
1880150 141
1880160 141
1880170 141
1880180 141
1880190 141
1880200 141
1880210 141
1880220 141
1880230 141
1880240 141
1880250 141
1880260 141
1880270 141
1880280 141
1880290 141
1880300 141
1880310 141
1880320 141
1880330 141
1880340 141
1880350 141
1880360 141
1880370 141
1880380 141
1880390 141
1880400 141
1880410 141
1880420 141
1880430 141
1880440 141
1880450 141
1880460 141
1880470 141
1880480 141
1880490 141
1880500 141
1880510 141
1880520 141
1880530 141
1880540 141
1880550 141
1880560 141
1880570 141
1880580 141
1880590 141
1880600 141
1880610 141
1880620 141
1880630 141
1880640 141
1880650 141
1880660 141
1880670 141
1880680 141
1880690 141
1880700 141
1880710 142
1880720 143
1880730 143
1880740 143
1880750 143
1880760 143
1880770 143
1880780 143
1880790 143
1880800 143
1880810 143
1880820 143
1880830 143
1880840 143
1880850 143
1880860 143
1880870 143
1880880 143
1880890 143
1880900 143
1880910 143
1880920 143
1880930 143
1880940 143
1880950 141
1880960 141
1880970 141
1880980 141
1880990 142
1881000 142
1881010 142
1881020 141
1881030 141
1881040 143
1881050 143
1881060 143
1881070 143
1881080 143
1881090 143
1881100 143
1881110 143
1881120 143
1881130 142
1881140 142
1881150 142
1881160 141
1881170 141
1881180 141
1881190 141
1881200 141
1881210 141
1881220 141
1881230 141
1881240 141
1881250 141
1881260 141
1881270 141
1881280 141
1881290 141
1881300 141
1881310 141
1881320 141
1881330 142
1881340 142
1881350 142
1881360 143
1881370 143
1881380 142
1881390 142
1881400 142
1881410 142
1881420 144
1881430 144
1881440 144
1881450 144
1881460 144
1881470 144
1881480 144
1881490 144
1881500 144
1881510 144
1881520 144
1881530 145
1881540 145
1881550 145
1881560 147
1881570 147
1881580 147
1881590 147
1881600 147
1881610 147
1881620 147
1881630 147
1881640 147
1881650 147
1881660 146
1881670 146
1881680 145
1881690 144
1881700 144
1881710 144
1881720 144
1881730 144
1881740 143
1881750 143
1881760 143
1881770 145
1881780 145
1881790 145
1881800 145
1881810 145
1881820 145
1881830 146
1881840 146
1881850 146
1881860 147
1881870 148
1881880 148
1881890 150
1881900 151
1881910 151
1881920 152
1881930 154
1881940 154
1881950 157
1881960 158
1881970 158
1881980 161
1881990 164
1882000 164
1882010 165
1882020 167
1882030 167
1882040 168
1882050 169
1882060 169
1882070 171
1882080 172
1882090 172
1882100 173
1882110 174
1882120 174
1882130 175
1882140 176
1882150 176
1882160 177
1882170 177
1882180 177
1882190 177
1882200 177
1882210 177
1882220 177
1882230 177
1882240 177
1882250 177
1882260 177
1882270 177
1882280 177
1882290 176
1882300 176
1882310 176
1882320 176
1882330 176
1882340 178
1882350 181
1882360 181
1882370 184
1882380 185
1882390 185
1882400 182
1882410 178
1882420 178
1882430 177
1882440 177
1882450 177
1882460 174
1882470 171
1882480 171
1882490 171
1882500 171
1882510 171
1882520 175
1882530 179
1882540 179
1882550 181
1882560 182
1882570 182
1882580 183
1882590 187
1882600 187
1882610 192
1882620 194
1882630 194
1882640 191
1882650 186
1882660 186
1882670 187
1882680 191
1882690 191
1882700 196
1882710 202
1882720 202
1882730 208
1882740 211
1882750 211
1882760 210
1882770 210
1882780 210
1882790 209
1882800 207
1882810 206
1882820 207
1882830 207
1882840 207
1882850 208
1882860 209
1882870 209
1882880 206
1882890 201
1882900 201
1882910 201
1882920 200
1882930 200
1882940 198
1882950 197
1882960 197
1882970 197
1882980 197
1882990 197
1883000 198
1883010 201
1883020 201
1883030 205
1883040 209
1883050 209
1883060 211
1883070 215
1883080 215
1883090 215
1883100 212
1883110 212
1883120 210
1883130 218
1883140 218
1883150 218
1883160 224
1883170 224
1883180 231
1883190 233
1883200 233
1883210 234
1883220 231
1883230 231
1883240 227
1883250 224
1883260 224
1883270 223
1883280 222
1883290 222
1883300 221
1883310 217
1883320 217
1883330 214
1883340 214
1883350 214
1883360 218
1883370 220
1883380 220
1883390 220
1883400 219
1883410 219
1883420 218
1883430 214
1883440 214
1883450 211
1883460 209
1883470 209
1883480 210
1883490 210
1883500 210
1883510 209
1883520 209
1883530 209
1883540 209
1883550 209
1883560 209
1883570 207
1883580 206
1883590 206
1883600 205
1883610 204
1883620 204
1883630 205
1883640 205
1883650 205
1883660 204
1883670 204
1883680 204
1883690 202
1883700 201
1883710 201
1883720 200
1883730 200
1883740 200
1883750 199
1883760 199
1883770 199
1883780 196
1883790 195
1883800 195
1883810 194
1883820 193
1883830 193
1883840 192
1883850 192
1883860 192
1883870 191
1883880 191
1883890 191
1883900 190
1883910 190
1883920 190
1883930 189
1883940 189
1883950 189
1883960 189
1883970 188
1883980 188
1883990 188
1884000 188
1884010 188
1884020 188
1884030 188
1884040 188
1884050 187
1884060 186
1884070 186
1884080 187
1884090 187
1884100 186
1884110 187
1884120 188
1884130 188
1884140 189
1884150 190
1884160 190
1884170 191
1884180 191
1884190 191
1884200 192
1884210 193
1884220 193
1884230 194
1884240 195
1884250 195
1884260 195
1884270 195
1884280 195
1884290 196
1884300 196
1884310 196
1884320 197
1884330 198
1884340 198
1884350 198
1884360 199
1884370 199
1884380 199
1884390 200
1884400 200
1884410 201
1884420 202
1884430 201
1884440 202
1884450 204
1884460 204
1884470 205
1884480 206
1884490 206
1884500 207
1884510 208
1884520 208
1884530 209
1884540 211
1884550 213
1884560 213
1884570 216
1884580 216
1884590 216
1884600 217
1884610 218
1884620 218
1884630 220
1884640 223
1884650 223
1884660 225
1884670 226
1884680 226
1884690 228
1884700 229
1884710 229
1884720 232
1884730 234
1884740 234
1884750 235
1884760 238
1884770 238
1884780 241
1884790 244
1884800 244
1884810 248
1884820 252
1884830 252
1884840 256
1884850 261
1884860 261
1884870 265
1884880 267
1884890 267
1884900 268
1884910 271
1884920 271
1884930 272
1884940 274
1884950 274
1884960 277
1884970 280
1884980 280
1884990 280
1885000 281
1885010 281
1885020 283
1885030 285
1885040 285
1885050 289
1885060 293
1885070 293
1885080 300
1885090 308
1885100 308
1885110 314
1885120 321
1885130 321
1885140 328
1885150 336
1885160 336
1885170 345
1885180 353
1885190 353
1885200 363
1885210 374
1885220 374
1885230 382
1885240 389
1885250 389
1885260 393
1885270 397
1885280 397
1885290 400
1885300 403
1885310 403
1885320 405
1885330 407
1885340 407
1885350 409
1885360 410
1885370 410
1885380 412
1885390 414
1885400 412
1885410 413
1885420 415
1885430 415
1885440 416
1885450 417
1885460 417
1885470 417
1885480 417
1885490 417
1885500 417
1885510 417
1885520 417
1885530 416
1885540 415
1885550 415
1885560 414
1885570 413
1885580 413
1885590 412
1885600 410
1885610 410
1885620 408
1885630 406
1885640 406
1885650 403
1885660 399
1885670 399
1885680 394
1885690 389
1885700 389
1885710 385
1885720 378
1885730 378
1885740 374
1885750 371
1885760 371
1885770 368
1885780 365
1885790 365
1885800 362
1885810 359
1885820 359
1885830 355
1885840 350
1885850 350
1885860 346
1885870 341
1885880 341
1885890 337
1885900 333
1885910 333
1885920 329
1885930 325
1885940 325
1885950 322
1885960 317
1885970 317
1885980 313
1885990 309
1886000 309
1886010 305
1886020 301
1886030 301
1886040 297
1886050 293
1886060 293
1886070 290
1886080 287
1886090 287
1886100 285
1886110 284
1886120 284
1886130 283
1886140 282
1886150 282
1886160 280
1886170 279
1886180 279
1886190 277
1886200 275
1886210 275
1886220 272
1886230 271
1886240 271
1886250 269
1886260 268
1886270 268
1886280 267
1886290 266
1886300 266
1886310 265
1886320 263
1886330 263
1886340 262
1886350 260
1886360 260
1886370 258
1886380 256
1886390 256
1886400 255
1886410 254
1886420 254
1886430 254
1886440 252
1886450 252
1886460 252
1886470 252
1886480 252
1886490 249
1886500 248
1886510 248
1886520 247
1886530 246
1886540 246
1886550 244
1886560 243
1886570 243
1886580 242
1886590 241
1886600 241
1886610 240
1886620 240
1886630 240
1886640 240
1886650 239
1886660 239
1886670 236
1886680 237
1886690 235
1886700 235
1886710 237
1886720 237
1886730 236
1886740 236
1886750 236
1886760 236
1886770 237
1886780 237
1886790 237
1886800 236
1886810 236
1886820 236
1886830 238
1886840 238
1886850 241
1886860 244
1886870 244
1886880 246
1886890 248
1886900 248
1886910 250
1886920 251
1886930 251
1886940 252
1886950 253
1886960 253
1886970 255
1886980 256
1886990 256
1887000 256
1887010 254
1887020 254
1887030 253
1887040 252
1887050 252
1887060 250
1887070 248
1887080 248
1887090 246
1887100 243
1887110 243
1887120 241
1887130 238
1887140 238
1887150 235
1887160 233
1887170 233
1887180 230
1887190 227
1887200 227
1887210 225
1887220 223
1887230 223
1887240 221
1887250 220
1887260 220
1887270 219
1887280 220
1887290 220
1887300 219
1887310 219
1887320 219
1887330 218
1887340 217
1887350 217
1887360 217
1887370 217
1887380 217
1887390 216
1887400 216
1887410 216
1887420 215
1887430 215
1887440 215
1887450 215
1887460 215
1887470 215
1887480 214
1887490 214
1887500 214
1887510 213
1887520 213
1887530 213
1887540 213
1887550 212
1887560 212
1887570 212
1887580 212
1887590 212
1887600 209
1887610 208
1887620 208
1887630 208
1887640 207
1887650 207
1887660 206
1887670 205
1887680 205
1887690 205
1887700 204
1887710 204
1887720 204
1887730 203
1887740 203
1887750 203
1887760 203
1887770 203
1887780 202
1887790 202
1887800 202
1887810 201
1887820 201
1887830 201
1887840 200
1887850 199
1887860 198
1887870 198
1887880 196
1887890 195
1887900 195
1887910 195
1887920 194
1887930 194
1887940 193
1887950 193
1887960 193
1887970 192
1887980 192
1887990 192
1888000 192
1888010 193
1888020 193
1888030 197
1888040 203
1888050 203
1888060 210
1888070 217
1888080 217
1888090 224
1888100 230
1888110 230
1888120 235
1888130 239
1888140 239
1888150 242
1888160 244
1888170 244
1888180 246
1888190 248
1888200 248
1888210 249
1888220 250
1888230 250
1888240 251
1888250 251
1888260 251
1888270 251
1888280 250
1888290 250
1888300 245
1888310 243
1888320 243
1888330 240
1888340 235
1888350 235
1888360 229
1888370 224
1888380 224
1888390 220
1888400 218
1888410 218
1888420 217
1888430 218
1888440 218
1888450 220
1888460 221
1888470 221
1888480 223
1888490 222
1888500 222
1888510 221
1888520 219
1888530 219
1888540 217
1888550 215
1888560 215
1888570 212
1888580 209
1888590 209
1888600 207
1888610 205
1888620 201
1888630 203
1888640 201
1888650 201
1888660 200
1888670 197
1888680 197
1888690 194
1888700 190
1888710 190
1888720 192
1888730 193
1888740 193
1888750 194
1888760 195
1888770 195
1888780 195
1888790 195
1888800 195
1888810 193
1888820 192
1888830 192
1888840 191
1888850 190
1888860 190
1888870 189
1888880 188
1888890 188
1888900 187
1888910 186
1888920 186
1888930 185
1888940 182
1888950 182
1888960 181
1888970 180
1888980 180
1888990 179
1889000 178
1889010 178
1889020 177
1889030 176
1889040 176
1889050 175
1889060 174
1889070 174
1889080 174
1889090 174
1889100 174
1889110 173
1889120 173
1889130 173
1889140 173
1889150 172
1889160 172
1889170 172
1889180 172
1889190 172
1889200 171
1889210 171
1889220 171
1889230 171
1889240 170
1889250 170
1889260 170
1889270 169
1889280 169
1889290 169
1889300 169
1889310 169
1889320 169
1889330 168
1889340 168
1889350 168
1889360 168
1889370 168
1889380 168
1889390 168
1889400 168
1889410 168
1889420 168
1889430 168
1889440 167
1889450 167
1889460 167
1889470 167
1889480 167
1889490 167
1889500 167
1889510 167
1889520 167
1889530 167
1889540 167
1889550 167
1889560 167
1889570 167
1889580 167
1889590 167
1889600 166
1889610 166
1889620 166
1889630 166
1889640 166
1889650 166
1889660 166
1889670 166
1889680 166
1889690 165
1889700 165
1889710 165
1889720 165
1889730 165
1889740 165
1889750 164
1889760 164
1889770 164
1889780 164
1889790 164
1889800 163
1889810 163
1889820 163
1889830 163
1889840 163
1889850 163
1889860 162
1889870 162
1889880 162
1889890 162
1889900 161
1889910 161
1889920 161
1889930 161
1889940 161
1889950 160
1889960 160
1889970 160
1889980 160
1889990 159
1890000 159
1890010 159
1890020 159
1890030 159
1890040 159
1890050 159
1890060 159
1890070 159
1890080 159
1890090 159
1890100 159
1890110 159
1890120 159
1890130 159
1890140 159
1890150 159
1890160 159
1890170 159
1890180 159
1890190 160
1890200 160
1890210 160
1890220 160
1890230 161
1890240 161
1890250 161
1890260 161
1890270 161
1890280 161
1890290 161
1890300 161
1890310 161
1890320 162
1890330 162
1890340 162
1890350 162
1890360 162
1890370 162
1890380 162
1890390 162
1890400 162
1890410 162
1890420 162
1890430 162
1890440 162
1890450 162
1890460 162
1890470 162
1890480 162
1890490 162
1890500 162
1890510 162
1890520 162
1890530 161
1890540 161
1890550 161
1890560 161
1890570 161
1890580 161
1890590 160
1890600 160
1890610 160
1890620 160
1890630 160
1890640 160
1890650 160
1890660 160
1890670 160
1890680 159
1890690 159
1890700 159
1890710 159
1890720 159
1890730 159
1890740 159
1890750 159
1890760 159
1890770 158
1890780 158
1890790 158
1890800 158
1890810 158
1890820 158
1890830 158
1890840 158
1890850 158
1890860 158
1890870 158
1890880 157
1890890 157
1890900 157
1890910 157
1890920 157
1890930 157
1890940 157
1890950 157
1890960 157
1890970 157
1890980 157
1890990 157
1891000 157
1891010 156
1891020 156
1891030 156
1891040 156
1891050 156
1891060 156
1891070 156
1891080 156
1891090 156
1891100 155
1891110 155
1891120 155
1891130 155
1891140 155
1891150 155
1891160 155
1891170 154
1891180 154
1891190 154
1891200 154
1891210 154
1891220 154
1891230 154
1891240 154
1891250 153
1891260 153
1891270 153
1891280 153
1891290 153
1891300 153
1891310 153
1891320 152
1891330 152
1891340 152
1891350 152
1891360 152
1891370 152
1891380 152
1891390 152
1891400 152
1891410 152
1891420 152
1891430 152
1891440 152
1891450 152
1891460 152
1891470 152
1891480 152
1891490 152
1891500 152
1891510 152
1891520 152
1891530 152
1891540 152
1891550 152
1891560 152
1891570 152
1891580 152
1891590 152
1891600 152
1891610 151
1891620 151
1891630 151
1891640 151
1891650 152
1891660 152
1891670 152
1891680 152
1891690 152
1891700 152
1891710 152
1891720 152
1891730 152
1891740 152
1891750 152
1891760 152
1891770 152
1891780 152
1891790 152
1891800 152
1891810 152
1891820 152
1891830 151
1891840 151
1891850 152
1891860 152
1891870 152
1891880 151
1891890 151
1891900 151
1891910 151
1891920 151
1891930 151
1891940 151
1891950 151
1891960 151
1891970 152
1891980 152
1891990 152
1892000 152
1892010 152
1892020 152
1892030 152
1892040 152
1892050 152
1892060 153
1892070 153
1892080 153
1892090 153
1892100 153
1892110 153
1892120 153
1892130 153
1892140 153
1892150 153
1892160 153
1892170 153
1892180 153
1892190 153
1892200 153
1892210 153
1892220 153
1892230 153
1892240 153
1892250 153
1892260 153
1892270 153
1892280 153
1892290 153
1892300 153
1892310 153
1892320 153
1892330 152
1892340 152
1892350 152
1892360 151
1892370 151
1892380 151
1892390 151
1892400 151
1892410 151
1892420 150
1892430 150
1892440 150
1892450 149
1892460 149
1892470 149
1892480 149
1892490 149
1892500 149
1892510 149
1892520 148
1892530 148
1892540 148
1892550 148
1892560 148
1892570 148
1892580 148
1892590 148
1892600 148
1892610 148
1892620 148
1892630 148
1892640 148
1892650 148
1892660 148
1892670 147
1892680 147
1892690 147
1892700 148
1892710 148
1892720 148
1892730 148
1892740 148
1892750 147
1892760 147
1892770 147
1892780 147
1892790 147
1892800 147
1892810 147
1892820 147
1892830 147
1892840 147
1892850 147
1892860 147
1892870 147
1892880 147
1892890 147
1892900 148
1892910 148
1892920 148
1892930 148
1892940 148
1892950 148
1892960 148
1892970 148
1892980 148
1892990 148
1893000 148
1893010 148
1893020 148
1893030 148
1893040 148
1893050 148
1893060 148
1893070 148
1893080 148
1893090 148
1893100 148
1893110 148
1893120 148
1893130 148
1893140 148
1893150 148
1893160 148
1893170 147
1893180 148
1893190 148
1893200 148
1893210 148
1893220 148
1893230 148
1893240 148
1893250 148
1893260 147
1893270 147
1893280 147
1893290 147
1893300 147
1893310 147
1893320 147
1893330 146
1893340 146
1893350 146
1893360 146
1893370 146
1893380 146
1893390 145
1893400 145
1893410 145
1893420 144
1893430 144
1893440 143
1893450 141
1893460 141
1893470 140
1893480 139
1893490 139
1893500 138
1893510 138
1893520 138
1893530 138
1893540 138
1893550 138
1893560 139
1893570 140
1893580 140
1893590 140
1893600 139
1893610 139
1893620 139
1893630 139
1893640 139
1893650 139
1893660 138
1893670 138
1893680 138
1893690 138
1893700 138
1893710 138
1893720 138
1893730 138
1893740 138
1893750 138
1893760 138
1893770 138
1893780 138
1893790 138
1893800 138
1893810 138
1893820 138
1893830 138
1893840 138
1893850 138
1893860 138
1893870 138
1893880 138
1893890 138
1893900 138
1893910 138
1893920 138
1893930 139
1893940 139
1893950 139
1893960 139
1893970 139
1893980 139
1893990 139
1894000 139
1894010 139
1894020 138
1894030 138
1894040 138
1894050 138
1894060 138
1894070 137
1894080 137
1894090 137
1894100 137
1894110 138
1894120 138
1894130 138
1894140 138
1894150 138
1894160 138
1894170 138
1894180 138
1894190 138
1894200 138
1894210 138
1894220 138
1894230 138
1894240 138
1894250 138
1894260 137
1894270 137
1894280 138
1894290 138
1894300 138
1894310 138
1894320 138
1894330 138
1894340 139
1894350 138
1894360 138
1894370 138
1894380 139
1894390 139
1894400 138
1894410 138
1894420 138
1894430 139
1894440 140
1894450 140
1894460 140
1894470 140
1894480 140
1894490 140
1894500 140
1894510 140
1894520 140
1894530 139
1894540 137
1894550 137
1894560 137
1894570 138
1894580 138
1894590 139
1894600 140
1894610 140
1894620 139
1894630 140
1894640 140
1894650 140
1894660 140
1894670 140
1894680 140
1894690 140
1894700 140
1894710 140
1894720 140
1894730 140
1894740 140
1894750 140
1894760 140
1894770 139
1894780 139
1894790 139
1894800 139
1894810 138
1894820 138
1894830 138
1894840 138
1894850 138
1894860 139
1894870 139
1894880 139
1894890 139
1894900 139
1894910 139
1894920 139
1894930 139
1894940 139
1894950 139
1894960 139
1894970 139
1894980 139
1894990 139
1895000 139
1895010 139
1895020 138
1895030 138
1895040 138
1895050 138
1895060 138
1895070 138
1895080 138
1895090 138
1895100 138
1895110 138
1895120 138
1895130 138
1895140 138
1895150 138
1895160 139
1895170 139
1895180 139
1895190 139
1895200 139
1895210 139
1895220 139
1895230 139
1895240 139
1895250 139
1895260 139
1895270 139
1895280 138
1895290 138
1895300 138
1895310 139
1895320 139
1895330 139
1895340 139
1895350 138
1895360 138
1895370 138
1895380 138
1895390 138
1895400 138
1895410 138
1895420 138
1895430 138
1895440 138
1895450 138
1895460 138
1895470 138
1895480 138
1895490 138
1895500 138
1895510 138
1895520 137
1895530 137
1895540 137
1895550 138
1895560 138
1895570 138
1895580 138
1895590 137
1895600 138
1895610 138
1895620 138
1895630 138
1895640 137
1895650 138
1895660 138
1895670 138
1895680 138
1895690 138
1895700 138
1895710 139
1895720 139
1895730 139
1895740 138
1895750 138
1895760 138
1895770 138
1895780 138
1895790 138
1895800 138
1895810 138
1895820 138
1895830 138
1895840 138
1895850 138
1895860 138
1895870 138
1895880 138
1895890 138
1895900 138
1895910 138
1895920 138
1895930 138
1895940 138
1895950 139
1895960 139
1895970 139
1895980 138
1895990 138
1896000 137
1896010 137
1896020 137
1896030 137
1896040 137
1896050 137
1896060 138
1896070 138
1896080 138
1896090 138
1896100 138
1896110 138
1896120 138
1896130 138
1896140 138
1896150 139
1896160 138
1896170 138
1896180 138
1896190 138
1896200 138
1896210 138
1896220 138
1896230 138
1896240 138
1896250 138
1896260 138
1896270 138
1896280 138
1896290 138
1896300 138
1896310 138
1896320 138
1896330 138
1896340 138
1896350 138
1896360 138
1896370 138
1896380 138
1896390 138
1896400 138
1896410 138
1896420 138
1896430 138
1896440 138
1896450 138
1896460 138
1896470 138
1896480 138
1896490 138
1896500 138
1896510 138
1896520 137
1896530 137
1896540 137
1896550 136
1896560 136
1896570 136
1896580 136
1896590 136
1896600 136
1896610 136
1896620 136
1896630 136
1896640 136
1896650 136
1896660 138
1896670 140
1896680 140
1896690 140
1896700 140
1896710 140
1896720 139
1896730 139
1896740 139
1896750 139
1896760 139
1896770 139
1896780 139
1896790 139
1896800 139
1896810 139
1896820 139
1896830 139
1896840 139
1896850 139
1896860 139
1896870 139
1896880 139
1896890 139
1896900 139
1896910 139
1896920 139
1896930 139
1896940 139
1896950 139
1896960 139
1896970 139
1896980 139
1896990 139
1897000 139
1897010 139
1897020 139
1897030 139
1897040 139
1897050 139
1897060 139
1897070 139
1897080 139
1897090 139
1897100 139
1897110 139
1897120 139
1897130 139
1897140 139
1897150 139
1897160 139
1897170 139
1897180 139
1897190 139
1897200 139
1897210 139
1897220 139
1897230 139
1897240 139
1897250 139
1897260 139
1897270 139
1897280 139
1897290 139
1897300 139
1897310 139
1897320 139
1897330 139
1897340 139
1897350 139
1897360 139
1897370 139
1897380 139
1897390 139
1897400 139
1897410 139
1897420 139
1897430 139
1897440 139
1897450 139
1897460 139
1897470 138
1897480 138
1897490 139
1897500 139
1897510 138
1897520 138
1897530 138
1897540 138
1897550 138
1897560 138
1897570 138
1897580 138
1897590 138
1897600 138
1897610 138
1897620 138
1897630 138
1897640 138
1897650 138
1897660 138
1897670 138
1897680 138
1897690 138
1897700 138
1897710 138
1897720 138
1897730 138
1897740 139
1897750 139
1897760 139
1897770 139
1897780 138
1897790 138
1897800 139
1897810 139
1897820 139
1897830 138
1897840 138
1897850 138
1897860 138
1897870 138
1897880 138
1897890 138
1897900 138
1897910 138
1897920 138
1897930 138
1897940 138
1897950 138
1897960 138
1897970 138
1897980 138
1897990 137
1898000 137
1898010 137
1898020 137
1898030 137
1898040 137
1898050 137
1898060 137
1898070 137
1898080 137
1898090 137
1898100 137
1898110 137
1898120 137
1898130 137
1898140 136
1898150 136
1898160 136
1898170 136
1898180 136
1898190 136
1898200 136
1898210 137
1898220 137
1898230 137
1898240 138
1898250 138
1898260 138
1898270 138
1898280 138
1898290 138
1898300 137
1898310 137
1898320 138
1898330 138
1898340 138
1898350 138
1898360 138
1898370 138
1898380 138
1898390 138
1898400 138
1898410 138
1898420 138
1898430 138
1898440 138
1898450 138
1898460 138
1898470 138
1898480 138
1898490 138
1898500 138
1898510 138
1898520 138
1898530 138
1898540 138
1898550 138
1898560 139
1898570 139
1898580 139
1898590 138
1898600 138
1898610 138
1898620 138
1898630 138
1898640 138
1898650 138
1898660 138
1898670 138
1898680 138
1898690 138
1898700 138
1898710 138
1898720 138
1898730 138
1898740 138
1898750 139
1898760 139
1898770 139
1898780 139
1898790 139
1898800 138
1898810 137
1898820 137
1898830 137
1898840 137
1898850 137
1898860 137
1898870 137
1898880 137
1898890 137
1898900 137
1898910 137
1898920 137
1898930 137
1898940 137
1898950 137
1898960 137
1898970 137
1898980 137
1898990 137
1899000 137
1899010 137
1899020 136
1899030 136
1899040 135
1899050 135
1899060 135
1899070 136
1899080 136
1899090 136
1899100 136
1899110 136
1899120 136
1899130 136
1899140 136
1899150 136
1899160 137
1899170 137
1899180 137
1899190 137
1899200 137
1899210 137
1899220 138
1899230 138
1899240 138
1899250 138
1899260 138
1899270 138
1899280 138
1899290 137
1899300 137
1899310 137
1899320 137
1899330 137
1899340 137
1899350 137
1899360 137
1899370 137
1899380 137
1899390 137
1899400 136
1899410 136
1899420 136
1899430 135
