1880000 143
1880010 143
1880020 143
1880030 143
1880040 143
1880050 143
1880060 143
1880070 143
1880080 143
1880090 143
1880100 143
1880110 143
1880120 142
1880130 142
1880140 142
1880150 141
1880160 141
1880170 141
1880180 141
1880190 141
1880200 140
1880210 140
1880220 140
1880230 142
1880240 143
1880250 143
1880260 143
1880270 142
1880280 142
1880290 141
1880300 141
1880310 141
1880320 141
1880330 141
1880340 141
1880350 141
1880360 141
1880370 141
1880380 141
1880390 141
1880400 141
1880410 141
1880420 141
1880430 141
1880440 141
1880450 141
1880460 141
1880470 141
1880480 141
1880490 141
1880500 141
1880510 141
1880520 141
1880530 141
1880540 141
1880550 141
1880560 141
1880570 141
1880580 141
1880590 141
1880600 141
1880610 141
1880620 141
1880630 141
1880640 141
1880650 141
1880660 141
1880670 141
1880680 141
1880690 141
1880700 141
1880710 141
1880720 141
1880730 141
1880740 141
1880750 141
1880760 141
1880770 141
1880780 141
1880790 141
1880800 141
1880810 141
1880820 141
1880830 141
1880840 141
1880850 141
1880860 141
1880870 141
1880880 141
1880890 141
1880900 141
1880910 141
1880920 141
1880930 141
1880940 141
1880950 141
1880960 141
1880970 141
1880980 141
1880990 141
1881000 141
1881010 141
1881020 141
1881030 141
1881040 141
1881050 141
1881060 141
1881070 141
1881080 141
1881090 141
1881100 141
1881110 141
1881120 141
1881130 141
1881140 141
1881150 141
1881160 141
1881170 141
1881180 141
1881190 141
1881200 141
1881210 141
1881220 141
1881230 141
1881240 141
1881250 141
1881260 141
1881270 141
1881280 141
1881290 141
1881300 141
1881310 142
1881320 142
1881330 142
1881340 141
1881350 142
1881360 142
1881370 143
1881380 144
1881390 144
1881400 144
1881410 144
1881420 144
1881430 144
1881440 144
1881450 144
1881460 144
1881470 144
1881480 144
1881490 144
1881500 144
1881510 144
1881520 144
1881530 144
1881540 144
1881550 144
1881560 144
1881570 144
1881580 144
1881590 144
1881600 144
1881610 144
1881620 145
1881630 145
1881640 145
1881650 145
1881660 145
1881670 145
1881680 145
1881690 145
1881700 146
1881710 146
1881720 146
1881730 147
1881740 149
1881750 149
1881760 153
1881770 154
1881780 154
1881790 153
1881800 154
1881810 154
1881820 154
1881830 154
1881840 154
1881850 154
1881860 154
1881870 154
1881880 153
1881890 148
1881900 148
1881910 148
1881920 150
1881930 150
1881940 155
1881950 166
1881960 166
1881970 170
1881980 171
1881990 171
1882000 174
1882010 176
1882020 176
1882030 176
1882040 176
1882050 176
1882060 173
1882070 163
1882080 163
1882090 154
1882100 152
1882110 152
1882120 151
1882130 151
1882140 151
1882150 151
1882160 151
1882170 151
1882180 151
1882190 151
1882200 151
1882210 151
1882220 151
1882230 151
1882240 152
1882250 151
1882260 151
1882270 152
1882280 152
1882290 152
1882300 152
1882310 152
1882320 152
1882330 152
1882340 152
1882350 152
1882360 152
1882370 152
1882380 152
1882390 152
1882400 156
1882410 156
1882420 164
1882430 172
1882440 172
1882450 173
1882460 173
1882470 173
1882480 173
1882490 171
1882500 171
1882510 170
1882520 169
1882530 169
1882540 168
1882550 167
1882560 167
1882570 166
1882580 166
1882590 166
1882600 165
1882610 164
1882620 164
1882630 163
1882640 163
1882650 163
1882660 163
1882670 163
1882680 163
1882690 162
1882700 162
1882710 162
1882720 162
1882730 161
1882740 161
1882750 161
1882760 163
1882770 163
1882780 165
1882790 163
1882800 163
1882810 161
1882820 162
1882830 162
1882840 161
1882850 161
1882860 161
1882870 161
1882880 161
1882890 161
1882900 160
1882910 160
1882920 160
1882930 160
1882940 160
1882950 160
1882960 160
1882970 160
1882980 160
1882990 161
1883000 161
1883010 161
1883020 161
1883030 161
1883040 161
1883050 162
1883060 162
1883070 162
1883080 162
1883090 162
1883100 162
1883110 162
1883120 162
1883130 162
1883140 162
1883150 162
1883160 162
1883170 162
1883180 163
1883190 163
1883200 163
1883210 163
1883220 163
1883230 163
1883240 163
1883250 164
1883260 164
1883270 164
1883280 164
1883290 164
1883300 164
1883310 164
1883320 164
1883330 164
1883340 166
1883350 166
1883360 166
1883370 166
1883380 166
1883390 166
1883400 165
1883410 165
1883420 165
1883430 165
1883440 165
1883450 165
1883460 165
1883470 165
1883480 165
1883490 165
1883500 165
1883510 165
1883520 165
1883530 165
1883540 164
1883550 165
1883560 165
1883570 165
1883580 166
1883590 166
1883600 166
1883610 166
1883620 166
1883630 166
1883640 166
1883650 166
1883660 166
1883670 166
1883680 166
1883690 166
1883700 167
1883710 167
1883720 167
1883730 167
1883740 167
1883750 167
1883760 167
1883770 167
1883780 167
1883790 167
1883800 167
1883810 167
1883820 167
1883830 167
1883840 167
1883850 167
1883860 167
1883870 168
1883880 168
1883890 168
1883900 168
1883910 168
1883920 168
1883930 169
1883940 169
1883950 169
1883960 169
1883970 170
1883980 170
1883990 170
1884000 170
1884010 170
1884020 170
1884030 170
1884040 170
1884050 170
1884060 170
1884070 170
1884080 170
1884090 170
1884100 170
1884110 170
1884120 169
1884130 169
1884140 169
1884150 169
1884160 169
1884170 169
1884180 170
1884190 170
1884200 170
1884210 171
1884220 171
1884230 172
1884240 173
1884250 173
1884260 174
1884270 175
1884280 175
1884290 176
1884300 176
1884310 176
1884320 177
1884330 177
1884340 177
1884350 177
1884360 177
1884370 177
1884380 177
1884390 176
1884400 176
1884410 177
1884420 180
1884430 180
1884440 179
1884450 181
1884460 181
1884470 182
1884480 182
1884490 182
1884500 182
1884510 183
1884520 183
1884530 184
1884540 184
1884550 184
1884560 185
1884570 187
1884580 187
1884590 188
1884600 190
1884610 190
1884620 192
1884630 194
1884640 194
1884650 195
1884660 196
1884670 196
1884680 198
1884690 199
1884700 199
1884710 200
1884720 201
1884730 201
1884740 203
1884750 204
1884760 203
1884770 204
1884780 205
1884790 205
1884800 206
1884810 207
1884820 207
1884830 207
1884840 208
1884850 208
1884860 209
1884870 211
1884880 211
1884890 212
1884900 214
1884910 214
1884920 216
1884930 219
1884940 219
1884950 223
1884960 227
1884970 227
1884980 231
1884990 234
1885000 234
1885010 238
1885020 242
1885030 242
1885040 248
1885050 252
1885060 252
1885070 255
1885080 255
1885090 249
1885100 250
1885110 252
1885120 252
1885130 256
1885140 262
1885150 262
1885160 269
1885170 276
1885180 276
1885190 283
1885200 289
1885210 289
1885220 290
1885230 293
1885240 293
1885250 296
1885260 302
1885270 302
1885280 310
1885290 318
1885300 318
1885310 326
1885320 333
1885330 333
1885340 340
1885350 347
1885360 347
1885370 354
1885380 360
1885390 360
1885400 367
1885410 370
1885420 370
1885430 373
1885440 369
1885450 369
1885460 363
1885470 359
1885480 359
1885490 355
1885500 351
1885510 351
1885520 348
1885530 345
1885540 345
1885550 342
1885560 340
1885570 340
1885580 338
1885590 336
1885600 336
1885610 335
1885620 334
1885630 334
1885640 332
1885650 330
1885660 330
1885670 327
1885680 324
1885690 324
1885700 320
1885710 316
1885720 316
1885730 310
1885740 307
1885750 307
1885760 304
1885770 302
1885780 302
1885790 299
1885800 296
1885810 296
1885820 294
1885830 292
1885840 292
1885850 290
1885860 288
1885870 288
1885880 287
1885890 286
1885900 286
1885910 284
1885920 284
1885930 284
1885940 284
1885950 284
1885960 284
1885970 285
1885980 287
1885990 287
1886000 288
1886010 290
1886020 290
1886030 292
1886040 294
1886050 294
1886060 292
1886070 294
1886080 294
1886090 294
1886100 291
1886110 291
1886120 288
1886130 284
1886140 284
1886150 282
1886160 280
1886170 280
1886180 278
1886190 275
1886200 275
1886210 270
1886220 265
1886230 265
1886240 257
1886250 251
1886260 251
1886270 245
1886280 240
1886290 240
1886300 236
1886310 234
1886320 234
1886330 234
1886340 234
1886350 234
1886360 233
1886370 232
1886380 231
1886390 230
1886400 228
1886410 228
1886420 227
1886430 226
1886440 226
1886450 225
1886460 224
1886470 224
1886480 223
1886490 223
1886500 223
1886510 222
1886520 221
1886530 221
1886540 219
1886550 218
1886560 218
1886570 218
1886580 218
1886590 218
1886600 218
1886610 218
1886620 217
1886630 217
1886640 217
1886650 216
1886660 216
1886670 216
1886680 216
1886690 216
1886700 215
1886710 214
1886720 214
1886730 214
1886740 213
1886750 213
1886760 213
1886770 212
1886780 212
1886790 211
1886800 211
1886810 211
1886820 211
1886830 211
1886840 211
1886850 212
1886860 213
1886870 213
1886880 216
1886890 216
1886900 216
1886910 216
1886920 217
1886930 217
1886940 216
1886950 215
1886960 215
1886970 215
1886980 214
1886990 214
1887000 214
1887010 214
1887020 210
1887030 208
1887040 207
1887050 207
1887060 207
1887070 206
1887080 206
1887090 206
1887100 206
1887110 206
1887120 205
1887130 204
1887140 204
1887150 204
1887160 203
1887170 203
1887180 203
1887190 204
1887200 204
1887210 203
1887220 202
1887230 202
1887240 202
1887250 201
1887260 201
1887270 201
1887280 202
1887290 202
1887300 202
1887310 202
1887320 202
1887330 202
1887340 202
1887350 202
1887360 202
1887370 202
1887380 202
1887390 202
1887400 202
1887410 202
1887420 203
1887430 202
1887440 202
1887450 202
1887460 202
1887470 202
1887480 202
1887490 202
1887500 202
1887510 202
1887520 202
1887530 202
1887540 202
1887550 202
1887560 202
1887570 201
1887580 201
1887590 201
1887600 201
1887610 200
1887620 200
1887630 200
1887640 200
1887650 200
1887660 200
1887670 200
1887680 200
1887690 200
1887700 199
1887710 199
1887720 199
1887730 199
1887740 199
1887750 199
1887760 199
1887770 199
1887780 198
1887790 197
1887800 197
1887810 197
1887820 197
1887830 197
1887840 197
1887850 196
1887860 196
1887870 196
1887880 195
1887890 195
1887900 195
1887910 194
1887920 194
1887930 194
1887940 193
1887950 193
1887960 193
1887970 192
1887980 192
1887990 191
1888000 190
1888010 190
1888020 190
1888030 189
1888040 189
1888050 189
1888060 188
1888070 188
1888080 188
1888090 187
1888100 187
1888110 187
1888120 187
1888130 187
1888140 186
1888150 185
1888160 185
1888170 185
1888180 184
1888190 184
1888200 184
1888210 183
1888220 183
1888230 183
1888240 183
1888250 183
1888260 182
1888270 182
1888280 182
1888290 181
1888300 181
1888310 181
1888320 180
1888330 180
1888340 180
1888350 180
1888360 179
1888370 179
1888380 179
1888390 179
1888400 179
1888410 178
1888420 178
1888430 178
1888440 178
1888450 178
1888460 178
1888470 177
1888480 177
1888490 177
1888500 177
1888510 177
1888520 177
1888530 176
1888540 176
1888550 176
1888560 176
1888570 175
1888580 175
1888590 175
1888600 175
1888610 175
1888620 174
1888630 174
1888640 174
1888650 174
1888660 174
1888670 174
1888680 173
1888690 173
1888700 173
1888710 173
1888720 173
1888730 173
1888740 173
1888750 172
1888760 172
1888770 172
1888780 172
1888790 172
1888800 172
1888810 171
1888820 171
1888830 171
1888840 171
1888850 171
1888860 170
1888870 170
1888880 170
1888890 170
1888900 170
1888910 170
1888920 170
1888930 169
1888940 169
1888950 169
1888960 169
1888970 169
1888980 169
1888990 168
1889000 168
1889010 168
1889020 168
1889030 168
1889040 168
1889050 168
1889060 168
1889070 168
1889080 168
1889090 168
1889100 167
1889110 166
1889120 166
1889130 166
1889140 166
1889150 166
1889160 166
1889170 166
1889180 166
1889190 166
1889200 165
1889210 165
1889220 165
1889230 165
1889240 165
1889250 165
1889260 165
1889270 164
1889280 164
1889290 164
1889300 164
1889310 164
1889320 163
1889330 163
1889340 163
1889350 163
1889360 163
1889370 163
1889380 163
1889390 163
1889400 163
1889410 162
1889420 162
1889430 162
1889440 162
1889450 162
1889460 162
1889470 162
1889480 162
1889490 162
1889500 161
1889510 161
1889520 161
1889530 162
1889540 162
1889550 162
1889560 162
1889570 162
1889580 162
1889590 162
1889600 162
1889610 162
1889620 162
1889630 162
1889640 162
1889650 163
1889660 163
1889670 163
1889680 163
1889690 163
1889700 163
1889710 163
1889720 163
1889730 163
1889740 163
1889750 163
1889760 163
1889770 163
1889780 163
1889790 163
1889800 163
1889810 163
1889820 163
1889830 163
1889840 163
1889850 163
1889860 163
1889870 163
1889880 163
1889890 163
1889900 163
1889910 162
1889920 162
1889930 162
1889940 161
1889950 161
1889960 161
1889970 160
1889980 160
1889990 159
1890000 159
1890010 159
1890020 158
1890030 158
1890040 158
1890050 157
1890060 157
1890070 157
1890080 157
1890090 157
1890100 156
1890110 156
1890120 156
1890130 155
1890140 155
1890150 155
1890160 154
1890170 154
1890180 154
1890190 154
1890200 153
1890210 153
1890220 153
1890230 153
1890240 153
1890250 152
1890260 152
1890270 152
1890280 152
1890290 152
1890300 152
1890310 152
1890320 152
1890330 152
1890340 152
1890350 152
1890360 152
1890370 152
1890380 152
1890390 152
1890400 152
1890410 153
1890420 153
1890430 153
1890440 153
1890450 153
1890460 154
1890470 154
1890480 154
1890490 154
1890500 155
1890510 155
1890520 155
1890530 155
1890540 155
1890550 155
1890560 155
1890570 155
1890580 155
1890590 155
1890600 155
1890610 155
1890620 155
1890630 155
1890640 155
1890650 155
1890660 155
1890670 154
1890680 154
1890690 154
1890700 154
1890710 153
1890720 153
1890730 152
1890740 151
1890750 151
1890760 151
1890770 151
1890780 151
1890790 151
1890800 151
1890810 151
1890820 150
1890830 150
1890840 150
1890850 151
1890860 151
1890870 151
1890880 151
1890890 151
1890900 151
1890910 152
1890920 152
1890930 152
1890940 153
1890950 153
1890960 153
1890970 153
1890980 153
1890990 153
1891000 153
1891010 153
1891020 153
1891030 153
1891040 153
1891050 153
1891060 153
1891070 153
1891080 153
1891090 153
1891100 153
1891110 153
1891120 153
1891130 153
1891140 153
1891150 153
1891160 153
1891170 153
1891180 153
1891190 153
1891200 153
1891210 152
1891220 153
1891230 153
1891240 152
1891250 152
1891260 152
1891270 152
1891280 152
1891290 152
1891300 152
1891310 152
1891320 152
1891330 152
1891340 151
1891350 151
1891360 151
1891370 151
1891380 151
1891390 150
1891400 150
1891410 150
1891420 149
1891430 148
1891440 148
1891450 148
1891460 147
1891470 147
1891480 147
1891490 146
1891500 146
1891510 146
1891520 146
1891530 146
1891540 146
1891550 146
1891560 146
1891570 146
1891580 146
1891590 146
1891600 145
1891610 145
1891620 145
1891630 145
1891640 145
1891650 145
1891660 145
1891670 145
1891680 145
1891690 146
1891700 146
1891710 146
1891720 146
1891730 146
1891740 146
1891750 146
1891760 147
1891770 147
1891780 147
1891790 148
1891800 148
1891810 149
1891820 149
1891830 149
1891840 149
1891850 149
1891860 149
1891870 150
1891880 150
1891890 150
1891900 150
1891910 149
1891920 149
1891930 148
1891940 149
1891950 149
1891960 150
1891970 150
1891980 150
1891990 150
1892000 151
1892010 151
1892020 151
1892030 151
1892040 151
1892050 151
1892060 151
1892070 151
1892080 151
1892090 151
1892100 151
1892110 151
1892120 151
1892130 151
1892140 151
1892150 151
1892160 151
1892170 151
1892180 151
1892190 151
1892200 151
1892210 151
1892220 151
1892230 151
1892240 151
1892250 151
1892260 151
1892270 151
1892280 151
1892290 150
1892300 150
1892310 150
1892320 150
1892330 150
1892340 150
1892350 150
1892360 150
1892370 150
1892380 150
1892390 150
1892400 150
1892410 150
1892420 150
1892430 150
1892440 150
1892450 150
1892460 150
1892470 150
1892480 150
1892490 150
1892500 150
1892510 150
1892520 150
1892530 150
1892540 150
1892550 150
1892560 149
1892570 149
1892580 149
1892590 150
1892600 150
1892610 150
1892620 149
1892630 149
1892640 149
1892650 149
1892660 149
1892670 149
1892680 150
1892690 150
1892700 150
1892710 149
1892720 149
1892730 149
1892740 149
1892750 149
1892760 149
1892770 149
1892780 149
1892790 149
1892800 149
1892810 149
1892820 149
1892830 149
1892840 149
1892850 149
1892860 149
1892870 149
1892880 149
1892890 149
1892900 148
1892910 148
1892920 148
1892930 148
1892940 148
1892950 147
1892960 147
1892970 147
1892980 146
1892990 146
1893000 146
1893010 145
1893020 144
1893030 144
1893040 142
1893050 141
1893060 141
1893070 141
1893080 141
1893090 141
1893100 141
1893110 140
1893120 140
1893130 140
1893140 140
1893150 140
1893160 139
1893170 139
1893180 139
1893190 139
1893200 138
1893210 138
1893220 138
1893230 139
1893240 139
1893250 139
1893260 139
1893270 139
1893280 139
1893290 139
1893300 139
1893310 139
1893320 139
1893330 139
1893340 139
1893350 139
1893360 139
1893370 139
1893380 139
1893390 139
1893400 139
1893410 138
1893420 139
1893430 139
1893440 139
1893450 139
1893460 139
1893470 139
1893480 138
1893490 138
1893500 138
1893510 138
1893520 138
1893530 138
1893540 139
1893550 139
1893560 139
1893570 138
1893580 138
1893590 138
1893600 138
1893610 138
1893620 139
1893630 140
1893640 140
1893650 140
1893660 139
1893670 139
1893680 140
1893690 140
1893700 140
1893710 140
1893720 140
1893730 140
1893740 140
1893750 139
1893760 139
1893770 139
1893780 139
1893790 139
1893800 139
1893810 140
1893820 140
1893830 140
1893840 139
1893850 139
1893860 138
1893870 138
1893880 138
1893890 138
1893900 138
1893910 138
1893920 139
1893930 139
1893940 139
1893950 139
1893960 138
1893970 138
1893980 138
1893990 138
1894000 138
1894010 138
1894020 138
1894030 138
1894040 138
1894050 138
1894060 138
1894070 138
1894080 138
1894090 138
1894100 138
1894110 138
1894120 138
1894130 138
1894140 138
1894150 138
1894160 137
1894170 136
1894180 136
1894190 137
1894200 138
1894210 138
1894220 139
1894230 138
1894240 138
1894250 138
1894260 138
1894270 138
1894280 138
1894290 137
1894300 137
1894310 137
1894320 138
1894330 138
1894340 138
1894350 138
1894360 138
1894370 138
1894380 138
1894390 138
1894400 137
1894410 138
1894420 138
1894430 138
1894440 138
1894450 138
1894460 138
1894470 139
1894480 139
1894490 140
1894500 140
1894510 140
1894520 140
1894530 140
1894540 140
1894550 140
1894560 140
1894570 140
1894580 140
1894590 140
1894600 140
1894610 140
1894620 140
1894630 140
1894640 139
1894650 139
1894660 139
1894670 139
1894680 140
1894690 140
1894700 140
1894710 140
1894720 140
1894730 140
1894740 140
1894750 140
1894760 139
1894770 139
1894780 139
1894790 139
1894800 139
1894810 139
1894820 139
1894830 139
1894840 139
1894850 139
1894860 139
1894870 139
1894880 139
1894890 139
1894900 139
1894910 139
1894920 139
1894930 139
1894940 139
1894950 139
1894960 139
1894970 139
1894980 139
1894990 139
1895000 139
1895010 139
1895020 139
1895030 139
1895040 139
1895050 139
1895060 139
1895070 139
1895080 139
1895090 138
1895100 138
1895110 138
1895120 138
1895130 138
1895140 138
1895150 138
1895160 139
1895170 139
1895180 139
1895190 139
1895200 139
1895210 139
1895220 139
1895230 139
1895240 139
1895250 139
1895260 139
1895270 139
1895280 139
1895290 139
1895300 139
1895310 138
1895320 138
1895330 139
1895340 139
1895350 139
1895360 139
1895370 139
1895380 139
1895390 139
1895400 139
1895410 139
1895420 139
1895430 139
1895440 139
1895450 139
1895460 139
1895470 139
1895480 139
1895490 139
1895500 139
1895510 139
1895520 139
1895530 139
1895540 139
1895550 139
1895560 139
1895570 139
1895580 139
1895590 139
1895600 138
1895610 139
1895620 139
1895630 139
1895640 139
1895650 139
1895660 139
1895670 139
1895680 139
1895690 139
1895700 139
1895710 139
1895720 139
1895730 138
1895740 138
1895750 138
1895760 138
1895770 138
1895780 138
1895790 139
1895800 139
1895810 139
1895820 139
1895830 139
1895840 139
1895850 139
1895860 139
1895870 139
1895880 139
1895890 139
1895900 139
1895910 139
1895920 139
1895930 138
1895940 138
1895950 138
1895960 138
1895970 138
1895980 138
1895990 137
1896000 137
1896010 137
1896020 136
1896030 136
1896040 136
1896050 136
1896060 135
1896070 135
1896080 135
1896090 135
1896100 135
1896110 135
1896120 135
1896130 135
1896140 135
1896150 135
1896160 135
1896170 135
1896180 135
1896190 135
1896200 135
1896210 135
1896220 135
1896230 135
1896240 135
1896250 135
1896260 135
1896270 135
1896280 135
1896290 135
1896300 135
1896310 135
1896320 135
1896330 135
1896340 135
1896350 135
1896360 135
1896370 135
1896380 135
1896390 135
1896400 135
1896410 135
1896420 135
1896430 135
1896440 135
1896450 135
1896460 135
1896470 135
1896480 135
1896490 135
1896500 135
1896510 135
1896520 135
1896530 135
1896540 135
1896550 135
1896560 135
1896570 135
1896580 135
1896590 135
1896600 135
1896610 135
1896620 135
1896630 135
1896640 135
1896650 135
1896660 135
1896670 135
1896680 135
1896690 135
1896700 135
1896710 135
1896720 135
1896730 135
1896740 135
1896750 135
1896760 135
1896770 135
1896780 135
1896790 135
1896800 135
1896810 135
1896820 135
1896830 135
1896840 135
1896850 135
1896860 136
1896870 135
1896880 135
1896890 135
1896900 135
1896910 136
1896920 136
1896930 136
1896940 136
1896950 136
1896960 137
1896970 137
1896980 137
1896990 138
1897000 138
1897010 138
1897020 138
1897030 138
1897040 138
1897050 139
1897060 139
1897070 139
1897080 139
1897090 139
1897100 139
1897110 139
1897120 139
1897130 139
1897140 139
1897150 139
1897160 139
1897170 139
1897180 139
1897190 139
1897200 139
1897210 139
1897220 139
1897230 139
1897240 139
1897250 139
1897260 139
1897270 139
1897280 139
1897290 139
1897300 139
1897310 139
1897320 139
1897330 139
1897340 139
1897350 138
1897360 139
1897370 139
1897380 139
1897390 139
1897400 139
1897410 139
1897420 139
1897430 139
1897440 139
1897450 139
1897460 139
1897470 139
1897480 139
1897490 139
1897500 139
1897510 139
1897520 139
1897530 138
1897540 139
1897550 139
1897560 139
1897570 138
1897580 138
1897590 138
1897600 138
1897610 138
1897620 138
1897630 138
1897640 138
1897650 138
1897660 138
1897670 138
1897680 138
1897690 138
1897700 138
1897710 138
1897720 138
1897730 138
1897740 138
1897750 138
1897760 138
1897770 138
1897780 138
1897790 138
1897800 138
1897810 138
1897820 138
1897830 138
1897840 138
1897850 138
1897860 138
1897870 138
1897880 138
1897890 138
1897900 138
1897910 138
1897920 139
1897930 138
1897940 138
1897950 138
1897960 138
1897970 138
1897980 139
1897990 139
1898000 139
1898010 139
1898020 139
1898030 139
1898040 139
1898050 138
1898060 138
1898070 138
1898080 139
1898090 139
1898100 138
1898110 138
1898120 138
1898130 138
1898140 137
1898150 137
1898160 138
1898170 138
1898180 138
1898190 138
1898200 138
1898210 138
1898220 138
1898230 139
1898240 139
1898250 138
1898260 138
1898270 138
1898280 138
1898290 138
1898300 138
1898310 138
1898320 138
1898330 138
1898340 138
1898350 138
1898360 138
1898370 138
1898380 138
1898390 138
1898400 138
1898410 138
1898420 138
1898430 138
1898440 138
1898450 138
1898460 138
1898470 137
1898480 137
1898490 137
1898500 137
1898510 137
1898520 137
1898530 137
1898540 137
1898550 137
1898560 137
1898570 137
1898580 137
1898590 137
1898600 137
1898610 137
1898620 137
1898630 137
1898640 137
1898650 137
1898660 137
1898670 137
1898680 138
1898690 138
1898700 137
1898710 137
1898720 137
1898730 138
1898740 138
1898750 138
1898760 138
1898770 138
1898780 138
1898790 137
1898800 136
1898810 136
1898820 137
1898830 138
1898840 138
1898850 137
1898860 137
1898870 137
1898880 137
1898890 137
1898900 137
1898910 137
1898920 138
1898930 138
1898940 138
1898950 137
1898960 137
1898970 136
1898980 136
1898990 136
1899000 136
1899010 137
1899020 137
1899030 137
1899040 138
1899050 138
1899060 138
1899070 138
1899080 138
1899090 138
1899100 138
1899110 138
1899120 138
1899130 138
1899140 138
1899150 137
1899160 137
1899170 137
1899180 137
1899190 137
1899200 137
1899210 137
1899220 137
1899230 137
1899240 137
1899250 138
1899260 138
1899270 138
1899280 138
1899290 138
1899300 137
1899310 137
1899320 137
1880000 143
1880010 143
1880020 143
1880030 143
1880040 143
1880050 143
1880060 143
1880070 143
1880080 143
1880090 143
1880100 143
1880110 143
1880120 142
1880130 142
1880140 142
1880150 141
1880160 141
1880170 141
1880180 141
1880190 141
1880200 140
1880210 140
1880220 140
1880230 142
1880240 143
1880250 143
1880260 143
1880270 142
1880280 142
1880290 141
1880300 141
1880310 141
1880320 141
1880330 141
1880340 141
1880350 141
1880360 141
1880370 141
1880380 141
1880390 141
1880400 141
1880410 141
1880420 141
1880430 141
1880440 141
1880450 141
1880460 141
1880470 141
1880480 141
1880490 141
1880500 141
1880510 141
1880520 141
1880530 141
1880540 141
1880550 141
1880560 141
1880570 141
1880580 141
1880590 141
1880600 141
1880610 141
1880620 141
1880630 141
1880640 141
1880650 141
1880660 141
1880670 141
1880680 141
1880690 141
1880700 141
1880710 141
1880720 141
1880730 141
1880740 141
1880750 141
1880760 141
1880770 141
1880780 141
1880790 141
1880800 141
1880810 141
1880820 141
1880830 141
1880840 141
1880850 141
1880860 141
1880870 141
1880880 141
1880890 141
1880900 141
1880910 141
1880920 141
1880930 141
1880940 141
1880950 141
1880960 141
1880970 141
1880980 141
1880990 141
1881000 141
1881010 141
1881020 141
1881030 141
1881040 141
1881050 141
1881060 141
1881070 141
1881080 141
1881090 141
1881100 141
1881110 141
1881120 141
1881130 141
1881140 141
1881150 141
1881160 141
1881170 141
1881180 141
1881190 141
1881200 141
1881210 141
1881220 141
1881230 141
1881240 141
1881250 141
1881260 141
1881270 141
1881280 141
1881290 141
1881300 141
1881310 142
1881320 142
1881330 142
1881340 141
1881350 142
1881360 142
1881370 143
1881380 144
1881390 144
1881400 144
1881410 144
1881420 144
1881430 144
1881440 144
1881450 144
1881460 144
1881470 144
1881480 144
1881490 144
1881500 144
1881510 144
1881520 144
1881530 144
1881540 144
1881550 144
1881560 144
1881570 144
1881580 144
1881590 144
1881600 144
1881610 144
1881620 145
1881630 145
1881640 145
1881650 145
1881660 145
1881670 145
1881680 145
1881690 145
1881700 146
1881710 146
1881720 146
1881730 147
1881740 149
1881750 149
1881760 153
1881770 154
1881780 154
1881790 153
1881800 154
1881810 154
1881820 154
1881830 154
1881840 154
1881850 154
1881860 154
1881870 154
1881880 153
1881890 148
1881900 148
1881910 148
1881920 150
1881930 150
1881940 155
1881950 166
1881960 166
1881970 170
1881980 171
1881990 171
1882000 174
1882010 176
1882020 176
1882030 176
1882040 176
1882050 176
1882060 173
1882070 163
1882080 163
1882090 154
1882100 152
1882110 152
1882120 151
1882130 151
1882140 151
1882150 151
1882160 151
1882170 151
1882180 151
1882190 151
1882200 151
1882210 151
1882220 151
1882230 151
1882240 152
1882250 151
1882260 151
1882270 152
1882280 152
1882290 152
1882300 152
1882310 152
1882320 152
1882330 152
1882340 152
1882350 152
1882360 152
1882370 152
1882380 152
1882390 152
1882400 156
1882410 156
1882420 164
1882430 172
1882440 172
1882450 173
1882460 173
1882470 173
1882480 173
1882490 171
1882500 171
1882510 170
1882520 169
1882530 169
1882540 168
1882550 167
1882560 167
1882570 166
1882580 166
1882590 166
1882600 165
1882610 164
1882620 164
1882630 163
1882640 163
1882650 163
1882660 163
1882670 163
1882680 163
1882690 162
1882700 162
1882710 162
1882720 162
1882730 161
1882740 161
1882750 161
1882760 163
1882770 163
1882780 165
1882790 163
1882800 163
1882810 161
1882820 162
1882830 162
1882840 161
1882850 161
1882860 161
1882870 161
1882880 161
1882890 161
1882900 160
1882910 160
1882920 160
1882930 160
1882940 160
1882950 160
1882960 160
1882970 160
1882980 160
1882990 161
1883000 161
1883010 161
1883020 161
1883030 161
1883040 161
1883050 162
1883060 162
1883070 162
1883080 162
1883090 162
1883100 162
1883110 162
1883120 162
1883130 162
1883140 162
1883150 162
1883160 162
1883170 162
1883180 163
1883190 163
1883200 163
1883210 163
1883220 163
1883230 163
1883240 163
1883250 164
1883260 164
1883270 164
1883280 164
1883290 164
1883300 164
1883310 164
1883320 164
1883330 164
1883340 166
1883350 166
1883360 166
1883370 166
1883380 166
1883390 166
1883400 165
1883410 165
1883420 165
1883430 165
1883440 165
1883450 165
1883460 165
1883470 165
1883480 165
1883490 165
1883500 165
1883510 165
1883520 165
1883530 165
1883540 164
1883550 165
1883560 165
1883570 165
1883580 166
1883590 166
1883600 166
1883610 166
1883620 166
1883630 166
1883640 166
1883650 166
1883660 166
1883670 166
1883680 166
1883690 166
1883700 167
1883710 167
1883720 167
1883730 167
1883740 167
1883750 167
1883760 167
1883770 167
1883780 167
1883790 167
1883800 167
1883810 167
1883820 167
1883830 167
1883840 167
1883850 167
1883860 167
1883870 168
1883880 168
1883890 168
1883900 168
1883910 168
1883920 168
1883930 169
1883940 169
1883950 169
1883960 169
1883970 170
1883980 170
1883990 170
1884000 170
1884010 170
1884020 170
1884030 170
1884040 170
1884050 170
1884060 170
1884070 170
1884080 170
1884090 170
1884100 170
1884110 170
1884120 169
1884130 169
1884140 169
1884150 169
1884160 169
1884170 169
1884180 170
1884190 170
1884200 170
1884210 171
1884220 171
1884230 172
1884240 173
1884250 173
1884260 174
1884270 175
1884280 175
1884290 176
1884300 176
1884310 176
1884320 177
1884330 177
1884340 177
1884350 177
1884360 177
1884370 177
1884380 177
1884390 176
1884400 176
1884410 177
1884420 180
1884430 180
1884440 179
1884450 181
1884460 181
1884470 182
1884480 182
1884490 182
1884500 182
1884510 183
1884520 183
1884530 184
1884540 184
1884550 184
1884560 185
1884570 187
1884580 187
1884590 188
1884600 190
1884610 190
1884620 192
1884630 194
1884640 194
1884650 195
1884660 196
1884670 196
1884680 198
1884690 199
1884700 199
1884710 200
1884720 201
1884730 201
1884740 203
1884750 204
1884760 203
1884770 204
1884780 205
1884790 205
1884800 206
1884810 207
1884820 207
1884830 207
1884840 208
1884850 208
1884860 209
1884870 211
1884880 211
1884890 212
1884900 214
1884910 214
1884920 216
1884930 219
1884940 219
1884950 223
1884960 227
1884970 227
1884980 231
1884990 234
1885000 234
1885010 238
1885020 242
1885030 242
1885040 248
1885050 252
1885060 252
1885070 255
1885080 255
1885090 249
1885100 250
1885110 252
1885120 252
1885130 256
1885140 262
1885150 262
1885160 269
1885170 276
1885180 276
1885190 283
1885200 289
1885210 289
1885220 290
1885230 293
1885240 293
1885250 296
1885260 302
1885270 302
1885280 310
1885290 318
1885300 318
1885310 326
1885320 333
1885330 333
1885340 340
1885350 347
1885360 347
1885370 354
1885380 360
1885390 360
1885400 367
1885410 370
1885420 370
1885430 373
1885440 369
1885450 369
1885460 363
1885470 359
1885480 359
1885490 355
1885500 351
1885510 351
1885520 348
1885530 345
1885540 345
1885550 342
1885560 340
1885570 340
1885580 338
1885590 336
1885600 336
1885610 335
1885620 334
1885630 334
1885640 332
1885650 330
1885660 330
1885670 327
1885680 324
1885690 324
1885700 320
1885710 316
1885720 316
1885730 310
1885740 307
1885750 307
1885760 304
1885770 302
1885780 302
1885790 299
1885800 296
1885810 296
1885820 294
1885830 292
1885840 292
1885850 290
1885860 288
1885870 288
1885880 287
1885890 286
1885900 286
1885910 284
1885920 284
1885930 284
1885940 284
1885950 284
1885960 284
1885970 285
1885980 287
1885990 287
1886000 288
1886010 290
1886020 290
1886030 292
1886040 294
1886050 294
1886060 292
1886070 294
1886080 294
1886090 294
1886100 291
1886110 291
1886120 288
1886130 284
1886140 284
1886150 282
1886160 280
1886170 280
1886180 278
1886190 275
1886200 275
1886210 270
1886220 265
1886230 265
1886240 257
1886250 251
1886260 251
1886270 245
1886280 240
1886290 240
1886300 236
1886310 234
1886320 234
1886330 234
1886340 234
1886350 234
1886360 233
1886370 232
1886380 231
1886390 230
1886400 228
1886410 228
1886420 227
1886430 226
1886440 226
1886450 225
1886460 224
1886470 224
1886480 223
1886490 223
1886500 223
1886510 222
1886520 221
1886530 221
1886540 219
1886550 218
1886560 218
1886570 218
1886580 218
1886590 218
1886600 218
1886610 218
1886620 217
1886630 217
1886640 217
1886650 216
1886660 216
1886670 216
1886680 216
1886690 216
1886700 215
1886710 214
1886720 214
1886730 214
1886740 213
1886750 213
1886760 213
1886770 212
1886780 212
1886790 211
1886800 211
1886810 211
1886820 211
1886830 211
1886840 211
1886850 212
1886860 213
1886870 213
1886880 216
1886890 216
1886900 216
1886910 216
1886920 217
1886930 217
1886940 216
1886950 215
1886960 215
1886970 215
1886980 214
1886990 214
1887000 214
1887010 214
1887020 210
1887030 208
1887040 207
1887050 207
1887060 207
1887070 206
1887080 206
1887090 206
1887100 206
1887110 206
1887120 205
1887130 204
1887140 204
1887150 204
1887160 203
1887170 203
1887180 203
1887190 204
1887200 204
1887210 203
1887220 202
1887230 202
1887240 202
1887250 201
1887260 201
1887270 201
1887280 202
1887290 202
1887300 202
1887310 202
1887320 202
1887330 202
1887340 202
1887350 202
1887360 202
1887370 202
1887380 202
1887390 202
1887400 202
1887410 202
1887420 203
1887430 202
1887440 202
1887450 202
1887460 202
1887470 202
1887480 202
1887490 202
1887500 202
1887510 202
1887520 202
1887530 202
1887540 202
1887550 202
1887560 202
1887570 201
1887580 201
1887590 201
1887600 201
1887610 200
1887620 200
1887630 200
1887640 200
1887650 200
1887660 200
1887670 200
1887680 200
1887690 200
1887700 199
1887710 199
1887720 199
1887730 199
1887740 199
1887750 199
1887760 199
1887770 199
1887780 198
1887790 197
1887800 197
1887810 197
1887820 197
1887830 197
1887840 197
1887850 196
1887860 196
1887870 196
1887880 195
1887890 195
1887900 195
1887910 194
1887920 194
1887930 194
1887940 193
1887950 193
1887960 193
1887970 192
1887980 192
1887990 191
1888000 190
1888010 190
1888020 190
1888030 189
1888040 189
1888050 189
1888060 188
1888070 188
1888080 188
1888090 187
1888100 187
1888110 187
1888120 187
1888130 187
1888140 186
1888150 185
1888160 185
1888170 185
1888180 184
1888190 184
1888200 184
1888210 183
1888220 183
1888230 183
1888240 183
1888250 183
1888260 182
1888270 182
1888280 182
1888290 181
1888300 181
1888310 181
1888320 180
1888330 180
1888340 180
1888350 180
1888360 179
1888370 179
1888380 179
1888390 179
1888400 179
1888410 178
1888420 178
1888430 178
1888440 178
1888450 178
1888460 178
1888470 177
1888480 177
1888490 177
1888500 177
1888510 177
1888520 177
1888530 176
1888540 176
1888550 176
1888560 176
1888570 175
1888580 175
1888590 175
1888600 175
1888610 175
1888620 174
1888630 174
1888640 174
1888650 174
1888660 174
1888670 174
1888680 173
1888690 173
1888700 173
1888710 173
1888720 173
1888730 173
1888740 173
1888750 172
1888760 172
1888770 172
1888780 172
1888790 172
1888800 172
1888810 171
1888820 171
1888830 171
1888840 171
1888850 171
1888860 170
1888870 170
1888880 170
1888890 170
1888900 170
1888910 170
1888920 170
1888930 169
1888940 169
1888950 169
1888960 169
1888970 169
1888980 169
1888990 168
1889000 168
1889010 168
1889020 168
1889030 168
1889040 168
1889050 168
1889060 168
1889070 168
1889080 168
1889090 168
1889100 167
1889110 166
1889120 166
1889130 166
1889140 166
1889150 166
1889160 166
1889170 166
1889180 166
1889190 166
1889200 165
1889210 165
1889220 165
1889230 165
1889240 165
1889250 165
1889260 165
1889270 164
1889280 164
1889290 164
1889300 164
1889310 164
1889320 163
1889330 163
1889340 163
1889350 163
1889360 163
1889370 163
1889380 163
1889390 163
1889400 163
1889410 162
1889420 162
1889430 162
1889440 162
1889450 162
1889460 162
1889470 162
1889480 162
1889490 162
1889500 161
1889510 161
1889520 161
1889530 162
1889540 162
1889550 162
1889560 162
1889570 162
1889580 162
1889590 162
1889600 162
1889610 162
1889620 162
1889630 162
1889640 162
1889650 163
1889660 163
1889670 163
1889680 163
1889690 163
1889700 163
1889710 163
1889720 163
1889730 163
1889740 163
1889750 163
1889760 163
1889770 163
1889780 163
1889790 163
1889800 163
1889810 163
1889820 163
1889830 163
1889840 163
1889850 163
1889860 163
1889870 163
1889880 163
1889890 163
1889900 163
1889910 162
1889920 162
1889930 162
1889940 161
1889950 161
1889960 161
1889970 160
1889980 160
1889990 159
1890000 159
1890010 159
1890020 158
1890030 158
1890040 158
1890050 157
1890060 157
1890070 157
1890080 157
1890090 157
1890100 156
1890110 156
1890120 156
1890130 155
1890140 155
1890150 155
1890160 154
1890170 154
1890180 154
1890190 154
1890200 153
1890210 153
1890220 153
1890230 153
1890240 153
1890250 152
1890260 152
1890270 152
1890280 152
1890290 152
1890300 152
1890310 152
1890320 152
1890330 152
1890340 152
1890350 152
1890360 152
1890370 152
1890380 152
1890390 152
1890400 152
1890410 153
1890420 153
1890430 153
1890440 153
1890450 153
1890460 154
1890470 154
1890480 154
1890490 154
1890500 155
1890510 155
1890520 155
1890530 155
1890540 155
1890550 155
1890560 155
1890570 155
1890580 155
1890590 155
1890600 155
1890610 155
1890620 155
1890630 155
1890640 155
1890650 155
1890660 155
1890670 154
1890680 154
1890690 154
1890700 154
1890710 153
1890720 153
1890730 152
1890740 151
1890750 151
1890760 151
1890770 151
1890780 151
1890790 151
1890800 151
1890810 151
1890820 150
1890830 150
1890840 150
1890850 151
1890860 151
1890870 151
1890880 151
1890890 151
1890900 151
1890910 152
1890920 152
1890930 152
1890940 153
1890950 153
1890960 153
1890970 153
1890980 153
1890990 153
1891000 153
1891010 153
1891020 153
1891030 153
1891040 153
1891050 153
1891060 153
1891070 153
1891080 153
1891090 153
1891100 153
1891110 153
1891120 153
1891130 153
1891140 153
1891150 153
1891160 153
1891170 153
1891180 153
1891190 153
1891200 153
1891210 152
1891220 153
1891230 153
1891240 152
1891250 152
1891260 152
1891270 152
1891280 152
1891290 152
1891300 152
1891310 152
1891320 152
1891330 152
1891340 151
1891350 151
1891360 151
1891370 151
1891380 151
1891390 150
1891400 150
1891410 150
1891420 149
1891430 148
1891440 148
1891450 148
1891460 147
1891470 147
1891480 147
1891490 146
1891500 146
1891510 146
1891520 146
1891530 146
1891540 146
1891550 146
1891560 146
1891570 146
1891580 146
1891590 146
1891600 145
1891610 145
1891620 145
1891630 145
1891640 145
1891650 145
1891660 145
1891670 145
1891680 145
1891690 146
1891700 146
1891710 146
1891720 146
1891730 146
1891740 146
1891750 146
1891760 147
1891770 147
1891780 147
1891790 148
1891800 148
1891810 149
1891820 149
1891830 149
1891840 149
1891850 149
1891860 149
1891870 150
1891880 150
1891890 150
1891900 150
1891910 149
1891920 149
1891930 148
1891940 149
1891950 149
1891960 150
1891970 150
1891980 150
1891990 150
1892000 151
1892010 151
1892020 151
1892030 151
1892040 151
1892050 151
1892060 151
1892070 151
1892080 151
1892090 151
1892100 151
1892110 151
1892120 151
1892130 151
1892140 151
1892150 151
1892160 151
1892170 151
1892180 151
1892190 151
1892200 151
1892210 151
1892220 151
1892230 151
1892240 151
1892250 151
1892260 151
1892270 151
1892280 151
1892290 150
1892300 150
1892310 150
1892320 150
1892330 150
1892340 150
1892350 150
1892360 150
1892370 150
1892380 150
1892390 150
1892400 150
1892410 150
1892420 150
1892430 150
1892440 150
1892450 150
1892460 150
1892470 150
1892480 150
1892490 150
1892500 150
1892510 150
1892520 150
1892530 150
1892540 150
1892550 150
1892560 149
1892570 149
1892580 149
1892590 150
1892600 150
1892610 150
1892620 149
1892630 149
1892640 149
1892650 149
1892660 149
1892670 149
1892680 150
1892690 150
1892700 150
1892710 149
1892720 149
1892730 149
1892740 149
1892750 149
1892760 149
1892770 149
1892780 149
1892790 149
1892800 149
1892810 149
1892820 149
1892830 149
1892840 149
1892850 149
1892860 149
1892870 149
1892880 149
1892890 149
1892900 148
1892910 148
1892920 148
1892930 148
1892940 148
1892950 147
1892960 147
1892970 147
1892980 146
1892990 146
1893000 146
1893010 145
1893020 144
1893030 144
1893040 142
1893050 141
1893060 141
1893070 141
1893080 141
1893090 141
1893100 141
1893110 140
1893120 140
1893130 140
1893140 140
1893150 140
1893160 139
1893170 139
1893180 139
1893190 139
1893200 138
1893210 138
1893220 138
1893230 139
1893240 139
1893250 139
1893260 139
1893270 139
1893280 139
1893290 139
1893300 139
1893310 139
1893320 139
1893330 139
1893340 139
1893350 139
1893360 139
1893370 139
1893380 139
1893390 139
1893400 139
1893410 138
1893420 139
1893430 139
1893440 139
1893450 139
1893460 139
1893470 139
1893480 138
1893490 138
1893500 138
1893510 138
1893520 138
1893530 138
1893540 139
1893550 139
1893560 139
1893570 138
1893580 138
1893590 138
1893600 138
1893610 138
1893620 139
1893630 140
1893640 140
1893650 140
1893660 139
1893670 139
1893680 140
1893690 140
1893700 140
1893710 140
1893720 140
1893730 140
1893740 140
1893750 139
1893760 139
1893770 139
1893780 139
1893790 139
1893800 139
1893810 140
1893820 140
1893830 140
1893840 139
1893850 139
1893860 138
1893870 138
1893880 138
1893890 138
1893900 138
1893910 138
1893920 139
1893930 139
1893940 139
1893950 139
1893960 138
1893970 138
1893980 138
1893990 138
1894000 138
1894010 138
1894020 138
1894030 138
1894040 138
1894050 138
1894060 138
1894070 138
1894080 138
1894090 138
1894100 138
1894110 138
1894120 138
1894130 138
1894140 138
1894150 138
1894160 137
1894170 136
1894180 136
1894190 137
1894200 138
1894210 138
1894220 139
1894230 138
1894240 138
1894250 138
1894260 138
1894270 138
1894280 138
1894290 137
1894300 137
1894310 137
1894320 138
1894330 138
1894340 138
1894350 138
1894360 138
1894370 138
1894380 138
1894390 138
1894400 137
1894410 138
1894420 138
1894430 138
1894440 138
1894450 138
1894460 138
1894470 139
1894480 139
1894490 140
1894500 140
1894510 140
1894520 140
1894530 140
1894540 140
1894550 140
1894560 140
1894570 140
1894580 140
1894590 140
1894600 140
1894610 140
1894620 140
1894630 140
1894640 139
1894650 139
1894660 139
1894670 139
1894680 140
1894690 140
1894700 140
1894710 140
1894720 140
1894730 140
1894740 140
1894750 140
1894760 139
1894770 139
1894780 139
1894790 139
1894800 139
1894810 139
1894820 139
1894830 139
1894840 139
1894850 139
1894860 139
1894870 139
1894880 139
1894890 139
1894900 139
1894910 139
1894920 139
1894930 139
1894940 139
1894950 139
1894960 139
1894970 139
1894980 139
1894990 139
1895000 139
1895010 139
1895020 139
1895030 139
1895040 139
1895050 139
1895060 139
1895070 139
1895080 139
1895090 138
1895100 138
1895110 138
1895120 138
1895130 138
1895140 138
1895150 138
1895160 139
1895170 139
1895180 139
1895190 139
1895200 139
1895210 139
1895220 139
1895230 139
1895240 139
1895250 139
1895260 139
1895270 139
1895280 139
1895290 139
1895300 139
1895310 138
1895320 138
1895330 139
1895340 139
1895350 139
1895360 139
1895370 139
1895380 139
1895390 139
1895400 139
1895410 139
1895420 139
1895430 139
1895440 139
1895450 139
1895460 139
1895470 139
1895480 139
1895490 139
1895500 139
1895510 139
1895520 139
1895530 139
1895540 139
1895550 139
1895560 139
1895570 139
1895580 139
1895590 139
1895600 138
1895610 139
1895620 139
1895630 139
1895640 139
1895650 139
1895660 139
1895670 139
1895680 139
1895690 139
1895700 139
1895710 139
1895720 139
1895730 138
1895740 138
1895750 138
1895760 138
1895770 138
1895780 138
1895790 139
1895800 139
1895810 139
1895820 139
1895830 139
1895840 139
1895850 139
1895860 139
1895870 139
1895880 139
1895890 139
1895900 139
1895910 139
1895920 139
1895930 138
1895940 138
1895950 138
1895960 138
1895970 138
1895980 138
1895990 137
1896000 137
1896010 137
1896020 136
1896030 136
1896040 136
1896050 136
1896060 135
1896070 135
1896080 135
1896090 135
1896100 135
1896110 135
1896120 135
1896130 135
1896140 135
1896150 135
1896160 135
1896170 135
1896180 135
1896190 135
1896200 135
1896210 135
1896220 135
1896230 135
1896240 135
1896250 135
1896260 135
1896270 135
1896280 135
1896290 135
1896300 135
1896310 135
1896320 135
1896330 135
1896340 135
1896350 135
1896360 135
1896370 135
1896380 135
1896390 135
1896400 135
1896410 135
1896420 135
1896430 135
1896440 135
1896450 135
1896460 135
1896470 135
1896480 135
1896490 135
1896500 135
1896510 135
1896520 135
1896530 135
1896540 135
1896550 135
1896560 135
1896570 135
1896580 135
1896590 135
1896600 135
1896610 135
1896620 135
1896630 135
1896640 135
1896650 135
1896660 135
1896670 135
1896680 135
1896690 135
1896700 135
1896710 135
1896720 135
1896730 135
1896740 135
1896750 135
1896760 135
1896770 135
1896780 135
1896790 135
1896800 135
1896810 135
1896820 135
1896830 135
1896840 135
1896850 135
1896860 136
1896870 135
1896880 135
1896890 135
1896900 135
1896910 136
1896920 136
1896930 136
1896940 136
1896950 136
1896960 137
1896970 137
1896980 137
1896990 138
1897000 138
1897010 138
1897020 138
1897030 138
1897040 138
1897050 139
1897060 139
1897070 139
1897080 139
1897090 139
1897100 139
1897110 139
1897120 139
1897130 139
1897140 139
1897150 139
1897160 139
1897170 139
1897180 139
1897190 139
1897200 139
1897210 139
1897220 139
1897230 139
1897240 139
1897250 139
1897260 139
1897270 139
1897280 139
1897290 139
1897300 139
1897310 139
1897320 139
1897330 139
1897340 139
1897350 138
1897360 139
1897370 139
1897380 139
1897390 139
1897400 139
1897410 139
1897420 139
1897430 139
1897440 139
1897450 139
1897460 139
1897470 139
1897480 139
1897490 139
1897500 139
1897510 139
1897520 139
1897530 138
1897540 139
1897550 139
1897560 139
1897570 138
1897580 138
1897590 138
1897600 138
1897610 138
1897620 138
1897630 138
1897640 138
1897650 138
1897660 138
1897670 138
1897680 138
1897690 138
1897700 138
1897710 138
1897720 138
1897730 138
1897740 138
1897750 138
1897760 138
1897770 138
1897780 138
1897790 138
1897800 138
1897810 138
1897820 138
1897830 138
1897840 138
1897850 138
1897860 138
1897870 138
1897880 138
1897890 138
1897900 138
1897910 138
1897920 139
1897930 138
1897940 138
1897950 138
1897960 138
1897970 138
1897980 139
1897990 139
1898000 139
1898010 139
1898020 139
1898030 139
1898040 139
1898050 138
1898060 138
1898070 138
1898080 139
1898090 139
1898100 138
1898110 138
1898120 138
1898130 138
1898140 137
1898150 137
1898160 138
1898170 138
1898180 138
1898190 138
1898200 138
1898210 138
1898220 138
1898230 139
1898240 139
1898250 138
1898260 138
1898270 138
1898280 138
1898290 138
1898300 138
1898310 138
1898320 138
1898330 138
1898340 138
1898350 138
1898360 138
1898370 138
1898380 138
1898390 138
1898400 138
1898410 138
1898420 138
1898430 138
1898440 138
1898450 138
1898460 138
1898470 137
1898480 137
1898490 137
1898500 137
1898510 137
1898520 137
1898530 137
1898540 137
1898550 137
1898560 137
1898570 137
1898580 137
1898590 137
1898600 137
1898610 137
1898620 137
1898630 137
1898640 137
1898650 137
1898660 137
1898670 137
1898680 138
1898690 138
1898700 137
1898710 137
1898720 137
1898730 138
1898740 138
1898750 138
1898760 138
1898770 138
1898780 138
1898790 137
1898800 136
1898810 136
1898820 137
1898830 138
1898840 138
1898850 137
1898860 137
1898870 137
1898880 137
1898890 137
1898900 137
1898910 137
1898920 138
1898930 138
1898940 138
1898950 137
1898960 137
1898970 136
1898980 136
1898990 136
1899000 136
1899010 137
1899020 137
1899030 137
1899040 138
1899050 138
1899060 138
1899070 138
1899080 138
1899090 138
1899100 138
1899110 138
1899120 138
1899130 138
1899140 138
1899150 137
1899160 137
1899170 137
1899180 137
1899190 137
1899200 137
1899210 137
1899220 137
1899230 137
1899240 137
1899250 138
1899260 138
1899270 138
1899280 138
1899290 138
1899300 137
1899310 137
1899320 137
