1880000 143
1880010 143
1880020 143
1880030 143
1880040 143
1880050 143
1880060 143
1880070 143
1880080 143
1880090 143
1880100 143
1880110 143
1880120 143
1880130 143
1880140 143
1880150 143
1880160 142
1880170 141
1880180 141
1880190 143
1880200 143
1880210 143
1880220 143
1880230 143
1880240 143
1880250 143
1880260 143
1880270 143
1880280 142
1880290 140
1880300 140
1880310 140
1880320 141
1880330 141
1880340 142
1880350 141
1880360 141
1880370 141
1880380 141
1880390 141
1880400 141
1880410 141
1880420 141
1880430 141
1880440 141
1880450 141
1880460 141
1880470 141
1880480 141
1880490 141
1880500 141
1880510 141
1880520 141
1880530 141
1880540 141
1880550 141
1880560 141
1880570 141
1880580 141
1880590 141
1880600 141
1880610 141
1880620 141
1880630 141
1880640 141
1880650 141
1880660 141
1880670 141
1880680 141
1880690 141
1880700 141
1880710 141
1880720 141
1880730 141
1880740 141
1880750 141
1880760 141
1880770 141
1880780 141
1880790 141
1880800 141
1880810 141
1880820 141
1880830 141
1880840 141
1880850 141
1880860 141
1880870 141
1880880 141
1880890 141
1880900 141
1880910 141
1880920 141
1880930 141
1880940 141
1880950 141
1880960 141
1880970 141
1880980 141
1880990 141
1881000 141
1881010 141
1881020 141
1881030 141
1881040 141
1881050 141
1881060 141
1881070 141
1881080 141
1881090 141
1881100 141
1881110 141
1881120 141
1881130 141
1881140 141
1881150 141
1881160 141
1881170 141
1881180 141
1881190 141
1881200 141
1881210 141
1881220 141
1881230 141
1881240 141
1881250 141
1881260 141
1881270 141
1881280 142
1881290 142
1881300 143
1881310 144
1881320 144
1881330 143
1881340 143
1881350 143
1881360 143
1881370 143
1881380 143
1881390 143
1881400 144
1881410 144
1881420 144
1881430 144
1881440 144
1881450 144
1881460 144
1881470 144
1881480 144
1881490 144
1881500 144
1881510 144
1881520 144
1881530 144
1881540 144
1881550 144
1881560 144
1881570 144
1881580 145
1881590 145
1881600 145
1881610 145
1881620 145
1881630 145
1881640 145
1881650 145
1881660 145
1881670 145
1881680 145
1881690 146
1881700 146
1881710 146
1881720 147
1881730 148
1881740 146
1881750 147
1881760 147
1881770 147
1881780 146
1881790 146
1881800 146
1881810 146
1881820 146
1881830 146
1881840 146
1881850 146
1881860 146
1881870 147
1881880 148
1881890 148
1881900 148
1881910 148
1881920 148
1881930 148
1881940 148
1881950 148
1881960 151
1881970 163
1881980 163
1881990 172
1882000 175
1882010 175
1882020 175
1882030 175
1882040 175
1882050 173
1882060 160
1882070 160
1882080 152
1882090 150
1882100 150
1882110 150
1882120 150
1882130 150
1882140 150
1882150 150
1882160 150
1882170 150
1882180 150
1882190 150
1882200 150
1882210 150
1882220 150
1882230 146
1882240 140
1882250 140
1882260 140
1882270 140
1882280 140
1882290 141
1882300 140
1882310 140
1882320 140
1882330 141
1882340 141
1882350 141
1882360 141
1882370 144
1882380 144
1882390 142
1882400 150
1882410 150
1882420 153
1882430 157
1882440 157
1882450 165
1882460 171
1882470 171
1882480 168
1882490 165
1882500 165
1882510 165
1882520 166
1882530 166
1882540 164
1882550 163
1882560 163
1882570 162
1882580 162
1882590 162
1882600 161
1882610 161
1882620 161
1882630 160
1882640 159
1882650 159
1882660 159
1882670 159
1882680 159
1882690 159
1882700 161
1882710 161
1882720 160
1882730 158
1882740 158
1882750 157
1882760 158
1882770 158
1882780 159
1882790 159
1882800 159
1882810 159
1882820 158
1882830 158
1882840 158
1882850 158
1882860 158
1882870 158
1882880 158
1882890 158
1882900 158
1882910 158
1882920 158
1882930 159
1882940 161
1882950 161
1882960 163
1882970 163
1882980 163
1882990 161
1883000 159
1883010 159
1883020 158
1883030 158
1883040 160
1883050 159
1883060 158
1883070 158
1883080 158
1883090 158
1883100 158
1883110 158
1883120 158
1883130 158
1883140 158
1883150 159
1883160 159
1883170 159
1883180 159
1883190 159
1883200 159
1883210 159
1883220 159
1883230 160
1883240 160
1883250 160
1883260 160
1883270 160
1883280 160
1883290 160
1883300 160
1883310 160
1883320 160
1883330 160
1883340 160
1883350 160
1883360 158
1883370 158
1883380 158
1883390 159
1883400 159
1883410 159
1883420 159
1883430 159
1883440 159
1883450 160
1883460 160
1883470 160
1883480 160
1883490 160
1883500 160
1883510 161
1883520 161
1883530 163
1883540 163
1883550 163
1883560 163
1883570 163
1883580 163
1883590 163
1883600 163
1883610 163
1883620 163
1883630 163
1883640 163
1883650 163
1883660 163
1883670 163
1883680 163
1883690 163
1883700 163
1883710 163
1883720 163
1883730 163
1883740 163
1883750 163
1883760 163
1883770 163
1883780 163
1883790 163
1883800 164
1883810 164
1883820 164
1883830 164
1883840 164
1883850 164
1883860 162
1883870 164
1883880 164
1883890 165
1883900 165
1883910 165
1883920 166
1883930 167
1883940 167
1883950 167
1883960 168
1883970 168
1883980 168
1883990 168
1884000 168
1884010 167
1884020 167
1884030 167
1884040 167
1884050 167
1884060 167
1884070 167
1884080 167
1884090 167
1884100 166
1884110 166
1884120 166
1884130 166
1884140 166
1884150 166
1884160 166
1884170 166
1884180 166
1884190 167
1884200 167
1884210 167
1884220 167
1884230 168
1884240 168
1884250 168
1884260 169
1884270 169
1884280 169
1884290 169
1884300 169
1884310 170
1884320 170
1884330 170
1884340 169
1884350 170
1884360 170
1884370 171
1884380 172
1884390 172
1884400 173
1884410 174
1884420 174
1884430 175
1884440 176
1884450 176
1884460 176
1884470 177
1884480 177
1884490 178
1884500 178
1884510 178
1884520 179
1884530 180
1884540 180
1884550 181
1884560 182
1884570 182
1884580 183
1884590 184
1884600 184
1884610 185
1884620 186
1884630 186
1884640 188
1884650 189
1884660 188
1884670 188
1884680 189
1884690 189
1884700 190
1884710 191
1884720 191
1884730 192
1884740 193
1884750 193
1884760 195
1884770 196
1884780 196
1884790 196
1884800 197
1884810 197
1884820 198
1884830 200
1884840 200
1884850 201
1884860 202
1884870 202
1884880 203
1884890 205
1884900 205
1884910 207
1884920 209
1884930 209
1884940 211
1884950 213
1884960 213
1884970 216
1884980 217
1884990 217
1885000 219
1885010 221
1885020 221
1885030 223
1885040 224
1885050 224
1885060 227
1885070 230
1885080 230
1885090 234
1885100 238
1885110 238
1885120 242
1885130 246
1885140 246
1885150 250
1885160 253
1885170 253
1885180 255
1885190 258
1885200 258
1885210 263
1885220 269
1885230 269
1885240 275
1885250 281
1885260 281
1885270 285
1885280 288
1885290 288
1885300 292
1885310 295
1885320 295
1885330 304
1885340 312
1885350 312
1885360 321
1885370 329
1885380 329
1885390 337
1885400 344
1885410 344
1885420 346
1885430 341
1885440 341
1885450 336
1885460 333
1885470 333
1885480 330
1885490 328
1885500 328
1885510 325
1885520 323
1885530 323
1885540 321
1885550 320
1885560 320
1885570 318
1885580 316
1885590 316
1885600 316
1885610 316
1885620 316
1885630 313
1885640 314
1885650 314
1885660 313
1885670 311
1885680 311
1885690 308
1885700 303
1885710 303
1885720 299
1885730 295
1885740 292
1885750 292
1885760 289
1885770 286
1885780 286
1885790 284
1885800 282
1885810 282
1885820 280
1885830 279
1885840 279
1885850 277
1885860 275
1885870 275
1885880 273
1885890 271
1885900 271
1885910 269
1885920 268
1885930 268
1885940 267
1885950 265
1885960 265
1885970 265
1885980 266
1885990 266
1886000 267
1886010 269
1886020 269
1886030 270
1886040 271
1886050 271
1886060 273
1886070 273
1886080 273
1886090 271
1886100 268
1886110 268
1886120 263
1886130 258
1886140 258
1886150 254
1886160 251
1886170 251
1886180 249
1886190 248
1886200 248
1886210 246
1886220 244
1886230 244
1886240 241
1886250 238
1886260 238
1886270 229
1886280 228
1886290 228
1886300 227
1886310 227
1886320 227
1886330 226
1886340 226
1886350 226
1886360 226
1886370 225
1886380 225
1886390 224
1886400 224
1886410 224
1886420 223
1886430 223
1886440 223
1886450 222
1886460 221
1886470 221
1886480 220
1886490 218
1886500 218
1886510 218
1886520 218
1886530 218
1886540 218
1886550 218
1886560 218
1886570 218
1886580 218
1886590 218
1886600 217
1886610 215
1886620 215
1886630 215
1886640 214
1886650 214
1886660 213
1886670 213
1886680 213
1886690 212
1886700 212
1886710 212
1886720 211
1886730 211
1886740 211
1886750 210
1886760 210
1886770 210
1886780 209
1886790 209
1886800 209
1886810 209
1886820 208
1886830 208
1886840 208
1886850 208
1886860 208
1886870 208
1886880 208
1886890 208
1886900 207
1886910 207
1886920 206
1886930 206
1886940 206
1886950 206
1886960 205
1886970 205
1886980 205
1886990 205
1887000 204
1887010 204
1887020 203
1887030 203
1887040 203
1887050 203
1887060 202
1887070 202
1887080 202
1887090 201
1887100 201
1887110 201
1887120 201
1887130 201
1887140 200
1887150 199
1887160 199
1887170 199
1887180 199
1887190 199
1887200 199
1887210 198
1887220 198
1887230 198
1887240 198
1887250 198
1887260 198
1887270 198
1887280 198
1887290 198
1887300 198
1887310 198
1887320 198
1887330 199
1887340 199
1887350 199
1887360 199
1887370 199
1887380 199
1887390 199
1887400 199
1887410 199
1887420 199
1887430 199
1887440 200
1887450 199
1887460 199
1887470 199
1887480 199
1887490 199
1887500 199
1887510 199
1887520 199
1887530 199
1887540 199
1887550 199
1887560 199
1887570 199
1887580 199
1887590 198
1887600 198
1887610 198
1887620 198
1887630 197
1887640 197
1887650 197
1887660 197
1887670 197
1887680 197
1887690 197
1887700 197
1887710 196
1887720 196
1887730 196
1887740 196
1887750 196
1887760 196
1887770 196
1887780 195
1887790 195
1887800 195
1887810 195
1887820 195
1887830 194
1887840 194
1887850 194
1887860 193
1887870 193
1887880 192
1887890 192
1887900 192
1887910 192
1887920 191
1887930 191
1887940 191
1887950 190
1887960 190
1887970 190
1887980 190
1887990 190
1888000 190
1888010 189
1888020 189
1888030 189
1888040 189
1888050 188
1888060 188
1888070 188
1888080 187
1888090 187
1888100 187
1888110 187
1888120 187
1888130 186
1888140 186
1888150 186
1888160 185
1888170 185
1888180 185
1888190 184
1888200 184
1888210 184
1888220 183
1888230 183
1888240 183
1888250 183
1888260 182
1888270 182
1888280 182
1888290 181
1888300 181
1888310 181
1888320 180
1888330 180
1888340 180
1888350 179
1888360 179
1888370 179
1888380 178
1888390 178
1888400 178
1888410 178
1888420 178
1888430 177
1888440 177
1888450 177
1888460 177
1888470 177
1888480 177
1888490 177
1888500 176
1888510 176
1888520 176
1888530 176
1888540 176
1888550 175
1888560 175
1888570 175
1888580 175
1888590 174
1888600 174
1888610 174
1888620 174
1888630 174
1888640 174
1888650 173
1888660 173
1888670 173
1888680 173
1888690 173
1888700 173
1888710 173
1888720 173
1888730 173
1888740 172
1888750 172
1888760 172
1888770 172
1888780 172
1888790 172
1888800 171
1888810 171
1888820 171
1888830 171
1888840 171
1888850 171
1888860 170
1888870 170
1888880 170
1888890 170
1888900 170
1888910 170
1888920 170
1888930 170
1888940 169
1888950 169
1888960 169
1888970 169
1888980 168
1888990 168
1889000 168
1889010 168
1889020 168
1889030 167
1889040 167
1889050 167
1889060 167
1889070 167
1889080 167
1889090 166
1889100 166
1889110 166
1889120 167
1889130 166
1889140 165
1889150 165
1889160 166
1889170 166
1889180 166
1889190 166
1889200 164
1889210 164
1889220 164
1889230 164
1889240 164
1889250 164
1889260 164
1889270 164
1889280 164
1889290 163
1889300 163
1889310 163
1889320 163
1889330 163
1889340 163
1889350 163
1889360 163
1889370 162
1889380 162
1889390 162
1889400 162
1889410 162
1889420 162
1889430 162
1889440 161
1889450 161
1889460 161
1889470 161
1889480 161
1889490 160
1889500 160
1889510 160
1889520 160
1889530 160
1889540 160
1889550 160
1889560 160
1889570 160
1889580 160
1889590 160
1889600 160
1889610 160
1889620 160
1889630 160
1889640 160
1889650 161
1889660 161
1889670 161
1889680 162
1889690 162
1889700 162
1889710 162
1889720 162
1889730 162
1889740 162
1889750 162
1889760 162
1889770 161
1889780 161
1889790 161
1889800 161
1889810 161
1889820 160
1889830 160
1889840 160
1889850 160
1889860 160
1889870 160
1889880 159
1889890 159
1889900 159
1889910 159
1889920 158
1889930 158
1889940 158
1889950 157
1889960 157
1889970 157
1889980 157
1889990 157
1890000 156
1890010 156
1890020 156
1890030 156
1890040 156
1890050 156
1890060 155
1890070 155
1890080 155
1890090 154
1890100 154
1890110 154
1890120 153
1890130 153
1890140 153
1890150 153
1890160 152
1890170 152
1890180 152
1890190 152
1890200 152
1890210 152
1890220 152
1890230 152
1890240 152
1890250 152
1890260 152
1890270 151
1890280 151
1890290 151
1890300 151
1890310 151
1890320 151
1890330 151
1890340 151
1890350 151
1890360 150
1890370 150
1890380 150
1890390 150
1890400 150
1890410 150
1890420 150
1890430 151
1890440 150
1890450 150
1890460 151
1890470 151
1890480 151
1890490 151
1890500 151
1890510 151
1890520 151
1890530 151
1890540 151
1890550 152
1890560 152
1890570 152
1890580 153
1890590 153
1890600 153
1890610 153
1890620 153
1890630 153
1890640 152
1890650 152
1890660 152
1890670 152
1890680 152
1890690 151
1890700 151
1890710 151
1890720 150
1890730 150
1890740 150
1890750 149
1890760 149
1890770 149
1890780 149
1890790 149
1890800 149
1890810 149
1890820 149
1890830 149
1890840 150
1890850 150
1890860 150
1890870 151
1890880 152
1890890 152
1890900 153
1890910 153
1890920 153
1890930 153
1890940 153
1890950 153
1890960 154
1890970 154
1890980 154
1890990 154
1891000 154
1891010 154
1891020 154
1891030 154
1891040 154
1891050 154
1891060 153
1891070 153
1891080 153
1891090 153
1891100 153
1891110 153
1891120 153
1891130 153
1891140 153
1891150 153
1891160 153
1891170 153
1891180 153
1891190 153
1891200 153
1891210 152
1891220 152
1891230 152
1891240 152
1891250 152
1891260 152
1891270 152
1891280 152
1891290 152
1891300 152
1891310 152
1891320 151
1891330 151
1891340 151
1891350 151
1891360 151
1891370 151
1891380 151
1891390 150
1891400 150
1891410 150
1891420 149
1891430 149
1891440 149
1891450 148
1891460 148
1891470 148
1891480 147
1891490 147
1891500 146
1891510 146
1891520 146
1891530 146
1891540 146
1891550 146
1891560 146
1891570 146
1891580 146
1891590 146
1891600 145
1891610 145
1891620 145
1891630 145
1891640 145
1891650 145
1891660 145
1891670 145
1891680 145
1891690 145
1891700 145
1891710 145
1891720 145
1891730 145
1891740 146
1891750 146
1891760 146
1891770 146
1891780 146
1891790 146
1891800 146
1891810 146
1891820 146
1891830 147
1891840 147
1891850 147
1891860 147
1891870 148
1891880 148
1891890 148
1891900 148
1891910 148
1891920 148
1891930 148
1891940 148
1891950 149
1891960 149
1891970 149
1891980 149
1891990 149
1892000 149
1892010 150
1892020 151
1892030 151
1892040 151
1892050 151
1892060 151
1892070 151
1892080 151
1892090 151
1892100 151
1892110 151
1892120 151
1892130 151
1892140 151
1892150 151
1892160 151
1892170 151
1892180 151
1892190 151
1892200 151
1892210 151
1892220 151
1892230 151
1892240 151
1892250 151
1892260 151
1892270 151
1892280 150
1892290 150
1892300 150
1892310 150
1892320 150
1892330 150
1892340 150
1892350 150
1892360 150
1892370 150
1892380 150
1892390 150
1892400 150
1892410 150
1892420 150
1892430 150
1892440 150
1892450 150
1892460 150
1892470 150
1892480 150
1892490 150
1892500 150
1892510 150
1892520 150
1892530 150
1892540 150
1892550 150
1892560 150
1892570 150
1892580 150
1892590 150
1892600 150
1892610 150
1892620 150
1892630 150
1892640 150
1892650 150
1892660 150
1892670 150
1892680 150
1892690 150
1892700 150
1892710 150
1892720 150
1892730 150
1892740 150
1892750 150
1892760 150
1892770 150
1892780 150
1892790 150
1892800 150
1892810 149
1892820 149
1892830 149
1892840 149
1892850 149
1892860 148
1892870 148
1892880 148
1892890 147
1892900 147
1892910 147
1892920 146
1892930 146
1892940 146
1892950 145
1892960 145
1892970 145
1892980 144
1892990 143
1893000 143
1893010 142
1893020 142
1893030 142
1893040 141
1893050 141
1893060 141
1893070 140
1893080 140
1893090 140
1893100 139
1893110 139
1893120 139
1893130 139
1893140 139
1893150 139
1893160 139
1893170 139
1893180 139
1893190 139
1893200 139
1893210 139
1893220 139
1893230 139
1893240 139
1893250 139
1893260 139
1893270 139
1893280 139
1893290 139
1893300 139
1893310 139
1893320 139
1893330 139
1893340 139
1893350 139
1893360 139
1893370 139
1893380 139
1893390 139
1893400 139
1893410 139
1893420 139
1893430 139
1893440 138
1893450 138
1893460 138
1893470 138
1893480 138
1893490 138
1893500 138
1893510 138
1893520 139
1893530 139
1893540 139
1893550 139
1893560 139
1893570 139
1893580 139
1893590 140
1893600 140
1893610 140
1893620 140
1893630 140
1893640 140
1893650 140
1893660 140
1893670 140
1893680 140
1893690 140
1893700 140
1893710 140
1893720 140
1893730 140
1893740 140
1893750 140
1893760 139
1893770 139
1893780 139
1893790 139
1893800 139
1893810 139
1893820 140
1893830 139
1893840 139
1893850 138
1893860 138
1893870 138
1893880 138
1893890 138
1893900 138
1893910 138
1893920 137
1893930 137
1893940 138
1893950 138
1893960 138
1893970 139
1893980 138
1893990 138
1894000 138
1894010 138
1894020 138
1894030 138
1894040 138
1894050 138
1894060 138
1894070 138
1894080 138
1894090 139
1894100 138
1894110 138
1894120 138
1894130 138
1894140 138
1894150 138
1894160 139
1894170 139
1894180 137
1894190 136
1894200 136
1894210 137
1894220 139
1894230 139
1894240 139
1894250 138
1894260 138
1894270 138
1894280 138
1894290 138
1894300 138
1894310 138
1894320 138
1894330 138
1894340 138
1894350 138
1894360 138
1894370 138
1894380 138
1894390 138
1894400 137
1894410 137
1894420 137
1894430 138
1894440 138
1894450 138
1894460 138
1894470 138
1894480 138
1894490 138
1894500 138
1894510 139
1894520 140
1894530 140
1894540 140
1894550 140
1894560 140
1894570 140
1894580 140
1894590 140
1894600 140
1894610 140
1894620 140
1894630 140
1894640 140
1894650 140
1894660 140
1894670 140
1894680 140
1894690 139
1894700 139
1894710 139
1894720 139
1894730 139
1894740 139
1894750 139
1894760 139
1894770 139
1894780 139
1894790 139
1894800 139
1894810 139
1894820 139
1894830 139
1894840 139
1894850 139
1894860 139
1894870 139
1894880 139
1894890 139
1894900 139
1894910 139
1894920 139
1894930 139
1894940 139
1894950 139
1894960 139
1894970 139
1894980 139
1894990 139
1895000 139
1895010 139
1895020 139
1895030 138
1895040 138
1895050 138
1895060 138
1895070 138
1895080 138
1895090 138
1895100 138
1895110 138
1895120 138
1895130 138
1895140 138
1895150 139
1895160 139
1895170 139
1895180 139
1895190 139
1895200 139
1895210 139
1895220 139
1895230 139
1895240 139
1895250 139
1895260 139
1895270 139
1895280 139
1895290 139
1895300 139
1895310 139
1895320 139
1895330 139
1895340 139
1895350 139
1895360 139
1895370 139
1895380 139
1895390 139
1895400 139
1895410 139
1895420 139
1895430 139
1895440 139
1895450 139
1895460 139
1895470 139
1895480 139
1895490 139
1895500 139
1895510 138
1895520 138
1895530 138
1895540 137
1895550 137
1895560 137
1895570 137
1895580 137
1895590 137
1895600 137
1895610 137
1895620 136
1895630 136
1895640 136
1895650 136
1895660 136
1895670 136
1895680 136
1895690 136
1895700 136
1895710 136
1895720 135
1895730 135
1895740 135
1895750 135
1895760 135
1895770 135
1895780 135
1895790 135
1895800 135
1895810 135
1895820 135
1895830 135
1895840 135
1895850 135
1895860 135
1895870 135
1895880 135
1895890 135
1895900 135
1895910 135
1895920 135
1895930 135
1895940 135
1895950 135
1895960 135
1895970 135
1895980 135
1895990 135
1896000 135
1896010 135
1896020 135
1896030 135
1896040 135
1896050 135
1896060 135
1896070 135
1896080 135
1896090 135
1896100 135
1896110 135
1896120 135
1896130 135
1896140 135
1896150 135
1896160 135
1896170 135
1896180 135
1896190 135
1896200 135
1896210 135
1896220 135
1896230 135
1896240 135
1896250 135
1896260 135
1896270 135
1896280 135
1896290 135
1896300 135
1896310 135
1896320 135
1896330 135
1896340 135
1896350 135
1896360 135
1896370 135
1896380 135
1896390 135
1896400 135
1896410 135
1896420 135
1896430 135
1896440 135
1896450 135
1896460 135
1896470 135
1896480 135
1896490 135
1896500 135
1896510 135
1896520 135
1896530 135
1896540 135
1896550 135
1896560 135
1896570 135
1896580 135
1896590 135
1896600 135
1896610 135
1896620 135
1896630 135
1896640 135
1896650 135
1896660 135
1896670 135
1896680 135
1896690 135
1896700 135
1896710 135
1896720 135
1896730 135
1896740 135
1896750 135
1896760 135
1896770 135
1896780 135
1896790 135
1896800 135
1896810 135
1896820 135
1896830 135
1896840 135
1896850 135
1896860 135
1896870 135
1896880 135
1896890 135
1896900 135
1896910 135
1896920 135
1896930 135
1896940 135
1896950 135
1896960 135
1896970 135
1896980 135
1896990 135
1897000 135
1897010 135
1897020 135
1897030 135
1897040 135
1897050 135
1897060 135
1897070 135
1897080 135
1897090 135
1897100 135
1897110 135
1897120 135
1897130 135
1897140 135
1897150 135
1897160 135
1897170 135
1897180 135
1897190 135
1897200 135
1897210 135
1897220 135
1897230 136
1897240 136
1897250 137
1897260 138
1897270 138
1897280 138
1897290 139
1897300 139
1897310 139
1897320 139
1897330 139
1897340 139
1897350 139
1897360 139
1897370 139
1897380 139
1897390 139
1897400 139
1897410 139
1897420 139
1897430 139
1897440 139
1897450 139
1897460 139
1897470 139
1897480 139
1897490 139
1897500 139
1897510 139
1897520 139
1897530 139
1897540 139
1897550 139
1897560 139
1897570 139
1897580 139
1897590 139
1897600 139
1897610 139
1897620 139
1897630 139
1897640 139
1897650 139
1897660 139
1897670 139
1897680 139
1897690 139
1897700 139
1897710 139
1897720 139
1897730 139
1897740 139
1897750 139
1897760 139
1897770 139
1897780 139
1897790 139
1897800 139
1897810 139
1897820 139
1897830 139
1897840 139
1897850 138
1897860 138
1897870 138
1897880 138
1897890 138
1897900 138
1897910 138
1897920 138
1897930 138
1897940 138
1897950 138
1897960 138
1897970 138
1897980 138
1897990 138
1898000 138
1898010 138
1898020 138
1898030 139
1898040 138
1898050 138
1898060 138
1898070 138
1898080 138
1898090 138
1898100 138
1898110 138
1898120 138
1898130 138
1898140 138
1898150 138
1898160 138
1898170 138
1898180 138
1898190 138
1898200 138
1898210 138
1898220 138
1898230 138
1898240 138
1898250 138
1898260 138
1898270 138
1898280 138
1898290 138
1898300 138
1898310 138
1898320 138
1898330 138
1898340 138
1898350 138
1898360 138
1898370 138
1898380 138
1898390 138
1898400 138
1898410 138
1898420 138
1898430 138
1898440 138
1898450 138
1898460 138
1898470 138
1898480 138
1898490 138
1898500 138
1898510 138
1898520 138
1898530 138
1898540 138
1898550 138
1898560 138
1898570 138
1898580 138
1898590 138
1898600 138
1898610 138
1898620 138
1898630 138
1898640 138
1898650 138
1898660 138
1898670 138
1898680 138
1898690 138
1898700 138
1898710 138
1898720 137
1898730 137
1898740 137
1898750 138
1898760 138
1898770 138
1898780 138
1898790 138
1898800 138
1898810 138
1898820 137
1898830 137
1898840 137
1898850 138
1898860 138
1898870 138
1898880 138
1898890 138
1898900 138
1898910 138
1898920 138
1898930 137
1898940 137
1898950 137
1898960 138
1898970 136
1898980 136
1898990 136
1899000 136
1899010 136
1899020 137
1899030 137
1899040 137
1899050 137
1899060 138
1899070 138
1899080 138
1899090 138
1899100 138
1899110 138
1899120 138
1899130 138
1899140 138
1899150 137
1899160 137
1899170 137
1899180 137
1899190 137
1899200 137
1899210 137
1899220 137
1899230 137
1899240 138
1899250 138
1899260 138
1899270 138
1899280 138
1880000 143
1880010 143
1880020 143
1880030 143
1880040 143
1880050 143
1880060 143
1880070 143
1880080 143
1880090 143
1880100 143
1880110 143
1880120 143
1880130 143
1880140 143
1880150 143
1880160 142
1880170 141
1880180 141
1880190 143
1880200 143
1880210 143
1880220 143
1880230 143
1880240 143
1880250 143
1880260 143
1880270 143
1880280 142
1880290 140
1880300 140
1880310 140
1880320 141
1880330 141
1880340 142
1880350 141
1880360 141
1880370 141
1880380 141
1880390 141
1880400 141
1880410 141
1880420 141
1880430 141
1880440 141
1880450 141
1880460 141
1880470 141
1880480 141
1880490 141
1880500 141
1880510 141
1880520 141
1880530 141
1880540 141
1880550 141
1880560 141
1880570 141
1880580 141
1880590 141
1880600 141
1880610 141
1880620 141
1880630 141
1880640 141
1880650 141
1880660 141
1880670 141
1880680 141
1880690 141
1880700 141
1880710 141
1880720 141
1880730 141
1880740 141
1880750 141
1880760 141
1880770 141
1880780 141
1880790 141
1880800 141
1880810 141
1880820 141
1880830 141
1880840 141
1880850 141
1880860 141
1880870 141
1880880 141
1880890 141
1880900 141
1880910 141
1880920 141
1880930 141
1880940 141
1880950 141
1880960 141
1880970 141
1880980 141
1880990 141
1881000 141
1881010 141
1881020 141
1881030 141
1881040 141
1881050 141
1881060 141
1881070 141
1881080 141
1881090 141
1881100 141
1881110 141
1881120 141
1881130 141
1881140 141
1881150 141
1881160 141
1881170 141
1881180 141
1881190 141
1881200 141
1881210 141
1881220 141
1881230 141
1881240 141
1881250 141
1881260 141
1881270 141
1881280 142
1881290 142
1881300 143
1881310 144
1881320 144
1881330 143
1881340 143
1881350 143
1881360 143
1881370 143
1881380 143
1881390 143
1881400 144
1881410 144
1881420 144
1881430 144
1881440 144
1881450 144
1881460 144
1881470 144
1881480 144
1881490 144
1881500 144
1881510 144
1881520 144
1881530 144
1881540 144
1881550 144
1881560 144
1881570 144
1881580 145
1881590 145
1881600 145
1881610 145
1881620 145
1881630 145
1881640 145
1881650 145
1881660 145
1881670 145
1881680 145
1881690 146
1881700 146
1881710 146
1881720 147
1881730 148
1881740 146
1881750 147
1881760 147
1881770 147
1881780 146
1881790 146
1881800 146
1881810 146
1881820 146
1881830 146
1881840 146
1881850 146
1881860 146
1881870 147
1881880 148
1881890 148
1881900 148
1881910 148
1881920 148
1881930 148
1881940 148
1881950 148
1881960 151
1881970 163
1881980 163
1881990 172
1882000 175
1882010 175
1882020 175
1882030 175
1882040 175
1882050 173
1882060 160
1882070 160
1882080 152
1882090 150
1882100 150
1882110 150
1882120 150
1882130 150
1882140 150
1882150 150
1882160 150
1882170 150
1882180 150
1882190 150
1882200 150
1882210 150
1882220 150
1882230 146
1882240 140
1882250 140
1882260 140
1882270 140
1882280 140
1882290 141
1882300 140
1882310 140
1882320 140
1882330 141
1882340 141
1882350 141
1882360 141
1882370 144
1882380 144
1882390 142
1882400 150
1882410 150
1882420 153
1882430 157
1882440 157
1882450 165
1882460 171
1882470 171
1882480 168
1882490 165
1882500 165
1882510 165
1882520 166
1882530 166
1882540 164
1882550 163
1882560 163
1882570 162
1882580 162
1882590 162
1882600 161
1882610 161
1882620 161
1882630 160
1882640 159
1882650 159
1882660 159
1882670 159
1882680 159
1882690 159
1882700 161
1882710 161
1882720 160
1882730 158
1882740 158
1882750 157
1882760 158
1882770 158
1882780 159
1882790 159
1882800 159
1882810 159
1882820 158
1882830 158
1882840 158
1882850 158
1882860 158
1882870 158
1882880 158
1882890 158
1882900 158
1882910 158
1882920 158
1882930 159
1882940 161
1882950 161
1882960 163
1882970 163
1882980 163
1882990 161
1883000 159
1883010 159
1883020 158
1883030 158
1883040 160
1883050 159
1883060 158
1883070 158
1883080 158
1883090 158
1883100 158
1883110 158
1883120 158
1883130 158
1883140 158
1883150 159
1883160 159
1883170 159
1883180 159
1883190 159
1883200 159
1883210 159
1883220 159
1883230 160
1883240 160
1883250 160
1883260 160
1883270 160
1883280 160
1883290 160
1883300 160
1883310 160
1883320 160
1883330 160
1883340 160
1883350 160
1883360 158
1883370 158
1883380 158
1883390 159
1883400 159
1883410 159
1883420 159
1883430 159
1883440 159
1883450 160
1883460 160
1883470 160
1883480 160
1883490 160
1883500 160
1883510 161
1883520 161
1883530 163
1883540 163
1883550 163
1883560 163
1883570 163
1883580 163
1883590 163
1883600 163
1883610 163
1883620 163
1883630 163
1883640 163
1883650 163
1883660 163
1883670 163
1883680 163
1883690 163
1883700 163
1883710 163
1883720 163
1883730 163
1883740 163
1883750 163
1883760 163
1883770 163
1883780 163
1883790 163
1883800 164
1883810 164
1883820 164
1883830 164
1883840 164
1883850 164
1883860 162
1883870 164
1883880 164
1883890 165
1883900 165
1883910 165
1883920 166
1883930 167
1883940 167
1883950 167
1883960 168
1883970 168
1883980 168
1883990 168
1884000 168
1884010 167
1884020 167
1884030 167
1884040 167
1884050 167
1884060 167
1884070 167
1884080 167
1884090 167
1884100 166
1884110 166
1884120 166
1884130 166
1884140 166
1884150 166
1884160 166
1884170 166
1884180 166
1884190 167
1884200 167
1884210 167
1884220 167
1884230 168
1884240 168
1884250 168
1884260 169
1884270 169
1884280 169
1884290 169
1884300 169
1884310 170
1884320 170
1884330 170
1884340 169
1884350 170
1884360 170
1884370 171
1884380 172
1884390 172
1884400 173
1884410 174
1884420 174
1884430 175
1884440 176
1884450 176
1884460 176
1884470 177
1884480 177
1884490 178
1884500 178
1884510 178
1884520 179
1884530 180
1884540 180
1884550 181
1884560 182
1884570 182
1884580 183
1884590 184
1884600 184
1884610 185
1884620 186
1884630 186
1884640 188
1884650 189
1884660 188
1884670 188
1884680 189
1884690 189
1884700 190
1884710 191
1884720 191
1884730 192
1884740 193
1884750 193
1884760 195
1884770 196
1884780 196
1884790 196
1884800 197
1884810 197
1884820 198
1884830 200
1884840 200
1884850 201
1884860 202
1884870 202
1884880 203
1884890 205
1884900 205
1884910 207
1884920 209
1884930 209
1884940 211
1884950 213
1884960 213
1884970 216
1884980 217
1884990 217
1885000 219
1885010 221
1885020 221
1885030 223
1885040 224
1885050 224
1885060 227
1885070 230
1885080 230
1885090 234
1885100 238
1885110 238
1885120 242
1885130 246
1885140 246
1885150 250
1885160 253
1885170 253
1885180 255
1885190 258
1885200 258
1885210 263
1885220 269
1885230 269
1885240 275
1885250 281
1885260 281
1885270 285
1885280 288
1885290 288
1885300 292
1885310 295
1885320 295
1885330 304
1885340 312
1885350 312
1885360 321
1885370 329
1885380 329
1885390 337
1885400 344
1885410 344
1885420 346
1885430 341
1885440 341
1885450 336
1885460 333
1885470 333
1885480 330
1885490 328
1885500 328
1885510 325
1885520 323
1885530 323
1885540 321
1885550 320
1885560 320
1885570 318
1885580 316
1885590 316
1885600 316
1885610 316
1885620 316
1885630 313
1885640 314
1885650 314
1885660 313
1885670 311
1885680 311
1885690 308
1885700 303
1885710 303
1885720 299
1885730 295
1885740 292
1885750 292
1885760 289
1885770 286
1885780 286
1885790 284
1885800 282
1885810 282
1885820 280
1885830 279
1885840 279
1885850 277
1885860 275
1885870 275
1885880 273
1885890 271
1885900 271
1885910 269
1885920 268
1885930 268
1885940 267
1885950 265
1885960 265
1885970 265
1885980 266
1885990 266
1886000 267
1886010 269
1886020 269
1886030 270
1886040 271
1886050 271
1886060 273
1886070 273
1886080 273
1886090 271
1886100 268
1886110 268
1886120 263
1886130 258
1886140 258
1886150 254
1886160 251
1886170 251
1886180 249
1886190 248
1886200 248
1886210 246
1886220 244
1886230 244
1886240 241
1886250 238
1886260 238
1886270 229
1886280 228
1886290 228
1886300 227
1886310 227
1886320 227
1886330 226
1886340 226
1886350 226
1886360 226
1886370 225
1886380 225
1886390 224
1886400 224
1886410 224
1886420 223
1886430 223
1886440 223
1886450 222
1886460 221
1886470 221
1886480 220
1886490 218
1886500 218
1886510 218
1886520 218
1886530 218
1886540 218
1886550 218
1886560 218
1886570 218
1886580 218
1886590 218
1886600 217
1886610 215
1886620 215
1886630 215
1886640 214
1886650 214
1886660 213
1886670 213
1886680 213
1886690 212
1886700 212
1886710 212
1886720 211
1886730 211
1886740 211
1886750 210
1886760 210
1886770 210
1886780 209
1886790 209
1886800 209
1886810 209
1886820 208
1886830 208
1886840 208
1886850 208
1886860 208
1886870 208
1886880 208
1886890 208
1886900 207
1886910 207
1886920 206
1886930 206
1886940 206
1886950 206
1886960 205
1886970 205
1886980 205
1886990 205
1887000 204
1887010 204
1887020 203
1887030 203
1887040 203
1887050 203
1887060 202
1887070 202
1887080 202
1887090 201
1887100 201
1887110 201
1887120 201
1887130 201
1887140 200
1887150 199
1887160 199
1887170 199
1887180 199
1887190 199
1887200 199
1887210 198
1887220 198
1887230 198
1887240 198
1887250 198
1887260 198
1887270 198
1887280 198
1887290 198
1887300 198
1887310 198
1887320 198
1887330 199
1887340 199
1887350 199
1887360 199
1887370 199
1887380 199
1887390 199
1887400 199
1887410 199
1887420 199
1887430 199
1887440 200
1887450 199
1887460 199
1887470 199
1887480 199
1887490 199
1887500 199
1887510 199
1887520 199
1887530 199
1887540 199
1887550 199
1887560 199
1887570 199
1887580 199
1887590 198
1887600 198
1887610 198
1887620 198
1887630 197
1887640 197
1887650 197
1887660 197
1887670 197
1887680 197
1887690 197
1887700 197
1887710 196
1887720 196
1887730 196
1887740 196
1887750 196
1887760 196
1887770 196
1887780 195
1887790 195
1887800 195
1887810 195
1887820 195
1887830 194
1887840 194
1887850 194
1887860 193
1887870 193
1887880 192
1887890 192
1887900 192
1887910 192
1887920 191
1887930 191
1887940 191
1887950 190
1887960 190
1887970 190
1887980 190
1887990 190
1888000 190
1888010 189
1888020 189
1888030 189
1888040 189
1888050 188
1888060 188
1888070 188
1888080 187
1888090 187
1888100 187
1888110 187
1888120 187
1888130 186
1888140 186
1888150 186
1888160 185
1888170 185
1888180 185
1888190 184
1888200 184
1888210 184
1888220 183
1888230 183
1888240 183
1888250 183
1888260 182
1888270 182
1888280 182
1888290 181
1888300 181
1888310 181
1888320 180
1888330 180
1888340 180
1888350 179
1888360 179
1888370 179
1888380 178
1888390 178
1888400 178
1888410 178
1888420 178
1888430 177
1888440 177
1888450 177
1888460 177
1888470 177
1888480 177
1888490 177
1888500 176
1888510 176
1888520 176
1888530 176
1888540 176
1888550 175
1888560 175
1888570 175
1888580 175
1888590 174
1888600 174
1888610 174
1888620 174
1888630 174
1888640 174
1888650 173
1888660 173
1888670 173
1888680 173
1888690 173
1888700 173
1888710 173
1888720 173
1888730 173
1888740 172
1888750 172
1888760 172
1888770 172
1888780 172
1888790 172
1888800 171
1888810 171
1888820 171
1888830 171
1888840 171
1888850 171
1888860 170
1888870 170
1888880 170
1888890 170
1888900 170
1888910 170
1888920 170
1888930 170
1888940 169
1888950 169
1888960 169
1888970 169
1888980 168
1888990 168
1889000 168
1889010 168
1889020 168
1889030 167
1889040 167
1889050 167
1889060 167
1889070 167
1889080 167
1889090 166
1889100 166
1889110 166
1889120 167
1889130 166
1889140 165
1889150 165
1889160 166
1889170 166
1889180 166
1889190 166
1889200 164
1889210 164
1889220 164
1889230 164
1889240 164
1889250 164
1889260 164
1889270 164
1889280 164
1889290 163
1889300 163
1889310 163
1889320 163
1889330 163
1889340 163
1889350 163
1889360 163
1889370 162
1889380 162
1889390 162
1889400 162
1889410 162
1889420 162
1889430 162
1889440 161
1889450 161
1889460 161
1889470 161
1889480 161
1889490 160
1889500 160
1889510 160
1889520 160
1889530 160
1889540 160
1889550 160
1889560 160
1889570 160
1889580 160
1889590 160
1889600 160
1889610 160
1889620 160
1889630 160
1889640 160
1889650 161
1889660 161
1889670 161
1889680 162
1889690 162
1889700 162
1889710 162
1889720 162
1889730 162
1889740 162
1889750 162
1889760 162
1889770 161
1889780 161
1889790 161
1889800 161
1889810 161
1889820 160
1889830 160
1889840 160
1889850 160
1889860 160
1889870 160
1889880 159
1889890 159
1889900 159
1889910 159
1889920 158
1889930 158
1889940 158
1889950 157
1889960 157
1889970 157
1889980 157
1889990 157
1890000 156
1890010 156
1890020 156
1890030 156
1890040 156
1890050 156
1890060 155
1890070 155
1890080 155
1890090 154
1890100 154
1890110 154
1890120 153
1890130 153
1890140 153
1890150 153
1890160 152
1890170 152
1890180 152
1890190 152
1890200 152
1890210 152
1890220 152
1890230 152
1890240 152
1890250 152
1890260 152
1890270 151
1890280 151
1890290 151
1890300 151
1890310 151
1890320 151
1890330 151
1890340 151
1890350 151
1890360 150
1890370 150
1890380 150
1890390 150
1890400 150
1890410 150
1890420 150
1890430 151
1890440 150
1890450 150
1890460 151
1890470 151
1890480 151
1890490 151
1890500 151
1890510 151
1890520 151
1890530 151
1890540 151
1890550 152
1890560 152
1890570 152
1890580 153
1890590 153
1890600 153
1890610 153
1890620 153
1890630 153
1890640 152
1890650 152
1890660 152
1890670 152
1890680 152
1890690 151
1890700 151
1890710 151
1890720 150
1890730 150
1890740 150
1890750 149
1890760 149
1890770 149
1890780 149
1890790 149
1890800 149
1890810 149
1890820 149
1890830 149
1890840 150
1890850 150
1890860 150
1890870 151
1890880 152
1890890 152
1890900 153
1890910 153
1890920 153
1890930 153
1890940 153
1890950 153
1890960 154
1890970 154
1890980 154
1890990 154
1891000 154
1891010 154
1891020 154
1891030 154
1891040 154
1891050 154
1891060 153
1891070 153
1891080 153
1891090 153
1891100 153
1891110 153
1891120 153
1891130 153
1891140 153
1891150 153
1891160 153
1891170 153
1891180 153
1891190 153
1891200 153
1891210 152
1891220 152
1891230 152
1891240 152
1891250 152
1891260 152
1891270 152
1891280 152
1891290 152
1891300 152
1891310 152
1891320 151
1891330 151
1891340 151
1891350 151
1891360 151
1891370 151
1891380 151
1891390 150
1891400 150
1891410 150
1891420 149
1891430 149
1891440 149
1891450 148
1891460 148
1891470 148
1891480 147
1891490 147
1891500 146
1891510 146
1891520 146
1891530 146
1891540 146
1891550 146
1891560 146
1891570 146
1891580 146
1891590 146
1891600 145
1891610 145
1891620 145
1891630 145
1891640 145
1891650 145
1891660 145
1891670 145
1891680 145
1891690 145
1891700 145
1891710 145
1891720 145
1891730 145
1891740 146
1891750 146
1891760 146
1891770 146
1891780 146
1891790 146
1891800 146
1891810 146
1891820 146
1891830 147
1891840 147
1891850 147
1891860 147
1891870 148
1891880 148
1891890 148
1891900 148
1891910 148
1891920 148
1891930 148
1891940 148
1891950 149
1891960 149
1891970 149
1891980 149
1891990 149
1892000 149
1892010 150
1892020 151
1892030 151
1892040 151
1892050 151
1892060 151
1892070 151
1892080 151
1892090 151
1892100 151
1892110 151
1892120 151
1892130 151
1892140 151
1892150 151
1892160 151
1892170 151
1892180 151
1892190 151
1892200 151
1892210 151
1892220 151
1892230 151
1892240 151
1892250 151
1892260 151
1892270 151
1892280 150
1892290 150
1892300 150
1892310 150
1892320 150
1892330 150
1892340 150
1892350 150
1892360 150
1892370 150
1892380 150
1892390 150
1892400 150
1892410 150
1892420 150
1892430 150
1892440 150
1892450 150
1892460 150
1892470 150
1892480 150
1892490 150
1892500 150
1892510 150
1892520 150
1892530 150
1892540 150
1892550 150
1892560 150
1892570 150
1892580 150
1892590 150
1892600 150
1892610 150
1892620 150
1892630 150
1892640 150
1892650 150
1892660 150
1892670 150
1892680 150
1892690 150
1892700 150
1892710 150
1892720 150
1892730 150
1892740 150
1892750 150
1892760 150
1892770 150
1892780 150
1892790 150
1892800 150
1892810 149
1892820 149
1892830 149
1892840 149
1892850 149
1892860 148
1892870 148
1892880 148
1892890 147
1892900 147
1892910 147
1892920 146
1892930 146
1892940 146
1892950 145
1892960 145
1892970 145
1892980 144
1892990 143
1893000 143
1893010 142
1893020 142
1893030 142
1893040 141
1893050 141
1893060 141
1893070 140
1893080 140
1893090 140
1893100 139
1893110 139
1893120 139
1893130 139
1893140 139
1893150 139
1893160 139
1893170 139
1893180 139
1893190 139
1893200 139
1893210 139
1893220 139
1893230 139
1893240 139
1893250 139
1893260 139
1893270 139
1893280 139
1893290 139
1893300 139
1893310 139
1893320 139
1893330 139
1893340 139
1893350 139
1893360 139
1893370 139
1893380 139
1893390 139
1893400 139
1893410 139
1893420 139
1893430 139
1893440 138
1893450 138
1893460 138
1893470 138
1893480 138
1893490 138
1893500 138
1893510 138
1893520 139
1893530 139
1893540 139
1893550 139
1893560 139
1893570 139
1893580 139
1893590 140
1893600 140
1893610 140
1893620 140
1893630 140
1893640 140
1893650 140
1893660 140
1893670 140
1893680 140
1893690 140
1893700 140
1893710 140
1893720 140
1893730 140
1893740 140
1893750 140
1893760 139
1893770 139
1893780 139
1893790 139
1893800 139
1893810 139
1893820 140
1893830 139
1893840 139
1893850 138
1893860 138
1893870 138
1893880 138
1893890 138
1893900 138
1893910 138
1893920 137
1893930 137
1893940 138
1893950 138
1893960 138
1893970 139
1893980 138
1893990 138
1894000 138
1894010 138
1894020 138
1894030 138
1894040 138
1894050 138
1894060 138
1894070 138
1894080 138
1894090 139
1894100 138
1894110 138
1894120 138
1894130 138
1894140 138
1894150 138
1894160 139
1894170 139
1894180 137
1894190 136
1894200 136
1894210 137
1894220 139
1894230 139
1894240 139
1894250 138
1894260 138
1894270 138
1894280 138
1894290 138
1894300 138
1894310 138
1894320 138
1894330 138
1894340 138
1894350 138
1894360 138
1894370 138
1894380 138
1894390 138
1894400 137
1894410 137
1894420 137
1894430 138
1894440 138
1894450 138
1894460 138
1894470 138
1894480 138
1894490 138
1894500 138
1894510 139
1894520 140
1894530 140
1894540 140
1894550 140
1894560 140
1894570 140
1894580 140
1894590 140
1894600 140
1894610 140
1894620 140
1894630 140
1894640 140
1894650 140
1894660 140
1894670 140
1894680 140
1894690 139
1894700 139
1894710 139
1894720 139
1894730 139
1894740 139
1894750 139
1894760 139
1894770 139
1894780 139
1894790 139
1894800 139
1894810 139
1894820 139
1894830 139
1894840 139
1894850 139
1894860 139
1894870 139
1894880 139
1894890 139
1894900 139
1894910 139
1894920 139
1894930 139
1894940 139
1894950 139
1894960 139
1894970 139
1894980 139
1894990 139
1895000 139
1895010 139
1895020 139
1895030 138
1895040 138
1895050 138
1895060 138
1895070 138
1895080 138
1895090 138
1895100 138
1895110 138
1895120 138
1895130 138
1895140 138
1895150 139
1895160 139
1895170 139
1895180 139
1895190 139
1895200 139
1895210 139
1895220 139
1895230 139
1895240 139
1895250 139
1895260 139
1895270 139
1895280 139
1895290 139
1895300 139
1895310 139
1895320 139
1895330 139
1895340 139
1895350 139
1895360 139
1895370 139
1895380 139
1895390 139
1895400 139
1895410 139
1895420 139
1895430 139
1895440 139
1895450 139
1895460 139
1895470 139
1895480 139
1895490 139
1895500 139
1895510 138
1895520 138
1895530 138
1895540 137
1895550 137
1895560 137
1895570 137
1895580 137
1895590 137
1895600 137
1895610 137
1895620 136
1895630 136
1895640 136
1895650 136
1895660 136
1895670 136
1895680 136
1895690 136
1895700 136
1895710 136
1895720 135
1895730 135
1895740 135
1895750 135
1895760 135
1895770 135
1895780 135
1895790 135
1895800 135
1895810 135
1895820 135
1895830 135
1895840 135
1895850 135
1895860 135
1895870 135
1895880 135
1895890 135
1895900 135
1895910 135
1895920 135
1895930 135
1895940 135
1895950 135
1895960 135
1895970 135
1895980 135
1895990 135
1896000 135
1896010 135
1896020 135
1896030 135
1896040 135
1896050 135
1896060 135
1896070 135
1896080 135
1896090 135
1896100 135
1896110 135
1896120 135
1896130 135
1896140 135
1896150 135
1896160 135
1896170 135
1896180 135
1896190 135
1896200 135
1896210 135
1896220 135
1896230 135
1896240 135
1896250 135
1896260 135
1896270 135
1896280 135
1896290 135
1896300 135
1896310 135
1896320 135
1896330 135
1896340 135
1896350 135
1896360 135
1896370 135
1896380 135
1896390 135
1896400 135
1896410 135
1896420 135
1896430 135
1896440 135
1896450 135
1896460 135
1896470 135
1896480 135
1896490 135
1896500 135
1896510 135
1896520 135
1896530 135
1896540 135
1896550 135
1896560 135
1896570 135
1896580 135
1896590 135
1896600 135
1896610 135
1896620 135
1896630 135
1896640 135
1896650 135
1896660 135
1896670 135
1896680 135
1896690 135
1896700 135
1896710 135
1896720 135
1896730 135
1896740 135
1896750 135
1896760 135
1896770 135
1896780 135
1896790 135
1896800 135
1896810 135
1896820 135
1896830 135
1896840 135
1896850 135
1896860 135
1896870 135
1896880 135
1896890 135
1896900 135
1896910 135
1896920 135
1896930 135
1896940 135
1896950 135
1896960 135
1896970 135
1896980 135
1896990 135
1897000 135
1897010 135
1897020 135
1897030 135
1897040 135
1897050 135
1897060 135
1897070 135
1897080 135
1897090 135
1897100 135
1897110 135
1897120 135
1897130 135
1897140 135
1897150 135
1897160 135
1897170 135
1897180 135
1897190 135
1897200 135
1897210 135
1897220 135
1897230 136
1897240 136
1897250 137
1897260 138
1897270 138
1897280 138
1897290 139
1897300 139
1897310 139
1897320 139
1897330 139
1897340 139
1897350 139
1897360 139
1897370 139
1897380 139
1897390 139
1897400 139
1897410 139
1897420 139
1897430 139
1897440 139
1897450 139
1897460 139
1897470 139
1897480 139
1897490 139
1897500 139
1897510 139
1897520 139
1897530 139
1897540 139
1897550 139
1897560 139
1897570 139
1897580 139
1897590 139
1897600 139
1897610 139
1897620 139
1897630 139
1897640 139
1897650 139
1897660 139
1897670 139
1897680 139
1897690 139
1897700 139
1897710 139
1897720 139
1897730 139
1897740 139
1897750 139
1897760 139
1897770 139
1897780 139
1897790 139
1897800 139
1897810 139
1897820 139
1897830 139
1897840 139
1897850 138
1897860 138
1897870 138
1897880 138
1897890 138
1897900 138
1897910 138
1897920 138
1897930 138
1897940 138
1897950 138
1897960 138
1897970 138
1897980 138
1897990 138
1898000 138
1898010 138
1898020 138
1898030 139
1898040 138
1898050 138
1898060 138
1898070 138
1898080 138
1898090 138
1898100 138
1898110 138
1898120 138
1898130 138
1898140 138
1898150 138
1898160 138
1898170 138
1898180 138
1898190 138
1898200 138
1898210 138
1898220 138
1898230 138
1898240 138
1898250 138
1898260 138
1898270 138
1898280 138
1898290 138
1898300 138
1898310 138
1898320 138
1898330 138
1898340 138
1898350 138
1898360 138
1898370 138
1898380 138
1898390 138
1898400 138
1898410 138
1898420 138
1898430 138
1898440 138
1898450 138
1898460 138
1898470 138
1898480 138
1898490 138
1898500 138
1898510 138
1898520 138
1898530 138
1898540 138
1898550 138
1898560 138
1898570 138
1898580 138
1898590 138
1898600 138
1898610 138
1898620 138
1898630 138
1898640 138
1898650 138
1898660 138
1898670 138
1898680 138
1898690 138
1898700 138
1898710 138
1898720 137
1898730 137
1898740 137
1898750 138
1898760 138
1898770 138
1898780 138
1898790 138
1898800 138
1898810 138
1898820 137
1898830 137
1898840 137
1898850 138
1898860 138
1898870 138
1898880 138
1898890 138
1898900 138
1898910 138
1898920 138
1898930 137
1898940 137
1898950 137
1898960 138
1898970 136
1898980 136
1898990 136
1899000 136
1899010 136
1899020 137
1899030 137
1899040 137
1899050 137
1899060 138
1899070 138
1899080 138
1899090 138
1899100 138
1899110 138
1899120 138
1899130 138
1899140 138
1899150 137
1899160 137
1899170 137
1899180 137
1899190 137
1899200 137
1899210 137
1899220 137
1899230 137
1899240 138
1899250 138
1899260 138
1899270 138
1899280 138
