1880000 143
1880010 143
1880020 143
1880030 143
1880040 143
1880050 143
1880060 143
1880070 143
1880080 143
1880090 143
1880100 143
1880110 142
1880120 142
1880130 142
1880140 142
1880150 142
1880160 142
1880170 143
1880180 144
1880190 145
1880200 145
1880210 145
1880220 143
1880230 143
1880240 142
1880250 142
1880260 142
1880270 142
1880280 142
1880290 142
1880300 142
1880310 142
1880320 142
1880330 144
1880340 145
1880350 145
1880360 145
1880370 143
1880380 145
1880390 143
1880400 143
1880410 143
1880420 143
1880430 143
1880440 143
1880450 142
1880460 142
1880470 142
1880480 142
1880490 142
1880500 142
1880510 142
1880520 142
1880530 142
1880540 142
1880550 142
1880560 142
1880570 142
1880580 142
1880590 142
1880600 142
1880610 142
1880620 142
1880630 142
1880640 142
1880650 142
1880660 143
1880670 143
1880680 143
1880690 143
1880700 143
1880710 143
1880720 143
1880730 142
1880740 142
1880750 142
1880760 142
1880770 142
1880780 142
1880790 142
1880800 142
1880810 142
1880820 142
1880830 142
1880840 143
1880850 143
1880860 143
1880870 143
1880880 143
1880890 143
1880900 143
1880910 142
1880920 142
1880930 142
1880940 141
1880950 141
1880960 141
1880970 142
1880980 142
1880990 141
1881000 141
1881010 141
1881020 140
1881030 140
1881040 141
1881050 141
1881060 140
1881070 140
1881080 140
1881090 140
1881100 140
1881110 140
1881120 140
1881130 140
1881140 140
1881150 140
1881160 140
1881170 140
1881180 140
1881190 140
1881200 140
1881210 140
1881220 140
1881230 140
1881240 140
1881250 140
1881260 140
1881270 140
1881280 140
1881290 140
1881300 140
1881310 140
1881320 140
1881330 140
1881340 140
1881350 140
1881360 140
1881370 140
1881380 140
1881390 140
1881400 140
1881410 140
1881420 140
1881430 140
1881440 140
1881450 140
1881460 140
1881470 140
1881480 140
1881490 140
1881500 140
1881510 141
1881520 141
1881530 141
1881540 141
1881550 141
1881560 141
1881570 142
1881580 142
1881590 142
1881600 143
1881610 143
1881620 143
1881630 143
1881640 143
1881650 143
1881660 143
1881670 143
1881680 143
1881690 143
1881700 143
1881710 143
1881720 143
1881730 143
1881740 143
1881750 143
1881760 143
1881770 143
1881780 143
1881790 143
1881800 142
1881810 142
1881820 142
1881830 142
1881840 143
1881850 143
1881860 143
1881870 143
1881880 143
1881890 142
1881900 142
1881910 142
1881920 142
1881930 142
1881940 142
1881950 142
1881960 142
1881970 142
1881980 142
1881990 142
1882000 142
1882010 142
1882020 142
1882030 142
1882040 142
1882050 142
1882060 142
1882070 142
1882080 142
1882090 142
1882100 142
1882110 142
1882120 142
1882130 142
1882140 142
1882150 142
1882160 142
1882170 142
1882180 142
1882190 142
1882200 141
1882210 141
1882220 140
1882230 140
1882240 140
1882250 140
1882260 141
1882270 141
1882280 142
1882290 142
1882300 142
1882310 142
1882320 142
1882330 142
1882340 142
1882350 142
1882360 142
1882370 142
1882380 142
1882390 142
1882400 142
1882410 142
1882420 142
1882430 142
1882440 142
1882450 142
1882460 142
1882470 142
1882480 142
1882490 142
1882500 142
1882510 142
1882520 142
1882530 142
1882540 142
1882550 142
1882560 142
1882570 142
1882580 142
1882590 142
1882600 142
1882610 142
1882620 142
1882630 142
1882640 142
1882650 142
1882660 142
1882670 142
1882680 142
1882690 142
1882700 141
1882710 141
1882720 141
1882730 141
1882740 142
1882750 142
1882760 142
1882770 142
1882780 142
1882790 142
1882800 142
1882810 142
1882820 142
1882830 142
1882840 142
1882850 142
1882860 142
1882870 142
1882880 142
1882890 142
1882900 142
1882910 142
1882920 142
1882930 142
1882940 142
1882950 142
1882960 142
1882970 142
1882980 142
1882990 142
1883000 142
1883010 142
1883020 142
1883030 142
1883040 142
1883050 142
1883060 142
1883070 141
1883080 141
1883090 141
1883100 140
1883110 140
1883120 140
1883130 140
1883140 140
1883150 140
1883160 140
1883170 140
1883180 140
1883190 140
1883200 140
1883210 140
1883220 140
1883230 140
1883240 140
1883250 141
1883260 141
1883270 142
1883280 142
1883290 142
1883300 142
1883310 142
1883320 142
1883330 142
1883340 142
1883350 142
1883360 142
1883370 142
1883380 142
1883390 142
1883400 142
1883410 142
1883420 142
1883430 142
1883440 142
1883450 142
1883460 142
1883470 142
1883480 142
1883490 142
1883500 142
1883510 142
1883520 142
1883530 142
1883540 142
1883550 142
1883560 142
1883570 142
1883580 142
1883590 142
1883600 141
1883610 140
1883620 140
1883630 140
1883640 141
1883650 141
1883660 140
1883670 140
1883680 140
1883690 140
1883700 140
1883710 140
1883720 140
1883730 140
1883740 140
1883750 140
1883760 140
1883770 140
1883780 140
1883790 140
1883800 140
1883810 140
1883820 140
1883830 140
1883840 140
1883850 140
1883860 140
1883870 140
1883880 140
1883890 140
1883900 140
1883910 140
1883920 140
1883930 140
1883940 140
1883950 140
1883960 140
1883970 140
1883980 140
1883990 140
1884000 140
1884010 140
1884020 140
1884030 140
1884040 140
1884050 140
1884060 140
1884070 140
1884080 140
1884090 140
1884100 140
1884110 140
1884120 141
1884130 140
1884140 140
1884150 142
1884160 143
1884170 143
1884180 143
1884190 143
1884200 143
1884210 143
1884220 143
1884230 143
1884240 143
1884250 143
1884260 143
1884270 142
1884280 142
1884290 143
1884300 142
1884310 142
1884320 142
1884330 142
1884340 142
1884350 142
1884360 142
1884370 142
1884380 142
1884390 142
1884400 142
1884410 142
1884420 142
1884430 142
1884440 142
1884450 142
1884460 142
1884470 142
1884480 142
1884490 142
1884500 142
1884510 142
1884520 142
1884530 142
1884540 142
1884550 142
1884560 142
1884570 142
1884580 141
1884590 141
1884600 141
1884610 141
1884620 141
1884630 141
1884640 141
1884650 141
1884660 142
1884670 142
1884680 142
1884690 141
1884700 141
1884710 141
1884720 141
1884730 141
1884740 141
1884750 141
1884760 142
1884770 142
1884780 142
1884790 142
1884800 142
1884810 142
1884820 142
1884830 142
1884840 142
1884850 142
1884860 142
1884870 142
1884880 142
1884890 142
1884900 142
1884910 141
1884920 141
1884930 141
1884940 141
1884950 141
1884960 141
1884970 141
1884980 141
1884990 142
1885000 142
1885010 142
1885020 142
1885030 141
1885040 141
1885050 140
1885060 140
1885070 140
1885080 140
1885090 140
1885100 140
1885110 140
1885120 140
1885130 140
1885140 140
1885150 140
1885160 140
1885170 140
1885180 140
1885190 140
1885200 140
1885210 140
1885220 140
1885230 140
1885240 140
1885250 140
1885260 140
1885270 140
1885280 140
1885290 140
1885300 140
1885310 140
1885320 140
1885330 140
1885340 140
1885350 140
1885360 140
1885370 140
1885380 140
1885390 140
1885400 140
1885410 140
1885420 140
1885430 140
1885440 140
1885450 140
1885460 140
1885470 140
1885480 140
1885490 140
1885500 140
1885510 140
1885520 140
1885530 140
1885540 140
1885550 140
1885560 140
1885570 140
1885580 140
1885590 140
1885600 140
1885610 140
1885620 140
1885630 140
1885640 140
1885650 140
1885660 140
1885670 140
1885680 140
1885690 140
1885700 140
1885710 140
1885720 140
1885730 140
1885740 140
1885750 140
1885760 140
1885770 140
1885780 140
1885790 140
1885800 140
1885810 140
1885820 140
1885830 140
1885840 140
1885850 140
1885860 140
1885870 140
1885880 140
1885890 140
1885900 140
1885910 140
1885920 140
1885930 140
1885940 140
1885950 140
1885960 140
1885970 140
1885980 140
1885990 140
1886000 140
1886010 140
1886020 140
1886030 140
1886040 140
1886050 140
1886060 140
1886070 140
1886080 140
1886090 140
1886100 140
1886110 140
1886120 140
1886130 140
1886140 140
1886150 140
1886160 142
1886170 142
1886180 142
1886190 143
1886200 143
1886210 143
1886220 143
1886230 143
1886240 143
1886250 143
1886260 144
1886270 144
1886280 145
1886290 147
1886300 147
1886310 148
1886320 148
1886330 148
1886340 148
1886350 148
1886360 148
1886370 149
1886380 150
1886390 150
1886400 151
1886410 151
1886420 151
1886430 152
1886440 155
1886450 155
1886460 157
1886470 159
1886480 159
1886490 162
1886500 165
1886510 165
1886520 168
1886530 169
1886540 169
1886550 169
1886560 169
1886570 169
1886580 169
1886590 169
1886600 169
1886610 169
1886620 170
1886630 170
1886640 170
1886650 170
1886660 170
1886670 170
1886680 170
1886690 170
1886700 170
1886710 170
1886720 170
1886730 170
1886740 170
1886750 170
1886760 170
1886770 170
1886780 170
1886790 170
1886800 169
1886810 169
1886820 169
1886830 171
1886840 171
1886850 171
1886860 172
1886870 174
1886880 174
1886890 175
1886900 175
1886910 176
1886920 177
1886930 177
1886940 179
1886950 181
1886960 181
1886970 182
1886980 184
1886990 184
1887000 184
1887010 186
1887020 186
1887030 187
1887040 190
1887050 190
1887060 191
1887070 191
1887080 191
1887090 189
1887100 190
1887110 190
1887120 190
1887130 191
1887140 191
1887150 192
1887160 192
1887170 192
1887180 193
1887190 193
1887200 194
1887210 195
1887220 196
1887230 196
1887240 196
1887250 197
1887260 197
1887270 198
1887280 198
1887290 198
1887300 198
1887310 198
1887320 198
1887330 199
1887340 200
1887350 200
1887360 201
1887370 202
1887380 202
1887390 203
1887400 204
1887410 204
1887420 205
1887430 205
1887440 205
1887450 207
1887460 209
1887470 209
1887480 210
1887490 210
1887500 210
1887510 210
1887520 212
1887530 212
1887540 212
1887550 212
1887560 212
1887570 212
1887580 212
1887590 212
1887600 212
1887610 212
1887620 212
1887630 212
1887640 212
1887650 212
1887660 212
1887670 213
1887680 213
1887690 213
1887700 213
1887710 213
1887720 213
1887730 213
1887740 213
1887750 213
1887760 213
1887770 213
1887780 213
1887790 213
1887800 213
1887810 212
1887820 211
1887830 211
1887840 214
1887850 214
1887860 214
1887870 214
1887880 213
1887890 213
1887900 212
1887910 211
1887920 211
1887930 210
1887940 209
1887950 209
1887960 207
1887970 206
1887980 206
1887990 205
1888000 204
1888010 204
1888020 203
1888030 202
1888040 202
1888050 201
1888060 201
1888070 200
1888080 200
1888090 200
1888100 199
1888110 199
1888120 198
1888130 198
1888140 198
1888150 198
1888160 200
1888170 200
1888180 199
1888190 198
1888200 198
1888210 198
1888220 197
1888230 197
1888240 197
1888250 197
1888260 197
1888270 196
1888280 196
1888290 196
1888300 195
1888310 194
1888320 194
1888330 193
1888340 192
1888350 192
1888360 191
1888370 190
1888380 190
1888390 189
1888400 189
1888410 189
1888420 188
1888430 188
1888440 188
1888450 188
1888460 188
1888470 188
1888480 189
1888490 189
1888500 189
1888510 189
1888520 189
1888530 189
1888540 189
1888550 188
1888560 188
1888570 188
1888580 188
1888590 188
1888600 188
1888610 187
1888620 187
1888630 187
1888640 186
1888650 186
1888660 186
1888670 186
1888680 186
1888690 185
1888700 184
1888710 184
1888720 182
1888730 181
1888740 181
1888750 180
1888760 180
1888770 180
1888780 180
1888790 179
1888800 180
1888810 179
1888820 178
1888830 178
1888840 178
1888850 178
1888860 178
1888870 178
1888880 179
1888890 179
1888900 180
1888910 180
1888920 180
1888930 180
1888940 179
1888950 179
1888960 179
1888970 179
1888980 179
1888990 178
1889000 174
1889010 174
1889020 170
1889030 171
1889040 171
1889050 173
1889060 169
1889070 169
1889080 169
1889090 169
1889100 169
1889110 168
1889120 167
1889130 167
1889140 166
1889150 165
1889160 165
1889170 164
1889180 163
1889190 163
1889200 162
1889210 160
1889220 160
1889230 159
1889240 157
1889250 157
1889260 156
1889270 155
1889280 155
1889290 155
1889300 155
1889310 155
1889320 155
1889330 155
1889340 155
1889350 155
1889360 155
1889370 155
1889380 155
1889390 155
1889400 155
1889410 154
1889420 153
1889430 153
1889440 153
1889450 152
1889460 152
1889470 153
1889480 153
1889490 153
1889500 152
1889510 152
1889520 152
1889530 151
1889540 150
1889550 150
1889560 149
1889570 147
1889580 147
1889590 144
1889600 143
1889610 143
1889620 141
1889630 140
1889640 140
1889650 140
1889660 140
1889670 140
1889680 139
1889690 139
1889700 139
1889710 139
1889720 139
1889730 139
1889740 139
1889750 139
1889760 139
1889770 139
1889780 139
1889790 139
1889800 140
1889810 140
1889820 140
1889830 140
1889840 140
1889850 140
1889860 140
1889870 140
1889880 140
1889890 140
1889900 140
1889910 140
1889920 140
1889930 140
1889940 140
1889950 140
1889960 140
1889970 140
1889980 140
1889990 140
1890000 140
1890010 140
1890020 140
1890030 140
1890040 139
1890050 139
1890060 139
1890070 139
1890080 139
1890090 139
1890100 139
1890110 139
1890120 139
1890130 139
1890140 139
1890150 139
1890160 139
1890170 139
1890180 139
1890190 139
1890200 139
1890210 139
1890220 140
1890230 140
1890240 140
1890250 140
1890260 140
1890270 140
1890280 140
1890290 140
1890300 140
1890310 140
1890320 140
1890330 140
1890340 140
1890350 140
1890360 140
1890370 140
1890380 139
1890390 139
1890400 139
1890410 139
1890420 139
1890430 139
1890440 139
1890450 139
1890460 139
1890470 139
1890480 139
1890490 139
1890500 140
1890510 140
1890520 140
1890530 139
1890540 139
1890550 140
1890560 140
1890570 140
1890580 140
1890590 140
1890600 140
1890610 140
1890620 140
1890630 140
1890640 140
1890650 140
1890660 140
1890670 140
1890680 140
1890690 140
1890700 140
1890710 140
1890720 140
1890730 140
1890740 140
1890750 140
1890760 140
1890770 140
1890780 140
1890790 140
1890800 140
1890810 140
1890820 139
1890830 139
1890840 139
1890850 139
1890860 139
1890870 139
1890880 139
1890890 139
1890900 139
1890910 139
1890920 139
1890930 139
1890940 139
1890950 139
1890960 139
1890970 139
1890980 139
1890990 139
1891000 139
1891010 139
1891020 139
1891030 139
1891040 139
1891050 139
1891060 139
1891070 139
1891080 139
1891090 139
1891100 139
1891110 139
1891120 139
1891130 139
1891140 139
1891150 139
1891160 139
1891170 139
1891180 139
1891190 139
1891200 139
1891210 139
1891220 139
1891230 139
1891240 139
1891250 139
1891260 139
1891270 139
1891280 139
1891290 139
1891300 139
1891310 139
1891320 139
1891330 139
1891340 139
1891350 139
1891360 139
1891370 139
1891380 139
1891390 139
1891400 139
1891410 139
1891420 139
1891430 139
1891440 139
1891450 139
1891460 139
1891470 139
1891480 139
1891490 139
1891500 139
1891510 139
1891520 139
1891530 139
1891540 139
1891550 139
1891560 139
1891570 139
1891580 139
1891590 139
1891600 139
1891610 139
1891620 139
1891630 139
1891640 139
1891650 139
1891660 139
1891670 139
1891680 139
1891690 139
1891700 139
1891710 139
1891720 139
1891730 139
1891740 139
1891750 139
1891760 139
1891770 139
1891780 139
1891790 139
1891800 139
1891810 139
1891820 139
1891830 139
1891840 139
1891850 139
1891860 139
1891870 139
1891880 139
1891890 139
1891900 139
1891910 139
1891920 139
1891930 139
1891940 139
1891950 139
1891960 139
1891970 139
1891980 139
1891990 139
1892000 139
1892010 139
1892020 139
1892030 139
1892040 139
1892050 139
1892060 139
1892070 139
1892080 139
1892090 139
1892100 139
1892110 139
1892120 139
1892130 139
1892140 139
1892150 139
1892160 139
1892170 139
1892180 139
1892190 139
1892200 139
1892210 139
1892220 140
1892230 140
1892240 140
1892250 140
1892260 140
1892270 140
1892280 140
1892290 140
1892300 140
1892310 140
1892320 140
1892330 140
1892340 140
1892350 140
1892360 140
1892370 140
1892380 140
1892390 140
1892400 140
1892410 140
1892420 140
1892430 140
1892440 140
1892450 140
1892460 140
1892470 140
1892480 140
1892490 140
1892500 140
1892510 140
1892520 140
1892530 140
1892540 140
1892550 140
1892560 140
1892570 140
1892580 140
1892590 140
1892600 140
1892610 140
1892620 140
1892630 140
1892640 140
1892650 140
1892660 140
1892670 140
1892680 140
1892690 140
1892700 139
1892710 139
1892720 139
1892730 139
1892740 139
1892750 139
1892760 139
1892770 139
1892780 139
1892790 139
1892800 139
1892810 139
1892820 139
1892830 139
1892840 139
1892850 139
1892860 139
1892870 139
1892880 139
1892890 139
1892900 139
1892910 139
1892920 139
1892930 139
1892940 139
1892950 139
1892960 139
1892970 139
1892980 139
1892990 139
1893000 139
1893010 139
1893020 140
1893030 140
1893040 140
1893050 140
1893060 140
1893070 140
1893080 140
1893090 139
1893100 139
1893110 139
1893120 139
1893130 139
1893140 139
1893150 140
1893160 140
1893170 140
1893180 139
1893190 139
1893200 139
1893210 139
1893220 139
1893230 139
1893240 139
1893250 139
1893260 139
1893270 138
1893280 138
1893290 137
1893300 137
1893310 137
1893320 138
1893330 138
1893340 138
1893350 138
1893360 138
1893370 138
1893380 138
1893390 137
1893400 137
1893410 137
1893420 137
1893430 137
1893440 138
1893450 139
1893460 139
1893470 139
1893480 139
1893490 139
1893500 139
1893510 139
1893520 139
1893530 139
1893540 139
1893550 139
1893560 139
1893570 139
1893580 139
1893590 140
1893600 140
1893610 140
1893620 140
1893630 140
1893640 140
1893650 140
1893660 140
1893670 140
1893680 138
1893690 138
1893700 138
1893710 136
1893720 136
1893730 136
1893740 136
1893750 137
1893760 137
1893770 137
1893780 136
1893790 136
1893800 137
1893810 137
1893820 137
1893830 136
1893840 136
1893850 136
1893860 136
1893870 136
1893880 136
1893890 136
1893900 136
1893910 136
1893920 136
1893930 136
1893940 136
1893950 136
1893960 136
1893970 136
1893980 136
1893990 136
1894000 136
1894010 136
1894020 136
1894030 136
1894040 136
1894050 136
1894060 136
1894070 136
1894080 136
1894090 136
1894100 136
1894110 136
1894120 136
1894130 136
1894140 136
1894150 136
1894160 136
1894170 136
1894180 136
1894190 136
1894200 136
1894210 136
1894220 136
1894230 136
1894240 136
1894250 136
1894260 136
1894270 136
1894280 136
1894290 136
1894300 136
1894310 136
1894320 136
1894330 136
1894340 136
1894350 136
1894360 136
1894370 136
1894380 136
1894390 136
1894400 136
1894410 136
1894420 136
1894430 136
1894440 137
1894450 137
1880000 143
1880010 143
1880020 143
1880030 143
1880040 143
1880050 143
1880060 143
1880070 143
1880080 143
1880090 143
1880100 143
1880110 142
1880120 142
1880130 142
1880140 142
1880150 142
1880160 142
1880170 143
1880180 144
1880190 145
1880200 145
1880210 145
1880220 143
1880230 143
1880240 142
1880250 142
1880260 142
1880270 142
1880280 142
1880290 142
1880300 142
1880310 142
1880320 142
1880330 144
1880340 145
1880350 145
1880360 145
1880370 143
1880380 145
1880390 143
1880400 143
1880410 143
1880420 143
1880430 143
1880440 143
1880450 142
1880460 142
1880470 142
1880480 142
1880490 142
1880500 142
1880510 142
1880520 142
1880530 142
1880540 142
1880550 142
1880560 142
1880570 142
1880580 142
1880590 142
1880600 142
1880610 142
1880620 142
1880630 142
1880640 142
1880650 142
1880660 143
1880670 143
1880680 143
1880690 143
1880700 143
1880710 143
1880720 143
1880730 142
1880740 142
1880750 142
1880760 142
1880770 142
1880780 142
1880790 142
1880800 142
1880810 142
1880820 142
1880830 142
1880840 143
1880850 143
1880860 143
1880870 143
1880880 143
1880890 143
1880900 143
1880910 142
1880920 142
1880930 142
1880940 141
1880950 141
1880960 141
1880970 142
1880980 142
1880990 141
1881000 141
1881010 141
1881020 140
1881030 140
1881040 141
1881050 141
1881060 140
1881070 140
1881080 140
1881090 140
1881100 140
1881110 140
1881120 140
1881130 140
1881140 140
1881150 140
1881160 140
1881170 140
1881180 140
1881190 140
1881200 140
1881210 140
1881220 140
1881230 140
1881240 140
1881250 140
1881260 140
1881270 140
1881280 140
1881290 140
1881300 140
1881310 140
1881320 140
1881330 140
1881340 140
1881350 140
1881360 140
1881370 140
1881380 140
1881390 140
1881400 140
1881410 140
1881420 140
1881430 140
1881440 140
1881450 140
1881460 140
1881470 140
1881480 140
1881490 140
1881500 140
1881510 141
1881520 141
1881530 141
1881540 141
1881550 141
1881560 141
1881570 142
1881580 142
1881590 142
1881600 143
1881610 143
1881620 143
1881630 143
1881640 143
1881650 143
1881660 143
1881670 143
1881680 143
1881690 143
1881700 143
1881710 143
1881720 143
1881730 143
1881740 143
1881750 143
1881760 143
1881770 143
1881780 143
1881790 143
1881800 142
1881810 142
1881820 142
1881830 142
1881840 143
1881850 143
1881860 143
1881870 143
1881880 143
1881890 142
1881900 142
1881910 142
1881920 142
1881930 142
1881940 142
1881950 142
1881960 142
1881970 142
1881980 142
1881990 142
1882000 142
1882010 142
1882020 142
1882030 142
1882040 142
1882050 142
1882060 142
1882070 142
1882080 142
1882090 142
1882100 142
1882110 142
1882120 142
1882130 142
1882140 142
1882150 142
1882160 142
1882170 142
1882180 142
1882190 142
1882200 141
1882210 141
1882220 140
1882230 140
1882240 140
1882250 140
1882260 141
1882270 141
1882280 142
1882290 142
1882300 142
1882310 142
1882320 142
1882330 142
1882340 142
1882350 142
1882360 142
1882370 142
1882380 142
1882390 142
1882400 142
1882410 142
1882420 142
1882430 142
1882440 142
1882450 142
1882460 142
1882470 142
1882480 142
1882490 142
1882500 142
1882510 142
1882520 142
1882530 142
1882540 142
1882550 142
1882560 142
1882570 142
1882580 142
1882590 142
1882600 142
1882610 142
1882620 142
1882630 142
1882640 142
1882650 142
1882660 142
1882670 142
1882680 142
1882690 142
1882700 141
1882710 141
1882720 141
1882730 141
1882740 142
1882750 142
1882760 142
1882770 142
1882780 142
1882790 142
1882800 142
1882810 142
1882820 142
1882830 142
1882840 142
1882850 142
1882860 142
1882870 142
1882880 142
1882890 142
1882900 142
1882910 142
1882920 142
1882930 142
1882940 142
1882950 142
1882960 142
1882970 142
1882980 142
1882990 142
1883000 142
1883010 142
1883020 142
1883030 142
1883040 142
1883050 142
1883060 142
1883070 141
1883080 141
1883090 141
1883100 140
1883110 140
1883120 140
1883130 140
1883140 140
1883150 140
1883160 140
1883170 140
1883180 140
1883190 140
1883200 140
1883210 140
1883220 140
1883230 140
1883240 140
1883250 141
1883260 141
1883270 142
1883280 142
1883290 142
1883300 142
1883310 142
1883320 142
1883330 142
1883340 142
1883350 142
1883360 142
1883370 142
1883380 142
1883390 142
1883400 142
1883410 142
1883420 142
1883430 142
1883440 142
1883450 142
1883460 142
1883470 142
1883480 142
1883490 142
1883500 142
1883510 142
1883520 142
1883530 142
1883540 142
1883550 142
1883560 142
1883570 142
1883580 142
1883590 142
1883600 141
1883610 140
1883620 140
1883630 140
1883640 141
1883650 141
1883660 140
1883670 140
1883680 140
1883690 140
1883700 140
1883710 140
1883720 140
1883730 140
1883740 140
1883750 140
1883760 140
1883770 140
1883780 140
1883790 140
1883800 140
1883810 140
1883820 140
1883830 140
1883840 140
1883850 140
1883860 140
1883870 140
1883880 140
1883890 140
1883900 140
1883910 140
1883920 140
1883930 140
1883940 140
1883950 140
1883960 140
1883970 140
1883980 140
1883990 140
1884000 140
1884010 140
1884020 140
1884030 140
1884040 140
1884050 140
1884060 140
1884070 140
1884080 140
1884090 140
1884100 140
1884110 140
1884120 141
1884130 140
1884140 140
1884150 142
1884160 143
1884170 143
1884180 143
1884190 143
1884200 143
1884210 143
1884220 143
1884230 143
1884240 143
1884250 143
1884260 143
1884270 142
1884280 142
1884290 143
1884300 142
1884310 142
1884320 142
1884330 142
1884340 142
1884350 142
1884360 142
1884370 142
1884380 142
1884390 142
1884400 142
1884410 142
1884420 142
1884430 142
1884440 142
1884450 142
1884460 142
1884470 142
1884480 142
1884490 142
1884500 142
1884510 142
1884520 142
1884530 142
1884540 142
1884550 142
1884560 142
1884570 142
1884580 141
1884590 141
1884600 141
1884610 141
1884620 141
1884630 141
1884640 141
1884650 141
1884660 142
1884670 142
1884680 142
1884690 141
1884700 141
1884710 141
1884720 141
1884730 141
1884740 141
1884750 141
1884760 142
1884770 142
1884780 142
1884790 142
1884800 142
1884810 142
1884820 142
1884830 142
1884840 142
1884850 142
1884860 142
1884870 142
1884880 142
1884890 142
1884900 142
1884910 141
1884920 141
1884930 141
1884940 141
1884950 141
1884960 141
1884970 141
1884980 141
1884990 142
1885000 142
1885010 142
1885020 142
1885030 141
1885040 141
1885050 140
1885060 140
1885070 140
1885080 140
1885090 140
1885100 140
1885110 140
1885120 140
1885130 140
1885140 140
1885150 140
1885160 140
1885170 140
1885180 140
1885190 140
1885200 140
1885210 140
1885220 140
1885230 140
1885240 140
1885250 140
1885260 140
1885270 140
1885280 140
1885290 140
1885300 140
1885310 140
1885320 140
1885330 140
1885340 140
1885350 140
1885360 140
1885370 140
1885380 140
1885390 140
1885400 140
1885410 140
1885420 140
1885430 140
1885440 140
1885450 140
1885460 140
1885470 140
1885480 140
1885490 140
1885500 140
1885510 140
1885520 140
1885530 140
1885540 140
1885550 140
1885560 140
1885570 140
1885580 140
1885590 140
1885600 140
1885610 140
1885620 140
1885630 140
1885640 140
1885650 140
1885660 140
1885670 140
1885680 140
1885690 140
1885700 140
1885710 140
1885720 140
1885730 140
1885740 140
1885750 140
1885760 140
1885770 140
1885780 140
1885790 140
1885800 140
1885810 140
1885820 140
1885830 140
1885840 140
1885850 140
1885860 140
1885870 140
1885880 140
1885890 140
1885900 140
1885910 140
1885920 140
1885930 140
1885940 140
1885950 140
1885960 140
1885970 140
1885980 140
1885990 140
1886000 140
1886010 140
1886020 140
1886030 140
1886040 140
1886050 140
1886060 140
1886070 140
1886080 140
1886090 140
1886100 140
1886110 140
1886120 140
1886130 140
1886140 140
1886150 140
1886160 142
1886170 142
1886180 142
1886190 143
1886200 143
1886210 143
1886220 143
1886230 143
1886240 143
1886250 143
1886260 144
1886270 144
1886280 145
1886290 147
1886300 147
1886310 148
1886320 148
1886330 148
1886340 148
1886350 148
1886360 148
1886370 149
1886380 150
1886390 150
1886400 151
1886410 151
1886420 151
1886430 152
1886440 155
1886450 155
1886460 157
1886470 159
1886480 159
1886490 162
1886500 165
1886510 165
1886520 168
1886530 169
1886540 169
1886550 169
1886560 169
1886570 169
1886580 169
1886590 169
1886600 169
1886610 169
1886620 170
1886630 170
1886640 170
1886650 170
1886660 170
1886670 170
1886680 170
1886690 170
1886700 170
1886710 170
1886720 170
1886730 170
1886740 170
1886750 170
1886760 170
1886770 170
1886780 170
1886790 170
1886800 169
1886810 169
1886820 169
1886830 171
1886840 171
1886850 171
1886860 172
1886870 174
1886880 174
1886890 175
1886900 175
1886910 176
1886920 177
1886930 177
1886940 179
1886950 181
1886960 181
1886970 182
1886980 184
1886990 184
1887000 184
1887010 186
1887020 186
1887030 187
1887040 190
1887050 190
1887060 191
1887070 191
1887080 191
1887090 189
1887100 190
1887110 190
1887120 190
1887130 191
1887140 191
1887150 192
1887160 192
1887170 192
1887180 193
1887190 193
1887200 194
1887210 195
1887220 196
1887230 196
1887240 196
1887250 197
1887260 197
1887270 198
1887280 198
1887290 198
1887300 198
1887310 198
1887320 198
1887330 199
1887340 200
1887350 200
1887360 201
1887370 202
1887380 202
1887390 203
1887400 204
1887410 204
1887420 205
1887430 205
1887440 205
1887450 207
1887460 209
1887470 209
1887480 210
1887490 210
1887500 210
1887510 210
1887520 212
1887530 212
1887540 212
1887550 212
1887560 212
1887570 212
1887580 212
1887590 212
1887600 212
1887610 212
1887620 212
1887630 212
1887640 212
1887650 212
1887660 212
1887670 213
1887680 213
1887690 213
1887700 213
1887710 213
1887720 213
1887730 213
1887740 213
1887750 213
1887760 213
1887770 213
1887780 213
1887790 213
1887800 213
1887810 212
1887820 211
1887830 211
1887840 214
1887850 214
1887860 214
1887870 214
1887880 213
1887890 213
1887900 212
1887910 211
1887920 211
1887930 210
1887940 209
1887950 209
1887960 207
1887970 206
1887980 206
1887990 205
1888000 204
1888010 204
1888020 203
1888030 202
1888040 202
1888050 201
1888060 201
1888070 200
1888080 200
1888090 200
1888100 199
1888110 199
1888120 198
1888130 198
1888140 198
1888150 198
1888160 200
1888170 200
1888180 199
1888190 198
1888200 198
1888210 198
1888220 197
1888230 197
1888240 197
1888250 197
1888260 197
1888270 196
1888280 196
1888290 196
1888300 195
1888310 194
1888320 194
1888330 193
1888340 192
1888350 192
1888360 191
1888370 190
1888380 190
1888390 189
1888400 189
1888410 189
1888420 188
1888430 188
1888440 188
1888450 188
1888460 188
1888470 188
1888480 189
1888490 189
1888500 189
1888510 189
1888520 189
1888530 189
1888540 189
1888550 188
1888560 188
1888570 188
1888580 188
1888590 188
1888600 188
1888610 187
1888620 187
1888630 187
1888640 186
1888650 186
1888660 186
1888670 186
1888680 186
1888690 185
1888700 184
1888710 184
1888720 182
1888730 181
1888740 181
1888750 180
1888760 180
1888770 180
1888780 180
1888790 179
1888800 180
1888810 179
1888820 178
1888830 178
1888840 178
1888850 178
1888860 178
1888870 178
1888880 179
1888890 179
1888900 180
1888910 180
1888920 180
1888930 180
1888940 179
1888950 179
1888960 179
1888970 179
1888980 179
1888990 178
1889000 174
1889010 174
1889020 170
1889030 171
1889040 171
1889050 173
1889060 169
1889070 169
1889080 169
1889090 169
1889100 169
1889110 168
1889120 167
1889130 167
1889140 166
1889150 165
1889160 165
1889170 164
1889180 163
1889190 163
1889200 162
1889210 160
1889220 160
1889230 159
1889240 157
1889250 157
1889260 156
1889270 155
1889280 155
1889290 155
1889300 155
1889310 155
1889320 155
1889330 155
1889340 155
1889350 155
1889360 155
1889370 155
1889380 155
1889390 155
1889400 155
1889410 154
1889420 153
1889430 153
1889440 153
1889450 152
1889460 152
1889470 153
1889480 153
1889490 153
1889500 152
1889510 152
1889520 152
1889530 151
1889540 150
1889550 150
1889560 149
1889570 147
1889580 147
1889590 144
1889600 143
1889610 143
1889620 141
1889630 140
1889640 140
1889650 140
1889660 140
1889670 140
1889680 139
1889690 139
1889700 139
1889710 139
1889720 139
1889730 139
1889740 139
1889750 139
1889760 139
1889770 139
1889780 139
1889790 139
1889800 140
1889810 140
1889820 140
1889830 140
1889840 140
1889850 140
1889860 140
1889870 140
1889880 140
1889890 140
1889900 140
1889910 140
1889920 140
1889930 140
1889940 140
1889950 140
1889960 140
1889970 140
1889980 140
1889990 140
1890000 140
1890010 140
1890020 140
1890030 140
1890040 139
1890050 139
1890060 139
1890070 139
1890080 139
1890090 139
1890100 139
1890110 139
1890120 139
1890130 139
1890140 139
1890150 139
1890160 139
1890170 139
1890180 139
1890190 139
1890200 139
1890210 139
1890220 140
1890230 140
1890240 140
1890250 140
1890260 140
1890270 140
1890280 140
1890290 140
1890300 140
1890310 140
1890320 140
1890330 140
1890340 140
1890350 140
1890360 140
1890370 140
1890380 139
1890390 139
1890400 139
1890410 139
1890420 139
1890430 139
1890440 139
1890450 139
1890460 139
1890470 139
1890480 139
1890490 139
1890500 140
1890510 140
1890520 140
1890530 139
1890540 139
1890550 140
1890560 140
1890570 140
1890580 140
1890590 140
1890600 140
1890610 140
1890620 140
1890630 140
1890640 140
1890650 140
1890660 140
1890670 140
1890680 140
1890690 140
1890700 140
1890710 140
1890720 140
1890730 140
1890740 140
1890750 140
1890760 140
1890770 140
1890780 140
1890790 140
1890800 140
1890810 140
1890820 139
1890830 139
1890840 139
1890850 139
1890860 139
1890870 139
1890880 139
1890890 139
1890900 139
1890910 139
1890920 139
1890930 139
1890940 139
1890950 139
1890960 139
1890970 139
1890980 139
1890990 139
1891000 139
1891010 139
1891020 139
1891030 139
1891040 139
1891050 139
1891060 139
1891070 139
1891080 139
1891090 139
1891100 139
1891110 139
1891120 139
1891130 139
1891140 139
1891150 139
1891160 139
1891170 139
1891180 139
1891190 139
1891200 139
1891210 139
1891220 139
1891230 139
1891240 139
1891250 139
1891260 139
1891270 139
1891280 139
1891290 139
1891300 139
1891310 139
1891320 139
1891330 139
1891340 139
1891350 139
1891360 139
1891370 139
1891380 139
1891390 139
1891400 139
1891410 139
1891420 139
1891430 139
1891440 139
1891450 139
1891460 139
1891470 139
1891480 139
1891490 139
1891500 139
1891510 139
1891520 139
1891530 139
1891540 139
1891550 139
1891560 139
1891570 139
1891580 139
1891590 139
1891600 139
1891610 139
1891620 139
1891630 139
1891640 139
1891650 139
1891660 139
1891670 139
1891680 139
1891690 139
1891700 139
1891710 139
1891720 139
1891730 139
1891740 139
1891750 139
1891760 139
1891770 139
1891780 139
1891790 139
1891800 139
1891810 139
1891820 139
1891830 139
1891840 139
1891850 139
1891860 139
1891870 139
1891880 139
1891890 139
1891900 139
1891910 139
1891920 139
1891930 139
1891940 139
1891950 139
1891960 139
1891970 139
1891980 139
1891990 139
1892000 139
1892010 139
1892020 139
1892030 139
1892040 139
1892050 139
1892060 139
1892070 139
1892080 139
1892090 139
1892100 139
1892110 139
1892120 139
1892130 139
1892140 139
1892150 139
1892160 139
1892170 139
1892180 139
1892190 139
1892200 139
1892210 139
1892220 140
1892230 140
1892240 140
1892250 140
1892260 140
1892270 140
1892280 140
1892290 140
1892300 140
1892310 140
1892320 140
1892330 140
1892340 140
1892350 140
1892360 140
1892370 140
1892380 140
1892390 140
1892400 140
1892410 140
1892420 140
1892430 140
1892440 140
1892450 140
1892460 140
1892470 140
1892480 140
1892490 140
1892500 140
1892510 140
1892520 140
1892530 140
1892540 140
1892550 140
1892560 140
1892570 140
1892580 140
1892590 140
1892600 140
1892610 140
1892620 140
1892630 140
1892640 140
1892650 140
1892660 140
1892670 140
1892680 140
1892690 140
1892700 139
1892710 139
1892720 139
1892730 139
1892740 139
1892750 139
1892760 139
1892770 139
1892780 139
1892790 139
1892800 139
1892810 139
1892820 139
1892830 139
1892840 139
1892850 139
1892860 139
1892870 139
1892880 139
1892890 139
1892900 139
1892910 139
1892920 139
1892930 139
1892940 139
1892950 139
1892960 139
1892970 139
1892980 139
1892990 139
1893000 139
1893010 139
1893020 140
1893030 140
1893040 140
1893050 140
1893060 140
1893070 140
1893080 140
1893090 139
1893100 139
1893110 139
1893120 139
1893130 139
1893140 139
1893150 140
1893160 140
1893170 140
1893180 139
1893190 139
1893200 139
1893210 139
1893220 139
1893230 139
1893240 139
1893250 139
1893260 139
1893270 138
1893280 138
1893290 137
1893300 137
1893310 137
1893320 138
1893330 138
1893340 138
1893350 138
1893360 138
1893370 138
1893380 138
1893390 137
1893400 137
1893410 137
1893420 137
1893430 137
1893440 138
1893450 139
1893460 139
1893470 139
1893480 139
1893490 139
1893500 139
1893510 139
1893520 139
1893530 139
1893540 139
1893550 139
1893560 139
1893570 139
1893580 139
1893590 140
1893600 140
1893610 140
1893620 140
1893630 140
1893640 140
1893650 140
1893660 140
1893670 140
1893680 138
1893690 138
1893700 138
1893710 136
1893720 136
1893730 136
1893740 136
1893750 137
1893760 137
1893770 137
1893780 136
1893790 136
1893800 137
1893810 137
1893820 137
1893830 136
1893840 136
1893850 136
1893860 136
1893870 136
1893880 136
1893890 136
1893900 136
1893910 136
1893920 136
1893930 136
1893940 136
1893950 136
1893960 136
1893970 136
1893980 136
1893990 136
1894000 136
1894010 136
1894020 136
1894030 136
1894040 136
1894050 136
1894060 136
1894070 136
1894080 136
1894090 136
1894100 136
1894110 136
1894120 136
1894130 136
1894140 136
1894150 136
1894160 136
1894170 136
1894180 136
1894190 136
1894200 136
1894210 136
1894220 136
1894230 136
1894240 136
1894250 136
1894260 136
1894270 136
1894280 136
1894290 136
1894300 136
1894310 136
1894320 136
1894330 136
1894340 136
1894350 136
1894360 136
1894370 136
1894380 136
1894390 136
1894400 136
1894410 136
1894420 136
1894430 136
1894440 137
1894450 137
