1880000 143
1880010 143
1880020 143
1880030 143
1880040 143
1880050 143
1880060 143
1880070 143
1880080 143
1880090 143
1880100 143
1880110 143
1880120 143
1880130 143
1880140 143
1880150 143
1880160 144
1880170 144
1880180 143
1880190 142
1880200 142
1880210 140
1880220 140
1880230 140
1880240 140
1880250 140
1880260 140
1880270 140
1880280 140
1880290 140
1880300 141
1880310 142
1880320 142
1880330 142
1880340 142
1880350 142
1880360 142
1880370 141
1880380 141
1880390 141
1880400 142
1880410 142
1880420 143
1880430 143
1880440 143
1880450 142
1880460 141
1880470 141
1880480 143
1880490 143
1880500 143
1880510 143
1880520 142
1880530 142
1880540 142
1880550 142
1880560 142
1880570 142
1880580 141
1880590 141
1880600 141
1880610 141
1880620 141
1880630 142
1880640 141
1880650 141
1880660 141
1880670 142
1880680 142
1880690 142
1880700 141
1880710 141
1880720 142
1880730 142
1880740 142
1880750 141
1880760 141
1880770 141
1880780 141
1880790 141
1880800 141
1880810 141
1880820 141
1880830 141
1880840 141
1880850 141
1880860 141
1880870 141
1880880 142
1880890 142
1880900 142
1880910 141
1880920 141
1880930 141
1880940 142
1880950 142
1880960 142
1880970 142
1880980 142
1880990 142
1881000 142
1881010 142
1881020 142
1881030 142
1881040 142
1881050 142
1881060 143
1881070 143
1881080 143
1881090 142
1881100 142
1881110 142
1881120 142
1881130 142
1881140 142
1881150 142
1881160 142
1881170 142
1881180 142
1881190 142
1881200 142
1881210 142
1881220 142
1881230 142
1881240 142
1881250 142
1881260 142
1881270 142
1881280 142
1881290 142
1881300 141
1881310 141
1881320 141
1881330 141
1881340 141
1881350 142
1881360 142
1881370 142
1881380 142
1881390 142
1881400 142
1881410 142
1881420 142
1881430 142
1881440 142
1881450 143
1881460 143
1881470 143
1881480 142
1881490 142
1881500 142
1881510 142
1881520 142
1881530 143
1881540 142
1881550 142
1881560 143
1881570 142
1881580 142
1881590 142
1881600 141
1881610 141
1881620 141
1881630 141
1881640 141
1881650 141
1881660 141
1881670 141
1881680 141
1881690 141
1881700 141
1881710 141
1881720 141
1881730 141
1881740 141
1881750 141
1881760 141
1881770 141
1881780 140
1881790 140
1881800 140
1881810 140
1881820 140
1881830 141
1881840 140
1881850 140
1881860 140
1881870 141
1881880 140
1881890 141
1881900 140
1881910 140
1881920 140
1881930 140
1881940 140
1881950 141
1881960 141
1881970 141
1881980 140
1881990 140
1882000 140
1882010 140
1882020 140
1882030 140
1882040 140
1882050 140
1882060 140
1882070 140
1882080 140
1882090 140
1882100 140
1882110 140
1882120 140
1882130 140
1882140 140
1882150 140
1882160 140
1882170 140
1882180 140
1882190 140
1882200 140
1882210 140
1882220 140
1882230 140
1882240 140
1882250 140
1882260 140
1882270 140
1882280 140
1882290 140
1882300 140
1882310 140
1882320 140
1882330 140
1882340 140
1882350 140
1882360 140
1882370 140
1882380 140
1882390 140
1882400 140
1882410 140
1882420 140
1882430 140
1882440 140
1882450 140
1882460 140
1882470 140
1882480 140
1882490 140
1882500 140
1882510 140
1882520 140
1882530 140
1882540 140
1882550 140
1882560 140
1882570 140
1882580 140
1882590 140
1882600 140
1882610 140
1882620 140
1882630 140
1882640 140
1882650 140
1882660 140
1882670 140
1882680 140
1882690 140
1882700 140
1882710 140
1882720 140
1882730 140
1882740 140
1882750 140
1882760 140
1882770 140
1882780 140
1882790 140
1882800 140
1882810 140
1882820 140
1882830 140
1882840 140
1882850 140
1882860 140
1882870 140
1882880 140
1882890 140
1882900 140
1882910 140
1882920 140
1882930 140
1882940 140
1882950 140
1882960 140
1882970 140
1882980 140
1882990 140
1883000 140
1883010 140
1883020 140
1883030 140
1883040 140
1883050 140
1883060 140
1883070 140
1883080 140
1883090 140
1883100 140
1883110 140
1883120 140
1883130 140
1883140 140
1883150 140
1883160 140
1883170 140
1883180 140
1883190 140
1883200 140
1883210 140
1883220 140
1883230 140
1883240 140
1883250 140
1883260 140
1883270 140
1883280 140
1883290 140
1883300 140
1883310 140
1883320 140
1883330 140
1883340 140
1883350 140
1883360 140
1883370 140
1883380 140
1883390 140
1883400 140
1883410 140
1883420 140
1883430 140
1883440 140
1883450 140
1883460 141
1883470 141
1883480 141
1883490 142
1883500 142
1883510 140
1883520 140
1883530 140
1883540 140
1883550 140
1883560 140
1883570 140
1883580 140
1883590 141
1883600 141
1883610 141
1883620 141
1883630 141
1883640 141
1883650 142
1883660 142
1883670 142
1883680 142
1883690 142
1883700 142
1883710 142
1883720 142
1883730 142
1883740 142
1883750 142
1883760 142
1883770 142
1883780 142
1883790 142
1883800 142
1883810 142
1883820 142
1883830 142
1883840 142
1883850 142
1883860 141
1883870 141
1883880 140
1883890 140
1883900 140
1883910 140
1883920 141
1883930 141
1883940 142
1883950 142
1883960 142
1883970 142
1883980 142
1883990 142
1884000 142
1884010 142
1884020 142
1884030 142
1884040 142
1884050 142
1884060 142
1884070 142
1884080 142
1884090 142
1884100 142
1884110 142
1884120 142
1884130 142
1884140 142
1884150 142
1884160 141
1884170 141
1884180 141
1884190 141
1884200 141
1884210 142
1884220 142
1884230 142
1884240 141
1884250 142
1884260 142
1884270 142
1884280 142
1884290 142
1884300 142
1884310 142
1884320 142
1884330 142
1884340 142
1884350 142
1884360 142
1884370 142
1884380 142
1884390 142
1884400 142
1884410 142
1884420 142
1884430 142
1884440 142
1884450 142
1884460 142
1884470 142
1884480 142
1884490 142
1884500 142
1884510 142
1884520 142
1884530 142
1884540 142
1884550 142
1884560 142
1884570 142
1884580 142
1884590 142
1884600 142
1884610 142
1884620 142
1884630 142
1884640 142
1884650 142
1884660 142
1884670 142
1884680 142
1884690 141
1884700 141
1884710 141
1884720 141
1884730 141
1884740 141
1884750 141
1884760 141
1884770 141
1884780 141
1884790 141
1884800 141
1884810 141
1884820 141
1884830 141
1884840 141
1884850 141
1884860 141
1884870 141
1884880 141
1884890 141
1884900 141
1884910 141
1884920 141
1884930 141
1884940 141
1884950 141
1884960 141
1884970 140
1884980 140
1884990 140
1885000 140
1885010 140
1885020 140
1885030 140
1885040 140
1885050 140
1885060 140
1885070 140
1885080 141
1885090 142
1885100 142
1885110 143
1885120 145
1885130 142
1885140 145
1885150 145
1885160 145
1885170 144
1885180 144
1885190 144
1885200 144
1885210 145
1885220 145
1885230 151
1885240 150
1885250 150
1885260 149
1885270 150
1885280 150
1885290 151
1885300 151
1885310 151
1885320 151
1885330 152
1885340 152
1885350 151
1885360 151
1885370 151
1885380 151
1885390 151
1885400 151
1885410 151
1885420 151
1885430 151
1885440 151
1885450 151
1885460 151
1885470 151
1885480 152
1885490 152
1885500 153
1885510 154
1885520 154
1885530 155
1885540 155
1885550 155
1885560 157
1885570 158
1885580 158
1885590 159
1885600 159
1885610 159
1885620 159
1885630 160
1885640 160
1885650 160
1885660 160
1885670 160
1885680 160
1885690 160
1885700 160
1885710 161
1885720 161
1885730 161
1885740 162
1885750 162
1885760 162
1885770 163
1885780 163
1885790 163
1885800 163
1885810 164
1885820 164
1885830 165
1885840 166
1885850 166
1885860 167
1885870 168
1885880 168
1885890 167
1885900 167
1885910 167
1885920 168
1885930 168
1885940 168
1885950 169
1885960 170
1885970 170
1885980 170
1885990 170
1886000 170
1886010 170
1886020 170
1886030 170
1886040 170
1886050 171
1886060 171
1886070 171
1886080 172
1886090 172
1886100 171
1886110 170
1886120 171
1886130 171
1886140 171
1886150 171
1886160 171
1886170 171
1886180 172
1886190 172
1886200 172
1886210 172
1886220 172
1886230 172
1886240 172
1886250 172
1886260 172
1886270 174
1886280 174
1886290 174
1886300 175
1886310 175
1886320 175
1886330 175
1886340 175
1886350 175
1886360 175
1886370 175
1886380 176
1886390 176
1886400 176
1886410 175
1886420 173
1886430 173
1886440 172
1886450 172
1886460 172
1886470 173
1886480 173
1886490 173
1886500 172
1886510 173
1886520 173
1886530 172
1886540 171
1886550 171
1886560 169
1886570 166
1886580 166
1886590 164
1886600 164
1886610 164
1886620 164
1886630 164
1886640 164
1886650 164
1886660 164
1886670 164
1886680 164
1886690 164
1886700 164
1886710 165
1886720 165
1886730 165
1886740 164
1886750 165
1886760 165
1886770 165
1886780 165
1886790 165
1886800 165
1886810 165
1886820 165
1886830 165
1886840 165
1886850 165
1886860 165
1886870 166
1886880 166
1886890 166
1886900 165
1886910 165
1886920 165
1886930 165
1886940 165
1886950 165
1886960 165
1886970 165
1886980 165
1886990 165
1887000 165
1887010 165
1887020 166
1887030 166
1887040 166
1887050 166
1887060 166
1887070 166
1887080 166
1887090 166
1887100 166
1887110 168
1887120 168
1887130 171
1887140 168
1887150 168
1887160 167
1887170 167
1887180 167
1887190 167
1887200 167
1887210 167
1887220 167
1887230 168
1887240 168
1887250 168
1887260 169
1887270 169
1887280 169
1887290 168
1887300 168
1887310 169
1887320 169
1887330 169
1887340 169
1887350 169
1887360 169
1887370 169
1887380 169
1887390 168
1887400 168
1887410 168
1887420 168
1887430 168
1887440 168
1887450 168
1887460 168
1887470 168
1887480 168
1887490 169
1887500 170
1887510 170
1887520 170
1887530 171
1887540 171
1887550 171
1887560 171
1887570 171
1887580 171
1887590 171
1887600 171
1887610 171
1887620 171
1887630 171
1887640 171
1887650 172
1887660 172
1887670 172
1887680 172
1887690 172
1887700 172
1887710 172
1887720 172
1887730 172
1887740 173
1887750 173
1887760 173
1887770 173
1887780 173
1887790 173
1887800 173
1887810 173
1887820 173
1887830 173
1887840 173
1887850 173
1887860 173
1887870 173
1887880 174
1887890 174
1887900 174
1887910 174
1887920 174
1887930 174
1887940 174
1887950 174
1887960 174
1887970 174
1887980 174
1887990 174
1888000 174
1888010 174
1888020 174
1888030 174
1888040 174
1888050 174
1888060 174
1888070 174
1888080 174
1888090 174
1888100 174
1888110 174
1888120 174
1888130 174
1888140 174
1888150 173
1888160 173
1888170 173
1888180 173
1888190 173
1888200 173
1888210 173
1888220 173
1888230 173
1888240 173
1888250 173
1888260 173
1888270 173
1888280 173
1888290 173
1888300 173
1888310 173
1888320 173
1888330 172
1888340 172
1888350 172
1888360 172
1888370 172
1888380 172
1888390 172
1888400 172
1888410 172
1888420 172
1888430 172
1888440 172
1888450 172
1888460 172
1888470 172
1888480 172
1888490 172
1888500 172
1888510 172
1888520 171
1888530 171
1888540 171
1888550 171
1888560 171
1888570 171
1888580 171
1888590 171
1888600 171
1888610 172
1888620 172
1888630 172
1888640 172
1888650 172
1888660 172
1888670 172
1888680 172
1888690 172
1888700 172
1888710 172
1888720 173
1888730 173
1888740 173
1888750 173
1888760 173
1888770 173
1888780 174
1888790 174
1888800 174
1888810 174
1888820 174
1888830 174
1888840 173
1888850 173
1888860 173
1888870 173
1888880 173
1888890 173
1888900 173
1888910 173
1888920 173
1888930 172
1888940 172
1888950 172
1888960 172
1888970 172
1888980 172
1888990 172
1889000 172
1889010 172
1889020 171
1889030 171
1889040 171
1889050 171
1889060 171
1889070 171
1889080 171
1889090 170
1889100 170
1889110 170
1889120 170
1889130 170
1889140 170
1889150 170
1889160 170
1889170 170
1889180 170
1889190 170
1889200 170
1889210 170
1889220 170
1889230 169
1889240 169
1889250 169
1889260 169
1889270 168
1889280 168
1889290 168
1889300 167
1889310 167
1889320 166
1889330 166
1889340 166
1889350 165
1889360 165
1889370 165
1889380 164
1889390 163
1889400 163
1889410 163
1889420 162
1889430 162
1889440 162
1889450 162
1889460 162
1889470 161
1889480 161
1889490 161
1889500 161
1889510 160
1889520 160
1889530 160
1889540 160
1889550 160
1889560 159
1889570 159
1889580 159
1889590 159
1889600 159
1889610 159
1889620 158
1889630 158
1889640 158
1889650 157
1889660 157
1889670 157
1889680 157
1889690 157
1889700 157
1889710 157
1889720 157
1889730 157
1889740 157
1889750 157
1889760 157
1889770 158
1889780 158
1889790 158
1889800 158
1889810 158
1889820 158
1889830 158
1889840 158
1889850 158
1889860 158
1889870 158
1889880 158
1889890 158
1889900 158
1889910 158
1889920 158
1889930 158
1889940 158
1889950 158
1889960 158
1889970 158
1889980 158
1889990 158
1890000 158
1890010 158
1890020 158
1890030 157
1890040 157
1890050 157
1890060 157
1890070 157
1890080 157
1890090 157
1890100 157
1890110 156
1890120 156
1890130 156
1890140 155
1890150 153
1890160 153
1890170 151
1890180 149
1890190 149
1890200 147
1890210 145
1890220 145
1890230 144
1890240 143
1890250 143
1890260 142
1890270 142
1890280 142
1890290 141
1890300 141
1890310 141
1890320 140
1890330 140
1890340 140
1890350 140
1890360 140
1890370 140
1890380 140
1890390 140
1890400 140
1890410 139
1890420 139
1890430 139
1890440 139
1890450 140
1890460 140
1890470 140
1890480 140
1890490 140
1890500 140
1890510 140
1890520 140
1890530 140
1890540 140
1890550 140
1890560 140
1890570 140
1890580 140
1890590 140
1890600 140
1890610 140
1890620 140
1890630 140
1890640 140
1890650 140
1890660 140
1890670 140
1890680 140
1890690 140
1890700 140
1890710 140
1890720 140
1890730 140
1890740 140
1890750 140
1890760 140
1890770 140
1890780 140
1890790 140
1890800 140
1890810 140
1890820 140
1890830 140
1890840 140
1890850 140
1890860 140
1890870 140
1890880 140
1890890 140
1890900 140
1890910 140
1890920 140
1890930 140
1890940 140
1890950 140
1890960 140
1890970 140
1890980 140
1890990 140
1891000 140
1891010 140
1891020 140
1891030 140
1891040 140
1891050 140
1891060 140
1891070 140
1891080 140
1891090 140
1891100 140
1891110 140
1891120 140
1891130 140
1891140 140
1891150 140
1891160 139
1891170 139
1891180 139
1891190 139
1891200 139
1891210 139
1891220 139
1891230 139
1891240 139
1891250 139
1891260 139
1891270 139
1891280 139
1891290 139
1891300 139
1891310 139
1891320 139
1891330 139
1891340 139
1891350 139
1891360 139
1891370 139
1891380 139
1891390 139
1891400 139
1891410 139
1891420 139
1891430 139
1891440 139
1891450 139
1891460 139
1891470 139
1891480 139
1891490 139
1891500 139
1891510 139
1891520 139
1891530 139
1891540 139
1891550 139
1891560 139
1891570 139
1891580 139
1891590 139
1891600 139
1891610 139
1891620 139
1891630 139
1891640 139
1891650 139
1891660 139
1891670 139
1891680 139
1891690 139
1891700 139
1891710 139
1891720 139
1891730 139
1891740 139
1891750 139
1891760 139
1891770 139
1891780 139
1891790 139
1891800 139
1891810 139
1891820 139
1891830 139
1891840 139
1891850 139
1891860 139
1891870 139
1891880 140
1891890 140
1891900 140
1891910 139
1891920 139
1891930 139
1891940 139
1891950 139
1891960 139
1891970 139
1891980 139
1891990 139
1892000 140
1892010 139
1892020 139
1892030 139
1892040 139
1892050 139
1892060 139
1892070 139
1892080 139
1892090 139
1892100 139
1892110 139
1892120 139
1892130 139
1892140 139
1892150 139
1892160 139
1892170 139
1892180 139
1892190 139
1892200 139
1892210 139
1892220 139
1892230 139
1892240 139
1892250 139
1892260 139
1892270 139
1892280 139
1892290 139
1892300 139
1892310 139
1892320 139
1892330 139
1892340 139
1892350 139
1892360 139
1892370 139
1892380 139
1892390 139
1892400 139
1892410 139
1892420 139
1892430 139
1892440 139
1892450 139
1892460 139
1892470 139
1892480 139
1892490 139
1892500 139
1892510 139
1892520 139
1892530 139
1892540 139
1892550 139
1892560 139
1892570 139
1892580 139
1892590 139
1892600 140
1892610 140
1892620 140
1892630 140
1892640 140
1892650 140
1892660 140
1892670 139
1892680 139
1892690 140
1892700 140
1892710 140
1892720 140
1892730 140
1892740 140
1892750 140
1892760 140
1892770 140
1892780 140
1892790 140
1892800 140
1892810 140
1892820 140
1892830 140
1892840 140
1892850 139
1892860 139
1892870 139
1892880 139
1892890 139
1892900 140
1892910 140
1892920 140
1892930 140
1892940 140
1892950 140
1892960 140
1892970 140
1892980 140
1892990 140
1893000 140
1893010 140
1893020 139
1893030 139
1893040 139
1893050 139
1893060 140
1893070 140
1893080 140
1893090 139
1893100 139
1893110 138
1893120 139
1893130 139
1893140 139
1893150 139
1893160 139
1893170 139
1893180 139
1893190 139
1893200 139
1893210 140
1893220 140
1893230 140
1893240 140
1893250 140
1893260 140
1893270 140
1893280 140
1893290 140
1893300 140
1893310 140
1893320 140
1893330 140
1893340 140
1893350 138
1893360 138
1893370 138
1893380 138
1893390 139
1893400 139
1893410 140
1893420 139
1893430 139
1893440 139
1893450 139
1893460 139
1893470 139
1893480 139
1893490 139
1893500 140
1893510 139
1893520 139
1893530 139
1893540 139
1893550 139
1893560 139
1893570 139
1893580 139
1893590 139
1893600 139
1893610 139
1893620 139
1893630 139
1893640 139
1893650 139
1893660 139
1893670 139
1893680 139
1893690 139
1893700 139
1893710 139
1893720 139
1893730 139
1893740 139
1893750 139
1893760 139
1893770 139
1893780 138
1893790 139
1893800 139
1893810 138
1893820 138
1893830 138
1893840 139
1893850 139
1893860 139
1893870 139
1893880 139
1893890 139
1893900 139
1893910 139
1893920 139
1893930 139
1893940 139
1893950 139
1893960 139
1893970 139
1893980 139
1893990 139
1894000 138
1894010 138
1894020 139
1894030 139
1894040 139
1894050 139
1894060 139
1894070 139
1894080 139
1894090 139
1894100 139
1894110 139
1894120 139
1894130 139
1894140 139
1894150 140
1894160 140
1894170 139
1894180 139
1894190 139
1894200 139
1894210 139
1894220 139
1894230 139
1894240 139
1894250 139
1894260 139
1894270 139
1894280 139
1894290 139
1894300 140
1894310 140
1894320 140
1894330 140
1894340 140
1894350 139
1894360 137
1894370 137
1894380 136
1894390 136
1894400 136
1894410 136
1894420 136
1894430 136
1894440 136
1894450 136
1894460 136
1894470 136
1894480 136
1894490 136
1894500 136
1894510 136
1894520 136
1894530 136
1894540 136
1894550 136
1894560 136
1894570 136
1894580 136
1894590 136
1894600 136
1894610 136
1894620 136
1894630 136
1894640 136
1894650 136
1894660 136
1894670 136
1894680 136
1894690 136
1894700 136
1894710 136
1894720 136
1894730 136
1894740 136
1894750 136
1894760 136
1894770 136
1894780 136
1894790 136
1894800 136
1894810 136
1894820 136
1894830 136
1894840 136
1894850 136
1894860 136
1880000 143
1880010 143
1880020 143
1880030 143
1880040 143
1880050 143
1880060 143
1880070 143
1880080 143
1880090 143
1880100 143
1880110 143
1880120 143
1880130 143
1880140 143
1880150 143
1880160 144
1880170 144
1880180 143
1880190 142
1880200 142
1880210 140
1880220 140
1880230 140
1880240 140
1880250 140
1880260 140
1880270 140
1880280 140
1880290 140
1880300 141
1880310 142
1880320 142
1880330 142
1880340 142
1880350 142
1880360 142
1880370 141
1880380 141
1880390 141
1880400 142
1880410 142
1880420 143
1880430 143
1880440 143
1880450 142
1880460 141
1880470 141
1880480 143
1880490 143
1880500 143
1880510 143
1880520 142
1880530 142
1880540 142
1880550 142
1880560 142
1880570 142
1880580 141
1880590 141
1880600 141
1880610 141
1880620 141
1880630 142
1880640 141
1880650 141
1880660 141
1880670 142
1880680 142
1880690 142
1880700 141
1880710 141
1880720 142
1880730 142
1880740 142
1880750 141
1880760 141
1880770 141
1880780 141
1880790 141
1880800 141
1880810 141
1880820 141
1880830 141
1880840 141
1880850 141
1880860 141
1880870 141
1880880 142
1880890 142
1880900 142
1880910 141
1880920 141
1880930 141
1880940 142
1880950 142
1880960 142
1880970 142
1880980 142
1880990 142
1881000 142
1881010 142
1881020 142
1881030 142
1881040 142
1881050 142
1881060 143
1881070 143
1881080 143
1881090 142
1881100 142
1881110 142
1881120 142
1881130 142
1881140 142
1881150 142
1881160 142
1881170 142
1881180 142
1881190 142
1881200 142
1881210 142
1881220 142
1881230 142
1881240 142
1881250 142
1881260 142
1881270 142
1881280 142
1881290 142
1881300 141
1881310 141
1881320 141
1881330 141
1881340 141
1881350 142
1881360 142
1881370 142
1881380 142
1881390 142
1881400 142
1881410 142
1881420 142
1881430 142
1881440 142
1881450 143
1881460 143
1881470 143
1881480 142
1881490 142
1881500 142
1881510 142
1881520 142
1881530 143
1881540 142
1881550 142
1881560 143
1881570 142
1881580 142
1881590 142
1881600 141
1881610 141
1881620 141
1881630 141
1881640 141
1881650 141
1881660 141
1881670 141
1881680 141
1881690 141
1881700 141
1881710 141
1881720 141
1881730 141
1881740 141
1881750 141
1881760 141
1881770 141
1881780 140
1881790 140
1881800 140
1881810 140
1881820 140
1881830 141
1881840 140
1881850 140
1881860 140
1881870 141
1881880 140
1881890 141
1881900 140
1881910 140
1881920 140
1881930 140
1881940 140
1881950 141
1881960 141
1881970 141
1881980 140
1881990 140
1882000 140
1882010 140
1882020 140
1882030 140
1882040 140
1882050 140
1882060 140
1882070 140
1882080 140
1882090 140
1882100 140
1882110 140
1882120 140
1882130 140
1882140 140
1882150 140
1882160 140
1882170 140
1882180 140
1882190 140
1882200 140
1882210 140
1882220 140
1882230 140
1882240 140
1882250 140
1882260 140
1882270 140
1882280 140
1882290 140
1882300 140
1882310 140
1882320 140
1882330 140
1882340 140
1882350 140
1882360 140
1882370 140
1882380 140
1882390 140
1882400 140
1882410 140
1882420 140
1882430 140
1882440 140
1882450 140
1882460 140
1882470 140
1882480 140
1882490 140
1882500 140
1882510 140
1882520 140
1882530 140
1882540 140
1882550 140
1882560 140
1882570 140
1882580 140
1882590 140
1882600 140
1882610 140
1882620 140
1882630 140
1882640 140
1882650 140
1882660 140
1882670 140
1882680 140
1882690 140
1882700 140
1882710 140
1882720 140
1882730 140
1882740 140
1882750 140
1882760 140
1882770 140
1882780 140
1882790 140
1882800 140
1882810 140
1882820 140
1882830 140
1882840 140
1882850 140
1882860 140
1882870 140
1882880 140
1882890 140
1882900 140
1882910 140
1882920 140
1882930 140
1882940 140
1882950 140
1882960 140
1882970 140
1882980 140
1882990 140
1883000 140
1883010 140
1883020 140
1883030 140
1883040 140
1883050 140
1883060 140
1883070 140
1883080 140
1883090 140
1883100 140
1883110 140
1883120 140
1883130 140
1883140 140
1883150 140
1883160 140
1883170 140
1883180 140
1883190 140
1883200 140
1883210 140
1883220 140
1883230 140
1883240 140
1883250 140
1883260 140
1883270 140
1883280 140
1883290 140
1883300 140
1883310 140
1883320 140
1883330 140
1883340 140
1883350 140
1883360 140
1883370 140
1883380 140
1883390 140
1883400 140
1883410 140
1883420 140
1883430 140
1883440 140
1883450 140
1883460 141
1883470 141
1883480 141
1883490 142
1883500 142
1883510 140
1883520 140
1883530 140
1883540 140
1883550 140
1883560 140
1883570 140
1883580 140
1883590 141
1883600 141
1883610 141
1883620 141
1883630 141
1883640 141
1883650 142
1883660 142
1883670 142
1883680 142
1883690 142
1883700 142
1883710 142
1883720 142
1883730 142
1883740 142
1883750 142
1883760 142
1883770 142
1883780 142
1883790 142
1883800 142
1883810 142
1883820 142
1883830 142
1883840 142
1883850 142
1883860 141
1883870 141
1883880 140
1883890 140
1883900 140
1883910 140
1883920 141
1883930 141
1883940 142
1883950 142
1883960 142
1883970 142
1883980 142
1883990 142
1884000 142
1884010 142
1884020 142
1884030 142
1884040 142
1884050 142
1884060 142
1884070 142
1884080 142
1884090 142
1884100 142
1884110 142
1884120 142
1884130 142
1884140 142
1884150 142
1884160 141
1884170 141
1884180 141
1884190 141
1884200 141
1884210 142
1884220 142
1884230 142
1884240 141
1884250 142
1884260 142
1884270 142
1884280 142
1884290 142
1884300 142
1884310 142
1884320 142
1884330 142
1884340 142
1884350 142
1884360 142
1884370 142
1884380 142
1884390 142
1884400 142
1884410 142
1884420 142
1884430 142
1884440 142
1884450 142
1884460 142
1884470 142
1884480 142
1884490 142
1884500 142
1884510 142
1884520 142
1884530 142
1884540 142
1884550 142
1884560 142
1884570 142
1884580 142
1884590 142
1884600 142
1884610 142
1884620 142
1884630 142
1884640 142
1884650 142
1884660 142
1884670 142
1884680 142
1884690 141
1884700 141
1884710 141
1884720 141
1884730 141
1884740 141
1884750 141
1884760 141
1884770 141
1884780 141
1884790 141
1884800 141
1884810 141
1884820 141
1884830 141
1884840 141
1884850 141
1884860 141
1884870 141
1884880 141
1884890 141
1884900 141
1884910 141
1884920 141
1884930 141
1884940 141
1884950 141
1884960 141
1884970 140
1884980 140
1884990 140
1885000 140
1885010 140
1885020 140
1885030 140
1885040 140
1885050 140
1885060 140
1885070 140
1885080 141
1885090 142
1885100 142
1885110 143
1885120 145
1885130 142
1885140 145
1885150 145
1885160 145
1885170 144
1885180 144
1885190 144
1885200 144
1885210 145
1885220 145
1885230 151
1885240 150
1885250 150
1885260 149
1885270 150
1885280 150
1885290 151
1885300 151
1885310 151
1885320 151
1885330 152
1885340 152
1885350 151
1885360 151
1885370 151
1885380 151
1885390 151
1885400 151
1885410 151
1885420 151
1885430 151
1885440 151
1885450 151
1885460 151
1885470 151
1885480 152
1885490 152
1885500 153
1885510 154
1885520 154
1885530 155
1885540 155
1885550 155
1885560 157
1885570 158
1885580 158
1885590 159
1885600 159
1885610 159
1885620 159
1885630 160
1885640 160
1885650 160
1885660 160
1885670 160
1885680 160
1885690 160
1885700 160
1885710 161
1885720 161
1885730 161
1885740 162
1885750 162
1885760 162
1885770 163
1885780 163
1885790 163
1885800 163
1885810 164
1885820 164
1885830 165
1885840 166
1885850 166
1885860 167
1885870 168
1885880 168
1885890 167
1885900 167
1885910 167
1885920 168
1885930 168
1885940 168
1885950 169
1885960 170
1885970 170
1885980 170
1885990 170
1886000 170
1886010 170
1886020 170
1886030 170
1886040 170
1886050 171
1886060 171
1886070 171
1886080 172
1886090 172
1886100 171
1886110 170
1886120 171
1886130 171
1886140 171
1886150 171
1886160 171
1886170 171
1886180 172
1886190 172
1886200 172
1886210 172
1886220 172
1886230 172
1886240 172
1886250 172
1886260 172
1886270 174
1886280 174
1886290 174
1886300 175
1886310 175
1886320 175
1886330 175
1886340 175
1886350 175
1886360 175
1886370 175
1886380 176
1886390 176
1886400 176
1886410 175
1886420 173
1886430 173
1886440 172
1886450 172
1886460 172
1886470 173
1886480 173
1886490 173
1886500 172
1886510 173
1886520 173
1886530 172
1886540 171
1886550 171
1886560 169
1886570 166
1886580 166
1886590 164
1886600 164
1886610 164
1886620 164
1886630 164
1886640 164
1886650 164
1886660 164
1886670 164
1886680 164
1886690 164
1886700 164
1886710 165
1886720 165
1886730 165
1886740 164
1886750 165
1886760 165
1886770 165
1886780 165
1886790 165
1886800 165
1886810 165
1886820 165
1886830 165
1886840 165
1886850 165
1886860 165
1886870 166
1886880 166
1886890 166
1886900 165
1886910 165
1886920 165
1886930 165
1886940 165
1886950 165
1886960 165
1886970 165
1886980 165
1886990 165
1887000 165
1887010 165
1887020 166
1887030 166
1887040 166
1887050 166
1887060 166
1887070 166
1887080 166
1887090 166
1887100 166
1887110 168
1887120 168
1887130 171
1887140 168
1887150 168
1887160 167
1887170 167
1887180 167
1887190 167
1887200 167
1887210 167
1887220 167
1887230 168
1887240 168
1887250 168
1887260 169
1887270 169
1887280 169
1887290 168
1887300 168
1887310 169
1887320 169
1887330 169
1887340 169
1887350 169
1887360 169
1887370 169
1887380 169
1887390 168
1887400 168
1887410 168
1887420 168
1887430 168
1887440 168
1887450 168
1887460 168
1887470 168
1887480 168
1887490 169
1887500 170
1887510 170
1887520 170
1887530 171
1887540 171
1887550 171
1887560 171
1887570 171
1887580 171
1887590 171
1887600 171
1887610 171
1887620 171
1887630 171
1887640 171
1887650 172
1887660 172
1887670 172
1887680 172
1887690 172
1887700 172
1887710 172
1887720 172
1887730 172
1887740 173
1887750 173
1887760 173
1887770 173
1887780 173
1887790 173
1887800 173
1887810 173
1887820 173
1887830 173
1887840 173
1887850 173
1887860 173
1887870 173
1887880 174
1887890 174
1887900 174
1887910 174
1887920 174
1887930 174
1887940 174
1887950 174
1887960 174
1887970 174
1887980 174
1887990 174
1888000 174
1888010 174
1888020 174
1888030 174
1888040 174
1888050 174
1888060 174
1888070 174
1888080 174
1888090 174
1888100 174
1888110 174
1888120 174
1888130 174
1888140 174
1888150 173
1888160 173
1888170 173
1888180 173
1888190 173
1888200 173
1888210 173
1888220 173
1888230 173
1888240 173
1888250 173
1888260 173
1888270 173
1888280 173
1888290 173
1888300 173
1888310 173
1888320 173
1888330 172
1888340 172
1888350 172
1888360 172
1888370 172
1888380 172
1888390 172
1888400 172
1888410 172
1888420 172
1888430 172
1888440 172
1888450 172
1888460 172
1888470 172
1888480 172
1888490 172
1888500 172
1888510 172
1888520 171
1888530 171
1888540 171
1888550 171
1888560 171
1888570 171
1888580 171
1888590 171
1888600 171
1888610 172
1888620 172
1888630 172
1888640 172
1888650 172
1888660 172
1888670 172
1888680 172
1888690 172
1888700 172
1888710 172
1888720 173
1888730 173
1888740 173
1888750 173
1888760 173
1888770 173
1888780 174
1888790 174
1888800 174
1888810 174
1888820 174
1888830 174
1888840 173
1888850 173
1888860 173
1888870 173
1888880 173
1888890 173
1888900 173
1888910 173
1888920 173
1888930 172
1888940 172
1888950 172
1888960 172
1888970 172
1888980 172
1888990 172
1889000 172
1889010 172
1889020 171
1889030 171
1889040 171
1889050 171
1889060 171
1889070 171
1889080 171
1889090 170
1889100 170
1889110 170
1889120 170
1889130 170
1889140 170
1889150 170
1889160 170
1889170 170
1889180 170
1889190 170
1889200 170
1889210 170
1889220 170
1889230 169
1889240 169
1889250 169
1889260 169
1889270 168
1889280 168
1889290 168
1889300 167
1889310 167
1889320 166
1889330 166
1889340 166
1889350 165
1889360 165
1889370 165
1889380 164
1889390 163
1889400 163
1889410 163
1889420 162
1889430 162
1889440 162
1889450 162
1889460 162
1889470 161
1889480 161
1889490 161
1889500 161
1889510 160
1889520 160
1889530 160
1889540 160
1889550 160
1889560 159
1889570 159
1889580 159
1889590 159
1889600 159
1889610 159
1889620 158
1889630 158
1889640 158
1889650 157
1889660 157
1889670 157
1889680 157
1889690 157
1889700 157
1889710 157
1889720 157
1889730 157
1889740 157
1889750 157
1889760 157
1889770 158
1889780 158
1889790 158
1889800 158
1889810 158
1889820 158
1889830 158
1889840 158
1889850 158
1889860 158
1889870 158
1889880 158
1889890 158
1889900 158
1889910 158
1889920 158
1889930 158
1889940 158
1889950 158
1889960 158
1889970 158
1889980 158
1889990 158
1890000 158
1890010 158
1890020 158
1890030 157
1890040 157
1890050 157
1890060 157
1890070 157
1890080 157
1890090 157
1890100 157
1890110 156
1890120 156
1890130 156
1890140 155
1890150 153
1890160 153
1890170 151
1890180 149
1890190 149
1890200 147
1890210 145
1890220 145
1890230 144
1890240 143
1890250 143
1890260 142
1890270 142
1890280 142
1890290 141
1890300 141
1890310 141
1890320 140
1890330 140
1890340 140
1890350 140
1890360 140
1890370 140
1890380 140
1890390 140
1890400 140
1890410 139
1890420 139
1890430 139
1890440 139
1890450 140
1890460 140
1890470 140
1890480 140
1890490 140
1890500 140
1890510 140
1890520 140
1890530 140
1890540 140
1890550 140
1890560 140
1890570 140
1890580 140
1890590 140
1890600 140
1890610 140
1890620 140
1890630 140
1890640 140
1890650 140
1890660 140
1890670 140
1890680 140
1890690 140
1890700 140
1890710 140
1890720 140
1890730 140
1890740 140
1890750 140
1890760 140
1890770 140
1890780 140
1890790 140
1890800 140
1890810 140
1890820 140
1890830 140
1890840 140
1890850 140
1890860 140
1890870 140
1890880 140
1890890 140
1890900 140
1890910 140
1890920 140
1890930 140
1890940 140
1890950 140
1890960 140
1890970 140
1890980 140
1890990 140
1891000 140
1891010 140
1891020 140
1891030 140
1891040 140
1891050 140
1891060 140
1891070 140
1891080 140
1891090 140
1891100 140
1891110 140
1891120 140
1891130 140
1891140 140
1891150 140
1891160 139
1891170 139
1891180 139
1891190 139
1891200 139
1891210 139
1891220 139
1891230 139
1891240 139
1891250 139
1891260 139
1891270 139
1891280 139
1891290 139
1891300 139
1891310 139
1891320 139
1891330 139
1891340 139
1891350 139
1891360 139
1891370 139
1891380 139
1891390 139
1891400 139
1891410 139
1891420 139
1891430 139
1891440 139
1891450 139
1891460 139
1891470 139
1891480 139
1891490 139
1891500 139
1891510 139
1891520 139
1891530 139
1891540 139
1891550 139
1891560 139
1891570 139
1891580 139
1891590 139
1891600 139
1891610 139
1891620 139
1891630 139
1891640 139
1891650 139
1891660 139
1891670 139
1891680 139
1891690 139
1891700 139
1891710 139
1891720 139
1891730 139
1891740 139
1891750 139
1891760 139
1891770 139
1891780 139
1891790 139
1891800 139
1891810 139
1891820 139
1891830 139
1891840 139
1891850 139
1891860 139
1891870 139
1891880 140
1891890 140
1891900 140
1891910 139
1891920 139
1891930 139
1891940 139
1891950 139
1891960 139
1891970 139
1891980 139
1891990 139
1892000 140
1892010 139
1892020 139
1892030 139
1892040 139
1892050 139
1892060 139
1892070 139
1892080 139
1892090 139
1892100 139
1892110 139
1892120 139
1892130 139
1892140 139
1892150 139
1892160 139
1892170 139
1892180 139
1892190 139
1892200 139
1892210 139
1892220 139
1892230 139
1892240 139
1892250 139
1892260 139
1892270 139
1892280 139
1892290 139
1892300 139
1892310 139
1892320 139
1892330 139
1892340 139
1892350 139
1892360 139
1892370 139
1892380 139
1892390 139
1892400 139
1892410 139
1892420 139
1892430 139
1892440 139
1892450 139
1892460 139
1892470 139
1892480 139
1892490 139
1892500 139
1892510 139
1892520 139
1892530 139
1892540 139
1892550 139
1892560 139
1892570 139
1892580 139
1892590 139
1892600 140
1892610 140
1892620 140
1892630 140
1892640 140
1892650 140
1892660 140
1892670 139
1892680 139
1892690 140
1892700 140
1892710 140
1892720 140
1892730 140
1892740 140
1892750 140
1892760 140
1892770 140
1892780 140
1892790 140
1892800 140
1892810 140
1892820 140
1892830 140
1892840 140
1892850 139
1892860 139
1892870 139
1892880 139
1892890 139
1892900 140
1892910 140
1892920 140
1892930 140
1892940 140
1892950 140
1892960 140
1892970 140
1892980 140
1892990 140
1893000 140
1893010 140
1893020 139
1893030 139
1893040 139
1893050 139
1893060 140
1893070 140
1893080 140
1893090 139
1893100 139
1893110 138
1893120 139
1893130 139
1893140 139
1893150 139
1893160 139
1893170 139
1893180 139
1893190 139
1893200 139
1893210 140
1893220 140
1893230 140
1893240 140
1893250 140
1893260 140
1893270 140
1893280 140
1893290 140
1893300 140
1893310 140
1893320 140
1893330 140
1893340 140
1893350 138
1893360 138
1893370 138
1893380 138
1893390 139
1893400 139
1893410 140
1893420 139
1893430 139
1893440 139
1893450 139
1893460 139
1893470 139
1893480 139
1893490 139
1893500 140
1893510 139
1893520 139
1893530 139
1893540 139
1893550 139
1893560 139
1893570 139
1893580 139
1893590 139
1893600 139
1893610 139
1893620 139
1893630 139
1893640 139
1893650 139
1893660 139
1893670 139
1893680 139
1893690 139
1893700 139
1893710 139
1893720 139
1893730 139
1893740 139
1893750 139
1893760 139
1893770 139
1893780 138
1893790 139
1893800 139
1893810 138
1893820 138
1893830 138
1893840 139
1893850 139
1893860 139
1893870 139
1893880 139
1893890 139
1893900 139
1893910 139
1893920 139
1893930 139
1893940 139
1893950 139
1893960 139
1893970 139
1893980 139
1893990 139
1894000 138
1894010 138
1894020 139
1894030 139
1894040 139
1894050 139
1894060 139
1894070 139
1894080 139
1894090 139
1894100 139
1894110 139
1894120 139
1894130 139
1894140 139
1894150 140
1894160 140
1894170 139
1894180 139
1894190 139
1894200 139
1894210 139
1894220 139
1894230 139
1894240 139
1894250 139
1894260 139
1894270 139
1894280 139
1894290 139
1894300 140
1894310 140
1894320 140
1894330 140
1894340 140
1894350 139
1894360 137
1894370 137
1894380 136
1894390 136
1894400 136
1894410 136
1894420 136
1894430 136
1894440 136
1894450 136
1894460 136
1894470 136
1894480 136
1894490 136
1894500 136
1894510 136
1894520 136
1894530 136
1894540 136
1894550 136
1894560 136
1894570 136
1894580 136
1894590 136
1894600 136
1894610 136
1894620 136
1894630 136
1894640 136
1894650 136
1894660 136
1894670 136
1894680 136
1894690 136
1894700 136
1894710 136
1894720 136
1894730 136
1894740 136
1894750 136
1894760 136
1894770 136
1894780 136
1894790 136
1894800 136
1894810 136
1894820 136
1894830 136
1894840 136
1894850 136
1894860 136
