1880000 143
1880010 142
1880020 142
1880030 142
1880040 142
1880050 143
1880060 143
1880070 143
1880080 143
1880090 143
1880100 142
1880110 143
1880120 143
1880130 143
1880140 143
1880150 143
1880160 143
1880170 143
1880180 143
1880190 143
1880200 143
1880210 143
1880220 143
1880230 143
1880240 143
1880250 143
1880260 143
1880270 143
1880280 143
1880290 143
1880300 143
1880310 143
1880320 143
1880330 143
1880340 141
1880350 141
1880360 141
1880370 141
1880380 141
1880390 141
1880400 141
1880410 141
1880420 141
1880430 141
1880440 141
1880450 141
1880460 142
1880470 141
1880480 141
1880490 140
1880500 140
1880510 140
1880520 141
1880530 142
1880540 142
1880550 143
1880560 142
1880570 142
1880580 142
1880590 142
1880600 142
1880610 142
1880620 141
1880630 141
1880640 141
1880650 141
1880660 141
1880670 141
1880680 141
1880690 141
1880700 141
1880710 141
1880720 141
1880730 141
1880740 141
1880750 141
1880760 141
1880770 141
1880780 141
1880790 141
1880800 141
1880810 141
1880820 141
1880830 141
1880840 141
1880850 141
1880860 141
1880870 141
1880880 141
1880890 141
1880900 141
1880910 141
1880920 140
1880930 140
1880940 140
1880950 140
1880960 140
1880970 140
1880980 141
1880990 141
1881000 141
1881010 141
1881020 141
1881030 141
1881040 141
1881050 141
1881060 141
1881070 141
1881080 141
1881090 141
1881100 141
1881110 142
1881120 142
1881130 142
1881140 142
1881150 142
1881160 142
1881170 142
1881180 142
1881190 141
1881200 141
1881210 141
1881220 142
1881230 142
1881240 141
1881250 142
1881260 142
1881270 142
1881280 142
1881290 142
1881300 142
1881310 142
1881320 142
1881330 142
1881340 142
1881350 142
1881360 142
1881370 142
1881380 142
1881390 142
1881400 142
1881410 142
1881420 142
1881430 142
1881440 142
1881450 142
1881460 142
1881470 142
1881480 142
1881490 142
1881500 142
1881510 142
1881520 142
1881530 142
1881540 142
1881550 142
1881560 142
1881570 142
1881580 142
1881590 142
1881600 142
1881610 143
1881620 143
1881630 143
1881640 142
1881650 141
1881660 141
1881670 140
1881680 141
1881690 141
1881700 141
1881710 141
1881720 141
1881730 140
1881740 141
1881750 141
1881760 143
1881770 143
1881780 143
1881790 143
1881800 141
1881810 141
1881820 141
1881830 141
1881840 141
1881850 141
1881860 141
1881870 141
1881880 141
1881890 141
1881900 141
1881910 141
1881920 141
1881930 141
1881940 141
1881950 141
1881960 141
1881970 140
1881980 140
1881990 140
1882000 140
1882010 140
1882020 140
1882030 140
1882040 140
1882050 140
1882060 140
1882070 140
1882080 140
1882090 140
1882100 140
1882110 140
1882120 141
1882130 140
1882140 140
1882150 140
1882160 140
1882170 140
1882180 140
1882190 140
1882200 140
1882210 140
1882220 140
1882230 140
1882240 140
1882250 140
1882260 140
1882270 140
1882280 140
1882290 140
1882300 140
1882310 140
1882320 140
1882330 140
1882340 140
1882350 140
1882360 140
1882370 140
1882380 140
1882390 140
1882400 140
1882410 140
1882420 140
1882430 140
1882440 140
1882450 140
1882460 140
1882470 140
1882480 140
1882490 140
1882500 140
1882510 140
1882520 140
1882530 140
1882540 140
1882550 140
1882560 140
1882570 140
1882580 140
1882590 140
1882600 140
1882610 140
1882620 140
1882630 140
1882640 140
1882650 140
1882660 140
1882670 140
1882680 140
1882690 140
1882700 140
1882710 140
1882720 140
1882730 140
1882740 140
1882750 140
1882760 140
1882770 140
1882780 140
1882790 140
1882800 140
1882810 140
1882820 140
1882830 140
1882840 140
1882850 140
1882860 140
1882870 140
1882880 140
1882890 140
1882900 140
1882910 140
1882920 140
1882930 140
1882940 140
1882950 140
1882960 140
1882970 140
1882980 140
1882990 140
1883000 140
1883010 140
1883020 140
1883030 140
1883040 140
1883050 140
1883060 140
1883070 140
1883080 140
1883090 140
1883100 140
1883110 140
1883120 140
1883130 140
1883140 140
1883150 140
1883160 140
1883170 140
1883180 140
1883190 140
1883200 140
1883210 140
1883220 140
1883230 140
1883240 140
1883250 140
1883260 140
1883270 140
1883280 140
1883290 140
1883300 140
1883310 140
1883320 140
1883330 140
1883340 140
1883350 140
1883360 140
1883370 140
1883380 140
1883390 140
1883400 140
1883410 140
1883420 140
1883430 140
1883440 140
1883450 140
1883460 140
1883470 140
1883480 140
1883490 140
1883500 140
1883510 140
1883520 140
1883530 140
1883540 140
1883550 140
1883560 140
1883570 140
1883580 140
1883590 140
1883600 140
1883610 140
1883620 140
1883630 140
1883640 140
1883650 140
1883660 140
1883670 140
1883680 140
1883690 140
1883700 140
1883710 140
1883720 140
1883730 140
1883740 140
1883750 140
1883760 140
1883770 140
1883780 140
1883790 140
1883800 140
1883810 140
1883820 140
1883830 140
1883840 140
1883850 140
1883860 140
1883870 140
1883880 140
1883890 140
1883900 140
1883910 140
1883920 140
1883930 140
1883940 140
1883950 140
1883960 140
1883970 140
1883980 140
1883990 140
1884000 140
1884010 140
1884020 140
1884030 140
1884040 140
1884050 140
1884060 140
1884070 140
1884080 140
1884090 140
1884100 140
1884110 140
1884120 140
1884130 140
1884140 140
1884150 140
1884160 140
1884170 140
1884180 140
1884190 140
1884200 140
1884210 140
1884220 140
1884230 140
1884240 140
1884250 140
1884260 140
1884270 140
1884280 140
1884290 140
1884300 140
1884310 140
1884320 140
1884330 140
1884340 140
1884350 140
1884360 140
1884370 140
1884380 140
1884390 140
1884400 140
1884410 140
1884420 140
1884430 140
1884440 140
1884450 140
1884460 140
1884470 140
1884480 140
1884490 140
1884500 140
1884510 140
1884520 140
1884530 140
1884540 140
1884550 140
1884560 140
1884570 140
1884580 140
1884590 140
1884600 140
1884610 140
1884620 140
1884630 140
1884640 140
1884650 140
1884660 140
1884670 140
1884680 140
1884690 140
1884700 140
1884710 140
1884720 140
1884730 140
1884740 140
1884750 140
1884760 140
1884770 140
1884780 140
1884790 140
1884800 140
1884810 140
1884820 140
1884830 140
1884840 140
1884850 140
1884860 140
1884870 140
1884880 140
1884890 140
1884900 140
1884910 140
1884920 140
1884930 140
1884940 140
1884950 140
1884960 140
1884970 140
1884980 140
1884990 140
1885000 140
1885010 140
1885020 140
1885030 140
1885040 140
1885050 140
1885060 140
1885070 140
1885080 140
1885090 140
1885100 140
1885110 140
1885120 140
1885130 140
1885140 140
1885150 140
1885160 140
1885170 140
1885180 140
1885190 140
1885200 140
1885210 140
1885220 140
1885230 140
1885240 140
1885250 140
1885260 140
1885270 140
1885280 140
1885290 140
1885300 140
1885310 140
1885320 141
1885330 141
1885340 143
1885350 144
1885360 144
1885370 144
1885380 147
1885390 147
1885400 150
1885410 148
1885420 148
1885430 152
1885440 156
1885450 156
1885460 156
1885470 156
1885480 156
1885490 157
1885500 158
1885510 158
1885520 158
1885530 158
1885540 158
1885550 158
1885560 158
1885570 158
1885580 158
1885590 159
1885600 159
1885610 159
1885620 159
1885630 159
1885640 159
1885650 159
1885660 159
1885670 159
1885680 160
1885690 160
1885700 160
1885710 160
1885720 160
1885730 161
1885740 160
1885750 160
1885760 161
1885770 161
1885780 161
1885790 161
1885800 161
1885810 161
1885820 161
1885830 161
1885840 161
1885850 161
1885860 161
1885870 161
1885880 161
1885890 161
1885900 161
1885910 161
1885920 161
1885930 161
1885940 161
1885950 161
1885960 161
1885970 162
1885980 161
1885990 161
1886000 161
1886010 162
1886020 162
1886030 162
1886040 163
1886050 163
1886060 163
1886070 163
1886080 163
1886090 163
1886100 163
1886110 163
1886120 163
1886130 164
1886140 164
1886150 165
1886160 163
1886170 163
1886180 163
1886190 163
1886200 163
1886210 163
1886220 164
1886230 164
1886240 163
1886250 163
1886260 163
1886270 162
1886280 162
1886290 162
1886300 162
1886310 162
1886320 162
1886330 162
1886340 161
1886350 161
1886360 161
1886370 161
1886380 161
1886390 161
1886400 161
1886410 161
1886420 160
1886430 160
1886440 160
1886450 160
1886460 160
1886470 160
1886480 160
1886490 159
1886500 159
1886510 159
1886520 160
1886530 160
1886540 160
1886550 160
1886560 160
1886570 159
1886580 159
1886590 159
1886600 159
1886610 158
1886620 158
1886630 158
1886640 158
1886650 158
1886660 158
1886670 158
1886680 158
1886690 159
1886700 159
1886710 159
1886720 159
1886730 159
1886740 159
1886750 159
1886760 159
1886770 159
1886780 161
1886790 161
1886800 161
1886810 160
1886820 160
1886830 160
1886840 160
1886850 160
1886860 160
1886870 160
1886880 159
1886890 159
1886900 160
1886910 160
1886920 160
1886930 160
1886940 161
1886950 161
1886960 161
1886970 161
1886980 161
1886990 161
1887000 162
1887010 162
1887020 162
1887030 163
1887040 163
1887050 163
1887060 163
1887070 164
1887080 164
1887090 165
1887100 165
1887110 164
1887120 165
1887130 165
1887140 165
1887150 165
1887160 165
1887170 166
1887180 166
1887190 166
1887200 167
1887210 167
1887220 167
1887230 168
1887240 169
1887250 169
1887260 169
1887270 170
1887280 170
1887290 170
1887300 171
1887310 171
1887320 171
1887330 171
1887340 171
1887350 171
1887360 172
1887370 172
1887380 172
1887390 173
1887400 173
1887410 173
1887420 174
1887430 174
1887440 174
1887450 175
1887460 175
1887470 175
1887480 175
1887490 175
1887500 175
1887510 175
1887520 175
1887530 175
1887540 176
1887550 176
1887560 176
1887570 176
1887580 176
1887590 176
1887600 176
1887610 176
1887620 176
1887630 176
1887640 176
1887650 176
1887660 176
1887670 176
1887680 176
1887690 176
1887700 176
1887710 177
1887720 177
1887730 177
1887740 177
1887750 177
1887760 177
1887770 177
1887780 177
1887790 177
1887800 177
1887810 177
1887820 177
1887830 176
1887840 176
1887850 176
1887860 176
1887870 176
1887880 176
1887890 176
1887900 176
1887910 176
1887920 176
1887930 176
1887940 176
1887950 176
1887960 176
1887970 176
1887980 176
1887990 176
1888000 176
1888010 176
1888020 176
1888030 176
1888040 176
1888050 176
1888060 176
1888070 176
1888080 176
1888090 176
1888100 176
1888110 176
1888120 176
1888130 176
1888140 176
1888150 176
1888160 175
1888170 175
1888180 175
1888190 175
1888200 175
1888210 175
1888220 175
1888230 175
1888240 175
1888250 175
1888260 175
1888270 175
1888280 175
1888290 175
1888300 175
1888310 175
1888320 175
1888330 175
1888340 175
1888350 175
1888360 175
1888370 175
1888380 175
1888390 175
1888400 175
1888410 175
1888420 175
1888430 175
1888440 175
1888450 175
1888460 175
1888470 175
1888480 175
1888490 175
1888500 175
1888510 175
1888520 175
1888530 175
1888540 175
1888550 175
1888560 175
1888570 175
1888580 175
1888590 174
1888600 174
1888610 174
1888620 174
1888630 174
1888640 174
1888650 174
1888660 174
1888670 174
1888680 174
1888690 175
1888700 175
1888710 175
1888720 174
1888730 174
1888740 175
1888750 175
1888760 175
1888770 175
1888780 175
1888790 175
1888800 175
1888810 175
1888820 175
1888830 175
1888840 174
1888850 174
1888860 174
1888870 174
1888880 174
1888890 174
1888900 174
1888910 174
1888920 174
1888930 173
1888940 173
1888950 173
1888960 173
1888970 173
1888980 173
1888990 172
1889000 172
1889010 172
1889020 172
1889030 172
1889040 171
1889050 171
1889060 171
1889070 171
1889080 171
1889090 171
1889100 171
1889110 170
1889120 170
1889130 170
1889140 170
1889150 170
1889160 169
1889170 169
1889180 169
1889190 168
1889200 168
1889210 168
1889220 167
1889230 167
1889240 167
1889250 166
1889260 165
1889270 165
1889280 165
1889290 164
1889300 164
1889310 164
1889320 163
1889330 163
1889340 163
1889350 162
1889360 162
1889370 162
1889380 162
1889390 162
1889400 161
1889410 161
1889420 161
1889430 161
1889440 161
1889450 161
1889460 160
1889470 160
1889480 160
1889490 160
1889500 159
1889510 159
1889520 159
1889530 158
1889540 158
1889550 158
1889560 158
1889570 158
1889580 158
1889590 158
1889600 158
1889610 158
1889620 158
1889630 158
1889640 158
1889650 158
1889660 158
1889670 157
1889680 156
1889690 156
1889700 155
1889710 154
1889720 154
1889730 152
1889740 151
1889750 151
1889760 149
1889770 149
1889780 149
1889790 148
1889800 148
1889810 148
1889820 149
1889830 151
1889840 151
1889850 154
1889860 156
1889870 156
1889880 156
1889890 157
1889900 157
1889910 156
1889920 155
1889930 155
1889940 154
1889950 151
1889960 151
1889970 150
1889980 149
1889990 149
1890000 149
1890010 148
1890020 148
1890030 146
1890040 144
1890050 144
1890060 142
1890070 141
1890080 141
1890090 141
1890100 140
1890110 140
1890120 140
1890130 140
1890140 140
1890150 140
1890160 140
1890170 140
1890180 140
1890190 140
1890200 140
1890210 140
1890220 140
1890230 140
1890240 140
1890250 140
1890260 140
1890270 140
1890280 140
1890290 140
1890300 140
1890310 140
1890320 140
1890330 140
1890340 140
1890350 140
1890360 140
1890370 140
1890380 140
1890390 140
1890400 140
1890410 140
1890420 140
1890430 140
1890440 140
1890450 140
1890460 140
1890470 140
1890480 140
1890490 140
1890500 140
1890510 140
1890520 140
1890530 140
1890540 140
1890550 140
1890560 140
1890570 140
1890580 140
1890590 140
1890600 140
1890610 140
1890620 140
1890630 140
1890640 140
1890650 140
1890660 140
1890670 140
1890680 140
1890690 140
1890700 140
1890710 140
1890720 140
1890730 140
1890740 140
1890750 140
1890760 140
1890770 140
1890780 140
1890790 140
1890800 140
1890810 140
1890820 140
1890830 140
1890840 140
1890850 140
1890860 140
1890870 140
1890880 140
1890890 140
1890900 140
1890910 140
1890920 140
1890930 140
1890940 140
1890950 140
1890960 140
1890970 140
1890980 140
1890990 140
1891000 140
1891010 140
1891020 140
1891030 140
1891040 140
1891050 140
1891060 140
1891070 140
1891080 140
1891090 140
1891100 140
1891110 140
1891120 140
1891130 140
1891140 140
1891150 140
1891160 140
1891170 140
1891180 140
1891190 140
1891200 140
1891210 140
1891220 140
1891230 140
1891240 140
1891250 140
1891260 140
1891270 140
1891280 140
1891290 139
1891300 139
1891310 139
1891320 139
1891330 139
1891340 139
1891350 139
1891360 139
1891370 139
1891380 139
1891390 139
1891400 139
1891410 139
1891420 139
1891430 139
1891440 139
1891450 139
1891460 139
1891470 139
1891480 139
1891490 139
1891500 139
1891510 140
1891520 140
1891530 140
1891540 140
1891550 140
1891560 140
1891570 140
1891580 140
1891590 140
1891600 140
1891610 140
1891620 140
1891630 140
1891640 140
1891650 140
1891660 139
1891670 139
1891680 139
1891690 139
1891700 139
1891710 139
1891720 139
1891730 139
1891740 139
1891750 139
1891760 139
1891770 139
1891780 140
1891790 140
1891800 140
1891810 140
1891820 140
1891830 140
1891840 140
1891850 140
1891860 140
1891870 139
1891880 139
1891890 139
1891900 139
1891910 139
1891920 139
1891930 139
1891940 139
1891950 138
1891960 138
1891970 138
1891980 139
1891990 139
1892000 139
1892010 139
1892020 139
1892030 139
1892040 139
1892050 139
1892060 139
1892070 139
1892080 139
1892090 139
1892100 139
1892110 139
1892120 139
1892130 140
1892140 139
1892150 139
1892160 139
1892170 139
1892180 139
1892190 139
1892200 139
1892210 139
1892220 139
1892230 139
1892240 139
1892250 139
1892260 139
1892270 139
1892280 139
1892290 139
1892300 139
1892310 139
1892320 139
1892330 139
1892340 139
1892350 139
1892360 139
1892370 139
1892380 139
1892390 139
1892400 139
1892410 139
1892420 139
1892430 139
1892440 139
1892450 139
1892460 139
1892470 139
1892480 139
1892490 139
1892500 139
1892510 139
1892520 139
1892530 139
1892540 139
1892550 139
1892560 139
1892570 139
1892580 139
1892590 139
1892600 139
1892610 139
1892620 139
1892630 139
1892640 139
1892650 139
1892660 139
1892670 139
1892680 139
1892690 139
1892700 139
1892710 139
1892720 139
1892730 139
1892740 140
1892750 140
1892760 140
1892770 140
1892780 140
1892790 140
1892800 140
1892810 139
1892820 140
1892830 139
1892840 139
1892850 139
1892860 139
1892870 139
1892880 139
1892890 140
1892900 140
1892910 140
1892920 140
1892930 139
1892940 139
1892950 139
1892960 139
1892970 139
1892980 138
1892990 138
1893000 138
1893010 139
1893020 139
1893030 139
1893040 140
1893050 140
1893060 140
1893070 140
1893080 140
1893090 140
1893100 140
1893110 140
1893120 140
1893130 140
1893140 140
1893150 140
1893160 140
1893170 140
1893180 140
1893190 140
1893200 139
1893210 139
1893220 139
1893230 137
1893240 137
1893250 138
1893260 139
1893270 139
1893280 139
1893290 140
1893300 140
1893310 139
1893320 139
1893330 139
1893340 139
1893350 139
1893360 139
1893370 139
1893380 139
1893390 139
1893400 139
1893410 139
1893420 139
1893430 139
1893440 139
1893450 139
1893460 139
1893470 139
1893480 139
1893490 139
1893500 139
1893510 139
1893520 139
1893530 139
1893540 139
1893550 139
1893560 138
1893570 138
1893580 138
1893590 138
1893600 138
1893610 138
1893620 138
1893630 138
1893640 139
1893650 140
1893660 140
1893670 140
1893680 140
1893690 140
1893700 139
1893710 139
1893720 139
1893730 139
1893740 139
1893750 139
1893760 139
1893770 139
1893780 139
1893790 139
1893800 139
1893810 139
1893820 139
1893830 139
1893840 139
1893850 139
1893860 139
1893870 139
1893880 139
1893890 139
1893900 139
1893910 139
1893920 139
1893930 139
1893940 139
1893950 139
1893960 139
1893970 139
1893980 139
1893990 139
1894000 139
1894010 139
1894020 139
1894030 139
1894040 139
1894050 139
1894060 139
1894070 139
1894080 139
1894090 139
1894100 139
1894110 139
1894120 139
1894130 139
1894140 139
1894150 139
1894160 139
1894170 139
1894180 139
1894190 139
1894200 139
1894210 139
1894220 137
1894230 137
1894240 136
1894250 136
1894260 136
1894270 136
1894280 136
1894290 136
1894300 136
1894310 136
1894320 136
1894330 136
1894340 136
1894350 136
1894360 136
1894370 136
1894380 136
1894390 136
1894400 136
1894410 136
1894420 136
1894430 136
1894440 136
1894450 136
1894460 136
1894470 136
1894480 136
1894490 136
1894500 136
1894510 136
1894520 136
1894530 136
1894540 136
1894550 136
1894560 136
1894570 136
1894580 136
1894590 136
1894600 136
1894610 136
1894620 136
1894630 136
1894640 136
1894650 136
1894660 136
1894670 136
1894680 136
1894690 136
1894700 136
1894710 136
1894720 136
1894730 136
1894740 136
1894750 137
1894760 143
1894770 143
1880000 143
1880010 142
1880020 142
1880030 142
1880040 142
1880050 143
1880060 143
1880070 143
1880080 143
1880090 143
1880100 142
1880110 143
1880120 143
1880130 143
1880140 143
1880150 143
1880160 143
1880170 143
1880180 143
1880190 143
1880200 143
1880210 143
1880220 143
1880230 143
1880240 143
1880250 143
1880260 143
1880270 143
1880280 143
1880290 143
1880300 143
1880310 143
1880320 143
1880330 143
1880340 141
1880350 141
1880360 141
1880370 141
1880380 141
1880390 141
1880400 141
1880410 141
1880420 141
1880430 141
1880440 141
1880450 141
1880460 142
1880470 141
1880480 141
1880490 140
1880500 140
1880510 140
1880520 141
1880530 142
1880540 142
1880550 143
1880560 142
1880570 142
1880580 142
1880590 142
1880600 142
1880610 142
1880620 141
1880630 141
1880640 141
1880650 141
1880660 141
1880670 141
1880680 141
1880690 141
1880700 141
1880710 141
1880720 141
1880730 141
1880740 141
1880750 141
1880760 141
1880770 141
1880780 141
1880790 141
1880800 141
1880810 141
1880820 141
1880830 141
1880840 141
1880850 141
1880860 141
1880870 141
1880880 141
1880890 141
1880900 141
1880910 141
1880920 140
1880930 140
1880940 140
1880950 140
1880960 140
1880970 140
1880980 141
1880990 141
1881000 141
1881010 141
1881020 141
1881030 141
1881040 141
1881050 141
1881060 141
1881070 141
1881080 141
1881090 141
1881100 141
1881110 142
1881120 142
1881130 142
1881140 142
1881150 142
1881160 142
1881170 142
1881180 142
1881190 141
1881200 141
1881210 141
1881220 142
1881230 142
1881240 141
1881250 142
1881260 142
1881270 142
1881280 142
1881290 142
1881300 142
1881310 142
1881320 142
1881330 142
1881340 142
1881350 142
1881360 142
1881370 142
1881380 142
1881390 142
1881400 142
1881410 142
1881420 142
1881430 142
1881440 142
1881450 142
1881460 142
1881470 142
1881480 142
1881490 142
1881500 142
1881510 142
1881520 142
1881530 142
1881540 142
1881550 142
1881560 142
1881570 142
1881580 142
1881590 142
1881600 142
1881610 143
1881620 143
1881630 143
1881640 142
1881650 141
1881660 141
1881670 140
1881680 141
1881690 141
1881700 141
1881710 141
1881720 141
1881730 140
1881740 141
1881750 141
1881760 143
1881770 143
1881780 143
1881790 143
1881800 141
1881810 141
1881820 141
1881830 141
1881840 141
1881850 141
1881860 141
1881870 141
1881880 141
1881890 141
1881900 141
1881910 141
1881920 141
1881930 141
1881940 141
1881950 141
1881960 141
1881970 140
1881980 140
1881990 140
1882000 140
1882010 140
1882020 140
1882030 140
1882040 140
1882050 140
1882060 140
1882070 140
1882080 140
1882090 140
1882100 140
1882110 140
1882120 141
1882130 140
1882140 140
1882150 140
1882160 140
1882170 140
1882180 140
1882190 140
1882200 140
1882210 140
1882220 140
1882230 140
1882240 140
1882250 140
1882260 140
1882270 140
1882280 140
1882290 140
1882300 140
1882310 140
1882320 140
1882330 140
1882340 140
1882350 140
1882360 140
1882370 140
1882380 140
1882390 140
1882400 140
1882410 140
1882420 140
1882430 140
1882440 140
1882450 140
1882460 140
1882470 140
1882480 140
1882490 140
1882500 140
1882510 140
1882520 140
1882530 140
1882540 140
1882550 140
1882560 140
1882570 140
1882580 140
1882590 140
1882600 140
1882610 140
1882620 140
1882630 140
1882640 140
1882650 140
1882660 140
1882670 140
1882680 140
1882690 140
1882700 140
1882710 140
1882720 140
1882730 140
1882740 140
1882750 140
1882760 140
1882770 140
1882780 140
1882790 140
1882800 140
1882810 140
1882820 140
1882830 140
1882840 140
1882850 140
1882860 140
1882870 140
1882880 140
1882890 140
1882900 140
1882910 140
1882920 140
1882930 140
1882940 140
1882950 140
1882960 140
1882970 140
1882980 140
1882990 140
1883000 140
1883010 140
1883020 140
1883030 140
1883040 140
1883050 140
1883060 140
1883070 140
1883080 140
1883090 140
1883100 140
1883110 140
1883120 140
1883130 140
1883140 140
1883150 140
1883160 140
1883170 140
1883180 140
1883190 140
1883200 140
1883210 140
1883220 140
1883230 140
1883240 140
1883250 140
1883260 140
1883270 140
1883280 140
1883290 140
1883300 140
1883310 140
1883320 140
1883330 140
1883340 140
1883350 140
1883360 140
1883370 140
1883380 140
1883390 140
1883400 140
1883410 140
1883420 140
1883430 140
1883440 140
1883450 140
1883460 140
1883470 140
1883480 140
1883490 140
1883500 140
1883510 140
1883520 140
1883530 140
1883540 140
1883550 140
1883560 140
1883570 140
1883580 140
1883590 140
1883600 140
1883610 140
1883620 140
1883630 140
1883640 140
1883650 140
1883660 140
1883670 140
1883680 140
1883690 140
1883700 140
1883710 140
1883720 140
1883730 140
1883740 140
1883750 140
1883760 140
1883770 140
1883780 140
1883790 140
1883800 140
1883810 140
1883820 140
1883830 140
1883840 140
1883850 140
1883860 140
1883870 140
1883880 140
1883890 140
1883900 140
1883910 140
1883920 140
1883930 140
1883940 140
1883950 140
1883960 140
1883970 140
1883980 140
1883990 140
1884000 140
1884010 140
1884020 140
1884030 140
1884040 140
1884050 140
1884060 140
1884070 140
1884080 140
1884090 140
1884100 140
1884110 140
1884120 140
1884130 140
1884140 140
1884150 140
1884160 140
1884170 140
1884180 140
1884190 140
1884200 140
1884210 140
1884220 140
1884230 140
1884240 140
1884250 140
1884260 140
1884270 140
1884280 140
1884290 140
1884300 140
1884310 140
1884320 140
1884330 140
1884340 140
1884350 140
1884360 140
1884370 140
1884380 140
1884390 140
1884400 140
1884410 140
1884420 140
1884430 140
1884440 140
1884450 140
1884460 140
1884470 140
1884480 140
1884490 140
1884500 140
1884510 140
1884520 140
1884530 140
1884540 140
1884550 140
1884560 140
1884570 140
1884580 140
1884590 140
1884600 140
1884610 140
1884620 140
1884630 140
1884640 140
1884650 140
1884660 140
1884670 140
1884680 140
1884690 140
1884700 140
1884710 140
1884720 140
1884730 140
1884740 140
1884750 140
1884760 140
1884770 140
1884780 140
1884790 140
1884800 140
1884810 140
1884820 140
1884830 140
1884840 140
1884850 140
1884860 140
1884870 140
1884880 140
1884890 140
1884900 140
1884910 140
1884920 140
1884930 140
1884940 140
1884950 140
1884960 140
1884970 140
1884980 140
1884990 140
1885000 140
1885010 140
1885020 140
1885030 140
1885040 140
1885050 140
1885060 140
1885070 140
1885080 140
1885090 140
1885100 140
1885110 140
1885120 140
1885130 140
1885140 140
1885150 140
1885160 140
1885170 140
1885180 140
1885190 140
1885200 140
1885210 140
1885220 140
1885230 140
1885240 140
1885250 140
1885260 140
1885270 140
1885280 140
1885290 140
1885300 140
1885310 140
1885320 141
1885330 141
1885340 143
1885350 144
1885360 144
1885370 144
1885380 147
1885390 147
1885400 150
1885410 148
1885420 148
1885430 152
1885440 156
1885450 156
1885460 156
1885470 156
1885480 156
1885490 157
1885500 158
1885510 158
1885520 158
1885530 158
1885540 158
1885550 158
1885560 158
1885570 158
1885580 158
1885590 159
1885600 159
1885610 159
1885620 159
1885630 159
1885640 159
1885650 159
1885660 159
1885670 159
1885680 160
1885690 160
1885700 160
1885710 160
1885720 160
1885730 161
1885740 160
1885750 160
1885760 161
1885770 161
1885780 161
1885790 161
1885800 161
1885810 161
1885820 161
1885830 161
1885840 161
1885850 161
1885860 161
1885870 161
1885880 161
1885890 161
1885900 161
1885910 161
1885920 161
1885930 161
1885940 161
1885950 161
1885960 161
1885970 162
1885980 161
1885990 161
1886000 161
1886010 162
1886020 162
1886030 162
1886040 163
1886050 163
1886060 163
1886070 163
1886080 163
1886090 163
1886100 163
1886110 163
1886120 163
1886130 164
1886140 164
1886150 165
1886160 163
1886170 163
1886180 163
1886190 163
1886200 163
1886210 163
1886220 164
1886230 164
1886240 163
1886250 163
1886260 163
1886270 162
1886280 162
1886290 162
1886300 162
1886310 162
1886320 162
1886330 162
1886340 161
1886350 161
1886360 161
1886370 161
1886380 161
1886390 161
1886400 161
1886410 161
1886420 160
1886430 160
1886440 160
1886450 160
1886460 160
1886470 160
1886480 160
1886490 159
1886500 159
1886510 159
1886520 160
1886530 160
1886540 160
1886550 160
1886560 160
1886570 159
1886580 159
1886590 159
1886600 159
1886610 158
1886620 158
1886630 158
1886640 158
1886650 158
1886660 158
1886670 158
1886680 158
1886690 159
1886700 159
1886710 159
1886720 159
1886730 159
1886740 159
1886750 159
1886760 159
1886770 159
1886780 161
1886790 161
1886800 161
1886810 160
1886820 160
1886830 160
1886840 160
1886850 160
1886860 160
1886870 160
1886880 159
1886890 159
1886900 160
1886910 160
1886920 160
1886930 160
1886940 161
1886950 161
1886960 161
1886970 161
1886980 161
1886990 161
1887000 162
1887010 162
1887020 162
1887030 163
1887040 163
1887050 163
1887060 163
1887070 164
1887080 164
1887090 165
1887100 165
1887110 164
1887120 165
1887130 165
1887140 165
1887150 165
1887160 165
1887170 166
1887180 166
1887190 166
1887200 167
1887210 167
1887220 167
1887230 168
1887240 169
1887250 169
1887260 169
1887270 170
1887280 170
1887290 170
1887300 171
1887310 171
1887320 171
1887330 171
1887340 171
1887350 171
1887360 172
1887370 172
1887380 172
1887390 173
1887400 173
1887410 173
1887420 174
1887430 174
1887440 174
1887450 175
1887460 175
1887470 175
1887480 175
1887490 175
1887500 175
1887510 175
1887520 175
1887530 175
1887540 176
1887550 176
1887560 176
1887570 176
1887580 176
1887590 176
1887600 176
1887610 176
1887620 176
1887630 176
1887640 176
1887650 176
1887660 176
1887670 176
1887680 176
1887690 176
1887700 176
1887710 177
1887720 177
1887730 177
1887740 177
1887750 177
1887760 177
1887770 177
1887780 177
1887790 177
1887800 177
1887810 177
1887820 177
1887830 176
1887840 176
1887850 176
1887860 176
1887870 176
1887880 176
1887890 176
1887900 176
1887910 176
1887920 176
1887930 176
1887940 176
1887950 176
1887960 176
1887970 176
1887980 176
1887990 176
1888000 176
1888010 176
1888020 176
1888030 176
1888040 176
1888050 176
1888060 176
1888070 176
1888080 176
1888090 176
1888100 176
1888110 176
1888120 176
1888130 176
1888140 176
1888150 176
1888160 175
1888170 175
1888180 175
1888190 175
1888200 175
1888210 175
1888220 175
1888230 175
1888240 175
1888250 175
1888260 175
1888270 175
1888280 175
1888290 175
1888300 175
1888310 175
1888320 175
1888330 175
1888340 175
1888350 175
1888360 175
1888370 175
1888380 175
1888390 175
1888400 175
1888410 175
1888420 175
1888430 175
1888440 175
1888450 175
1888460 175
1888470 175
1888480 175
1888490 175
1888500 175
1888510 175
1888520 175
1888530 175
1888540 175
1888550 175
1888560 175
1888570 175
1888580 175
1888590 174
1888600 174
1888610 174
1888620 174
1888630 174
1888640 174
1888650 174
1888660 174
1888670 174
1888680 174
1888690 175
1888700 175
1888710 175
1888720 174
1888730 174
1888740 175
1888750 175
1888760 175
1888770 175
1888780 175
1888790 175
1888800 175
1888810 175
1888820 175
1888830 175
1888840 174
1888850 174
1888860 174
1888870 174
1888880 174
1888890 174
1888900 174
1888910 174
1888920 174
1888930 173
1888940 173
1888950 173
1888960 173
1888970 173
1888980 173
1888990 172
1889000 172
1889010 172
1889020 172
1889030 172
1889040 171
1889050 171
1889060 171
1889070 171
1889080 171
1889090 171
1889100 171
1889110 170
1889120 170
1889130 170
1889140 170
1889150 170
1889160 169
1889170 169
1889180 169
1889190 168
1889200 168
1889210 168
1889220 167
1889230 167
1889240 167
1889250 166
1889260 165
1889270 165
1889280 165
1889290 164
1889300 164
1889310 164
1889320 163
1889330 163
1889340 163
1889350 162
1889360 162
1889370 162
1889380 162
1889390 162
1889400 161
1889410 161
1889420 161
1889430 161
1889440 161
1889450 161
1889460 160
1889470 160
1889480 160
1889490 160
1889500 159
1889510 159
1889520 159
1889530 158
1889540 158
1889550 158
1889560 158
1889570 158
1889580 158
1889590 158
1889600 158
1889610 158
1889620 158
1889630 158
1889640 158
1889650 158
1889660 158
1889670 157
1889680 156
1889690 156
1889700 155
1889710 154
1889720 154
1889730 152
1889740 151
1889750 151
1889760 149
1889770 149
1889780 149
1889790 148
1889800 148
1889810 148
1889820 149
1889830 151
1889840 151
1889850 154
1889860 156
1889870 156
1889880 156
1889890 157
1889900 157
1889910 156
1889920 155
1889930 155
1889940 154
1889950 151
1889960 151
1889970 150
1889980 149
1889990 149
1890000 149
1890010 148
1890020 148
1890030 146
1890040 144
1890050 144
1890060 142
1890070 141
1890080 141
1890090 141
1890100 140
1890110 140
1890120 140
1890130 140
1890140 140
1890150 140
1890160 140
1890170 140
1890180 140
1890190 140
1890200 140
1890210 140
1890220 140
1890230 140
1890240 140
1890250 140
1890260 140
1890270 140
1890280 140
1890290 140
1890300 140
1890310 140
1890320 140
1890330 140
1890340 140
1890350 140
1890360 140
1890370 140
1890380 140
1890390 140
1890400 140
1890410 140
1890420 140
1890430 140
1890440 140
1890450 140
1890460 140
1890470 140
1890480 140
1890490 140
1890500 140
1890510 140
1890520 140
1890530 140
1890540 140
1890550 140
1890560 140
1890570 140
1890580 140
1890590 140
1890600 140
1890610 140
1890620 140
1890630 140
1890640 140
1890650 140
1890660 140
1890670 140
1890680 140
1890690 140
1890700 140
1890710 140
1890720 140
1890730 140
1890740 140
1890750 140
1890760 140
1890770 140
1890780 140
1890790 140
1890800 140
1890810 140
1890820 140
1890830 140
1890840 140
1890850 140
1890860 140
1890870 140
1890880 140
1890890 140
1890900 140
1890910 140
1890920 140
1890930 140
1890940 140
1890950 140
1890960 140
1890970 140
1890980 140
1890990 140
1891000 140
1891010 140
1891020 140
1891030 140
1891040 140
1891050 140
1891060 140
1891070 140
1891080 140
1891090 140
1891100 140
1891110 140
1891120 140
1891130 140
1891140 140
1891150 140
1891160 140
1891170 140
1891180 140
1891190 140
1891200 140
1891210 140
1891220 140
1891230 140
1891240 140
1891250 140
1891260 140
1891270 140
1891280 140
1891290 139
1891300 139
1891310 139
1891320 139
1891330 139
1891340 139
1891350 139
1891360 139
1891370 139
1891380 139
1891390 139
1891400 139
1891410 139
1891420 139
1891430 139
1891440 139
1891450 139
1891460 139
1891470 139
1891480 139
1891490 139
1891500 139
1891510 140
1891520 140
1891530 140
1891540 140
1891550 140
1891560 140
1891570 140
1891580 140
1891590 140
1891600 140
1891610 140
1891620 140
1891630 140
1891640 140
1891650 140
1891660 139
1891670 139
1891680 139
1891690 139
1891700 139
1891710 139
1891720 139
1891730 139
1891740 139
1891750 139
1891760 139
1891770 139
1891780 140
1891790 140
1891800 140
1891810 140
1891820 140
1891830 140
1891840 140
1891850 140
1891860 140
1891870 139
1891880 139
1891890 139
1891900 139
1891910 139
1891920 139
1891930 139
1891940 139
1891950 138
1891960 138
1891970 138
1891980 139
1891990 139
1892000 139
1892010 139
1892020 139
1892030 139
1892040 139
1892050 139
1892060 139
1892070 139
1892080 139
1892090 139
1892100 139
1892110 139
1892120 139
1892130 140
1892140 139
1892150 139
1892160 139
1892170 139
1892180 139
1892190 139
1892200 139
1892210 139
1892220 139
1892230 139
1892240 139
1892250 139
1892260 139
1892270 139
1892280 139
1892290 139
1892300 139
1892310 139
1892320 139
1892330 139
1892340 139
1892350 139
1892360 139
1892370 139
1892380 139
1892390 139
1892400 139
1892410 139
1892420 139
1892430 139
1892440 139
1892450 139
1892460 139
1892470 139
1892480 139
1892490 139
1892500 139
1892510 139
1892520 139
1892530 139
1892540 139
1892550 139
1892560 139
1892570 139
1892580 139
1892590 139
1892600 139
1892610 139
1892620 139
1892630 139
1892640 139
1892650 139
1892660 139
1892670 139
1892680 139
1892690 139
1892700 139
1892710 139
1892720 139
1892730 139
1892740 140
1892750 140
1892760 140
1892770 140
1892780 140
1892790 140
1892800 140
1892810 139
1892820 140
1892830 139
1892840 139
1892850 139
1892860 139
1892870 139
1892880 139
1892890 140
1892900 140
1892910 140
1892920 140
1892930 139
1892940 139
1892950 139
1892960 139
1892970 139
1892980 138
1892990 138
1893000 138
1893010 139
1893020 139
1893030 139
1893040 140
1893050 140
1893060 140
1893070 140
1893080 140
1893090 140
1893100 140
1893110 140
1893120 140
1893130 140
1893140 140
1893150 140
1893160 140
1893170 140
1893180 140
1893190 140
1893200 139
1893210 139
1893220 139
1893230 137
1893240 137
1893250 138
1893260 139
1893270 139
1893280 139
1893290 140
1893300 140
1893310 139
1893320 139
1893330 139
1893340 139
1893350 139
1893360 139
1893370 139
1893380 139
1893390 139
1893400 139
1893410 139
1893420 139
1893430 139
1893440 139
1893450 139
1893460 139
1893470 139
1893480 139
1893490 139
1893500 139
1893510 139
1893520 139
1893530 139
1893540 139
1893550 139
1893560 138
1893570 138
1893580 138
1893590 138
1893600 138
1893610 138
1893620 138
1893630 138
1893640 139
1893650 140
1893660 140
1893670 140
1893680 140
1893690 140
1893700 139
1893710 139
1893720 139
1893730 139
1893740 139
1893750 139
1893760 139
1893770 139
1893780 139
1893790 139
1893800 139
1893810 139
1893820 139
1893830 139
1893840 139
1893850 139
1893860 139
1893870 139
1893880 139
1893890 139
1893900 139
1893910 139
1893920 139
1893930 139
1893940 139
1893950 139
1893960 139
1893970 139
1893980 139
1893990 139
1894000 139
1894010 139
1894020 139
1894030 139
1894040 139
1894050 139
1894060 139
1894070 139
1894080 139
1894090 139
1894100 139
1894110 139
1894120 139
1894130 139
1894140 139
1894150 139
1894160 139
1894170 139
1894180 139
1894190 139
1894200 139
1894210 139
1894220 137
1894230 137
1894240 136
1894250 136
1894260 136
1894270 136
1894280 136
1894290 136
1894300 136
1894310 136
1894320 136
1894330 136
1894340 136
1894350 136
1894360 136
1894370 136
1894380 136
1894390 136
1894400 136
1894410 136
1894420 136
1894430 136
1894440 136
1894450 136
1894460 136
1894470 136
1894480 136
1894490 136
1894500 136
1894510 136
1894520 136
1894530 136
1894540 136
1894550 136
1894560 136
1894570 136
1894580 136
1894590 136
1894600 136
1894610 136
1894620 136
1894630 136
1894640 136
1894650 136
1894660 136
1894670 136
1894680 136
1894690 136
1894700 136
1894710 136
1894720 136
1894730 136
1894740 136
1894750 137
1894760 143
1894770 143
