1880000 143
1880010 143
1880020 143
1880030 143
1880040 143
1880050 143
1880060 143
1880070 143
1880080 143
1880090 143
1880100 143
1880110 143
1880120 143
1880130 142
1880140 142
1880150 142
1880160 141
1880170 141
1880180 141
1880190 141
1880200 141
1880210 141
1880220 140
1880230 141
1880240 141
1880250 143
1880260 141
1880270 141
1880280 142
1880290 142
1880300 142
1880310 142
1880320 142
1880330 142
1880340 143
1880350 143
1880360 143
1880370 142
1880380 142
1880390 142
1880400 142
1880410 142
1880420 142
1880430 143
1880440 141
1880450 141
1880460 141
1880470 143
1880480 143
1880490 143
1880500 142
1880510 142
1880520 143
1880530 143
1880540 143
1880550 142
1880560 142
1880570 142
1880580 142
1880590 142
1880600 142
1880610 142
1880620 142
1880630 142
1880640 141
1880650 141
1880660 141
1880670 142
1880680 141
1880690 141
1880700 141
1880710 141
1880720 141
1880730 141
1880740 142
1880750 142
1880760 141
1880770 142
1880780 142
1880790 141
1880800 141
1880810 141
1880820 141
1880830 142
1880840 142
1880850 142
1880860 142
1880870 142
1880880 142
1880890 143
1880900 142
1880910 143
1880920 143
1880930 143
1880940 142
1880950 142
1880960 142
1880970 142
1880980 143
1880990 143
1881000 143
1881010 143
1881020 143
1881030 143
1881040 143
1881050 143
1881060 143
1881070 143
1881080 143
1881090 143
1881100 142
1881110 142
1881120 142
1881130 142
1881140 142
1881150 142
1881160 142
1881170 142
1881180 142
1881190 142
1881200 142
1881210 142
1881220 142
1881230 142
1881240 142
1881250 142
1881260 142
1881270 142
1881280 142
1881290 142
1881300 142
1881310 142
1881320 142
1881330 142
1881340 142
1881350 142
1881360 143
1881370 143
1881380 143
1881390 143
1881400 143
1881410 143
1881420 143
1881430 142
1881440 142
1881450 141
1881460 141
1881470 141
1881480 141
1881490 141
1881500 141
1881510 141
1881520 141
1881530 141
1881540 141
1881550 141
1881560 141
1881570 141
1881580 141
1881590 141
1881600 141
1881610 141
1881620 141
1881630 141
1881640 141
1881650 141
1881660 141
1881670 141
1881680 141
1881690 141
1881700 141
1881710 141
1881720 141
1881730 141
1881740 141
1881750 141
1881760 141
1881770 141
1881780 141
1881790 141
1881800 141
1881810 141
1881820 140
1881830 140
1881840 141
1881850 141
1881860 141
1881870 141
1881880 140
1881890 140
1881900 141
1881910 140
1881920 140
1881930 141
1881940 141
1881950 141
1881960 141
1881970 140
1881980 140
1881990 140
1882000 141
1882010 141
1882020 140
1882030 140
1882040 140
1882050 141
1882060 141
1882070 141
1882080 141
1882090 140
1882100 140
1882110 141
1882120 140
1882130 140
1882140 140
1882150 140
1882160 140
1882170 140
1882180 140
1882190 140
1882200 140
1882210 140
1882220 140
1882230 140
1882240 140
1882250 140
1882260 140
1882270 140
1882280 140
1882290 140
1882300 140
1882310 140
1882320 140
1882330 140
1882340 140
1882350 140
1882360 140
1882370 140
1882380 140
1882390 140
1882400 140
1882410 140
1882420 140
1882430 140
1882440 140
1882450 140
1882460 140
1882470 140
1882480 140
1882490 140
1882500 140
1882510 140
1882520 140
1882530 140
1882540 140
1882550 140
1882560 140
1882570 140
1882580 140
1882590 140
1882600 140
1882610 140
1882620 140
1882630 140
1882640 140
1882650 140
1882660 140
1882670 140
1882680 140
1882690 140
1882700 140
1882710 141
1882720 141
1882730 141
1882740 141
1882750 141
1882760 141
1882770 142
1882780 142
1882790 142
1882800 142
1882810 142
1882820 142
1882830 142
1882840 142
1882850 142
1882860 142
1882870 143
1882880 143
1882890 143
1882900 143
1882910 143
1882920 143
1882930 143
1882940 143
1882950 142
1882960 142
1882970 142
1882980 142
1882990 142
1883000 142
1883010 142
1883020 142
1883030 142
1883040 142
1883050 142
1883060 142
1883070 142
1883080 142
1883090 142
1883100 142
1883110 143
1883120 143
1883130 143
1883140 143
1883150 143
1883160 143
1883170 143
1883180 142
1883190 142
1883200 142
1883210 141
1883220 141
1883230 142
1883240 142
1883250 142
1883260 142
1883270 142
1883280 142
1883290 142
1883300 142
1883310 142
1883320 142
1883330 142
1883340 142
1883350 141
1883360 141
1883370 141
1883380 141
1883390 141
1883400 141
1883410 141
1883420 141
1883430 141
1883440 140
1883450 140
1883460 140
1883470 140
1883480 140
1883490 140
1883500 140
1883510 141
1883520 141
1883530 141
1883540 141
1883550 141
1883560 141
1883570 141
1883580 141
1883590 141
1883600 141
1883610 141
1883620 140
1883630 140
1883640 140
1883650 140
1883660 140
1883670 140
1883680 140
1883690 140
1883700 140
1883710 140
1883720 140
1883730 140
1883740 140
1883750 140
1883760 140
1883770 140
1883780 140
1883790 140
1883800 140
1883810 140
1883820 140
1883830 140
1883840 140
1883850 140
1883860 140
1883870 140
1883880 140
1883890 140
1883900 140
1883910 140
1883920 140
1883930 141
1883940 141
1883950 140
1883960 140
1883970 140
1883980 140
1883990 140
1884000 140
1884010 140
1884020 140
1884030 140
1884040 140
1884050 140
1884060 140
1884070 141
1884080 141
1884090 141
1884100 141
1884110 141
1884120 141
1884130 140
1884140 140
1884150 141
1884160 140
1884170 140
1884180 140
1884190 140
1884200 140
1884210 140
1884220 140
1884230 140
1884240 140
1884250 140
1884260 140
1884270 140
1884280 140
1884290 140
1884300 140
1884310 140
1884320 140
1884330 140
1884340 140
1884350 140
1884360 140
1884370 140
1884380 140
1884390 140
1884400 140
1884410 140
1884420 140
1884430 140
1884440 140
1884450 140
1884460 140
1884470 140
1884480 140
1884490 140
1884500 140
1884510 140
1884520 140
1884530 140
1884540 140
1884550 140
1884560 140
1884570 140
1884580 140
1884590 140
1884600 140
1884610 140
1884620 140
1884630 140
1884640 140
1884650 140
1884660 140
1884670 140
1884680 140
1884690 140
1884700 140
1884710 140
1884720 140
1884730 140
1884740 140
1884750 140
1884760 140
1884770 140
1884780 140
1884790 140
1884800 140
1884810 140
1884820 140
1884830 140
1884840 140
1884850 140
1884860 140
1884870 140
1884880 140
1884890 140
1884900 140
1884910 140
1884920 140
1884930 140
1884940 141
1884950 142
1884960 142
1884970 142
1884980 143
1884990 143
1885000 145
1885010 146
1885020 146
1885030 146
1885040 146
1885050 146
1885060 146
1885070 146
1885080 146
1885090 146
1885100 147
1885110 147
1885120 147
1885130 148
1885140 148
1885150 148
1885160 149
1885170 149
1885180 150
1885190 151
1885200 151
1885210 151
1885220 152
1885230 152
1885240 153
1885250 154
1885260 154
1885270 154
1885280 154
1885290 154
1885300 154
1885310 155
1885320 155
1885330 155
1885340 155
1885350 155
1885360 154
1885370 155
1885380 155
1885390 155
1885400 155
1885410 155
1885420 155
1885430 155
1885440 155
1885450 155
1885460 156
1885470 156
1885480 157
1885490 157
1885500 157
1885510 157
1885520 157
1885530 157
1885540 157
1885550 157
1885560 157
1885570 157
1885580 158
1885590 158
1885600 158
1885610 159
1885620 159
1885630 159
1885640 159
1885650 159
1885660 159
1885670 159
1885680 159
1885690 160
1885700 161
1885710 161
1885720 161
1885730 161
1885740 161
1885750 161
1885760 162
1885770 162
1885780 162
1885790 163
1885800 163
1885810 163
1885820 163
1885830 163
1885840 164
1885850 164
1885860 164
1885870 165
1885880 166
1885890 166
1885900 168
1885910 169
1885920 169
1885930 169
1885940 170
1885950 170
1885960 172
1885970 172
1885980 172
1885990 172
1886000 172
1886010 172
1886020 172
1886030 173
1886040 173
1886050 173
1886060 174
1886070 174
1886080 174
1886090 174
1886100 174
1886110 175
1886120 174
1886130 174
1886140 175
1886150 175
1886160 175
1886170 176
1886180 176
1886190 176
1886200 176
1886210 176
1886220 176
1886230 178
1886240 178
1886250 178
1886260 179
1886270 179
1886280 179
1886290 179
1886300 179
1886310 179
1886320 179
1886330 179
1886340 179
1886350 179
1886360 179
1886370 179
1886380 178
1886390 178
1886400 178
1886410 178
1886420 178
1886430 178
1886440 177
1886450 177
1886460 177
1886470 177
1886480 176
1886490 176
1886500 175
1886510 174
1886520 174
1886530 173
1886540 173
1886550 173
1886560 172
1886570 172
1886580 172
1886590 174
1886600 176
1886610 176
1886620 176
1886630 176
1886640 176
1886650 176
1886660 176
1886670 176
1886680 175
1886690 175
1886700 175
1886710 175
1886720 175
1886730 175
1886740 175
1886750 175
1886760 174
1886770 174
1886780 172
1886790 172
1886800 172
1886810 172
1886820 174
1886830 174
1886840 174
1886850 174
1886860 174
1886870 174
1886880 174
1886890 174
1886900 173
1886910 173
1886920 173
1886930 173
1886940 172
1886950 172
1886960 171
1886970 170
1886980 170
1886990 169
1887000 169
1887010 169
1887020 169
1887030 169
1887040 169
1887050 169
1887060 169
1887070 169
1887080 169
1887090 169
1887100 169
1887110 169
1887120 169
1887130 169
1887140 169
1887150 169
1887160 169
1887170 169
1887180 169
1887190 169
1887200 169
1887210 170
1887220 170
1887230 170
1887240 170
1887250 170
1887260 170
1887270 170
1887280 170
1887290 170
1887300 170
1887310 170
1887320 170
1887330 170
1887340 170
1887350 170
1887360 170
1887370 170
1887380 170
1887390 170
1887400 170
1887410 170
1887420 170
1887430 170
1887440 170
1887450 171
1887460 171
1887470 171
1887480 171
1887490 171
1887500 172
1887510 172
1887520 172
1887530 172
1887540 172
1887550 172
1887560 172
1887570 173
1887580 173
1887590 173
1887600 172
1887610 172
1887620 172
1887630 173
1887640 173
1887650 173
1887660 173
1887670 173
1887680 173
1887690 173
1887700 173
1887710 173
1887720 173
1887730 173
1887740 173
1887750 173
1887760 173
1887770 173
1887780 173
1887790 173
1887800 173
1887810 173
1887820 173
1887830 173
1887840 173
1887850 173
1887860 173
1887870 173
1887880 173
1887890 173
1887900 173
1887910 173
1887920 173
1887930 173
1887940 173
1887950 173
1887960 173
1887970 173
1887980 174
1887990 174
1888000 174
1888010 173
1888020 173
1888030 173
1888040 173
1888050 173
1888060 173
1888070 173
1888080 173
1888090 173
1888100 173
1888110 173
1888120 173
1888130 173
1888140 173
1888150 173
1888160 173
1888170 173
1888180 173
1888190 173
1888200 173
1888210 173
1888220 173
1888230 172
1888240 172
1888250 172
1888260 172
1888270 172
1888280 172
1888290 172
1888300 172
1888310 172
1888320 172
1888330 172
1888340 172
1888350 172
1888360 172
1888370 171
1888380 171
1888390 171
1888400 171
1888410 171
1888420 171
1888430 171
1888440 171
1888450 171
1888460 171
1888470 171
1888480 171
1888490 171
1888500 170
1888510 170
1888520 170
1888530 170
1888540 170
1888550 170
1888560 170
1888570 170
1888580 170
1888590 171
1888600 171
1888610 171
1888620 171
1888630 171
1888640 171
1888650 171
1888660 171
1888670 171
1888680 171
1888690 171
1888700 171
1888710 171
1888720 171
1888730 171
1888740 171
1888750 171
1888760 171
1888770 171
1888780 171
1888790 172
1888800 172
1888810 172
1888820 172
1888830 172
1888840 172
1888850 172
1888860 172
1888870 172
1888880 172
1888890 172
1888900 172
1888910 172
1888920 172
1888930 172
1888940 172
1888950 171
1888960 171
1888970 171
1888980 171
1888990 171
1889000 171
1889010 171
1889020 171
1889030 171
1889040 171
1889050 171
1889060 171
1889070 170
1889080 170
1889090 170
1889100 170
1889110 170
1889120 170
1889130 170
1889140 170
1889150 170
1889160 170
1889170 170
1889180 170
1889190 170
1889200 170
1889210 169
1889220 169
1889230 169
1889240 169
1889250 169
1889260 169
1889270 168
1889280 168
1889290 168
1889300 167
1889310 167
1889320 167
1889330 167
1889340 166
1889350 166
1889360 166
1889370 165
1889380 165
1889390 164
1889400 164
1889410 164
1889420 163
1889430 163
1889440 163
1889450 162
1889460 162
1889470 162
1889480 162
1889490 162
1889500 162
1889510 162
1889520 162
1889530 162
1889540 161
1889550 161
1889560 161
1889570 161
1889580 161
1889590 161
1889600 161
1889610 160
1889620 160
1889630 160
1889640 160
1889650 160
1889660 159
1889670 159
1889680 159
1889690 159
1889700 159
1889710 159
1889720 159
1889730 159
1889740 159
1889750 159
1889760 159
1889770 159
1889780 159
1889790 159
1889800 159
1889810 159
1889820 159
1889830 159
1889840 159
1889850 158
1889860 158
1889870 158
1889880 158
1889890 158
1889900 158
1889910 158
1889920 158
1889930 158
1889940 158
1889950 158
1889960 158
1889970 158
1889980 158
1889990 158
1890000 158
1890010 158
1890020 158
1890030 158
1890040 158
1890050 158
1890060 157
1890070 157
1890080 157
1890090 157
1890100 157
1890110 156
1890120 155
1890130 155
1890140 154
1890150 153
1890160 153
1890170 151
1890180 149
1890190 149
1890200 148
1890210 147
1890220 147
1890230 147
1890240 148
1890250 148
1890260 147
1890270 148
1890280 148
1890290 149
1890300 150
1890310 150
1890320 149
1890330 149
1890340 149
1890350 147
1890360 145
1890370 145
1890380 144
1890390 142
1890400 142
1890410 141
1890420 140
1890430 140
1890440 140
1890450 140
1890460 140
1890470 140
1890480 140
1890490 139
1890500 139
1890510 139
1890520 139
1890530 139
1890540 139
1890550 139
1890560 139
1890570 139
1890580 139
1890590 139
1890600 140
1890610 140
1890620 140
1890630 140
1890640 140
1890650 140
1890660 140
1890670 140
1890680 140
1890690 139
1890700 139
1890710 139
1890720 140
1890730 140
1890740 140
1890750 140
1890760 140
1890770 140
1890780 140
1890790 140
1890800 140
1890810 140
1890820 140
1890830 140
1890840 140
1890850 140
1890860 140
1890870 140
1890880 140
1890890 140
1890900 140
1890910 140
1890920 140
1890930 140
1890940 140
1890950 140
1890960 140
1890970 140
1890980 140
1890990 140
1891000 140
1891010 140
1891020 140
1891030 140
1891040 140
1891050 140
1891060 140
1891070 140
1891080 140
1891090 140
1891100 140
1891110 140
1891120 140
1891130 140
1891140 140
1891150 140
1891160 140
1891170 140
1891180 140
1891190 140
1891200 140
1891210 140
1891220 140
1891230 140
1891240 140
1891250 140
1891260 139
1891270 139
1891280 139
1891290 139
1891300 139
1891310 139
1891320 139
1891330 139
1891340 139
1891350 139
1891360 139
1891370 139
1891380 139
1891390 139
1891400 139
1891410 139
1891420 139
1891430 139
1891440 139
1891450 139
1891460 139
1891470 139
1891480 139
1891490 139
1891500 139
1891510 139
1891520 139
1891530 139
1891540 139
1891550 139
1891560 139
1891570 139
1891580 139
1891590 139
1891600 139
1891610 139
1891620 139
1891630 139
1891640 139
1891650 139
1891660 139
1891670 139
1891680 139
1891690 139
1891700 139
1891710 139
1891720 139
1891730 139
1891740 139
1891750 139
1891760 139
1891770 139
1891780 139
1891790 139
1891800 139
1891810 139
1891820 139
1891830 139
1891840 139
1891850 139
1891860 139
1891870 139
1891880 139
1891890 139
1891900 139
1891910 139
1891920 139
1891930 139
1891940 139
1891950 139
1891960 139
1891970 139
1891980 139
1891990 139
1892000 139
1892010 139
1892020 139
1892030 139
1892040 139
1892050 139
1892060 139
1892070 139
1892080 139
1892090 139
1892100 139
1892110 139
1892120 139
1892130 139
1892140 139
1892150 139
1892160 139
1892170 139
1892180 139
1892190 138
1892200 138
1892210 138
1892220 138
1892230 139
1892240 139
1892250 139
1892260 139
1892270 139
1892280 139
1892290 139
1892300 139
1892310 139
1892320 139
1892330 139
1892340 139
1892350 139
1892360 139
1892370 139
1892380 139
1892390 139
1892400 139
1892410 139
1892420 139
1892430 139
1892440 139
1892450 139
1892460 139
1892470 139
1892480 139
1892490 139
1892500 139
1892510 139
1892520 139
1892530 139
1892540 139
1892550 139
1892560 139
1892570 139
1892580 140
1892590 140
1892600 140
1892610 140
1892620 140
1892630 140
1892640 140
1892650 139
1892660 139
1892670 139
1892680 139
1892690 139
1892700 139
1892710 139
1892720 139
1892730 139
1892740 139
1892750 139
1892760 139
1892770 139
1892780 139
1892790 139
1892800 139
1892810 139
1892820 139
1892830 139
1892840 139
1892850 139
1892860 139
1892870 139
1892880 139
1892890 139
1892900 139
1892910 139
1892920 139
1892930 139
1892940 139
1892950 139
1892960 139
1892970 139
1892980 139
1892990 139
1893000 139
1893010 139
1893020 139
1893030 139
1893040 139
1893050 139
1893060 139
1893070 139
1893080 139
1893090 139
1893100 139
1893110 139
1893120 139
1893130 139
1893140 139
1893150 139
1893160 139
1893170 139
1893180 138
1893190 139
1893200 139
1893210 139
1893220 139
1893230 139
1893240 140
1893250 140
1893260 140
1893270 140
1893280 140
1893290 140
1893300 139
1893310 139
1893320 139
1893330 140
1893340 140
1893350 140
1893360 140
1893370 140
1893380 140
1893390 139
1893400 137
1893410 137
1893420 139
1893430 140
1893440 140
1893450 139
1893460 139
1893470 139
1893480 139
1893490 139
1893500 139
1893510 139
1893520 139
1893530 139
1893540 139
1893550 139
1893560 139
1893570 139
1893580 139
1893590 139
1893600 139
1893610 139
1893620 139
1893630 139
1893640 139
1893650 139
1893660 139
1893670 139
1893680 139
1893690 139
1893700 139
1893710 139
1893720 139
1893730 138
1893740 138
1893750 138
1893760 138
1893770 138
1893780 138
1893790 138
1893800 138
1893810 138
1893820 138
1893830 138
1893840 138
1893850 139
1893860 139
1893870 139
1893880 139
1893890 139
1893900 139
1893910 139
1893920 139
1893930 139
1893940 139
1893950 139
1893960 139
1893970 139
1893980 139
1893990 139
1894000 138
1894010 138
1894020 139
1894030 139
1894040 139
1894050 139
1894060 139
1894070 139
1894080 139
1894090 139
1894100 139
1894110 139
1894120 139
1894130 139
1894140 139
1894150 139
1894160 139
1894170 139
1894180 139
1894190 139
1894200 139
1894210 139
1894220 138
1894230 138
1894240 138
1894250 139
1894260 139
1894270 139
1894280 139
1894290 139
1894300 139
1894310 139
1894320 139
1894330 139
1894340 139
1894350 139
1894360 139
1894370 139
1894380 139
1894390 139
1894400 139
1894410 139
1894420 137
1894430 136
1894440 136
1894450 136
1894460 136
1894470 136
1894480 136
1894490 136
1894500 136
1894510 136
1894520 136
1894530 136
1894540 136
1894550 136
1894560 136
1894570 136
1894580 136
1894590 136
1894600 136
1894610 136
1894620 136
1894630 136
1894640 136
1894650 136
1894660 136
1894670 136
1894680 136
1894690 136
1894700 136
1894710 136
1894720 136
1894730 136
1894740 136
1894750 136
1894760 136
1894770 136
1894780 136
1894790 136
1894800 136
1894810 136
1894820 136
1894830 136
1894840 136
1894850 136
1894860 136
1894870 136
1894880 136
1894890 136
1894900 136
1894910 136
1894920 136
1880000 143
1880010 143
1880020 143
1880030 143
1880040 143
1880050 143
1880060 143
1880070 143
1880080 143
1880090 143
1880100 143
1880110 143
1880120 143
1880130 142
1880140 142
1880150 142
1880160 141
1880170 141
1880180 141
1880190 141
1880200 141
1880210 141
1880220 140
1880230 141
1880240 141
1880250 143
1880260 141
1880270 141
1880280 142
1880290 142
1880300 142
1880310 142
1880320 142
1880330 142
1880340 143
1880350 143
1880360 143
1880370 142
1880380 142
1880390 142
1880400 142
1880410 142
1880420 142
1880430 143
1880440 141
1880450 141
1880460 141
1880470 143
1880480 143
1880490 143
1880500 142
1880510 142
1880520 143
1880530 143
1880540 143
1880550 142
1880560 142
1880570 142
1880580 142
1880590 142
1880600 142
1880610 142
1880620 142
1880630 142
1880640 141
1880650 141
1880660 141
1880670 142
1880680 141
1880690 141
1880700 141
1880710 141
1880720 141
1880730 141
1880740 142
1880750 142
1880760 141
1880770 142
1880780 142
1880790 141
1880800 141
1880810 141
1880820 141
1880830 142
1880840 142
1880850 142
1880860 142
1880870 142
1880880 142
1880890 143
1880900 142
1880910 143
1880920 143
1880930 143
1880940 142
1880950 142
1880960 142
1880970 142
1880980 143
1880990 143
1881000 143
1881010 143
1881020 143
1881030 143
1881040 143
1881050 143
1881060 143
1881070 143
1881080 143
1881090 143
1881100 142
1881110 142
1881120 142
1881130 142
1881140 142
1881150 142
1881160 142
1881170 142
1881180 142
1881190 142
1881200 142
1881210 142
1881220 142
1881230 142
1881240 142
1881250 142
1881260 142
1881270 142
1881280 142
1881290 142
1881300 142
1881310 142
1881320 142
1881330 142
1881340 142
1881350 142
1881360 143
1881370 143
1881380 143
1881390 143
1881400 143
1881410 143
1881420 143
1881430 142
1881440 142
1881450 141
1881460 141
1881470 141
1881480 141
1881490 141
1881500 141
1881510 141
1881520 141
1881530 141
1881540 141
1881550 141
1881560 141
1881570 141
1881580 141
1881590 141
1881600 141
1881610 141
1881620 141
1881630 141
1881640 141
1881650 141
1881660 141
1881670 141
1881680 141
1881690 141
1881700 141
1881710 141
1881720 141
1881730 141
1881740 141
1881750 141
1881760 141
1881770 141
1881780 141
1881790 141
1881800 141
1881810 141
1881820 140
1881830 140
1881840 141
1881850 141
1881860 141
1881870 141
1881880 140
1881890 140
1881900 141
1881910 140
1881920 140
1881930 141
1881940 141
1881950 141
1881960 141
1881970 140
1881980 140
1881990 140
1882000 141
1882010 141
1882020 140
1882030 140
1882040 140
1882050 141
1882060 141
1882070 141
1882080 141
1882090 140
1882100 140
1882110 141
1882120 140
1882130 140
1882140 140
1882150 140
1882160 140
1882170 140
1882180 140
1882190 140
1882200 140
1882210 140
1882220 140
1882230 140
1882240 140
1882250 140
1882260 140
1882270 140
1882280 140
1882290 140
1882300 140
1882310 140
1882320 140
1882330 140
1882340 140
1882350 140
1882360 140
1882370 140
1882380 140
1882390 140
1882400 140
1882410 140
1882420 140
1882430 140
1882440 140
1882450 140
1882460 140
1882470 140
1882480 140
1882490 140
1882500 140
1882510 140
1882520 140
1882530 140
1882540 140
1882550 140
1882560 140
1882570 140
1882580 140
1882590 140
1882600 140
1882610 140
1882620 140
1882630 140
1882640 140
1882650 140
1882660 140
1882670 140
1882680 140
1882690 140
1882700 140
1882710 141
1882720 141
1882730 141
1882740 141
1882750 141
1882760 141
1882770 142
1882780 142
1882790 142
1882800 142
1882810 142
1882820 142
1882830 142
1882840 142
1882850 142
1882860 142
1882870 143
1882880 143
1882890 143
1882900 143
1882910 143
1882920 143
1882930 143
1882940 143
1882950 142
1882960 142
1882970 142
1882980 142
1882990 142
1883000 142
1883010 142
1883020 142
1883030 142
1883040 142
1883050 142
1883060 142
1883070 142
1883080 142
1883090 142
1883100 142
1883110 143
1883120 143
1883130 143
1883140 143
1883150 143
1883160 143
1883170 143
1883180 142
1883190 142
1883200 142
1883210 141
1883220 141
1883230 142
1883240 142
1883250 142
1883260 142
1883270 142
1883280 142
1883290 142
1883300 142
1883310 142
1883320 142
1883330 142
1883340 142
1883350 141
1883360 141
1883370 141
1883380 141
1883390 141
1883400 141
1883410 141
1883420 141
1883430 141
1883440 140
1883450 140
1883460 140
1883470 140
1883480 140
1883490 140
1883500 140
1883510 141
1883520 141
1883530 141
1883540 141
1883550 141
1883560 141
1883570 141
1883580 141
1883590 141
1883600 141
1883610 141
1883620 140
1883630 140
1883640 140
1883650 140
1883660 140
1883670 140
1883680 140
1883690 140
1883700 140
1883710 140
1883720 140
1883730 140
1883740 140
1883750 140
1883760 140
1883770 140
1883780 140
1883790 140
1883800 140
1883810 140
1883820 140
1883830 140
1883840 140
1883850 140
1883860 140
1883870 140
1883880 140
1883890 140
1883900 140
1883910 140
1883920 140
1883930 141
1883940 141
1883950 140
1883960 140
1883970 140
1883980 140
1883990 140
1884000 140
1884010 140
1884020 140
1884030 140
1884040 140
1884050 140
1884060 140
1884070 141
1884080 141
1884090 141
1884100 141
1884110 141
1884120 141
1884130 140
1884140 140
1884150 141
1884160 140
1884170 140
1884180 140
1884190 140
1884200 140
1884210 140
1884220 140
1884230 140
1884240 140
1884250 140
1884260 140
1884270 140
1884280 140
1884290 140
1884300 140
1884310 140
1884320 140
1884330 140
1884340 140
1884350 140
1884360 140
1884370 140
1884380 140
1884390 140
1884400 140
1884410 140
1884420 140
1884430 140
1884440 140
1884450 140
1884460 140
1884470 140
1884480 140
1884490 140
1884500 140
1884510 140
1884520 140
1884530 140
1884540 140
1884550 140
1884560 140
1884570 140
1884580 140
1884590 140
1884600 140
1884610 140
1884620 140
1884630 140
1884640 140
1884650 140
1884660 140
1884670 140
1884680 140
1884690 140
1884700 140
1884710 140
1884720 140
1884730 140
1884740 140
1884750 140
1884760 140
1884770 140
1884780 140
1884790 140
1884800 140
1884810 140
1884820 140
1884830 140
1884840 140
1884850 140
1884860 140
1884870 140
1884880 140
1884890 140
1884900 140
1884910 140
1884920 140
1884930 140
1884940 141
1884950 142
1884960 142
1884970 142
1884980 143
1884990 143
1885000 145
1885010 146
1885020 146
1885030 146
1885040 146
1885050 146
1885060 146
1885070 146
1885080 146
1885090 146
1885100 147
1885110 147
1885120 147
1885130 148
1885140 148
1885150 148
1885160 149
1885170 149
1885180 150
1885190 151
1885200 151
1885210 151
1885220 152
1885230 152
1885240 153
1885250 154
1885260 154
1885270 154
1885280 154
1885290 154
1885300 154
1885310 155
1885320 155
1885330 155
1885340 155
1885350 155
1885360 154
1885370 155
1885380 155
1885390 155
1885400 155
1885410 155
1885420 155
1885430 155
1885440 155
1885450 155
1885460 156
1885470 156
1885480 157
1885490 157
1885500 157
1885510 157
1885520 157
1885530 157
1885540 157
1885550 157
1885560 157
1885570 157
1885580 158
1885590 158
1885600 158
1885610 159
1885620 159
1885630 159
1885640 159
1885650 159
1885660 159
1885670 159
1885680 159
1885690 160
1885700 161
1885710 161
1885720 161
1885730 161
1885740 161
1885750 161
1885760 162
1885770 162
1885780 162
1885790 163
1885800 163
1885810 163
1885820 163
1885830 163
1885840 164
1885850 164
1885860 164
1885870 165
1885880 166
1885890 166
1885900 168
1885910 169
1885920 169
1885930 169
1885940 170
1885950 170
1885960 172
1885970 172
1885980 172
1885990 172
1886000 172
1886010 172
1886020 172
1886030 173
1886040 173
1886050 173
1886060 174
1886070 174
1886080 174
1886090 174
1886100 174
1886110 175
1886120 174
1886130 174
1886140 175
1886150 175
1886160 175
1886170 176
1886180 176
1886190 176
1886200 176
1886210 176
1886220 176
1886230 178
1886240 178
1886250 178
1886260 179
1886270 179
1886280 179
1886290 179
1886300 179
1886310 179
1886320 179
1886330 179
1886340 179
1886350 179
1886360 179
1886370 179
1886380 178
1886390 178
1886400 178
1886410 178
1886420 178
1886430 178
1886440 177
1886450 177
1886460 177
1886470 177
1886480 176
1886490 176
1886500 175
1886510 174
1886520 174
1886530 173
1886540 173
1886550 173
1886560 172
1886570 172
1886580 172
1886590 174
1886600 176
1886610 176
1886620 176
1886630 176
1886640 176
1886650 176
1886660 176
1886670 176
1886680 175
1886690 175
1886700 175
1886710 175
1886720 175
1886730 175
1886740 175
1886750 175
1886760 174
1886770 174
1886780 172
1886790 172
1886800 172
1886810 172
1886820 174
1886830 174
1886840 174
1886850 174
1886860 174
1886870 174
1886880 174
1886890 174
1886900 173
1886910 173
1886920 173
1886930 173
1886940 172
1886950 172
1886960 171
1886970 170
1886980 170
1886990 169
1887000 169
1887010 169
1887020 169
1887030 169
1887040 169
1887050 169
1887060 169
1887070 169
1887080 169
1887090 169
1887100 169
1887110 169
1887120 169
1887130 169
1887140 169
1887150 169
1887160 169
1887170 169
1887180 169
1887190 169
1887200 169
1887210 170
1887220 170
1887230 170
1887240 170
1887250 170
1887260 170
1887270 170
1887280 170
1887290 170
1887300 170
1887310 170
1887320 170
1887330 170
1887340 170
1887350 170
1887360 170
1887370 170
1887380 170
1887390 170
1887400 170
1887410 170
1887420 170
1887430 170
1887440 170
1887450 171
1887460 171
1887470 171
1887480 171
1887490 171
1887500 172
1887510 172
1887520 172
1887530 172
1887540 172
1887550 172
1887560 172
1887570 173
1887580 173
1887590 173
1887600 172
1887610 172
1887620 172
1887630 173
1887640 173
1887650 173
1887660 173
1887670 173
1887680 173
1887690 173
1887700 173
1887710 173
1887720 173
1887730 173
1887740 173
1887750 173
1887760 173
1887770 173
1887780 173
1887790 173
1887800 173
1887810 173
1887820 173
1887830 173
1887840 173
1887850 173
1887860 173
1887870 173
1887880 173
1887890 173
1887900 173
1887910 173
1887920 173
1887930 173
1887940 173
1887950 173
1887960 173
1887970 173
1887980 174
1887990 174
1888000 174
1888010 173
1888020 173
1888030 173
1888040 173
1888050 173
1888060 173
1888070 173
1888080 173
1888090 173
1888100 173
1888110 173
1888120 173
1888130 173
1888140 173
1888150 173
1888160 173
1888170 173
1888180 173
1888190 173
1888200 173
1888210 173
1888220 173
1888230 172
1888240 172
1888250 172
1888260 172
1888270 172
1888280 172
1888290 172
1888300 172
1888310 172
1888320 172
1888330 172
1888340 172
1888350 172
1888360 172
1888370 171
1888380 171
1888390 171
1888400 171
1888410 171
1888420 171
1888430 171
1888440 171
1888450 171
1888460 171
1888470 171
1888480 171
1888490 171
1888500 170
1888510 170
1888520 170
1888530 170
1888540 170
1888550 170
1888560 170
1888570 170
1888580 170
1888590 171
1888600 171
1888610 171
1888620 171
1888630 171
1888640 171
1888650 171
1888660 171
1888670 171
1888680 171
1888690 171
1888700 171
1888710 171
1888720 171
1888730 171
1888740 171
1888750 171
1888760 171
1888770 171
1888780 171
1888790 172
1888800 172
1888810 172
1888820 172
1888830 172
1888840 172
1888850 172
1888860 172
1888870 172
1888880 172
1888890 172
1888900 172
1888910 172
1888920 172
1888930 172
1888940 172
1888950 171
1888960 171
1888970 171
1888980 171
1888990 171
1889000 171
1889010 171
1889020 171
1889030 171
1889040 171
1889050 171
1889060 171
1889070 170
1889080 170
1889090 170
1889100 170
1889110 170
1889120 170
1889130 170
1889140 170
1889150 170
1889160 170
1889170 170
1889180 170
1889190 170
1889200 170
1889210 169
1889220 169
1889230 169
1889240 169
1889250 169
1889260 169
1889270 168
1889280 168
1889290 168
1889300 167
1889310 167
1889320 167
1889330 167
1889340 166
1889350 166
1889360 166
1889370 165
1889380 165
1889390 164
1889400 164
1889410 164
1889420 163
1889430 163
1889440 163
1889450 162
1889460 162
1889470 162
1889480 162
1889490 162
1889500 162
1889510 162
1889520 162
1889530 162
1889540 161
1889550 161
1889560 161
1889570 161
1889580 161
1889590 161
1889600 161
1889610 160
1889620 160
1889630 160
1889640 160
1889650 160
1889660 159
1889670 159
1889680 159
1889690 159
1889700 159
1889710 159
1889720 159
1889730 159
1889740 159
1889750 159
1889760 159
1889770 159
1889780 159
1889790 159
1889800 159
1889810 159
1889820 159
1889830 159
1889840 159
1889850 158
1889860 158
1889870 158
1889880 158
1889890 158
1889900 158
1889910 158
1889920 158
1889930 158
1889940 158
1889950 158
1889960 158
1889970 158
1889980 158
1889990 158
1890000 158
1890010 158
1890020 158
1890030 158
1890040 158
1890050 158
1890060 157
1890070 157
1890080 157
1890090 157
1890100 157
1890110 156
1890120 155
1890130 155
1890140 154
1890150 153
1890160 153
1890170 151
1890180 149
1890190 149
1890200 148
1890210 147
1890220 147
1890230 147
1890240 148
1890250 148
1890260 147
1890270 148
1890280 148
1890290 149
1890300 150
1890310 150
1890320 149
1890330 149
1890340 149
1890350 147
1890360 145
1890370 145
1890380 144
1890390 142
1890400 142
1890410 141
1890420 140
1890430 140
1890440 140
1890450 140
1890460 140
1890470 140
1890480 140
1890490 139
1890500 139
1890510 139
1890520 139
1890530 139
1890540 139
1890550 139
1890560 139
1890570 139
1890580 139
1890590 139
1890600 140
1890610 140
1890620 140
1890630 140
1890640 140
1890650 140
1890660 140
1890670 140
1890680 140
1890690 139
1890700 139
1890710 139
1890720 140
1890730 140
1890740 140
1890750 140
1890760 140
1890770 140
1890780 140
1890790 140
1890800 140
1890810 140
1890820 140
1890830 140
1890840 140
1890850 140
1890860 140
1890870 140
1890880 140
1890890 140
1890900 140
1890910 140
1890920 140
1890930 140
1890940 140
1890950 140
1890960 140
1890970 140
1890980 140
1890990 140
1891000 140
1891010 140
1891020 140
1891030 140
1891040 140
1891050 140
1891060 140
1891070 140
1891080 140
1891090 140
1891100 140
1891110 140
1891120 140
1891130 140
1891140 140
1891150 140
1891160 140
1891170 140
1891180 140
1891190 140
1891200 140
1891210 140
1891220 140
1891230 140
1891240 140
1891250 140
1891260 139
1891270 139
1891280 139
1891290 139
1891300 139
1891310 139
1891320 139
1891330 139
1891340 139
1891350 139
1891360 139
1891370 139
1891380 139
1891390 139
1891400 139
1891410 139
1891420 139
1891430 139
1891440 139
1891450 139
1891460 139
1891470 139
1891480 139
1891490 139
1891500 139
1891510 139
1891520 139
1891530 139
1891540 139
1891550 139
1891560 139
1891570 139
1891580 139
1891590 139
1891600 139
1891610 139
1891620 139
1891630 139
1891640 139
1891650 139
1891660 139
1891670 139
1891680 139
1891690 139
1891700 139
1891710 139
1891720 139
1891730 139
1891740 139
1891750 139
1891760 139
1891770 139
1891780 139
1891790 139
1891800 139
1891810 139
1891820 139
1891830 139
1891840 139
1891850 139
1891860 139
1891870 139
1891880 139
1891890 139
1891900 139
1891910 139
1891920 139
1891930 139
1891940 139
1891950 139
1891960 139
1891970 139
1891980 139
1891990 139
1892000 139
1892010 139
1892020 139
1892030 139
1892040 139
1892050 139
1892060 139
1892070 139
1892080 139
1892090 139
1892100 139
1892110 139
1892120 139
1892130 139
1892140 139
1892150 139
1892160 139
1892170 139
1892180 139
1892190 138
1892200 138
1892210 138
1892220 138
1892230 139
1892240 139
1892250 139
1892260 139
1892270 139
1892280 139
1892290 139
1892300 139
1892310 139
1892320 139
1892330 139
1892340 139
1892350 139
1892360 139
1892370 139
1892380 139
1892390 139
1892400 139
1892410 139
1892420 139
1892430 139
1892440 139
1892450 139
1892460 139
1892470 139
1892480 139
1892490 139
1892500 139
1892510 139
1892520 139
1892530 139
1892540 139
1892550 139
1892560 139
1892570 139
1892580 140
1892590 140
1892600 140
1892610 140
1892620 140
1892630 140
1892640 140
1892650 139
1892660 139
1892670 139
1892680 139
1892690 139
1892700 139
1892710 139
1892720 139
1892730 139
1892740 139
1892750 139
1892760 139
1892770 139
1892780 139
1892790 139
1892800 139
1892810 139
1892820 139
1892830 139
1892840 139
1892850 139
1892860 139
1892870 139
1892880 139
1892890 139
1892900 139
1892910 139
1892920 139
1892930 139
1892940 139
1892950 139
1892960 139
1892970 139
1892980 139
1892990 139
1893000 139
1893010 139
1893020 139
1893030 139
1893040 139
1893050 139
1893060 139
1893070 139
1893080 139
1893090 139
1893100 139
1893110 139
1893120 139
1893130 139
1893140 139
1893150 139
1893160 139
1893170 139
1893180 138
1893190 139
1893200 139
1893210 139
1893220 139
1893230 139
1893240 140
1893250 140
1893260 140
1893270 140
1893280 140
1893290 140
1893300 139
1893310 139
1893320 139
1893330 140
1893340 140
1893350 140
1893360 140
1893370 140
1893380 140
1893390 139
1893400 137
1893410 137
1893420 139
1893430 140
1893440 140
1893450 139
1893460 139
1893470 139
1893480 139
1893490 139
1893500 139
1893510 139
1893520 139
1893530 139
1893540 139
1893550 139
1893560 139
1893570 139
1893580 139
1893590 139
1893600 139
1893610 139
1893620 139
1893630 139
1893640 139
1893650 139
1893660 139
1893670 139
1893680 139
1893690 139
1893700 139
1893710 139
1893720 139
1893730 138
1893740 138
1893750 138
1893760 138
1893770 138
1893780 138
1893790 138
1893800 138
1893810 138
1893820 138
1893830 138
1893840 138
1893850 139
1893860 139
1893870 139
1893880 139
1893890 139
1893900 139
1893910 139
1893920 139
1893930 139
1893940 139
1893950 139
1893960 139
1893970 139
1893980 139
1893990 139
1894000 138
1894010 138
1894020 139
1894030 139
1894040 139
1894050 139
1894060 139
1894070 139
1894080 139
1894090 139
1894100 139
1894110 139
1894120 139
1894130 139
1894140 139
1894150 139
1894160 139
1894170 139
1894180 139
1894190 139
1894200 139
1894210 139
1894220 138
1894230 138
1894240 138
1894250 139
1894260 139
1894270 139
1894280 139
1894290 139
1894300 139
1894310 139
1894320 139
1894330 139
1894340 139
1894350 139
1894360 139
1894370 139
1894380 139
1894390 139
1894400 139
1894410 139
1894420 137
1894430 136
1894440 136
1894450 136
1894460 136
1894470 136
1894480 136
1894490 136
1894500 136
1894510 136
1894520 136
1894530 136
1894540 136
1894550 136
1894560 136
1894570 136
1894580 136
1894590 136
1894600 136
1894610 136
1894620 136
1894630 136
1894640 136
1894650 136
1894660 136
1894670 136
1894680 136
1894690 136
1894700 136
1894710 136
1894720 136
1894730 136
1894740 136
1894750 136
1894760 136
1894770 136
1894780 136
1894790 136
1894800 136
1894810 136
1894820 136
1894830 136
1894840 136
1894850 136
1894860 136
1894870 136
1894880 136
1894890 136
1894900 136
1894910 136
1894920 136
