1880000 142
1880010 142
1880020 142
1880030 142
1880040 142
1880050 142
1880060 142
1880070 142
1880080 142
1880090 142
1880100 142
1880110 142
1880120 143
1880130 143
1880140 143
1880150 142
1880160 142
1880170 142
1880180 143
1880190 142
1880200 142
1880210 143
1880220 143
1880230 143
1880240 143
1880250 143
1880260 143
1880270 142
1880280 142
1880290 142
1880300 142
1880310 141
1880320 141
1880330 142
1880340 142
1880350 142
1880360 142
1880370 142
1880380 142
1880390 142
1880400 142
1880410 142
1880420 142
1880430 142
1880440 142
1880450 142
1880460 142
1880470 142
1880480 142
1880490 142
1880500 142
1880510 142
1880520 142
1880530 142
1880540 143
1880550 142
1880560 142
1880570 142
1880580 142
1880590 142
1880600 142
1880610 142
1880620 142
1880630 142
1880640 142
1880650 142
1880660 142
1880670 142
1880680 142
1880690 142
1880700 142
1880710 142
1880720 142
1880730 142
1880740 142
1880750 143
1880760 143
1880770 143
1880780 143
1880790 143
1880800 143
1880810 143
1880820 143
1880830 143
1880840 142
1880850 142
1880860 142
1880870 141
1880880 142
1880890 142
1880900 144
1880910 145
1880920 145
1880930 145
1880940 143
1880950 143
1880960 142
1880970 142
1880980 142
1880990 142
1881000 142
1881010 142
1881020 142
1881030 142
1881040 142
1881050 143
1881060 143
1881070 143
1881080 145
1881090 145
1881100 145
1881110 143
1881120 142
1881130 142
1881140 142
1881150 142
1881160 142
1881170 142
1881180 142
1881190 142
1881200 142
1881210 142
1881220 142
1881230 142
1881240 142
1881250 142
1881260 141
1881270 142
1881280 142
1881290 142
1881300 141
1881310 141
1881320 141
1881330 141
1881340 141
1881350 142
1881360 142
1881370 142
1881380 141
1881390 142
1881400 142
1881410 142
1881420 142
1881430 142
1881440 142
1881450 142
1881460 142
1881470 142
1881480 142
1881490 142
1881500 143
1881510 143
1881520 143
1881530 142
1881540 142
1881550 142
1881560 142
1881570 142
1881580 142
1881590 142
1881600 142
1881610 142
1881620 142
1881630 142
1881640 142
1881650 142
1881660 142
1881670 142
1881680 142
1881690 142
1881700 142
1881710 142
1881720 142
1881730 142
1881740 142
1881750 142
1881760 142
1881770 142
1881780 142
1881790 142
1881800 142
1881810 142
1881820 142
1881830 142
1881840 142
1881850 142
1881860 141
1881870 140
1881880 140
1881890 141
1881900 142
1881910 142
1881920 142
1881930 142
1881940 142
1881950 142
1881960 142
1881970 142
1881980 142
1881990 142
1882000 142
1882010 142
1882020 142
1882030 142
1882040 142
1882050 142
1882060 142
1882070 141
1882080 141
1882090 141
1882100 141
1882110 140
1882120 140
1882130 141
1882140 141
1882150 141
1882160 141
1882170 141
1882180 141
1882190 141
1882200 141
1882210 141
1882220 141
1882230 141
1882240 141
1882250 141
1882260 141
1882270 139
1882280 139
1882290 138
1882300 139
1882310 139
1882320 142
1882330 142
1882340 142
1882350 142
1882360 142
1882370 142
1882380 142
1882390 142
1882400 142
1882410 142
1882420 142
1882430 142
1882440 141
1882450 141
1882460 141
1882470 141
1882480 141
1882490 141
1882500 141
1882510 141
1882520 141
1882530 141
1882540 141
1882550 141
1882560 141
1882570 141
1882580 141
1882590 141
1882600 141
1882610 141
1882620 141
1882630 141
1882640 141
1882650 141
1882660 141
1882670 141
1882680 141
1882690 141
1882700 141
1882710 141
1882720 141
1882730 141
1882740 141
1882750 141
1882760 141
1882770 141
1882780 141
1882790 141
1882800 141
1882810 141
1882820 141
1882830 141
1882840 141
1882850 141
1882860 141
1882870 141
1882880 141
1882890 141
1882900 141
1882910 141
1882920 140
1882930 142
1882940 142
1882950 142
1882960 142
1882970 142
1882980 142
1882990 142
1883000 142
1883010 142
1883020 142
1883030 142
1883040 142
1883050 142
1883060 142
1883070 142
1883080 142
1883090 142
1883100 142
1883110 142
1883120 142
1883130 142
1883140 142
1883150 142
1883160 142
1883170 142
1883180 142
1883190 142
1883200 142
1883210 142
1883220 141
1883230 142
1883240 142
1883250 142
1883260 141
1883270 141
1883280 141
1883290 141
1883300 141
1883310 141
1883320 142
1883330 142
1883340 142
1883350 142
1883360 142
1883370 142
1883380 141
1883390 141
1883400 141
1883410 141
1883420 141
1883430 141
1883440 141
1883450 141
1883460 141
1883470 141
1883480 141
1883490 141
1883500 141
1883510 141
1883520 141
1883530 141
1883540 141
1883550 142
1883560 141
1883570 141
1883580 141
1883590 141
1883600 141
1883610 141
1883620 141
1883630 141
1883640 141
1883650 141
1883660 141
1883670 141
1883680 141
1883690 141
1883700 141
1883710 141
1883720 141
1883730 141
1883740 141
1883750 141
1883760 141
1883770 142
1883780 142
1883790 142
1883800 142
1883810 142
1883820 142
1883830 142
1883840 142
1883850 141
1883860 142
1883870 142
1883880 142
1883890 142
1883900 142
1883910 142
1883920 142
1883930 142
1883940 142
1883950 141
1883960 141
1883970 141
1883980 141
1883990 141
1884000 141
1884010 142
1884020 142
1884030 142
1884040 142
1884050 142
1884060 142
1884070 142
1884080 142
1884090 142
1884100 142
1884110 142
1884120 142
1884130 142
1884140 142
1884150 142
1884160 142
1884170 142
1884180 142
1884190 142
1884200 142
1884210 142
1884220 142
1884230 142
1884240 142
1884250 142
1884260 142
1884270 142
1884280 142
1884290 142
1884300 142
1884310 141
1884320 141
1884330 140
1884340 139
1884350 139
1884360 138
1884370 137
1884380 137
1884390 137
1884400 137
1884410 137
1884420 137
1884430 137
1884440 137
1884450 137
1884460 137
1884470 137
1884480 138
1884490 139
1884500 139
1884510 139
1884520 139
1884530 139
1884540 140
1884550 139
1884560 139
1884570 138
1884580 138
1884590 138
1884600 140
1884610 141
1884620 141
1884630 141
1884640 140
1884650 140
1884660 140
1884670 140
1884680 140
1884690 140
1884700 140
1884710 140
1884720 140
1884730 140
1884740 140
1884750 140
1884760 139
1884770 139
1884780 139
1884790 138
1884800 138
1884810 138
1884820 138
1884830 138
1884840 137
1884850 137
1884860 137
1884870 137
1884880 137
1884890 137
1884900 137
1884910 137
1884920 137
1884930 137
1884940 137
1884950 137
1884960 137
1884970 137
1884980 137
1884990 137
1885000 137
1885010 137
1885020 137
1885030 137
1885040 137
1885050 137
1885060 137
1885070 137
1885080 137
1885090 137
1885100 137
1885110 137
1885120 138
1885130 138
1885140 139
1885150 140
1885160 140
1885170 141
1885180 142
1885190 142
1885200 143
1885210 143
1885220 143
1885230 143
1885240 143
1885250 143
1885260 142
1885270 142
1885280 142
1885290 142
1885300 142
1885310 142
1885320 141
1885330 141
1885340 141
1885350 141
1885360 141
1885370 141
1885380 141
1885390 141
1885400 141
1885410 140
1885420 140
1885430 140
1885440 140
1885450 140
1885460 140
1885470 140
1885480 140
1885490 140
1885500 140
1885510 140
1885520 140
1885530 140
1885540 140
1885550 140
1885560 141
1885570 141
1885580 141
1885590 141
1885600 141
1885610 141
1885620 141
1885630 141
1885640 141
1885650 141
1885660 141
1885670 141
1885680 141
1885690 141
1885700 141
1885710 141
1885720 141
1885730 141
1885740 141
1885750 141
1885760 141
1885770 141
1885780 141
1885790 141
1885800 141
1885810 141
1885820 141
1885830 141
1885840 141
1885850 141
1885860 141
1885870 141
1885880 141
1885890 142
1885900 141
1885910 141
1885920 142
1885930 142
1885940 142
1885950 142
1885960 141
1885970 141
1885980 141
1885990 142
1886000 142
1886010 142
1886020 142
1886030 142
1886040 139
1886050 138
1886060 138
1886070 137
1886080 136
1886090 136
1886100 136
1886110 136
1886120 136
1886130 136
1886140 136
1886150 136
1886160 136
1886170 136
1886180 136
1886190 136
1886200 136
1886210 136
1886220 136
1886230 136
1886240 136
1886250 136
1886260 136
1886270 136
1886280 136
1886290 136
1886300 136
1886310 136
1886320 136
1886330 136
1886340 136
1886350 136
1886360 136
1886370 136
1886380 136
1886390 136
1886400 136
1886410 136
1886420 136
1886430 136
1886440 136
1886450 136
1886460 136
1886470 137
1886480 139
1886490 139
1886500 142
1886510 148
1886520 148
1886530 159
1886540 167
1886550 167
1886560 172
1886570 174
1886580 174
1886590 175
1886600 176
1886610 176
1886620 176
1886630 177
1886640 177
1886650 178
1886660 179
1886670 179
1886680 180
1886690 180
1886700 180
1886710 181
1886720 182
1886730 182
1886740 183
1886750 186
1886760 186
1886770 189
1886780 190
1886790 190
1886800 191
1886810 192
1886820 192
1886830 193
1886840 194
1886850 194
1886860 197
1886870 203
1886880 203
1886890 210
1886900 218
1886910 218
1886920 224
1886930 231
1886940 231
1886950 237
1886960 243
1886970 243
1886980 249
1886990 256
1887000 256
1887010 262
1887020 270
1887030 270
1887040 278
1887050 287
1887060 287
1887070 295
1887080 302
1887090 302
1887100 302
1887110 302
1887120 302
1887130 301
1887140 303
1887150 303
1887160 305
1887170 308
1887180 308
1887190 311
1887200 312
1887210 312
1887220 313
1887230 315
1887240 315
1887250 316
1887260 317
1887270 317
1887280 319
1887290 320
1887300 320
1887310 321
1887320 322
1887330 322
1887340 323
1887350 324
1887360 324
1887370 325
1887380 325
1887390 325
1887400 326
1887410 327
1887420 327
1887430 328
1887440 328
1887450 328
1887460 329
1887470 330
1887480 330
1887490 331
1887500 331
1887510 331
1887520 332
1887530 333
1887540 332
1887550 333
1887560 334
1887570 334
1887580 335
1887590 336
1887600 336
1887610 337
1887620 338
1887630 338
1887640 338
1887650 339
1887660 339
1887670 338
1887680 336
1887690 336
1887700 335
1887710 335
1887720 335
1887730 335
1887740 336
1887750 336
1887760 336
1887770 336
1887780 336
1887790 336
1887800 336
1887810 336
1887820 336
1887830 336
1887840 336
1887850 335
1887860 330
1887870 330
1887880 328
1887890 326
1887900 326
1887910 325
1887920 324
1887930 324
1887940 320
1887950 316
1887960 316
1887970 313
1887980 309
1887990 309
1888000 306
1888010 303
1888020 303
1888030 301
1888040 296
1888050 296
1888060 291
1888070 290
1888080 290
1888090 284
1888100 283
1888110 283
1888120 279
1888130 275
1888140 275
1888150 271
1888160 268
1888170 268
1888180 263
1888190 259
1888200 259
1888210 256
1888220 252
1888230 252
1888240 249
1888250 246
1888260 246
1888270 243
1888280 239
1888290 239
1888300 236
1888310 233
1888320 233
1888330 229
1888340 227
1888350 227
1888360 223
1888370 221
1888380 221
1888390 220
1888400 218
1888410 218
1888420 217
1888430 214
1888440 214
1888450 212
1888460 212
1888470 212
1888480 211
1888490 210
1888500 209
1888510 208
1888520 208
1888530 208
1888540 206
1888550 204
1888560 204
1888570 203
1888580 201
1888590 201
1888600 199
1888610 197
1888620 197
1888630 195
1888640 192
1888650 192
1888660 190
1888670 187
1888680 187
1888690 185
1888700 183
1888710 183
1888720 181
1888730 177
1888740 177
1888750 174
1888760 172
1888770 172
1888780 172
1888790 171
1888800 171
1888810 170
1888820 168
1888830 168
1888840 165
1888850 164
1888860 164
1888870 163
1888880 162
1888890 162
1888900 161
1888910 159
1888920 159
1888930 156
1888940 154
1888950 154
1888960 153
1888970 152
1888980 152
1888990 152
1889000 151
1889010 151
1889020 151
1889030 150
1889040 150
1889050 149
1889060 148
1889070 148
1889080 148
1889090 147
1889100 147
1889110 147
1889120 147
1889130 147
1889140 146
1889150 146
1889160 146
1889170 146
1889180 146
1889190 146
1889200 145
1889210 144
1889220 144
1889230 144
1889240 144
1889250 144
1889260 144
1889270 143
1889280 143
1889290 143
1889300 142
1889310 142
1889320 142
1889330 142
1889340 142
1889350 142
1889360 142
1889370 142
1889380 141
1889390 141
1889400 141
1889410 141
1889420 141
1889430 141
1889440 141
1889450 141
1889460 141
1889470 141
1889480 142
1889490 142
1889500 142
1889510 142
1889520 142
1889530 142
1889540 142
1889550 142
1889560 143
1889570 143
1889580 143
1889590 143
1889600 142
1889610 142
1889620 142
1889630 142
1889640 142
1889650 142
1889660 142
1889670 142
1889680 142
1889690 142
1889700 142
1889710 142
1889720 141
1889730 141
1889740 140
1889750 140
1889760 140
1889770 140
1889780 140
1889790 140
1889800 140
1889810 140
1889820 140
1889830 140
1889840 140
1889850 140
1889860 140
1889870 140
1889880 140
1889890 140
1889900 140
1889910 140
1889920 140
1889930 140
1889940 140
1889950 140
1889960 140
1889970 140
1889980 140
1889990 140
1890000 140
1890010 140
1890020 140
1890030 140
1890040 140
1890050 140
1890060 140
1890070 140
1890080 140
1890090 140
1890100 140
1890110 140
1890120 140
1890130 140
1890140 140
1890150 140
1890160 140
1890170 140
1890180 140
1890190 140
1890200 140
1890210 140
1890220 140
1890230 140
1890240 140
1890250 140
1890260 140
1890270 140
1890280 140
1890290 140
1890300 140
1890310 140
1890320 140
1890330 140
1890340 140
1890350 140
1890360 140
1890370 140
1890380 140
1890390 140
1890400 140
1890410 140
1890420 140
1890430 140
1890440 140
1890450 140
1890460 140
1890470 140
1890480 140
1890490 140
1890500 140
1890510 140
1890520 140
1890530 140
1890540 140
1890550 140
1890560 140
1890570 140
1890580 140
1890590 140
1890600 140
1890610 140
1890620 140
1890630 140
1890640 140
1890650 140
1890660 140
1890670 140
1890680 140
1890690 140
1890700 140
1890710 140
1890720 140
1890730 140
1890740 139
1890750 139
1890760 139
1890770 139
1890780 139
1890790 139
1890800 139
1890810 140
1890820 140
1890830 140
1890840 140
1890850 140
1890860 140
1890870 140
1890880 140
1890890 140
1890900 140
1890910 140
1890920 140
1890930 140
1890940 140
1890950 140
1890960 140
1890970 140
1890980 140
1890990 140
1891000 140
1891010 140
1891020 140
1891030 140
1891040 140
1891050 140
1891060 140
1891070 140
1891080 140
1891090 140
1891100 140
1891110 140
1891120 140
1891130 140
1891140 140
1891150 140
1891160 140
1891170 140
1891180 140
1891190 140
1891200 140
1891210 140
1891220 140
1891230 140
1891240 140
1891250 140
1891260 140
1891270 140
1891280 140
1891290 140
1891300 140
1891310 140
1891320 140
1891330 140
1891340 140
1891350 140
1891360 140
1891370 140
1891380 140
1891390 140
1891400 140
1891410 140
1891420 140
1891430 140
1891440 140
1891450 140
1891460 140
1891470 140
1891480 140
1891490 140
1891500 140
1891510 140
1891520 140
1891530 140
1891540 140
1891550 140
1891560 140
1891570 140
1891580 140
1891590 140
1891600 140
1891610 140
1891620 140
1891630 140
1891640 140
1891650 140
1891660 140
1891670 140
1891680 140
1891690 140
1891700 140
1891710 140
1891720 140
1891730 140
1891740 140
1891750 140
1891760 140
1891770 140
1891780 140
1891790 140
1891800 140
1891810 140
1891820 140
1891830 140
1891840 140
1891850 140
1891860 140
1891870 140
1891880 140
1891890 140
1891900 140
1891910 140
1891920 140
1891930 140
1891940 138
1891950 137
1891960 137
1891970 136
1891980 135
1891990 135
1892000 135
1892010 139
1892020 139
1892030 139
1892040 139
1892050 139
1892060 139
1892070 139
1892080 139
1892090 139
1892100 138
1892110 138
1892120 138
1892130 138
1892140 138
1892150 138
1892160 138
1892170 138
1892180 138
1892190 138
1892200 138
1892210 138
1892220 138
1892230 138
1892240 138
1892250 138
1892260 138
1892270 138
1892280 138
1892290 138
1892300 139
1892310 139
1892320 139
1892330 139
1892340 139
1892350 139
1892360 138
1892370 138
1892380 138
1892390 139
1892400 139
1892410 139
1892420 139
1892430 138
1892440 138
1892450 138
1892460 138
1892470 138
1892480 138
1892490 138
1892500 138
1892510 138
1892520 138
1892530 138
1892540 138
1892550 138
1892560 138
1892570 138
1892580 138
1892590 138
1892600 138
1892610 138
1892620 138
1892630 138
1892640 138
1892650 138
1892660 138
1892670 138
1892680 138
1892690 138
1892700 138
1892710 138
1892720 138
1892730 138
1892740 138
1892750 138
1892760 138
1892770 138
1892780 138
1892790 138
1892800 138
1892810 139
1892820 139
1892830 139
1892840 139
1892850 139
1892860 139
1892870 139
1892880 139
1892890 139
1892900 139
1892910 139
1892920 139
1892930 140
1892940 140
1892950 140
1892960 140
1892970 139
1892980 139
1892990 139
1893000 138
1893010 138
1893020 137
1893030 136
1893040 136
1893050 135
1893060 134
1893070 134
1893080 134
1893090 134
1893100 134
1893110 134
1893120 134
1893130 134
1893140 134
1893150 134
1893160 134
1893170 134
1893180 134
1893190 134
1893200 134
1893210 134
1893220 134
1893230 134
1893240 134
1893250 134
1893260 134
1893270 134
1893280 134
1893290 134
1893300 134
1893310 134
1893320 134
1893330 134
1893340 134
1893350 134
1893360 134
1893370 134
1893380 134
1893390 134
1893400 134
1893410 134
1893420 134
1893430 134
1893440 134
1893450 134
1893460 134
1893470 134
1893480 134
1893490 134
1893500 134
1893510 134
1893520 134
1893530 134
1893540 134
1893550 134
1893560 134
1893570 134
1893580 134
1893590 134
1893600 134
1893610 134
1893620 134
1893630 134
1893640 134
1893650 134
1893660 134
1893670 134
1893680 134
1893690 134
1893700 134
1893710 134
1893720 134
1893730 134
1893740 134
1893750 134
1893760 134
1893770 134
1893780 134
1893790 134
1893800 134
1893810 134
1893820 134
1893830 134
1893840 134
1893850 134
1893860 134
1893870 134
1893880 134
1893890 134
1893900 134
1893910 134
1893920 136
1893930 137
1893940 137
1880000 142
1880010 142
1880020 142
1880030 142
1880040 142
1880050 142
1880060 142
1880070 142
1880080 142
1880090 142
1880100 142
1880110 142
1880120 143
1880130 143
1880140 143
1880150 142
1880160 142
1880170 142
1880180 143
1880190 142
1880200 142
1880210 143
1880220 143
1880230 143
1880240 143
1880250 143
1880260 143
1880270 142
1880280 142
1880290 142
1880300 142
1880310 141
1880320 141
1880330 142
1880340 142
1880350 142
1880360 142
1880370 142
1880380 142
1880390 142
1880400 142
1880410 142
1880420 142
1880430 142
1880440 142
1880450 142
1880460 142
1880470 142
1880480 142
1880490 142
1880500 142
1880510 142
1880520 142
1880530 142
1880540 143
1880550 142
1880560 142
1880570 142
1880580 142
1880590 142
1880600 142
1880610 142
1880620 142
1880630 142
1880640 142
1880650 142
1880660 142
1880670 142
1880680 142
1880690 142
1880700 142
1880710 142
1880720 142
1880730 142
1880740 142
1880750 143
1880760 143
1880770 143
1880780 143
1880790 143
1880800 143
1880810 143
1880820 143
1880830 143
1880840 142
1880850 142
1880860 142
1880870 141
1880880 142
1880890 142
1880900 144
1880910 145
1880920 145
1880930 145
1880940 143
1880950 143
1880960 142
1880970 142
1880980 142
1880990 142
1881000 142
1881010 142
1881020 142
1881030 142
1881040 142
1881050 143
1881060 143
1881070 143
1881080 145
1881090 145
1881100 145
1881110 143
1881120 142
1881130 142
1881140 142
1881150 142
1881160 142
1881170 142
1881180 142
1881190 142
1881200 142
1881210 142
1881220 142
1881230 142
1881240 142
1881250 142
1881260 141
1881270 142
1881280 142
1881290 142
1881300 141
1881310 141
1881320 141
1881330 141
1881340 141
1881350 142
1881360 142
1881370 142
1881380 141
1881390 142
1881400 142
1881410 142
1881420 142
1881430 142
1881440 142
1881450 142
1881460 142
1881470 142
1881480 142
1881490 142
1881500 143
1881510 143
1881520 143
1881530 142
1881540 142
1881550 142
1881560 142
1881570 142
1881580 142
1881590 142
1881600 142
1881610 142
1881620 142
1881630 142
1881640 142
1881650 142
1881660 142
1881670 142
1881680 142
1881690 142
1881700 142
1881710 142
1881720 142
1881730 142
1881740 142
1881750 142
1881760 142
1881770 142
1881780 142
1881790 142
1881800 142
1881810 142
1881820 142
1881830 142
1881840 142
1881850 142
1881860 141
1881870 140
1881880 140
1881890 141
1881900 142
1881910 142
1881920 142
1881930 142
1881940 142
1881950 142
1881960 142
1881970 142
1881980 142
1881990 142
1882000 142
1882010 142
1882020 142
1882030 142
1882040 142
1882050 142
1882060 142
1882070 141
1882080 141
1882090 141
1882100 141
1882110 140
1882120 140
1882130 141
1882140 141
1882150 141
1882160 141
1882170 141
1882180 141
1882190 141
1882200 141
1882210 141
1882220 141
1882230 141
1882240 141
1882250 141
1882260 141
1882270 139
1882280 139
1882290 138
1882300 139
1882310 139
1882320 142
1882330 142
1882340 142
1882350 142
1882360 142
1882370 142
1882380 142
1882390 142
1882400 142
1882410 142
1882420 142
1882430 142
1882440 141
1882450 141
1882460 141
1882470 141
1882480 141
1882490 141
1882500 141
1882510 141
1882520 141
1882530 141
1882540 141
1882550 141
1882560 141
1882570 141
1882580 141
1882590 141
1882600 141
1882610 141
1882620 141
1882630 141
1882640 141
1882650 141
1882660 141
1882670 141
1882680 141
1882690 141
1882700 141
1882710 141
1882720 141
1882730 141
1882740 141
1882750 141
1882760 141
1882770 141
1882780 141
1882790 141
1882800 141
1882810 141
1882820 141
1882830 141
1882840 141
1882850 141
1882860 141
1882870 141
1882880 141
1882890 141
1882900 141
1882910 141
1882920 140
1882930 142
1882940 142
1882950 142
1882960 142
1882970 142
1882980 142
1882990 142
1883000 142
1883010 142
1883020 142
1883030 142
1883040 142
1883050 142
1883060 142
1883070 142
1883080 142
1883090 142
1883100 142
1883110 142
1883120 142
1883130 142
1883140 142
1883150 142
1883160 142
1883170 142
1883180 142
1883190 142
1883200 142
1883210 142
1883220 141
1883230 142
1883240 142
1883250 142
1883260 141
1883270 141
1883280 141
1883290 141
1883300 141
1883310 141
1883320 142
1883330 142
1883340 142
1883350 142
1883360 142
1883370 142
1883380 141
1883390 141
1883400 141
1883410 141
1883420 141
1883430 141
1883440 141
1883450 141
1883460 141
1883470 141
1883480 141
1883490 141
1883500 141
1883510 141
1883520 141
1883530 141
1883540 141
1883550 142
1883560 141
1883570 141
1883580 141
1883590 141
1883600 141
1883610 141
1883620 141
1883630 141
1883640 141
1883650 141
1883660 141
1883670 141
1883680 141
1883690 141
1883700 141
1883710 141
1883720 141
1883730 141
1883740 141
1883750 141
1883760 141
1883770 142
1883780 142
1883790 142
1883800 142
1883810 142
1883820 142
1883830 142
1883840 142
1883850 141
1883860 142
1883870 142
1883880 142
1883890 142
1883900 142
1883910 142
1883920 142
1883930 142
1883940 142
1883950 141
1883960 141
1883970 141
1883980 141
1883990 141
1884000 141
1884010 142
1884020 142
1884030 142
1884040 142
1884050 142
1884060 142
1884070 142
1884080 142
1884090 142
1884100 142
1884110 142
1884120 142
1884130 142
1884140 142
1884150 142
1884160 142
1884170 142
1884180 142
1884190 142
1884200 142
1884210 142
1884220 142
1884230 142
1884240 142
1884250 142
1884260 142
1884270 142
1884280 142
1884290 142
1884300 142
1884310 141
1884320 141
1884330 140
1884340 139
1884350 139
1884360 138
1884370 137
1884380 137
1884390 137
1884400 137
1884410 137
1884420 137
1884430 137
1884440 137
1884450 137
1884460 137
1884470 137
1884480 138
1884490 139
1884500 139
1884510 139
1884520 139
1884530 139
1884540 140
1884550 139
1884560 139
1884570 138
1884580 138
1884590 138
1884600 140
1884610 141
1884620 141
1884630 141
1884640 140
1884650 140
1884660 140
1884670 140
1884680 140
1884690 140
1884700 140
1884710 140
1884720 140
1884730 140
1884740 140
1884750 140
1884760 139
1884770 139
1884780 139
1884790 138
1884800 138
1884810 138
1884820 138
1884830 138
1884840 137
1884850 137
1884860 137
1884870 137
1884880 137
1884890 137
1884900 137
1884910 137
1884920 137
1884930 137
1884940 137
1884950 137
1884960 137
1884970 137
1884980 137
1884990 137
1885000 137
1885010 137
1885020 137
1885030 137
1885040 137
1885050 137
1885060 137
1885070 137
1885080 137
1885090 137
1885100 137
1885110 137
1885120 138
1885130 138
1885140 139
1885150 140
1885160 140
1885170 141
1885180 142
1885190 142
1885200 143
1885210 143
1885220 143
1885230 143
1885240 143
1885250 143
1885260 142
1885270 142
1885280 142
1885290 142
1885300 142
1885310 142
1885320 141
1885330 141
1885340 141
1885350 141
1885360 141
1885370 141
1885380 141
1885390 141
1885400 141
1885410 140
1885420 140
1885430 140
1885440 140
1885450 140
1885460 140
1885470 140
1885480 140
1885490 140
1885500 140
1885510 140
1885520 140
1885530 140
1885540 140
1885550 140
1885560 141
1885570 141
1885580 141
1885590 141
1885600 141
1885610 141
1885620 141
1885630 141
1885640 141
1885650 141
1885660 141
1885670 141
1885680 141
1885690 141
1885700 141
1885710 141
1885720 141
1885730 141
1885740 141
1885750 141
1885760 141
1885770 141
1885780 141
1885790 141
1885800 141
1885810 141
1885820 141
1885830 141
1885840 141
1885850 141
1885860 141
1885870 141
1885880 141
1885890 142
1885900 141
1885910 141
1885920 142
1885930 142
1885940 142
1885950 142
1885960 141
1885970 141
1885980 141
1885990 142
1886000 142
1886010 142
1886020 142
1886030 142
1886040 139
1886050 138
1886060 138
1886070 137
1886080 136
1886090 136
1886100 136
1886110 136
1886120 136
1886130 136
1886140 136
1886150 136
1886160 136
1886170 136
1886180 136
1886190 136
1886200 136
1886210 136
1886220 136
1886230 136
1886240 136
1886250 136
1886260 136
1886270 136
1886280 136
1886290 136
1886300 136
1886310 136
1886320 136
1886330 136
1886340 136
1886350 136
1886360 136
1886370 136
1886380 136
1886390 136
1886400 136
1886410 136
1886420 136
1886430 136
1886440 136
1886450 136
1886460 136
1886470 137
1886480 139
1886490 139
1886500 142
1886510 148
1886520 148
1886530 159
1886540 167
1886550 167
1886560 172
1886570 174
1886580 174
1886590 175
1886600 176
1886610 176
1886620 176
1886630 177
1886640 177
1886650 178
1886660 179
1886670 179
1886680 180
1886690 180
1886700 180
1886710 181
1886720 182
1886730 182
1886740 183
1886750 186
1886760 186
1886770 189
1886780 190
1886790 190
1886800 191
1886810 192
1886820 192
1886830 193
1886840 194
1886850 194
1886860 197
1886870 203
1886880 203
1886890 210
1886900 218
1886910 218
1886920 224
1886930 231
1886940 231
1886950 237
1886960 243
1886970 243
1886980 249
1886990 256
1887000 256
1887010 262
1887020 270
1887030 270
1887040 278
1887050 287
1887060 287
1887070 295
1887080 302
1887090 302
1887100 302
1887110 302
1887120 302
1887130 301
1887140 303
1887150 303
1887160 305
1887170 308
1887180 308
1887190 311
1887200 312
1887210 312
1887220 313
1887230 315
1887240 315
1887250 316
1887260 317
1887270 317
1887280 319
1887290 320
1887300 320
1887310 321
1887320 322
1887330 322
1887340 323
1887350 324
1887360 324
1887370 325
1887380 325
1887390 325
1887400 326
1887410 327
1887420 327
1887430 328
1887440 328
1887450 328
1887460 329
1887470 330
1887480 330
1887490 331
1887500 331
1887510 331
1887520 332
1887530 333
1887540 332
1887550 333
1887560 334
1887570 334
1887580 335
1887590 336
1887600 336
1887610 337
1887620 338
1887630 338
1887640 338
1887650 339
1887660 339
1887670 338
1887680 336
1887690 336
1887700 335
1887710 335
1887720 335
1887730 335
1887740 336
1887750 336
1887760 336
1887770 336
1887780 336
1887790 336
1887800 336
1887810 336
1887820 336
1887830 336
1887840 336
1887850 335
1887860 330
1887870 330
1887880 328
1887890 326
1887900 326
1887910 325
1887920 324
1887930 324
1887940 320
1887950 316
1887960 316
1887970 313
1887980 309
1887990 309
1888000 306
1888010 303
1888020 303
1888030 301
1888040 296
1888050 296
1888060 291
1888070 290
1888080 290
1888090 284
1888100 283
1888110 283
1888120 279
1888130 275
1888140 275
1888150 271
1888160 268
1888170 268
1888180 263
1888190 259
1888200 259
1888210 256
1888220 252
1888230 252
1888240 249
1888250 246
1888260 246
1888270 243
1888280 239
1888290 239
1888300 236
1888310 233
1888320 233
1888330 229
1888340 227
1888350 227
1888360 223
1888370 221
1888380 221
1888390 220
1888400 218
1888410 218
1888420 217
1888430 214
1888440 214
1888450 212
1888460 212
1888470 212
1888480 211
1888490 210
1888500 209
1888510 208
1888520 208
1888530 208
1888540 206
1888550 204
1888560 204
1888570 203
1888580 201
1888590 201
1888600 199
1888610 197
1888620 197
1888630 195
1888640 192
1888650 192
1888660 190
1888670 187
1888680 187
1888690 185
1888700 183
1888710 183
1888720 181
1888730 177
1888740 177
1888750 174
1888760 172
1888770 172
1888780 172
1888790 171
1888800 171
1888810 170
1888820 168
1888830 168
1888840 165
1888850 164
1888860 164
1888870 163
1888880 162
1888890 162
1888900 161
1888910 159
1888920 159
1888930 156
1888940 154
1888950 154
1888960 153
1888970 152
1888980 152
1888990 152
1889000 151
1889010 151
1889020 151
1889030 150
1889040 150
1889050 149
1889060 148
1889070 148
1889080 148
1889090 147
1889100 147
1889110 147
1889120 147
1889130 147
1889140 146
1889150 146
1889160 146
1889170 146
1889180 146
1889190 146
1889200 145
1889210 144
1889220 144
1889230 144
1889240 144
1889250 144
1889260 144
1889270 143
1889280 143
1889290 143
1889300 142
1889310 142
1889320 142
1889330 142
1889340 142
1889350 142
1889360 142
1889370 142
1889380 141
1889390 141
1889400 141
1889410 141
1889420 141
1889430 141
1889440 141
1889450 141
1889460 141
1889470 141
1889480 142
1889490 142
1889500 142
1889510 142
1889520 142
1889530 142
1889540 142
1889550 142
1889560 143
1889570 143
1889580 143
1889590 143
1889600 142
1889610 142
1889620 142
1889630 142
1889640 142
1889650 142
1889660 142
1889670 142
1889680 142
1889690 142
1889700 142
1889710 142
1889720 141
1889730 141
1889740 140
1889750 140
1889760 140
1889770 140
1889780 140
1889790 140
1889800 140
1889810 140
1889820 140
1889830 140
1889840 140
1889850 140
1889860 140
1889870 140
1889880 140
1889890 140
1889900 140
1889910 140
1889920 140
1889930 140
1889940 140
1889950 140
1889960 140
1889970 140
1889980 140
1889990 140
1890000 140
1890010 140
1890020 140
1890030 140
1890040 140
1890050 140
1890060 140
1890070 140
1890080 140
1890090 140
1890100 140
1890110 140
1890120 140
1890130 140
1890140 140
1890150 140
1890160 140
1890170 140
1890180 140
1890190 140
1890200 140
1890210 140
1890220 140
1890230 140
1890240 140
1890250 140
1890260 140
1890270 140
1890280 140
1890290 140
1890300 140
1890310 140
1890320 140
1890330 140
1890340 140
1890350 140
1890360 140
1890370 140
1890380 140
1890390 140
1890400 140
1890410 140
1890420 140
1890430 140
1890440 140
1890450 140
1890460 140
1890470 140
1890480 140
1890490 140
1890500 140
1890510 140
1890520 140
1890530 140
1890540 140
1890550 140
1890560 140
1890570 140
1890580 140
1890590 140
1890600 140
1890610 140
1890620 140
1890630 140
1890640 140
1890650 140
1890660 140
1890670 140
1890680 140
1890690 140
1890700 140
1890710 140
1890720 140
1890730 140
1890740 139
1890750 139
1890760 139
1890770 139
1890780 139
1890790 139
1890800 139
1890810 140
1890820 140
1890830 140
1890840 140
1890850 140
1890860 140
1890870 140
1890880 140
1890890 140
1890900 140
1890910 140
1890920 140
1890930 140
1890940 140
1890950 140
1890960 140
1890970 140
1890980 140
1890990 140
1891000 140
1891010 140
1891020 140
1891030 140
1891040 140
1891050 140
1891060 140
1891070 140
1891080 140
1891090 140
1891100 140
1891110 140
1891120 140
1891130 140
1891140 140
1891150 140
1891160 140
1891170 140
1891180 140
1891190 140
1891200 140
1891210 140
1891220 140
1891230 140
1891240 140
1891250 140
1891260 140
1891270 140
1891280 140
1891290 140
1891300 140
1891310 140
1891320 140
1891330 140
1891340 140
1891350 140
1891360 140
1891370 140
1891380 140
1891390 140
1891400 140
1891410 140
1891420 140
1891430 140
1891440 140
1891450 140
1891460 140
1891470 140
1891480 140
1891490 140
1891500 140
1891510 140
1891520 140
1891530 140
1891540 140
1891550 140
1891560 140
1891570 140
1891580 140
1891590 140
1891600 140
1891610 140
1891620 140
1891630 140
1891640 140
1891650 140
1891660 140
1891670 140
1891680 140
1891690 140
1891700 140
1891710 140
1891720 140
1891730 140
1891740 140
1891750 140
1891760 140
1891770 140
1891780 140
1891790 140
1891800 140
1891810 140
1891820 140
1891830 140
1891840 140
1891850 140
1891860 140
1891870 140
1891880 140
1891890 140
1891900 140
1891910 140
1891920 140
1891930 140
1891940 138
1891950 137
1891960 137
1891970 136
1891980 135
1891990 135
1892000 135
1892010 139
1892020 139
1892030 139
1892040 139
1892050 139
1892060 139
1892070 139
1892080 139
1892090 139
1892100 138
1892110 138
1892120 138
1892130 138
1892140 138
1892150 138
1892160 138
1892170 138
1892180 138
1892190 138
1892200 138
1892210 138
1892220 138
1892230 138
1892240 138
1892250 138
1892260 138
1892270 138
1892280 138
1892290 138
1892300 139
1892310 139
1892320 139
1892330 139
1892340 139
1892350 139
1892360 138
1892370 138
1892380 138
1892390 139
1892400 139
1892410 139
1892420 139
1892430 138
1892440 138
1892450 138
1892460 138
1892470 138
1892480 138
1892490 138
1892500 138
1892510 138
1892520 138
1892530 138
1892540 138
1892550 138
1892560 138
1892570 138
1892580 138
1892590 138
1892600 138
1892610 138
1892620 138
1892630 138
1892640 138
1892650 138
1892660 138
1892670 138
1892680 138
1892690 138
1892700 138
1892710 138
1892720 138
1892730 138
1892740 138
1892750 138
1892760 138
1892770 138
1892780 138
1892790 138
1892800 138
1892810 139
1892820 139
1892830 139
1892840 139
1892850 139
1892860 139
1892870 139
1892880 139
1892890 139
1892900 139
1892910 139
1892920 139
1892930 140
1892940 140
1892950 140
1892960 140
1892970 139
1892980 139
1892990 139
1893000 138
1893010 138
1893020 137
1893030 136
1893040 136
1893050 135
1893060 134
1893070 134
1893080 134
1893090 134
1893100 134
1893110 134
1893120 134
1893130 134
1893140 134
1893150 134
1893160 134
1893170 134
1893180 134
1893190 134
1893200 134
1893210 134
1893220 134
1893230 134
1893240 134
1893250 134
1893260 134
1893270 134
1893280 134
1893290 134
1893300 134
1893310 134
1893320 134
1893330 134
1893340 134
1893350 134
1893360 134
1893370 134
1893380 134
1893390 134
1893400 134
1893410 134
1893420 134
1893430 134
1893440 134
1893450 134
1893460 134
1893470 134
1893480 134
1893490 134
1893500 134
1893510 134
1893520 134
1893530 134
1893540 134
1893550 134
1893560 134
1893570 134
1893580 134
1893590 134
1893600 134
1893610 134
1893620 134
1893630 134
1893640 134
1893650 134
1893660 134
1893670 134
1893680 134
1893690 134
1893700 134
1893710 134
1893720 134
1893730 134
1893740 134
1893750 134
1893760 134
1893770 134
1893780 134
1893790 134
1893800 134
1893810 134
1893820 134
1893830 134
1893840 134
1893850 134
1893860 134
1893870 134
1893880 134
1893890 134
1893900 134
1893910 134
1893920 136
1893930 137
1893940 137
