1880000 142
1880010 143
1880020 143
1880030 143
1880040 142
1880050 142
1880060 142
1880070 142
1880080 142
1880090 143
1880100 143
1880110 143
1880120 142
1880130 142
1880140 142
1880150 142
1880160 142
1880170 142
1880180 142
1880190 142
1880200 142
1880210 142
1880220 142
1880230 142
1880240 141
1880250 141
1880260 141
1880270 142
1880280 142
1880290 142
1880300 143
1880310 143
1880320 143
1880330 143
1880340 142
1880350 142
1880360 142
1880370 142
1880380 142
1880390 142
1880400 142
1880410 142
1880420 143
1880430 142
1880440 142
1880450 142
1880460 143
1880470 143
1880480 144
1880490 145
1880500 145
1880510 144
1880520 142
1880530 142
1880540 142
1880550 142
1880560 142
1880570 142
1880580 142
1880590 142
1880600 142
1880610 143
1880620 143
1880630 144
1880640 146
1880650 146
1880660 144
1880670 143
1880680 143
1880690 143
1880700 143
1880710 143
1880720 142
1880730 143
1880740 143
1880750 142
1880760 143
1880770 143
1880780 143
1880790 143
1880800 143
1880810 142
1880820 142
1880830 142
1880840 142
1880850 142
1880860 142
1880870 142
1880880 142
1880890 142
1880900 142
1880910 142
1880920 142
1880930 142
1880940 142
1880950 142
1880960 142
1880970 142
1880980 142
1880990 142
1881000 142
1881010 142
1881020 142
1881030 143
1881040 143
1881050 143
1881060 143
1881070 143
1881080 143
1881090 143
1881100 143
1881110 143
1881120 143
1881130 143
1881140 143
1881150 143
1881160 143
1881170 143
1881180 143
1881190 142
1881200 142
1881210 142
1881220 142
1881230 142
1881240 142
1881250 142
1881260 142
1881270 142
1881280 143
1881290 143
1881300 143
1881310 143
1881320 143
1881330 143
1881340 143
1881350 143
1881360 142
1881370 142
1881380 142
1881390 143
1881400 143
1881410 143
1881420 142
1881430 142
1881440 142
1881450 143
1881460 143
1881470 143
1881480 142
1881490 142
1881500 142
1881510 143
1881520 143
1881530 143
1881540 143
1881550 142
1881560 142
1881570 143
1881580 143
1881590 143
1881600 143
1881610 143
1881620 143
1881630 143
1881640 143
1881650 143
1881660 143
1881670 143
1881680 143
1881690 143
1881700 143
1881710 143
1881720 143
1881730 143
1881740 143
1881750 142
1881760 142
1881770 142
1881780 142
1881790 142
1881800 142
1881810 143
1881820 142
1881830 142
1881840 142
1881850 142
1881860 142
1881870 142
1881880 142
1881890 142
1881900 142
1881910 142
1881920 142
1881930 142
1881940 141
1881950 141
1881960 142
1881970 141
1881980 141
1881990 141
1882000 141
1882010 141
1882020 141
1882030 141
1882040 141
1882050 142
1882060 142
1882070 142
1882080 142
1882090 141
1882100 141
1882110 142
1882120 142
1882130 142
1882140 142
1882150 142
1882160 142
1882170 142
1882180 141
1882190 141
1882200 142
1882210 142
1882220 142
1882230 142
1882240 142
1882250 142
1882260 141
1882270 140
1882280 140
1882290 140
1882300 140
1882310 140
1882320 142
1882330 142
1882340 142
1882350 141
1882360 142
1882370 142
1882380 142
1882390 142
1882400 142
1882410 142
1882420 142
1882430 142
1882440 142
1882450 142
1882460 142
1882470 142
1882480 142
1882490 142
1882500 142
1882510 142
1882520 142
1882530 142
1882540 142
1882550 142
1882560 142
1882570 142
1882580 142
1882590 142
1882600 142
1882610 142
1882620 142
1882630 142
1882640 142
1882650 142
1882660 142
1882670 142
1882680 142
1882690 142
1882700 142
1882710 142
1882720 142
1882730 142
1882740 142
1882750 142
1882760 142
1882770 142
1882780 143
1882790 143
1882800 143
1882810 143
1882820 143
1882830 142
1882840 142
1882850 142
1882860 142
1882870 142
1882880 142
1882890 142
1882900 142
1882910 142
1882920 142
1882930 142
1882940 142
1882950 142
1882960 142
1882970 142
1882980 142
1882990 142
1883000 142
1883010 142
1883020 142
1883030 142
1883040 142
1883050 142
1883060 142
1883070 142
1883080 142
1883090 142
1883100 142
1883110 142
1883120 142
1883130 142
1883140 142
1883150 142
1883160 142
1883170 142
1883180 142
1883190 142
1883200 141
1883210 141
1883220 141
1883230 141
1883240 141
1883250 141
1883260 141
1883270 141
1883280 141
1883290 142
1883300 142
1883310 142
1883320 142
1883330 141
1883340 141
1883350 141
1883360 141
1883370 141
1883380 141
1883390 141
1883400 141
1883410 141
1883420 141
1883430 141
1883440 142
1883450 142
1883460 142
1883470 142
1883480 142
1883490 142
1883500 141
1883510 141
1883520 141
1883530 141
1883540 141
1883550 141
1883560 141
1883570 141
1883580 141
1883590 141
1883600 141
1883610 141
1883620 141
1883630 141
1883640 141
1883650 141
1883660 141
1883670 141
1883680 141
1883690 141
1883700 141
1883710 142
1883720 142
1883730 142
1883740 142
1883750 142
1883760 142
1883770 142
1883780 142
1883790 142
1883800 142
1883810 142
1883820 142
1883830 142
1883840 142
1883850 142
1883860 142
1883870 142
1883880 142
1883890 142
1883900 142
1883910 142
1883920 142
1883930 142
1883940 141
1883950 141
1883960 141
1883970 140
1883980 140
1883990 140
1884000 140
1884010 140
1884020 140
1884030 140
1884040 140
1884050 140
1884060 141
1884070 142
1884080 142
1884090 143
1884100 143
1884110 143
1884120 143
1884130 142
1884140 142
1884150 142
1884160 141
1884170 141
1884180 141
1884190 141
1884200 141
1884210 141
1884220 141
1884230 141
1884240 141
1884250 141
1884260 141
1884270 141
1884280 141
1884290 141
1884300 140
1884310 140
1884320 140
1884330 140
1884340 140
1884350 140
1884360 140
1884370 140
1884380 140
1884390 140
1884400 140
1884410 140
1884420 140
1884430 140
1884440 140
1884450 140
1884460 140
1884470 140
1884480 141
1884490 141
1884500 141
1884510 142
1884520 141
1884530 141
1884540 141
1884550 142
1884560 142
1884570 143
1884580 143
1884590 143
1884600 143
1884610 143
1884620 143
1884630 143
1884640 143
1884650 143
1884660 143
1884670 143
1884680 143
1884690 142
1884700 142
1884710 142
1884720 142
1884730 142
1884740 142
1884750 142
1884760 142
1884770 142
1884780 142
1884790 142
1884800 142
1884810 142
1884820 142
1884830 142
1884840 141
1884850 141
1884860 141
1884870 140
1884880 141
1884890 141
1884900 140
1884910 140
1884920 140
1884930 140
1884940 141
1884950 140
1884960 140
1884970 141
1884980 141
1884990 141
1885000 141
1885010 141
1885020 141
1885030 141
1885040 141
1885050 141
1885060 141
1885070 141
1885080 141
1885090 141
1885100 141
1885110 141
1885120 141
1885130 141
1885140 141
1885150 141
1885160 141
1885170 141
1885180 142
1885190 142
1885200 142
1885210 142
1885220 142
1885230 142
1885240 143
1885250 143
1885260 143
1885270 143
1885280 143
1885290 143
1885300 143
1885310 143
1885320 143
1885330 142
1885340 143
1885350 143
1885360 143
1885370 143
1885380 143
1885390 143
1885400 143
1885410 143
1885420 143
1885430 143
1885440 143
1885450 143
1885460 143
1885470 143
1885480 143
1885490 143
1885500 143
1885510 143
1885520 142
1885530 142
1885540 141
1885550 140
1885560 140
1885570 140
1885580 140
1885590 138
1885600 138
1885610 137
1885620 137
1885630 137
1885640 137
1885650 137
1885660 137
1885670 137
1885680 137
1885690 137
1885700 137
1885710 137
1885720 138
1885730 138
1885740 138
1885750 138
1885760 138
1885770 138
1885780 138
1885790 138
1885800 138
1885810 138
1885820 138
1885830 138
1885840 139
1885850 139
1885860 139
1885870 139
1885880 139
1885890 139
1885900 139
1885910 139
1885920 136
1885930 136
1885940 136
1885950 136
1885960 136
1885970 136
1885980 136
1885990 136
1886000 137
1886010 137
1886020 137
1886030 137
1886040 137
1886050 137
1886060 137
1886070 137
1886080 137
1886090 137
1886100 137
1886110 138
1886120 138
1886130 138
1886140 138
1886150 138
1886160 138
1886170 138
1886180 138
1886190 138
1886200 138
1886210 138
1886220 138
1886230 139
1886240 136
1886250 136
1886260 136
1886270 136
1886280 136
1886290 136
1886300 137
1886310 137
1886320 140
1886330 142
1886340 142
1886350 142
1886360 143
1886370 143
1886380 144
1886390 144
1886400 144
1886410 144
1886420 149
1886430 149
1886440 160
1886450 167
1886460 167
1886470 167
1886480 165
1886490 165
1886500 164
1886510 164
1886520 164
1886530 165
1886540 166
1886550 166
1886560 169
1886570 171
1886580 171
1886590 172
1886600 173
1886610 173
1886620 174
1886630 175
1886640 175
1886650 176
1886660 177
1886670 177
1886680 177
1886690 178
1886700 178
1886710 178
1886720 180
1886730 180
1886740 181
1886750 181
1886760 181
1886770 182
1886780 182
1886790 182
1886800 183
1886810 184
1886820 184
1886830 185
1886840 186
1886850 186
1886860 187
1886870 188
1886880 189
1886890 190
1886900 191
1886910 191
1886920 193
1886930 194
1886940 194
1886950 195
1886960 197
1886970 197
1886980 199
1886990 201
1887000 201
1887010 203
1887020 206
1887030 206
1887040 207
1887050 210
1887060 210
1887070 213
1887080 215
1887090 215
1887100 215
1887110 216
1887120 216
1887130 216
1887140 219
1887150 219
1887160 222
1887170 223
1887180 223
1887190 226
1887200 230
1887210 234
1887220 236
1887230 237
1887240 237
1887250 238
1887260 239
1887270 239
1887280 242
1887290 246
1887300 246
1887310 249
1887320 249
1887330 249
1887340 247
1887350 246
1887360 246
1887370 246
1887380 247
1887390 247
1887400 249
1887410 249
1887420 249
1887430 252
1887440 257
1887450 257
1887460 261
1887470 266
1887480 266
1887490 270
1887500 273
1887510 273
1887520 274
1887530 279
1887540 279
1887550 280
1887560 282
1887570 282
1887580 284
1887590 285
1887600 285
1887610 285
1887620 280
1887630 280
1887640 275
1887650 271
1887660 271
1887670 269
1887680 267
1887690 267
1887700 266
1887710 264
1887720 264
1887730 263
1887740 263
1887750 263
1887760 262
1887770 261
1887780 261
1887790 261
1887800 259
1887810 259
1887820 258
1887830 257
1887840 257
1887850 259
1887860 258
1887870 258
1887880 258
1887890 257
1887900 257
1887910 256
1887920 255
1887930 255
1887940 254
1887950 253
1887960 253
1887970 251
1887980 248
1887990 248
1888000 247
1888010 246
1888020 246
1888030 245
1888040 244
1888050 244
1888060 242
1888070 240
1888080 240
1888090 238
1888100 237
1888110 237
1888120 233
1888130 229
1888140 229
1888150 226
1888160 225
1888170 228
1888180 227
1888190 225
1888200 225
1888210 223
1888220 221
1888230 221
1888240 219
1888250 218
1888260 218
1888270 218
1888280 219
1888290 219
1888300 219
1888310 222
1888320 222
1888330 222
1888340 221
1888350 221
1888360 220
1888370 217
1888380 217
1888390 215
1888400 213
1888410 213
1888420 210
1888430 207
1888440 207
1888450 206
1888460 204
1888470 204
1888480 204
1888490 204
1888500 204
1888510 204
1888520 205
1888530 205
1888540 205
1888550 205
1888560 205
1888570 204
1888580 203
1888590 203
1888600 203
1888610 202
1888620 202
1888630 201
1888640 200
1888650 200
1888660 199
1888670 198
1888680 198
1888690 198
1888700 198
1888710 198
1888720 197
1888730 196
1888740 196
1888750 195
1888760 195
1888770 195
1888780 194
1888790 192
1888800 192
1888810 189
1888820 187
1888830 187
1888840 187
1888850 185
1888860 185
1888870 182
1888880 180
1888890 180
1888900 178
1888910 177
1888920 177
1888930 175
1888940 174
1888950 174
1888960 172
1888970 171
1888980 171
1888990 170
1889000 167
1889010 167
1889020 167
1889030 167
1889040 167
1889050 167
1889060 164
1889070 160
1889080 160
1889090 159
1889100 158
1889110 158
1889120 158
1889130 157
1889140 157
1889150 156
1889160 155
1889170 155
1889180 153
1889190 153
1889200 153
1889210 153
1889220 152
1889230 152
1889240 151
1889250 150
1889260 150
1889270 149
1889280 148
1889290 148
1889300 148
1889310 147
1889320 147
1889330 146
1889340 146
1889350 146
1889360 145
1889370 144
1889380 144
1889390 144
1889400 144
1889410 144
1889420 143
1889430 143
1889440 143
1889450 143
1889460 143
1889470 143
1889480 142
1889490 142
1889500 142
1889510 141
1889520 141
1889530 141
1889540 141
1889550 141
1889560 141
1889570 141
1889580 141
1889590 141
1889600 141
1889610 141
1889620 141
1889630 140
1889640 139
1889650 139
1889660 139
1889670 139
1889680 139
1889690 139
1889700 139
1889710 139
1889720 139
1889730 139
1889740 139
1889750 139
1889760 139
1889770 139
1889780 138
1889790 138
1889800 138
1889810 138
1889820 138
1889830 138
1889840 138
1889850 138
1889860 138
1889870 139
1889880 139
1889890 139
1889900 139
1889910 139
1889920 139
1889930 139
1889940 139
1889950 139
1889960 139
1889970 139
1889980 139
1889990 139
1890000 139
1890010 139
1890020 140
1890030 140
1890040 140
1890050 140
1890060 140
1890070 140
1890080 140
1890090 140
1890100 140
1890110 140
1890120 140
1890130 140
1890140 140
1890150 140
1890160 140
1890170 140
1890180 140
1890190 140
1890200 140
1890210 140
1890220 140
1890230 140
1890240 140
1890250 140
1890260 140
1890270 140
1890280 140
1890290 140
1890300 140
1890310 140
1890320 140
1890330 140
1890340 140
1890350 140
1890360 140
1890370 140
1890380 140
1890390 140
1890400 140
1890410 140
1890420 140
1890430 140
1890440 140
1890450 140
1890460 140
1890470 140
1890480 140
1890490 140
1890500 140
1890510 140
1890520 140
1890530 140
1890540 140
1890550 140
1890560 140
1890570 140
1890580 140
1890590 140
1890600 140
1890610 140
1890620 140
1890630 140
1890640 140
1890650 140
1890660 140
1890670 140
1890680 140
1890690 140
1890700 140
1890710 140
1890720 140
1890730 140
1890740 140
1890750 140
1890760 140
1890770 140
1890780 140
1890790 140
1890800 140
1890810 140
1890820 140
1890830 140
1890840 140
1890850 140
1890860 140
1890870 140
1890880 140
1890890 140
1890900 140
1890910 140
1890920 140
1890930 140
1890940 140
1890950 140
1890960 140
1890970 140
1890980 140
1890990 140
1891000 140
1891010 139
1891020 139
1891030 139
1891040 139
1891050 139
1891060 139
1891070 139
1891080 140
1891090 140
1891100 140
1891110 140
1891120 140
1891130 139
1891140 139
1891150 139
1891160 139
1891170 139
1891180 139
1891190 139
1891200 139
1891210 139
1891220 139
1891230 139
1891240 139
1891250 139
1891260 139
1891270 139
1891280 139
1891290 140
1891300 140
1891310 139
1891320 139
1891330 139
1891340 139
1891350 139
1891360 139
1891370 139
1891380 140
1891390 140
1891400 139
1891410 140
1891420 140
1891430 140
1891440 139
1891450 139
1891460 139
1891470 140
1891480 140
1891490 140
1891500 140
1891510 140
1891520 140
1891530 140
1891540 140
1891550 140
1891560 140
1891570 140
1891580 140
1891590 140
1891600 140
1891610 140
1891620 140
1891630 140
1891640 140
1891650 140
1891660 140
1891670 140
1891680 140
1891690 140
1891700 139
1891710 139
1891720 139
1891730 140
1891740 140
1891750 140
1891760 140
1891770 140
1891780 140
1891790 140
1891800 140
1891810 140
1891820 140
1891830 139
1891840 139
1891850 139
1891860 139
1891870 139
1891880 140
1891890 140
1891900 140
1891910 140
1891920 140
1891930 140
1891940 140
1891950 140
1891960 140
1891970 139
1891980 139
1891990 139
1892000 139
1892010 140
1892020 140
1892030 140
1892040 140
1892050 140
1892060 139
1892070 139
1892080 139
1892090 139
1892100 139
1892110 139
1892120 140
1892130 140
1892140 140
1892150 140
1892160 140
1892170 140
1892180 140
1892190 140
1892200 140
1892210 140
1892220 140
1892230 140
1892240 140
1892250 140
1892260 140
1892270 140
1892280 140
1892290 140
1892300 140
1892310 140
1892320 140
1892330 140
1892340 140
1892350 140
1892360 140
1892370 140
1892380 140
1892390 140
1892400 140
1892410 140
1892420 140
1892430 140
1892440 140
1892450 140
1892460 140
1892470 140
1892480 140
1892490 140
1892500 140
1892510 140
1892520 140
1892530 140
1892540 140
1892550 140
1892560 140
1892570 140
1892580 140
1892590 140
1892600 140
1892610 139
1892620 139
1892630 139
1892640 139
1892650 139
1892660 140
1892670 140
1892680 140
1892690 140
1892700 140
1892710 140
1892720 140
1892730 140
1892740 140
1892750 140
1892760 140
1892770 140
1892780 140
1892790 140
1892800 140
1892810 140
1892820 140
1892830 140
1892840 140
1892850 140
1892860 140
1892870 140
1892880 140
1892890 140
1892900 140
1892910 140
1892920 140
1892930 140
1892940 140
1892950 140
1892960 140
1892970 140
1892980 140
1892990 140
1893000 140
1893010 140
1893020 140
1893030 140
1893040 140
1893050 140
1893060 140
1893070 140
1893080 140
1893090 140
1893100 140
1893110 140
1893120 139
1893130 139
1893140 139
1893150 139
1893160 139
1893170 139
1893180 139
1893190 140
1893200 140
1893210 139
1893220 140
1893230 140
1893240 140
1893250 140
1893260 140
1893270 140
1893280 140
1893290 140
1893300 140
1893310 139
1893320 139
1893330 140
1893340 140
1893350 140
1893360 140
1893370 140
1893380 140
1893390 140
1893400 139
1893410 139
1893420 138
1893430 137
1893440 137
1893450 135
1893460 136
1893470 136
1893480 138
1893490 139
1893500 139
1893510 138
1893520 138
1893530 138
1893540 137
1893550 136
1893560 136
1893570 136
1893580 135
1893590 134
1893600 134
1893610 133
1893620 133
1893630 133
1893640 133
1893650 133
1893660 133
1893670 134
1893680 134
1893690 133
1893700 133
1893710 133
1893720 133
1893730 133
1893740 133
1893750 133
1893760 133
1893770 133
1893780 133
1893790 133
1893800 133
1893810 133
1893820 133
1893830 133
1893840 133
1893850 133
1893860 133
1893870 133
1893880 133
1893890 133
1893900 133
1893910 133
1893920 133
1893930 133
1893940 133
1893950 133
1893960 133
1893970 133
1893980 133
1893990 133
1894000 133
1894010 133
1894020 133
1894030 133
1894040 133
1894050 133
1894060 133
1894070 133
1894080 133
1894090 133
1894100 133
1894110 133
1894120 133
1894130 133
1894140 133
1894150 133
1894160 133
1894170 133
1894180 133
1894190 133
1894200 133
1894210 133
1894220 133
1894230 134
1894240 136
1894250 136
1894260 138
1880000 142
1880010 143
1880020 143
1880030 143
1880040 142
1880050 142
1880060 142
1880070 142
1880080 142
1880090 143
1880100 143
1880110 143
1880120 142
1880130 142
1880140 142
1880150 142
1880160 142
1880170 142
1880180 142
1880190 142
1880200 142
1880210 142
1880220 142
1880230 142
1880240 141
1880250 141
1880260 141
1880270 142
1880280 142
1880290 142
1880300 143
1880310 143
1880320 143
1880330 143
1880340 142
1880350 142
1880360 142
1880370 142
1880380 142
1880390 142
1880400 142
1880410 142
1880420 143
1880430 142
1880440 142
1880450 142
1880460 143
1880470 143
1880480 144
1880490 145
1880500 145
1880510 144
1880520 142
1880530 142
1880540 142
1880550 142
1880560 142
1880570 142
1880580 142
1880590 142
1880600 142
1880610 143
1880620 143
1880630 144
1880640 146
1880650 146
1880660 144
1880670 143
1880680 143
1880690 143
1880700 143
1880710 143
1880720 142
1880730 143
1880740 143
1880750 142
1880760 143
1880770 143
1880780 143
1880790 143
1880800 143
1880810 142
1880820 142
1880830 142
1880840 142
1880850 142
1880860 142
1880870 142
1880880 142
1880890 142
1880900 142
1880910 142
1880920 142
1880930 142
1880940 142
1880950 142
1880960 142
1880970 142
1880980 142
1880990 142
1881000 142
1881010 142
1881020 142
1881030 143
1881040 143
1881050 143
1881060 143
1881070 143
1881080 143
1881090 143
1881100 143
1881110 143
1881120 143
1881130 143
1881140 143
1881150 143
1881160 143
1881170 143
1881180 143
1881190 142
1881200 142
1881210 142
1881220 142
1881230 142
1881240 142
1881250 142
1881260 142
1881270 142
1881280 143
1881290 143
1881300 143
1881310 143
1881320 143
1881330 143
1881340 143
1881350 143
1881360 142
1881370 142
1881380 142
1881390 143
1881400 143
1881410 143
1881420 142
1881430 142
1881440 142
1881450 143
1881460 143
1881470 143
1881480 142
1881490 142
1881500 142
1881510 143
1881520 143
1881530 143
1881540 143
1881550 142
1881560 142
1881570 143
1881580 143
1881590 143
1881600 143
1881610 143
1881620 143
1881630 143
1881640 143
1881650 143
1881660 143
1881670 143
1881680 143
1881690 143
1881700 143
1881710 143
1881720 143
1881730 143
1881740 143
1881750 142
1881760 142
1881770 142
1881780 142
1881790 142
1881800 142
1881810 143
1881820 142
1881830 142
1881840 142
1881850 142
1881860 142
1881870 142
1881880 142
1881890 142
1881900 142
1881910 142
1881920 142
1881930 142
1881940 141
1881950 141
1881960 142
1881970 141
1881980 141
1881990 141
1882000 141
1882010 141
1882020 141
1882030 141
1882040 141
1882050 142
1882060 142
1882070 142
1882080 142
1882090 141
1882100 141
1882110 142
1882120 142
1882130 142
1882140 142
1882150 142
1882160 142
1882170 142
1882180 141
1882190 141
1882200 142
1882210 142
1882220 142
1882230 142
1882240 142
1882250 142
1882260 141
1882270 140
1882280 140
1882290 140
1882300 140
1882310 140
1882320 142
1882330 142
1882340 142
1882350 141
1882360 142
1882370 142
1882380 142
1882390 142
1882400 142
1882410 142
1882420 142
1882430 142
1882440 142
1882450 142
1882460 142
1882470 142
1882480 142
1882490 142
1882500 142
1882510 142
1882520 142
1882530 142
1882540 142
1882550 142
1882560 142
1882570 142
1882580 142
1882590 142
1882600 142
1882610 142
1882620 142
1882630 142
1882640 142
1882650 142
1882660 142
1882670 142
1882680 142
1882690 142
1882700 142
1882710 142
1882720 142
1882730 142
1882740 142
1882750 142
1882760 142
1882770 142
1882780 143
1882790 143
1882800 143
1882810 143
1882820 143
1882830 142
1882840 142
1882850 142
1882860 142
1882870 142
1882880 142
1882890 142
1882900 142
1882910 142
1882920 142
1882930 142
1882940 142
1882950 142
1882960 142
1882970 142
1882980 142
1882990 142
1883000 142
1883010 142
1883020 142
1883030 142
1883040 142
1883050 142
1883060 142
1883070 142
1883080 142
1883090 142
1883100 142
1883110 142
1883120 142
1883130 142
1883140 142
1883150 142
1883160 142
1883170 142
1883180 142
1883190 142
1883200 141
1883210 141
1883220 141
1883230 141
1883240 141
1883250 141
1883260 141
1883270 141
1883280 141
1883290 142
1883300 142
1883310 142
1883320 142
1883330 141
1883340 141
1883350 141
1883360 141
1883370 141
1883380 141
1883390 141
1883400 141
1883410 141
1883420 141
1883430 141
1883440 142
1883450 142
1883460 142
1883470 142
1883480 142
1883490 142
1883500 141
1883510 141
1883520 141
1883530 141
1883540 141
1883550 141
1883560 141
1883570 141
1883580 141
1883590 141
1883600 141
1883610 141
1883620 141
1883630 141
1883640 141
1883650 141
1883660 141
1883670 141
1883680 141
1883690 141
1883700 141
1883710 142
1883720 142
1883730 142
1883740 142
1883750 142
1883760 142
1883770 142
1883780 142
1883790 142
1883800 142
1883810 142
1883820 142
1883830 142
1883840 142
1883850 142
1883860 142
1883870 142
1883880 142
1883890 142
1883900 142
1883910 142
1883920 142
1883930 142
1883940 141
1883950 141
1883960 141
1883970 140
1883980 140
1883990 140
1884000 140
1884010 140
1884020 140
1884030 140
1884040 140
1884050 140
1884060 141
1884070 142
1884080 142
1884090 143
1884100 143
1884110 143
1884120 143
1884130 142
1884140 142
1884150 142
1884160 141
1884170 141
1884180 141
1884190 141
1884200 141
1884210 141
1884220 141
1884230 141
1884240 141
1884250 141
1884260 141
1884270 141
1884280 141
1884290 141
1884300 140
1884310 140
1884320 140
1884330 140
1884340 140
1884350 140
1884360 140
1884370 140
1884380 140
1884390 140
1884400 140
1884410 140
1884420 140
1884430 140
1884440 140
1884450 140
1884460 140
1884470 140
1884480 141
1884490 141
1884500 141
1884510 142
1884520 141
1884530 141
1884540 141
1884550 142
1884560 142
1884570 143
1884580 143
1884590 143
1884600 143
1884610 143
1884620 143
1884630 143
1884640 143
1884650 143
1884660 143
1884670 143
1884680 143
1884690 142
1884700 142
1884710 142
1884720 142
1884730 142
1884740 142
1884750 142
1884760 142
1884770 142
1884780 142
1884790 142
1884800 142
1884810 142
1884820 142
1884830 142
1884840 141
1884850 141
1884860 141
1884870 140
1884880 141
1884890 141
1884900 140
1884910 140
1884920 140
1884930 140
1884940 141
1884950 140
1884960 140
1884970 141
1884980 141
1884990 141
1885000 141
1885010 141
1885020 141
1885030 141
1885040 141
1885050 141
1885060 141
1885070 141
1885080 141
1885090 141
1885100 141
1885110 141
1885120 141
1885130 141
1885140 141
1885150 141
1885160 141
1885170 141
1885180 142
1885190 142
1885200 142
1885210 142
1885220 142
1885230 142
1885240 143
1885250 143
1885260 143
1885270 143
1885280 143
1885290 143
1885300 143
1885310 143
1885320 143
1885330 142
1885340 143
1885350 143
1885360 143
1885370 143
1885380 143
1885390 143
1885400 143
1885410 143
1885420 143
1885430 143
1885440 143
1885450 143
1885460 143
1885470 143
1885480 143
1885490 143
1885500 143
1885510 143
1885520 142
1885530 142
1885540 141
1885550 140
1885560 140
1885570 140
1885580 140
1885590 138
1885600 138
1885610 137
1885620 137
1885630 137
1885640 137
1885650 137
1885660 137
1885670 137
1885680 137
1885690 137
1885700 137
1885710 137
1885720 138
1885730 138
1885740 138
1885750 138
1885760 138
1885770 138
1885780 138
1885790 138
1885800 138
1885810 138
1885820 138
1885830 138
1885840 139
1885850 139
1885860 139
1885870 139
1885880 139
1885890 139
1885900 139
1885910 139
1885920 136
1885930 136
1885940 136
1885950 136
1885960 136
1885970 136
1885980 136
1885990 136
1886000 137
1886010 137
1886020 137
1886030 137
1886040 137
1886050 137
1886060 137
1886070 137
1886080 137
1886090 137
1886100 137
1886110 138
1886120 138
1886130 138
1886140 138
1886150 138
1886160 138
1886170 138
1886180 138
1886190 138
1886200 138
1886210 138
1886220 138
1886230 139
1886240 136
1886250 136
1886260 136
1886270 136
1886280 136
1886290 136
1886300 137
1886310 137
1886320 140
1886330 142
1886340 142
1886350 142
1886360 143
1886370 143
1886380 144
1886390 144
1886400 144
1886410 144
1886420 149
1886430 149
1886440 160
1886450 167
1886460 167
1886470 167
1886480 165
1886490 165
1886500 164
1886510 164
1886520 164
1886530 165
1886540 166
1886550 166
1886560 169
1886570 171
1886580 171
1886590 172
1886600 173
1886610 173
1886620 174
1886630 175
1886640 175
1886650 176
1886660 177
1886670 177
1886680 177
1886690 178
1886700 178
1886710 178
1886720 180
1886730 180
1886740 181
1886750 181
1886760 181
1886770 182
1886780 182
1886790 182
1886800 183
1886810 184
1886820 184
1886830 185
1886840 186
1886850 186
1886860 187
1886870 188
1886880 189
1886890 190
1886900 191
1886910 191
1886920 193
1886930 194
1886940 194
1886950 195
1886960 197
1886970 197
1886980 199
1886990 201
1887000 201
1887010 203
1887020 206
1887030 206
1887040 207
1887050 210
1887060 210
1887070 213
1887080 215
1887090 215
1887100 215
1887110 216
1887120 216
1887130 216
1887140 219
1887150 219
1887160 222
1887170 223
1887180 223
1887190 226
1887200 230
1887210 234
1887220 236
1887230 237
1887240 237
1887250 238
1887260 239
1887270 239
1887280 242
1887290 246
1887300 246
1887310 249
1887320 249
1887330 249
1887340 247
1887350 246
1887360 246
1887370 246
1887380 247
1887390 247
1887400 249
1887410 249
1887420 249
1887430 252
1887440 257
1887450 257
1887460 261
1887470 266
1887480 266
1887490 270
1887500 273
1887510 273
1887520 274
1887530 279
1887540 279
1887550 280
1887560 282
1887570 282
1887580 284
1887590 285
1887600 285
1887610 285
1887620 280
1887630 280
1887640 275
1887650 271
1887660 271
1887670 269
1887680 267
1887690 267
1887700 266
1887710 264
1887720 264
1887730 263
1887740 263
1887750 263
1887760 262
1887770 261
1887780 261
1887790 261
1887800 259
1887810 259
1887820 258
1887830 257
1887840 257
1887850 259
1887860 258
1887870 258
1887880 258
1887890 257
1887900 257
1887910 256
1887920 255
1887930 255
1887940 254
1887950 253
1887960 253
1887970 251
1887980 248
1887990 248
1888000 247
1888010 246
1888020 246
1888030 245
1888040 244
1888050 244
1888060 242
1888070 240
1888080 240
1888090 238
1888100 237
1888110 237
1888120 233
1888130 229
1888140 229
1888150 226
1888160 225
1888170 228
1888180 227
1888190 225
1888200 225
1888210 223
1888220 221
1888230 221
1888240 219
1888250 218
1888260 218
1888270 218
1888280 219
1888290 219
1888300 219
1888310 222
1888320 222
1888330 222
1888340 221
1888350 221
1888360 220
1888370 217
1888380 217
1888390 215
1888400 213
1888410 213
1888420 210
1888430 207
1888440 207
1888450 206
1888460 204
1888470 204
1888480 204
1888490 204
1888500 204
1888510 204
1888520 205
1888530 205
1888540 205
1888550 205
1888560 205
1888570 204
1888580 203
1888590 203
1888600 203
1888610 202
1888620 202
1888630 201
1888640 200
1888650 200
1888660 199
1888670 198
1888680 198
1888690 198
1888700 198
1888710 198
1888720 197
1888730 196
1888740 196
1888750 195
1888760 195
1888770 195
1888780 194
1888790 192
1888800 192
1888810 189
1888820 187
1888830 187
1888840 187
1888850 185
1888860 185
1888870 182
1888880 180
1888890 180
1888900 178
1888910 177
1888920 177
1888930 175
1888940 174
1888950 174
1888960 172
1888970 171
1888980 171
1888990 170
1889000 167
1889010 167
1889020 167
1889030 167
1889040 167
1889050 167
1889060 164
1889070 160
1889080 160
1889090 159
1889100 158
1889110 158
1889120 158
1889130 157
1889140 157
1889150 156
1889160 155
1889170 155
1889180 153
1889190 153
1889200 153
1889210 153
1889220 152
1889230 152
1889240 151
1889250 150
1889260 150
1889270 149
1889280 148
1889290 148
1889300 148
1889310 147
1889320 147
1889330 146
1889340 146
1889350 146
1889360 145
1889370 144
1889380 144
1889390 144
1889400 144
1889410 144
1889420 143
1889430 143
1889440 143
1889450 143
1889460 143
1889470 143
1889480 142
1889490 142
1889500 142
1889510 141
1889520 141
1889530 141
1889540 141
1889550 141
1889560 141
1889570 141
1889580 141
1889590 141
1889600 141
1889610 141
1889620 141
1889630 140
1889640 139
1889650 139
1889660 139
1889670 139
1889680 139
1889690 139
1889700 139
1889710 139
1889720 139
1889730 139
1889740 139
1889750 139
1889760 139
1889770 139
1889780 138
1889790 138
1889800 138
1889810 138
1889820 138
1889830 138
1889840 138
1889850 138
1889860 138
1889870 139
1889880 139
1889890 139
1889900 139
1889910 139
1889920 139
1889930 139
1889940 139
1889950 139
1889960 139
1889970 139
1889980 139
1889990 139
1890000 139
1890010 139
1890020 140
1890030 140
1890040 140
1890050 140
1890060 140
1890070 140
1890080 140
1890090 140
1890100 140
1890110 140
1890120 140
1890130 140
1890140 140
1890150 140
1890160 140
1890170 140
1890180 140
1890190 140
1890200 140
1890210 140
1890220 140
1890230 140
1890240 140
1890250 140
1890260 140
1890270 140
1890280 140
1890290 140
1890300 140
1890310 140
1890320 140
1890330 140
1890340 140
1890350 140
1890360 140
1890370 140
1890380 140
1890390 140
1890400 140
1890410 140
1890420 140
1890430 140
1890440 140
1890450 140
1890460 140
1890470 140
1890480 140
1890490 140
1890500 140
1890510 140
1890520 140
1890530 140
1890540 140
1890550 140
1890560 140
1890570 140
1890580 140
1890590 140
1890600 140
1890610 140
1890620 140
1890630 140
1890640 140
1890650 140
1890660 140
1890670 140
1890680 140
1890690 140
1890700 140
1890710 140
1890720 140
1890730 140
1890740 140
1890750 140
1890760 140
1890770 140
1890780 140
1890790 140
1890800 140
1890810 140
1890820 140
1890830 140
1890840 140
1890850 140
1890860 140
1890870 140
1890880 140
1890890 140
1890900 140
1890910 140
1890920 140
1890930 140
1890940 140
1890950 140
1890960 140
1890970 140
1890980 140
1890990 140
1891000 140
1891010 139
1891020 139
1891030 139
1891040 139
1891050 139
1891060 139
1891070 139
1891080 140
1891090 140
1891100 140
1891110 140
1891120 140
1891130 139
1891140 139
1891150 139
1891160 139
1891170 139
1891180 139
1891190 139
1891200 139
1891210 139
1891220 139
1891230 139
1891240 139
1891250 139
1891260 139
1891270 139
1891280 139
1891290 140
1891300 140
1891310 139
1891320 139
1891330 139
1891340 139
1891350 139
1891360 139
1891370 139
1891380 140
1891390 140
1891400 139
1891410 140
1891420 140
1891430 140
1891440 139
1891450 139
1891460 139
1891470 140
1891480 140
1891490 140
1891500 140
1891510 140
1891520 140
1891530 140
1891540 140
1891550 140
1891560 140
1891570 140
1891580 140
1891590 140
1891600 140
1891610 140
1891620 140
1891630 140
1891640 140
1891650 140
1891660 140
1891670 140
1891680 140
1891690 140
1891700 139
1891710 139
1891720 139
1891730 140
1891740 140
1891750 140
1891760 140
1891770 140
1891780 140
1891790 140
1891800 140
1891810 140
1891820 140
1891830 139
1891840 139
1891850 139
1891860 139
1891870 139
1891880 140
1891890 140
1891900 140
1891910 140
1891920 140
1891930 140
1891940 140
1891950 140
1891960 140
1891970 139
1891980 139
1891990 139
1892000 139
1892010 140
1892020 140
1892030 140
1892040 140
1892050 140
1892060 139
1892070 139
1892080 139
1892090 139
1892100 139
1892110 139
1892120 140
1892130 140
1892140 140
1892150 140
1892160 140
1892170 140
1892180 140
1892190 140
1892200 140
1892210 140
1892220 140
1892230 140
1892240 140
1892250 140
1892260 140
1892270 140
1892280 140
1892290 140
1892300 140
1892310 140
1892320 140
1892330 140
1892340 140
1892350 140
1892360 140
1892370 140
1892380 140
1892390 140
1892400 140
1892410 140
1892420 140
1892430 140
1892440 140
1892450 140
1892460 140
1892470 140
1892480 140
1892490 140
1892500 140
1892510 140
1892520 140
1892530 140
1892540 140
1892550 140
1892560 140
1892570 140
1892580 140
1892590 140
1892600 140
1892610 139
1892620 139
1892630 139
1892640 139
1892650 139
1892660 140
1892670 140
1892680 140
1892690 140
1892700 140
1892710 140
1892720 140
1892730 140
1892740 140
1892750 140
1892760 140
1892770 140
1892780 140
1892790 140
1892800 140
1892810 140
1892820 140
1892830 140
1892840 140
1892850 140
1892860 140
1892870 140
1892880 140
1892890 140
1892900 140
1892910 140
1892920 140
1892930 140
1892940 140
1892950 140
1892960 140
1892970 140
1892980 140
1892990 140
1893000 140
1893010 140
1893020 140
1893030 140
1893040 140
1893050 140
1893060 140
1893070 140
1893080 140
1893090 140
1893100 140
1893110 140
1893120 139
1893130 139
1893140 139
1893150 139
1893160 139
1893170 139
1893180 139
1893190 140
1893200 140
1893210 139
1893220 140
1893230 140
1893240 140
1893250 140
1893260 140
1893270 140
1893280 140
1893290 140
1893300 140
1893310 139
1893320 139
1893330 140
1893340 140
1893350 140
1893360 140
1893370 140
1893380 140
1893390 140
1893400 139
1893410 139
1893420 138
1893430 137
1893440 137
1893450 135
1893460 136
1893470 136
1893480 138
1893490 139
1893500 139
1893510 138
1893520 138
1893530 138
1893540 137
1893550 136
1893560 136
1893570 136
1893580 135
1893590 134
1893600 134
1893610 133
1893620 133
1893630 133
1893640 133
1893650 133
1893660 133
1893670 134
1893680 134
1893690 133
1893700 133
1893710 133
1893720 133
1893730 133
1893740 133
1893750 133
1893760 133
1893770 133
1893780 133
1893790 133
1893800 133
1893810 133
1893820 133
1893830 133
1893840 133
1893850 133
1893860 133
1893870 133
1893880 133
1893890 133
1893900 133
1893910 133
1893920 133
1893930 133
1893940 133
1893950 133
1893960 133
1893970 133
1893980 133
1893990 133
1894000 133
1894010 133
1894020 133
1894030 133
1894040 133
1894050 133
1894060 133
1894070 133
1894080 133
1894090 133
1894100 133
1894110 133
1894120 133
1894130 133
1894140 133
1894150 133
1894160 133
1894170 133
1894180 133
1894190 133
1894200 133
1894210 133
1894220 133
1894230 134
1894240 136
1894250 136
1894260 138
