1880000 141
1880010 141
1880020 141
1880030 141
1880040 141
1880050 141
1880060 141
1880070 141
1880080 142
1880090 142
1880100 142
1880110 142
1880120 141
1880130 141
1880140 142
1880150 141
1880160 141
1880170 141
1880180 141
1880190 141
1880200 141
1880210 141
1880220 141
1880230 141
1880240 141
1880250 141
1880260 141
1880270 142
1880280 142
1880290 142
1880300 142
1880310 142
1880320 142
1880330 142
1880340 142
1880350 142
1880360 142
1880370 142
1880380 142
1880390 142
1880400 142
1880410 142
1880420 142
1880430 142
1880440 142
1880450 142
1880460 142
1880470 142
1880480 142
1880490 142
1880500 142
1880510 142
1880520 142
1880530 142
1880540 142
1880550 142
1880560 142
1880570 142
1880580 142
1880590 142
1880600 142
1880610 142
1880620 142
1880630 142
1880640 142
1880650 142
1880660 142
1880670 142
1880680 141
1880690 140
1880700 140
1880710 139
1880720 139
1880730 139
1880740 139
1880750 141
1880760 141
1880770 142
1880780 142
1880790 142
1880800 142
1880810 142
1880820 142
1880830 142
1880840 142
1880850 142
1880860 142
1880870 142
1880880 142
1880890 142
1880900 142
1880910 142
1880920 142
1880930 142
1880940 142
1880950 142
1880960 142
1880970 142
1880980 142
1880990 142
1881000 142
1881010 142
1881020 142
1881030 142
1881040 143
1881050 143
1881060 143
1881070 143
1881080 143
1881090 143
1881100 143
1881110 143
1881120 143
1881130 143
1881140 143
1881150 143
1881160 143
1881170 143
1881180 143
1881190 142
1881200 142
1881210 142
1881220 142
1881230 142
1881240 142
1881250 142
1881260 142
1881270 142
1881280 142
1881290 142
1881300 142
1881310 142
1881320 142
1881330 142
1881340 142
1881350 142
1881360 142
1881370 142
1881380 142
1881390 142
1881400 142
1881410 143
1881420 143
1881430 144
1881440 144
1881450 144
1881460 145
1881470 145
1881480 145
1881490 144
1881500 142
1881510 142
1881520 141
1881530 141
1881540 141
1881550 141
1881560 141
1881570 141
1881580 142
1881590 143
1881600 143
1881610 145
1881620 145
1881630 145
1881640 143
1881650 142
1881660 142
1881670 142
1881680 142
1881690 142
1881700 142
1881710 142
1881720 142
1881730 142
1881740 142
1881750 142
1881760 142
1881770 141
1881780 141
1881790 141
1881800 141
1881810 141
1881820 141
1881830 141
1881840 141
1881850 142
1881860 142
1881870 142
1881880 142
1881890 142
1881900 142
1881910 141
1881920 141
1881930 141
1881940 141
1881950 141
1881960 141
1881970 142
1881980 142
1881990 142
1882000 141
1882010 141
1882020 141
1882030 141
1882040 141
1882050 141
1882060 141
1882070 141
1882080 141
1882090 141
1882100 141
1882110 141
1882120 141
1882130 141
1882140 141
1882150 142
1882160 142
1882170 142
1882180 142
1882190 142
1882200 142
1882210 142
1882220 142
1882230 142
1882240 142
1882250 142
1882260 142
1882270 142
1882280 142
1882290 142
1882300 142
1882310 142
1882320 142
1882330 141
1882340 141
1882350 141
1882360 142
1882370 141
1882380 141
1882390 141
1882400 141
1882410 141
1882420 141
1882430 141
1882440 141
1882450 141
1882460 142
1882470 142
1882480 142
1882490 142
1882500 142
1882510 142
1882520 142
1882530 142
1882540 141
1882550 142
1882560 142
1882570 142
1882580 142
1882590 142
1882600 142
1882610 141
1882620 141
1882630 140
1882640 138
1882650 138
1882660 138
1882670 141
1882680 141
1882690 142
1882700 142
1882710 142
1882720 142
1882730 142
1882740 141
1882750 141
1882760 141
1882770 141
1882780 141
1882790 141
1882800 141
1882810 141
1882820 141
1882830 141
1882840 141
1882850 141
1882860 141
1882870 141
1882880 142
1882890 142
1882900 142
1882910 141
1882920 141
1882930 141
1882940 141
1882950 141
1882960 141
1882970 141
1882980 141
1882990 141
1883000 141
1883010 140
1883020 140
1883030 138
1883040 140
1883050 140
1883060 142
1883070 142
1883080 142
1883090 142
1883100 141
1883110 141
1883120 141
1883130 141
1883140 141
1883150 141
1883160 141
1883170 141
1883180 141
1883190 141
1883200 141
1883210 141
1883220 141
1883230 141
1883240 141
1883250 141
1883260 141
1883270 141
1883280 141
1883290 141
1883300 141
1883310 141
1883320 141
1883330 141
1883340 141
1883350 141
1883360 141
1883370 141
1883380 141
1883390 141
1883400 141
1883410 141
1883420 141
1883430 141
1883440 141
1883450 141
1883460 141
1883470 141
1883480 141
1883490 141
1883500 141
1883510 141
1883520 141
1883530 141
1883540 141
1883550 141
1883560 141
1883570 141
1883580 140
1883590 140
1883600 140
1883610 140
1883620 140
1883630 140
1883640 140
1883650 140
1883660 141
1883670 141
1883680 141
1883690 141
1883700 141
1883710 141
1883720 141
1883730 141
1883740 141
1883750 141
1883760 141
1883770 141
1883780 141
1883790 141
1883800 141
1883810 141
1883820 141
1883830 141
1883840 141
1883850 141
1883860 141
1883870 141
1883880 141
1883890 141
1883900 141
1883910 141
1883920 141
1883930 141
1883940 141
1883950 141
1883960 141
1883970 141
1883980 141
1883990 141
1884000 141
1884010 141
1884020 141
1884030 141
1884040 141
1884050 141
1884060 141
1884070 141
1884080 141
1884090 141
1884100 141
1884110 141
1884120 141
1884130 141
1884140 141
1884150 141
1884160 141
1884170 141
1884180 141
1884190 141
1884200 141
1884210 141
1884220 141
1884230 141
1884240 141
1884250 141
1884260 141
1884270 141
1884280 141
1884290 141
1884300 141
1884310 141
1884320 141
1884330 141
1884340 141
1884350 141
1884360 141
1884370 141
1884380 141
1884390 141
1884400 141
1884410 141
1884420 141
1884430 141
1884440 141
1884450 141
1884460 141
1884470 141
1884480 141
1884490 141
1884500 141
1884510 140
1884520 140
1884530 140
1884540 140
1884550 140
1884560 140
1884570 140
1884580 140
1884590 140
1884600 140
1884610 140
1884620 140
1884630 141
1884640 141
1884650 140
1884660 141
1884670 141
1884680 140
1884690 140
1884700 140
1884710 140
1884720 140
1884730 140
1884740 140
1884750 140
1884760 140
1884770 140
1884780 140
1884790 140
1884800 140
1884810 140
1884820 140
1884830 140
1884840 140
1884850 140
1884860 140
1884870 140
1884880 140
1884890 141
1884900 141
1884910 141
1884920 140
1884930 140
1884940 140
1884950 140
1884960 141
1884970 141
1884980 140
1884990 140
1885000 140
1885010 141
1885020 141
1885030 141
1885040 140
1885050 140
1885060 140
1885070 140
1885080 140
1885090 140
1885100 140
1885110 140
1885120 140
1885130 140
1885140 140
1885150 140
1885160 141
1885170 141
1885180 141
1885190 141
1885200 141
1885210 141
1885220 141
1885230 141
1885240 141
1885250 141
1885260 140
1885270 140
1885280 139
1885290 138
1885300 138
1885310 137
1885320 137
1885330 137
1885340 137
1885350 137
1885360 137
1885370 137
1885380 137
1885390 137
1885400 137
1885410 137
1885420 137
1885430 137
1885440 137
1885450 137
1885460 137
1885470 137
1885480 137
1885490 137
1885500 137
1885510 137
1885520 140
1885530 142
1885540 142
1885550 143
1885560 142
1885570 142
1885580 142
1885590 142
1885600 142
1885610 141
1885620 141
1885630 141
1885640 141
1885650 141
1885660 141
1885670 141
1885680 141
1885690 141
1885700 141
1885710 141
1885720 141
1885730 141
1885740 141
1885750 141
1885760 140
1885770 140
1885780 140
1885790 140
1885800 140
1885810 140
1885820 140
1885830 140
1885840 140
1885850 140
1885860 140
1885870 140
1885880 140
1885890 138
1885900 138
1885910 140
1885920 140
1885930 140
1885940 140
1885950 140
1885960 140
1885970 140
1885980 140
1885990 140
1886000 140
1886010 140
1886020 140
1886030 140
1886040 140
1886050 140
1886060 140
1886070 140
1886080 140
1886090 140
1886100 140
1886110 140
1886120 140
1886130 140
1886140 140
1886150 140
1886160 141
1886170 141
1886180 140
1886190 139
1886200 139
1886210 141
1886220 141
1886230 141
1886240 141
1886250 141
1886260 141
1886270 141
1886280 141
1886290 141
1886300 138
1886310 136
1886320 136
1886330 136
1886340 136
1886350 136
1886360 136
1886370 136
1886380 136
1886390 136
1886400 136
1886410 136
1886420 136
1886430 136
1886440 136
1886450 136
1886460 136
1886470 136
1886480 136
1886490 136
1886500 136
1886510 136
1886520 136
1886530 136
1886540 136
1886550 136
1886560 136
1886570 136
1886580 136
1886590 136
1886600 136
1886610 136
1886620 136
1886630 136
1886640 136
1886650 136
1886660 136
1886670 136
1886680 136
1886690 136
1886700 136
1886710 136
1886720 137
1886730 139
1886740 139
1886750 141
1886760 143
1886770 143
1886780 156
1886790 169
1886800 169
1886810 175
1886820 180
1886830 180
1886840 181
1886850 182
1886860 182
1886870 183
1886880 185
1886890 185
1886900 187
1886910 187
1886920 187
1886930 188
1886940 188
1886950 188
1886960 189
1886970 190
1886980 190
1886990 192
1887000 193
1887010 193
1887020 194
1887030 199
1887040 199
1887050 205
1887060 206
1887070 206
1887080 208
1887090 211
1887100 211
1887110 215
1887120 219
1887130 226
1887140 226
1887150 231
1887160 235
1887170 235
1887180 238
1887190 241
1887200 241
1887210 244
1887220 245
1887230 245
1887240 236
1887250 236
1887260 236
1887270 236
1887280 237
1887290 237
1887300 239
1887310 242
1887320 242
1887330 246
1887340 247
1887350 247
1887360 247
1887370 248
1887380 248
1887390 249
1887400 250
1887410 250
1887420 251
1887430 253
1887440 253
1887450 255
1887460 256
1887470 256
1887480 259
1887490 260
1887500 260
1887510 261
1887520 261
1887530 261
1887540 261
1887550 261
1887560 259
1887570 259
1887580 259
1887590 259
1887600 260
1887610 261
1887620 261
1887630 261
1887640 262
1887650 262
1887660 262
1887670 263
1887680 263
1887690 263
1887700 263
1887710 263
1887720 263
1887730 263
1887740 263
1887750 263
1887760 262
1887770 262
1887780 262
1887790 260
1887800 260
1887810 260
1887820 259
1887830 259
1887840 258
1887850 257
1887860 257
1887870 256
1887880 254
1887890 254
1887900 254
1887910 250
1887920 250
1887930 249
1887940 248
1887950 248
1887960 247
1887970 245
1887980 245
1887990 242
1888000 241
1888010 241
1888020 240
1888030 239
1888040 239
1888050 239
1888060 238
1888070 238
1888080 237
1888090 236
1888100 236
1888110 235
1888120 234
1888130 234
1888140 231
1888150 230
1888160 230
1888170 229
1888180 229
1888190 229
1888200 223
1888210 220
1888220 220
1888230 217
1888240 216
1888250 216
1888260 214
1888270 211
1888280 211
1888290 207
1888300 204
1888310 204
1888320 203
1888330 201
1888340 201
1888350 199
1888360 196
1888370 196
1888380 193
1888390 190
1888400 190
1888410 188
1888420 185
1888430 185
1888440 182
1888450 178
1888460 178
1888470 175
1888480 171
1888490 171
1888500 169
1888510 166
1888520 166
1888530 164
1888540 163
1888550 163
1888560 162
1888570 160
1888580 160
1888590 158
1888600 156
1888610 156
1888620 155
1888630 154
1888640 154
1888650 153
1888660 152
1888670 152
1888680 151
1888690 150
1888700 150
1888710 150
1888720 150
1888730 150
1888740 150
1888750 150
1888760 150
1888770 149
1888780 149
1888790 149
1888800 148
1888810 148
1888820 148
1888830 147
1888840 143
1888850 143
1888860 142
1888870 141
1888880 141
1888890 141
1888900 141
1888910 141
1888920 140
1888930 140
1888940 140
1888950 140
1888960 140
1888970 140
1888980 140
1888990 139
1889000 139
1889010 139
1889020 139
1889030 139
1889040 139
1889050 139
1889060 139
1889070 139
1889080 139
1889090 139
1889100 140
1889110 140
1889120 140
1889130 141
1889140 141
1889150 141
1889160 140
1889170 141
1889180 141
1889190 141
1889200 141
1889210 141
1889220 141
1889230 141
1889240 141
1889250 141
1889260 141
1889270 141
1889280 141
1889290 141
1889300 141
1889310 141
1889320 141
1889330 141
1889340 141
1889350 141
1889360 141
1889370 141
1889380 141
1889390 141
1889400 141
1889410 141
1889420 141
1889430 141
1889440 141
1889450 141
1889460 141
1889470 140
1889480 141
1889490 141
1889500 141
1889510 141
1889520 141
1889530 140
1889540 140
1889550 140
1889560 140
1889570 140
1889580 140
1889590 140
1889600 140
1889610 140
1889620 140
1889630 140
1889640 140
1889650 140
1889660 140
1889670 140
1889680 141
1889690 141
1889700 140
1889710 141
1889720 141
1889730 141
1889740 140
1889750 140
1889760 140
1889770 140
1889780 140
1889790 140
1889800 140
1889810 140
1889820 140
1889830 140
1889840 140
1889850 140
1889860 141
1889870 141
1889880 141
1889890 141
1889900 141
1889910 140
1889920 140
1889930 140
1889940 140
1889950 140
1889960 140
1889970 140
1889980 140
1889990 140
1890000 140
1890010 140
1890020 140
1890030 140
1890040 140
1890050 140
1890060 139
1890070 140
1890080 140
1890090 140
1890100 140
1890110 140
1890120 140
1890130 141
1890140 141
1890150 140
1890160 140
1890170 140
1890180 140
1890190 140
1890200 140
1890210 140
1890220 140
1890230 140
1890240 140
1890250 140
1890260 140
1890270 140
1890280 140
1890290 140
1890300 139
1890310 139
1890320 139
1890330 139
1890340 139
1890350 139
1890360 138
1890370 138
1890380 138
1890390 138
1890400 138
1890410 138
1890420 138
1890430 138
1890440 138
1890450 138
1890460 139
1890470 139
1890480 139
1890490 139
1890500 139
1890510 139
1890520 139
1890530 139
1890540 138
1890550 138
1890560 138
1890570 138
1890580 138
1890590 138
1890600 138
1890610 138
1890620 138
1890630 138
1890640 140
1890650 140
1890660 140
1890670 140
1890680 140
1890690 140
1890700 140
1890710 140
1890720 140
1890730 140
1890740 140
1890750 140
1890760 140
1890770 140
1890780 140
1890790 140
1890800 140
1890810 140
1890820 140
1890830 140
1890840 140
1890850 140
1890860 140
1890870 140
1890880 140
1890890 140
1890900 140
1890910 140
1890920 140
1890930 140
1890940 140
1890950 140
1890960 140
1890970 140
1890980 140
1890990 140
1891000 140
1891010 140
1891020 140
1891030 140
1891040 140
1891050 140
1891060 140
1891070 140
1891080 140
1891090 140
1891100 140
1891110 140
1891120 140
1891130 140
1891140 140
1891150 140
1891160 140
1891170 140
1891180 140
1891190 140
1891200 140
1891210 140
1891220 140
1891230 140
1891240 140
1891250 140
1891260 140
1891270 140
1891280 140
1891290 140
1891300 140
1891310 140
1891320 140
1891330 140
1891340 140
1891350 140
1891360 140
1891370 140
1891380 140
1891390 140
1891400 140
1891410 140
1891420 140
1891430 140
1891440 140
1891450 140
1891460 140
1891470 140
1891480 140
1891490 140
1891500 140
1891510 139
1891520 139
1891530 139
1891540 139
1891550 139
1891560 139
1891570 138
1891580 138
1891590 138
1891600 138
1891610 138
1891620 138
1891630 139
1891640 139
1891650 139
1891660 139
1891670 139
1891680 139
1891690 139
1891700 139
1891710 139
1891720 139
1891730 138
1891740 138
1891750 139
1891760 139
1891770 139
1891780 137
1891790 135
1891800 135
1891810 138
1891820 139
1891830 139
1891840 140
1891850 140
1891860 140
1891870 140
1891880 140
1891890 140
1891900 140
1891910 140
1891920 140
1891930 140
1891940 140
1891950 140
1891960 140
1891970 140
1891980 140
1891990 139
1892000 139
1892010 139
1892020 139
1892030 139
1892040 139
1892050 139
1892060 139
1892070 139
1892080 139
1892090 139
1892100 139
1892110 139
1892120 139
1892130 139
1892140 139
1892150 139
1892160 139
1892170 139
1892180 138
1892190 138
1892200 137
1892210 138
1892220 138
1892230 139
1892240 139
1892250 139
1892260 139
1892270 139
1892280 139
1892290 139
1892300 139
1892310 139
1892320 139
1892330 139
1892340 139
1892350 139
1892360 139
1892370 139
1892380 139
1892390 140
1892400 140
1892410 139
1892420 140
1892430 140
1892440 140
1892450 140
1892460 140
1892470 139
1892480 138
1892490 138
1892500 136
1892510 134
1892520 134
1892530 134
1892540 134
1892550 134
1892560 134
1892570 134
1892580 134
1892590 134
1892600 134
1892610 134
1892620 134
1892630 134
1892640 134
1892650 134
1892660 134
1892670 134
1892680 134
1892690 134
1892700 134
1892710 134
1892720 134
1892730 134
1892740 134
1892750 134
1892760 134
1892770 134
1892780 134
1892790 134
1892800 134
1892810 134
1892820 134
1892830 134
1892840 134
1892850 134
1892860 134
1892870 134
1892880 134
1892890 134
1892900 134
1892910 134
1892920 134
1892930 134
1892940 134
1892950 134
1892960 134
1892970 134
1892980 134
1892990 134
1893000 134
1893010 134
1893020 134
1893030 134
1893040 134
1893050 134
1893060 134
1893070 134
1893080 134
1893090 134
1893100 134
1893110 134
1893120 134
1893130 134
1893140 134
1893150 134
1893160 134
1893170 134
1893180 134
1893190 134
1893200 134
1893210 134
1893220 134
1893230 134
1893240 134
1893250 134
1893260 134
1893270 134
1893280 134
1880000 141
1880010 141
1880020 141
1880030 141
1880040 141
1880050 141
1880060 141
1880070 141
1880080 142
1880090 142
1880100 142
1880110 142
1880120 141
1880130 141
1880140 142
1880150 141
1880160 141
1880170 141
1880180 141
1880190 141
1880200 141
1880210 141
1880220 141
1880230 141
1880240 141
1880250 141
1880260 141
1880270 142
1880280 142
1880290 142
1880300 142
1880310 142
1880320 142
1880330 142
1880340 142
1880350 142
1880360 142
1880370 142
1880380 142
1880390 142
1880400 142
1880410 142
1880420 142
1880430 142
1880440 142
1880450 142
1880460 142
1880470 142
1880480 142
1880490 142
1880500 142
1880510 142
1880520 142
1880530 142
1880540 142
1880550 142
1880560 142
1880570 142
1880580 142
1880590 142
1880600 142
1880610 142
1880620 142
1880630 142
1880640 142
1880650 142
1880660 142
1880670 142
1880680 141
1880690 140
1880700 140
1880710 139
1880720 139
1880730 139
1880740 139
1880750 141
1880760 141
1880770 142
1880780 142
1880790 142
1880800 142
1880810 142
1880820 142
1880830 142
1880840 142
1880850 142
1880860 142
1880870 142
1880880 142
1880890 142
1880900 142
1880910 142
1880920 142
1880930 142
1880940 142
1880950 142
1880960 142
1880970 142
1880980 142
1880990 142
1881000 142
1881010 142
1881020 142
1881030 142
1881040 143
1881050 143
1881060 143
1881070 143
1881080 143
1881090 143
1881100 143
1881110 143
1881120 143
1881130 143
1881140 143
1881150 143
1881160 143
1881170 143
1881180 143
1881190 142
1881200 142
1881210 142
1881220 142
1881230 142
1881240 142
1881250 142
1881260 142
1881270 142
1881280 142
1881290 142
1881300 142
1881310 142
1881320 142
1881330 142
1881340 142
1881350 142
1881360 142
1881370 142
1881380 142
1881390 142
1881400 142
1881410 143
1881420 143
1881430 144
1881440 144
1881450 144
1881460 145
1881470 145
1881480 145
1881490 144
1881500 142
1881510 142
1881520 141
1881530 141
1881540 141
1881550 141
1881560 141
1881570 141
1881580 142
1881590 143
1881600 143
1881610 145
1881620 145
1881630 145
1881640 143
1881650 142
1881660 142
1881670 142
1881680 142
1881690 142
1881700 142
1881710 142
1881720 142
1881730 142
1881740 142
1881750 142
1881760 142
1881770 141
1881780 141
1881790 141
1881800 141
1881810 141
1881820 141
1881830 141
1881840 141
1881850 142
1881860 142
1881870 142
1881880 142
1881890 142
1881900 142
1881910 141
1881920 141
1881930 141
1881940 141
1881950 141
1881960 141
1881970 142
1881980 142
1881990 142
1882000 141
1882010 141
1882020 141
1882030 141
1882040 141
1882050 141
1882060 141
1882070 141
1882080 141
1882090 141
1882100 141
1882110 141
1882120 141
1882130 141
1882140 141
1882150 142
1882160 142
1882170 142
1882180 142
1882190 142
1882200 142
1882210 142
1882220 142
1882230 142
1882240 142
1882250 142
1882260 142
1882270 142
1882280 142
1882290 142
1882300 142
1882310 142
1882320 142
1882330 141
1882340 141
1882350 141
1882360 142
1882370 141
1882380 141
1882390 141
1882400 141
1882410 141
1882420 141
1882430 141
1882440 141
1882450 141
1882460 142
1882470 142
1882480 142
1882490 142
1882500 142
1882510 142
1882520 142
1882530 142
1882540 141
1882550 142
1882560 142
1882570 142
1882580 142
1882590 142
1882600 142
1882610 141
1882620 141
1882630 140
1882640 138
1882650 138
1882660 138
1882670 141
1882680 141
1882690 142
1882700 142
1882710 142
1882720 142
1882730 142
1882740 141
1882750 141
1882760 141
1882770 141
1882780 141
1882790 141
1882800 141
1882810 141
1882820 141
1882830 141
1882840 141
1882850 141
1882860 141
1882870 141
1882880 142
1882890 142
1882900 142
1882910 141
1882920 141
1882930 141
1882940 141
1882950 141
1882960 141
1882970 141
1882980 141
1882990 141
1883000 141
1883010 140
1883020 140
1883030 138
1883040 140
1883050 140
1883060 142
1883070 142
1883080 142
1883090 142
1883100 141
1883110 141
1883120 141
1883130 141
1883140 141
1883150 141
1883160 141
1883170 141
1883180 141
1883190 141
1883200 141
1883210 141
1883220 141
1883230 141
1883240 141
1883250 141
1883260 141
1883270 141
1883280 141
1883290 141
1883300 141
1883310 141
1883320 141
1883330 141
1883340 141
1883350 141
1883360 141
1883370 141
1883380 141
1883390 141
1883400 141
1883410 141
1883420 141
1883430 141
1883440 141
1883450 141
1883460 141
1883470 141
1883480 141
1883490 141
1883500 141
1883510 141
1883520 141
1883530 141
1883540 141
1883550 141
1883560 141
1883570 141
1883580 140
1883590 140
1883600 140
1883610 140
1883620 140
1883630 140
1883640 140
1883650 140
1883660 141
1883670 141
1883680 141
1883690 141
1883700 141
1883710 141
1883720 141
1883730 141
1883740 141
1883750 141
1883760 141
1883770 141
1883780 141
1883790 141
1883800 141
1883810 141
1883820 141
1883830 141
1883840 141
1883850 141
1883860 141
1883870 141
1883880 141
1883890 141
1883900 141
1883910 141
1883920 141
1883930 141
1883940 141
1883950 141
1883960 141
1883970 141
1883980 141
1883990 141
1884000 141
1884010 141
1884020 141
1884030 141
1884040 141
1884050 141
1884060 141
1884070 141
1884080 141
1884090 141
1884100 141
1884110 141
1884120 141
1884130 141
1884140 141
1884150 141
1884160 141
1884170 141
1884180 141
1884190 141
1884200 141
1884210 141
1884220 141
1884230 141
1884240 141
1884250 141
1884260 141
1884270 141
1884280 141
1884290 141
1884300 141
1884310 141
1884320 141
1884330 141
1884340 141
1884350 141
1884360 141
1884370 141
1884380 141
1884390 141
1884400 141
1884410 141
1884420 141
1884430 141
1884440 141
1884450 141
1884460 141
1884470 141
1884480 141
1884490 141
1884500 141
1884510 140
1884520 140
1884530 140
1884540 140
1884550 140
1884560 140
1884570 140
1884580 140
1884590 140
1884600 140
1884610 140
1884620 140
1884630 141
1884640 141
1884650 140
1884660 141
1884670 141
1884680 140
1884690 140
1884700 140
1884710 140
1884720 140
1884730 140
1884740 140
1884750 140
1884760 140
1884770 140
1884780 140
1884790 140
1884800 140
1884810 140
1884820 140
1884830 140
1884840 140
1884850 140
1884860 140
1884870 140
1884880 140
1884890 141
1884900 141
1884910 141
1884920 140
1884930 140
1884940 140
1884950 140
1884960 141
1884970 141
1884980 140
1884990 140
1885000 140
1885010 141
1885020 141
1885030 141
1885040 140
1885050 140
1885060 140
1885070 140
1885080 140
1885090 140
1885100 140
1885110 140
1885120 140
1885130 140
1885140 140
1885150 140
1885160 141
1885170 141
1885180 141
1885190 141
1885200 141
1885210 141
1885220 141
1885230 141
1885240 141
1885250 141
1885260 140
1885270 140
1885280 139
1885290 138
1885300 138
1885310 137
1885320 137
1885330 137
1885340 137
1885350 137
1885360 137
1885370 137
1885380 137
1885390 137
1885400 137
1885410 137
1885420 137
1885430 137
1885440 137
1885450 137
1885460 137
1885470 137
1885480 137
1885490 137
1885500 137
1885510 137
1885520 140
1885530 142
1885540 142
1885550 143
1885560 142
1885570 142
1885580 142
1885590 142
1885600 142
1885610 141
1885620 141
1885630 141
1885640 141
1885650 141
1885660 141
1885670 141
1885680 141
1885690 141
1885700 141
1885710 141
1885720 141
1885730 141
1885740 141
1885750 141
1885760 140
1885770 140
1885780 140
1885790 140
1885800 140
1885810 140
1885820 140
1885830 140
1885840 140
1885850 140
1885860 140
1885870 140
1885880 140
1885890 138
1885900 138
1885910 140
1885920 140
1885930 140
1885940 140
1885950 140
1885960 140
1885970 140
1885980 140
1885990 140
1886000 140
1886010 140
1886020 140
1886030 140
1886040 140
1886050 140
1886060 140
1886070 140
1886080 140
1886090 140
1886100 140
1886110 140
1886120 140
1886130 140
1886140 140
1886150 140
1886160 141
1886170 141
1886180 140
1886190 139
1886200 139
1886210 141
1886220 141
1886230 141
1886240 141
1886250 141
1886260 141
1886270 141
1886280 141
1886290 141
1886300 138
1886310 136
1886320 136
1886330 136
1886340 136
1886350 136
1886360 136
1886370 136
1886380 136
1886390 136
1886400 136
1886410 136
1886420 136
1886430 136
1886440 136
1886450 136
1886460 136
1886470 136
1886480 136
1886490 136
1886500 136
1886510 136
1886520 136
1886530 136
1886540 136
1886550 136
1886560 136
1886570 136
1886580 136
1886590 136
1886600 136
1886610 136
1886620 136
1886630 136
1886640 136
1886650 136
1886660 136
1886670 136
1886680 136
1886690 136
1886700 136
1886710 136
1886720 137
1886730 139
1886740 139
1886750 141
1886760 143
1886770 143
1886780 156
1886790 169
1886800 169
1886810 175
1886820 180
1886830 180
1886840 181
1886850 182
1886860 182
1886870 183
1886880 185
1886890 185
1886900 187
1886910 187
1886920 187
1886930 188
1886940 188
1886950 188
1886960 189
1886970 190
1886980 190
1886990 192
1887000 193
1887010 193
1887020 194
1887030 199
1887040 199
1887050 205
1887060 206
1887070 206
1887080 208
1887090 211
1887100 211
1887110 215
1887120 219
1887130 226
1887140 226
1887150 231
1887160 235
1887170 235
1887180 238
1887190 241
1887200 241
1887210 244
1887220 245
1887230 245
1887240 236
1887250 236
1887260 236
1887270 236
1887280 237
1887290 237
1887300 239
1887310 242
1887320 242
1887330 246
1887340 247
1887350 247
1887360 247
1887370 248
1887380 248
1887390 249
1887400 250
1887410 250
1887420 251
1887430 253
1887440 253
1887450 255
1887460 256
1887470 256
1887480 259
1887490 260
1887500 260
1887510 261
1887520 261
1887530 261
1887540 261
1887550 261
1887560 259
1887570 259
1887580 259
1887590 259
1887600 260
1887610 261
1887620 261
1887630 261
1887640 262
1887650 262
1887660 262
1887670 263
1887680 263
1887690 263
1887700 263
1887710 263
1887720 263
1887730 263
1887740 263
1887750 263
1887760 262
1887770 262
1887780 262
1887790 260
1887800 260
1887810 260
1887820 259
1887830 259
1887840 258
1887850 257
1887860 257
1887870 256
1887880 254
1887890 254
1887900 254
1887910 250
1887920 250
1887930 249
1887940 248
1887950 248
1887960 247
1887970 245
1887980 245
1887990 242
1888000 241
1888010 241
1888020 240
1888030 239
1888040 239
1888050 239
1888060 238
1888070 238
1888080 237
1888090 236
1888100 236
1888110 235
1888120 234
1888130 234
1888140 231
1888150 230
1888160 230
1888170 229
1888180 229
1888190 229
1888200 223
1888210 220
1888220 220
1888230 217
1888240 216
1888250 216
1888260 214
1888270 211
1888280 211
1888290 207
1888300 204
1888310 204
1888320 203
1888330 201
1888340 201
1888350 199
1888360 196
1888370 196
1888380 193
1888390 190
1888400 190
1888410 188
1888420 185
1888430 185
1888440 182
1888450 178
1888460 178
1888470 175
1888480 171
1888490 171
1888500 169
1888510 166
1888520 166
1888530 164
1888540 163
1888550 163
1888560 162
1888570 160
1888580 160
1888590 158
1888600 156
1888610 156
1888620 155
1888630 154
1888640 154
1888650 153
1888660 152
1888670 152
1888680 151
1888690 150
1888700 150
1888710 150
1888720 150
1888730 150
1888740 150
1888750 150
1888760 150
1888770 149
1888780 149
1888790 149
1888800 148
1888810 148
1888820 148
1888830 147
1888840 143
1888850 143
1888860 142
1888870 141
1888880 141
1888890 141
1888900 141
1888910 141
1888920 140
1888930 140
1888940 140
1888950 140
1888960 140
1888970 140
1888980 140
1888990 139
1889000 139
1889010 139
1889020 139
1889030 139
1889040 139
1889050 139
1889060 139
1889070 139
1889080 139
1889090 139
1889100 140
1889110 140
1889120 140
1889130 141
1889140 141
1889150 141
1889160 140
1889170 141
1889180 141
1889190 141
1889200 141
1889210 141
1889220 141
1889230 141
1889240 141
1889250 141
1889260 141
1889270 141
1889280 141
1889290 141
1889300 141
1889310 141
1889320 141
1889330 141
1889340 141
1889350 141
1889360 141
1889370 141
1889380 141
1889390 141
1889400 141
1889410 141
1889420 141
1889430 141
1889440 141
1889450 141
1889460 141
1889470 140
1889480 141
1889490 141
1889500 141
1889510 141
1889520 141
1889530 140
1889540 140
1889550 140
1889560 140
1889570 140
1889580 140
1889590 140
1889600 140
1889610 140
1889620 140
1889630 140
1889640 140
1889650 140
1889660 140
1889670 140
1889680 141
1889690 141
1889700 140
1889710 141
1889720 141
1889730 141
1889740 140
1889750 140
1889760 140
1889770 140
1889780 140
1889790 140
1889800 140
1889810 140
1889820 140
1889830 140
1889840 140
1889850 140
1889860 141
1889870 141
1889880 141
1889890 141
1889900 141
1889910 140
1889920 140
1889930 140
1889940 140
1889950 140
1889960 140
1889970 140
1889980 140
1889990 140
1890000 140
1890010 140
1890020 140
1890030 140
1890040 140
1890050 140
1890060 139
1890070 140
1890080 140
1890090 140
1890100 140
1890110 140
1890120 140
1890130 141
1890140 141
1890150 140
1890160 140
1890170 140
1890180 140
1890190 140
1890200 140
1890210 140
1890220 140
1890230 140
1890240 140
1890250 140
1890260 140
1890270 140
1890280 140
1890290 140
1890300 139
1890310 139
1890320 139
1890330 139
1890340 139
1890350 139
1890360 138
1890370 138
1890380 138
1890390 138
1890400 138
1890410 138
1890420 138
1890430 138
1890440 138
1890450 138
1890460 139
1890470 139
1890480 139
1890490 139
1890500 139
1890510 139
1890520 139
1890530 139
1890540 138
1890550 138
1890560 138
1890570 138
1890580 138
1890590 138
1890600 138
1890610 138
1890620 138
1890630 138
1890640 140
1890650 140
1890660 140
1890670 140
1890680 140
1890690 140
1890700 140
1890710 140
1890720 140
1890730 140
1890740 140
1890750 140
1890760 140
1890770 140
1890780 140
1890790 140
1890800 140
1890810 140
1890820 140
1890830 140
1890840 140
1890850 140
1890860 140
1890870 140
1890880 140
1890890 140
1890900 140
1890910 140
1890920 140
1890930 140
1890940 140
1890950 140
1890960 140
1890970 140
1890980 140
1890990 140
1891000 140
1891010 140
1891020 140
1891030 140
1891040 140
1891050 140
1891060 140
1891070 140
1891080 140
1891090 140
1891100 140
1891110 140
1891120 140
1891130 140
1891140 140
1891150 140
1891160 140
1891170 140
1891180 140
1891190 140
1891200 140
1891210 140
1891220 140
1891230 140
1891240 140
1891250 140
1891260 140
1891270 140
1891280 140
1891290 140
1891300 140
1891310 140
1891320 140
1891330 140
1891340 140
1891350 140
1891360 140
1891370 140
1891380 140
1891390 140
1891400 140
1891410 140
1891420 140
1891430 140
1891440 140
1891450 140
1891460 140
1891470 140
1891480 140
1891490 140
1891500 140
1891510 139
1891520 139
1891530 139
1891540 139
1891550 139
1891560 139
1891570 138
1891580 138
1891590 138
1891600 138
1891610 138
1891620 138
1891630 139
1891640 139
1891650 139
1891660 139
1891670 139
1891680 139
1891690 139
1891700 139
1891710 139
1891720 139
1891730 138
1891740 138
1891750 139
1891760 139
1891770 139
1891780 137
1891790 135
1891800 135
1891810 138
1891820 139
1891830 139
1891840 140
1891850 140
1891860 140
1891870 140
1891880 140
1891890 140
1891900 140
1891910 140
1891920 140
1891930 140
1891940 140
1891950 140
1891960 140
1891970 140
1891980 140
1891990 139
1892000 139
1892010 139
1892020 139
1892030 139
1892040 139
1892050 139
1892060 139
1892070 139
1892080 139
1892090 139
1892100 139
1892110 139
1892120 139
1892130 139
1892140 139
1892150 139
1892160 139
1892170 139
1892180 138
1892190 138
1892200 137
1892210 138
1892220 138
1892230 139
1892240 139
1892250 139
1892260 139
1892270 139
1892280 139
1892290 139
1892300 139
1892310 139
1892320 139
1892330 139
1892340 139
1892350 139
1892360 139
1892370 139
1892380 139
1892390 140
1892400 140
1892410 139
1892420 140
1892430 140
1892440 140
1892450 140
1892460 140
1892470 139
1892480 138
1892490 138
1892500 136
1892510 134
1892520 134
1892530 134
1892540 134
1892550 134
1892560 134
1892570 134
1892580 134
1892590 134
1892600 134
1892610 134
1892620 134
1892630 134
1892640 134
1892650 134
1892660 134
1892670 134
1892680 134
1892690 134
1892700 134
1892710 134
1892720 134
1892730 134
1892740 134
1892750 134
1892760 134
1892770 134
1892780 134
1892790 134
1892800 134
1892810 134
1892820 134
1892830 134
1892840 134
1892850 134
1892860 134
1892870 134
1892880 134
1892890 134
1892900 134
1892910 134
1892920 134
1892930 134
1892940 134
1892950 134
1892960 134
1892970 134
1892980 134
1892990 134
1893000 134
1893010 134
1893020 134
1893030 134
1893040 134
1893050 134
1893060 134
1893070 134
1893080 134
1893090 134
1893100 134
1893110 134
1893120 134
1893130 134
1893140 134
1893150 134
1893160 134
1893170 134
1893180 134
1893190 134
1893200 134
1893210 134
1893220 134
1893230 134
1893240 134
1893250 134
1893260 134
1893270 134
1893280 134
