1880000 142
1880010 142
1880020 142
1880030 142
1880040 142
1880050 141
1880060 141
1880070 141
1880080 141
1880090 142
1880100 141
1880110 141
1880120 141
1880130 141
1880140 141
1880150 141
1880160 141
1880170 142
1880180 142
1880190 142
1880200 142
1880210 143
1880220 143
1880230 142
1880240 142
1880250 142
1880260 142
1880270 142
1880280 142
1880290 142
1880300 142
1880310 142
1880320 142
1880330 142
1880340 142
1880350 142
1880360 142
1880370 142
1880380 142
1880390 142
1880400 142
1880410 142
1880420 142
1880430 142
1880440 142
1880450 142
1880460 142
1880470 142
1880480 142
1880490 142
1880500 142
1880510 142
1880520 142
1880530 142
1880540 142
1880550 142
1880560 142
1880570 142
1880580 142
1880590 142
1880600 142
1880610 142
1880620 142
1880630 142
1880640 142
1880650 142
1880660 142
1880670 142
1880680 142
1880690 142
1880700 142
1880710 142
1880720 142
1880730 140
1880740 140
1880750 139
1880760 139
1880770 139
1880780 140
1880790 141
1880800 141
1880810 142
1880820 142
1880830 142
1880840 142
1880850 142
1880860 142
1880870 142
1880880 142
1880890 142
1880900 142
1880910 142
1880920 142
1880930 142
1880940 142
1880950 142
1880960 142
1880970 142
1880980 142
1880990 142
1881000 142
1881010 142
1881020 143
1881030 143
1881040 143
1881050 143
1881060 143
1881070 143
1881080 143
1881090 143
1881100 143
1881110 143
1881120 143
1881130 143
1881140 143
1881150 142
1881160 142
1881170 142
1881180 143
1881190 143
1881200 142
1881210 143
1881220 143
1881230 143
1881240 143
1881250 143
1881260 142
1881270 142
1881280 142
1881290 142
1881300 142
1881310 142
1881320 142
1881330 142
1881340 142
1881350 143
1881360 144
1881370 144
1881380 145
1881390 144
1881400 145
1881410 144
1881420 143
1881430 143
1881440 141
1881450 141
1881460 141
1881470 141
1881480 141
1881490 141
1881500 141
1881510 142
1881520 142
1881530 144
1881540 145
1881550 145
1881560 144
1881570 143
1881580 143
1881590 142
1881600 142
1881610 142
1881620 142
1881630 142
1881640 142
1881650 142
1881660 142
1881670 142
1881680 142
1881690 142
1881700 142
1881710 142
1881720 142
1881730 142
1881740 142
1881750 142
1881760 142
1881770 141
1881780 141
1881790 141
1881800 142
1881810 142
1881820 142
1881830 142
1881840 142
1881850 142
1881860 142
1881870 142
1881880 142
1881890 142
1881900 142
1881910 142
1881920 142
1881930 142
1881940 142
1881950 142
1881960 142
1881970 142
1881980 142
1881990 141
1882000 141
1882010 142
1882020 142
1882030 142
1882040 141
1882050 141
1882060 141
1882070 141
1882080 141
1882090 141
1882100 141
1882110 140
1882120 140
1882130 140
1882140 140
1882150 140
1882160 141
1882170 141
1882180 141
1882190 141
1882200 141
1882210 141
1882220 142
1882230 142
1882240 142
1882250 142
1882260 142
1882270 142
1882280 142
1882290 142
1882300 142
1882310 141
1882320 141
1882330 141
1882340 142
1882350 142
1882360 142
1882370 141
1882380 141
1882390 141
1882400 142
1882410 141
1882420 141
1882430 142
1882440 142
1882450 142
1882460 142
1882470 141
1882480 141
1882490 139
1882500 138
1882510 138
1882520 138
1882530 138
1882540 138
1882550 138
1882560 138
1882570 138
1882580 139
1882590 139
1882600 139
1882610 140
1882620 140
1882630 140
1882640 141
1882650 142
1882660 142
1882670 142
1882680 142
1882690 142
1882700 142
1882710 141
1882720 141
1882730 141
1882740 141
1882750 141
1882760 141
1882770 141
1882780 141
1882790 141
1882800 141
1882810 141
1882820 141
1882830 141
1882840 141
1882850 141
1882860 141
1882870 141
1882880 141
1882890 141
1882900 141
1882910 141
1882920 141
1882930 141
1882940 141
1882950 141
1882960 141
1882970 141
1882980 140
1882990 140
1883000 141
1883010 141
1883020 141
1883030 141
1883040 141
1883050 141
1883060 141
1883070 141
1883080 141
1883090 141
1883100 141
1883110 141
1883120 141
1883130 141
1883140 141
1883150 141
1883160 141
1883170 141
1883180 140
1883190 140
1883200 140
1883210 141
1883220 141
1883230 141
1883240 141
1883250 141
1883260 141
1883270 141
1883280 141
1883290 141
1883300 141
1883310 141
1883320 141
1883330 141
1883340 141
1883350 141
1883360 141
1883370 141
1883380 141
1883390 141
1883400 141
1883410 141
1883420 141
1883430 141
1883440 141
1883450 141
1883460 141
1883470 141
1883480 141
1883490 141
1883500 141
1883510 141
1883520 140
1883530 140
1883540 140
1883550 141
1883560 141
1883570 141
1883580 141
1883590 141
1883600 141
1883610 141
1883620 141
1883630 141
1883640 141
1883650 141
1883660 141
1883670 141
1883680 141
1883690 141
1883700 141
1883710 141
1883720 141
1883730 141
1883740 141
1883750 141
1883760 141
1883770 141
1883780 141
1883790 141
1883800 141
1883810 141
1883820 141
1883830 141
1883840 141
1883850 141
1883860 141
1883870 141
1883880 141
1883890 141
1883900 141
1883910 141
1883920 141
1883930 141
1883940 141
1883950 141
1883960 141
1883970 141
1883980 141
1883990 141
1884000 141
1884010 141
1884020 141
1884030 141
1884040 141
1884050 141
1884060 141
1884070 141
1884080 141
1884090 141
1884100 141
1884110 141
1884120 141
1884130 141
1884140 141
1884150 141
1884160 141
1884170 141
1884180 141
1884190 141
1884200 141
1884210 141
1884220 141
1884230 141
1884240 141
1884250 141
1884260 141
1884270 141
1884280 141
1884290 141
1884300 141
1884310 141
1884320 141
1884330 141
1884340 141
1884350 141
1884360 141
1884370 141
1884380 141
1884390 140
1884400 140
1884410 140
1884420 140
1884430 140
1884440 140
1884450 141
1884460 141
1884470 141
1884480 141
1884490 141
1884500 141
1884510 141
1884520 141
1884530 141
1884540 141
1884550 141
1884560 141
1884570 141
1884580 141
1884590 141
1884600 141
1884610 141
1884620 141
1884630 141
1884640 141
1884650 141
1884660 141
1884670 140
1884680 140
1884690 140
1884700 140
1884710 140
1884720 140
1884730 140
1884740 140
1884750 140
1884760 140
1884770 140
1884780 140
1884790 140
1884800 140
1884810 140
1884820 140
1884830 140
1884840 141
1884850 141
1884860 141
1884870 141
1884880 141
1884890 141
1884900 140
1884910 141
1884920 141
1884930 141
1884940 141
1884950 141
1884960 141
1884970 141
1884980 141
1884990 141
1885000 141
1885010 141
1885020 141
1885030 141
1885040 141
1885050 141
1885060 141
1885070 141
1885080 141
1885090 141
1885100 141
1885110 141
1885120 141
1885130 141
1885140 141
1885150 142
1885160 142
1885170 142
1885180 141
1885190 141
1885200 141
1885210 140
1885220 140
1885230 138
1885240 138
1885250 138
1885260 138
1885270 137
1885280 137
1885290 137
1885300 137
1885310 137
1885320 137
1885330 137
1885340 137
1885350 137
1885360 137
1885370 137
1885380 137
1885390 137
1885400 137
1885410 137
1885420 137
1885430 137
1885440 137
1885450 137
1885460 137
1885470 138
1885480 140
1885490 140
1885500 142
1885510 142
1885520 142
1885530 143
1885540 142
1885550 142
1885560 142
1885570 142
1885580 142
1885590 142
1885600 142
1885610 142
1885620 141
1885630 141
1885640 141
1885650 141
1885660 141
1885670 141
1885680 141
1885690 141
1885700 141
1885710 141
1885720 141
1885730 141
1885740 141
1885750 140
1885760 140
1885770 141
1885780 141
1885790 141
1885800 141
1885810 141
1885820 141
1885830 141
1885840 140
1885850 140
1885860 139
1885870 139
1885880 139
1885890 139
1885900 140
1885910 140
1885920 140
1885930 141
1885940 141
1885950 141
1885960 140
1885970 140
1885980 140
1885990 140
1886000 140
1886010 140
1886020 140
1886030 140
1886040 140
1886050 140
1886060 140
1886070 140
1886080 140
1886090 140
1886100 140
1886110 140
1886120 140
1886130 141
1886140 141
1886150 141
1886160 139
1886170 141
1886180 141
1886190 142
1886200 142
1886210 142
1886220 141
1886230 141
1886240 141
1886250 141
1886260 139
1886270 140
1886280 137
1886290 136
1886300 136
1886310 136
1886320 136
1886330 136
1886340 136
1886350 136
1886360 136
1886370 136
1886380 136
1886390 136
1886400 136
1886410 136
1886420 136
1886430 136
1886440 136
1886450 136
1886460 136
1886470 136
1886480 136
1886490 136
1886500 136
1886510 136
1886520 136
1886530 136
1886540 136
1886550 136
1886560 136
1886570 136
1886580 136
1886590 136
1886600 136
1886610 136
1886620 136
1886630 136
1886640 136
1886650 136
1886660 136
1886670 136
1886680 136
1886690 136
1886700 138
1886710 141
1886720 141
1886730 144
1886740 155
1886750 155
1886760 169
1886770 177
1886780 177
1886790 182
1886800 182
1886810 182
1886820 182
1886830 183
1886840 183
1886850 184
1886860 186
1886870 186
1886880 188
1886890 190
1886900 190
1886910 191
1886920 191
1886930 191
1886940 192
1886950 197
1886960 197
1886970 203
1886980 203
1886990 203
1887000 204
1887010 209
1887020 209
1887030 213
1887040 218
1887050 218
1887060 225
1887070 228
1887080 228
1887090 231
1887100 235
1887110 235
1887120 237
1887130 238
1887140 238
1887150 245
1887160 256
1887170 256
1887180 260
1887190 263
1887200 263
1887210 265
1887220 266
1887230 260
1887240 259
1887250 259
1887260 259
1887270 258
1887280 258
1887290 258
1887300 259
1887310 259
1887320 259
1887330 260
1887340 261
1887350 261
1887360 261
1887370 262
1887380 262
1887390 262
1887400 263
1887410 263
1887420 264
1887430 266
1887440 266
1887450 268
1887460 270
1887470 270
1887480 271
1887490 271
1887500 271
1887510 271
1887520 271
1887530 271
1887540 272
1887550 272
1887560 270
1887570 270
1887580 271
1887590 271
1887600 271
1887610 271
1887620 271
1887630 272
1887640 271
1887650 271
1887660 271
1887670 272
1887680 272
1887690 273
1887700 274
1887710 274
1887720 273
1887730 272
1887740 272
1887750 272
1887760 272
1887770 272
1887780 271
1887790 270
1887800 270
1887810 270
1887820 269
1887830 269
1887840 266
1887850 264
1887860 264
1887870 263
1887880 261
1887890 261
1887900 259
1887910 257
1887920 257
1887930 256
1887940 255
1887950 255
1887960 254
1887970 252
1887980 252
1887990 250
1888000 249
1888010 249
1888020 247
1888030 246
1888040 246
1888050 246
1888060 244
1888070 244
1888080 241
1888090 238
1888100 238
1888110 236
1888120 235
1888130 235
1888140 234
1888150 233
1888160 233
1888170 232
1888180 231
1888190 231
1888200 227
1888210 222
1888220 222
1888230 218
1888240 215
1888250 215
1888260 213
1888270 211
1888280 211
1888290 210
1888300 206
1888310 206
1888320 203
1888330 200
1888340 200
1888350 197
1888360 195
1888370 195
1888380 193
1888390 191
1888400 191
1888410 187
1888420 185
1888430 185
1888440 183
1888450 181
1888460 181
1888470 179
1888480 176
1888490 176
1888500 174
1888510 172
1888520 170
1888530 168
1888540 166
1888550 166
1888560 165
1888570 165
1888580 165
1888590 164
1888600 163
1888610 163
1888620 161
1888630 159
1888640 159
1888650 158
1888660 157
1888670 157
1888680 155
1888690 154
1888700 154
1888710 153
1888720 152
1888730 152
1888740 152
1888750 151
1888760 151
1888770 150
1888780 149
1888790 149
1888800 148
1888810 148
1888820 148
1888830 147
1888840 147
1888850 147
1888860 147
1888870 146
1888880 146
1888890 146
1888900 144
1888910 144
1888920 142
1888930 142
1888940 142
1888950 141
1888960 141
1888970 141
1888980 141
1888990 141
1889000 141
1889010 142
1889020 141
1889030 141
1889040 141
1889050 141
1889060 141
1889070 141
1889080 141
1889090 141
1889100 141
1889110 141
1889120 140
1889130 140
1889140 140
1889150 141
1889160 141
1889170 141
1889180 141
1889190 141
1889200 141
1889210 141
1889220 141
1889230 141
1889240 141
1889250 141
1889260 141
1889270 141
1889280 141
1889290 141
1889300 142
1889310 142
1889320 141
1889330 141
1889340 141
1889350 141
1889360 141
1889370 141
1889380 141
1889390 141
1889400 141
1889410 141
1889420 141
1889430 141
1889440 140
1889450 140
1889460 140
1889470 140
1889480 140
1889490 140
1889500 140
1889510 140
1889520 140
1889530 140
1889540 140
1889550 140
1889560 140
1889570 140
1889580 140
1889590 140
1889600 140
1889610 140
1889620 140
1889630 140
1889640 140
1889650 140
1889660 140
1889670 140
1889680 140
1889690 140
1889700 140
1889710 141
1889720 141
1889730 141
1889740 141
1889750 141
1889760 141
1889770 140
1889780 140
1889790 140
1889800 140
1889810 140
1889820 140
1889830 140
1889840 140
1889850 140
1889860 140
1889870 140
1889880 140
1889890 140
1889900 140
1889910 140
1889920 140
1889930 140
1889940 140
1889950 140
1889960 140
1889970 140
1889980 140
1889990 140
1890000 140
1890010 140
1890020 140
1890030 140
1890040 140
1890050 140
1890060 140
1890070 140
1890080 139
1890090 139
1890100 139
1890110 140
1890120 140
1890130 140
1890140 140
1890150 140
1890160 140
1890170 140
1890180 140
1890190 140
1890200 140
1890210 140
1890220 140
1890230 140
1890240 140
1890250 140
1890260 140
1890270 140
1890280 140
1890290 140
1890300 140
1890310 139
1890320 139
1890330 139
1890340 139
1890350 139
1890360 139
1890370 139
1890380 139
1890390 139
1890400 139
1890410 139
1890420 139
1890430 139
1890440 139
1890450 139
1890460 140
1890470 140
1890480 140
1890490 140
1890500 140
1890510 140
1890520 139
1890530 139
1890540 139
1890550 139
1890560 139
1890570 139
1890580 139
1890590 139
1890600 139
1890610 139
1890620 139
1890630 139
1890640 140
1890650 140
1890660 140
1890670 140
1890680 140
1890690 140
1890700 140
1890710 140
1890720 140
1890730 140
1890740 140
1890750 140
1890760 140
1890770 140
1890780 140
1890790 140
1890800 140
1890810 140
1890820 140
1890830 140
1890840 140
1890850 140
1890860 140
1890870 140
1890880 140
1890890 140
1890900 140
1890910 140
1890920 140
1890930 140
1890940 140
1890950 140
1890960 140
1890970 140
1890980 140
1890990 140
1891000 140
1891010 140
1891020 140
1891030 140
1891040 140
1891050 140
1891060 140
1891070 140
1891080 140
1891090 140
1891100 140
1891110 140
1891120 140
1891130 140
1891140 140
1891150 140
1891160 140
1891170 140
1891180 140
1891190 140
1891200 140
1891210 140
1891220 140
1891230 140
1891240 140
1891250 140
1891260 140
1891270 140
1891280 140
1891290 140
1891300 140
1891310 140
1891320 140
1891330 140
1891340 140
1891350 140
1891360 140
1891370 140
1891380 140
1891390 140
1891400 140
1891410 140
1891420 140
1891430 140
1891440 140
1891450 140
1891460 140
1891470 140
1891480 140
1891490 140
1891500 140
1891510 141
1891520 141
1891530 141
1891540 140
1891550 139
1891560 139
1891570 139
1891580 138
1891590 138
1891600 138
1891610 138
1891620 138
1891630 138
1891640 138
1891650 138
1891660 139
1891670 139
1891680 139
1891690 139
1891700 139
1891710 139
1891720 139
1891730 138
1891740 138
1891750 139
1891760 139
1891770 139
1891780 136
1891790 136
1891800 136
1891810 139
1891820 139
1891830 139
1891840 139
1891850 140
1891860 140
1891870 140
1891880 140
1891890 140
1891900 140
1891910 139
1891920 139
1891930 139
1891940 139
1891950 139
1891960 139
1891970 139
1891980 139
1891990 139
1892000 139
1892010 139
1892020 139
1892030 139
1892040 139
1892050 139
1892060 139
1892070 139
1892080 139
1892090 139
1892100 139
1892110 139
1892120 139
1892130 139
1892140 139
1892150 139
1892160 139
1892170 138
1892180 138
1892190 138
1892200 137
1892210 138
1892220 138
1892230 139
1892240 139
1892250 139
1892260 139
1892270 139
1892280 139
1892290 139
1892300 139
1892310 139
1892320 138
1892330 138
1892340 138
1892350 138
1892360 138
1892370 138
1892380 138
1892390 139
1892400 139
1892410 139
1892420 139
1892430 139
1892440 139
1892450 139
1892460 139
1892470 139
1892480 139
1892490 139
1892500 139
1892510 139
1892520 139
1892530 136
1892540 134
1892550 134
1892560 134
1892570 134
1892580 134
1892590 134
1892600 134
1892610 134
1892620 134
1892630 134
1892640 134
1892650 134
1892660 134
1892670 134
1892680 134
1892690 134
1892700 134
1892710 134
1892720 134
1892730 134
1892740 134
1892750 134
1892760 134
1892770 134
1892780 134
1892790 134
1892800 134
1892810 134
1892820 134
1892830 134
1892840 134
1892850 134
1892860 134
1892870 134
1892880 134
1892890 134
1892900 134
1892910 134
1892920 134
1892930 134
1892940 134
1892950 134
1892960 134
1892970 134
1892980 134
1892990 134
1893000 134
1893010 134
1893020 134
1893030 134
1893040 134
1893050 134
1893060 134
1893070 134
1893080 134
1893090 134
1893100 134
1893110 134
1893120 134
1893130 134
1893140 134
1893150 134
1893160 134
1893170 134
1893180 134
1893190 134
1893200 134
1893210 134
1893220 134
1893230 134
1893240 134
1893250 134
1893260 134
1893270 134
1893280 134
1893290 134
1893300 134
1893310 134
1893320 134
1893330 134
1893340 134
1893350 134
1893360 134
1893370 134
1893380 134
1893390 134
1880000 142
1880010 142
1880020 142
1880030 142
1880040 142
1880050 141
1880060 141
1880070 141
1880080 141
1880090 142
1880100 141
1880110 141
1880120 141
1880130 141
1880140 141
1880150 141
1880160 141
1880170 142
1880180 142
1880190 142
1880200 142
1880210 143
1880220 143
1880230 142
1880240 142
1880250 142
1880260 142
1880270 142
1880280 142
1880290 142
1880300 142
1880310 142
1880320 142
1880330 142
1880340 142
1880350 142
1880360 142
1880370 142
1880380 142
1880390 142
1880400 142
1880410 142
1880420 142
1880430 142
1880440 142
1880450 142
1880460 142
1880470 142
1880480 142
1880490 142
1880500 142
1880510 142
1880520 142
1880530 142
1880540 142
1880550 142
1880560 142
1880570 142
1880580 142
1880590 142
1880600 142
1880610 142
1880620 142
1880630 142
1880640 142
1880650 142
1880660 142
1880670 142
1880680 142
1880690 142
1880700 142
1880710 142
1880720 142
1880730 140
1880740 140
1880750 139
1880760 139
1880770 139
1880780 140
1880790 141
1880800 141
1880810 142
1880820 142
1880830 142
1880840 142
1880850 142
1880860 142
1880870 142
1880880 142
1880890 142
1880900 142
1880910 142
1880920 142
1880930 142
1880940 142
1880950 142
1880960 142
1880970 142
1880980 142
1880990 142
1881000 142
1881010 142
1881020 143
1881030 143
1881040 143
1881050 143
1881060 143
1881070 143
1881080 143
1881090 143
1881100 143
1881110 143
1881120 143
1881130 143
1881140 143
1881150 142
1881160 142
1881170 142
1881180 143
1881190 143
1881200 142
1881210 143
1881220 143
1881230 143
1881240 143
1881250 143
1881260 142
1881270 142
1881280 142
1881290 142
1881300 142
1881310 142
1881320 142
1881330 142
1881340 142
1881350 143
1881360 144
1881370 144
1881380 145
1881390 144
1881400 145
1881410 144
1881420 143
1881430 143
1881440 141
1881450 141
1881460 141
1881470 141
1881480 141
1881490 141
1881500 141
1881510 142
1881520 142
1881530 144
1881540 145
1881550 145
1881560 144
1881570 143
1881580 143
1881590 142
1881600 142
1881610 142
1881620 142
1881630 142
1881640 142
1881650 142
1881660 142
1881670 142
1881680 142
1881690 142
1881700 142
1881710 142
1881720 142
1881730 142
1881740 142
1881750 142
1881760 142
1881770 141
1881780 141
1881790 141
1881800 142
1881810 142
1881820 142
1881830 142
1881840 142
1881850 142
1881860 142
1881870 142
1881880 142
1881890 142
1881900 142
1881910 142
1881920 142
1881930 142
1881940 142
1881950 142
1881960 142
1881970 142
1881980 142
1881990 141
1882000 141
1882010 142
1882020 142
1882030 142
1882040 141
1882050 141
1882060 141
1882070 141
1882080 141
1882090 141
1882100 141
1882110 140
1882120 140
1882130 140
1882140 140
1882150 140
1882160 141
1882170 141
1882180 141
1882190 141
1882200 141
1882210 141
1882220 142
1882230 142
1882240 142
1882250 142
1882260 142
1882270 142
1882280 142
1882290 142
1882300 142
1882310 141
1882320 141
1882330 141
1882340 142
1882350 142
1882360 142
1882370 141
1882380 141
1882390 141
1882400 142
1882410 141
1882420 141
1882430 142
1882440 142
1882450 142
1882460 142
1882470 141
1882480 141
1882490 139
1882500 138
1882510 138
1882520 138
1882530 138
1882540 138
1882550 138
1882560 138
1882570 138
1882580 139
1882590 139
1882600 139
1882610 140
1882620 140
1882630 140
1882640 141
1882650 142
1882660 142
1882670 142
1882680 142
1882690 142
1882700 142
1882710 141
1882720 141
1882730 141
1882740 141
1882750 141
1882760 141
1882770 141
1882780 141
1882790 141
1882800 141
1882810 141
1882820 141
1882830 141
1882840 141
1882850 141
1882860 141
1882870 141
1882880 141
1882890 141
1882900 141
1882910 141
1882920 141
1882930 141
1882940 141
1882950 141
1882960 141
1882970 141
1882980 140
1882990 140
1883000 141
1883010 141
1883020 141
1883030 141
1883040 141
1883050 141
1883060 141
1883070 141
1883080 141
1883090 141
1883100 141
1883110 141
1883120 141
1883130 141
1883140 141
1883150 141
1883160 141
1883170 141
1883180 140
1883190 140
1883200 140
1883210 141
1883220 141
1883230 141
1883240 141
1883250 141
1883260 141
1883270 141
1883280 141
1883290 141
1883300 141
1883310 141
1883320 141
1883330 141
1883340 141
1883350 141
1883360 141
1883370 141
1883380 141
1883390 141
1883400 141
1883410 141
1883420 141
1883430 141
1883440 141
1883450 141
1883460 141
1883470 141
1883480 141
1883490 141
1883500 141
1883510 141
1883520 140
1883530 140
1883540 140
1883550 141
1883560 141
1883570 141
1883580 141
1883590 141
1883600 141
1883610 141
1883620 141
1883630 141
1883640 141
1883650 141
1883660 141
1883670 141
1883680 141
1883690 141
1883700 141
1883710 141
1883720 141
1883730 141
1883740 141
1883750 141
1883760 141
1883770 141
1883780 141
1883790 141
1883800 141
1883810 141
1883820 141
1883830 141
1883840 141
1883850 141
1883860 141
1883870 141
1883880 141
1883890 141
1883900 141
1883910 141
1883920 141
1883930 141
1883940 141
1883950 141
1883960 141
1883970 141
1883980 141
1883990 141
1884000 141
1884010 141
1884020 141
1884030 141
1884040 141
1884050 141
1884060 141
1884070 141
1884080 141
1884090 141
1884100 141
1884110 141
1884120 141
1884130 141
1884140 141
1884150 141
1884160 141
1884170 141
1884180 141
1884190 141
1884200 141
1884210 141
1884220 141
1884230 141
1884240 141
1884250 141
1884260 141
1884270 141
1884280 141
1884290 141
1884300 141
1884310 141
1884320 141
1884330 141
1884340 141
1884350 141
1884360 141
1884370 141
1884380 141
1884390 140
1884400 140
1884410 140
1884420 140
1884430 140
1884440 140
1884450 141
1884460 141
1884470 141
1884480 141
1884490 141
1884500 141
1884510 141
1884520 141
1884530 141
1884540 141
1884550 141
1884560 141
1884570 141
1884580 141
1884590 141
1884600 141
1884610 141
1884620 141
1884630 141
1884640 141
1884650 141
1884660 141
1884670 140
1884680 140
1884690 140
1884700 140
1884710 140
1884720 140
1884730 140
1884740 140
1884750 140
1884760 140
1884770 140
1884780 140
1884790 140
1884800 140
1884810 140
1884820 140
1884830 140
1884840 141
1884850 141
1884860 141
1884870 141
1884880 141
1884890 141
1884900 140
1884910 141
1884920 141
1884930 141
1884940 141
1884950 141
1884960 141
1884970 141
1884980 141
1884990 141
1885000 141
1885010 141
1885020 141
1885030 141
1885040 141
1885050 141
1885060 141
1885070 141
1885080 141
1885090 141
1885100 141
1885110 141
1885120 141
1885130 141
1885140 141
1885150 142
1885160 142
1885170 142
1885180 141
1885190 141
1885200 141
1885210 140
1885220 140
1885230 138
1885240 138
1885250 138
1885260 138
1885270 137
1885280 137
1885290 137
1885300 137
1885310 137
1885320 137
1885330 137
1885340 137
1885350 137
1885360 137
1885370 137
1885380 137
1885390 137
1885400 137
1885410 137
1885420 137
1885430 137
1885440 137
1885450 137
1885460 137
1885470 138
1885480 140
1885490 140
1885500 142
1885510 142
1885520 142
1885530 143
1885540 142
1885550 142
1885560 142
1885570 142
1885580 142
1885590 142
1885600 142
1885610 142
1885620 141
1885630 141
1885640 141
1885650 141
1885660 141
1885670 141
1885680 141
1885690 141
1885700 141
1885710 141
1885720 141
1885730 141
1885740 141
1885750 140
1885760 140
1885770 141
1885780 141
1885790 141
1885800 141
1885810 141
1885820 141
1885830 141
1885840 140
1885850 140
1885860 139
1885870 139
1885880 139
1885890 139
1885900 140
1885910 140
1885920 140
1885930 141
1885940 141
1885950 141
1885960 140
1885970 140
1885980 140
1885990 140
1886000 140
1886010 140
1886020 140
1886030 140
1886040 140
1886050 140
1886060 140
1886070 140
1886080 140
1886090 140
1886100 140
1886110 140
1886120 140
1886130 141
1886140 141
1886150 141
1886160 139
1886170 141
1886180 141
1886190 142
1886200 142
1886210 142
1886220 141
1886230 141
1886240 141
1886250 141
1886260 139
1886270 140
1886280 137
1886290 136
1886300 136
1886310 136
1886320 136
1886330 136
1886340 136
1886350 136
1886360 136
1886370 136
1886380 136
1886390 136
1886400 136
1886410 136
1886420 136
1886430 136
1886440 136
1886450 136
1886460 136
1886470 136
1886480 136
1886490 136
1886500 136
1886510 136
1886520 136
1886530 136
1886540 136
1886550 136
1886560 136
1886570 136
1886580 136
1886590 136
1886600 136
1886610 136
1886620 136
1886630 136
1886640 136
1886650 136
1886660 136
1886670 136
1886680 136
1886690 136
1886700 138
1886710 141
1886720 141
1886730 144
1886740 155
1886750 155
1886760 169
1886770 177
1886780 177
1886790 182
1886800 182
1886810 182
1886820 182
1886830 183
1886840 183
1886850 184
1886860 186
1886870 186
1886880 188
1886890 190
1886900 190
1886910 191
1886920 191
1886930 191
1886940 192
1886950 197
1886960 197
1886970 203
1886980 203
1886990 203
1887000 204
1887010 209
1887020 209
1887030 213
1887040 218
1887050 218
1887060 225
1887070 228
1887080 228
1887090 231
1887100 235
1887110 235
1887120 237
1887130 238
1887140 238
1887150 245
1887160 256
1887170 256
1887180 260
1887190 263
1887200 263
1887210 265
1887220 266
1887230 260
1887240 259
1887250 259
1887260 259
1887270 258
1887280 258
1887290 258
1887300 259
1887310 259
1887320 259
1887330 260
1887340 261
1887350 261
1887360 261
1887370 262
1887380 262
1887390 262
1887400 263
1887410 263
1887420 264
1887430 266
1887440 266
1887450 268
1887460 270
1887470 270
1887480 271
1887490 271
1887500 271
1887510 271
1887520 271
1887530 271
1887540 272
1887550 272
1887560 270
1887570 270
1887580 271
1887590 271
1887600 271
1887610 271
1887620 271
1887630 272
1887640 271
1887650 271
1887660 271
1887670 272
1887680 272
1887690 273
1887700 274
1887710 274
1887720 273
1887730 272
1887740 272
1887750 272
1887760 272
1887770 272
1887780 271
1887790 270
1887800 270
1887810 270
1887820 269
1887830 269
1887840 266
1887850 264
1887860 264
1887870 263
1887880 261
1887890 261
1887900 259
1887910 257
1887920 257
1887930 256
1887940 255
1887950 255
1887960 254
1887970 252
1887980 252
1887990 250
1888000 249
1888010 249
1888020 247
1888030 246
1888040 246
1888050 246
1888060 244
1888070 244
1888080 241
1888090 238
1888100 238
1888110 236
1888120 235
1888130 235
1888140 234
1888150 233
1888160 233
1888170 232
1888180 231
1888190 231
1888200 227
1888210 222
1888220 222
1888230 218
1888240 215
1888250 215
1888260 213
1888270 211
1888280 211
1888290 210
1888300 206
1888310 206
1888320 203
1888330 200
1888340 200
1888350 197
1888360 195
1888370 195
1888380 193
1888390 191
1888400 191
1888410 187
1888420 185
1888430 185
1888440 183
1888450 181
1888460 181
1888470 179
1888480 176
1888490 176
1888500 174
1888510 172
1888520 170
1888530 168
1888540 166
1888550 166
1888560 165
1888570 165
1888580 165
1888590 164
1888600 163
1888610 163
1888620 161
1888630 159
1888640 159
1888650 158
1888660 157
1888670 157
1888680 155
1888690 154
1888700 154
1888710 153
1888720 152
1888730 152
1888740 152
1888750 151
1888760 151
1888770 150
1888780 149
1888790 149
1888800 148
1888810 148
1888820 148
1888830 147
1888840 147
1888850 147
1888860 147
1888870 146
1888880 146
1888890 146
1888900 144
1888910 144
1888920 142
1888930 142
1888940 142
1888950 141
1888960 141
1888970 141
1888980 141
1888990 141
1889000 141
1889010 142
1889020 141
1889030 141
1889040 141
1889050 141
1889060 141
1889070 141
1889080 141
1889090 141
1889100 141
1889110 141
1889120 140
1889130 140
1889140 140
1889150 141
1889160 141
1889170 141
1889180 141
1889190 141
1889200 141
1889210 141
1889220 141
1889230 141
1889240 141
1889250 141
1889260 141
1889270 141
1889280 141
1889290 141
1889300 142
1889310 142
1889320 141
1889330 141
1889340 141
1889350 141
1889360 141
1889370 141
1889380 141
1889390 141
1889400 141
1889410 141
1889420 141
1889430 141
1889440 140
1889450 140
1889460 140
1889470 140
1889480 140
1889490 140
1889500 140
1889510 140
1889520 140
1889530 140
1889540 140
1889550 140
1889560 140
1889570 140
1889580 140
1889590 140
1889600 140
1889610 140
1889620 140
1889630 140
1889640 140
1889650 140
1889660 140
1889670 140
1889680 140
1889690 140
1889700 140
1889710 141
1889720 141
1889730 141
1889740 141
1889750 141
1889760 141
1889770 140
1889780 140
1889790 140
1889800 140
1889810 140
1889820 140
1889830 140
1889840 140
1889850 140
1889860 140
1889870 140
1889880 140
1889890 140
1889900 140
1889910 140
1889920 140
1889930 140
1889940 140
1889950 140
1889960 140
1889970 140
1889980 140
1889990 140
1890000 140
1890010 140
1890020 140
1890030 140
1890040 140
1890050 140
1890060 140
1890070 140
1890080 139
1890090 139
1890100 139
1890110 140
1890120 140
1890130 140
1890140 140
1890150 140
1890160 140
1890170 140
1890180 140
1890190 140
1890200 140
1890210 140
1890220 140
1890230 140
1890240 140
1890250 140
1890260 140
1890270 140
1890280 140
1890290 140
1890300 140
1890310 139
1890320 139
1890330 139
1890340 139
1890350 139
1890360 139
1890370 139
1890380 139
1890390 139
1890400 139
1890410 139
1890420 139
1890430 139
1890440 139
1890450 139
1890460 140
1890470 140
1890480 140
1890490 140
1890500 140
1890510 140
1890520 139
1890530 139
1890540 139
1890550 139
1890560 139
1890570 139
1890580 139
1890590 139
1890600 139
1890610 139
1890620 139
1890630 139
1890640 140
1890650 140
1890660 140
1890670 140
1890680 140
1890690 140
1890700 140
1890710 140
1890720 140
1890730 140
1890740 140
1890750 140
1890760 140
1890770 140
1890780 140
1890790 140
1890800 140
1890810 140
1890820 140
1890830 140
1890840 140
1890850 140
1890860 140
1890870 140
1890880 140
1890890 140
1890900 140
1890910 140
1890920 140
1890930 140
1890940 140
1890950 140
1890960 140
1890970 140
1890980 140
1890990 140
1891000 140
1891010 140
1891020 140
1891030 140
1891040 140
1891050 140
1891060 140
1891070 140
1891080 140
1891090 140
1891100 140
1891110 140
1891120 140
1891130 140
1891140 140
1891150 140
1891160 140
1891170 140
1891180 140
1891190 140
1891200 140
1891210 140
1891220 140
1891230 140
1891240 140
1891250 140
1891260 140
1891270 140
1891280 140
1891290 140
1891300 140
1891310 140
1891320 140
1891330 140
1891340 140
1891350 140
1891360 140
1891370 140
1891380 140
1891390 140
1891400 140
1891410 140
1891420 140
1891430 140
1891440 140
1891450 140
1891460 140
1891470 140
1891480 140
1891490 140
1891500 140
1891510 141
1891520 141
1891530 141
1891540 140
1891550 139
1891560 139
1891570 139
1891580 138
1891590 138
1891600 138
1891610 138
1891620 138
1891630 138
1891640 138
1891650 138
1891660 139
1891670 139
1891680 139
1891690 139
1891700 139
1891710 139
1891720 139
1891730 138
1891740 138
1891750 139
1891760 139
1891770 139
1891780 136
1891790 136
1891800 136
1891810 139
1891820 139
1891830 139
1891840 139
1891850 140
1891860 140
1891870 140
1891880 140
1891890 140
1891900 140
1891910 139
1891920 139
1891930 139
1891940 139
1891950 139
1891960 139
1891970 139
1891980 139
1891990 139
1892000 139
1892010 139
1892020 139
1892030 139
1892040 139
1892050 139
1892060 139
1892070 139
1892080 139
1892090 139
1892100 139
1892110 139
1892120 139
1892130 139
1892140 139
1892150 139
1892160 139
1892170 138
1892180 138
1892190 138
1892200 137
1892210 138
1892220 138
1892230 139
1892240 139
1892250 139
1892260 139
1892270 139
1892280 139
1892290 139
1892300 139
1892310 139
1892320 138
1892330 138
1892340 138
1892350 138
1892360 138
1892370 138
1892380 138
1892390 139
1892400 139
1892410 139
1892420 139
1892430 139
1892440 139
1892450 139
1892460 139
1892470 139
1892480 139
1892490 139
1892500 139
1892510 139
1892520 139
1892530 136
1892540 134
1892550 134
1892560 134
1892570 134
1892580 134
1892590 134
1892600 134
1892610 134
1892620 134
1892630 134
1892640 134
1892650 134
1892660 134
1892670 134
1892680 134
1892690 134
1892700 134
1892710 134
1892720 134
1892730 134
1892740 134
1892750 134
1892760 134
1892770 134
1892780 134
1892790 134
1892800 134
1892810 134
1892820 134
1892830 134
1892840 134
1892850 134
1892860 134
1892870 134
1892880 134
1892890 134
1892900 134
1892910 134
1892920 134
1892930 134
1892940 134
1892950 134
1892960 134
1892970 134
1892980 134
1892990 134
1893000 134
1893010 134
1893020 134
1893030 134
1893040 134
1893050 134
1893060 134
1893070 134
1893080 134
1893090 134
1893100 134
1893110 134
1893120 134
1893130 134
1893140 134
1893150 134
1893160 134
1893170 134
1893180 134
1893190 134
1893200 134
1893210 134
1893220 134
1893230 134
1893240 134
1893250 134
1893260 134
1893270 134
1893280 134
1893290 134
1893300 134
1893310 134
1893320 134
1893330 134
1893340 134
1893350 134
1893360 134
1893370 134
1893380 134
1893390 134
