1880000 142
1880010 142
1880020 142
1880030 142
1880040 142
1880050 141
1880060 142
1880070 142
1880080 142
1880090 142
1880100 142
1880110 141
1880120 141
1880130 141
1880140 141
1880150 141
1880160 141
1880170 141
1880180 141
1880190 141
1880200 141
1880210 141
1880220 141
1880230 141
1880240 141
1880250 141
1880260 141
1880270 141
1880280 141
1880290 141
1880300 141
1880310 141
1880320 141
1880330 142
1880340 142
1880350 142
1880360 142
1880370 142
1880380 142
1880390 142
1880400 142
1880410 142
1880420 142
1880430 142
1880440 142
1880450 142
1880460 142
1880470 142
1880480 142
1880490 142
1880500 142
1880510 142
1880520 142
1880530 142
1880540 142
1880550 142
1880560 142
1880570 142
1880580 142
1880590 142
1880600 142
1880610 142
1880620 142
1880630 142
1880640 142
1880650 142
1880660 142
1880670 142
1880680 142
1880690 142
1880700 142
1880710 142
1880720 141
1880730 141
1880740 141
1880750 141
1880760 141
1880770 141
1880780 141
1880790 141
1880800 140
1880810 141
1880820 141
1880830 142
1880840 142
1880850 142
1880860 142
1880870 142
1880880 142
1880890 142
1880900 142
1880910 142
1880920 142
1880930 142
1880940 142
1880950 142
1880960 142
1880970 142
1880980 142
1880990 142
1881000 142
1881010 142
1881020 142
1881030 142
1881040 142
1881050 142
1881060 141
1881070 141
1881080 141
1881090 141
1881100 141
1881110 142
1881120 142
1881130 142
1881140 142
1881150 142
1881160 142
1881170 142
1881180 143
1881190 143
1881200 142
1881210 142
1881220 142
1881230 142
1881240 143
1881250 143
1881260 146
1881270 146
1881280 146
1881290 143
1881300 143
1881310 143
1881320 143
1881330 143
1881340 143
1881350 143
1881360 142
1881370 142
1881380 142
1881390 142
1881400 142
1881410 142
1881420 142
1881430 142
1881440 142
1881450 141
1881460 141
1881470 142
1881480 142
1881490 142
1881500 142
1881510 143
1881520 142
1881530 143
1881540 143
1881550 143
1881560 143
1881570 143
1881580 143
1881590 143
1881600 142
1881610 142
1881620 142
1881630 142
1881640 142
1881650 142
1881660 142
1881670 142
1881680 142
1881690 141
1881700 141
1881710 141
1881720 141
1881730 141
1881740 141
1881750 142
1881760 142
1881770 144
1881780 145
1881790 145
1881800 145
1881810 143
1881820 143
1881830 141
1881840 141
1881850 141
1881860 141
1881870 141
1881880 141
1881890 141
1881900 141
1881910 141
1881920 141
1881930 143
1881940 143
1881950 145
1881960 145
1881970 145
1881980 143
1881990 142
1882000 142
1882010 142
1882020 142
1882030 142
1882040 142
1882050 142
1882060 142
1882070 142
1882080 142
1882090 142
1882100 142
1882110 142
1882120 142
1882130 142
1882140 142
1882150 142
1882160 142
1882170 142
1882180 142
1882190 142
1882200 142
1882210 142
1882220 142
1882230 142
1882240 142
1882250 142
1882260 142
1882270 142
1882280 142
1882290 142
1882300 142
1882310 141
1882320 142
1882330 142
1882340 141
1882350 141
1882360 141
1882370 141
1882380 141
1882390 141
1882400 141
1882410 140
1882420 140
1882430 141
1882440 141
1882450 141
1882460 140
1882470 140
1882480 140
1882490 140
1882500 140
1882510 140
1882520 140
1882530 140
1882540 140
1882550 140
1882560 141
1882570 141
1882580 141
1882590 141
1882600 141
1882610 141
1882620 141
1882630 141
1882640 142
1882650 139
1882660 139
1882670 138
1882680 138
1882690 138
1882700 141
1882710 142
1882720 142
1882730 142
1882740 141
1882750 141
1882760 141
1882770 141
1882780 141
1882790 141
1882800 141
1882810 141
1882820 140
1882830 141
1882840 141
1882850 141
1882860 141
1882870 141
1882880 141
1882890 141
1882900 141
1882910 141
1882920 141
1882930 141
1882940 140
1882950 140
1882960 140
1882970 140
1882980 141
1882990 141
1883000 140
1883010 141
1883020 141
1883030 141
1883040 141
1883050 141
1883060 141
1883070 141
1883080 141
1883090 141
1883100 141
1883110 141
1883120 142
1883130 141
1883140 141
1883150 141
1883160 141
1883170 141
1883180 142
1883190 142
1883200 142
1883210 141
1883220 140
1883230 140
1883240 140
1883250 140
1883260 140
1883270 141
1883280 140
1883290 140
1883300 141
1883310 141
1883320 141
1883330 141
1883340 141
1883350 141
1883360 141
1883370 141
1883380 141
1883390 141
1883400 141
1883410 141
1883420 141
1883430 141
1883440 141
1883450 141
1883460 141
1883470 141
1883480 141
1883490 141
1883500 141
1883510 141
1883520 141
1883530 141
1883540 141
1883550 141
1883560 141
1883570 141
1883580 141
1883590 141
1883600 141
1883610 141
1883620 141
1883630 141
1883640 141
1883650 141
1883660 141
1883670 141
1883680 141
1883690 141
1883700 141
1883710 141
1883720 141
1883730 141
1883740 141
1883750 141
1883760 141
1883770 141
1883780 141
1883790 141
1883800 141
1883810 141
1883820 140
1883830 140
1883840 140
1883850 140
1883860 140
1883870 141
1883880 141
1883890 141
1883900 140
1883910 141
1883920 141
1883930 141
1883940 141
1883950 141
1883960 141
1883970 141
1883980 141
1883990 141
1884000 141
1884010 141
1884020 141
1884030 141
1884040 141
1884050 141
1884060 140
1884070 140
1884080 140
1884090 140
1884100 140
1884110 140
1884120 140
1884130 140
1884140 140
1884150 140
1884160 140
1884170 140
1884180 140
1884190 140
1884200 140
1884210 140
1884220 140
1884230 140
1884240 140
1884250 140
1884260 140
1884270 140
1884280 140
1884290 140
1884300 140
1884310 140
1884320 140
1884330 140
1884340 140
1884350 140
1884360 140
1884370 140
1884380 140
1884390 140
1884400 140
1884410 140
1884420 140
1884430 140
1884440 140
1884450 140
1884460 140
1884470 139
1884480 139
1884490 139
1884500 139
1884510 139
1884520 139
1884530 140
1884540 140
1884550 140
1884560 140
1884570 140
1884580 140
1884590 140
1884600 140
1884610 140
1884620 140
1884630 140
1884640 140
1884650 140
1884660 139
1884670 139
1884680 140
1884690 140
1884700 140
1884710 141
1884720 141
1884730 141
1884740 141
1884750 141
1884760 141
1884770 141
1884780 141
1884790 141
1884800 141
1884810 141
1884820 141
1884830 141
1884840 141
1884850 141
1884860 140
1884870 140
1884880 140
1884890 140
1884900 141
1884910 141
1884920 141
1884930 141
1884940 141
1884950 141
1884960 141
1884970 141
1884980 141
1884990 141
1885000 141
1885010 141
1885020 141
1885030 141
1885040 141
1885050 141
1885060 141
1885070 141
1885080 141
1885090 141
1885100 141
1885110 141
1885120 141
1885130 141
1885140 141
1885150 141
1885160 141
1885170 141
1885180 141
1885190 141
1885200 141
1885210 141
1885220 141
1885230 141
1885240 141
1885250 141
1885260 141
1885270 141
1885280 141
1885290 141
1885300 141
1885310 141
1885320 142
1885330 142
1885340 142
1885350 141
1885360 141
1885370 141
1885380 141
1885390 141
1885400 141
1885410 141
1885420 141
1885430 141
1885440 141
1885450 141
1885460 141
1885470 141
1885480 141
1885490 141
1885500 141
1885510 140
1885520 140
1885530 139
1885540 138
1885550 138
1885560 137
1885570 137
1885580 137
1885590 137
1885600 137
1885610 137
1885620 137
1885630 137
1885640 137
1885650 137
1885660 137
1885670 137
1885680 137
1885690 137
1885700 137
1885710 138
1885720 139
1885730 139
1885740 139
1885750 140
1885760 140
1885770 141
1885780 141
1885790 141
1885800 141
1885810 141
1885820 141
1885830 141
1885840 141
1885850 141
1885860 141
1885870 141
1885880 141
1885890 141
1885900 141
1885910 141
1885920 141
1885930 141
1885940 141
1885950 141
1885960 141
1885970 141
1885980 141
1885990 141
1886000 141
1886010 141
1886020 141
1886030 141
1886040 141
1886050 141
1886060 141
1886070 141
1886080 141
1886090 141
1886100 141
1886110 141
1886120 141
1886130 141
1886140 141
1886150 141
1886160 141
1886170 140
1886180 140
1886190 138
1886200 138
1886210 138
1886220 140
1886230 141
1886240 141
1886250 141
1886260 140
1886270 140
1886280 137
1886290 136
1886300 136
1886310 136
1886320 136
1886330 136
1886340 136
1886350 136
1886360 136
1886370 138
1886380 140
1886390 140
1886400 138
1886410 136
1886420 136
1886430 136
1886440 136
1886450 136
1886460 136
1886470 136
1886480 136
1886490 136
1886500 136
1886510 136
1886520 136
1886530 136
1886540 136
1886550 136
1886560 136
1886570 136
1886580 136
1886590 136
1886600 136
1886610 136
1886620 136
1886630 136
1886640 136
1886650 136
1886660 136
1886670 136
1886680 136
1886690 136
1886700 136
1886710 136
1886720 136
1886730 136
1886740 136
1886750 136
1886760 136
1886770 136
1886780 136
1886790 136
1886800 136
1886810 136
1886820 136
1886830 136
1886840 136
1886850 136
1886860 136
1886870 136
1886880 136
1886890 137
1886900 137
1886910 137
1886920 136
1886930 136
1886940 136
1886950 136
1886960 136
1886970 136
1886980 136
1886990 136
1887000 137
1887010 139
1887020 139
1887030 138
1887040 140
1887050 140
1887060 142
1887070 148
1887080 148
1887090 152
1887100 156
1887110 156
1887120 163
1887130 166
1887140 166
1887150 171
1887160 176
1887170 176
1887180 181
1887190 185
1887200 185
1887210 184
1887220 184
1887230 184
1887240 185
1887250 186
1887260 186
1887270 188
1887280 191
1887290 191
1887300 193
1887310 195
1887320 195
1887330 196
1887340 198
1887350 198
1887360 195
1887370 195
1887380 195
1887390 196
1887400 197
1887410 197
1887420 199
1887430 201
1887440 201
1887450 204
1887460 205
1887470 205
1887480 207
1887490 210
1887500 210
1887510 212
1887520 216
1887530 216
1887540 217
1887550 220
1887560 220
1887570 222
1887580 224
1887590 224
1887600 226
1887610 228
1887620 228
1887630 229
1887640 231
1887650 231
1887660 232
1887670 234
1887680 232
1887690 233
1887700 234
1887710 234
1887720 236
1887730 237
1887740 237
1887750 238
1887760 239
1887770 239
1887780 239
1887790 238
1887800 238
1887810 236
1887820 235
1887830 235
1887840 233
1887850 230
1887860 230
1887870 227
1887880 226
1887890 226
1887900 225
1887910 225
1887920 225
1887930 223
1887940 221
1887950 221
1887960 219
1887970 218
1887980 218
1887990 218
1888000 217
1888010 217
1888020 215
1888030 211
1888040 211
1888050 209
1888060 206
1888070 206
1888080 204
1888090 203
1888100 203
1888110 200
1888120 197
1888130 197
1888140 195
1888150 193
1888160 193
1888170 192
1888180 191
1888190 191
1888200 189
1888210 188
1888220 188
1888230 186
1888240 185
1888250 185
1888260 183
1888270 182
1888280 182
1888290 180
1888300 179
1888310 179
1888320 176
1888330 175
1888340 175
1888350 174
1888360 173
1888370 173
1888380 171
1888390 170
1888400 170
1888410 168
1888420 166
1888430 166
1888440 165
1888450 163
1888460 163
1888470 161
1888480 158
1888490 158
1888500 156
1888510 154
1888520 154
1888530 148
1888540 145
1888550 145
1888560 140
1888570 138
1888580 138
1888590 140
1888600 140
1888610 140
1888620 141
1888630 141
1888640 141
1888650 141
1888660 141
1888670 141
1888680 140
1888690 140
1888700 140
1888710 140
1888720 141
1888730 141
1888740 140
1888750 140
1888760 140
1888770 140
1888780 140
1888790 140
1888800 140
1888810 139
1888820 139
1888830 140
1888840 140
1888850 140
1888860 140
1888870 140
1888880 140
1888890 140
1888900 140
1888910 140
1888920 140
1888930 140
1888940 140
1888950 140
1888960 140
1888970 140
1888980 140
1888990 140
1889000 140
1889010 140
1889020 140
1889030 140
1889040 140
1889050 140
1889060 140
1889070 140
1889080 141
1889090 141
1889100 141
1889110 140
1889120 140
1889130 140
1889140 140
1889150 140
1889160 140
1889170 140
1889180 140
1889190 140
1889200 140
1889210 140
1889220 140
1889230 140
1889240 140
1889250 140
1889260 140
1889270 140
1889280 140
1889290 141
1889300 141
1889310 140
1889320 139
1889330 139
1889340 138
1889350 139
1889360 139
1889370 140
1889380 139
1889390 139
1889400 139
1889410 139
1889420 139
1889430 139
1889440 139
1889450 139
1889460 140
1889470 139
1889480 139
1889490 137
1889500 139
1889510 139
1889520 140
1889530 141
1889540 141
1889550 141
1889560 140
1889570 140
1889580 140
1889590 140
1889600 140
1889610 140
1889620 140
1889630 140
1889640 140
1889650 140
1889660 140
1889670 140
1889680 140
1889690 140
1889700 140
1889710 140
1889720 140
1889730 140
1889740 140
1889750 140
1889760 140
1889770 140
1889780 140
1889790 140
1889800 140
1889810 140
1889820 140
1889830 140
1889840 140
1889850 140
1889860 140
1889870 140
1889880 140
1889890 140
1889900 140
1889910 140
1889920 141
1889930 140
1889940 140
1889950 140
1889960 140
1889970 140
1889980 140
1889990 140
1890000 140
1890010 139
1890020 139
1890030 139
1890040 140
1890050 140
1890060 140
1890070 140
1890080 140
1890090 140
1890100 140
1890110 140
1890120 140
1890130 140
1890140 140
1890150 140
1890160 140
1890170 140
1890180 140
1890190 140
1890200 140
1890210 140
1890220 140
1890230 140
1890240 140
1890250 140
1890260 140
1890270 140
1890280 140
1890290 140
1890300 140
1890310 140
1890320 140
1890330 140
1890340 140
1890350 140
1890360 140
1890370 140
1890380 140
1890390 140
1890400 140
1890410 140
1890420 140
1890430 140
1890440 140
1890450 140
1890460 140
1890470 140
1890480 140
1890490 140
1890500 140
1890510 140
1890520 140
1890530 140
1890540 140
1890550 140
1890560 140
1890570 140
1890580 141
1890590 141
1890600 141
1890610 141
1890620 140
1890630 140
1890640 140
1890650 140
1890660 140
1890670 140
1890680 141
1890690 141
1890700 141
1890710 141
1890720 141
1890730 141
1890740 141
1890750 141
1890760 141
1890770 141
1890780 141
1890790 141
1890800 141
1890810 141
1890820 141
1890830 141
1890840 141
1890850 140
1890860 140
1890870 140
1890880 140
1890890 141
1890900 141
1890910 141
1890920 141
1890930 141
1890940 140
1890950 140
1890960 140
1890970 140
1890980 140
1890990 140
1891000 140
1891010 140
1891020 140
1891030 140
1891040 140
1891050 140
1891060 140
1891070 140
1891080 140
1891090 140
1891100 140
1891110 140
1891120 140
1891130 140
1891140 140
1891150 140
1891160 140
1891170 140
1891180 140
1891190 140
1891200 140
1891210 140
1891220 140
1891230 140
1891240 140
1891250 140
1891260 140
1891270 140
1891280 140
1891290 140
1891300 140
1891310 140
1891320 140
1891330 139
1891340 139
1891350 139
1891360 139
1891370 139
1891380 139
1891390 139
1891400 139
1891410 139
1891420 139
1891430 139
1891440 139
1891450 139
1891460 139
1891470 139
1891480 139
1891490 139
1891500 139
1891510 139
1891520 139
1891530 139
1891540 139
1891550 140
1891560 140
1891570 139
1891580 139
1891590 139
1891600 139
1891610 139
1891620 139
1891630 139
1891640 138
1891650 138
1891660 139
1891670 139
1891680 139
1891690 138
1891700 136
1891710 136
1891720 135
1891730 137
1891740 137
1891750 139
1891760 139
1891770 139
1891780 139
1891790 139
1891800 139
1891810 140
1891820 140
1891830 140
1891840 140
1891850 140
1891860 140
1891870 140
1891880 139
1891890 139
1891900 139
1891910 140
1891920 140
1891930 139
1891940 139
1891950 139
1891960 140
1891970 140
1891980 140
1891990 140
1892000 140
1892010 140
1892020 139
1892030 139
1892040 139
1892050 139
1892060 138
1892070 138
1892080 137
1892090 137
1892100 137
1892110 138
1892120 139
1892130 139
1892140 139
1892150 138
1892160 138
1892170 136
1892180 134
1892190 134
1892200 134
1892210 134
1892220 134
1892230 134
1892240 134
1892250 134
1892260 134
1892270 134
1892280 134
1892290 134
1892300 134
1892310 134
1892320 134
1892330 134
1892340 134
1892350 134
1892360 134
1892370 134
1892380 134
1892390 134
1892400 134
1892410 134
1892420 134
1892430 134
1892440 134
1892450 134
1892460 134
1892470 134
1892480 134
1892490 134
1892500 134
1892510 134
1892520 134
1892530 134
1892540 134
1892550 134
1892560 134
1892570 134
1892580 134
1892590 134
1892600 134
1892610 134
1892620 134
1892630 134
1892640 134
1892650 134
1892660 134
1892670 134
1892680 134
1892690 134
1892700 134
1892710 134
1892720 134
1892730 134
1892740 134
1892750 134
1892760 134
1892770 134
1880000 142
1880010 142
1880020 142
1880030 142
1880040 142
1880050 141
1880060 142
1880070 142
1880080 142
1880090 142
1880100 142
1880110 141
1880120 141
1880130 141
1880140 141
1880150 141
1880160 141
1880170 141
1880180 141
1880190 141
1880200 141
1880210 141
1880220 141
1880230 141
1880240 141
1880250 141
1880260 141
1880270 141
1880280 141
1880290 141
1880300 141
1880310 141
1880320 141
1880330 142
1880340 142
1880350 142
1880360 142
1880370 142
1880380 142
1880390 142
1880400 142
1880410 142
1880420 142
1880430 142
1880440 142
1880450 142
1880460 142
1880470 142
1880480 142
1880490 142
1880500 142
1880510 142
1880520 142
1880530 142
1880540 142
1880550 142
1880560 142
1880570 142
1880580 142
1880590 142
1880600 142
1880610 142
1880620 142
1880630 142
1880640 142
1880650 142
1880660 142
1880670 142
1880680 142
1880690 142
1880700 142
1880710 142
1880720 141
1880730 141
1880740 141
1880750 141
1880760 141
1880770 141
1880780 141
1880790 141
1880800 140
1880810 141
1880820 141
1880830 142
1880840 142
1880850 142
1880860 142
1880870 142
1880880 142
1880890 142
1880900 142
1880910 142
1880920 142
1880930 142
1880940 142
1880950 142
1880960 142
1880970 142
1880980 142
1880990 142
1881000 142
1881010 142
1881020 142
1881030 142
1881040 142
1881050 142
1881060 141
1881070 141
1881080 141
1881090 141
1881100 141
1881110 142
1881120 142
1881130 142
1881140 142
1881150 142
1881160 142
1881170 142
1881180 143
1881190 143
1881200 142
1881210 142
1881220 142
1881230 142
1881240 143
1881250 143
1881260 146
1881270 146
1881280 146
1881290 143
1881300 143
1881310 143
1881320 143
1881330 143
1881340 143
1881350 143
1881360 142
1881370 142
1881380 142
1881390 142
1881400 142
1881410 142
1881420 142
1881430 142
1881440 142
1881450 141
1881460 141
1881470 142
1881480 142
1881490 142
1881500 142
1881510 143
1881520 142
1881530 143
1881540 143
1881550 143
1881560 143
1881570 143
1881580 143
1881590 143
1881600 142
1881610 142
1881620 142
1881630 142
1881640 142
1881650 142
1881660 142
1881670 142
1881680 142
1881690 141
1881700 141
1881710 141
1881720 141
1881730 141
1881740 141
1881750 142
1881760 142
1881770 144
1881780 145
1881790 145
1881800 145
1881810 143
1881820 143
1881830 141
1881840 141
1881850 141
1881860 141
1881870 141
1881880 141
1881890 141
1881900 141
1881910 141
1881920 141
1881930 143
1881940 143
1881950 145
1881960 145
1881970 145
1881980 143
1881990 142
1882000 142
1882010 142
1882020 142
1882030 142
1882040 142
1882050 142
1882060 142
1882070 142
1882080 142
1882090 142
1882100 142
1882110 142
1882120 142
1882130 142
1882140 142
1882150 142
1882160 142
1882170 142
1882180 142
1882190 142
1882200 142
1882210 142
1882220 142
1882230 142
1882240 142
1882250 142
1882260 142
1882270 142
1882280 142
1882290 142
1882300 142
1882310 141
1882320 142
1882330 142
1882340 141
1882350 141
1882360 141
1882370 141
1882380 141
1882390 141
1882400 141
1882410 140
1882420 140
1882430 141
1882440 141
1882450 141
1882460 140
1882470 140
1882480 140
1882490 140
1882500 140
1882510 140
1882520 140
1882530 140
1882540 140
1882550 140
1882560 141
1882570 141
1882580 141
1882590 141
1882600 141
1882610 141
1882620 141
1882630 141
1882640 142
1882650 139
1882660 139
1882670 138
1882680 138
1882690 138
1882700 141
1882710 142
1882720 142
1882730 142
1882740 141
1882750 141
1882760 141
1882770 141
1882780 141
1882790 141
1882800 141
1882810 141
1882820 140
1882830 141
1882840 141
1882850 141
1882860 141
1882870 141
1882880 141
1882890 141
1882900 141
1882910 141
1882920 141
1882930 141
1882940 140
1882950 140
1882960 140
1882970 140
1882980 141
1882990 141
1883000 140
1883010 141
1883020 141
1883030 141
1883040 141
1883050 141
1883060 141
1883070 141
1883080 141
1883090 141
1883100 141
1883110 141
1883120 142
1883130 141
1883140 141
1883150 141
1883160 141
1883170 141
1883180 142
1883190 142
1883200 142
1883210 141
1883220 140
1883230 140
1883240 140
1883250 140
1883260 140
1883270 141
1883280 140
1883290 140
1883300 141
1883310 141
1883320 141
1883330 141
1883340 141
1883350 141
1883360 141
1883370 141
1883380 141
1883390 141
1883400 141
1883410 141
1883420 141
1883430 141
1883440 141
1883450 141
1883460 141
1883470 141
1883480 141
1883490 141
1883500 141
1883510 141
1883520 141
1883530 141
1883540 141
1883550 141
1883560 141
1883570 141
1883580 141
1883590 141
1883600 141
1883610 141
1883620 141
1883630 141
1883640 141
1883650 141
1883660 141
1883670 141
1883680 141
1883690 141
1883700 141
1883710 141
1883720 141
1883730 141
1883740 141
1883750 141
1883760 141
1883770 141
1883780 141
1883790 141
1883800 141
1883810 141
1883820 140
1883830 140
1883840 140
1883850 140
1883860 140
1883870 141
1883880 141
1883890 141
1883900 140
1883910 141
1883920 141
1883930 141
1883940 141
1883950 141
1883960 141
1883970 141
1883980 141
1883990 141
1884000 141
1884010 141
1884020 141
1884030 141
1884040 141
1884050 141
1884060 140
1884070 140
1884080 140
1884090 140
1884100 140
1884110 140
1884120 140
1884130 140
1884140 140
1884150 140
1884160 140
1884170 140
1884180 140
1884190 140
1884200 140
1884210 140
1884220 140
1884230 140
1884240 140
1884250 140
1884260 140
1884270 140
1884280 140
1884290 140
1884300 140
1884310 140
1884320 140
1884330 140
1884340 140
1884350 140
1884360 140
1884370 140
1884380 140
1884390 140
1884400 140
1884410 140
1884420 140
1884430 140
1884440 140
1884450 140
1884460 140
1884470 139
1884480 139
1884490 139
1884500 139
1884510 139
1884520 139
1884530 140
1884540 140
1884550 140
1884560 140
1884570 140
1884580 140
1884590 140
1884600 140
1884610 140
1884620 140
1884630 140
1884640 140
1884650 140
1884660 139
1884670 139
1884680 140
1884690 140
1884700 140
1884710 141
1884720 141
1884730 141
1884740 141
1884750 141
1884760 141
1884770 141
1884780 141
1884790 141
1884800 141
1884810 141
1884820 141
1884830 141
1884840 141
1884850 141
1884860 140
1884870 140
1884880 140
1884890 140
1884900 141
1884910 141
1884920 141
1884930 141
1884940 141
1884950 141
1884960 141
1884970 141
1884980 141
1884990 141
1885000 141
1885010 141
1885020 141
1885030 141
1885040 141
1885050 141
1885060 141
1885070 141
1885080 141
1885090 141
1885100 141
1885110 141
1885120 141
1885130 141
1885140 141
1885150 141
1885160 141
1885170 141
1885180 141
1885190 141
1885200 141
1885210 141
1885220 141
1885230 141
1885240 141
1885250 141
1885260 141
1885270 141
1885280 141
1885290 141
1885300 141
1885310 141
1885320 142
1885330 142
1885340 142
1885350 141
1885360 141
1885370 141
1885380 141
1885390 141
1885400 141
1885410 141
1885420 141
1885430 141
1885440 141
1885450 141
1885460 141
1885470 141
1885480 141
1885490 141
1885500 141
1885510 140
1885520 140
1885530 139
1885540 138
1885550 138
1885560 137
1885570 137
1885580 137
1885590 137
1885600 137
1885610 137
1885620 137
1885630 137
1885640 137
1885650 137
1885660 137
1885670 137
1885680 137
1885690 137
1885700 137
1885710 138
1885720 139
1885730 139
1885740 139
1885750 140
1885760 140
1885770 141
1885780 141
1885790 141
1885800 141
1885810 141
1885820 141
1885830 141
1885840 141
1885850 141
1885860 141
1885870 141
1885880 141
1885890 141
1885900 141
1885910 141
1885920 141
1885930 141
1885940 141
1885950 141
1885960 141
1885970 141
1885980 141
1885990 141
1886000 141
1886010 141
1886020 141
1886030 141
1886040 141
1886050 141
1886060 141
1886070 141
1886080 141
1886090 141
1886100 141
1886110 141
1886120 141
1886130 141
1886140 141
1886150 141
1886160 141
1886170 140
1886180 140
1886190 138
1886200 138
1886210 138
1886220 140
1886230 141
1886240 141
1886250 141
1886260 140
1886270 140
1886280 137
1886290 136
1886300 136
1886310 136
1886320 136
1886330 136
1886340 136
1886350 136
1886360 136
1886370 138
1886380 140
1886390 140
1886400 138
1886410 136
1886420 136
1886430 136
1886440 136
1886450 136
1886460 136
1886470 136
1886480 136
1886490 136
1886500 136
1886510 136
1886520 136
1886530 136
1886540 136
1886550 136
1886560 136
1886570 136
1886580 136
1886590 136
1886600 136
1886610 136
1886620 136
1886630 136
1886640 136
1886650 136
1886660 136
1886670 136
1886680 136
1886690 136
1886700 136
1886710 136
1886720 136
1886730 136
1886740 136
1886750 136
1886760 136
1886770 136
1886780 136
1886790 136
1886800 136
1886810 136
1886820 136
1886830 136
1886840 136
1886850 136
1886860 136
1886870 136
1886880 136
1886890 137
1886900 137
1886910 137
1886920 136
1886930 136
1886940 136
1886950 136
1886960 136
1886970 136
1886980 136
1886990 136
1887000 137
1887010 139
1887020 139
1887030 138
1887040 140
1887050 140
1887060 142
1887070 148
1887080 148
1887090 152
1887100 156
1887110 156
1887120 163
1887130 166
1887140 166
1887150 171
1887160 176
1887170 176
1887180 181
1887190 185
1887200 185
1887210 184
1887220 184
1887230 184
1887240 185
1887250 186
1887260 186
1887270 188
1887280 191
1887290 191
1887300 193
1887310 195
1887320 195
1887330 196
1887340 198
1887350 198
1887360 195
1887370 195
1887380 195
1887390 196
1887400 197
1887410 197
1887420 199
1887430 201
1887440 201
1887450 204
1887460 205
1887470 205
1887480 207
1887490 210
1887500 210
1887510 212
1887520 216
1887530 216
1887540 217
1887550 220
1887560 220
1887570 222
1887580 224
1887590 224
1887600 226
1887610 228
1887620 228
1887630 229
1887640 231
1887650 231
1887660 232
1887670 234
1887680 232
1887690 233
1887700 234
1887710 234
1887720 236
1887730 237
1887740 237
1887750 238
1887760 239
1887770 239
1887780 239
1887790 238
1887800 238
1887810 236
1887820 235
1887830 235
1887840 233
1887850 230
1887860 230
1887870 227
1887880 226
1887890 226
1887900 225
1887910 225
1887920 225
1887930 223
1887940 221
1887950 221
1887960 219
1887970 218
1887980 218
1887990 218
1888000 217
1888010 217
1888020 215
1888030 211
1888040 211
1888050 209
1888060 206
1888070 206
1888080 204
1888090 203
1888100 203
1888110 200
1888120 197
1888130 197
1888140 195
1888150 193
1888160 193
1888170 192
1888180 191
1888190 191
1888200 189
1888210 188
1888220 188
1888230 186
1888240 185
1888250 185
1888260 183
1888270 182
1888280 182
1888290 180
1888300 179
1888310 179
1888320 176
1888330 175
1888340 175
1888350 174
1888360 173
1888370 173
1888380 171
1888390 170
1888400 170
1888410 168
1888420 166
1888430 166
1888440 165
1888450 163
1888460 163
1888470 161
1888480 158
1888490 158
1888500 156
1888510 154
1888520 154
1888530 148
1888540 145
1888550 145
1888560 140
1888570 138
1888580 138
1888590 140
1888600 140
1888610 140
1888620 141
1888630 141
1888640 141
1888650 141
1888660 141
1888670 141
1888680 140
1888690 140
1888700 140
1888710 140
1888720 141
1888730 141
1888740 140
1888750 140
1888760 140
1888770 140
1888780 140
1888790 140
1888800 140
1888810 139
1888820 139
1888830 140
1888840 140
1888850 140
1888860 140
1888870 140
1888880 140
1888890 140
1888900 140
1888910 140
1888920 140
1888930 140
1888940 140
1888950 140
1888960 140
1888970 140
1888980 140
1888990 140
1889000 140
1889010 140
1889020 140
1889030 140
1889040 140
1889050 140
1889060 140
1889070 140
1889080 141
1889090 141
1889100 141
1889110 140
1889120 140
1889130 140
1889140 140
1889150 140
1889160 140
1889170 140
1889180 140
1889190 140
1889200 140
1889210 140
1889220 140
1889230 140
1889240 140
1889250 140
1889260 140
1889270 140
1889280 140
1889290 141
1889300 141
1889310 140
1889320 139
1889330 139
1889340 138
1889350 139
1889360 139
1889370 140
1889380 139
1889390 139
1889400 139
1889410 139
1889420 139
1889430 139
1889440 139
1889450 139
1889460 140
1889470 139
1889480 139
1889490 137
1889500 139
1889510 139
1889520 140
1889530 141
1889540 141
1889550 141
1889560 140
1889570 140
1889580 140
1889590 140
1889600 140
1889610 140
1889620 140
1889630 140
1889640 140
1889650 140
1889660 140
1889670 140
1889680 140
1889690 140
1889700 140
1889710 140
1889720 140
1889730 140
1889740 140
1889750 140
1889760 140
1889770 140
1889780 140
1889790 140
1889800 140
1889810 140
1889820 140
1889830 140
1889840 140
1889850 140
1889860 140
1889870 140
1889880 140
1889890 140
1889900 140
1889910 140
1889920 141
1889930 140
1889940 140
1889950 140
1889960 140
1889970 140
1889980 140
1889990 140
1890000 140
1890010 139
1890020 139
1890030 139
1890040 140
1890050 140
1890060 140
1890070 140
1890080 140
1890090 140
1890100 140
1890110 140
1890120 140
1890130 140
1890140 140
1890150 140
1890160 140
1890170 140
1890180 140
1890190 140
1890200 140
1890210 140
1890220 140
1890230 140
1890240 140
1890250 140
1890260 140
1890270 140
1890280 140
1890290 140
1890300 140
1890310 140
1890320 140
1890330 140
1890340 140
1890350 140
1890360 140
1890370 140
1890380 140
1890390 140
1890400 140
1890410 140
1890420 140
1890430 140
1890440 140
1890450 140
1890460 140
1890470 140
1890480 140
1890490 140
1890500 140
1890510 140
1890520 140
1890530 140
1890540 140
1890550 140
1890560 140
1890570 140
1890580 141
1890590 141
1890600 141
1890610 141
1890620 140
1890630 140
1890640 140
1890650 140
1890660 140
1890670 140
1890680 141
1890690 141
1890700 141
1890710 141
1890720 141
1890730 141
1890740 141
1890750 141
1890760 141
1890770 141
1890780 141
1890790 141
1890800 141
1890810 141
1890820 141
1890830 141
1890840 141
1890850 140
1890860 140
1890870 140
1890880 140
1890890 141
1890900 141
1890910 141
1890920 141
1890930 141
1890940 140
1890950 140
1890960 140
1890970 140
1890980 140
1890990 140
1891000 140
1891010 140
1891020 140
1891030 140
1891040 140
1891050 140
1891060 140
1891070 140
1891080 140
1891090 140
1891100 140
1891110 140
1891120 140
1891130 140
1891140 140
1891150 140
1891160 140
1891170 140
1891180 140
1891190 140
1891200 140
1891210 140
1891220 140
1891230 140
1891240 140
1891250 140
1891260 140
1891270 140
1891280 140
1891290 140
1891300 140
1891310 140
1891320 140
1891330 139
1891340 139
1891350 139
1891360 139
1891370 139
1891380 139
1891390 139
1891400 139
1891410 139
1891420 139
1891430 139
1891440 139
1891450 139
1891460 139
1891470 139
1891480 139
1891490 139
1891500 139
1891510 139
1891520 139
1891530 139
1891540 139
1891550 140
1891560 140
1891570 139
1891580 139
1891590 139
1891600 139
1891610 139
1891620 139
1891630 139
1891640 138
1891650 138
1891660 139
1891670 139
1891680 139
1891690 138
1891700 136
1891710 136
1891720 135
1891730 137
1891740 137
1891750 139
1891760 139
1891770 139
1891780 139
1891790 139
1891800 139
1891810 140
1891820 140
1891830 140
1891840 140
1891850 140
1891860 140
1891870 140
1891880 139
1891890 139
1891900 139
1891910 140
1891920 140
1891930 139
1891940 139
1891950 139
1891960 140
1891970 140
1891980 140
1891990 140
1892000 140
1892010 140
1892020 139
1892030 139
1892040 139
1892050 139
1892060 138
1892070 138
1892080 137
1892090 137
1892100 137
1892110 138
1892120 139
1892130 139
1892140 139
1892150 138
1892160 138
1892170 136
1892180 134
1892190 134
1892200 134
1892210 134
1892220 134
1892230 134
1892240 134
1892250 134
1892260 134
1892270 134
1892280 134
1892290 134
1892300 134
1892310 134
1892320 134
1892330 134
1892340 134
1892350 134
1892360 134
1892370 134
1892380 134
1892390 134
1892400 134
1892410 134
1892420 134
1892430 134
1892440 134
1892450 134
1892460 134
1892470 134
1892480 134
1892490 134
1892500 134
1892510 134
1892520 134
1892530 134
1892540 134
1892550 134
1892560 134
1892570 134
1892580 134
1892590 134
1892600 134
1892610 134
1892620 134
1892630 134
1892640 134
1892650 134
1892660 134
1892670 134
1892680 134
1892690 134
1892700 134
1892710 134
1892720 134
1892730 134
1892740 134
1892750 134
1892760 134
1892770 134
