1880000 142
1880010 142
1880020 142
1880030 142
1880040 142
1880050 142
1880060 142
1880070 142
1880080 142
1880090 142
1880100 142
1880110 142
1880120 142
1880130 142
1880140 142
1880150 142
1880160 142
1880170 142
1880180 142
1880190 142
1880200 142
1880210 142
1880220 142
1880230 142
1880240 141
1880250 142
1880260 142
1880270 142
1880280 141
1880290 141
1880300 141
1880310 141
1880320 141
1880330 141
1880340 141
1880350 141
1880360 141
1880370 141
1880380 141
1880390 141
1880400 141
1880410 141
1880420 141
1880430 142
1880440 142
1880450 142
1880460 142
1880470 142
1880480 142
1880490 142
1880500 142
1880510 142
1880520 142
1880530 142
1880540 142
1880550 142
1880560 142
1880570 142
1880580 142
1880590 142
1880600 142
1880610 143
1880620 143
1880630 142
1880640 142
1880650 142
1880660 142
1880670 142
1880680 142
1880690 142
1880700 142
1880710 142
1880720 142
1880730 142
1880740 142
1880750 142
1880760 142
1880770 142
1880780 142
1880790 142
1880800 142
1880810 142
1880820 142
1880830 142
1880840 142
1880850 142
1880860 142
1880870 142
1880880 143
1880890 143
1880900 143
1880910 143
1880920 143
1880930 143
1880940 143
1880950 143
1880960 143
1880970 143
1880980 143
1880990 143
1881000 143
1881010 143
1881020 143
1881030 143
1881040 143
1881050 143
1881060 143
1881070 143
1881080 142
1881090 142
1881100 142
1881110 142
1881120 144
1881130 144
1881140 144
1881150 142
1881160 142
1881170 142
1881180 142
1881190 142
1881200 142
1881210 142
1881220 142
1881230 142
1881240 142
1881250 142
1881260 142
1881270 142
1881280 142
1881290 142
1881300 141
1881310 141
1881320 141
1881330 141
1881340 141
1881350 142
1881360 142
1881370 142
1881380 142
1881390 142
1881400 142
1881410 142
1881420 142
1881430 142
1881440 142
1881450 142
1881460 142
1881470 142
1881480 142
1881490 142
1881500 142
1881510 142
1881520 142
1881530 142
1881540 142
1881550 142
1881560 142
1881570 142
1881580 142
1881590 143
1881600 143
1881610 143
1881620 143
1881630 142
1881640 142
1881650 142
1881660 141
1881670 141
1881680 141
1881690 139
1881700 139
1881710 139
1881720 140
1881730 140
1881740 141
1881750 142
1881760 142
1881770 142
1881780 142
1881790 142
1881800 142
1881810 142
1881820 142
1881830 142
1881840 142
1881850 142
1881860 142
1881870 142
1881880 142
1881890 142
1881900 141
1881910 141
1881920 142
1881930 142
1881940 142
1881950 142
1881960 142
1881970 142
1881980 142
1881990 142
1882000 142
1882010 142
1882020 141
1882030 141
1882040 141
1882050 141
1882060 141
1882070 141
1882080 141
1882090 141
1882100 141
1882110 142
1882120 142
1882130 144
1882140 144
1882150 144
1882160 145
1882170 143
1882180 143
1882190 143
1882200 142
1882210 142
1882220 141
1882230 141
1882240 141
1882250 141
1882260 141
1882270 141
1882280 141
1882290 143
1882300 143
1882310 144
1882320 145
1882330 145
1882340 143
1882350 142
1882360 142
1882370 142
1882380 142
1882390 142
1882400 142
1882410 142
1882420 142
1882430 142
1882440 142
1882450 142
1882460 142
1882470 142
1882480 142
1882490 142
1882500 142
1882510 141
1882520 141
1882530 141
1882540 141
1882550 141
1882560 141
1882570 141
1882580 141
1882590 141
1882600 141
1882610 139
1882620 139
1882630 139
1882640 139
1882650 140
1882660 140
1882670 140
1882680 140
1882690 140
1882700 140
1882710 141
1882720 141
1882730 141
1882740 140
1882750 140
1882760 138
1882770 138
1882780 138
1882790 140
1882800 142
1882810 142
1882820 141
1882830 141
1882840 141
1882850 141
1882860 141
1882870 141
1882880 141
1882890 141
1882900 141
1882910 141
1882920 141
1882930 141
1882940 141
1882950 141
1882960 141
1882970 141
1882980 140
1882990 140
1883000 140
1883010 140
1883020 140
1883030 140
1883040 140
1883050 140
1883060 140
1883070 140
1883080 140
1883090 139
1883100 139
1883110 139
1883120 139
1883130 139
1883140 139
1883150 140
1883160 139
1883170 139
1883180 139
1883190 139
1883200 139
1883210 140
1883220 140
1883230 140
1883240 140
1883250 140
1883260 140
1883270 140
1883280 140
1883290 140
1883300 140
1883310 140
1883320 140
1883330 140
1883340 140
1883350 140
1883360 140
1883370 140
1883380 140
1883390 140
1883400 140
1883410 140
1883420 140
1883430 140
1883440 140
1883450 140
1883460 140
1883470 140
1883480 140
1883490 140
1883500 140
1883510 140
1883520 140
1883530 140
1883540 140
1883550 140
1883560 140
1883570 140
1883580 140
1883590 140
1883600 140
1883610 140
1883620 140
1883630 140
1883640 140
1883650 140
1883660 140
1883670 140
1883680 140
1883690 140
1883700 140
1883710 140
1883720 140
1883730 140
1883740 140
1883750 140
1883760 140
1883770 140
1883780 140
1883790 140
1883800 140
1883810 140
1883820 140
1883830 140
1883840 140
1883850 140
1883860 140
1883870 140
1883880 140
1883890 140
1883900 141
1883910 141
1883920 141
1883930 140
1883940 140
1883950 140
1883960 140
1883970 140
1883980 140
1883990 140
1884000 141
1884010 141
1884020 140
1884030 140
1884040 140
1884050 140
1884060 140
1884070 140
1884080 141
1884090 141
1884100 141
1884110 141
1884120 141
1884130 141
1884140 141
1884150 140
1884160 140
1884170 140
1884180 140
1884190 140
1884200 140
1884210 140
1884220 140
1884230 140
1884240 140
1884250 140
1884260 141
1884270 142
1884280 142
1884290 142
1884300 142
1884310 142
1884320 142
1884330 142
1884340 142
1884350 142
1884360 142
1884370 142
1884380 142
1884390 142
1884400 142
1884410 142
1884420 142
1884430 142
1884440 142
1884450 142
1884460 142
1884470 142
1884480 142
1884490 142
1884500 142
1884510 142
1884520 140
1884530 140
1884540 139
1884550 140
1884560 140
1884570 141
1884580 140
1884590 140
1884600 141
1884610 141
1884620 141
1884630 142
1884640 142
1884650 142
1884660 142
1884670 142
1884680 142
1884690 142
1884700 141
1884710 141
1884720 141
1884730 141
1884740 141
1884750 141
1884760 141
1884770 141
1884780 141
1884790 141
1884800 141
1884810 141
1884820 141
1884830 141
1884840 141
1884850 141
1884860 141
1884870 141
1884880 141
1884890 141
1884900 141
1884910 141
1884920 141
1884930 141
1884940 141
1884950 141
1884960 141
1884970 141
1884980 141
1884990 141
1885000 141
1885010 141
1885020 141
1885030 141
1885040 141
1885050 141
1885060 141
1885070 141
1885080 141
1885090 140
1885100 140
1885110 140
1885120 140
1885130 140
1885140 141
1885150 141
1885160 141
1885170 141
1885180 141
1885190 141
1885200 141
1885210 141
1885220 141
1885230 141
1885240 141
1885250 141
1885260 141
1885270 141
1885280 141
1885290 141
1885300 141
1885310 141
1885320 141
1885330 141
1885340 141
1885350 141
1885360 141
1885370 141
1885380 141
1885390 140
1885400 140
1885410 141
1885420 140
1885430 140
1885440 140
1885450 140
1885460 140
1885470 140
1885480 140
1885490 140
1885500 140
1885510 141
1885520 141
1885530 141
1885540 141
1885550 141
1885560 141
1885570 141
1885580 141
1885590 140
1885600 139
1885610 139
1885620 139
1885630 139
1885640 139
1885650 140
1885660 141
1885670 141
1885680 141
1885690 141
1885700 141
1885710 141
1885720 141
1885730 141
1885740 141
1885750 141
1885760 141
1885770 141
1885780 141
1885790 141
1885800 141
1885810 141
1885820 141
1885830 141
1885840 141
1885850 141
1885860 141
1885870 141
1885880 141
1885890 141
1885900 141
1885910 141
1885920 142
1885930 142
1885940 142
1885950 142
1885960 140
1885970 140
1885980 139
1885990 139
1886000 139
1886010 141
1886020 142
1886030 142
1886040 142
1886050 142
1886060 142
1886070 142
1886080 142
1886090 142
1886100 142
1886110 142
1886120 142
1886130 142
1886140 142
1886150 142
1886160 142
1886170 142
1886180 142
1886190 142
1886200 142
1886210 142
1886220 142
1886230 142
1886240 142
1886250 142
1886260 142
1886270 142
1886280 142
1886290 142
1886300 142
1886310 142
1886320 142
1886330 142
1886340 142
1886350 142
1886360 142
1886370 141
1886380 142
1886390 142
1886400 142
1886410 142
1886420 142
1886430 141
1886440 141
1886450 141
1886460 140
1886470 141
1886480 141
1886490 142
1886500 142
1886510 142
1886520 141
1886530 138
1886540 138
1886550 136
1886560 136
1886570 136
1886580 136
1886590 136
1886600 136
1886610 136
1886620 136
1886630 136
1886640 136
1886650 136
1886660 136
1886670 136
1886680 136
1886690 136
1886700 136
1886710 136
1886720 136
1886730 136
1886740 136
1886750 136
1886760 136
1886770 136
1886780 136
1886790 136
1886800 136
1886810 136
1886820 136
1886830 136
1886840 136
1886850 136
1886860 136
1886870 136
1886880 136
1886890 136
1886900 136
1886910 136
1886920 136
1886930 136
1886940 136
1886950 136
1886960 136
1886970 136
1886980 136
1886990 136
1887000 136
1887010 136
1887020 136
1887030 136
1887040 136
1887050 136
1887060 137
1887070 137
1887080 137
1887090 136
1887100 137
1887110 137
1887120 139
1887130 140
1887140 140
1887150 140
1887160 139
1887170 139
1887180 137
1887190 136
1887200 136
1887210 136
1887220 136
1887230 136
1887240 136
1887250 138
1887260 138
1887270 141
1887280 141
1887290 141
1887300 144
1887310 149
1887320 149
1887330 153
1887340 158
1887350 158
1887360 164
1887370 168
1887380 168
1887390 172
1887400 175
1887410 175
1887420 177
1887430 182
1887440 182
1887450 185
1887460 186
1887470 186
1887480 188
1887490 192
1887500 192
1887510 194
1887520 195
1887530 195
1887540 196
1887550 197
1887560 197
1887570 198
1887580 200
1887590 200
1887600 201
1887610 202
1887620 202
1887630 203
1887640 203
1887650 203
1887660 204
1887670 206
1887680 206
1887690 204
1887700 205
1887710 205
1887720 206
1887730 206
1887740 206
1887750 207
1887760 209
1887770 209
1887780 211
1887790 212
1887800 212
1887810 211
1887820 211
1887830 211
1887840 210
1887850 208
1887860 208
1887870 205
1887880 202
1887890 202
1887900 200
1887910 199
1887920 199
1887930 197
1887940 195
1887950 195
1887960 191
1887970 186
1887980 186
1887990 183
1888000 180
1888010 177
1888020 175
1888030 173
1888040 173
1888050 171
1888060 169
1888070 169
1888080 166
1888090 164
1888100 164
1888110 162
1888120 160
1888130 160
1888140 157
1888150 155
1888160 155
1888170 153
1888180 152
1888190 152
1888200 150
1888210 149
1888220 149
1888230 147
1888240 146
1888250 146
1888260 145
1888270 144
1888280 144
1888290 143
1888300 143
1888310 143
1888320 142
1888330 142
1888340 142
1888350 142
1888360 142
1888370 142
1888380 142
1888390 141
1888400 141
1888410 139
1888420 139
1888430 139
1888440 140
1888450 140
1888460 140
1888470 141
1888480 140
1888490 140
1888500 140
1888510 140
1888520 140
1888530 140
1888540 141
1888550 141
1888560 141
1888570 141
1888580 141
1888590 140
1888600 140
1888610 140
1888620 140
1888630 140
1888640 140
1888650 139
1888660 140
1888670 140
1888680 140
1888690 140
1888700 140
1888710 141
1888720 141
1888730 141
1888740 141
1888750 141
1888760 141
1888770 140
1888780 140
1888790 140
1888800 141
1888810 141
1888820 141
1888830 141
1888840 141
1888850 141
1888860 141
1888870 141
1888880 141
1888890 141
1888900 141
1888910 141
1888920 141
1888930 141
1888940 141
1888950 141
1888960 141
1888970 140
1888980 140
1888990 140
1889000 140
1889010 140
1889020 140
1889030 140
1889040 140
1889050 140
1889060 140
1889070 140
1889080 140
1889090 140
1889100 140
1889110 140
1889120 140
1889130 140
1889140 140
1889150 140
1889160 140
1889170 139
1889180 139
1889190 139
1889200 139
1889210 139
1889220 139
1889230 139
1889240 139
1889250 139
1889260 139
1889270 140
1889280 140
1889290 139
1889300 139
1889310 139
1889320 140
1889330 140
1889340 140
1889350 139
1889360 139
1889370 139
1889380 139
1889390 139
1889400 139
1889410 139
1889420 139
1889430 139
1889440 139
1889450 139
1889460 139
1889470 139
1889480 139
1889490 139
1889500 139
1889510 139
1889520 139
1889530 138
1889540 138
1889550 138
1889560 140
1889570 141
1889580 141
1889590 141
1889600 141
1889610 141
1889620 141
1889630 141
1889640 141
1889650 141
1889660 141
1889670 141
1889680 140
1889690 140
1889700 140
1889710 140
1889720 140
1889730 140
1889740 140
1889750 140
1889760 140
1889770 140
1889780 140
1889790 140
1889800 140
1889810 140
1889820 140
1889830 140
1889840 140
1889850 140
1889860 140
1889870 141
1889880 141
1889890 141
1889900 141
1889910 141
1889920 140
1889930 141
1889940 141
1889950 141
1889960 141
1889970 141
1889980 141
1889990 141
1890000 141
1890010 141
1890020 141
1890030 141
1890040 141
1890050 141
1890060 141
1890070 141
1890080 141
1890090 141
1890100 141
1890110 141
1890120 141
1890130 141
1890140 141
1890150 141
1890160 141
1890170 141
1890180 141
1890190 141
1890200 141
1890210 141
1890220 141
1890230 141
1890240 141
1890250 141
1890260 141
1890270 141
1890280 140
1890290 140
1890300 140
1890310 140
1890320 140
1890330 140
1890340 141
1890350 141
1890360 141
1890370 141
1890380 141
1890390 141
1890400 141
1890410 141
1890420 141
1890430 141
1890440 141
1890450 141
1890460 141
1890470 140
1890480 140
1890490 140
1890500 140
1890510 140
1890520 140
1890530 140
1890540 140
1890550 140
1890560 140
1890570 140
1890580 141
1890590 141
1890600 141
1890610 141
1890620 141
1890630 141
1890640 140
1890650 140
1890660 140
1890670 141
1890680 141
1890690 141
1890700 141
1890710 140
1890720 140
1890730 139
1890740 139
1890750 139
1890760 137
1890770 137
1890780 137
1890790 136
1890800 137
1890810 137
1890820 137
1890830 137
1890840 137
1890850 137
1890860 137
1890870 137
1890880 138
1890890 139
1890900 139
1890910 139
1890920 139
1890930 139
1890940 139
1890950 139
1890960 139
1890970 139
1890980 139
1890990 139
1891000 139
1891010 139
1891020 139
1891030 139
1891040 139
1891050 139
1891060 139
1891070 139
1891080 139
1891090 139
1891100 139
1891110 139
1891120 139
1891130 139
1891140 139
1891150 139
1891160 139
1891170 139
1891180 139
1891190 139
1891200 139
1891210 138
1891220 138
1891230 138
1891240 138
1891250 138
1891260 138
1891270 138
1891280 138
1891290 138
1891300 138
1891310 137
1891320 137
1891330 137
1891340 137
1891350 137
1891360 137
1891370 137
1891380 137
1891390 138
1891400 139
1891410 139
1891420 139
1891430 139
1891440 139
1891450 139
1891460 139
1891470 139
1891480 138
1891490 139
1891500 139
1891510 140
1891520 140
1891530 140
1891540 140
1891550 140
1891560 140
1891570 139
1891580 139
1891590 139
1891600 139
1891610 139
1891620 139
1891630 139
1891640 140
1891650 140
1891660 140
1891670 141
1891680 141
1891690 141
1891700 140
1891710 140
1891720 139
1891730 139
1891740 139
1891750 139
1891760 139
1891770 139
1891780 139
1891790 140
1891800 140
1891810 139
1891820 138
1891830 138
1891840 134
1891850 134
1891860 134
1891870 134
1891880 134
1891890 134
1891900 134
1891910 134
1891920 134
1891930 134
1891940 134
1891950 134
1891960 134
1891970 134
1891980 134
1891990 134
1892000 134
1892010 134
1892020 134
1892030 134
1892040 134
1892050 134
1892060 134
1892070 134
1892080 134
1892090 134
1892100 134
1892110 134
1892120 134
1892130 134
1892140 134
1892150 134
1892160 134
1892170 134
1892180 134
1892190 134
1892200 134
1892210 134
1892220 134
1892230 134
1892240 134
1892250 134
1880000 142
1880010 142
1880020 142
1880030 142
1880040 142
1880050 142
1880060 142
1880070 142
1880080 142
1880090 142
1880100 142
1880110 142
1880120 142
1880130 142
1880140 142
1880150 142
1880160 142
1880170 142
1880180 142
1880190 142
1880200 142
1880210 142
1880220 142
1880230 142
1880240 141
1880250 142
1880260 142
1880270 142
1880280 141
1880290 141
1880300 141
1880310 141
1880320 141
1880330 141
1880340 141
1880350 141
1880360 141
1880370 141
1880380 141
1880390 141
1880400 141
1880410 141
1880420 141
1880430 142
1880440 142
1880450 142
1880460 142
1880470 142
1880480 142
1880490 142
1880500 142
1880510 142
1880520 142
1880530 142
1880540 142
1880550 142
1880560 142
1880570 142
1880580 142
1880590 142
1880600 142
1880610 143
1880620 143
1880630 142
1880640 142
1880650 142
1880660 142
1880670 142
1880680 142
1880690 142
1880700 142
1880710 142
1880720 142
1880730 142
1880740 142
1880750 142
1880760 142
1880770 142
1880780 142
1880790 142
1880800 142
1880810 142
1880820 142
1880830 142
1880840 142
1880850 142
1880860 142
1880870 142
1880880 143
1880890 143
1880900 143
1880910 143
1880920 143
1880930 143
1880940 143
1880950 143
1880960 143
1880970 143
1880980 143
1880990 143
1881000 143
1881010 143
1881020 143
1881030 143
1881040 143
1881050 143
1881060 143
1881070 143
1881080 142
1881090 142
1881100 142
1881110 142
1881120 144
1881130 144
1881140 144
1881150 142
1881160 142
1881170 142
1881180 142
1881190 142
1881200 142
1881210 142
1881220 142
1881230 142
1881240 142
1881250 142
1881260 142
1881270 142
1881280 142
1881290 142
1881300 141
1881310 141
1881320 141
1881330 141
1881340 141
1881350 142
1881360 142
1881370 142
1881380 142
1881390 142
1881400 142
1881410 142
1881420 142
1881430 142
1881440 142
1881450 142
1881460 142
1881470 142
1881480 142
1881490 142
1881500 142
1881510 142
1881520 142
1881530 142
1881540 142
1881550 142
1881560 142
1881570 142
1881580 142
1881590 143
1881600 143
1881610 143
1881620 143
1881630 142
1881640 142
1881650 142
1881660 141
1881670 141
1881680 141
1881690 139
1881700 139
1881710 139
1881720 140
1881730 140
1881740 141
1881750 142
1881760 142
1881770 142
1881780 142
1881790 142
1881800 142
1881810 142
1881820 142
1881830 142
1881840 142
1881850 142
1881860 142
1881870 142
1881880 142
1881890 142
1881900 141
1881910 141
1881920 142
1881930 142
1881940 142
1881950 142
1881960 142
1881970 142
1881980 142
1881990 142
1882000 142
1882010 142
1882020 141
1882030 141
1882040 141
1882050 141
1882060 141
1882070 141
1882080 141
1882090 141
1882100 141
1882110 142
1882120 142
1882130 144
1882140 144
1882150 144
1882160 145
1882170 143
1882180 143
1882190 143
1882200 142
1882210 142
1882220 141
1882230 141
1882240 141
1882250 141
1882260 141
1882270 141
1882280 141
1882290 143
1882300 143
1882310 144
1882320 145
1882330 145
1882340 143
1882350 142
1882360 142
1882370 142
1882380 142
1882390 142
1882400 142
1882410 142
1882420 142
1882430 142
1882440 142
1882450 142
1882460 142
1882470 142
1882480 142
1882490 142
1882500 142
1882510 141
1882520 141
1882530 141
1882540 141
1882550 141
1882560 141
1882570 141
1882580 141
1882590 141
1882600 141
1882610 139
1882620 139
1882630 139
1882640 139
1882650 140
1882660 140
1882670 140
1882680 140
1882690 140
1882700 140
1882710 141
1882720 141
1882730 141
1882740 140
1882750 140
1882760 138
1882770 138
1882780 138
1882790 140
1882800 142
1882810 142
1882820 141
1882830 141
1882840 141
1882850 141
1882860 141
1882870 141
1882880 141
1882890 141
1882900 141
1882910 141
1882920 141
1882930 141
1882940 141
1882950 141
1882960 141
1882970 141
1882980 140
1882990 140
1883000 140
1883010 140
1883020 140
1883030 140
1883040 140
1883050 140
1883060 140
1883070 140
1883080 140
1883090 139
1883100 139
1883110 139
1883120 139
1883130 139
1883140 139
1883150 140
1883160 139
1883170 139
1883180 139
1883190 139
1883200 139
1883210 140
1883220 140
1883230 140
1883240 140
1883250 140
1883260 140
1883270 140
1883280 140
1883290 140
1883300 140
1883310 140
1883320 140
1883330 140
1883340 140
1883350 140
1883360 140
1883370 140
1883380 140
1883390 140
1883400 140
1883410 140
1883420 140
1883430 140
1883440 140
1883450 140
1883460 140
1883470 140
1883480 140
1883490 140
1883500 140
1883510 140
1883520 140
1883530 140
1883540 140
1883550 140
1883560 140
1883570 140
1883580 140
1883590 140
1883600 140
1883610 140
1883620 140
1883630 140
1883640 140
1883650 140
1883660 140
1883670 140
1883680 140
1883690 140
1883700 140
1883710 140
1883720 140
1883730 140
1883740 140
1883750 140
1883760 140
1883770 140
1883780 140
1883790 140
1883800 140
1883810 140
1883820 140
1883830 140
1883840 140
1883850 140
1883860 140
1883870 140
1883880 140
1883890 140
1883900 141
1883910 141
1883920 141
1883930 140
1883940 140
1883950 140
1883960 140
1883970 140
1883980 140
1883990 140
1884000 141
1884010 141
1884020 140
1884030 140
1884040 140
1884050 140
1884060 140
1884070 140
1884080 141
1884090 141
1884100 141
1884110 141
1884120 141
1884130 141
1884140 141
1884150 140
1884160 140
1884170 140
1884180 140
1884190 140
1884200 140
1884210 140
1884220 140
1884230 140
1884240 140
1884250 140
1884260 141
1884270 142
1884280 142
1884290 142
1884300 142
1884310 142
1884320 142
1884330 142
1884340 142
1884350 142
1884360 142
1884370 142
1884380 142
1884390 142
1884400 142
1884410 142
1884420 142
1884430 142
1884440 142
1884450 142
1884460 142
1884470 142
1884480 142
1884490 142
1884500 142
1884510 142
1884520 140
1884530 140
1884540 139
1884550 140
1884560 140
1884570 141
1884580 140
1884590 140
1884600 141
1884610 141
1884620 141
1884630 142
1884640 142
1884650 142
1884660 142
1884670 142
1884680 142
1884690 142
1884700 141
1884710 141
1884720 141
1884730 141
1884740 141
1884750 141
1884760 141
1884770 141
1884780 141
1884790 141
1884800 141
1884810 141
1884820 141
1884830 141
1884840 141
1884850 141
1884860 141
1884870 141
1884880 141
1884890 141
1884900 141
1884910 141
1884920 141
1884930 141
1884940 141
1884950 141
1884960 141
1884970 141
1884980 141
1884990 141
1885000 141
1885010 141
1885020 141
1885030 141
1885040 141
1885050 141
1885060 141
1885070 141
1885080 141
1885090 140
1885100 140
1885110 140
1885120 140
1885130 140
1885140 141
1885150 141
1885160 141
1885170 141
1885180 141
1885190 141
1885200 141
1885210 141
1885220 141
1885230 141
1885240 141
1885250 141
1885260 141
1885270 141
1885280 141
1885290 141
1885300 141
1885310 141
1885320 141
1885330 141
1885340 141
1885350 141
1885360 141
1885370 141
1885380 141
1885390 140
1885400 140
1885410 141
1885420 140
1885430 140
1885440 140
1885450 140
1885460 140
1885470 140
1885480 140
1885490 140
1885500 140
1885510 141
1885520 141
1885530 141
1885540 141
1885550 141
1885560 141
1885570 141
1885580 141
1885590 140
1885600 139
1885610 139
1885620 139
1885630 139
1885640 139
1885650 140
1885660 141
1885670 141
1885680 141
1885690 141
1885700 141
1885710 141
1885720 141
1885730 141
1885740 141
1885750 141
1885760 141
1885770 141
1885780 141
1885790 141
1885800 141
1885810 141
1885820 141
1885830 141
1885840 141
1885850 141
1885860 141
1885870 141
1885880 141
1885890 141
1885900 141
1885910 141
1885920 142
1885930 142
1885940 142
1885950 142
1885960 140
1885970 140
1885980 139
1885990 139
1886000 139
1886010 141
1886020 142
1886030 142
1886040 142
1886050 142
1886060 142
1886070 142
1886080 142
1886090 142
1886100 142
1886110 142
1886120 142
1886130 142
1886140 142
1886150 142
1886160 142
1886170 142
1886180 142
1886190 142
1886200 142
1886210 142
1886220 142
1886230 142
1886240 142
1886250 142
1886260 142
1886270 142
1886280 142
1886290 142
1886300 142
1886310 142
1886320 142
1886330 142
1886340 142
1886350 142
1886360 142
1886370 141
1886380 142
1886390 142
1886400 142
1886410 142
1886420 142
1886430 141
1886440 141
1886450 141
1886460 140
1886470 141
1886480 141
1886490 142
1886500 142
1886510 142
1886520 141
1886530 138
1886540 138
1886550 136
1886560 136
1886570 136
1886580 136
1886590 136
1886600 136
1886610 136
1886620 136
1886630 136
1886640 136
1886650 136
1886660 136
1886670 136
1886680 136
1886690 136
1886700 136
1886710 136
1886720 136
1886730 136
1886740 136
1886750 136
1886760 136
1886770 136
1886780 136
1886790 136
1886800 136
1886810 136
1886820 136
1886830 136
1886840 136
1886850 136
1886860 136
1886870 136
1886880 136
1886890 136
1886900 136
1886910 136
1886920 136
1886930 136
1886940 136
1886950 136
1886960 136
1886970 136
1886980 136
1886990 136
1887000 136
1887010 136
1887020 136
1887030 136
1887040 136
1887050 136
1887060 137
1887070 137
1887080 137
1887090 136
1887100 137
1887110 137
1887120 139
1887130 140
1887140 140
1887150 140
1887160 139
1887170 139
1887180 137
1887190 136
1887200 136
1887210 136
1887220 136
1887230 136
1887240 136
1887250 138
1887260 138
1887270 141
1887280 141
1887290 141
1887300 144
1887310 149
1887320 149
1887330 153
1887340 158
1887350 158
1887360 164
1887370 168
1887380 168
1887390 172
1887400 175
1887410 175
1887420 177
1887430 182
1887440 182
1887450 185
1887460 186
1887470 186
1887480 188
1887490 192
1887500 192
1887510 194
1887520 195
1887530 195
1887540 196
1887550 197
1887560 197
1887570 198
1887580 200
1887590 200
1887600 201
1887610 202
1887620 202
1887630 203
1887640 203
1887650 203
1887660 204
1887670 206
1887680 206
1887690 204
1887700 205
1887710 205
1887720 206
1887730 206
1887740 206
1887750 207
1887760 209
1887770 209
1887780 211
1887790 212
1887800 212
1887810 211
1887820 211
1887830 211
1887840 210
1887850 208
1887860 208
1887870 205
1887880 202
1887890 202
1887900 200
1887910 199
1887920 199
1887930 197
1887940 195
1887950 195
1887960 191
1887970 186
1887980 186
1887990 183
1888000 180
1888010 177
1888020 175
1888030 173
1888040 173
1888050 171
1888060 169
1888070 169
1888080 166
1888090 164
1888100 164
1888110 162
1888120 160
1888130 160
1888140 157
1888150 155
1888160 155
1888170 153
1888180 152
1888190 152
1888200 150
1888210 149
1888220 149
1888230 147
1888240 146
1888250 146
1888260 145
1888270 144
1888280 144
1888290 143
1888300 143
1888310 143
1888320 142
1888330 142
1888340 142
1888350 142
1888360 142
1888370 142
1888380 142
1888390 141
1888400 141
1888410 139
1888420 139
1888430 139
1888440 140
1888450 140
1888460 140
1888470 141
1888480 140
1888490 140
1888500 140
1888510 140
1888520 140
1888530 140
1888540 141
1888550 141
1888560 141
1888570 141
1888580 141
1888590 140
1888600 140
1888610 140
1888620 140
1888630 140
1888640 140
1888650 139
1888660 140
1888670 140
1888680 140
1888690 140
1888700 140
1888710 141
1888720 141
1888730 141
1888740 141
1888750 141
1888760 141
1888770 140
1888780 140
1888790 140
1888800 141
1888810 141
1888820 141
1888830 141
1888840 141
1888850 141
1888860 141
1888870 141
1888880 141
1888890 141
1888900 141
1888910 141
1888920 141
1888930 141
1888940 141
1888950 141
1888960 141
1888970 140
1888980 140
1888990 140
1889000 140
1889010 140
1889020 140
1889030 140
1889040 140
1889050 140
1889060 140
1889070 140
1889080 140
1889090 140
1889100 140
1889110 140
1889120 140
1889130 140
1889140 140
1889150 140
1889160 140
1889170 139
1889180 139
1889190 139
1889200 139
1889210 139
1889220 139
1889230 139
1889240 139
1889250 139
1889260 139
1889270 140
1889280 140
1889290 139
1889300 139
1889310 139
1889320 140
1889330 140
1889340 140
1889350 139
1889360 139
1889370 139
1889380 139
1889390 139
1889400 139
1889410 139
1889420 139
1889430 139
1889440 139
1889450 139
1889460 139
1889470 139
1889480 139
1889490 139
1889500 139
1889510 139
1889520 139
1889530 138
1889540 138
1889550 138
1889560 140
1889570 141
1889580 141
1889590 141
1889600 141
1889610 141
1889620 141
1889630 141
1889640 141
1889650 141
1889660 141
1889670 141
1889680 140
1889690 140
1889700 140
1889710 140
1889720 140
1889730 140
1889740 140
1889750 140
1889760 140
1889770 140
1889780 140
1889790 140
1889800 140
1889810 140
1889820 140
1889830 140
1889840 140
1889850 140
1889860 140
1889870 141
1889880 141
1889890 141
1889900 141
1889910 141
1889920 140
1889930 141
1889940 141
1889950 141
1889960 141
1889970 141
1889980 141
1889990 141
1890000 141
1890010 141
1890020 141
1890030 141
1890040 141
1890050 141
1890060 141
1890070 141
1890080 141
1890090 141
1890100 141
1890110 141
1890120 141
1890130 141
1890140 141
1890150 141
1890160 141
1890170 141
1890180 141
1890190 141
1890200 141
1890210 141
1890220 141
1890230 141
1890240 141
1890250 141
1890260 141
1890270 141
1890280 140
1890290 140
1890300 140
1890310 140
1890320 140
1890330 140
1890340 141
1890350 141
1890360 141
1890370 141
1890380 141
1890390 141
1890400 141
1890410 141
1890420 141
1890430 141
1890440 141
1890450 141
1890460 141
1890470 140
1890480 140
1890490 140
1890500 140
1890510 140
1890520 140
1890530 140
1890540 140
1890550 140
1890560 140
1890570 140
1890580 141
1890590 141
1890600 141
1890610 141
1890620 141
1890630 141
1890640 140
1890650 140
1890660 140
1890670 141
1890680 141
1890690 141
1890700 141
1890710 140
1890720 140
1890730 139
1890740 139
1890750 139
1890760 137
1890770 137
1890780 137
1890790 136
1890800 137
1890810 137
1890820 137
1890830 137
1890840 137
1890850 137
1890860 137
1890870 137
1890880 138
1890890 139
1890900 139
1890910 139
1890920 139
1890930 139
1890940 139
1890950 139
1890960 139
1890970 139
1890980 139
1890990 139
1891000 139
1891010 139
1891020 139
1891030 139
1891040 139
1891050 139
1891060 139
1891070 139
1891080 139
1891090 139
1891100 139
1891110 139
1891120 139
1891130 139
1891140 139
1891150 139
1891160 139
1891170 139
1891180 139
1891190 139
1891200 139
1891210 138
1891220 138
1891230 138
1891240 138
1891250 138
1891260 138
1891270 138
1891280 138
1891290 138
1891300 138
1891310 137
1891320 137
1891330 137
1891340 137
1891350 137
1891360 137
1891370 137
1891380 137
1891390 138
1891400 139
1891410 139
1891420 139
1891430 139
1891440 139
1891450 139
1891460 139
1891470 139
1891480 138
1891490 139
1891500 139
1891510 140
1891520 140
1891530 140
1891540 140
1891550 140
1891560 140
1891570 139
1891580 139
1891590 139
1891600 139
1891610 139
1891620 139
1891630 139
1891640 140
1891650 140
1891660 140
1891670 141
1891680 141
1891690 141
1891700 140
1891710 140
1891720 139
1891730 139
1891740 139
1891750 139
1891760 139
1891770 139
1891780 139
1891790 140
1891800 140
1891810 139
1891820 138
1891830 138
1891840 134
1891850 134
1891860 134
1891870 134
1891880 134
1891890 134
1891900 134
1891910 134
1891920 134
1891930 134
1891940 134
1891950 134
1891960 134
1891970 134
1891980 134
1891990 134
1892000 134
1892010 134
1892020 134
1892030 134
1892040 134
1892050 134
1892060 134
1892070 134
1892080 134
1892090 134
1892100 134
1892110 134
1892120 134
1892130 134
1892140 134
1892150 134
1892160 134
1892170 134
1892180 134
1892190 134
1892200 134
1892210 134
1892220 134
1892230 134
1892240 134
1892250 134
