1880000 142
1880010 142
1880020 142
1880030 142
1880040 142
1880050 142
1880060 142
1880070 142
1880080 142
1880090 142
1880100 142
1880110 142
1880120 142
1880130 142
1880140 142
1880150 142
1880160 142
1880170 142
1880180 142
1880190 142
1880200 142
1880210 142
1880220 142
1880230 142
1880240 142
1880250 142
1880260 142
1880270 142
1880280 142
1880290 142
1880300 142
1880310 141
1880320 141
1880330 141
1880340 141
1880350 141
1880360 141
1880370 142
1880380 142
1880390 142
1880400 142
1880410 142
1880420 142
1880430 142
1880440 142
1880450 142
1880460 142
1880470 142
1880480 142
1880490 142
1880500 142
1880510 142
1880520 142
1880530 142
1880540 142
1880550 142
1880560 142
1880570 142
1880580 141
1880590 141
1880600 141
1880610 141
1880620 141
1880630 141
1880640 141
1880650 141
1880660 141
1880670 141
1880680 141
1880690 141
1880700 141
1880710 141
1880720 142
1880730 143
1880740 143
1880750 143
1880760 142
1880770 142
1880780 141
1880790 142
1880800 142
1880810 142
1880820 142
1880830 142
1880840 142
1880850 142
1880860 142
1880870 142
1880880 142
1880890 142
1880900 142
1880910 142
1880920 142
1880930 142
1880940 142
1880950 142
1880960 142
1880970 142
1880980 142
1880990 142
1881000 142
1881010 142
1881020 142
1881030 142
1881040 142
1881050 142
1881060 142
1881070 142
1881080 142
1881090 142
1881100 142
1881110 142
1881120 142
1881130 142
1881140 142
1881150 142
1881160 142
1881170 142
1881180 142
1881190 142
1881200 142
1881210 142
1881220 142
1881230 142
1881240 142
1881250 142
1881260 142
1881270 142
1881280 142
1881290 142
1881300 142
1881310 142
1881320 142
1881330 141
1881340 141
1881350 141
1881360 142
1881370 141
1881380 141
1881390 141
1881400 142
1881410 142
1881420 142
1881430 142
1881440 142
1881450 142
1881460 141
1881470 141
1881480 142
1881490 142
1881500 142
1881510 142
1881520 142
1881530 142
1881540 142
1881550 142
1881560 142
1881570 142
1881580 142
1881590 142
1881600 142
1881610 142
1881620 142
1881630 142
1881640 142
1881650 142
1881660 142
1881670 142
1881680 142
1881690 142
1881700 142
1881710 142
1881720 142
1881730 142
1881740 142
1881750 142
1881760 142
1881770 142
1881780 142
1881790 142
1881800 142
1881810 141
1881820 141
1881830 141
1881840 141
1881850 141
1881860 141
1881870 141
1881880 141
1881890 141
1881900 141
1881910 141
1881920 141
1881930 141
1881940 142
1881950 142
1881960 142
1881970 142
1881980 142
1881990 142
1882000 142
1882010 142
1882020 142
1882030 142
1882040 142
1882050 142
1882060 142
1882070 142
1882080 142
1882090 142
1882100 142
1882110 142
1882120 142
1882130 142
1882140 142
1882150 141
1882160 141
1882170 141
1882180 141
1882190 141
1882200 141
1882210 141
1882220 141
1882230 142
1882240 142
1882250 142
1882260 142
1882270 142
1882280 142
1882290 142
1882300 142
1882310 142
1882320 141
1882330 141
1882340 141
1882350 141
1882360 141
1882370 141
1882380 141
1882390 141
1882400 141
1882410 141
1882420 141
1882430 141
1882440 141
1882450 141
1882460 141
1882470 141
1882480 141
1882490 141
1882500 141
1882510 141
1882520 141
1882530 141
1882540 141
1882550 141
1882560 141
1882570 142
1882580 142
1882590 142
1882600 142
1882610 142
1882620 142
1882630 142
1882640 142
1882650 142
1882660 142
1882670 142
1882680 142
1882690 142
1882700 142
1882710 142
1882720 142
1882730 142
1882740 142
1882750 142
1882760 142
1882770 141
1882780 141
1882790 141
1882800 142
1882810 142
1882820 142
1882830 141
1882840 141
1882850 141
1882860 141
1882870 141
1882880 141
1882890 141
1882900 141
1882910 141
1882920 142
1882930 142
1882940 142
1882950 142
1882960 142
1882970 142
1882980 142
1882990 142
1883000 142
1883010 142
1883020 142
1883030 142
1883040 142
1883050 142
1883060 142
1883070 142
1883080 141
1883090 141
1883100 141
1883110 141
1883120 141
1883130 140
1883140 142
1883150 142
1883160 141
1883170 141
1883180 141
1883190 141
1883200 141
1883210 141
1883220 141
1883230 141
1883240 141
1883250 141
1883260 141
1883270 141
1883280 141
1883290 141
1883300 141
1883310 141
1883320 141
1883330 141
1883340 141
1883350 142
1883360 142
1883370 142
1883380 142
1883390 142
1883400 144
1883410 144
1883420 144
1883430 143
1883440 141
1883450 141
1883460 141
1883470 141
1883480 141
1883490 141
1883500 141
1883510 141
1883520 141
1883530 141
1883540 141
1883550 141
1883560 141
1883570 141
1883580 141
1883590 141
1883600 141
1883610 141
1883620 142
1883630 142
1883640 142
1883650 142
1883660 142
1883670 142
1883680 141
1883690 141
1883700 141
1883710 141
1883720 141
1883730 141
1883740 142
1883750 142
1883760 142
1883770 142
1883780 142
1883790 142
1883800 142
1883810 142
1883820 142
1883830 142
1883840 142
1883850 142
1883860 142
1883870 142
1883880 141
1883890 141
1883900 141
1883910 141
1883920 141
1883930 141
1883940 141
1883950 140
1883960 141
1883970 140
1883980 141
1883990 141
1884000 141
1884010 141
1884020 141
1884030 141
1884040 141
1884050 141
1884060 141
1884070 141
1884080 141
1884090 141
1884100 141
1884110 141
1884120 141
1884130 141
1884140 141
1884150 141
1884160 141
1884170 141
1884180 140
1884190 141
1884200 141
1884210 141
1884220 141
1884230 141
1884240 140
1884250 139
1884260 139
1884270 139
1884280 141
1884290 140
1884300 142
1884310 142
1884320 142
1884330 141
1884340 141
1884350 141
1884360 141
1884370 141
1884380 141
1884390 141
1884400 142
1884410 142
1884420 142
1884430 142
1884440 142
1884450 141
1884460 141
1884470 141
1884480 141
1884490 141
1884500 141
1884510 141
1884520 140
1884530 140
1884540 141
1884550 141
1884560 141
1884570 141
1884580 141
1884590 141
1884600 141
1884610 141
1884620 141
1884630 141
1884640 141
1884650 141
1884660 140
1884670 140
1884680 140
1884690 140
1884700 140
1884710 140
1884720 140
1884730 140
1884740 140
1884750 140
1884760 140
1884770 140
1884780 140
1884790 140
1884800 140
1884810 140
1884820 140
1884830 140
1884840 140
1884850 140
1884860 140
1884870 140
1884880 141
1884890 141
1884900 141
1884910 141
1884920 141
1884930 141
1884940 141
1884950 141
1884960 141
1884970 141
1884980 141
1884990 141
1885000 141
1885010 141
1885020 141
1885030 141
1885040 141
1885050 140
1885060 141
1885070 141
1885080 141
1885090 141
1885100 141
1885110 141
1885120 141
1885130 141
1885140 141
1885150 141
1885160 141
1885170 140
1885180 140
1885190 140
1885200 139
1885210 138
1885220 138
1885230 138
1885240 138
1885250 138
1885260 138
1885270 138
1885280 138
1885290 139
1885300 141
1885310 141
1885320 141
1885330 141
1885340 141
1885350 141
1885360 141
1885370 141
1885380 141
1885390 141
1885400 141
1885410 141
1885420 141
1885430 141
1885440 141
1885450 141
1885460 141
1885470 141
1885480 141
1885490 141
1885500 141
1885510 141
1885520 141
1885530 141
1885540 141
1885550 141
1885560 141
1885570 141
1885580 141
1885590 141
1885600 141
1885610 141
1885620 141
1885630 141
1885640 141
1885650 140
1885660 140
1885670 140
1885680 140
1885690 140
1885700 140
1885710 141
1885720 141
1885730 141
1885740 140
1885750 141
1885760 141
1885770 141
1885780 141
1885790 141
1885800 141
1885810 141
1885820 141
1885830 141
1885840 141
1885850 141
1885860 141
1885870 141
1885880 141
1885890 140
1885900 141
1885910 141
1885920 141
1885930 140
1885940 140
1885950 140
1885960 140
1885970 140
1885980 140
1885990 141
1886000 141
1886010 141
1886020 141
1886030 141
1886040 141
1886050 141
1886060 141
1886070 140
1886080 140
1886090 140
1886100 140
1886110 140
1886120 140
1886130 140
1886140 140
1886150 140
1886160 141
1886170 141
1886180 141
1886190 141
1886200 141
1886210 141
1886220 141
1886230 141
1886240 141
1886250 141
1886260 141
1886270 141
1886280 141
1886290 140
1886300 140
1886310 140
1886320 140
1886330 140
1886340 140
1886350 140
1886360 140
1886370 140
1886380 140
1886390 140
1886400 140
1886410 139
1886420 139
1886430 139
1886440 139
1886450 139
1886460 139
1886470 139
1886480 139
1886490 139
1886500 139
1886510 139
1886520 139
1886530 139
1886540 139
1886550 140
1886560 140
1886570 140
1886580 140
1886590 140
1886600 140
1886610 140
1886620 140
1886630 140
1886640 140
1886650 140
1886660 140
1886670 140
1886680 140
1886690 140
1886700 140
1886710 140
1886720 140
1886730 140
1886740 140
1886750 140
1886760 140
1886770 140
1886780 140
1886790 140
1886800 140
1886810 140
1886820 140
1886830 140
1886840 140
1886850 140
1886860 140
1886870 140
1886880 140
1886890 137
1886900 136
1886910 136
1886920 135
1886930 136
1886940 136
1886950 136
1886960 136
1886970 136
1886980 135
1886990 135
1887000 135
1887010 135
1887020 135
1887030 135
1887040 135
1887050 135
1887060 135
1887070 135
1887080 135
1887090 135
1887100 135
1887110 135
1887120 135
1887130 135
1887140 135
1887150 135
1887160 135
1887170 135
1887180 135
1887190 135
1887200 135
1887210 135
1887220 135
1887230 135
1887240 135
1887250 135
1887260 135
1887270 135
1887280 135
1887290 135
1887300 135
1887310 135
1887320 135
1887330 135
1887340 135
1887350 135
1887360 135
1887370 135
1887380 135
1887390 135
1887400 135
1887410 135
1887420 135
1887430 135
1887440 135
1887450 135
1887460 135
1887470 136
1887480 136
1887490 137
1887500 138
1887510 138
1887520 138
1887530 138
1887540 138
1887550 137
1887560 136
1887570 136
1887580 139
1887590 141
1887600 141
1887610 141
1887620 141
1887630 141
1887640 141
1887650 139
1887660 139
1887670 137
1887680 135
1887690 135
1887700 136
1887710 136
1887720 136
1887730 135
1887740 135
1887750 135
1887760 135
1887770 135
1887780 135
1887790 136
1887800 136
1887810 136
1887820 136
1887830 137
1887840 137
1887850 137
1887860 136
1887870 136
1887880 136
1887890 136
1887900 136
1887910 137
1887920 141
1887930 141
1887940 141
1887950 141
1887960 141
1887970 141
1887980 141
1887990 141
1888000 141
1888010 141
1888020 141
1888030 141
1888040 141
1888050 141
1888060 141
1888070 141
1888080 141
1888090 140
1888100 140
1888110 140
1888120 140
1888130 140
1888140 140
1888150 140
1888160 140
1888170 140
1888180 140
1888190 140
1888200 140
1888210 139
1888220 139
1888230 139
1888240 138
1888250 138
1888260 138
1888270 138
1888280 137
1888290 137
1888300 137
1888310 137
1888320 137
1888330 137
1888340 137
1888350 137
1888360 137
1888370 136
1888380 136
1888390 136
1888400 137
1888410 137
1888420 137
1888430 137
1888440 137
1888450 137
1888460 137
1888470 137
1888480 139
1888490 138
1888500 138
1888510 137
1888520 137
1888530 137
1888540 137
1888550 137
1888560 137
1888570 140
1888580 141
1888590 141
1888600 141
1888610 141
1888620 141
1888630 140
1888640 140
1888650 140
1888660 140
1888670 140
1888680 140
1888690 140
1888700 140
1888710 140
1888720 140
1888730 140
1888740 140
1888750 141
1888760 141
1888770 141
1888780 141
1888790 141
1888800 140
1888810 140
1888820 140
1888830 140
1888840 141
1888850 141
1888860 141
1888870 141
1888880 141
1888890 141
1888900 141
1888910 141
1888920 141
1888930 141
1888940 141
1888950 141
1888960 141
1888970 141
1888980 141
1888990 141
1889000 141
1889010 141
1889020 141
1889030 141
1889040 141
1889050 140
1889060 141
1889070 141
1889080 141
1889090 141
1889100 141
1889110 141
1889120 141
1889130 141
1889140 141
1889150 141
1889160 141
1889170 141
1889180 141
1889190 141
1889200 141
1889210 141
1889220 141
1889230 141
1889240 141
1889250 141
1889260 141
1889270 141
1889280 141
1889290 141
1889300 141
1889310 141
1889320 141
1889330 141
1889340 141
1889350 141
1889360 140
1889370 140
1889380 140
1889390 140
1889400 140
1889410 140
1889420 140
1889430 140
1889440 140
1889450 140
1889460 140
1889470 140
1889480 140
1889490 140
1889500 140
1889510 140
1889520 140
1889530 140
1889540 140
1889550 140
1889560 140
1889570 140
1889580 140
1889590 140
1889600 140
1889610 140
1889620 140
1889630 139
1889640 139
1889650 139
1889660 139
1889670 139
1889680 139
1889690 140
1889700 140
1889710 140
1889720 139
1889730 139
1889740 138
1889750 138
1889760 139
1889770 139
1889780 139
1889790 139
1889800 139
1889810 139
1889820 139
1889830 139
1889840 140
1889850 140
1889860 140
1889870 140
1889880 140
1889890 140
1889900 140
1889910 140
1889920 140
1889930 140
1889940 140
1889950 140
1889960 140
1889970 140
1889980 140
1889990 140
1890000 140
1890010 140
1890020 140
1890030 140
1890040 140
1890050 140
1890060 140
1890070 140
1890080 140
1890090 140
1890100 140
1890110 140
1890120 140
1890130 140
1890140 140
1890150 140
1890160 140
1890170 140
1890180 140
1890190 140
1890200 140
1890210 140
1890220 140
1890230 140
1890240 140
1890250 140
1890260 140
1890270 140
1890280 140
1890290 140
1890300 140
1890310 141
1890320 141
1890330 141
1890340 141
1890350 141
1890360 141
1890370 140
1890380 140
1890390 140
1890400 140
1890410 140
1890420 140
1890430 140
1890440 140
1890450 140
1890460 140
1890470 140
1890480 140
1890490 140
1890500 140
1890510 140
1890520 140
1890530 140
1890540 140
1890550 140
1890560 140
1890570 140
1890580 140
1890590 140
1890600 140
1890610 140
1890620 140
1890630 140
1890640 140
1890650 140
1890660 140
1890670 140
1890680 140
1890690 140
1890700 140
1890710 140
1890720 140
1890730 140
1890740 140
1890750 140
1890760 140
1890770 140
1890780 140
1890790 138
1890800 136
1890810 136
1890820 135
1890830 134
1890840 134
1890850 134
1890860 134
1890870 134
1890880 134
1890890 134
1890900 134
1890910 134
1890920 134
1890930 134
1890940 134
1890950 134
1890960 134
1890970 134
1890980 134
1890990 134
1891000 134
1891010 134
1891020 134
1891030 134
1891040 134
1891050 134
1891060 134
1891070 134
1891080 134
1891090 134
1891100 134
1891110 134
1891120 134
1891130 134
1891140 134
1891150 134
1891160 134
1891170 134
1891180 134
1891190 134
1891200 134
1891210 134
1891220 134
1891230 134
1891240 134
1891250 134
1891260 134
1891270 134
1891280 134
1891290 134
1891300 134
1891310 134
1891320 134
1891330 134
1891340 134
1891350 134
1891360 134
1891370 134
1891380 134
1891390 134
1891400 134
1891410 134
1891420 134
1891430 134
1891440 134
1891450 134
1880000 142
1880010 142
1880020 142
1880030 142
1880040 142
1880050 142
1880060 142
1880070 142
1880080 142
1880090 142
1880100 142
1880110 142
1880120 142
1880130 142
1880140 142
1880150 142
1880160 142
1880170 142
1880180 142
1880190 142
1880200 142
1880210 142
1880220 142
1880230 142
1880240 142
1880250 142
1880260 142
1880270 142
1880280 142
1880290 142
1880300 142
1880310 141
1880320 141
1880330 141
1880340 141
1880350 141
1880360 141
1880370 142
1880380 142
1880390 142
1880400 142
1880410 142
1880420 142
1880430 142
1880440 142
1880450 142
1880460 142
1880470 142
1880480 142
1880490 142
1880500 142
1880510 142
1880520 142
1880530 142
1880540 142
1880550 142
1880560 142
1880570 142
1880580 141
1880590 141
1880600 141
1880610 141
1880620 141
1880630 141
1880640 141
1880650 141
1880660 141
1880670 141
1880680 141
1880690 141
1880700 141
1880710 141
1880720 142
1880730 143
1880740 143
1880750 143
1880760 142
1880770 142
1880780 141
1880790 142
1880800 142
1880810 142
1880820 142
1880830 142
1880840 142
1880850 142
1880860 142
1880870 142
1880880 142
1880890 142
1880900 142
1880910 142
1880920 142
1880930 142
1880940 142
1880950 142
1880960 142
1880970 142
1880980 142
1880990 142
1881000 142
1881010 142
1881020 142
1881030 142
1881040 142
1881050 142
1881060 142
1881070 142
1881080 142
1881090 142
1881100 142
1881110 142
1881120 142
1881130 142
1881140 142
1881150 142
1881160 142
1881170 142
1881180 142
1881190 142
1881200 142
1881210 142
1881220 142
1881230 142
1881240 142
1881250 142
1881260 142
1881270 142
1881280 142
1881290 142
1881300 142
1881310 142
1881320 142
1881330 141
1881340 141
1881350 141
1881360 142
1881370 141
1881380 141
1881390 141
1881400 142
1881410 142
1881420 142
1881430 142
1881440 142
1881450 142
1881460 141
1881470 141
1881480 142
1881490 142
1881500 142
1881510 142
1881520 142
1881530 142
1881540 142
1881550 142
1881560 142
1881570 142
1881580 142
1881590 142
1881600 142
1881610 142
1881620 142
1881630 142
1881640 142
1881650 142
1881660 142
1881670 142
1881680 142
1881690 142
1881700 142
1881710 142
1881720 142
1881730 142
1881740 142
1881750 142
1881760 142
1881770 142
1881780 142
1881790 142
1881800 142
1881810 141
1881820 141
1881830 141
1881840 141
1881850 141
1881860 141
1881870 141
1881880 141
1881890 141
1881900 141
1881910 141
1881920 141
1881930 141
1881940 142
1881950 142
1881960 142
1881970 142
1881980 142
1881990 142
1882000 142
1882010 142
1882020 142
1882030 142
1882040 142
1882050 142
1882060 142
1882070 142
1882080 142
1882090 142
1882100 142
1882110 142
1882120 142
1882130 142
1882140 142
1882150 141
1882160 141
1882170 141
1882180 141
1882190 141
1882200 141
1882210 141
1882220 141
1882230 142
1882240 142
1882250 142
1882260 142
1882270 142
1882280 142
1882290 142
1882300 142
1882310 142
1882320 141
1882330 141
1882340 141
1882350 141
1882360 141
1882370 141
1882380 141
1882390 141
1882400 141
1882410 141
1882420 141
1882430 141
1882440 141
1882450 141
1882460 141
1882470 141
1882480 141
1882490 141
1882500 141
1882510 141
1882520 141
1882530 141
1882540 141
1882550 141
1882560 141
1882570 142
1882580 142
1882590 142
1882600 142
1882610 142
1882620 142
1882630 142
1882640 142
1882650 142
1882660 142
1882670 142
1882680 142
1882690 142
1882700 142
1882710 142
1882720 142
1882730 142
1882740 142
1882750 142
1882760 142
1882770 141
1882780 141
1882790 141
1882800 142
1882810 142
1882820 142
1882830 141
1882840 141
1882850 141
1882860 141
1882870 141
1882880 141
1882890 141
1882900 141
1882910 141
1882920 142
1882930 142
1882940 142
1882950 142
1882960 142
1882970 142
1882980 142
1882990 142
1883000 142
1883010 142
1883020 142
1883030 142
1883040 142
1883050 142
1883060 142
1883070 142
1883080 141
1883090 141
1883100 141
1883110 141
1883120 141
1883130 140
1883140 142
1883150 142
1883160 141
1883170 141
1883180 141
1883190 141
1883200 141
1883210 141
1883220 141
1883230 141
1883240 141
1883250 141
1883260 141
1883270 141
1883280 141
1883290 141
1883300 141
1883310 141
1883320 141
1883330 141
1883340 141
1883350 142
1883360 142
1883370 142
1883380 142
1883390 142
1883400 144
1883410 144
1883420 144
1883430 143
1883440 141
1883450 141
1883460 141
1883470 141
1883480 141
1883490 141
1883500 141
1883510 141
1883520 141
1883530 141
1883540 141
1883550 141
1883560 141
1883570 141
1883580 141
1883590 141
1883600 141
1883610 141
1883620 142
1883630 142
1883640 142
1883650 142
1883660 142
1883670 142
1883680 141
1883690 141
1883700 141
1883710 141
1883720 141
1883730 141
1883740 142
1883750 142
1883760 142
1883770 142
1883780 142
1883790 142
1883800 142
1883810 142
1883820 142
1883830 142
1883840 142
1883850 142
1883860 142
1883870 142
1883880 141
1883890 141
1883900 141
1883910 141
1883920 141
1883930 141
1883940 141
1883950 140
1883960 141
1883970 140
1883980 141
1883990 141
1884000 141
1884010 141
1884020 141
1884030 141
1884040 141
1884050 141
1884060 141
1884070 141
1884080 141
1884090 141
1884100 141
1884110 141
1884120 141
1884130 141
1884140 141
1884150 141
1884160 141
1884170 141
1884180 140
1884190 141
1884200 141
1884210 141
1884220 141
1884230 141
1884240 140
1884250 139
1884260 139
1884270 139
1884280 141
1884290 140
1884300 142
1884310 142
1884320 142
1884330 141
1884340 141
1884350 141
1884360 141
1884370 141
1884380 141
1884390 141
1884400 142
1884410 142
1884420 142
1884430 142
1884440 142
1884450 141
1884460 141
1884470 141
1884480 141
1884490 141
1884500 141
1884510 141
1884520 140
1884530 140
1884540 141
1884550 141
1884560 141
1884570 141
1884580 141
1884590 141
1884600 141
1884610 141
1884620 141
1884630 141
1884640 141
1884650 141
1884660 140
1884670 140
1884680 140
1884690 140
1884700 140
1884710 140
1884720 140
1884730 140
1884740 140
1884750 140
1884760 140
1884770 140
1884780 140
1884790 140
1884800 140
1884810 140
1884820 140
1884830 140
1884840 140
1884850 140
1884860 140
1884870 140
1884880 141
1884890 141
1884900 141
1884910 141
1884920 141
1884930 141
1884940 141
1884950 141
1884960 141
1884970 141
1884980 141
1884990 141
1885000 141
1885010 141
1885020 141
1885030 141
1885040 141
1885050 140
1885060 141
1885070 141
1885080 141
1885090 141
1885100 141
1885110 141
1885120 141
1885130 141
1885140 141
1885150 141
1885160 141
1885170 140
1885180 140
1885190 140
1885200 139
1885210 138
1885220 138
1885230 138
1885240 138
1885250 138
1885260 138
1885270 138
1885280 138
1885290 139
1885300 141
1885310 141
1885320 141
1885330 141
1885340 141
1885350 141
1885360 141
1885370 141
1885380 141
1885390 141
1885400 141
1885410 141
1885420 141
1885430 141
1885440 141
1885450 141
1885460 141
1885470 141
1885480 141
1885490 141
1885500 141
1885510 141
1885520 141
1885530 141
1885540 141
1885550 141
1885560 141
1885570 141
1885580 141
1885590 141
1885600 141
1885610 141
1885620 141
1885630 141
1885640 141
1885650 140
1885660 140
1885670 140
1885680 140
1885690 140
1885700 140
1885710 141
1885720 141
1885730 141
1885740 140
1885750 141
1885760 141
1885770 141
1885780 141
1885790 141
1885800 141
1885810 141
1885820 141
1885830 141
1885840 141
1885850 141
1885860 141
1885870 141
1885880 141
1885890 140
1885900 141
1885910 141
1885920 141
1885930 140
1885940 140
1885950 140
1885960 140
1885970 140
1885980 140
1885990 141
1886000 141
1886010 141
1886020 141
1886030 141
1886040 141
1886050 141
1886060 141
1886070 140
1886080 140
1886090 140
1886100 140
1886110 140
1886120 140
1886130 140
1886140 140
1886150 140
1886160 141
1886170 141
1886180 141
1886190 141
1886200 141
1886210 141
1886220 141
1886230 141
1886240 141
1886250 141
1886260 141
1886270 141
1886280 141
1886290 140
1886300 140
1886310 140
1886320 140
1886330 140
1886340 140
1886350 140
1886360 140
1886370 140
1886380 140
1886390 140
1886400 140
1886410 139
1886420 139
1886430 139
1886440 139
1886450 139
1886460 139
1886470 139
1886480 139
1886490 139
1886500 139
1886510 139
1886520 139
1886530 139
1886540 139
1886550 140
1886560 140
1886570 140
1886580 140
1886590 140
1886600 140
1886610 140
1886620 140
1886630 140
1886640 140
1886650 140
1886660 140
1886670 140
1886680 140
1886690 140
1886700 140
1886710 140
1886720 140
1886730 140
1886740 140
1886750 140
1886760 140
1886770 140
1886780 140
1886790 140
1886800 140
1886810 140
1886820 140
1886830 140
1886840 140
1886850 140
1886860 140
1886870 140
1886880 140
1886890 137
1886900 136
1886910 136
1886920 135
1886930 136
1886940 136
1886950 136
1886960 136
1886970 136
1886980 135
1886990 135
1887000 135
1887010 135
1887020 135
1887030 135
1887040 135
1887050 135
1887060 135
1887070 135
1887080 135
1887090 135
1887100 135
1887110 135
1887120 135
1887130 135
1887140 135
1887150 135
1887160 135
1887170 135
1887180 135
1887190 135
1887200 135
1887210 135
1887220 135
1887230 135
1887240 135
1887250 135
1887260 135
1887270 135
1887280 135
1887290 135
1887300 135
1887310 135
1887320 135
1887330 135
1887340 135
1887350 135
1887360 135
1887370 135
1887380 135
1887390 135
1887400 135
1887410 135
1887420 135
1887430 135
1887440 135
1887450 135
1887460 135
1887470 136
1887480 136
1887490 137
1887500 138
1887510 138
1887520 138
1887530 138
1887540 138
1887550 137
1887560 136
1887570 136
1887580 139
1887590 141
1887600 141
1887610 141
1887620 141
1887630 141
1887640 141
1887650 139
1887660 139
1887670 137
1887680 135
1887690 135
1887700 136
1887710 136
1887720 136
1887730 135
1887740 135
1887750 135
1887760 135
1887770 135
1887780 135
1887790 136
1887800 136
1887810 136
1887820 136
1887830 137
1887840 137
1887850 137
1887860 136
1887870 136
1887880 136
1887890 136
1887900 136
1887910 137
1887920 141
1887930 141
1887940 141
1887950 141
1887960 141
1887970 141
1887980 141
1887990 141
1888000 141
1888010 141
1888020 141
1888030 141
1888040 141
1888050 141
1888060 141
1888070 141
1888080 141
1888090 140
1888100 140
1888110 140
1888120 140
1888130 140
1888140 140
1888150 140
1888160 140
1888170 140
1888180 140
1888190 140
1888200 140
1888210 139
1888220 139
1888230 139
1888240 138
1888250 138
1888260 138
1888270 138
1888280 137
1888290 137
1888300 137
1888310 137
1888320 137
1888330 137
1888340 137
1888350 137
1888360 137
1888370 136
1888380 136
1888390 136
1888400 137
1888410 137
1888420 137
1888430 137
1888440 137
1888450 137
1888460 137
1888470 137
1888480 139
1888490 138
1888500 138
1888510 137
1888520 137
1888530 137
1888540 137
1888550 137
1888560 137
1888570 140
1888580 141
1888590 141
1888600 141
1888610 141
1888620 141
1888630 140
1888640 140
1888650 140
1888660 140
1888670 140
1888680 140
1888690 140
1888700 140
1888710 140
1888720 140
1888730 140
1888740 140
1888750 141
1888760 141
1888770 141
1888780 141
1888790 141
1888800 140
1888810 140
1888820 140
1888830 140
1888840 141
1888850 141
1888860 141
1888870 141
1888880 141
1888890 141
1888900 141
1888910 141
1888920 141
1888930 141
1888940 141
1888950 141
1888960 141
1888970 141
1888980 141
1888990 141
1889000 141
1889010 141
1889020 141
1889030 141
1889040 141
1889050 140
1889060 141
1889070 141
1889080 141
1889090 141
1889100 141
1889110 141
1889120 141
1889130 141
1889140 141
1889150 141
1889160 141
1889170 141
1889180 141
1889190 141
1889200 141
1889210 141
1889220 141
1889230 141
1889240 141
1889250 141
1889260 141
1889270 141
1889280 141
1889290 141
1889300 141
1889310 141
1889320 141
1889330 141
1889340 141
1889350 141
1889360 140
1889370 140
1889380 140
1889390 140
1889400 140
1889410 140
1889420 140
1889430 140
1889440 140
1889450 140
1889460 140
1889470 140
1889480 140
1889490 140
1889500 140
1889510 140
1889520 140
1889530 140
1889540 140
1889550 140
1889560 140
1889570 140
1889580 140
1889590 140
1889600 140
1889610 140
1889620 140
1889630 139
1889640 139
1889650 139
1889660 139
1889670 139
1889680 139
1889690 140
1889700 140
1889710 140
1889720 139
1889730 139
1889740 138
1889750 138
1889760 139
1889770 139
1889780 139
1889790 139
1889800 139
1889810 139
1889820 139
1889830 139
1889840 140
1889850 140
1889860 140
1889870 140
1889880 140
1889890 140
1889900 140
1889910 140
1889920 140
1889930 140
1889940 140
1889950 140
1889960 140
1889970 140
1889980 140
1889990 140
1890000 140
1890010 140
1890020 140
1890030 140
1890040 140
1890050 140
1890060 140
1890070 140
1890080 140
1890090 140
1890100 140
1890110 140
1890120 140
1890130 140
1890140 140
1890150 140
1890160 140
1890170 140
1890180 140
1890190 140
1890200 140
1890210 140
1890220 140
1890230 140
1890240 140
1890250 140
1890260 140
1890270 140
1890280 140
1890290 140
1890300 140
1890310 141
1890320 141
1890330 141
1890340 141
1890350 141
1890360 141
1890370 140
1890380 140
1890390 140
1890400 140
1890410 140
1890420 140
1890430 140
1890440 140
1890450 140
1890460 140
1890470 140
1890480 140
1890490 140
1890500 140
1890510 140
1890520 140
1890530 140
1890540 140
1890550 140
1890560 140
1890570 140
1890580 140
1890590 140
1890600 140
1890610 140
1890620 140
1890630 140
1890640 140
1890650 140
1890660 140
1890670 140
1890680 140
1890690 140
1890700 140
1890710 140
1890720 140
1890730 140
1890740 140
1890750 140
1890760 140
1890770 140
1890780 140
1890790 138
1890800 136
1890810 136
1890820 135
1890830 134
1890840 134
1890850 134
1890860 134
1890870 134
1890880 134
1890890 134
1890900 134
1890910 134
1890920 134
1890930 134
1890940 134
1890950 134
1890960 134
1890970 134
1890980 134
1890990 134
1891000 134
1891010 134
1891020 134
1891030 134
1891040 134
1891050 134
1891060 134
1891070 134
1891080 134
1891090 134
1891100 134
1891110 134
1891120 134
1891130 134
1891140 134
1891150 134
1891160 134
1891170 134
1891180 134
1891190 134
1891200 134
1891210 134
1891220 134
1891230 134
1891240 134
1891250 134
1891260 134
1891270 134
1891280 134
1891290 134
1891300 134
1891310 134
1891320 134
1891330 134
1891340 134
1891350 134
1891360 134
1891370 134
1891380 134
1891390 134
1891400 134
1891410 134
1891420 134
1891430 134
1891440 134
1891450 134
