1880000 142
1880010 142
1880020 142
1880030 142
1880040 142
1880050 142
1880060 141
1880070 142
1880080 142
1880090 142
1880100 142
1880110 142
1880120 142
1880130 142
1880140 142
1880150 142
1880160 142
1880170 142
1880180 142
1880190 142
1880200 142
1880210 142
1880220 142
1880230 142
1880240 142
1880250 142
1880260 142
1880270 142
1880280 142
1880290 142
1880300 142
1880310 142
1880320 142
1880330 142
1880340 142
1880350 142
1880360 142
1880370 142
1880380 142
1880390 142
1880400 142
1880410 142
1880420 142
1880430 141
1880440 141
1880450 141
1880460 141
1880470 141
1880480 141
1880490 141
1880500 141
1880510 141
1880520 141
1880530 141
1880540 141
1880550 142
1880560 142
1880570 142
1880580 143
1880590 143
1880600 143
1880610 143
1880620 143
1880630 142
1880640 142
1880650 142
1880660 142
1880670 142
1880680 142
1880690 142
1880700 142
1880710 142
1880720 142
1880730 142
1880740 142
1880750 142
1880760 141
1880770 141
1880780 141
1880790 141
1880800 141
1880810 141
1880820 142
1880830 141
1880840 141
1880850 142
1880860 142
1880870 142
1880880 142
1880890 142
1880900 142
1880910 142
1880920 142
1880930 142
1880940 142
1880950 142
1880960 142
1880970 142
1880980 142
1880990 142
1881000 142
1881010 142
1881020 142
1881030 142
1881040 142
1881050 142
1881060 141
1881070 141
1881080 141
1881090 141
1881100 141
1881110 141
1881120 141
1881130 141
1881140 141
1881150 141
1881160 141
1881170 141
1881180 141
1881190 141
1881200 141
1881210 141
1881220 141
1881230 141
1881240 141
1881250 141
1881260 141
1881270 141
1881280 141
1881290 141
1881300 141
1881310 141
1881320 141
1881330 141
1881340 141
1881350 141
1881360 141
1881370 141
1881380 141
1881390 141
1881400 141
1881410 141
1881420 141
1881430 141
1881440 141
1881450 141
1881460 141
1881470 141
1881480 141
1881490 141
1881500 141
1881510 141
1881520 141
1881530 141
1881540 141
1881550 141
1881560 141
1881570 141
1881580 141
1881590 141
1881600 141
1881610 141
1881620 141
1881630 141
1881640 141
1881650 141
1881660 141
1881670 141
1881680 141
1881690 141
1881700 141
1881710 141
1881720 141
1881730 141
1881740 141
1881750 141
1881760 141
1881770 141
1881780 141
1881790 141
1881800 141
1881810 141
1881820 141
1881830 142
1881840 142
1881850 142
1881860 142
1881870 142
1881880 142
1881890 142
1881900 142
1881910 142
1881920 142
1881930 141
1881940 141
1881950 142
1881960 142
1881970 142
1881980 142
1881990 142
1882000 142
1882010 141
1882020 141
1882030 141
1882040 141
1882050 141
1882060 141
1882070 141
1882080 141
1882090 141
1882100 141
1882110 141
1882120 141
1882130 141
1882140 141
1882150 141
1882160 141
1882170 141
1882180 141
1882190 141
1882200 141
1882210 141
1882220 141
1882230 141
1882240 141
1882250 141
1882260 141
1882270 141
1882280 141
1882290 141
1882300 141
1882310 141
1882320 141
1882330 141
1882340 141
1882350 141
1882360 141
1882370 141
1882380 141
1882390 141
1882400 141
1882410 141
1882420 141
1882430 141
1882440 141
1882450 141
1882460 141
1882470 141
1882480 141
1882490 141
1882500 141
1882510 141
1882520 141
1882530 141
1882540 141
1882550 141
1882560 141
1882570 141
1882580 141
1882590 141
1882600 141
1882610 141
1882620 141
1882630 141
1882640 141
1882650 141
1882660 141
1882670 141
1882680 141
1882690 141
1882700 141
1882710 141
1882720 141
1882730 141
1882740 141
1882750 141
1882760 141
1882770 141
1882780 141
1882790 141
1882800 141
1882810 141
1882820 141
1882830 141
1882840 141
1882850 141
1882860 141
1882870 141
1882880 141
1882890 141
1882900 141
1882910 141
1882920 141
1882930 141
1882940 141
1882950 141
1882960 141
1882970 141
1882980 141
1882990 141
1883000 141
1883010 141
1883020 141
1883030 141
1883040 141
1883050 141
1883060 141
1883070 141
1883080 141
1883090 141
1883100 141
1883110 141
1883120 141
1883130 141
1883140 141
1883150 141
1883160 141
1883170 141
1883180 141
1883190 141
1883200 141
1883210 141
1883220 141
1883230 141
1883240 141
1883250 141
1883260 141
1883270 141
1883280 141
1883290 141
1883300 141
1883310 141
1883320 141
1883330 141
1883340 141
1883350 141
1883360 141
1883370 141
1883380 141
1883390 141
1883400 141
1883410 141
1883420 141
1883430 142
1883440 141
1883450 141
1883460 141
1883470 141
1883480 141
1883490 141
1883500 141
1883510 141
1883520 142
1883530 142
1883540 142
1883550 142
1883560 142
1883570 142
1883580 142
1883590 141
1883600 141
1883610 141
1883620 141
1883630 141
1883640 141
1883650 141
1883660 141
1883670 141
1883680 141
1883690 141
1883700 141
1883710 141
1883720 141
1883730 141
1883740 142
1883750 142
1883760 142
1883770 142
1883780 142
1883790 141
1883800 141
1883810 141
1883820 142
1883830 143
1883840 143
1883850 144
1883860 144
1883870 144
1883880 142
1883890 140
1883900 140
1883910 140
1883920 140
1883930 140
1883940 140
1883950 141
1883960 141
1883970 141
1883980 141
1883990 141
1884000 141
1884010 141
1884020 141
1884030 141
1884040 141
1884050 141
1884060 141
1884070 141
1884080 141
1884090 141
1884100 141
1884110 141
1884120 141
1884130 141
1884140 141
1884150 141
1884160 141
1884170 141
1884180 141
1884190 141
1884200 141
1884210 141
1884220 141
1884230 141
1884240 141
1884250 141
1884260 141
1884270 141
1884280 141
1884290 141
1884300 140
1884310 139
1884320 139
1884330 139
1884340 140
1884350 140
1884360 141
1884370 141
1884380 141
1884390 141
1884400 141
1884410 140
1884420 141
1884430 141
1884440 141
1884450 141
1884460 141
1884470 141
1884480 141
1884490 140
1884500 140
1884510 139
1884520 139
1884530 139
1884540 139
1884550 140
1884560 140
1884570 141
1884580 141
1884590 141
1884600 140
1884610 140
1884620 140
1884630 140
1884640 141
1884650 141
1884660 141
1884670 141
1884680 141
1884690 141
1884700 141
1884710 141
1884720 141
1884730 141
1884740 141
1884750 141
1884760 141
1884770 141
1884780 141
1884790 141
1884800 141
1884810 141
1884820 141
1884830 141
1884840 141
1884850 140
1884860 140
1884870 139
1884880 139
1884890 139
1884900 139
1884910 141
1884920 141
1884930 142
1884940 142
1884950 142
1884960 141
1884970 141
1884980 141
1884990 141
1885000 141
1885010 141
1885020 141
1885030 141
1885040 141
1885050 141
1885060 141
1885070 141
1885080 141
1885090 141
1885100 141
1885110 142
1885120 142
1885130 142
1885140 142
1885150 142
1885160 142
1885170 142
1885180 142
1885190 142
1885200 142
1885210 142
1885220 142
1885230 141
1885240 141
1885250 141
1885260 141
1885270 141
1885280 141
1885290 141
1885300 141
1885310 141
1885320 141
1885330 141
1885340 141
1885350 141
1885360 141
1885370 141
1885380 141
1885390 141
1885400 141
1885410 141
1885420 141
1885430 141
1885440 141
1885450 141
1885460 141
1885470 141
1885480 141
1885490 141
1885500 141
1885510 141
1885520 141
1885530 141
1885540 141
1885550 141
1885560 141
1885570 141
1885580 141
1885590 141
1885600 141
1885610 141
1885620 141
1885630 141
1885640 141
1885650 141
1885660 141
1885670 141
1885680 141
1885690 141
1885700 141
1885710 141
1885720 141
1885730 141
1885740 141
1885750 141
1885760 141
1885770 141
1885780 141
1885790 141
1885800 141
1885810 141
1885820 141
1885830 141
1885840 141
1885850 141
1885860 141
1885870 141
1885880 141
1885890 141
1885900 141
1885910 141
1885920 141
1885930 141
1885940 141
1885950 141
1885960 140
1885970 140
1885980 140
1885990 140
1886000 140
1886010 141
1886020 141
1886030 140
1886040 140
1886050 140
1886060 140
1886070 140
1886080 140
1886090 140
1886100 140
1886110 141
1886120 141
1886130 141
1886140 140
1886150 140
1886160 141
1886170 140
1886180 140
1886190 140
1886200 141
1886210 141
1886220 141
1886230 141
1886240 141
1886250 140
1886260 140
1886270 140
1886280 141
1886290 141
1886300 141
1886310 141
1886320 141
1886330 141
1886340 141
1886350 141
1886360 141
1886370 141
1886380 141
1886390 141
1886400 141
1886410 141
1886420 141
1886430 141
1886440 141
1886450 141
1886460 141
1886470 141
1886480 141
1886490 141
1886500 141
1886510 141
1886520 141
1886530 141
1886540 141
1886550 141
1886560 141
1886570 141
1886580 140
1886590 140
1886600 140
1886610 140
1886620 140
1886630 140
1886640 140
1886650 140
1886660 140
1886670 140
1886680 140
1886690 140
1886700 140
1886710 140
1886720 140
1886730 140
1886740 140
1886750 140
1886760 140
1886770 140
1886780 140
1886790 141
1886800 141
1886810 141
1886820 141
1886830 141
1886840 141
1886850 141
1886860 141
1886870 141
1886880 141
1886890 141
1886900 141
1886910 141
1886920 141
1886930 141
1886940 141
1886950 141
1886960 141
1886970 141
1886980 141
1886990 141
1887000 141
1887010 141
1887020 141
1887030 141
1887040 140
1887050 140
1887060 141
1887070 141
1887080 141
1887090 141
1887100 141
1887110 141
1887120 141
1887130 141
1887140 141
1887150 141
1887160 140
1887170 140
1887180 138
1887190 136
1887200 136
1887210 135
1887220 135
1887230 135
1887240 135
1887250 135
1887260 135
1887270 135
1887280 135
1887290 135
1887300 135
1887310 135
1887320 135
1887330 135
1887340 135
1887350 135
1887360 135
1887370 135
1887380 135
1887390 135
1887400 135
1887410 135
1887420 135
1887430 135
1887440 135
1887450 135
1887460 135
1887470 135
1887480 135
1887490 135
1887500 135
1887510 135
1887520 135
1887530 135
1887540 135
1887550 135
1887560 135
1887570 135
1887580 135
1887590 135
1887600 135
1887610 135
1887620 135
1887630 135
1887640 135
1887650 135
1887660 135
1887670 135
1887680 135
1887690 135
1887700 135
1887710 135
1887720 137
1887730 138
1887740 138
1887750 138
1887760 139
1887770 139
1887780 139
1887790 140
1887800 140
1887810 141
1887820 140
1887830 140
1887840 138
1887850 137
1887860 137
1887870 138
1887880 139
1887890 139
1887900 139
1887910 140
1887920 140
1887930 139
1887940 136
1887950 136
1887960 135
1887970 135
1887980 135
1887990 137
1888000 137
1888010 137
1888020 137
1888030 136
1888040 136
1888050 136
1888060 135
1888070 135
1888080 136
1888090 140
1888100 140
1888110 141
1888120 141
1888130 141
1888140 141
1888150 140
1888160 140
1888170 140
1888180 141
1888190 141
1888200 141
1888210 141
1888220 141
1888230 141
1888240 141
1888250 141
1888260 141
1888270 140
1888280 141
1888290 140
1888300 140
1888310 140
1888320 140
1888330 140
1888340 140
1888350 140
1888360 140
1888370 140
1888380 140
1888390 141
1888400 141
1888410 141
1888420 141
1888430 141
1888440 141
1888450 141
1888460 141
1888470 141
1888480 141
1888490 141
1888500 141
1888510 140
1888520 140
1888530 141
1888540 141
1888550 141
1888560 140
1888570 140
1888580 140
1888590 140
1888600 140
1888610 140
1888620 140
1888630 138
1888640 140
1888650 140
1888660 141
1888670 141
1888680 141
1888690 141
1888700 141
1888710 141
1888720 141
1888730 141
1888740 141
1888750 141
1888760 141
1888770 141
1888780 140
1888790 140
1888800 140
1888810 140
1888820 140
1888830 140
1888840 140
1888850 140
1888860 140
1888870 140
1888880 140
1888890 140
1888900 140
1888910 140
1888920 140
1888930 140
1888940 140
1888950 140
1888960 140
1888970 140
1888980 140
1888990 140
1889000 140
1889010 140
1889020 139
1889030 139
1889040 139
1889050 139
1889060 139
1889070 139
1889080 139
1889090 139
1889100 139
1889110 139
1889120 139
1889130 139
1889140 139
1889150 139
1889160 139
1889170 139
1889180 139
1889190 139
1889200 139
1889210 139
1889220 139
1889230 140
1889240 139
1889250 139
1889260 139
1889270 140
1889280 140
1889290 140
1889300 140
1889310 140
1889320 140
1889330 140
1889340 140
1889350 140
1889360 140
1889370 140
1889380 140
1889390 137
1889400 137
1889410 138
1889420 141
1889430 141
1889440 141
1889450 141
1889460 141
1889470 141
1889480 141
1889490 141
1889500 141
1889510 141
1889520 141
1889530 141
1889540 140
1889550 140
1889560 141
1889570 141
1889580 141
1889590 141
1889600 141
1889610 141
1889620 141
1889630 141
1889640 141
1889650 141
1889660 141
1889670 141
1889680 141
1889690 141
1889700 141
1889710 141
1889720 141
1889730 141
1889740 141
1889750 141
1889760 141
1889770 141
1889780 141
1889790 141
1889800 141
1889810 141
1889820 141
1889830 141
1889840 141
1889850 141
1889860 141
1889870 141
1889880 141
1889890 141
1889900 141
1889910 141
1889920 141
1889930 141
1889940 141
1889950 141
1889960 141
1889970 141
1889980 141
1889990 141
1890000 141
1890010 141
1890020 141
1890030 141
1890040 141
1890050 141
1890060 141
1890070 141
1890080 141
1890090 141
1890100 141
1890110 141
1890120 141
1890130 141
1890140 141
1890150 141
1890160 140
1890170 140
1890180 140
1890190 140
1890200 138
1890210 138
1890220 137
1890230 137
1890240 137
1890250 137
1890260 136
1890270 136
1890280 136
1890290 135
1890300 135
1890310 135
1890320 135
1890330 135
1890340 135
1890350 135
1890360 135
1890370 135
1890380 135
1890390 135
1890400 135
1890410 135
1890420 135
1890430 135
1890440 135
1890450 135
1890460 135
1890470 135
1890480 135
1890490 135
1890500 135
1890510 135
1890520 135
1890530 135
1890540 135
1890550 135
1890560 135
1890570 135
1890580 135
1890590 135
1890600 135
1890610 135
1890620 135
1890630 135
1890640 135
1890650 135
1890660 135
1890670 135
1890680 135
1890690 135
1890700 135
1890710 135
1890720 135
1890730 135
1890740 135
1890750 135
1890760 135
1890770 135
1890780 135
1890790 135
1890800 135
1890810 135
1890820 135
1890830 134
1890840 135
1890850 135
1890860 135
1890870 135
1890880 135
1890890 135
1890900 135
1890910 135
1890920 135
1890930 135
1890940 135
1890950 135
1890960 135
1890970 135
1890980 135
1890990 135
1891000 135
1880000 142
1880010 142
1880020 142
1880030 142
1880040 142
1880050 142
1880060 141
1880070 142
1880080 142
1880090 142
1880100 142
1880110 142
1880120 142
1880130 142
1880140 142
1880150 142
1880160 142
1880170 142
1880180 142
1880190 142
1880200 142
1880210 142
1880220 142
1880230 142
1880240 142
1880250 142
1880260 142
1880270 142
1880280 142
1880290 142
1880300 142
1880310 142
1880320 142
1880330 142
1880340 142
1880350 142
1880360 142
1880370 142
1880380 142
1880390 142
1880400 142
1880410 142
1880420 142
1880430 141
1880440 141
1880450 141
1880460 141
1880470 141
1880480 141
1880490 141
1880500 141
1880510 141
1880520 141
1880530 141
1880540 141
1880550 142
1880560 142
1880570 142
1880580 143
1880590 143
1880600 143
1880610 143
1880620 143
1880630 142
1880640 142
1880650 142
1880660 142
1880670 142
1880680 142
1880690 142
1880700 142
1880710 142
1880720 142
1880730 142
1880740 142
1880750 142
1880760 141
1880770 141
1880780 141
1880790 141
1880800 141
1880810 141
1880820 142
1880830 141
1880840 141
1880850 142
1880860 142
1880870 142
1880880 142
1880890 142
1880900 142
1880910 142
1880920 142
1880930 142
1880940 142
1880950 142
1880960 142
1880970 142
1880980 142
1880990 142
1881000 142
1881010 142
1881020 142
1881030 142
1881040 142
1881050 142
1881060 141
1881070 141
1881080 141
1881090 141
1881100 141
1881110 141
1881120 141
1881130 141
1881140 141
1881150 141
1881160 141
1881170 141
1881180 141
1881190 141
1881200 141
1881210 141
1881220 141
1881230 141
1881240 141
1881250 141
1881260 141
1881270 141
1881280 141
1881290 141
1881300 141
1881310 141
1881320 141
1881330 141
1881340 141
1881350 141
1881360 141
1881370 141
1881380 141
1881390 141
1881400 141
1881410 141
1881420 141
1881430 141
1881440 141
1881450 141
1881460 141
1881470 141
1881480 141
1881490 141
1881500 141
1881510 141
1881520 141
1881530 141
1881540 141
1881550 141
1881560 141
1881570 141
1881580 141
1881590 141
1881600 141
1881610 141
1881620 141
1881630 141
1881640 141
1881650 141
1881660 141
1881670 141
1881680 141
1881690 141
1881700 141
1881710 141
1881720 141
1881730 141
1881740 141
1881750 141
1881760 141
1881770 141
1881780 141
1881790 141
1881800 141
1881810 141
1881820 141
1881830 142
1881840 142
1881850 142
1881860 142
1881870 142
1881880 142
1881890 142
1881900 142
1881910 142
1881920 142
1881930 141
1881940 141
1881950 142
1881960 142
1881970 142
1881980 142
1881990 142
1882000 142
1882010 141
1882020 141
1882030 141
1882040 141
1882050 141
1882060 141
1882070 141
1882080 141
1882090 141
1882100 141
1882110 141
1882120 141
1882130 141
1882140 141
1882150 141
1882160 141
1882170 141
1882180 141
1882190 141
1882200 141
1882210 141
1882220 141
1882230 141
1882240 141
1882250 141
1882260 141
1882270 141
1882280 141
1882290 141
1882300 141
1882310 141
1882320 141
1882330 141
1882340 141
1882350 141
1882360 141
1882370 141
1882380 141
1882390 141
1882400 141
1882410 141
1882420 141
1882430 141
1882440 141
1882450 141
1882460 141
1882470 141
1882480 141
1882490 141
1882500 141
1882510 141
1882520 141
1882530 141
1882540 141
1882550 141
1882560 141
1882570 141
1882580 141
1882590 141
1882600 141
1882610 141
1882620 141
1882630 141
1882640 141
1882650 141
1882660 141
1882670 141
1882680 141
1882690 141
1882700 141
1882710 141
1882720 141
1882730 141
1882740 141
1882750 141
1882760 141
1882770 141
1882780 141
1882790 141
1882800 141
1882810 141
1882820 141
1882830 141
1882840 141
1882850 141
1882860 141
1882870 141
1882880 141
1882890 141
1882900 141
1882910 141
1882920 141
1882930 141
1882940 141
1882950 141
1882960 141
1882970 141
1882980 141
1882990 141
1883000 141
1883010 141
1883020 141
1883030 141
1883040 141
1883050 141
1883060 141
1883070 141
1883080 141
1883090 141
1883100 141
1883110 141
1883120 141
1883130 141
1883140 141
1883150 141
1883160 141
1883170 141
1883180 141
1883190 141
1883200 141
1883210 141
1883220 141
1883230 141
1883240 141
1883250 141
1883260 141
1883270 141
1883280 141
1883290 141
1883300 141
1883310 141
1883320 141
1883330 141
1883340 141
1883350 141
1883360 141
1883370 141
1883380 141
1883390 141
1883400 141
1883410 141
1883420 141
1883430 142
1883440 141
1883450 141
1883460 141
1883470 141
1883480 141
1883490 141
1883500 141
1883510 141
1883520 142
1883530 142
1883540 142
1883550 142
1883560 142
1883570 142
1883580 142
1883590 141
1883600 141
1883610 141
1883620 141
1883630 141
1883640 141
1883650 141
1883660 141
1883670 141
1883680 141
1883690 141
1883700 141
1883710 141
1883720 141
1883730 141
1883740 142
1883750 142
1883760 142
1883770 142
1883780 142
1883790 141
1883800 141
1883810 141
1883820 142
1883830 143
1883840 143
1883850 144
1883860 144
1883870 144
1883880 142
1883890 140
1883900 140
1883910 140
1883920 140
1883930 140
1883940 140
1883950 141
1883960 141
1883970 141
1883980 141
1883990 141
1884000 141
1884010 141
1884020 141
1884030 141
1884040 141
1884050 141
1884060 141
1884070 141
1884080 141
1884090 141
1884100 141
1884110 141
1884120 141
1884130 141
1884140 141
1884150 141
1884160 141
1884170 141
1884180 141
1884190 141
1884200 141
1884210 141
1884220 141
1884230 141
1884240 141
1884250 141
1884260 141
1884270 141
1884280 141
1884290 141
1884300 140
1884310 139
1884320 139
1884330 139
1884340 140
1884350 140
1884360 141
1884370 141
1884380 141
1884390 141
1884400 141
1884410 140
1884420 141
1884430 141
1884440 141
1884450 141
1884460 141
1884470 141
1884480 141
1884490 140
1884500 140
1884510 139
1884520 139
1884530 139
1884540 139
1884550 140
1884560 140
1884570 141
1884580 141
1884590 141
1884600 140
1884610 140
1884620 140
1884630 140
1884640 141
1884650 141
1884660 141
1884670 141
1884680 141
1884690 141
1884700 141
1884710 141
1884720 141
1884730 141
1884740 141
1884750 141
1884760 141
1884770 141
1884780 141
1884790 141
1884800 141
1884810 141
1884820 141
1884830 141
1884840 141
1884850 140
1884860 140
1884870 139
1884880 139
1884890 139
1884900 139
1884910 141
1884920 141
1884930 142
1884940 142
1884950 142
1884960 141
1884970 141
1884980 141
1884990 141
1885000 141
1885010 141
1885020 141
1885030 141
1885040 141
1885050 141
1885060 141
1885070 141
1885080 141
1885090 141
1885100 141
1885110 142
1885120 142
1885130 142
1885140 142
1885150 142
1885160 142
1885170 142
1885180 142
1885190 142
1885200 142
1885210 142
1885220 142
1885230 141
1885240 141
1885250 141
1885260 141
1885270 141
1885280 141
1885290 141
1885300 141
1885310 141
1885320 141
1885330 141
1885340 141
1885350 141
1885360 141
1885370 141
1885380 141
1885390 141
1885400 141
1885410 141
1885420 141
1885430 141
1885440 141
1885450 141
1885460 141
1885470 141
1885480 141
1885490 141
1885500 141
1885510 141
1885520 141
1885530 141
1885540 141
1885550 141
1885560 141
1885570 141
1885580 141
1885590 141
1885600 141
1885610 141
1885620 141
1885630 141
1885640 141
1885650 141
1885660 141
1885670 141
1885680 141
1885690 141
1885700 141
1885710 141
1885720 141
1885730 141
1885740 141
1885750 141
1885760 141
1885770 141
1885780 141
1885790 141
1885800 141
1885810 141
1885820 141
1885830 141
1885840 141
1885850 141
1885860 141
1885870 141
1885880 141
1885890 141
1885900 141
1885910 141
1885920 141
1885930 141
1885940 141
1885950 141
1885960 140
1885970 140
1885980 140
1885990 140
1886000 140
1886010 141
1886020 141
1886030 140
1886040 140
1886050 140
1886060 140
1886070 140
1886080 140
1886090 140
1886100 140
1886110 141
1886120 141
1886130 141
1886140 140
1886150 140
1886160 141
1886170 140
1886180 140
1886190 140
1886200 141
1886210 141
1886220 141
1886230 141
1886240 141
1886250 140
1886260 140
1886270 140
1886280 141
1886290 141
1886300 141
1886310 141
1886320 141
1886330 141
1886340 141
1886350 141
1886360 141
1886370 141
1886380 141
1886390 141
1886400 141
1886410 141
1886420 141
1886430 141
1886440 141
1886450 141
1886460 141
1886470 141
1886480 141
1886490 141
1886500 141
1886510 141
1886520 141
1886530 141
1886540 141
1886550 141
1886560 141
1886570 141
1886580 140
1886590 140
1886600 140
1886610 140
1886620 140
1886630 140
1886640 140
1886650 140
1886660 140
1886670 140
1886680 140
1886690 140
1886700 140
1886710 140
1886720 140
1886730 140
1886740 140
1886750 140
1886760 140
1886770 140
1886780 140
1886790 141
1886800 141
1886810 141
1886820 141
1886830 141
1886840 141
1886850 141
1886860 141
1886870 141
1886880 141
1886890 141
1886900 141
1886910 141
1886920 141
1886930 141
1886940 141
1886950 141
1886960 141
1886970 141
1886980 141
1886990 141
1887000 141
1887010 141
1887020 141
1887030 141
1887040 140
1887050 140
1887060 141
1887070 141
1887080 141
1887090 141
1887100 141
1887110 141
1887120 141
1887130 141
1887140 141
1887150 141
1887160 140
1887170 140
1887180 138
1887190 136
1887200 136
1887210 135
1887220 135
1887230 135
1887240 135
1887250 135
1887260 135
1887270 135
1887280 135
1887290 135
1887300 135
1887310 135
1887320 135
1887330 135
1887340 135
1887350 135
1887360 135
1887370 135
1887380 135
1887390 135
1887400 135
1887410 135
1887420 135
1887430 135
1887440 135
1887450 135
1887460 135
1887470 135
1887480 135
1887490 135
1887500 135
1887510 135
1887520 135
1887530 135
1887540 135
1887550 135
1887560 135
1887570 135
1887580 135
1887590 135
1887600 135
1887610 135
1887620 135
1887630 135
1887640 135
1887650 135
1887660 135
1887670 135
1887680 135
1887690 135
1887700 135
1887710 135
1887720 137
1887730 138
1887740 138
1887750 138
1887760 139
1887770 139
1887780 139
1887790 140
1887800 140
1887810 141
1887820 140
1887830 140
1887840 138
1887850 137
1887860 137
1887870 138
1887880 139
1887890 139
1887900 139
1887910 140
1887920 140
1887930 139
1887940 136
1887950 136
1887960 135
1887970 135
1887980 135
1887990 137
1888000 137
1888010 137
1888020 137
1888030 136
1888040 136
1888050 136
1888060 135
1888070 135
1888080 136
1888090 140
1888100 140
1888110 141
1888120 141
1888130 141
1888140 141
1888150 140
1888160 140
1888170 140
1888180 141
1888190 141
1888200 141
1888210 141
1888220 141
1888230 141
1888240 141
1888250 141
1888260 141
1888270 140
1888280 141
1888290 140
1888300 140
1888310 140
1888320 140
1888330 140
1888340 140
1888350 140
1888360 140
1888370 140
1888380 140
1888390 141
1888400 141
1888410 141
1888420 141
1888430 141
1888440 141
1888450 141
1888460 141
1888470 141
1888480 141
1888490 141
1888500 141
1888510 140
1888520 140
1888530 141
1888540 141
1888550 141
1888560 140
1888570 140
1888580 140
1888590 140
1888600 140
1888610 140
1888620 140
1888630 138
1888640 140
1888650 140
1888660 141
1888670 141
1888680 141
1888690 141
1888700 141
1888710 141
1888720 141
1888730 141
1888740 141
1888750 141
1888760 141
1888770 141
1888780 140
1888790 140
1888800 140
1888810 140
1888820 140
1888830 140
1888840 140
1888850 140
1888860 140
1888870 140
1888880 140
1888890 140
1888900 140
1888910 140
1888920 140
1888930 140
1888940 140
1888950 140
1888960 140
1888970 140
1888980 140
1888990 140
1889000 140
1889010 140
1889020 139
1889030 139
1889040 139
1889050 139
1889060 139
1889070 139
1889080 139
1889090 139
1889100 139
1889110 139
1889120 139
1889130 139
1889140 139
1889150 139
1889160 139
1889170 139
1889180 139
1889190 139
1889200 139
1889210 139
1889220 139
1889230 140
1889240 139
1889250 139
1889260 139
1889270 140
1889280 140
1889290 140
1889300 140
1889310 140
1889320 140
1889330 140
1889340 140
1889350 140
1889360 140
1889370 140
1889380 140
1889390 137
1889400 137
1889410 138
1889420 141
1889430 141
1889440 141
1889450 141
1889460 141
1889470 141
1889480 141
1889490 141
1889500 141
1889510 141
1889520 141
1889530 141
1889540 140
1889550 140
1889560 141
1889570 141
1889580 141
1889590 141
1889600 141
1889610 141
1889620 141
1889630 141
1889640 141
1889650 141
1889660 141
1889670 141
1889680 141
1889690 141
1889700 141
1889710 141
1889720 141
1889730 141
1889740 141
1889750 141
1889760 141
1889770 141
1889780 141
1889790 141
1889800 141
1889810 141
1889820 141
1889830 141
1889840 141
1889850 141
1889860 141
1889870 141
1889880 141
1889890 141
1889900 141
1889910 141
1889920 141
1889930 141
1889940 141
1889950 141
1889960 141
1889970 141
1889980 141
1889990 141
1890000 141
1890010 141
1890020 141
1890030 141
1890040 141
1890050 141
1890060 141
1890070 141
1890080 141
1890090 141
1890100 141
1890110 141
1890120 141
1890130 141
1890140 141
1890150 141
1890160 140
1890170 140
1890180 140
1890190 140
1890200 138
1890210 138
1890220 137
1890230 137
1890240 137
1890250 137
1890260 136
1890270 136
1890280 136
1890290 135
1890300 135
1890310 135
1890320 135
1890330 135
1890340 135
1890350 135
1890360 135
1890370 135
1890380 135
1890390 135
1890400 135
1890410 135
1890420 135
1890430 135
1890440 135
1890450 135
1890460 135
1890470 135
1890480 135
1890490 135
1890500 135
1890510 135
1890520 135
1890530 135
1890540 135
1890550 135
1890560 135
1890570 135
1890580 135
1890590 135
1890600 135
1890610 135
1890620 135
1890630 135
1890640 135
1890650 135
1890660 135
1890670 135
1890680 135
1890690 135
1890700 135
1890710 135
1890720 135
1890730 135
1890740 135
1890750 135
1890760 135
1890770 135
1890780 135
1890790 135
1890800 135
1890810 135
1890820 135
1890830 134
1890840 135
1890850 135
1890860 135
1890870 135
1890880 135
1890890 135
1890900 135
1890910 135
1890920 135
1890930 135
1890940 135
1890950 135
1890960 135
1890970 135
1890980 135
1890990 135
1891000 135
