1880000 142
1880010 142
1880020 142
1880030 142
1880040 142
1880050 142
1880060 142
1880070 142
1880080 142
1880090 142
1880100 142
1880110 142
1880120 142
1880130 142
1880140 142
1880150 142
1880160 142
1880170 142
1880180 142
1880190 142
1880200 141
1880210 141
1880220 141
1880230 141
1880240 141
1880250 141
1880260 142
1880270 142
1880280 142
1880290 142
1880300 142
1880310 142
1880320 142
1880330 142
1880340 142
1880350 142
1880360 141
1880370 141
1880380 141
1880390 141
1880400 141
1880410 141
1880420 141
1880430 141
1880440 141
1880450 142
1880460 142
1880470 143
1880480 142
1880490 142
1880500 141
1880510 141
1880520 141
1880530 141
1880540 141
1880550 141
1880560 141
1880570 141
1880580 141
1880590 141
1880600 142
1880610 142
1880620 141
1880630 141
1880640 141
1880650 141
1880660 141
1880670 141
1880680 141
1880690 141
1880700 141
1880710 141
1880720 141
1880730 141
1880740 141
1880750 141
1880760 141
1880770 141
1880780 141
1880790 141
1880800 141
1880810 141
1880820 141
1880830 141
1880840 141
1880850 141
1880860 141
1880870 141
1880880 141
1880890 141
1880900 141
1880910 141
1880920 141
1880930 141
1880940 141
1880950 141
1880960 141
1880970 141
1880980 141
1880990 141
1881000 141
1881010 142
1881020 142
1881030 142
1881040 142
1881050 142
1881060 142
1881070 142
1881080 142
1881090 142
1881100 142
1881110 141
1881120 141
1881130 141
1881140 141
1881150 141
1881160 141
1881170 141
1881180 141
1881190 141
1881200 141
1881210 141
1881220 141
1881230 141
1881240 141
1881250 141
1881260 141
1881270 141
1881280 141
1881290 141
1881300 141
1881310 141
1881320 141
1881330 141
1881340 141
1881350 141
1881360 141
1881370 141
1881380 141
1881390 141
1881400 141
1881410 141
1881420 141
1881430 141
1881440 141
1881450 141
1881460 141
1881470 141
1881480 141
1881490 141
1881500 141
1881510 141
1881520 141
1881530 141
1881540 141
1881550 141
1881560 141
1881570 141
1881580 141
1881590 141
1881600 141
1881610 141
1881620 141
1881630 141
1881640 141
1881650 141
1881660 141
1881670 141
1881680 141
1881690 141
1881700 141
1881710 141
1881720 141
1881730 141
1881740 141
1881750 141
1881760 141
1881770 141
1881780 141
1881790 141
1881800 141
1881810 141
1881820 141
1881830 141
1881840 141
1881850 141
1881860 141
1881870 141
1881880 141
1881890 141
1881900 141
1881910 141
1881920 141
1881930 141
1881940 141
1881950 141
1881960 141
1881970 141
1881980 141
1881990 141
1882000 141
1882010 141
1882020 141
1882030 141
1882040 141
1882050 141
1882060 141
1882070 141
1882080 141
1882090 141
1882100 141
1882110 141
1882120 141
1882130 141
1882140 141
1882150 141
1882160 141
1882170 141
1882180 142
1882190 142
1882200 142
1882210 142
1882220 141
1882230 141
1882240 141
1882250 141
1882260 141
1882270 141
1882280 141
1882290 141
1882300 141
1882310 141
1882320 141
1882330 141
1882340 141
1882350 141
1882360 141
1882370 141
1882380 141
1882390 141
1882400 141
1882410 141
1882420 141
1882430 141
1882440 141
1882450 141
1882460 141
1882470 141
1882480 141
1882490 141
1882500 141
1882510 141
1882520 141
1882530 141
1882540 141
1882550 141
1882560 141
1882570 141
1882580 141
1882590 141
1882600 141
1882610 141
1882620 141
1882630 141
1882640 141
1882650 141
1882660 141
1882670 141
1882680 141
1882690 141
1882700 141
1882710 141
1882720 141
1882730 141
1882740 141
1882750 141
1882760 141
1882770 141
1882780 141
1882790 141
1882800 141
1882810 141
1882820 141
1882830 141
1882840 141
1882850 141
1882860 141
1882870 141
1882880 141
1882890 141
1882900 141
1882910 141
1882920 141
1882930 141
1882940 141
1882950 141
1882960 141
1882970 141
1882980 141
1882990 141
1883000 141
1883010 141
1883020 141
1883030 141
1883040 141
1883050 141
1883060 141
1883070 141
1883080 141
1883090 141
1883100 141
1883110 141
1883120 141
1883130 141
1883140 141
1883150 141
1883160 141
1883170 141
1883180 141
1883190 141
1883200 141
1883210 141
1883220 141
1883230 141
1883240 141
1883250 141
1883260 141
1883270 141
1883280 141
1883290 141
1883300 141
1883310 141
1883320 141
1883330 141
1883340 141
1883350 141
1883360 141
1883370 141
1883380 141
1883390 141
1883400 141
1883410 141
1883420 141
1883430 141
1883440 141
1883450 141
1883460 141
1883470 141
1883480 141
1883490 141
1883500 141
1883510 141
1883520 141
1883530 141
1883540 141
1883550 141
1883560 141
1883570 141
1883580 141
1883590 141
1883600 141
1883610 141
1883620 141
1883630 141
1883640 141
1883650 141
1883660 141
1883670 141
1883680 141
1883690 141
1883700 141
1883710 141
1883720 141
1883730 141
1883740 141
1883750 141
1883760 141
1883770 141
1883780 141
1883790 141
1883800 141
1883810 141
1883820 142
1883830 142
1883840 142
1883850 141
1883860 141
1883870 142
1883880 142
1883890 142
1883900 142
1883910 142
1883920 142
1883930 142
1883940 142
1883950 142
1883960 142
1883970 142
1883980 142
1883990 141
1884000 142
1884010 142
1884020 142
1884030 141
1884040 141
1884050 141
1884060 141
1884070 141
1884080 141
1884090 141
1884100 141
1884110 141
1884120 141
1884130 141
1884140 141
1884150 141
1884160 141
1884170 141
1884180 141
1884190 141
1884200 141
1884210 141
1884220 141
1884230 141
1884240 141
1884250 141
1884260 141
1884270 141
1884280 141
1884290 141
1884300 141
1884310 141
1884320 141
1884330 141
1884340 141
1884350 141
1884360 143
1884370 143
1884380 144
1884390 144
1884400 144
1884410 142
1884420 141
1884430 141
1884440 141
1884450 141
1884460 141
1884470 142
1884480 142
1884490 142
1884500 141
1884510 141
1884520 141
1884530 141
1884540 141
1884550 141
1884560 141
1884570 141
1884580 141
1884590 141
1884600 141
1884610 141
1884620 141
1884630 141
1884640 141
1884650 141
1884660 142
1884670 142
1884680 141
1884690 141
1884700 141
1884710 141
1884720 141
1884730 141
1884740 141
1884750 141
1884760 141
1884770 141
1884780 140
1884790 140
1884800 140
1884810 141
1884820 141
1884830 141
1884840 141
1884850 141
1884860 141
1884870 141
1884880 141
1884890 141
1884900 140
1884910 140
1884920 140
1884930 141
1884940 141
1884950 140
1884960 140
1884970 140
1884980 140
1884990 141
1885000 141
1885010 141
1885020 141
1885030 141
1885040 141
1885050 142
1885060 142
1885070 142
1885080 142
1885090 142
1885100 142
1885110 142
1885120 142
1885130 141
1885140 141
1885150 141
1885160 141
1885170 141
1885180 141
1885190 142
1885200 141
1885210 141
1885220 141
1885230 141
1885240 141
1885250 140
1885260 140
1885270 140
1885280 141
1885290 141
1885300 141
1885310 141
1885320 141
1885330 141
1885340 141
1885350 141
1885360 141
1885370 141
1885380 141
1885390 141
1885400 141
1885410 140
1885420 140
1885430 140
1885440 140
1885450 140
1885460 140
1885470 141
1885480 141
1885490 141
1885500 140
1885510 140
1885520 140
1885530 140
1885540 140
1885550 140
1885560 140
1885570 140
1885580 140
1885590 140
1885600 140
1885610 140
1885620 140
1885630 140
1885640 140
1885650 140
1885660 140
1885670 141
1885680 141
1885690 141
1885700 140
1885710 141
1885720 141
1885730 141
1885740 141
1885750 141
1885760 141
1885770 141
1885780 141
1885790 141
1885800 141
1885810 141
1885820 141
1885830 141
1885840 141
1885850 141
1885860 141
1885870 141
1885880 141
1885890 141
1885900 141
1885910 141
1885920 141
1885930 141
1885940 141
1885950 141
1885960 141
1885970 141
1885980 141
1885990 141
1886000 141
1886010 141
1886020 141
1886030 141
1886040 141
1886050 141
1886060 141
1886070 141
1886080 141
1886090 141
1886100 141
1886110 141
1886120 141
1886130 141
1886140 141
1886150 141
1886160 141
1886170 141
1886180 141
1886190 141
1886200 141
1886210 141
1886220 141
1886230 141
1886240 141
1886250 141
1886260 140
1886270 140
1886280 141
1886290 141
1886300 140
1886310 140
1886320 140
1886330 140
1886340 140
1886350 140
1886360 141
1886370 141
1886380 141
1886390 141
1886400 141
1886410 141
1886420 141
1886430 141
1886440 141
1886450 140
1886460 140
1886470 140
1886480 140
1886490 140
1886500 140
1886510 140
1886520 140
1886530 140
1886540 140
1886550 140
1886560 140
1886570 140
1886580 140
1886590 140
1886600 140
1886610 140
1886620 140
1886630 140
1886640 139
1886650 139
1886660 139
1886670 139
1886680 139
1886690 139
1886700 139
1886710 139
1886720 139
1886730 139
1886740 139
1886750 139
1886760 139
1886770 139
1886780 139
1886790 139
1886800 139
1886810 139
1886820 139
1886830 139
1886840 140
1886850 140
1886860 140
1886870 140
1886880 140
1886890 140
1886900 140
1886910 140
1886920 140
1886930 140
1886940 140
1886950 140
1886960 140
1886970 140
1886980 140
1886990 140
1887000 140
1887010 140
1887020 140
1887030 140
1887040 140
1887050 140
1887060 140
1887070 140
1887080 141
1887090 140
1887100 140
1887110 140
1887120 140
1887130 140
1887140 140
1887150 140
1887160 140
1887170 140
1887180 140
1887190 140
1887200 140
1887210 140
1887220 140
1887230 140
1887240 140
1887250 140
1887260 140
1887270 140
1887280 140
1887290 140
1887300 140
1887310 140
1887320 140
1887330 140
1887340 140
1887350 139
1887360 140
1887370 140
1887380 140
1887390 140
1887400 140
1887410 140
1887420 141
1887430 141
1887440 141
1887450 141
1887460 141
1887470 141
1887480 141
1887490 141
1887500 141
1887510 141
1887520 141
1887530 141
1887540 141
1887550 141
1887560 141
1887570 140
1887580 140
1887590 139
1887600 136
1887610 136
1887620 135
1887630 135
1887640 135
1887650 135
1887660 135
1887670 135
1887680 135
1887690 135
1887700 135
1887710 135
1887720 135
1887730 135
1887740 135
1887750 135
1887760 135
1887770 135
1887780 135
1887790 135
1887800 135
1887810 135
1887820 135
1887830 135
1887840 135
1887850 135
1887860 135
1887870 135
1887880 135
1887890 135
1887900 135
1887910 135
1887920 135
1887930 135
1887940 135
1887950 135
1887960 135
1887970 135
1887980 135
1887990 135
1888000 135
1888010 135
1888020 135
1888030 135
1888040 135
1888050 135
1888060 135
1888070 135
1888080 135
1888090 135
1888100 135
1888110 135
1888120 135
1888130 135
1888140 135
1888150 135
1888160 135
1888170 135
1888180 135
1888190 135
1888200 135
1888210 135
1888220 135
1888230 136
1888240 136
1888250 136
1888260 137
1888270 137
1888280 137
1888290 136
1888300 136
1888310 135
1888320 135
1888330 135
1888340 135
1888350 135
1888360 135
1888370 135
1888380 135
1888390 135
1888400 138
1888410 140
1888420 140
1888430 141
1888440 141
1888450 141
1888460 141
1888470 141
1888480 141
1888490 141
1888500 141
1888510 141
1888520 141
1888530 141
1888540 141
1888550 140
1888560 140
1888570 140
1888580 140
1888590 140
1888600 140
1888610 140
1888620 140
1888630 140
1888640 140
1888650 139
1888660 139
1888670 139
1888680 139
1888690 139
1888700 139
1888710 139
1888720 139
1888730 139
1888740 139
1888750 139
1888760 139
1888770 139
1888780 139
1888790 139
1888800 139
1888810 139
1888820 139
1888830 139
1888840 139
1888850 139
1888860 139
1888870 139
1888880 139
1888890 139
1888900 139
1888910 139
1888920 138
1888930 138
1888940 138
1888950 138
1888960 138
1888970 138
1888980 138
1888990 138
1889000 138
1889010 138
1889020 138
1889030 138
1889040 138
1889050 138
1889060 138
1889070 138
1889080 138
1889090 138
1889100 139
1889110 139
1889120 139
1889130 139
1889140 139
1889150 139
1889160 139
1889170 139
1889180 138
1889190 138
1889200 138
1889210 139
1889220 139
1889230 139
1889240 139
1889250 139
1889260 139
1889270 139
1889280 139
1889290 138
1889300 138
1889310 138
1889320 138
1889330 138
1889340 138
1889350 138
1889360 138
1889370 138
1889380 137
1889390 137
1889400 137
1889410 137
1889420 137
1889430 138
1889440 138
1889450 138
1889460 139
1889470 140
1889480 140
1889490 140
1889500 140
1889510 140
1889520 140
1889530 139
1889540 139
1889550 138
1889560 138
1889570 138
1889580 138
1889590 138
1889600 138
1889610 138
1889620 138
1889630 138
1889640 137
1889650 136
1889660 136
1889670 135
1889680 135
1889690 135
1889700 135
1889710 135
1889720 135
1889730 135
1889740 135
1889750 135
1889760 135
1889770 135
1889780 135
1889790 135
1889800 135
1889810 135
1889820 135
1889830 135
1889840 135
1889850 135
1889860 135
1889870 135
1889880 135
1889890 135
1889900 135
1889910 135
1889920 135
1889930 135
1889940 135
1889950 135
1889960 135
1889970 135
1889980 135
1889990 135
1890000 135
1890010 135
1890020 135
1890030 135
1890040 135
1890050 135
1890060 135
1890070 135
1890080 135
1890090 135
1890100 135
1890110 134
1890120 134
1890130 134
1890140 134
1890150 134
1890160 135
1890170 135
1890180 135
1890190 135
1890200 135
1890210 135
1890220 135
1890230 135
1890240 135
1890250 135
1890260 135
1890270 135
1890280 135
1890290 135
1890300 135
1890310 135
1890320 135
1890330 134
1890340 135
1890350 135
1890360 135
1890370 135
1890380 135
1890390 135
1890400 135
1890410 135
1890420 135
1880000 142
1880010 142
1880020 142
1880030 142
1880040 142
1880050 142
1880060 142
1880070 142
1880080 142
1880090 142
1880100 142
1880110 142
1880120 142
1880130 142
1880140 142
1880150 142
1880160 142
1880170 142
1880180 142
1880190 142
1880200 141
1880210 141
1880220 141
1880230 141
1880240 141
1880250 141
1880260 142
1880270 142
1880280 142
1880290 142
1880300 142
1880310 142
1880320 142
1880330 142
1880340 142
1880350 142
1880360 141
1880370 141
1880380 141
1880390 141
1880400 141
1880410 141
1880420 141
1880430 141
1880440 141
1880450 142
1880460 142
1880470 143
1880480 142
1880490 142
1880500 141
1880510 141
1880520 141
1880530 141
1880540 141
1880550 141
1880560 141
1880570 141
1880580 141
1880590 141
1880600 142
1880610 142
1880620 141
1880630 141
1880640 141
1880650 141
1880660 141
1880670 141
1880680 141
1880690 141
1880700 141
1880710 141
1880720 141
1880730 141
1880740 141
1880750 141
1880760 141
1880770 141
1880780 141
1880790 141
1880800 141
1880810 141
1880820 141
1880830 141
1880840 141
1880850 141
1880860 141
1880870 141
1880880 141
1880890 141
1880900 141
1880910 141
1880920 141
1880930 141
1880940 141
1880950 141
1880960 141
1880970 141
1880980 141
1880990 141
1881000 141
1881010 142
1881020 142
1881030 142
1881040 142
1881050 142
1881060 142
1881070 142
1881080 142
1881090 142
1881100 142
1881110 141
1881120 141
1881130 141
1881140 141
1881150 141
1881160 141
1881170 141
1881180 141
1881190 141
1881200 141
1881210 141
1881220 141
1881230 141
1881240 141
1881250 141
1881260 141
1881270 141
1881280 141
1881290 141
1881300 141
1881310 141
1881320 141
1881330 141
1881340 141
1881350 141
1881360 141
1881370 141
1881380 141
1881390 141
1881400 141
1881410 141
1881420 141
1881430 141
1881440 141
1881450 141
1881460 141
1881470 141
1881480 141
1881490 141
1881500 141
1881510 141
1881520 141
1881530 141
1881540 141
1881550 141
1881560 141
1881570 141
1881580 141
1881590 141
1881600 141
1881610 141
1881620 141
1881630 141
1881640 141
1881650 141
1881660 141
1881670 141
1881680 141
1881690 141
1881700 141
1881710 141
1881720 141
1881730 141
1881740 141
1881750 141
1881760 141
1881770 141
1881780 141
1881790 141
1881800 141
1881810 141
1881820 141
1881830 141
1881840 141
1881850 141
1881860 141
1881870 141
1881880 141
1881890 141
1881900 141
1881910 141
1881920 141
1881930 141
1881940 141
1881950 141
1881960 141
1881970 141
1881980 141
1881990 141
1882000 141
1882010 141
1882020 141
1882030 141
1882040 141
1882050 141
1882060 141
1882070 141
1882080 141
1882090 141
1882100 141
1882110 141
1882120 141
1882130 141
1882140 141
1882150 141
1882160 141
1882170 141
1882180 142
1882190 142
1882200 142
1882210 142
1882220 141
1882230 141
1882240 141
1882250 141
1882260 141
1882270 141
1882280 141
1882290 141
1882300 141
1882310 141
1882320 141
1882330 141
1882340 141
1882350 141
1882360 141
1882370 141
1882380 141
1882390 141
1882400 141
1882410 141
1882420 141
1882430 141
1882440 141
1882450 141
1882460 141
1882470 141
1882480 141
1882490 141
1882500 141
1882510 141
1882520 141
1882530 141
1882540 141
1882550 141
1882560 141
1882570 141
1882580 141
1882590 141
1882600 141
1882610 141
1882620 141
1882630 141
1882640 141
1882650 141
1882660 141
1882670 141
1882680 141
1882690 141
1882700 141
1882710 141
1882720 141
1882730 141
1882740 141
1882750 141
1882760 141
1882770 141
1882780 141
1882790 141
1882800 141
1882810 141
1882820 141
1882830 141
1882840 141
1882850 141
1882860 141
1882870 141
1882880 141
1882890 141
1882900 141
1882910 141
1882920 141
1882930 141
1882940 141
1882950 141
1882960 141
1882970 141
1882980 141
1882990 141
1883000 141
1883010 141
1883020 141
1883030 141
1883040 141
1883050 141
1883060 141
1883070 141
1883080 141
1883090 141
1883100 141
1883110 141
1883120 141
1883130 141
1883140 141
1883150 141
1883160 141
1883170 141
1883180 141
1883190 141
1883200 141
1883210 141
1883220 141
1883230 141
1883240 141
1883250 141
1883260 141
1883270 141
1883280 141
1883290 141
1883300 141
1883310 141
1883320 141
1883330 141
1883340 141
1883350 141
1883360 141
1883370 141
1883380 141
1883390 141
1883400 141
1883410 141
1883420 141
1883430 141
1883440 141
1883450 141
1883460 141
1883470 141
1883480 141
1883490 141
1883500 141
1883510 141
1883520 141
1883530 141
1883540 141
1883550 141
1883560 141
1883570 141
1883580 141
1883590 141
1883600 141
1883610 141
1883620 141
1883630 141
1883640 141
1883650 141
1883660 141
1883670 141
1883680 141
1883690 141
1883700 141
1883710 141
1883720 141
1883730 141
1883740 141
1883750 141
1883760 141
1883770 141
1883780 141
1883790 141
1883800 141
1883810 141
1883820 142
1883830 142
1883840 142
1883850 141
1883860 141
1883870 142
1883880 142
1883890 142
1883900 142
1883910 142
1883920 142
1883930 142
1883940 142
1883950 142
1883960 142
1883970 142
1883980 142
1883990 141
1884000 142
1884010 142
1884020 142
1884030 141
1884040 141
1884050 141
1884060 141
1884070 141
1884080 141
1884090 141
1884100 141
1884110 141
1884120 141
1884130 141
1884140 141
1884150 141
1884160 141
1884170 141
1884180 141
1884190 141
1884200 141
1884210 141
1884220 141
1884230 141
1884240 141
1884250 141
1884260 141
1884270 141
1884280 141
1884290 141
1884300 141
1884310 141
1884320 141
1884330 141
1884340 141
1884350 141
1884360 143
1884370 143
1884380 144
1884390 144
1884400 144
1884410 142
1884420 141
1884430 141
1884440 141
1884450 141
1884460 141
1884470 142
1884480 142
1884490 142
1884500 141
1884510 141
1884520 141
1884530 141
1884540 141
1884550 141
1884560 141
1884570 141
1884580 141
1884590 141
1884600 141
1884610 141
1884620 141
1884630 141
1884640 141
1884650 141
1884660 142
1884670 142
1884680 141
1884690 141
1884700 141
1884710 141
1884720 141
1884730 141
1884740 141
1884750 141
1884760 141
1884770 141
1884780 140
1884790 140
1884800 140
1884810 141
1884820 141
1884830 141
1884840 141
1884850 141
1884860 141
1884870 141
1884880 141
1884890 141
1884900 140
1884910 140
1884920 140
1884930 141
1884940 141
1884950 140
1884960 140
1884970 140
1884980 140
1884990 141
1885000 141
1885010 141
1885020 141
1885030 141
1885040 141
1885050 142
1885060 142
1885070 142
1885080 142
1885090 142
1885100 142
1885110 142
1885120 142
1885130 141
1885140 141
1885150 141
1885160 141
1885170 141
1885180 141
1885190 142
1885200 141
1885210 141
1885220 141
1885230 141
1885240 141
1885250 140
1885260 140
1885270 140
1885280 141
1885290 141
1885300 141
1885310 141
1885320 141
1885330 141
1885340 141
1885350 141
1885360 141
1885370 141
1885380 141
1885390 141
1885400 141
1885410 140
1885420 140
1885430 140
1885440 140
1885450 140
1885460 140
1885470 141
1885480 141
1885490 141
1885500 140
1885510 140
1885520 140
1885530 140
1885540 140
1885550 140
1885560 140
1885570 140
1885580 140
1885590 140
1885600 140
1885610 140
1885620 140
1885630 140
1885640 140
1885650 140
1885660 140
1885670 141
1885680 141
1885690 141
1885700 140
1885710 141
1885720 141
1885730 141
1885740 141
1885750 141
1885760 141
1885770 141
1885780 141
1885790 141
1885800 141
1885810 141
1885820 141
1885830 141
1885840 141
1885850 141
1885860 141
1885870 141
1885880 141
1885890 141
1885900 141
1885910 141
1885920 141
1885930 141
1885940 141
1885950 141
1885960 141
1885970 141
1885980 141
1885990 141
1886000 141
1886010 141
1886020 141
1886030 141
1886040 141
1886050 141
1886060 141
1886070 141
1886080 141
1886090 141
1886100 141
1886110 141
1886120 141
1886130 141
1886140 141
1886150 141
1886160 141
1886170 141
1886180 141
1886190 141
1886200 141
1886210 141
1886220 141
1886230 141
1886240 141
1886250 141
1886260 140
1886270 140
1886280 141
1886290 141
1886300 140
1886310 140
1886320 140
1886330 140
1886340 140
1886350 140
1886360 141
1886370 141
1886380 141
1886390 141
1886400 141
1886410 141
1886420 141
1886430 141
1886440 141
1886450 140
1886460 140
1886470 140
1886480 140
1886490 140
1886500 140
1886510 140
1886520 140
1886530 140
1886540 140
1886550 140
1886560 140
1886570 140
1886580 140
1886590 140
1886600 140
1886610 140
1886620 140
1886630 140
1886640 139
1886650 139
1886660 139
1886670 139
1886680 139
1886690 139
1886700 139
1886710 139
1886720 139
1886730 139
1886740 139
1886750 139
1886760 139
1886770 139
1886780 139
1886790 139
1886800 139
1886810 139
1886820 139
1886830 139
1886840 140
1886850 140
1886860 140
1886870 140
1886880 140
1886890 140
1886900 140
1886910 140
1886920 140
1886930 140
1886940 140
1886950 140
1886960 140
1886970 140
1886980 140
1886990 140
1887000 140
1887010 140
1887020 140
1887030 140
1887040 140
1887050 140
1887060 140
1887070 140
1887080 141
1887090 140
1887100 140
1887110 140
1887120 140
1887130 140
1887140 140
1887150 140
1887160 140
1887170 140
1887180 140
1887190 140
1887200 140
1887210 140
1887220 140
1887230 140
1887240 140
1887250 140
1887260 140
1887270 140
1887280 140
1887290 140
1887300 140
1887310 140
1887320 140
1887330 140
1887340 140
1887350 139
1887360 140
1887370 140
1887380 140
1887390 140
1887400 140
1887410 140
1887420 141
1887430 141
1887440 141
1887450 141
1887460 141
1887470 141
1887480 141
1887490 141
1887500 141
1887510 141
1887520 141
1887530 141
1887540 141
1887550 141
1887560 141
1887570 140
1887580 140
1887590 139
1887600 136
1887610 136
1887620 135
1887630 135
1887640 135
1887650 135
1887660 135
1887670 135
1887680 135
1887690 135
1887700 135
1887710 135
1887720 135
1887730 135
1887740 135
1887750 135
1887760 135
1887770 135
1887780 135
1887790 135
1887800 135
1887810 135
1887820 135
1887830 135
1887840 135
1887850 135
1887860 135
1887870 135
1887880 135
1887890 135
1887900 135
1887910 135
1887920 135
1887930 135
1887940 135
1887950 135
1887960 135
1887970 135
1887980 135
1887990 135
1888000 135
1888010 135
1888020 135
1888030 135
1888040 135
1888050 135
1888060 135
1888070 135
1888080 135
1888090 135
1888100 135
1888110 135
1888120 135
1888130 135
1888140 135
1888150 135
1888160 135
1888170 135
1888180 135
1888190 135
1888200 135
1888210 135
1888220 135
1888230 136
1888240 136
1888250 136
1888260 137
1888270 137
1888280 137
1888290 136
1888300 136
1888310 135
1888320 135
1888330 135
1888340 135
1888350 135
1888360 135
1888370 135
1888380 135
1888390 135
1888400 138
1888410 140
1888420 140
1888430 141
1888440 141
1888450 141
1888460 141
1888470 141
1888480 141
1888490 141
1888500 141
1888510 141
1888520 141
1888530 141
1888540 141
1888550 140
1888560 140
1888570 140
1888580 140
1888590 140
1888600 140
1888610 140
1888620 140
1888630 140
1888640 140
1888650 139
1888660 139
1888670 139
1888680 139
1888690 139
1888700 139
1888710 139
1888720 139
1888730 139
1888740 139
1888750 139
1888760 139
1888770 139
1888780 139
1888790 139
1888800 139
1888810 139
1888820 139
1888830 139
1888840 139
1888850 139
1888860 139
1888870 139
1888880 139
1888890 139
1888900 139
1888910 139
1888920 138
1888930 138
1888940 138
1888950 138
1888960 138
1888970 138
1888980 138
1888990 138
1889000 138
1889010 138
1889020 138
1889030 138
1889040 138
1889050 138
1889060 138
1889070 138
1889080 138
1889090 138
1889100 139
1889110 139
1889120 139
1889130 139
1889140 139
1889150 139
1889160 139
1889170 139
1889180 138
1889190 138
1889200 138
1889210 139
1889220 139
1889230 139
1889240 139
1889250 139
1889260 139
1889270 139
1889280 139
1889290 138
1889300 138
1889310 138
1889320 138
1889330 138
1889340 138
1889350 138
1889360 138
1889370 138
1889380 137
1889390 137
1889400 137
1889410 137
1889420 137
1889430 138
1889440 138
1889450 138
1889460 139
1889470 140
1889480 140
1889490 140
1889500 140
1889510 140
1889520 140
1889530 139
1889540 139
1889550 138
1889560 138
1889570 138
1889580 138
1889590 138
1889600 138
1889610 138
1889620 138
1889630 138
1889640 137
1889650 136
1889660 136
1889670 135
1889680 135
1889690 135
1889700 135
1889710 135
1889720 135
1889730 135
1889740 135
1889750 135
1889760 135
1889770 135
1889780 135
1889790 135
1889800 135
1889810 135
1889820 135
1889830 135
1889840 135
1889850 135
1889860 135
1889870 135
1889880 135
1889890 135
1889900 135
1889910 135
1889920 135
1889930 135
1889940 135
1889950 135
1889960 135
1889970 135
1889980 135
1889990 135
1890000 135
1890010 135
1890020 135
1890030 135
1890040 135
1890050 135
1890060 135
1890070 135
1890080 135
1890090 135
1890100 135
1890110 134
1890120 134
1890130 134
1890140 134
1890150 134
1890160 135
1890170 135
1890180 135
1890190 135
1890200 135
1890210 135
1890220 135
1890230 135
1890240 135
1890250 135
1890260 135
1890270 135
1890280 135
1890290 135
1890300 135
1890310 135
1890320 135
1890330 134
1890340 135
1890350 135
1890360 135
1890370 135
1890380 135
1890390 135
1890400 135
1890410 135
1890420 135
