1880000 141
1880010 141
1880020 141
1880030 141
1880040 141
1880050 141
1880060 141
1880070 141
1880080 141
1880090 141
1880100 141
1880110 142
1880120 141
1880130 141
1880140 141
1880150 141
1880160 141
1880170 141
1880180 141
1880190 141
1880200 142
1880210 142
1880220 142
1880230 142
1880240 142
1880250 142
1880260 142
1880270 142
1880280 142
1880290 142
1880300 142
1880310 142
1880320 142
1880330 143
1880340 143
1880350 142
1880360 142
1880370 142
1880380 142
1880390 141
1880400 141
1880410 141
1880420 141
1880430 141
1880440 141
1880450 141
1880460 141
1880470 141
1880480 141
1880490 141
1880500 141
1880510 141
1880520 141
1880530 141
1880540 141
1880550 141
1880560 141
1880570 141
1880580 141
1880590 141
1880600 141
1880610 141
1880620 141
1880630 141
1880640 141
1880650 141
1880660 141
1880670 141
1880680 141
1880690 141
1880700 141
1880710 141
1880720 141
1880730 141
1880740 141
1880750 141
1880760 141
1880770 141
1880780 141
1880790 141
1880800 141
1880810 141
1880820 141
1880830 141
1880840 141
1880850 141
1880860 141
1880870 141
1880880 141
1880890 142
1880900 142
1880910 142
1880920 141
1880930 141
1880940 141
1880950 142
1880960 142
1880970 142
1880980 142
1880990 142
1881000 142
1881010 142
1881020 142
1881030 142
1881040 141
1881050 141
1881060 141
1881070 141
1881080 142
1881090 142
1881100 141
1881110 141
1881120 141
1881130 141
1881140 141
1881150 141
1881160 141
1881170 141
1881180 141
1881190 141
1881200 141
1881210 141
1881220 141
1881230 141
1881240 141
1881250 141
1881260 141
1881270 141
1881280 141
1881290 141
1881300 141
1881310 141
1881320 141
1881330 141
1881340 141
1881350 141
1881360 141
1881370 141
1881380 141
1881390 141
1881400 141
1881410 141
1881420 141
1881430 141
1881440 141
1881450 141
1881460 141
1881470 141
1881480 141
1881490 141
1881500 141
1881510 141
1881520 141
1881530 141
1881540 141
1881550 141
1881560 141
1881570 141
1881580 141
1881590 141
1881600 141
1881610 141
1881620 141
1881630 141
1881640 141
1881650 141
1881660 141
1881670 141
1881680 141
1881690 141
1881700 141
1881710 141
1881720 141
1881730 141
1881740 141
1881750 141
1881760 141
1881770 141
1881780 141
1881790 141
1881800 141
1881810 141
1881820 141
1881830 141
1881840 141
1881850 141
1881860 141
1881870 141
1881880 141
1881890 141
1881900 141
1881910 141
1881920 141
1881930 141
1881940 141
1881950 141
1881960 141
1881970 141
1881980 141
1881990 141
1882000 141
1882010 141
1882020 141
1882030 141
1882040 141
1882050 141
1882060 141
1882070 141
1882080 141
1882090 141
1882100 141
1882110 141
1882120 141
1882130 141
1882140 141
1882150 142
1882160 142
1882170 142
1882180 142
1882190 142
1882200 142
1882210 141
1882220 141
1882230 141
1882240 141
1882250 141
1882260 141
1882270 141
1882280 141
1882290 141
1882300 141
1882310 141
1882320 141
1882330 141
1882340 141
1882350 141
1882360 141
1882370 141
1882380 141
1882390 141
1882400 141
1882410 141
1882420 141
1882430 141
1882440 141
1882450 141
1882460 141
1882470 141
1882480 141
1882490 141
1882500 141
1882510 141
1882520 141
1882530 141
1882540 141
1882550 141
1882560 141
1882570 141
1882580 141
1882590 141
1882600 141
1882610 141
1882620 141
1882630 141
1882640 141
1882650 141
1882660 141
1882670 141
1882680 141
1882690 141
1882700 141
1882710 141
1882720 141
1882730 141
1882740 141
1882750 141
1882760 141
1882770 141
1882780 141
1882790 141
1882800 141
1882810 141
1882820 141
1882830 141
1882840 141
1882850 141
1882860 141
1882870 141
1882880 141
1882890 141
1882900 141
1882910 141
1882920 141
1882930 141
1882940 141
1882950 141
1882960 141
1882970 141
1882980 141
1882990 141
1883000 141
1883010 141
1883020 141
1883030 140
1883040 140
1883050 140
1883060 140
1883070 140
1883080 140
1883090 140
1883100 140
1883110 139
1883120 139
1883130 139
1883140 139
1883150 139
1883160 139
1883170 139
1883180 139
1883190 139
1883200 140
1883210 140
1883220 140
1883230 140
1883240 140
1883250 140
1883260 140
1883270 140
1883280 140
1883290 140
1883300 140
1883310 140
1883320 140
1883330 141
1883340 141
1883350 141
1883360 141
1883370 141
1883380 141
1883390 141
1883400 141
1883410 141
1883420 140
1883430 140
1883440 140
1883450 141
1883460 141
1883470 141
1883480 141
1883490 141
1883500 140
1883510 140
1883520 140
1883530 140
1883540 140
1883550 140
1883560 140
1883570 141
1883580 141
1883590 141
1883600 141
1883610 141
1883620 141
1883630 141
1883640 141
1883650 141
1883660 141
1883670 141
1883680 141
1883690 141
1883700 141
1883710 141
1883720 141
1883730 141
1883740 141
1883750 141
1883760 141
1883770 141
1883780 141
1883790 141
1883800 141
1883810 141
1883820 141
1883830 141
1883840 141
1883850 141
1883860 140
1883870 140
1883880 140
1883890 141
1883900 141
1883910 141
1883920 141
1883930 141
1883940 141
1883950 141
1883960 141
1883970 141
1883980 141
1883990 141
1884000 141
1884010 141
1884020 141
1884030 141
1884040 141
1884050 141
1884060 141
1884070 141
1884080 141
1884090 141
1884100 141
1884110 141
1884120 141
1884130 141
1884140 141
1884150 141
1884160 141
1884170 141
1884180 141
1884190 141
1884200 141
1884210 141
1884220 141
1884230 141
1884240 141
1884250 141
1884260 141
1884270 141
1884280 141
1884290 140
1884300 140
1884310 140
1884320 140
1884330 140
1884340 140
1884350 140
1884360 140
1884370 140
1884380 140
1884390 140
1884400 140
1884410 140
1884420 140
1884430 140
1884440 140
1884450 140
1884460 140
1884470 140
1884480 140
1884490 140
1884500 140
1884510 140
1884520 140
1884530 140
1884540 140
1884550 140
1884560 140
1884570 140
1884580 140
1884590 141
1884600 141
1884610 141
1884620 141
1884630 141
1884640 141
1884650 141
1884660 141
1884670 141
1884680 141
1884690 141
1884700 141
1884710 141
1884720 141
1884730 141
1884740 141
1884750 141
1884760 141
1884770 141
1884780 141
1884790 141
1884800 141
1884810 141
1884820 141
1884830 141
1884840 141
1884850 141
1884860 141
1884870 141
1884880 141
1884890 141
1884900 141
1884910 141
1884920 141
1884930 141
1884940 141
1884950 141
1884960 141
1884970 141
1884980 141
1884990 141
1885000 141
1885010 141
1885020 141
1885030 141
1885040 141
1885050 141
1885060 141
1885070 141
1885080 141
1885090 141
1885100 141
1885110 141
1885120 141
1885130 141
1885140 141
1885150 141
1885160 143
1885170 144
1885180 144
1885190 143
1885200 141
1885210 141
1885220 141
1885230 140
1885240 140
1885250 140
1885260 140
1885270 140
1885280 140
1885290 140
1885300 140
1885310 141
1885320 141
1885330 141
1885340 141
1885350 141
1885360 141
1885370 140
1885380 140
1885390 140
1885400 140
1885410 140
1885420 140
1885430 140
1885440 141
1885450 141
1885460 141
1885470 141
1885480 141
1885490 141
1885500 141
1885510 141
1885520 141
1885530 141
1885540 141
1885550 141
1885560 141
1885570 141
1885580 141
1885590 141
1885600 141
1885610 141
1885620 141
1885630 141
1885640 141
1885650 141
1885660 141
1885670 141
1885680 141
1885690 141
1885700 141
1885710 141
1885720 141
1885730 141
1885740 141
1885750 141
1885760 141
1885770 141
1885780 141
1885790 141
1885800 141
1885810 141
1885820 141
1885830 141
1885840 141
1885850 141
1885860 141
1885870 141
1885880 141
1885890 141
1885900 141
1885910 141
1885920 140
1885930 140
1885940 140
1885950 141
1885960 141
1885970 141
1885980 141
1885990 141
1886000 141
1886010 141
1886020 141
1886030 141
1886040 141
1886050 141
1886060 141
1886070 141
1886080 141
1886090 141
1886100 141
1886110 141
1886120 141
1886130 141
1886140 141
1886150 141
1886160 141
1886170 141
1886180 141
1886190 141
1886200 141
1886210 141
1886220 141
1886230 141
1886240 141
1886250 141
1886260 141
1886270 141
1886280 141
1886290 141
1886300 141
1886310 141
1886320 141
1886330 141
1886340 141
1886350 141
1886360 140
1886370 141
1886380 141
1886390 141
1886400 141
1886410 141
1886420 141
1886430 141
1886440 141
1886450 140
1886460 141
1886470 141
1886480 141
1886490 141
1886500 141
1886510 141
1886520 141
1886530 141
1886540 141
1886550 141
1886560 141
1886570 141
1886580 141
1886590 141
1886600 141
1886610 141
1886620 141
1886630 141
1886640 141
1886650 141
1886660 141
1886670 141
1886680 141
1886690 141
1886700 141
1886710 141
1886720 141
1886730 141
1886740 141
1886750 141
1886760 141
1886770 141
1886780 141
1886790 141
1886800 141
1886810 141
1886820 141
1886830 141
1886840 141
1886850 141
1886860 141
1886870 141
1886880 141
1886890 141
1886900 141
1886910 140
1886920 140
1886930 140
1886940 141
1886950 141
1886960 141
1886970 141
1886980 141
1886990 141
1887000 140
1887010 140
1887020 140
1887030 140
1887040 140
1887050 140
1887060 140
1887070 140
1887080 140
1887090 140
1887100 140
1887110 140
1887120 141
1887130 141
1887140 140
1887150 140
1887160 140
1887170 140
1887180 140
1887190 140
1887200 140
1887210 140
1887220 140
1887230 139
1887240 140
1887250 140
1887260 140
1887270 140
1887280 140
1887290 140
1887300 140
1887310 140
1887320 140
1887330 140
1887340 140
1887350 141
1887360 141
1887370 141
1887380 141
1887390 140
1887400 140
1887410 139
1887420 139
1887430 139
1887440 139
1887450 140
1887460 140
1887470 141
1887480 141
1887490 141
1887500 141
1887510 141
1887520 141
1887530 141
1887540 141
1887550 141
1887560 141
1887570 141
1887580 141
1887590 141
1887600 141
1887610 141
1887620 141
1887630 141
1887640 141
1887650 141
1887660 141
1887670 141
1887680 141
1887690 141
1887700 141
1887710 141
1887720 141
1887730 141
1887740 141
1887750 141
1887760 141
1887770 141
1887780 141
1887790 141
1887800 141
1887810 141
1887820 141
1887830 140
1887840 140
1887850 140
1887860 140
1887870 140
1887880 140
1887890 140
1887900 140
1887910 140
1887920 140
1887930 140
1887940 140
1887950 140
1887960 140
1887970 140
1887980 140
1887990 140
1888000 140
1888010 140
1888020 140
1888030 140
1888040 140
1888050 140
1888060 140
1888070 140
1888080 140
1888090 140
1888100 140
1888110 140
1888120 140
1888130 141
1888140 141
1888150 141
1888160 141
1888170 141
1888180 141
1888190 141
1888200 141
1888210 141
1888220 140
1888230 140
1888240 140
1888250 140
1888260 140
1888270 140
1888280 140
1888290 140
1888300 140
1888310 140
1888320 140
1888330 140
1888340 141
1888350 141
1888360 141
1888370 141
1888380 141
1888390 141
1888400 141
1888410 141
1888420 141
1888430 141
1888440 141
1888450 141
1888460 140
1888470 140
1888480 140
1888490 140
1888500 140
1888510 140
1888520 140
1888530 140
1888540 140
1888550 140
1888560 140
1888570 140
1888580 140
1888590 141
1888600 141
1888610 141
1888620 141
1888630 141
1888640 141
1888650 140
1888660 140
1888670 140
1888680 140
1888690 140
1888700 140
1888710 140
1888720 140
1888730 139
1888740 139
1888750 139
1888760 139
1888770 138
1888780 138
1888790 138
1888800 137
1888810 137
1888820 136
1888830 136
1888840 136
1888850 136
1888860 138
1888870 138
1888880 138
1888890 138
1888900 138
1888910 138
1888920 137
1888930 137
1888940 137
1888950 137
1888960 137
1888970 137
1888980 137
1888990 137
1889000 137
1889010 136
1889020 136
1889030 137
1889040 136
1889050 136
1889060 136
1889070 136
1889080 136
1889090 136
1889100 137
1889110 137
1889120 137
1889130 137
1889140 137
1889150 137
1889160 138
1889170 138
1889180 140
1889190 140
1889200 140
1889210 140
1889220 140
1889230 140
1889240 140
1889250 140
1889260 140
1889270 140
1889280 140
1889290 140
1889300 140
1889310 140
1889320 140
1889330 140
1889340 140
1889350 140
1889360 140
1889370 140
1889380 140
1889390 139
1889400 139
1889410 139
1889420 139
1889430 138
1889440 138
1889450 137
1889460 137
1889470 137
1889480 137
1889490 137
1889500 137
1889510 137
1889520 138
1889530 138
1889540 138
1889550 139
1889560 139
1889570 139
1889580 139
1889590 139
1889600 138
1889610 139
1889620 139
1889630 139
1889640 139
1889650 139
1889660 139
1889670 135
1889680 135
1889690 135
1889700 135
1889710 135
1889720 135
1889730 135
1889740 135
1889750 135
1889760 135
1889770 135
1889780 138
1889790 140
1889800 140
1889810 140
1889820 140
1889830 140
1889840 140
1889850 142
1889860 142
1889870 148
1880000 141
1880010 141
1880020 141
1880030 141
1880040 141
1880050 141
1880060 141
1880070 141
1880080 141
1880090 141
1880100 141
1880110 142
1880120 141
1880130 141
1880140 141
1880150 141
1880160 141
1880170 141
1880180 141
1880190 141
1880200 142
1880210 142
1880220 142
1880230 142
1880240 142
1880250 142
1880260 142
1880270 142
1880280 142
1880290 142
1880300 142
1880310 142
1880320 142
1880330 143
1880340 143
1880350 142
1880360 142
1880370 142
1880380 142
1880390 141
1880400 141
1880410 141
1880420 141
1880430 141
1880440 141
1880450 141
1880460 141
1880470 141
1880480 141
1880490 141
1880500 141
1880510 141
1880520 141
1880530 141
1880540 141
1880550 141
1880560 141
1880570 141
1880580 141
1880590 141
1880600 141
1880610 141
1880620 141
1880630 141
1880640 141
1880650 141
1880660 141
1880670 141
1880680 141
1880690 141
1880700 141
1880710 141
1880720 141
1880730 141
1880740 141
1880750 141
1880760 141
1880770 141
1880780 141
1880790 141
1880800 141
1880810 141
1880820 141
1880830 141
1880840 141
1880850 141
1880860 141
1880870 141
1880880 141
1880890 142
1880900 142
1880910 142
1880920 141
1880930 141
1880940 141
1880950 142
1880960 142
1880970 142
1880980 142
1880990 142
1881000 142
1881010 142
1881020 142
1881030 142
1881040 141
1881050 141
1881060 141
1881070 141
1881080 142
1881090 142
1881100 141
1881110 141
1881120 141
1881130 141
1881140 141
1881150 141
1881160 141
1881170 141
1881180 141
1881190 141
1881200 141
1881210 141
1881220 141
1881230 141
1881240 141
1881250 141
1881260 141
1881270 141
1881280 141
1881290 141
1881300 141
1881310 141
1881320 141
1881330 141
1881340 141
1881350 141
1881360 141
1881370 141
1881380 141
1881390 141
1881400 141
1881410 141
1881420 141
1881430 141
1881440 141
1881450 141
1881460 141
1881470 141
1881480 141
1881490 141
1881500 141
1881510 141
1881520 141
1881530 141
1881540 141
1881550 141
1881560 141
1881570 141
1881580 141
1881590 141
1881600 141
1881610 141
1881620 141
1881630 141
1881640 141
1881650 141
1881660 141
1881670 141
1881680 141
1881690 141
1881700 141
1881710 141
1881720 141
1881730 141
1881740 141
1881750 141
1881760 141
1881770 141
1881780 141
1881790 141
1881800 141
1881810 141
1881820 141
1881830 141
1881840 141
1881850 141
1881860 141
1881870 141
1881880 141
1881890 141
1881900 141
1881910 141
1881920 141
1881930 141
1881940 141
1881950 141
1881960 141
1881970 141
1881980 141
1881990 141
1882000 141
1882010 141
1882020 141
1882030 141
1882040 141
1882050 141
1882060 141
1882070 141
1882080 141
1882090 141
1882100 141
1882110 141
1882120 141
1882130 141
1882140 141
1882150 142
1882160 142
1882170 142
1882180 142
1882190 142
1882200 142
1882210 141
1882220 141
1882230 141
1882240 141
1882250 141
1882260 141
1882270 141
1882280 141
1882290 141
1882300 141
1882310 141
1882320 141
1882330 141
1882340 141
1882350 141
1882360 141
1882370 141
1882380 141
1882390 141
1882400 141
1882410 141
1882420 141
1882430 141
1882440 141
1882450 141
1882460 141
1882470 141
1882480 141
1882490 141
1882500 141
1882510 141
1882520 141
1882530 141
1882540 141
1882550 141
1882560 141
1882570 141
1882580 141
1882590 141
1882600 141
1882610 141
1882620 141
1882630 141
1882640 141
1882650 141
1882660 141
1882670 141
1882680 141
1882690 141
1882700 141
1882710 141
1882720 141
1882730 141
1882740 141
1882750 141
1882760 141
1882770 141
1882780 141
1882790 141
1882800 141
1882810 141
1882820 141
1882830 141
1882840 141
1882850 141
1882860 141
1882870 141
1882880 141
1882890 141
1882900 141
1882910 141
1882920 141
1882930 141
1882940 141
1882950 141
1882960 141
1882970 141
1882980 141
1882990 141
1883000 141
1883010 141
1883020 141
1883030 140
1883040 140
1883050 140
1883060 140
1883070 140
1883080 140
1883090 140
1883100 140
1883110 139
1883120 139
1883130 139
1883140 139
1883150 139
1883160 139
1883170 139
1883180 139
1883190 139
1883200 140
1883210 140
1883220 140
1883230 140
1883240 140
1883250 140
1883260 140
1883270 140
1883280 140
1883290 140
1883300 140
1883310 140
1883320 140
1883330 141
1883340 141
1883350 141
1883360 141
1883370 141
1883380 141
1883390 141
1883400 141
1883410 141
1883420 140
1883430 140
1883440 140
1883450 141
1883460 141
1883470 141
1883480 141
1883490 141
1883500 140
1883510 140
1883520 140
1883530 140
1883540 140
1883550 140
1883560 140
1883570 141
1883580 141
1883590 141
1883600 141
1883610 141
1883620 141
1883630 141
1883640 141
1883650 141
1883660 141
1883670 141
1883680 141
1883690 141
1883700 141
1883710 141
1883720 141
1883730 141
1883740 141
1883750 141
1883760 141
1883770 141
1883780 141
1883790 141
1883800 141
1883810 141
1883820 141
1883830 141
1883840 141
1883850 141
1883860 140
1883870 140
1883880 140
1883890 141
1883900 141
1883910 141
1883920 141
1883930 141
1883940 141
1883950 141
1883960 141
1883970 141
1883980 141
1883990 141
1884000 141
1884010 141
1884020 141
1884030 141
1884040 141
1884050 141
1884060 141
1884070 141
1884080 141
1884090 141
1884100 141
1884110 141
1884120 141
1884130 141
1884140 141
1884150 141
1884160 141
1884170 141
1884180 141
1884190 141
1884200 141
1884210 141
1884220 141
1884230 141
1884240 141
1884250 141
1884260 141
1884270 141
1884280 141
1884290 140
1884300 140
1884310 140
1884320 140
1884330 140
1884340 140
1884350 140
1884360 140
1884370 140
1884380 140
1884390 140
1884400 140
1884410 140
1884420 140
1884430 140
1884440 140
1884450 140
1884460 140
1884470 140
1884480 140
1884490 140
1884500 140
1884510 140
1884520 140
1884530 140
1884540 140
1884550 140
1884560 140
1884570 140
1884580 140
1884590 141
1884600 141
1884610 141
1884620 141
1884630 141
1884640 141
1884650 141
1884660 141
1884670 141
1884680 141
1884690 141
1884700 141
1884710 141
1884720 141
1884730 141
1884740 141
1884750 141
1884760 141
1884770 141
1884780 141
1884790 141
1884800 141
1884810 141
1884820 141
1884830 141
1884840 141
1884850 141
1884860 141
1884870 141
1884880 141
1884890 141
1884900 141
1884910 141
1884920 141
1884930 141
1884940 141
1884950 141
1884960 141
1884970 141
1884980 141
1884990 141
1885000 141
1885010 141
1885020 141
1885030 141
1885040 141
1885050 141
1885060 141
1885070 141
1885080 141
1885090 141
1885100 141
1885110 141
1885120 141
1885130 141
1885140 141
1885150 141
1885160 143
1885170 144
1885180 144
1885190 143
1885200 141
1885210 141
1885220 141
1885230 140
1885240 140
1885250 140
1885260 140
1885270 140
1885280 140
1885290 140
1885300 140
1885310 141
1885320 141
1885330 141
1885340 141
1885350 141
1885360 141
1885370 140
1885380 140
1885390 140
1885400 140
1885410 140
1885420 140
1885430 140
1885440 141
1885450 141
1885460 141
1885470 141
1885480 141
1885490 141
1885500 141
1885510 141
1885520 141
1885530 141
1885540 141
1885550 141
1885560 141
1885570 141
1885580 141
1885590 141
1885600 141
1885610 141
1885620 141
1885630 141
1885640 141
1885650 141
1885660 141
1885670 141
1885680 141
1885690 141
1885700 141
1885710 141
1885720 141
1885730 141
1885740 141
1885750 141
1885760 141
1885770 141
1885780 141
1885790 141
1885800 141
1885810 141
1885820 141
1885830 141
1885840 141
1885850 141
1885860 141
1885870 141
1885880 141
1885890 141
1885900 141
1885910 141
1885920 140
1885930 140
1885940 140
1885950 141
1885960 141
1885970 141
1885980 141
1885990 141
1886000 141
1886010 141
1886020 141
1886030 141
1886040 141
1886050 141
1886060 141
1886070 141
1886080 141
1886090 141
1886100 141
1886110 141
1886120 141
1886130 141
1886140 141
1886150 141
1886160 141
1886170 141
1886180 141
1886190 141
1886200 141
1886210 141
1886220 141
1886230 141
1886240 141
1886250 141
1886260 141
1886270 141
1886280 141
1886290 141
1886300 141
1886310 141
1886320 141
1886330 141
1886340 141
1886350 141
1886360 140
1886370 141
1886380 141
1886390 141
1886400 141
1886410 141
1886420 141
1886430 141
1886440 141
1886450 140
1886460 141
1886470 141
1886480 141
1886490 141
1886500 141
1886510 141
1886520 141
1886530 141
1886540 141
1886550 141
1886560 141
1886570 141
1886580 141
1886590 141
1886600 141
1886610 141
1886620 141
1886630 141
1886640 141
1886650 141
1886660 141
1886670 141
1886680 141
1886690 141
1886700 141
1886710 141
1886720 141
1886730 141
1886740 141
1886750 141
1886760 141
1886770 141
1886780 141
1886790 141
1886800 141
1886810 141
1886820 141
1886830 141
1886840 141
1886850 141
1886860 141
1886870 141
1886880 141
1886890 141
1886900 141
1886910 140
1886920 140
1886930 140
1886940 141
1886950 141
1886960 141
1886970 141
1886980 141
1886990 141
1887000 140
1887010 140
1887020 140
1887030 140
1887040 140
1887050 140
1887060 140
1887070 140
1887080 140
1887090 140
1887100 140
1887110 140
1887120 141
1887130 141
1887140 140
1887150 140
1887160 140
1887170 140
1887180 140
1887190 140
1887200 140
1887210 140
1887220 140
1887230 139
1887240 140
1887250 140
1887260 140
1887270 140
1887280 140
1887290 140
1887300 140
1887310 140
1887320 140
1887330 140
1887340 140
1887350 141
1887360 141
1887370 141
1887380 141
1887390 140
1887400 140
1887410 139
1887420 139
1887430 139
1887440 139
1887450 140
1887460 140
1887470 141
1887480 141
1887490 141
1887500 141
1887510 141
1887520 141
1887530 141
1887540 141
1887550 141
1887560 141
1887570 141
1887580 141
1887590 141
1887600 141
1887610 141
1887620 141
1887630 141
1887640 141
1887650 141
1887660 141
1887670 141
1887680 141
1887690 141
1887700 141
1887710 141
1887720 141
1887730 141
1887740 141
1887750 141
1887760 141
1887770 141
1887780 141
1887790 141
1887800 141
1887810 141
1887820 141
1887830 140
1887840 140
1887850 140
1887860 140
1887870 140
1887880 140
1887890 140
1887900 140
1887910 140
1887920 140
1887930 140
1887940 140
1887950 140
1887960 140
1887970 140
1887980 140
1887990 140
1888000 140
1888010 140
1888020 140
1888030 140
1888040 140
1888050 140
1888060 140
1888070 140
1888080 140
1888090 140
1888100 140
1888110 140
1888120 140
1888130 141
1888140 141
1888150 141
1888160 141
1888170 141
1888180 141
1888190 141
1888200 141
1888210 141
1888220 140
1888230 140
1888240 140
1888250 140
1888260 140
1888270 140
1888280 140
1888290 140
1888300 140
1888310 140
1888320 140
1888330 140
1888340 141
1888350 141
1888360 141
1888370 141
1888380 141
1888390 141
1888400 141
1888410 141
1888420 141
1888430 141
1888440 141
1888450 141
1888460 140
1888470 140
1888480 140
1888490 140
1888500 140
1888510 140
1888520 140
1888530 140
1888540 140
1888550 140
1888560 140
1888570 140
1888580 140
1888590 141
1888600 141
1888610 141
1888620 141
1888630 141
1888640 141
1888650 140
1888660 140
1888670 140
1888680 140
1888690 140
1888700 140
1888710 140
1888720 140
1888730 139
1888740 139
1888750 139
1888760 139
1888770 138
1888780 138
1888790 138
1888800 137
1888810 137
1888820 136
1888830 136
1888840 136
1888850 136
1888860 138
1888870 138
1888880 138
1888890 138
1888900 138
1888910 138
1888920 137
1888930 137
1888940 137
1888950 137
1888960 137
1888970 137
1888980 137
1888990 137
1889000 137
1889010 136
1889020 136
1889030 137
1889040 136
1889050 136
1889060 136
1889070 136
1889080 136
1889090 136
1889100 137
1889110 137
1889120 137
1889130 137
1889140 137
1889150 137
1889160 138
1889170 138
1889180 140
1889190 140
1889200 140
1889210 140
1889220 140
1889230 140
1889240 140
1889250 140
1889260 140
1889270 140
1889280 140
1889290 140
1889300 140
1889310 140
1889320 140
1889330 140
1889340 140
1889350 140
1889360 140
1889370 140
1889380 140
1889390 139
1889400 139
1889410 139
1889420 139
1889430 138
1889440 138
1889450 137
1889460 137
1889470 137
1889480 137
1889490 137
1889500 137
1889510 137
1889520 138
1889530 138
1889540 138
1889550 139
1889560 139
1889570 139
1889580 139
1889590 139
1889600 138
1889610 139
1889620 139
1889630 139
1889640 139
1889650 139
1889660 139
1889670 135
1889680 135
1889690 135
1889700 135
1889710 135
1889720 135
1889730 135
1889740 135
1889750 135
1889760 135
1889770 135
1889780 138
1889790 140
1889800 140
1889810 140
1889820 140
1889830 140
1889840 140
1889850 142
1889860 142
1889870 148
