1880000 141
1880010 141
1880020 141
1880030 141
1880040 141
1880050 141
1880060 142
1880070 142
1880080 142
1880090 142
1880100 142
1880110 142
1880120 142
1880130 142
1880140 142
1880150 142
1880160 142
1880170 142
1880180 142
1880190 142
1880200 142
1880210 142
1880220 142
1880230 142
1880240 142
1880250 142
1880260 142
1880270 142
1880280 142
1880290 141
1880300 141
1880310 141
1880320 142
1880330 143
1880340 143
1880350 142
1880360 141
1880370 141
1880380 141
1880390 141
1880400 141
1880410 141
1880420 141
1880430 141
1880440 141
1880450 141
1880460 141
1880470 141
1880480 141
1880490 141
1880500 141
1880510 141
1880520 141
1880530 141
1880540 141
1880550 141
1880560 141
1880570 142
1880580 142
1880590 142
1880600 142
1880610 142
1880620 142
1880630 141
1880640 141
1880650 141
1880660 141
1880670 141
1880680 141
1880690 141
1880700 141
1880710 141
1880720 141
1880730 141
1880740 141
1880750 141
1880760 141
1880770 141
1880780 141
1880790 141
1880800 141
1880810 141
1880820 141
1880830 142
1880840 142
1880850 142
1880860 141
1880870 141
1880880 141
1880890 141
1880900 141
1880910 141
1880920 141
1880930 141
1880940 141
1880950 141
1880960 141
1880970 141
1880980 141
1880990 141
1881000 141
1881010 141
1881020 141
1881030 141
1881040 141
1881050 141
1881060 141
1881070 141
1881080 141
1881090 141
1881100 141
1881110 141
1881120 141
1881130 141
1881140 141
1881150 141
1881160 141
1881170 141
1881180 141
1881190 141
1881200 141
1881210 141
1881220 141
1881230 141
1881240 141
1881250 141
1881260 141
1881270 141
1881280 141
1881290 141
1881300 141
1881310 141
1881320 141
1881330 141
1881340 141
1881350 141
1881360 141
1881370 141
1881380 141
1881390 141
1881400 141
1881410 141
1881420 141
1881430 141
1881440 141
1881450 141
1881460 141
1881470 141
1881480 141
1881490 141
1881500 141
1881510 141
1881520 141
1881530 141
1881540 141
1881550 141
1881560 141
1881570 141
1881580 141
1881590 141
1881600 141
1881610 141
1881620 141
1881630 141
1881640 141
1881650 141
1881660 141
1881670 141
1881680 141
1881690 141
1881700 141
1881710 141
1881720 141
1881730 141
1881740 141
1881750 140
1881760 140
1881770 141
1881780 141
1881790 141
1881800 141
1881810 141
1881820 141
1881830 141
1881840 141
1881850 141
1881860 141
1881870 141
1881880 141
1881890 141
1881900 141
1881910 141
1881920 141
1881930 141
1881940 141
1881950 141
1881960 141
1881970 141
1881980 141
1881990 141
1882000 141
1882010 141
1882020 141
1882030 141
1882040 141
1882050 141
1882060 141
1882070 141
1882080 141
1882090 141
1882100 141
1882110 141
1882120 141
1882130 141
1882140 141
1882150 141
1882160 141
1882170 141
1882180 141
1882190 141
1882200 141
1882210 141
1882220 141
1882230 141
1882240 141
1882250 141
1882260 141
1882270 141
1882280 141
1882290 141
1882300 141
1882310 141
1882320 141
1882330 141
1882340 141
1882350 141
1882360 141
1882370 141
1882380 141
1882390 141
1882400 141
1882410 141
1882420 141
1882430 141
1882440 141
1882450 141
1882460 141
1882470 141
1882480 141
1882490 141
1882500 141
1882510 141
1882520 141
1882530 141
1882540 141
1882550 141
1882560 141
1882570 141
1882580 140
1882590 140
1882600 140
1882610 140
1882620 140
1882630 140
1882640 140
1882650 141
1882660 141
1882670 141
1882680 141
1882690 141
1882700 141
1882710 141
1882720 141
1882730 141
1882740 141
1882750 141
1882760 140
1882770 140
1882780 140
1882790 140
1882800 140
1882810 140
1882820 140
1882830 140
1882840 140
1882850 140
1882860 141
1882870 141
1882880 141
1882890 141
1882900 141
1882910 141
1882920 141
1882930 141
1882940 141
1882950 141
1882960 141
1882970 141
1882980 141
1882990 141
1883000 141
1883010 141
1883020 141
1883030 141
1883040 141
1883050 141
1883060 141
1883070 141
1883080 141
1883090 141
1883100 141
1883110 141
1883120 141
1883130 141
1883140 141
1883150 141
1883160 141
1883170 141
1883180 141
1883190 141
1883200 141
1883210 141
1883220 141
1883230 141
1883240 141
1883250 141
1883260 141
1883270 141
1883280 140
1883290 140
1883300 140
1883310 140
1883320 140
1883330 140
1883340 140
1883350 140
1883360 140
1883370 141
1883380 141
1883390 141
1883400 141
1883410 140
1883420 140
1883430 140
1883440 140
1883450 140
1883460 140
1883470 140
1883480 140
1883490 140
1883500 140
1883510 141
1883520 141
1883530 141
1883540 141
1883550 141
1883560 141
1883570 141
1883580 141
1883590 141
1883600 141
1883610 141
1883620 141
1883630 141
1883640 141
1883650 141
1883660 141
1883670 141
1883680 141
1883690 141
1883700 141
1883710 141
1883720 141
1883730 141
1883740 141
1883750 141
1883760 140
1883770 140
1883780 140
1883790 140
1883800 140
1883810 141
1883820 140
1883830 140
1883840 140
1883850 140
1883860 140
1883870 141
1883880 141
1883890 141
1883900 141
1883910 140
1883920 140
1883930 140
1883940 140
1883950 140
1883960 140
1883970 140
1883980 140
1883990 140
1884000 141
1884010 141
1884020 141
1884030 141
1884040 141
1884050 141
1884060 141
1884070 141
1884080 141
1884090 141
1884100 141
1884110 141
1884120 141
1884130 141
1884140 140
1884150 140
1884160 140
1884170 140
1884180 140
1884190 140
1884200 140
1884210 140
1884220 140
1884230 140
1884240 140
1884250 140
1884260 140
1884270 140
1884280 140
1884290 140
1884300 140
1884310 140
1884320 140
1884330 140
1884340 140
1884350 140
1884360 140
1884370 140
1884380 140
1884390 140
1884400 140
1884410 140
1884420 140
1884430 140
1884440 140
1884450 140
1884460 140
1884470 140
1884480 141
1884490 141
1884500 141
1884510 141
1884520 141
1884530 141
1884540 141
1884550 141
1884560 141
1884570 141
1884580 141
1884590 141
1884600 141
1884610 141
1884620 141
1884630 140
1884640 140
1884650 140
1884660 140
1884670 140
1884680 140
1884690 140
1884700 140
1884710 140
1884720 140
1884730 140
1884740 140
1884750 140
1884760 140
1884770 140
1884780 140
1884790 140
1884800 140
1884810 140
1884820 140
1884830 140
1884840 140
1884850 140
1884860 140
1884870 140
1884880 140
1884890 140
1884900 140
1884910 140
1884920 140
1884930 140
1884940 140
1884950 140
1884960 140
1884970 140
1884980 140
1884990 140
1885000 140
1885010 140
1885020 140
1885030 140
1885040 140
1885050 140
1885060 140
1885070 140
1885080 140
1885090 140
1885100 140
1885110 140
1885120 140
1885130 140
1885140 140
1885150 140
1885160 140
1885170 140
1885180 140
1885190 140
1885200 140
1885210 140
1885220 140
1885230 140
1885240 140
1885250 140
1885260 140
1885270 140
1885280 140
1885290 140
1885300 140
1885310 140
1885320 140
1885330 140
1885340 141
1885350 141
1885360 141
1885370 141
1885380 141
1885390 141
1885400 141
1885410 141
1885420 141
1885430 141
1885440 141
1885450 141
1885460 141
1885470 141
1885480 141
1885490 141
1885500 141
1885510 141
1885520 141
1885530 141
1885540 141
1885550 141
1885560 141
1885570 141
1885580 141
1885590 141
1885600 141
1885610 141
1885620 141
1885630 141
1885640 140
1885650 140
1885660 140
1885670 140
1885680 143
1885690 143
1885700 144
1885710 142
1885720 142
1885730 141
1885740 140
1885750 140
1885760 139
1885770 139
1885780 139
1885790 140
1885800 140
1885810 140
1885820 141
1885830 142
1885840 142
1885850 143
1885860 144
1885870 144
1885880 144
1885890 144
1885900 144
1885910 143
1885920 141
1885930 141
1885940 140
1885950 140
1885960 140
1885970 140
1885980 140
1885990 140
1886000 140
1886010 140
1886020 140
1886030 140
1886040 140
1886050 140
1886060 140
1886070 140
1886080 140
1886090 140
1886100 140
1886110 140
1886120 140
1886130 140
1886140 140
1886150 140
1886160 140
1886170 140
1886180 140
1886190 140
1886200 140
1886210 140
1886220 140
1886230 140
1886240 140
1886250 140
1886260 140
1886270 140
1886280 140
1886290 140
1886300 140
1886310 140
1886320 140
1886330 140
1886340 140
1886350 140
1886360 140
1886370 141
1886380 141
1886390 141
1886400 141
1886410 141
1886420 141
1886430 141
1886440 141
1886450 141
1886460 141
1886470 141
1886480 141
1886490 141
1886500 141
1886510 141
1886520 141
1886530 141
1886540 141
1886550 141
1886560 141
1886570 141
1886580 141
1886590 141
1886600 141
1886610 141
1886620 141
1886630 141
1886640 141
1886650 141
1886660 141
1886670 141
1886680 141
1886690 141
1886700 141
1886710 141
1886720 141
1886730 141
1886740 141
1886750 141
1886760 141
1886770 141
1886780 141
1886790 140
1886800 140
1886810 140
1886820 140
1886830 140
1886840 140
1886850 140
1886860 140
1886870 140
1886880 140
1886890 140
1886900 140
1886910 140
1886920 140
1886930 140
1886940 140
1886950 140
1886960 140
1886970 140
1886980 140
1886990 140
1887000 140
1887010 140
1887020 140
1887030 140
1887040 140
1887050 140
1887060 140
1887070 140
1887080 140
1887090 140
1887100 140
1887110 140
1887120 140
1887130 140
1887140 140
1887150 140
1887160 140
1887170 140
1887180 140
1887190 140
1887200 140
1887210 140
1887220 140
1887230 140
1887240 140
1887250 140
1887260 140
1887270 140
1887280 140
1887290 140
1887300 140
1887310 140
1887320 140
1887330 140
1887340 140
1887350 140
1887360 140
1887370 140
1887380 140
1887390 140
1887400 140
1887410 140
1887420 140
1887430 140
1887440 140
1887450 140
1887460 140
1887470 140
1887480 140
1887490 140
1887500 139
1887510 139
1887520 139
1887530 139
1887540 140
1887550 140
1887560 140
1887570 140
1887580 140
1887590 140
1887600 140
1887610 140
1887620 140
1887630 140
1887640 140
1887650 140
1887660 140
1887670 140
1887680 140
1887690 140
1887700 139
1887710 139
1887720 139
1887730 138
1887740 138
1887750 138
1887760 138
1887770 138
1887780 138
1887790 138
1887800 138
1887810 138
1887820 139
1887830 139
1887840 138
1887850 138
1887860 138
1887870 138
1887880 138
1887890 138
1887900 138
1887910 138
1887920 138
1887930 138
1887940 138
1887950 138
1887960 138
1887970 138
1887980 138
1887990 138
1888000 138
1888010 138
1888020 138
1888030 138
1888040 138
1888050 138
1888060 138
1888070 138
1888080 138
1888090 138
1888100 138
1888110 138
1888120 138
1888130 138
1888140 138
1888150 138
1888160 138
1888170 138
1888180 138
1888190 138
1888200 138
1888210 138
1888220 138
1888230 138
1888240 138
1888250 138
1888260 139
1888270 139
1888280 139
1888290 139
1888300 139
1888310 139
1888320 140
1888330 140
1888340 140
1888350 140
1888360 140
1888370 140
1888380 140
1888390 140
1888400 140
1888410 140
1888420 140
1888430 140
1888440 140
1888450 140
1888460 140
1888470 140
1888480 140
1888490 140
1888500 140
1888510 140
1888520 140
1888530 140
1888540 140
1888550 140
1888560 140
1888570 140
1888580 140
1888590 140
1888600 140
1888610 140
1888620 140
1888630 140
1888640 140
1888650 140
1888660 140
1888670 140
1888680 140
1888690 140
1888700 140
1888710 140
1888720 140
1888730 140
1888740 140
1888750 140
1888760 140
1888770 140
1888780 140
1888790 140
1888800 140
1888810 140
1888820 140
1888830 140
1888840 140
1888850 140
1888860 140
1888870 140
1888880 140
1888890 140
1888900 140
1888910 140
1888920 140
1888930 140
1888940 140
1888950 140
1888960 140
1888970 140
1888980 140
1888990 140
1889000 140
1889010 140
1889020 140
1889030 140
1889040 140
1889050 140
1889060 140
1889070 140
1889080 139
1889090 139
1889100 139
1889110 139
1889120 139
1889130 139
1889140 139
1889150 139
1889160 139
1889170 139
1889180 139
1889190 140
1889200 140
1889210 139
1889220 139
1889230 140
1889240 140
1889250 140
1889260 140
1889270 140
1889280 140
1889290 140
1889300 140
1889310 140
1889320 140
1889330 140
1889340 140
1889350 140
1889360 140
1889370 140
1889380 140
1889390 140
1889400 140
1889410 140
1889420 140
1889430 140
1889440 140
1889450 140
1889460 140
1889470 140
1889480 140
1889490 140
1889500 140
1889510 140
1889520 140
1889530 139
1889540 139
1889550 139
1889560 138
1889570 138
1889580 138
1889590 138
1889600 138
1889610 138
1889620 138
1889630 138
1889640 139
1889650 138
1889660 138
1889670 136
1889680 136
1889690 136
1889700 135
1889710 135
1889720 135
1889730 135
1889740 135
1889750 135
1889760 135
1889770 135
1889780 135
1889790 136
1889800 139
1889810 139
1889820 139
1889830 137
1889840 137
1889850 136
1889860 136
1889870 136
1889880 137
1880000 141
1880010 141
1880020 141
1880030 141
1880040 141
1880050 141
1880060 142
1880070 142
1880080 142
1880090 142
1880100 142
1880110 142
1880120 142
1880130 142
1880140 142
1880150 142
1880160 142
1880170 142
1880180 142
1880190 142
1880200 142
1880210 142
1880220 142
1880230 142
1880240 142
1880250 142
1880260 142
1880270 142
1880280 142
1880290 141
1880300 141
1880310 141
1880320 142
1880330 143
1880340 143
1880350 142
1880360 141
1880370 141
1880380 141
1880390 141
1880400 141
1880410 141
1880420 141
1880430 141
1880440 141
1880450 141
1880460 141
1880470 141
1880480 141
1880490 141
1880500 141
1880510 141
1880520 141
1880530 141
1880540 141
1880550 141
1880560 141
1880570 142
1880580 142
1880590 142
1880600 142
1880610 142
1880620 142
1880630 141
1880640 141
1880650 141
1880660 141
1880670 141
1880680 141
1880690 141
1880700 141
1880710 141
1880720 141
1880730 141
1880740 141
1880750 141
1880760 141
1880770 141
1880780 141
1880790 141
1880800 141
1880810 141
1880820 141
1880830 142
1880840 142
1880850 142
1880860 141
1880870 141
1880880 141
1880890 141
1880900 141
1880910 141
1880920 141
1880930 141
1880940 141
1880950 141
1880960 141
1880970 141
1880980 141
1880990 141
1881000 141
1881010 141
1881020 141
1881030 141
1881040 141
1881050 141
1881060 141
1881070 141
1881080 141
1881090 141
1881100 141
1881110 141
1881120 141
1881130 141
1881140 141
1881150 141
1881160 141
1881170 141
1881180 141
1881190 141
1881200 141
1881210 141
1881220 141
1881230 141
1881240 141
1881250 141
1881260 141
1881270 141
1881280 141
1881290 141
1881300 141
1881310 141
1881320 141
1881330 141
1881340 141
1881350 141
1881360 141
1881370 141
1881380 141
1881390 141
1881400 141
1881410 141
1881420 141
1881430 141
1881440 141
1881450 141
1881460 141
1881470 141
1881480 141
1881490 141
1881500 141
1881510 141
1881520 141
1881530 141
1881540 141
1881550 141
1881560 141
1881570 141
1881580 141
1881590 141
1881600 141
1881610 141
1881620 141
1881630 141
1881640 141
1881650 141
1881660 141
1881670 141
1881680 141
1881690 141
1881700 141
1881710 141
1881720 141
1881730 141
1881740 141
1881750 140
1881760 140
1881770 141
1881780 141
1881790 141
1881800 141
1881810 141
1881820 141
1881830 141
1881840 141
1881850 141
1881860 141
1881870 141
1881880 141
1881890 141
1881900 141
1881910 141
1881920 141
1881930 141
1881940 141
1881950 141
1881960 141
1881970 141
1881980 141
1881990 141
1882000 141
1882010 141
1882020 141
1882030 141
1882040 141
1882050 141
1882060 141
1882070 141
1882080 141
1882090 141
1882100 141
1882110 141
1882120 141
1882130 141
1882140 141
1882150 141
1882160 141
1882170 141
1882180 141
1882190 141
1882200 141
1882210 141
1882220 141
1882230 141
1882240 141
1882250 141
1882260 141
1882270 141
1882280 141
1882290 141
1882300 141
1882310 141
1882320 141
1882330 141
1882340 141
1882350 141
1882360 141
1882370 141
1882380 141
1882390 141
1882400 141
1882410 141
1882420 141
1882430 141
1882440 141
1882450 141
1882460 141
1882470 141
1882480 141
1882490 141
1882500 141
1882510 141
1882520 141
1882530 141
1882540 141
1882550 141
1882560 141
1882570 141
1882580 140
1882590 140
1882600 140
1882610 140
1882620 140
1882630 140
1882640 140
1882650 141
1882660 141
1882670 141
1882680 141
1882690 141
1882700 141
1882710 141
1882720 141
1882730 141
1882740 141
1882750 141
1882760 140
1882770 140
1882780 140
1882790 140
1882800 140
1882810 140
1882820 140
1882830 140
1882840 140
1882850 140
1882860 141
1882870 141
1882880 141
1882890 141
1882900 141
1882910 141
1882920 141
1882930 141
1882940 141
1882950 141
1882960 141
1882970 141
1882980 141
1882990 141
1883000 141
1883010 141
1883020 141
1883030 141
1883040 141
1883050 141
1883060 141
1883070 141
1883080 141
1883090 141
1883100 141
1883110 141
1883120 141
1883130 141
1883140 141
1883150 141
1883160 141
1883170 141
1883180 141
1883190 141
1883200 141
1883210 141
1883220 141
1883230 141
1883240 141
1883250 141
1883260 141
1883270 141
1883280 140
1883290 140
1883300 140
1883310 140
1883320 140
1883330 140
1883340 140
1883350 140
1883360 140
1883370 141
1883380 141
1883390 141
1883400 141
1883410 140
1883420 140
1883430 140
1883440 140
1883450 140
1883460 140
1883470 140
1883480 140
1883490 140
1883500 140
1883510 141
1883520 141
1883530 141
1883540 141
1883550 141
1883560 141
1883570 141
1883580 141
1883590 141
1883600 141
1883610 141
1883620 141
1883630 141
1883640 141
1883650 141
1883660 141
1883670 141
1883680 141
1883690 141
1883700 141
1883710 141
1883720 141
1883730 141
1883740 141
1883750 141
1883760 140
1883770 140
1883780 140
1883790 140
1883800 140
1883810 141
1883820 140
1883830 140
1883840 140
1883850 140
1883860 140
1883870 141
1883880 141
1883890 141
1883900 141
1883910 140
1883920 140
1883930 140
1883940 140
1883950 140
1883960 140
1883970 140
1883980 140
1883990 140
1884000 141
1884010 141
1884020 141
1884030 141
1884040 141
1884050 141
1884060 141
1884070 141
1884080 141
1884090 141
1884100 141
1884110 141
1884120 141
1884130 141
1884140 140
1884150 140
1884160 140
1884170 140
1884180 140
1884190 140
1884200 140
1884210 140
1884220 140
1884230 140
1884240 140
1884250 140
1884260 140
1884270 140
1884280 140
1884290 140
1884300 140
1884310 140
1884320 140
1884330 140
1884340 140
1884350 140
1884360 140
1884370 140
1884380 140
1884390 140
1884400 140
1884410 140
1884420 140
1884430 140
1884440 140
1884450 140
1884460 140
1884470 140
1884480 141
1884490 141
1884500 141
1884510 141
1884520 141
1884530 141
1884540 141
1884550 141
1884560 141
1884570 141
1884580 141
1884590 141
1884600 141
1884610 141
1884620 141
1884630 140
1884640 140
1884650 140
1884660 140
1884670 140
1884680 140
1884690 140
1884700 140
1884710 140
1884720 140
1884730 140
1884740 140
1884750 140
1884760 140
1884770 140
1884780 140
1884790 140
1884800 140
1884810 140
1884820 140
1884830 140
1884840 140
1884850 140
1884860 140
1884870 140
1884880 140
1884890 140
1884900 140
1884910 140
1884920 140
1884930 140
1884940 140
1884950 140
1884960 140
1884970 140
1884980 140
1884990 140
1885000 140
1885010 140
1885020 140
1885030 140
1885040 140
1885050 140
1885060 140
1885070 140
1885080 140
1885090 140
1885100 140
1885110 140
1885120 140
1885130 140
1885140 140
1885150 140
1885160 140
1885170 140
1885180 140
1885190 140
1885200 140
1885210 140
1885220 140
1885230 140
1885240 140
1885250 140
1885260 140
1885270 140
1885280 140
1885290 140
1885300 140
1885310 140
1885320 140
1885330 140
1885340 141
1885350 141
1885360 141
1885370 141
1885380 141
1885390 141
1885400 141
1885410 141
1885420 141
1885430 141
1885440 141
1885450 141
1885460 141
1885470 141
1885480 141
1885490 141
1885500 141
1885510 141
1885520 141
1885530 141
1885540 141
1885550 141
1885560 141
1885570 141
1885580 141
1885590 141
1885600 141
1885610 141
1885620 141
1885630 141
1885640 140
1885650 140
1885660 140
1885670 140
1885680 143
1885690 143
1885700 144
1885710 142
1885720 142
1885730 141
1885740 140
1885750 140
1885760 139
1885770 139
1885780 139
1885790 140
1885800 140
1885810 140
1885820 141
1885830 142
1885840 142
1885850 143
1885860 144
1885870 144
1885880 144
1885890 144
1885900 144
1885910 143
1885920 141
1885930 141
1885940 140
1885950 140
1885960 140
1885970 140
1885980 140
1885990 140
1886000 140
1886010 140
1886020 140
1886030 140
1886040 140
1886050 140
1886060 140
1886070 140
1886080 140
1886090 140
1886100 140
1886110 140
1886120 140
1886130 140
1886140 140
1886150 140
1886160 140
1886170 140
1886180 140
1886190 140
1886200 140
1886210 140
1886220 140
1886230 140
1886240 140
1886250 140
1886260 140
1886270 140
1886280 140
1886290 140
1886300 140
1886310 140
1886320 140
1886330 140
1886340 140
1886350 140
1886360 140
1886370 141
1886380 141
1886390 141
1886400 141
1886410 141
1886420 141
1886430 141
1886440 141
1886450 141
1886460 141
1886470 141
1886480 141
1886490 141
1886500 141
1886510 141
1886520 141
1886530 141
1886540 141
1886550 141
1886560 141
1886570 141
1886580 141
1886590 141
1886600 141
1886610 141
1886620 141
1886630 141
1886640 141
1886650 141
1886660 141
1886670 141
1886680 141
1886690 141
1886700 141
1886710 141
1886720 141
1886730 141
1886740 141
1886750 141
1886760 141
1886770 141
1886780 141
1886790 140
1886800 140
1886810 140
1886820 140
1886830 140
1886840 140
1886850 140
1886860 140
1886870 140
1886880 140
1886890 140
1886900 140
1886910 140
1886920 140
1886930 140
1886940 140
1886950 140
1886960 140
1886970 140
1886980 140
1886990 140
1887000 140
1887010 140
1887020 140
1887030 140
1887040 140
1887050 140
1887060 140
1887070 140
1887080 140
1887090 140
1887100 140
1887110 140
1887120 140
1887130 140
1887140 140
1887150 140
1887160 140
1887170 140
1887180 140
1887190 140
1887200 140
1887210 140
1887220 140
1887230 140
1887240 140
1887250 140
1887260 140
1887270 140
1887280 140
1887290 140
1887300 140
1887310 140
1887320 140
1887330 140
1887340 140
1887350 140
1887360 140
1887370 140
1887380 140
1887390 140
1887400 140
1887410 140
1887420 140
1887430 140
1887440 140
1887450 140
1887460 140
1887470 140
1887480 140
1887490 140
1887500 139
1887510 139
1887520 139
1887530 139
1887540 140
1887550 140
1887560 140
1887570 140
1887580 140
1887590 140
1887600 140
1887610 140
1887620 140
1887630 140
1887640 140
1887650 140
1887660 140
1887670 140
1887680 140
1887690 140
1887700 139
1887710 139
1887720 139
1887730 138
1887740 138
1887750 138
1887760 138
1887770 138
1887780 138
1887790 138
1887800 138
1887810 138
1887820 139
1887830 139
1887840 138
1887850 138
1887860 138
1887870 138
1887880 138
1887890 138
1887900 138
1887910 138
1887920 138
1887930 138
1887940 138
1887950 138
1887960 138
1887970 138
1887980 138
1887990 138
1888000 138
1888010 138
1888020 138
1888030 138
1888040 138
1888050 138
1888060 138
1888070 138
1888080 138
1888090 138
1888100 138
1888110 138
1888120 138
1888130 138
1888140 138
1888150 138
1888160 138
1888170 138
1888180 138
1888190 138
1888200 138
1888210 138
1888220 138
1888230 138
1888240 138
1888250 138
1888260 139
1888270 139
1888280 139
1888290 139
1888300 139
1888310 139
1888320 140
1888330 140
1888340 140
1888350 140
1888360 140
1888370 140
1888380 140
1888390 140
1888400 140
1888410 140
1888420 140
1888430 140
1888440 140
1888450 140
1888460 140
1888470 140
1888480 140
1888490 140
1888500 140
1888510 140
1888520 140
1888530 140
1888540 140
1888550 140
1888560 140
1888570 140
1888580 140
1888590 140
1888600 140
1888610 140
1888620 140
1888630 140
1888640 140
1888650 140
1888660 140
1888670 140
1888680 140
1888690 140
1888700 140
1888710 140
1888720 140
1888730 140
1888740 140
1888750 140
1888760 140
1888770 140
1888780 140
1888790 140
1888800 140
1888810 140
1888820 140
1888830 140
1888840 140
1888850 140
1888860 140
1888870 140
1888880 140
1888890 140
1888900 140
1888910 140
1888920 140
1888930 140
1888940 140
1888950 140
1888960 140
1888970 140
1888980 140
1888990 140
1889000 140
1889010 140
1889020 140
1889030 140
1889040 140
1889050 140
1889060 140
1889070 140
1889080 139
1889090 139
1889100 139
1889110 139
1889120 139
1889130 139
1889140 139
1889150 139
1889160 139
1889170 139
1889180 139
1889190 140
1889200 140
1889210 139
1889220 139
1889230 140
1889240 140
1889250 140
1889260 140
1889270 140
1889280 140
1889290 140
1889300 140
1889310 140
1889320 140
1889330 140
1889340 140
1889350 140
1889360 140
1889370 140
1889380 140
1889390 140
1889400 140
1889410 140
1889420 140
1889430 140
1889440 140
1889450 140
1889460 140
1889470 140
1889480 140
1889490 140
1889500 140
1889510 140
1889520 140
1889530 139
1889540 139
1889550 139
1889560 138
1889570 138
1889580 138
1889590 138
1889600 138
1889610 138
1889620 138
1889630 138
1889640 139
1889650 138
1889660 138
1889670 136
1889680 136
1889690 136
1889700 135
1889710 135
1889720 135
1889730 135
1889740 135
1889750 135
1889760 135
1889770 135
1889780 135
1889790 136
1889800 139
1889810 139
1889820 139
1889830 137
1889840 137
1889850 136
1889860 136
1889870 136
1889880 137
