1880000 142
1880010 142
1880020 141
1880030 141
1880040 141
1880050 141
1880060 141
1880070 141
1880080 141
1880090 141
1880100 141
1880110 141
1880120 141
1880130 141
1880140 141
1880150 141
1880160 141
1880170 141
1880180 141
1880190 141
1880200 141
1880210 141
1880220 141
1880230 141
1880240 141
1880250 141
1880260 141
1880270 141
1880280 141
1880290 141
1880300 141
1880310 141
1880320 141
1880330 141
1880340 141
1880350 141
1880360 141
1880370 141
1880380 141
1880390 141
1880400 141
1880410 141
1880420 141
1880430 141
1880440 141
1880450 141
1880460 141
1880470 141
1880480 141
1880490 141
1880500 141
1880510 141
1880520 141
1880530 141
1880540 141
1880550 142
1880560 141
1880570 141
1880580 141
1880590 142
1880600 142
1880610 142
1880620 142
1880630 142
1880640 142
1880650 142
1880660 142
1880670 142
1880680 142
1880690 142
1880700 142
1880710 142
1880720 142
1880730 142
1880740 142
1880750 142
1880760 142
1880770 142
1880780 142
1880790 141
1880800 141
1880810 141
1880820 142
1880830 142
1880840 142
1880850 143
1880860 145
1880870 145
1880880 143
1880890 141
1880900 141
1880910 141
1880920 141
1880930 141
1880940 141
1880950 141
1880960 141
1880970 141
1880980 141
1880990 141
1881000 141
1881010 141
1881020 141
1881030 141
1881040 141
1881050 141
1881060 141
1881070 141
1881080 141
1881090 141
1881100 141
1881110 141
1881120 141
1881130 141
1881140 141
1881150 141
1881160 141
1881170 141
1881180 141
1881190 141
1881200 141
1881210 141
1881220 141
1881230 141
1881240 141
1881250 141
1881260 141
1881270 141
1881280 141
1881290 141
1881300 142
1881310 143
1881320 143
1881330 142
1881340 143
1881350 143
1881360 144
1881370 144
1881380 144
1881390 143
1881400 142
1881410 142
1881420 141
1881430 140
1881440 140
1881450 140
1881460 141
1881470 141
1881480 141
1881490 142
1881500 142
1881510 143
1881520 143
1881530 143
1881540 144
1881550 144
1881560 144
1881570 144
1881580 144
1881590 144
1881600 144
1881610 144
1881620 144
1881630 143
1881640 143
1881650 143
1881660 144
1881670 144
1881680 144
1881690 144
1881700 144
1881710 144
1881720 144
1881730 144
1881740 144
1881750 144
1881760 144
1881770 144
1881780 144
1881790 144
1881800 144
1881810 144
1881820 144
1881830 144
1881840 144
1881850 144
1881860 144
1881870 144
1881880 144
1881890 144
1881900 144
1881910 144
1881920 144
1881930 144
1881940 144
1881950 144
1881960 144
1881970 144
1881980 141
1881990 141
1882000 141
1882010 141
1882020 140
1882030 140
1882040 140
1882050 140
1882060 140
1882070 140
1882080 141
1882090 142
1882100 142
1882110 143
1882120 144
1882130 144
1882140 144
1882150 143
1882160 143
1882170 142
1882180 141
1882190 141
1882200 141
1882210 141
1882220 141
1882230 140
1882240 140
1882250 140
1882260 140
1882270 140
1882280 140
1882290 140
1882300 140
1882310 141
1882320 141
1882330 141
1882340 141
1882350 141
1882360 140
1882370 140
1882380 140
1882390 140
1882400 140
1882410 140
1882420 140
1882430 140
1882440 140
1882450 140
1882460 140
1882470 140
1882480 141
1882490 141
1882500 141
1882510 141
1882520 141
1882530 141
1882540 141
1882550 141
1882560 141
1882570 141
1882580 141
1882590 141
1882600 141
1882610 141
1882620 141
1882630 141
1882640 141
1882650 141
1882660 141
1882670 141
1882680 141
1882690 141
1882700 141
1882710 141
1882720 141
1882730 141
1882740 141
1882750 141
1882760 141
1882770 141
1882780 141
1882790 141
1882800 141
1882810 141
1882820 141
1882830 141
1882840 141
1882850 141
1882860 141
1882870 141
1882880 141
1882890 141
1882900 141
1882910 141
1882920 141
1882930 141
1882940 141
1882950 141
1882960 141
1882970 141
1882980 141
1882990 141
1883000 141
1883010 141
1883020 141
1883030 141
1883040 141
1883050 141
1883060 141
1883070 141
1883080 141
1883090 141
1883100 141
1883110 141
1883120 141
1883130 141
1883140 141
1883150 141
1883160 141
1883170 141
1883180 141
1883190 141
1883200 141
1883210 141
1883220 141
1883230 141
1883240 141
1883250 141
1883260 141
1883270 141
1883280 141
1883290 141
1883300 141
1883310 141
1883320 141
1883330 141
1883340 141
1883350 141
1883360 141
1883370 142
1883380 143
1883390 143
1883400 144
1883410 144
1883420 144
1883430 143
1883440 142
1883450 142
1883460 141
1883470 140
1883480 140
1883490 140
1883500 140
1883510 140
1883520 141
1883530 142
1883540 142
1883550 143
1883560 144
1883570 144
1883580 144
1883590 144
1883600 144
1883610 143
1883620 144
1883630 144
1883640 144
1883650 144
1883660 144
1883670 144
1883680 144
1883690 144
1883700 143
1883710 143
1883720 143
1883730 142
1883740 142
1883750 142
1883760 141
1883770 141
1883780 141
1883790 141
1883800 141
1883810 141
1883820 141
1883830 140
1883840 140
1883850 140
1883860 140
1883870 140
1883880 140
1883890 140
1883900 140
1883910 141
1883920 141
1883930 143
1883940 143
1883950 144
1883960 144
1883970 144
1883980 144
1883990 144
1884000 144
1884010 144
1884020 144
1884030 144
1884040 144
1884050 144
1884060 144
1884070 144
1884080 144
1884090 143
1884100 143
1884110 143
1884120 142
1884130 142
1884140 142
1884150 141
1884160 141
1884170 141
1884180 140
1884190 140
1884200 140
1884210 140
1884220 140
1884230 140
1884240 140
1884250 141
1884260 143
1884270 144
1884280 144
1884290 144
1884300 143
1884310 143
1884320 143
1884330 142
1884340 141
1884350 141
1884360 140
1884370 140
1884380 140
1884390 140
1884400 140
1884410 140
1884420 140
1884430 140
1884440 140
1884450 141
1884460 141
1884470 141
1884480 140
1884490 140
1884500 140
1884510 140
1884520 141
1884530 141
1884540 141
1884550 141
1884560 141
1884570 141
1884580 141
1884590 141
1884600 141
1884610 141
1884620 141
1884630 141
1884640 141
1884650 141
1884660 141
1884670 140
1884680 140
1884690 140
1884700 140
1884710 140
1884720 140
1884730 140
1884740 140
1884750 140
1884760 140
1884770 140
1884780 140
1884790 140
1884800 140
1884810 140
1884820 140
1884830 140
1884840 140
1884850 140
1884860 140
1884870 140
1884880 140
1884890 140
1884900 140
1884910 140
1884920 140
1884930 140
1884940 140
1884950 140
1884960 140
1884970 140
1884980 140
1884990 140
1885000 140
1885010 140
1885020 140
1885030 140
1885040 140
1885050 141
1885060 141
1885070 141
1885080 141
1885090 140
1885100 140
1885110 140
1885120 140
1885130 140
1885140 141
1885150 140
1885160 140
1885170 140
1885180 140
1885190 140
1885200 140
1885210 140
1885220 140
1885230 140
1885240 140
1885250 140
1885260 140
1885270 140
1885280 140
1885290 140
1885300 140
1885310 140
1885320 140
1885330 140
1885340 140
1885350 140
1885360 140
1885370 140
1885380 140
1885390 140
1885400 140
1885410 140
1885420 140
1885430 140
1885440 140
1885450 140
1885460 140
1885470 140
1885480 140
1885490 140
1885500 140
1885510 140
1885520 140
1885530 140
1885540 140
1885550 140
1885560 140
1885570 140
1885580 140
1885590 140
1885600 140
1885610 140
1885620 140
1885630 140
1885640 140
1885650 140
1885660 140
1885670 140
1885680 140
1885690 140
1885700 140
1885710 140
1885720 140
1885730 140
1885740 140
1885750 140
1885760 140
1885770 140
1885780 140
1885790 140
1885800 140
1885810 141
1885820 141
1885830 141
1885840 141
1885850 141
1885860 141
1885870 141
1885880 141
1885890 141
1885900 141
1885910 141
1885920 141
1885930 141
1885940 141
1885950 141
1885960 141
1885970 141
1885980 141
1885990 141
1886000 141
1886010 141
1886020 141
1886030 141
1886040 141
1886050 141
1886060 141
1886070 141
1886080 141
1886090 141
1886100 141
1886110 141
1886120 141
1886130 141
1886140 141
1886150 141
1886160 140
1886170 140
1886180 140
1886190 140
1886200 140
1886210 140
1886220 140
1886230 140
1886240 140
1886250 140
1886260 140
1886270 140
1886280 140
1886290 140
1886300 140
1886310 140
1886320 140
1886330 140
1886340 140
1886350 140
1886360 140
1886370 140
1886380 140
1886390 140
1886400 140
1886410 140
1886420 140
1886430 140
1886440 140
1886450 140
1886460 140
1886470 140
1886480 139
1886490 139
1886500 139
1886510 139
1886520 139
1886530 139
1886540 139
1886550 139
1886560 139
1886570 139
1886580 139
1886590 139
1886600 139
1886610 139
1886620 139
1886630 139
1886640 139
1886650 139
1886660 139
1886670 139
1886680 139
1886690 140
1886700 140
1886710 140
1886720 140
1886730 140
1886740 140
1886750 140
1886760 140
1886770 140
1886780 140
1886790 140
1886800 140
1886810 140
1886820 140
1886830 140
1886840 140
1886850 140
1886860 139
1886870 139
1886880 139
1886890 139
1886900 140
1886910 140
1886920 140
1886930 140
1886940 140
1886950 140
1886960 141
1886970 141
1886980 141
1886990 140
1887000 140
1887010 140
1887020 140
1887030 140
1887040 140
1887050 140
1887060 140
1887070 140
1887080 140
1887090 140
1887100 140
1887110 140
1887120 140
1887130 140
1887140 140
1887150 140
1887160 140
1887170 140
1887180 140
1887190 140
1887200 140
1887210 140
1887220 140
1887230 140
1887240 140
1887250 140
1887260 140
1887270 140
1887280 140
1887290 140
1887300 140
1887310 140
1887320 140
1887330 140
1887340 140
1887350 140
1887360 140
1887370 140
1887380 140
1887390 140
1887400 140
1887410 140
1887420 140
1887430 140
1887440 140
1887450 140
1887460 140
1887470 140
1887480 140
1887490 140
1887500 140
1887510 140
1887520 140
1887530 140
1887540 140
1887550 140
1887560 140
1887570 140
1887580 140
1887590 140
1887600 140
1887610 140
1887620 140
1887630 140
1887640 140
1887650 140
1887660 140
1887670 140
1887680 140
1887690 140
1887700 140
1887710 140
1887720 140
1887730 140
1887740 140
1887750 140
1887760 140
1887770 140
1887780 140
1887790 140
1887800 140
1887810 140
1887820 140
1887830 140
1887840 140
1887850 140
1887860 140
1887870 140
1887880 140
1887890 140
1887900 140
1887910 140
1887920 140
1887930 140
1887940 140
1887950 140
1887960 140
1887970 140
1887980 140
1887990 140
1888000 140
1888010 140
1888020 140
1888030 140
1888040 141
1888050 141
1888060 142
1888070 143
1888080 143
1888090 143
1888100 141
1888110 141
1888120 140
1888130 140
1888140 140
1888150 140
1888160 140
1888170 140
1888180 140
1888190 140
1888200 140
1888210 140
1888220 140
1888230 140
1888240 140
1888250 140
1888260 140
1888270 140
1888280 140
1888290 140
1888300 139
1888310 139
1888320 139
1888330 138
1888340 138
1888350 138
1888360 138
1888370 138
1888380 138
1888390 137
1888400 137
1888410 137
1888420 137
1888430 137
1888440 137
1888450 137
1888460 137
1888470 137
1888480 137
1888490 137
1888500 137
1888510 138
1888520 139
1888530 139
1888540 139
1888550 140
1888560 140
1888570 140
1888580 140
1888590 140
1888600 140
1888610 140
1888620 140
1888630 140
1888640 140
1888650 140
1888660 140
1888670 140
1888680 140
1888690 140
1888700 140
1888710 140
1888720 140
1888730 140
1888740 140
1888750 140
1888760 140
1888770 140
1888780 140
1888790 140
1888800 140
1888810 140
1888820 140
1888830 140
1888840 140
1888850 140
1888860 140
1888870 140
1888880 140
1888890 140
1888900 140
1888910 140
1888920 140
1888930 140
1888940 140
1888950 140
1888960 140
1888970 140
1888980 140
1888990 140
1889000 140
1889010 140
1889020 140
1889030 140
1889040 140
1889050 140
1889060 140
1889070 140
1889080 140
1889090 140
1889100 140
1889110 140
1889120 139
1889130 139
1889140 139
1889150 139
1889160 139
1889170 139
1889180 139
1889190 139
1889200 139
1889210 139
1889220 139
1889230 139
1889240 139
1889250 139
1889260 139
1889270 139
1889280 139
1889290 139
1889300 139
1889310 139
1889320 139
1889330 139
1889340 139
1889350 139
1889360 139
1889370 139
1889380 139
1889390 139
1889400 139
1889410 140
1889420 140
1889430 140
1889440 140
1889450 140
1889460 140
1889470 140
1889480 140
1889490 140
1889500 140
1889510 140
1889520 140
1889530 139
1889540 138
1889550 138
1889560 138
1889570 137
1889580 137
1889590 137
1889600 137
1889610 137
1889620 137
1889630 135
1889640 135
1889650 135
1889660 135
1889670 135
1889680 135
1889690 135
1889700 135
1889710 135
1889720 135
1889730 135
1889740 135
1889750 135
1889760 135
1889770 136
1889780 135
1889790 135
1889800 135
1889810 135
1889820 135
1889830 135
1889840 135
1889850 135
1889860 136
1889870 138
1889880 138
1889890 139
1889900 139
1889910 139
1889920 142
1889930 144
1889940 144
1889950 148
1889960 153
1889970 153
1880000 142
1880010 142
1880020 141
1880030 141
1880040 141
1880050 141
1880060 141
1880070 141
1880080 141
1880090 141
1880100 141
1880110 141
1880120 141
1880130 141
1880140 141
1880150 141
1880160 141
1880170 141
1880180 141
1880190 141
1880200 141
1880210 141
1880220 141
1880230 141
1880240 141
1880250 141
1880260 141
1880270 141
1880280 141
1880290 141
1880300 141
1880310 141
1880320 141
1880330 141
1880340 141
1880350 141
1880360 141
1880370 141
1880380 141
1880390 141
1880400 141
1880410 141
1880420 141
1880430 141
1880440 141
1880450 141
1880460 141
1880470 141
1880480 141
1880490 141
1880500 141
1880510 141
1880520 141
1880530 141
1880540 141
1880550 142
1880560 141
1880570 141
1880580 141
1880590 142
1880600 142
1880610 142
1880620 142
1880630 142
1880640 142
1880650 142
1880660 142
1880670 142
1880680 142
1880690 142
1880700 142
1880710 142
1880720 142
1880730 142
1880740 142
1880750 142
1880760 142
1880770 142
1880780 142
1880790 141
1880800 141
1880810 141
1880820 142
1880830 142
1880840 142
1880850 143
1880860 145
1880870 145
1880880 143
1880890 141
1880900 141
1880910 141
1880920 141
1880930 141
1880940 141
1880950 141
1880960 141
1880970 141
1880980 141
1880990 141
1881000 141
1881010 141
1881020 141
1881030 141
1881040 141
1881050 141
1881060 141
1881070 141
1881080 141
1881090 141
1881100 141
1881110 141
1881120 141
1881130 141
1881140 141
1881150 141
1881160 141
1881170 141
1881180 141
1881190 141
1881200 141
1881210 141
1881220 141
1881230 141
1881240 141
1881250 141
1881260 141
1881270 141
1881280 141
1881290 141
1881300 142
1881310 143
1881320 143
1881330 142
1881340 143
1881350 143
1881360 144
1881370 144
1881380 144
1881390 143
1881400 142
1881410 142
1881420 141
1881430 140
1881440 140
1881450 140
1881460 141
1881470 141
1881480 141
1881490 142
1881500 142
1881510 143
1881520 143
1881530 143
1881540 144
1881550 144
1881560 144
1881570 144
1881580 144
1881590 144
1881600 144
1881610 144
1881620 144
1881630 143
1881640 143
1881650 143
1881660 144
1881670 144
1881680 144
1881690 144
1881700 144
1881710 144
1881720 144
1881730 144
1881740 144
1881750 144
1881760 144
1881770 144
1881780 144
1881790 144
1881800 144
1881810 144
1881820 144
1881830 144
1881840 144
1881850 144
1881860 144
1881870 144
1881880 144
1881890 144
1881900 144
1881910 144
1881920 144
1881930 144
1881940 144
1881950 144
1881960 144
1881970 144
1881980 141
1881990 141
1882000 141
1882010 141
1882020 140
1882030 140
1882040 140
1882050 140
1882060 140
1882070 140
1882080 141
1882090 142
1882100 142
1882110 143
1882120 144
1882130 144
1882140 144
1882150 143
1882160 143
1882170 142
1882180 141
1882190 141
1882200 141
1882210 141
1882220 141
1882230 140
1882240 140
1882250 140
1882260 140
1882270 140
1882280 140
1882290 140
1882300 140
1882310 141
1882320 141
1882330 141
1882340 141
1882350 141
1882360 140
1882370 140
1882380 140
1882390 140
1882400 140
1882410 140
1882420 140
1882430 140
1882440 140
1882450 140
1882460 140
1882470 140
1882480 141
1882490 141
1882500 141
1882510 141
1882520 141
1882530 141
1882540 141
1882550 141
1882560 141
1882570 141
1882580 141
1882590 141
1882600 141
1882610 141
1882620 141
1882630 141
1882640 141
1882650 141
1882660 141
1882670 141
1882680 141
1882690 141
1882700 141
1882710 141
1882720 141
1882730 141
1882740 141
1882750 141
1882760 141
1882770 141
1882780 141
1882790 141
1882800 141
1882810 141
1882820 141
1882830 141
1882840 141
1882850 141
1882860 141
1882870 141
1882880 141
1882890 141
1882900 141
1882910 141
1882920 141
1882930 141
1882940 141
1882950 141
1882960 141
1882970 141
1882980 141
1882990 141
1883000 141
1883010 141
1883020 141
1883030 141
1883040 141
1883050 141
1883060 141
1883070 141
1883080 141
1883090 141
1883100 141
1883110 141
1883120 141
1883130 141
1883140 141
1883150 141
1883160 141
1883170 141
1883180 141
1883190 141
1883200 141
1883210 141
1883220 141
1883230 141
1883240 141
1883250 141
1883260 141
1883270 141
1883280 141
1883290 141
1883300 141
1883310 141
1883320 141
1883330 141
1883340 141
1883350 141
1883360 141
1883370 142
1883380 143
1883390 143
1883400 144
1883410 144
1883420 144
1883430 143
1883440 142
1883450 142
1883460 141
1883470 140
1883480 140
1883490 140
1883500 140
1883510 140
1883520 141
1883530 142
1883540 142
1883550 143
1883560 144
1883570 144
1883580 144
1883590 144
1883600 144
1883610 143
1883620 144
1883630 144
1883640 144
1883650 144
1883660 144
1883670 144
1883680 144
1883690 144
1883700 143
1883710 143
1883720 143
1883730 142
1883740 142
1883750 142
1883760 141
1883770 141
1883780 141
1883790 141
1883800 141
1883810 141
1883820 141
1883830 140
1883840 140
1883850 140
1883860 140
1883870 140
1883880 140
1883890 140
1883900 140
1883910 141
1883920 141
1883930 143
1883940 143
1883950 144
1883960 144
1883970 144
1883980 144
1883990 144
1884000 144
1884010 144
1884020 144
1884030 144
1884040 144
1884050 144
1884060 144
1884070 144
1884080 144
1884090 143
1884100 143
1884110 143
1884120 142
1884130 142
1884140 142
1884150 141
1884160 141
1884170 141
1884180 140
1884190 140
1884200 140
1884210 140
1884220 140
1884230 140
1884240 140
1884250 141
1884260 143
1884270 144
1884280 144
1884290 144
1884300 143
1884310 143
1884320 143
1884330 142
1884340 141
1884350 141
1884360 140
1884370 140
1884380 140
1884390 140
1884400 140
1884410 140
1884420 140
1884430 140
1884440 140
1884450 141
1884460 141
1884470 141
1884480 140
1884490 140
1884500 140
1884510 140
1884520 141
1884530 141
1884540 141
1884550 141
1884560 141
1884570 141
1884580 141
1884590 141
1884600 141
1884610 141
1884620 141
1884630 141
1884640 141
1884650 141
1884660 141
1884670 140
1884680 140
1884690 140
1884700 140
1884710 140
1884720 140
1884730 140
1884740 140
1884750 140
1884760 140
1884770 140
1884780 140
1884790 140
1884800 140
1884810 140
1884820 140
1884830 140
1884840 140
1884850 140
1884860 140
1884870 140
1884880 140
1884890 140
1884900 140
1884910 140
1884920 140
1884930 140
1884940 140
1884950 140
1884960 140
1884970 140
1884980 140
1884990 140
1885000 140
1885010 140
1885020 140
1885030 140
1885040 140
1885050 141
1885060 141
1885070 141
1885080 141
1885090 140
1885100 140
1885110 140
1885120 140
1885130 140
1885140 141
1885150 140
1885160 140
1885170 140
1885180 140
1885190 140
1885200 140
1885210 140
1885220 140
1885230 140
1885240 140
1885250 140
1885260 140
1885270 140
1885280 140
1885290 140
1885300 140
1885310 140
1885320 140
1885330 140
1885340 140
1885350 140
1885360 140
1885370 140
1885380 140
1885390 140
1885400 140
1885410 140
1885420 140
1885430 140
1885440 140
1885450 140
1885460 140
1885470 140
1885480 140
1885490 140
1885500 140
1885510 140
1885520 140
1885530 140
1885540 140
1885550 140
1885560 140
1885570 140
1885580 140
1885590 140
1885600 140
1885610 140
1885620 140
1885630 140
1885640 140
1885650 140
1885660 140
1885670 140
1885680 140
1885690 140
1885700 140
1885710 140
1885720 140
1885730 140
1885740 140
1885750 140
1885760 140
1885770 140
1885780 140
1885790 140
1885800 140
1885810 141
1885820 141
1885830 141
1885840 141
1885850 141
1885860 141
1885870 141
1885880 141
1885890 141
1885900 141
1885910 141
1885920 141
1885930 141
1885940 141
1885950 141
1885960 141
1885970 141
1885980 141
1885990 141
1886000 141
1886010 141
1886020 141
1886030 141
1886040 141
1886050 141
1886060 141
1886070 141
1886080 141
1886090 141
1886100 141
1886110 141
1886120 141
1886130 141
1886140 141
1886150 141
1886160 140
1886170 140
1886180 140
1886190 140
1886200 140
1886210 140
1886220 140
1886230 140
1886240 140
1886250 140
1886260 140
1886270 140
1886280 140
1886290 140
1886300 140
1886310 140
1886320 140
1886330 140
1886340 140
1886350 140
1886360 140
1886370 140
1886380 140
1886390 140
1886400 140
1886410 140
1886420 140
1886430 140
1886440 140
1886450 140
1886460 140
1886470 140
1886480 139
1886490 139
1886500 139
1886510 139
1886520 139
1886530 139
1886540 139
1886550 139
1886560 139
1886570 139
1886580 139
1886590 139
1886600 139
1886610 139
1886620 139
1886630 139
1886640 139
1886650 139
1886660 139
1886670 139
1886680 139
1886690 140
1886700 140
1886710 140
1886720 140
1886730 140
1886740 140
1886750 140
1886760 140
1886770 140
1886780 140
1886790 140
1886800 140
1886810 140
1886820 140
1886830 140
1886840 140
1886850 140
1886860 139
1886870 139
1886880 139
1886890 139
1886900 140
1886910 140
1886920 140
1886930 140
1886940 140
1886950 140
1886960 141
1886970 141
1886980 141
1886990 140
1887000 140
1887010 140
1887020 140
1887030 140
1887040 140
1887050 140
1887060 140
1887070 140
1887080 140
1887090 140
1887100 140
1887110 140
1887120 140
1887130 140
1887140 140
1887150 140
1887160 140
1887170 140
1887180 140
1887190 140
1887200 140
1887210 140
1887220 140
1887230 140
1887240 140
1887250 140
1887260 140
1887270 140
1887280 140
1887290 140
1887300 140
1887310 140
1887320 140
1887330 140
1887340 140
1887350 140
1887360 140
1887370 140
1887380 140
1887390 140
1887400 140
1887410 140
1887420 140
1887430 140
1887440 140
1887450 140
1887460 140
1887470 140
1887480 140
1887490 140
1887500 140
1887510 140
1887520 140
1887530 140
1887540 140
1887550 140
1887560 140
1887570 140
1887580 140
1887590 140
1887600 140
1887610 140
1887620 140
1887630 140
1887640 140
1887650 140
1887660 140
1887670 140
1887680 140
1887690 140
1887700 140
1887710 140
1887720 140
1887730 140
1887740 140
1887750 140
1887760 140
1887770 140
1887780 140
1887790 140
1887800 140
1887810 140
1887820 140
1887830 140
1887840 140
1887850 140
1887860 140
1887870 140
1887880 140
1887890 140
1887900 140
1887910 140
1887920 140
1887930 140
1887940 140
1887950 140
1887960 140
1887970 140
1887980 140
1887990 140
1888000 140
1888010 140
1888020 140
1888030 140
1888040 141
1888050 141
1888060 142
1888070 143
1888080 143
1888090 143
1888100 141
1888110 141
1888120 140
1888130 140
1888140 140
1888150 140
1888160 140
1888170 140
1888180 140
1888190 140
1888200 140
1888210 140
1888220 140
1888230 140
1888240 140
1888250 140
1888260 140
1888270 140
1888280 140
1888290 140
1888300 139
1888310 139
1888320 139
1888330 138
1888340 138
1888350 138
1888360 138
1888370 138
1888380 138
1888390 137
1888400 137
1888410 137
1888420 137
1888430 137
1888440 137
1888450 137
1888460 137
1888470 137
1888480 137
1888490 137
1888500 137
1888510 138
1888520 139
1888530 139
1888540 139
1888550 140
1888560 140
1888570 140
1888580 140
1888590 140
1888600 140
1888610 140
1888620 140
1888630 140
1888640 140
1888650 140
1888660 140
1888670 140
1888680 140
1888690 140
1888700 140
1888710 140
1888720 140
1888730 140
1888740 140
1888750 140
1888760 140
1888770 140
1888780 140
1888790 140
1888800 140
1888810 140
1888820 140
1888830 140
1888840 140
1888850 140
1888860 140
1888870 140
1888880 140
1888890 140
1888900 140
1888910 140
1888920 140
1888930 140
1888940 140
1888950 140
1888960 140
1888970 140
1888980 140
1888990 140
1889000 140
1889010 140
1889020 140
1889030 140
1889040 140
1889050 140
1889060 140
1889070 140
1889080 140
1889090 140
1889100 140
1889110 140
1889120 139
1889130 139
1889140 139
1889150 139
1889160 139
1889170 139
1889180 139
1889190 139
1889200 139
1889210 139
1889220 139
1889230 139
1889240 139
1889250 139
1889260 139
1889270 139
1889280 139
1889290 139
1889300 139
1889310 139
1889320 139
1889330 139
1889340 139
1889350 139
1889360 139
1889370 139
1889380 139
1889390 139
1889400 139
1889410 140
1889420 140
1889430 140
1889440 140
1889450 140
1889460 140
1889470 140
1889480 140
1889490 140
1889500 140
1889510 140
1889520 140
1889530 139
1889540 138
1889550 138
1889560 138
1889570 137
1889580 137
1889590 137
1889600 137
1889610 137
1889620 137
1889630 135
1889640 135
1889650 135
1889660 135
1889670 135
1889680 135
1889690 135
1889700 135
1889710 135
1889720 135
1889730 135
1889740 135
1889750 135
1889760 135
1889770 136
1889780 135
1889790 135
1889800 135
1889810 135
1889820 135
1889830 135
1889840 135
1889850 135
1889860 136
1889870 138
1889880 138
1889890 139
1889900 139
1889910 139
1889920 142
1889930 144
1889940 144
1889950 148
1889960 153
1889970 153
