1880000 142
1880010 142
1880020 141
1880030 141
1880040 141
1880050 141
1880060 141
1880070 141
1880080 141
1880090 141
1880100 141
1880110 141
1880120 141
1880130 141
1880140 141
1880150 141
1880160 141
1880170 141
1880180 141
1880190 141
1880200 141
1880210 141
1880220 142
1880230 142
1880240 142
1880250 142
1880260 142
1880270 142
1880280 142
1880290 142
1880300 142
1880310 142
1880320 142
1880330 142
1880340 142
1880350 142
1880360 142
1880370 142
1880380 142
1880390 142
1880400 142
1880410 142
1880420 142
1880430 142
1880440 142
1880450 142
1880460 142
1880470 142
1880480 142
1880490 142
1880500 142
1880510 142
1880520 142
1880530 142
1880540 142
1880550 142
1880560 142
1880570 142
1880580 142
1880590 142
1880600 142
1880610 142
1880620 142
1880630 142
1880640 142
1880650 142
1880660 142
1880670 142
1880680 142
1880690 142
1880700 142
1880710 142
1880720 142
1880730 142
1880740 142
1880750 142
1880760 142
1880770 142
1880780 142
1880790 142
1880800 142
1880810 142
1880820 142
1880830 142
1880840 142
1880850 142
1880860 142
1880870 142
1880880 142
1880890 142
1880900 142
1880910 142
1880920 142
1880930 142
1880940 142
1880950 142
1880960 142
1880970 143
1880980 143
1880990 143
1881000 142
1881010 142
1881020 142
1881030 142
1881040 142
1881050 142
1881060 142
1881070 142
1881080 142
1881090 142
1881100 141
1881110 141
1881120 141
1881130 141
1881140 141
1881150 141
1881160 141
1881170 141
1881180 141
1881190 141
1881200 141
1881210 141
1881220 141
1881230 141
1881240 142
1881250 142
1881260 142
1881270 142
1881280 142
1881290 142
1881300 142
1881310 142
1881320 142
1881330 142
1881340 142
1881350 142
1881360 142
1881370 142
1881380 142
1881390 142
1881400 142
1881410 142
1881420 141
1881430 141
1881440 141
1881450 141
1881460 141
1881470 141
1881480 141
1881490 141
1881500 141
1881510 141
1881520 141
1881530 141
1881540 141
1881550 142
1881560 142
1881570 142
1881580 142
1881590 142
1881600 142
1881610 142
1881620 142
1881630 142
1881640 141
1881650 141
1881660 141
1881670 141
1881680 141
1881690 141
1881700 141
1881710 141
1881720 141
1881730 141
1881740 141
1881750 141
1881760 141
1881770 141
1881780 141
1881790 141
1881800 141
1881810 141
1881820 142
1881830 142
1881840 142
1881850 142
1881860 142
1881870 142
1881880 142
1881890 142
1881900 142
1881910 142
1881920 142
1881930 142
1881940 142
1881950 142
1881960 142
1881970 142
1881980 142
1881990 142
1882000 142
1882010 142
1882020 142
1882030 142
1882040 142
1882050 142
1882060 142
1882070 142
1882080 142
1882090 142
1882100 142
1882110 142
1882120 141
1882130 141
1882140 142
1882150 142
1882160 142
1882170 141
1882180 141
1882190 141
1882200 141
1882210 141
1882220 141
1882230 141
1882240 141
1882250 141
1882260 141
1882270 141
1882280 141
1882290 141
1882300 141
1882310 141
1882320 141
1882330 141
1882340 141
1882350 141
1882360 141
1882370 141
1882380 141
1882390 141
1882400 141
1882410 141
1882420 141
1882430 141
1882440 141
1882450 141
1882460 141
1882470 141
1882480 141
1882490 141
1882500 141
1882510 141
1882520 141
1882530 141
1882540 141
1882550 141
1882560 141
1882570 141
1882580 141
1882590 141
1882600 141
1882610 141
1882620 141
1882630 141
1882640 141
1882650 141
1882660 141
1882670 141
1882680 141
1882690 141
1882700 141
1882710 141
1882720 141
1882730 141
1882740 141
1882750 141
1882760 141
1882770 141
1882780 141
1882790 141
1882800 141
1882810 141
1882820 141
1882830 141
1882840 141
1882850 141
1882860 141
1882870 141
1882880 141
1882890 141
1882900 141
1882910 141
1882920 141
1882930 141
1882940 141
1882950 141
1882960 141
1882970 141
1882980 141
1882990 141
1883000 141
1883010 141
1883020 141
1883030 141
1883040 141
1883050 141
1883060 141
1883070 141
1883080 141
1883090 141
1883100 141
1883110 141
1883120 141
1883130 141
1883140 141
1883150 141
1883160 141
1883170 141
1883180 141
1883190 141
1883200 142
1883210 142
1883220 142
1883230 141
1883240 141
1883250 141
1883260 141
1883270 141
1883280 141
1883290 141
1883300 141
1883310 142
1883320 141
1883330 141
1883340 141
1883350 141
1883360 141
1883370 141
1883380 141
1883390 141
1883400 141
1883410 141
1883420 141
1883430 141
1883440 141
1883450 141
1883460 141
1883470 141
1883480 141
1883490 141
1883500 141
1883510 141
1883520 141
1883530 141
1883540 141
1883550 141
1883560 141
1883570 141
1883580 141
1883590 141
1883600 141
1883610 141
1883620 141
1883630 141
1883640 141
1883650 140
1883660 140
1883670 141
1883680 141
1883690 141
1883700 141
1883710 140
1883720 140
1883730 141
1883740 140
1883750 140
1883760 140
1883770 140
1883780 140
1883790 140
1883800 140
1883810 140
1883820 140
1883830 140
1883840 140
1883850 140
1883860 140
1883870 140
1883880 140
1883890 140
1883900 140
1883910 140
1883920 140
1883930 140
1883940 140
1883950 140
1883960 140
1883970 140
1883980 140
1883990 140
1884000 140
1884010 140
1884020 140
1884030 140
1884040 140
1884050 140
1884060 140
1884070 140
1884080 140
1884090 140
1884100 140
1884110 140
1884120 140
1884130 140
1884140 140
1884150 140
1884160 140
1884170 140
1884180 140
1884190 140
1884200 140
1884210 140
1884220 141
1884230 141
1884240 141
1884250 141
1884260 141
1884270 140
1884280 140
1884290 140
1884300 140
1884310 140
1884320 140
1884330 140
1884340 140
1884350 140
1884360 140
1884370 140
1884380 140
1884390 140
1884400 140
1884410 140
1884420 140
1884430 141
1884440 141
1884450 141
1884460 140
1884470 140
1884480 140
1884490 141
1884500 141
1884510 141
1884520 141
1884530 141
1884540 141
1884550 141
1884560 141
1884570 141
1884580 141
1884590 141
1884600 141
1884610 141
1884620 141
1884630 141
1884640 141
1884650 141
1884660 141
1884670 141
1884680 141
1884690 141
1884700 141
1884710 141
1884720 141
1884730 141
1884740 141
1884750 140
1884760 140
1884770 140
1884780 140
1884790 140
1884800 140
1884810 140
1884820 140
1884830 140
1884840 140
1884850 140
1884860 140
1884870 140
1884880 140
1884890 140
1884900 140
1884910 140
1884920 140
1884930 140
1884940 140
1884950 140
1884960 140
1884970 140
1884980 140
1884990 140
1885000 140
1885010 140
1885020 140
1885030 140
1885040 140
1885050 140
1885060 140
1885070 140
1885080 140
1885090 140
1885100 140
1885110 140
1885120 140
1885130 140
1885140 140
1885150 141
1885160 141
1885170 141
1885180 141
1885190 141
1885200 141
1885210 141
1885220 141
1885230 141
1885240 141
1885250 141
1885260 141
1885270 141
1885280 141
1885290 141
1885300 141
1885310 141
1885320 141
1885330 141
1885340 141
1885350 141
1885360 141
1885370 141
1885380 141
1885390 141
1885400 141
1885410 141
1885420 141
1885430 141
1885440 141
1885450 141
1885460 141
1885470 140
1885480 140
1885490 140
1885500 140
1885510 140
1885520 140
1885530 140
1885540 140
1885550 140
1885560 140
1885570 139
1885580 139
1885590 139
1885600 140
1885610 140
1885620 140
1885630 140
1885640 140
1885650 140
1885660 140
1885670 140
1885680 140
1885690 140
1885700 140
1885710 140
1885720 140
1885730 140
1885740 140
1885750 140
1885760 140
1885770 140
1885780 140
1885790 140
1885800 140
1885810 140
1885820 140
1885830 140
1885840 140
1885850 140
1885860 140
1885870 140
1885880 140
1885890 140
1885900 140
1885910 140
1885920 140
1885930 140
1885940 140
1885950 140
1885960 140
1885970 140
1885980 140
1885990 140
1886000 140
1886010 140
1886020 140
1886030 140
1886040 140
1886050 140
1886060 140
1886070 139
1886080 139
1886090 139
1886100 139
1886110 139
1886120 139
1886130 139
1886140 139
1886150 139
1886160 139
1886170 139
1886180 139
1886190 139
1886200 139
1886210 139
1886220 139
1886230 139
1886240 139
1886250 139
1886260 139
1886270 139
1886280 139
1886290 139
1886300 139
1886310 139
1886320 139
1886330 139
1886340 139
1886350 139
1886360 139
1886370 139
1886380 139
1886390 139
1886400 139
1886410 139
1886420 139
1886430 139
1886440 139
1886450 139
1886460 140
1886470 140
1886480 140
1886490 140
1886500 140
1886510 140
1886520 140
1886530 140
1886540 140
1886550 140
1886560 140
1886570 140
1886580 140
1886590 140
1886600 140
1886610 140
1886620 140
1886630 140
1886640 140
1886650 139
1886660 139
1886670 139
1886680 139
1886690 139
1886700 139
1886710 140
1886720 140
1886730 140
1886740 140
1886750 140
1886760 140
1886770 140
1886780 140
1886790 140
1886800 140
1886810 140
1886820 140
1886830 140
1886840 140
1886850 140
1886860 140
1886870 140
1886880 140
1886890 140
1886900 140
1886910 140
1886920 140
1886930 140
1886940 140
1886950 140
1886960 140
1886970 140
1886980 140
1886990 140
1887000 140
1887010 140
1887020 140
1887030 140
1887040 140
1887050 140
1887060 140
1887070 140
1887080 140
1887090 140
1887100 140
1887110 140
1887120 140
1887130 140
1887140 140
1887150 140
1887160 140
1887170 140
1887180 140
1887190 140
1887200 140
1887210 140
1887220 140
1887230 140
1887240 140
1887250 140
1887260 140
1887270 140
1887280 140
1887290 140
1887300 140
1887310 140
1887320 140
1887330 140
1887340 140
1887350 140
1887360 140
1887370 140
1887380 140
1887390 140
1887400 140
1887410 140
1887420 140
1887430 140
1887440 140
1887450 140
1887460 140
1887470 140
1887480 140
1887490 140
1887500 140
1887510 140
1887520 140
1887530 140
1887540 140
1887550 141
1887560 141
1887570 141
1887580 140
1887590 140
1887600 139
1887610 139
1887620 139
1887630 139
1887640 139
1887650 139
1887660 139
1887670 138
1887680 138
1887690 138
1887700 138
1887710 138
1887720 138
1887730 138
1887740 138
1887750 138
1887760 138
1887770 138
1887780 138
1887790 138
1887800 138
1887810 138
1887820 138
1887830 138
1887840 138
1887850 138
1887860 138
1887870 138
1887880 138
1887890 139
1887900 139
1887910 141
1887920 141
1887930 141
1887940 141
1887950 142
1887960 142
1887970 142
1887980 142
1887990 142
1888000 142
1888010 142
1888020 142
1888030 142
1888040 142
1888050 142
1888060 142
1888070 142
1888080 142
1888090 142
1888100 142
1888110 142
1888120 141
1888130 141
1888140 141
1888150 141
1888160 141
1888170 141
1888180 140
1888190 140
1888200 140
1888210 140
1888220 139
1888230 139
1888240 139
1888250 139
1888260 139
1888270 139
1888280 139
1888290 139
1888300 139
1888310 139
1888320 139
1888330 139
1888340 140
1888350 140
1888360 143
1888370 144
1888380 144
1888390 141
1888400 140
1888410 140
1888420 140
1888430 140
1888440 140
1888450 140
1888460 139
1888470 139
1888480 139
1888490 139
1888500 139
1888510 139
1888520 140
1888530 140
1888540 140
1888550 140
1888560 140
1888570 140
1888580 140
1888590 140
1888600 140
1888610 140
1888620 140
1888630 140
1888640 140
1888650 140
1888660 139
1888670 139
1888680 139
1888690 138
1888700 138
1888710 138
1888720 137
1888730 137
1888740 137
1888750 137
1888760 137
1888770 137
1888780 137
1888790 136
1888800 136
1888810 136
1888820 136
1888830 136
1888840 137
1888850 137
1888860 137
1888870 137
1888880 137
1888890 137
1888900 137
1888910 137
1888920 137
1888930 137
1888940 137
1888950 137
1888960 137
1888970 138
1888980 138
1888990 138
1889000 138
1889010 138
1889020 138
1889030 138
1889040 138
1889050 138
1889060 138
1889070 138
1889080 138
1889090 138
1889100 138
1889110 138
1889120 138
1889130 138
1889140 138
1889150 139
1889160 139
1889170 139
1889180 139
1889190 139
1889200 139
1889210 139
1889220 138
1889230 138
1889240 138
1889250 138
1889260 138
1889270 137
1889280 137
1889290 137
1889300 137
1889310 137
1889320 137
1889330 137
1889340 137
1889350 137
1889360 137
1889370 137
1889380 138
1889390 138
1889400 138
1889410 137
1889420 137
1889430 137
1889440 137
1889450 136
1889460 136
1889470 136
1889480 136
1889490 136
1889500 135
1889510 135
1889520 135
1889530 135
1889540 136
1889550 136
1889560 135
1889570 135
1889580 135
1889590 135
1889600 135
1889610 135
1889620 137
1889630 138
1889640 138
1889650 138
1889660 138
1889670 138
1889680 137
1889690 135
1889700 135
1889710 135
1889720 135
1889730 135
1889740 135
1889750 135
1889760 135
1889770 135
1889780 137
1889790 137
1889800 138
1889810 138
1889820 138
1889830 137
1889840 137
1889850 137
1889860 139
1889870 142
1889880 142
1880000 142
1880010 142
1880020 141
1880030 141
1880040 141
1880050 141
1880060 141
1880070 141
1880080 141
1880090 141
1880100 141
1880110 141
1880120 141
1880130 141
1880140 141
1880150 141
1880160 141
1880170 141
1880180 141
1880190 141
1880200 141
1880210 141
1880220 142
1880230 142
1880240 142
1880250 142
1880260 142
1880270 142
1880280 142
1880290 142
1880300 142
1880310 142
1880320 142
1880330 142
1880340 142
1880350 142
1880360 142
1880370 142
1880380 142
1880390 142
1880400 142
1880410 142
1880420 142
1880430 142
1880440 142
1880450 142
1880460 142
1880470 142
1880480 142
1880490 142
1880500 142
1880510 142
1880520 142
1880530 142
1880540 142
1880550 142
1880560 142
1880570 142
1880580 142
1880590 142
1880600 142
1880610 142
1880620 142
1880630 142
1880640 142
1880650 142
1880660 142
1880670 142
1880680 142
1880690 142
1880700 142
1880710 142
1880720 142
1880730 142
1880740 142
1880750 142
1880760 142
1880770 142
1880780 142
1880790 142
1880800 142
1880810 142
1880820 142
1880830 142
1880840 142
1880850 142
1880860 142
1880870 142
1880880 142
1880890 142
1880900 142
1880910 142
1880920 142
1880930 142
1880940 142
1880950 142
1880960 142
1880970 143
1880980 143
1880990 143
1881000 142
1881010 142
1881020 142
1881030 142
1881040 142
1881050 142
1881060 142
1881070 142
1881080 142
1881090 142
1881100 141
1881110 141
1881120 141
1881130 141
1881140 141
1881150 141
1881160 141
1881170 141
1881180 141
1881190 141
1881200 141
1881210 141
1881220 141
1881230 141
1881240 142
1881250 142
1881260 142
1881270 142
1881280 142
1881290 142
1881300 142
1881310 142
1881320 142
1881330 142
1881340 142
1881350 142
1881360 142
1881370 142
1881380 142
1881390 142
1881400 142
1881410 142
1881420 141
1881430 141
1881440 141
1881450 141
1881460 141
1881470 141
1881480 141
1881490 141
1881500 141
1881510 141
1881520 141
1881530 141
1881540 141
1881550 142
1881560 142
1881570 142
1881580 142
1881590 142
1881600 142
1881610 142
1881620 142
1881630 142
1881640 141
1881650 141
1881660 141
1881670 141
1881680 141
1881690 141
1881700 141
1881710 141
1881720 141
1881730 141
1881740 141
1881750 141
1881760 141
1881770 141
1881780 141
1881790 141
1881800 141
1881810 141
1881820 142
1881830 142
1881840 142
1881850 142
1881860 142
1881870 142
1881880 142
1881890 142
1881900 142
1881910 142
1881920 142
1881930 142
1881940 142
1881950 142
1881960 142
1881970 142
1881980 142
1881990 142
1882000 142
1882010 142
1882020 142
1882030 142
1882040 142
1882050 142
1882060 142
1882070 142
1882080 142
1882090 142
1882100 142
1882110 142
1882120 141
1882130 141
1882140 142
1882150 142
1882160 142
1882170 141
1882180 141
1882190 141
1882200 141
1882210 141
1882220 141
1882230 141
1882240 141
1882250 141
1882260 141
1882270 141
1882280 141
1882290 141
1882300 141
1882310 141
1882320 141
1882330 141
1882340 141
1882350 141
1882360 141
1882370 141
1882380 141
1882390 141
1882400 141
1882410 141
1882420 141
1882430 141
1882440 141
1882450 141
1882460 141
1882470 141
1882480 141
1882490 141
1882500 141
1882510 141
1882520 141
1882530 141
1882540 141
1882550 141
1882560 141
1882570 141
1882580 141
1882590 141
1882600 141
1882610 141
1882620 141
1882630 141
1882640 141
1882650 141
1882660 141
1882670 141
1882680 141
1882690 141
1882700 141
1882710 141
1882720 141
1882730 141
1882740 141
1882750 141
1882760 141
1882770 141
1882780 141
1882790 141
1882800 141
1882810 141
1882820 141
1882830 141
1882840 141
1882850 141
1882860 141
1882870 141
1882880 141
1882890 141
1882900 141
1882910 141
1882920 141
1882930 141
1882940 141
1882950 141
1882960 141
1882970 141
1882980 141
1882990 141
1883000 141
1883010 141
1883020 141
1883030 141
1883040 141
1883050 141
1883060 141
1883070 141
1883080 141
1883090 141
1883100 141
1883110 141
1883120 141
1883130 141
1883140 141
1883150 141
1883160 141
1883170 141
1883180 141
1883190 141
1883200 142
1883210 142
1883220 142
1883230 141
1883240 141
1883250 141
1883260 141
1883270 141
1883280 141
1883290 141
1883300 141
1883310 142
1883320 141
1883330 141
1883340 141
1883350 141
1883360 141
1883370 141
1883380 141
1883390 141
1883400 141
1883410 141
1883420 141
1883430 141
1883440 141
1883450 141
1883460 141
1883470 141
1883480 141
1883490 141
1883500 141
1883510 141
1883520 141
1883530 141
1883540 141
1883550 141
1883560 141
1883570 141
1883580 141
1883590 141
1883600 141
1883610 141
1883620 141
1883630 141
1883640 141
1883650 140
1883660 140
1883670 141
1883680 141
1883690 141
1883700 141
1883710 140
1883720 140
1883730 141
1883740 140
1883750 140
1883760 140
1883770 140
1883780 140
1883790 140
1883800 140
1883810 140
1883820 140
1883830 140
1883840 140
1883850 140
1883860 140
1883870 140
1883880 140
1883890 140
1883900 140
1883910 140
1883920 140
1883930 140
1883940 140
1883950 140
1883960 140
1883970 140
1883980 140
1883990 140
1884000 140
1884010 140
1884020 140
1884030 140
1884040 140
1884050 140
1884060 140
1884070 140
1884080 140
1884090 140
1884100 140
1884110 140
1884120 140
1884130 140
1884140 140
1884150 140
1884160 140
1884170 140
1884180 140
1884190 140
1884200 140
1884210 140
1884220 141
1884230 141
1884240 141
1884250 141
1884260 141
1884270 140
1884280 140
1884290 140
1884300 140
1884310 140
1884320 140
1884330 140
1884340 140
1884350 140
1884360 140
1884370 140
1884380 140
1884390 140
1884400 140
1884410 140
1884420 140
1884430 141
1884440 141
1884450 141
1884460 140
1884470 140
1884480 140
1884490 141
1884500 141
1884510 141
1884520 141
1884530 141
1884540 141
1884550 141
1884560 141
1884570 141
1884580 141
1884590 141
1884600 141
1884610 141
1884620 141
1884630 141
1884640 141
1884650 141
1884660 141
1884670 141
1884680 141
1884690 141
1884700 141
1884710 141
1884720 141
1884730 141
1884740 141
1884750 140
1884760 140
1884770 140
1884780 140
1884790 140
1884800 140
1884810 140
1884820 140
1884830 140
1884840 140
1884850 140
1884860 140
1884870 140
1884880 140
1884890 140
1884900 140
1884910 140
1884920 140
1884930 140
1884940 140
1884950 140
1884960 140
1884970 140
1884980 140
1884990 140
1885000 140
1885010 140
1885020 140
1885030 140
1885040 140
1885050 140
1885060 140
1885070 140
1885080 140
1885090 140
1885100 140
1885110 140
1885120 140
1885130 140
1885140 140
1885150 141
1885160 141
1885170 141
1885180 141
1885190 141
1885200 141
1885210 141
1885220 141
1885230 141
1885240 141
1885250 141
1885260 141
1885270 141
1885280 141
1885290 141
1885300 141
1885310 141
1885320 141
1885330 141
1885340 141
1885350 141
1885360 141
1885370 141
1885380 141
1885390 141
1885400 141
1885410 141
1885420 141
1885430 141
1885440 141
1885450 141
1885460 141
1885470 140
1885480 140
1885490 140
1885500 140
1885510 140
1885520 140
1885530 140
1885540 140
1885550 140
1885560 140
1885570 139
1885580 139
1885590 139
1885600 140
1885610 140
1885620 140
1885630 140
1885640 140
1885650 140
1885660 140
1885670 140
1885680 140
1885690 140
1885700 140
1885710 140
1885720 140
1885730 140
1885740 140
1885750 140
1885760 140
1885770 140
1885780 140
1885790 140
1885800 140
1885810 140
1885820 140
1885830 140
1885840 140
1885850 140
1885860 140
1885870 140
1885880 140
1885890 140
1885900 140
1885910 140
1885920 140
1885930 140
1885940 140
1885950 140
1885960 140
1885970 140
1885980 140
1885990 140
1886000 140
1886010 140
1886020 140
1886030 140
1886040 140
1886050 140
1886060 140
1886070 139
1886080 139
1886090 139
1886100 139
1886110 139
1886120 139
1886130 139
1886140 139
1886150 139
1886160 139
1886170 139
1886180 139
1886190 139
1886200 139
1886210 139
1886220 139
1886230 139
1886240 139
1886250 139
1886260 139
1886270 139
1886280 139
1886290 139
1886300 139
1886310 139
1886320 139
1886330 139
1886340 139
1886350 139
1886360 139
1886370 139
1886380 139
1886390 139
1886400 139
1886410 139
1886420 139
1886430 139
1886440 139
1886450 139
1886460 140
1886470 140
1886480 140
1886490 140
1886500 140
1886510 140
1886520 140
1886530 140
1886540 140
1886550 140
1886560 140
1886570 140
1886580 140
1886590 140
1886600 140
1886610 140
1886620 140
1886630 140
1886640 140
1886650 139
1886660 139
1886670 139
1886680 139
1886690 139
1886700 139
1886710 140
1886720 140
1886730 140
1886740 140
1886750 140
1886760 140
1886770 140
1886780 140
1886790 140
1886800 140
1886810 140
1886820 140
1886830 140
1886840 140
1886850 140
1886860 140
1886870 140
1886880 140
1886890 140
1886900 140
1886910 140
1886920 140
1886930 140
1886940 140
1886950 140
1886960 140
1886970 140
1886980 140
1886990 140
1887000 140
1887010 140
1887020 140
1887030 140
1887040 140
1887050 140
1887060 140
1887070 140
1887080 140
1887090 140
1887100 140
1887110 140
1887120 140
1887130 140
1887140 140
1887150 140
1887160 140
1887170 140
1887180 140
1887190 140
1887200 140
1887210 140
1887220 140
1887230 140
1887240 140
1887250 140
1887260 140
1887270 140
1887280 140
1887290 140
1887300 140
1887310 140
1887320 140
1887330 140
1887340 140
1887350 140
1887360 140
1887370 140
1887380 140
1887390 140
1887400 140
1887410 140
1887420 140
1887430 140
1887440 140
1887450 140
1887460 140
1887470 140
1887480 140
1887490 140
1887500 140
1887510 140
1887520 140
1887530 140
1887540 140
1887550 141
1887560 141
1887570 141
1887580 140
1887590 140
1887600 139
1887610 139
1887620 139
1887630 139
1887640 139
1887650 139
1887660 139
1887670 138
1887680 138
1887690 138
1887700 138
1887710 138
1887720 138
1887730 138
1887740 138
1887750 138
1887760 138
1887770 138
1887780 138
1887790 138
1887800 138
1887810 138
1887820 138
1887830 138
1887840 138
1887850 138
1887860 138
1887870 138
1887880 138
1887890 139
1887900 139
1887910 141
1887920 141
1887930 141
1887940 141
1887950 142
1887960 142
1887970 142
1887980 142
1887990 142
1888000 142
1888010 142
1888020 142
1888030 142
1888040 142
1888050 142
1888060 142
1888070 142
1888080 142
1888090 142
1888100 142
1888110 142
1888120 141
1888130 141
1888140 141
1888150 141
1888160 141
1888170 141
1888180 140
1888190 140
1888200 140
1888210 140
1888220 139
1888230 139
1888240 139
1888250 139
1888260 139
1888270 139
1888280 139
1888290 139
1888300 139
1888310 139
1888320 139
1888330 139
1888340 140
1888350 140
1888360 143
1888370 144
1888380 144
1888390 141
1888400 140
1888410 140
1888420 140
1888430 140
1888440 140
1888450 140
1888460 139
1888470 139
1888480 139
1888490 139
1888500 139
1888510 139
1888520 140
1888530 140
1888540 140
1888550 140
1888560 140
1888570 140
1888580 140
1888590 140
1888600 140
1888610 140
1888620 140
1888630 140
1888640 140
1888650 140
1888660 139
1888670 139
1888680 139
1888690 138
1888700 138
1888710 138
1888720 137
1888730 137
1888740 137
1888750 137
1888760 137
1888770 137
1888780 137
1888790 136
1888800 136
1888810 136
1888820 136
1888830 136
1888840 137
1888850 137
1888860 137
1888870 137
1888880 137
1888890 137
1888900 137
1888910 137
1888920 137
1888930 137
1888940 137
1888950 137
1888960 137
1888970 138
1888980 138
1888990 138
1889000 138
1889010 138
1889020 138
1889030 138
1889040 138
1889050 138
1889060 138
1889070 138
1889080 138
1889090 138
1889100 138
1889110 138
1889120 138
1889130 138
1889140 138
1889150 139
1889160 139
1889170 139
1889180 139
1889190 139
1889200 139
1889210 139
1889220 138
1889230 138
1889240 138
1889250 138
1889260 138
1889270 137
1889280 137
1889290 137
1889300 137
1889310 137
1889320 137
1889330 137
1889340 137
1889350 137
1889360 137
1889370 137
1889380 138
1889390 138
1889400 138
1889410 137
1889420 137
1889430 137
1889440 137
1889450 136
1889460 136
1889470 136
1889480 136
1889490 136
1889500 135
1889510 135
1889520 135
1889530 135
1889540 136
1889550 136
1889560 135
1889570 135
1889580 135
1889590 135
1889600 135
1889610 135
1889620 137
1889630 138
1889640 138
1889650 138
1889660 138
1889670 138
1889680 137
1889690 135
1889700 135
1889710 135
1889720 135
1889730 135
1889740 135
1889750 135
1889760 135
1889770 135
1889780 137
1889790 137
1889800 138
1889810 138
1889820 138
1889830 137
1889840 137
1889850 137
1889860 139
1889870 142
1889880 142
