1880000 143
1880010 143
1880020 143
1880030 143
1880040 143
1880050 143
1880060 143
1880070 143
1880080 143
1880090 143
1880100 143
1880110 143
1880120 142
1880130 142
1880140 142
1880150 142
1880160 142
1880170 142
1880180 142
1880190 142
1880200 142
1880210 142
1880220 142
1880230 142
1880240 142
1880250 142
1880260 142
1880270 142
1880280 142
1880290 142
1880300 142
1880310 142
1880320 142
1880330 142
1880340 143
1880350 143
1880360 143
1880370 143
1880380 143
1880390 143
1880400 143
1880410 143
1880420 143
1880430 143
1880440 143
1880450 143
1880460 143
1880470 143
1880480 143
1880490 142
1880500 142
1880510 142
1880520 142
1880530 142
1880540 142
1880550 142
1880560 142
1880570 142
1880580 142
1880590 142
1880600 143
1880610 143
1880620 143
1880630 142
1880640 142
1880650 142
1880660 142
1880670 142
1880680 142
1880690 142
1880700 142
1880710 142
1880720 142
1880730 142
1880740 142
1880750 142
1880760 142
1880770 142
1880780 142
1880790 142
1880800 142
1880810 142
1880820 142
1880830 142
1880840 142
1880850 142
1880860 142
1880870 142
1880880 142
1880890 142
1880900 142
1880910 142
1880920 142
1880930 142
1880940 142
1880950 142
1880960 142
1880970 142
1880980 142
1880990 142
1881000 142
1881010 142
1881020 142
1881030 142
1881040 142
1881050 141
1881060 141
1881070 141
1881080 142
1881090 142
1881100 142
1881110 142
1881120 142
1881130 142
1881140 142
1881150 142
1881160 142
1881170 142
1881180 142
1881190 142
1881200 142
1881210 142
1881220 142
1881230 142
1881240 142
1881250 142
1881260 142
1881270 142
1881280 142
1881290 142
1881300 142
1881310 142
1881320 142
1881330 143
1881340 143
1881350 143
1881360 143
1881370 143
1881380 143
1881390 143
1881400 143
1881410 143
1881420 143
1881430 143
1881440 143
1881450 143
1881460 143
1881470 143
1881480 143
1881490 143
1881500 143
1881510 143
1881520 143
1881530 143
1881540 143
1881550 143
1881560 143
1881570 143
1881580 143
1881590 143
1881600 143
1881610 143
1881620 142
1881630 142
1881640 142
1881650 142
1881660 143
1881670 143
1881680 143
1881690 143
1881700 143
1881710 143
1881720 143
1881730 143
1881740 142
1881750 142
1881760 142
1881770 142
1881780 142
1881790 142
1881800 142
1881810 142
1881820 142
1881830 142
1881840 142
1881850 142
1881860 142
1881870 142
1881880 142
1881890 142
1881900 142
1881910 142
1881920 142
1881930 142
1881940 142
1881950 142
1881960 142
1881970 142
1881980 142
1881990 142
1882000 142
1882010 143
1882020 143
1882030 143
1882040 143
1882050 143
1882060 143
1882070 142
1882080 143
1882090 143
1882100 143
1882110 143
1882120 143
1882130 143
1882140 143
1882150 143
1882160 143
1882170 143
1882180 143
1882190 143
1882200 143
1882210 143
1882220 142
1882230 142
1882240 142
1882250 142
1882260 142
1882270 142
1882280 142
1882290 142
1882300 142
1882310 142
1882320 142
1882330 142
1882340 142
1882350 142
1882360 142
1882370 142
1882380 142
1882390 142
1882400 142
1882410 142
1882420 142
1882430 142
1882440 142
1882450 142
1882460 142
1882470 142
1882480 142
1882490 142
1882500 142
1882510 142
1882520 142
1882530 142
1882540 142
1882550 142
1882560 142
1882570 142
1882580 142
1882590 142
1882600 142
1882610 142
1882620 142
1882630 142
1882640 142
1882650 142
1882660 142
1882670 142
1882680 142
1882690 142
1882700 142
1882710 142
1882720 142
1882730 142
1882740 142
1882750 142
1882760 142
1882770 142
1882780 142
1882790 142
1882800 142
1882810 142
1882820 142
1882830 143
1882840 143
1882850 143
1882860 142
1882870 142
1882880 142
1882890 142
1882900 142
1882910 142
1882920 142
1882930 142
1882940 142
1882950 142
1882960 142
1882970 142
1882980 142
1882990 142
1883000 142
1883010 142
1883020 142
1883030 142
1883040 142
1883050 142
1883060 142
1883070 142
1883080 142
1883090 142
1883100 142
1883110 142
1883120 142
1883130 142
1883140 142
1883150 142
1883160 142
1883170 142
1883180 142
1883190 142
1883200 142
1883210 142
1883220 142
1883230 142
1883240 142
1883250 142
1883260 142
1883270 142
1883280 142
1883290 142
1883300 142
1883310 142
1883320 142
1883330 142
1883340 142
1883350 142
1883360 142
1883370 142
1883380 142
1883390 142
1883400 142
1883410 142
1883420 142
1883430 142
1883440 142
1883450 142
1883460 142
1883470 142
1883480 141
1883490 141
1883500 141
1883510 141
1883520 141
1883530 141
1883540 142
1883550 142
1883560 142
1883570 142
1883580 142
1883590 142
1883600 142
1883610 142
1883620 142
1883630 142
1883640 142
1883650 142
1883660 142
1883670 142
1883680 142
1883690 142
1883700 142
1883710 142
1883720 142
1883730 142
1883740 142
1883750 142
1883760 142
1883770 142
1883780 142
1883790 142
1883800 142
1883810 142
1883820 142
1883830 142
1883840 142
1883850 142
1883860 142
1883870 142
1883880 142
1883890 142
1883900 142
1883910 142
1883920 142
1883930 142
1883940 143
1883950 143
1883960 143
1883970 143
1883980 143
1883990 143
1884000 144
1884010 144
1884020 144
1884030 143
1884040 143
1884050 143
1884060 144
1884070 144
1884080 144
1884090 144
1884100 144
1884110 145
1884120 145
1884130 145
1884140 145
1884150 146
1884160 146
1884170 147
1884180 147
1884190 147
1884200 147
1884210 148
1884220 148
1884230 148
1884240 148
1884250 148
1884260 149
1884270 149
1884280 149
1884290 150
1884300 150
1884310 150
1884320 150
1884330 151
1884340 151
1884350 151
1884360 152
1884370 152
1884380 152
1884390 152
1884400 152
1884410 152
1884420 153
1884430 153
1884440 153
1884450 154
1884460 154
1884470 155
1884480 157
1884490 158
1884500 159
1884510 159
1884520 159
1884530 160
1884540 160
1884550 160
1884560 161
1884570 161
1884580 161
1884590 162
1884600 162
1884610 162
1884620 162
1884630 163
1884640 163
1884650 163
1884660 163
1884670 163
1884680 162
1884690 162
1884700 162
1884710 162
1884720 162
1884730 162
1884740 162
1884750 161
1884760 161
1884770 161
1884780 161
1884790 161
1884800 161
1884810 163
1884820 162
1884830 166
1884840 168
1884850 168
1884860 168
1884870 168
1884880 168
1884890 168
1884900 168
1884910 168
1884920 168
1884930 168
1884940 168
1884950 168
1884960 167
1884970 167
1884980 167
1884990 167
1885000 167
1885010 167
1885020 167
1885030 167
1885040 167
1885050 164
1885060 164
1885070 163
1885080 165
1885090 165
1885100 166
1885110 166
1885120 166
1885130 166
1885140 166
1885150 166
1885160 166
1885170 166
1885180 166
1885190 166
1885200 166
1885210 166
1885220 166
1885230 166
1885240 166
1885250 166
1885260 166
1885270 166
1885280 165
1885290 163
1885300 163
1885310 161
1885320 163
1885330 163
1885340 163
1885350 163
1885360 163
1885370 163
1885380 163
1885390 163
1885400 163
1885410 163
1885420 163
1885430 163
1885440 163
1885450 163
1885460 163
1885470 163
1885480 163
1885490 161
1885500 161
1885510 161
1885520 161
1885530 159
1885540 159
1885550 157
1885560 155
1885570 155
1885580 154
1885590 154
1885600 154
1885610 154
1885620 153
1885630 153
1885640 153
1885650 153
1885660 153
1885670 153
1885680 152
1885690 152
1885700 148
1885710 148
1885720 148
1885730 148
1885740 147
1885750 147
1885760 147
1885770 147
1885780 147
1885790 147
1885800 147
1885810 147
1885820 146
1885830 144
1885840 144
1885850 144
1885860 143
1885870 143
1885880 143
1885890 143
1885900 143
1885910 143
1885920 143
1885930 143
1885940 143
1885950 143
1885960 143
1885970 143
1885980 143
1885990 143
1886000 143
1886010 143
1886020 143
1886030 143
1886040 143
1886050 143
1886060 143
1886070 143
1886080 143
1886090 143
1886100 143
1886110 142
1886120 142
1886130 142
1886140 142
1886150 142
1886160 142
1886170 142
1886180 142
1886190 142
1886200 142
1886210 142
1886220 142
1886230 142
1886240 142
1886250 142
1886260 142
1886270 142
1886280 142
1886290 142
1886300 142
1886310 142
1886320 142
1886330 141
1886340 141
1886350 141
1886360 141
1886370 140
1886380 140
1886390 140
1886400 140
1886410 140
1886420 140
1886430 140
1886440 140
1886450 140
1886460 140
1886470 140
1886480 140
1886490 140
1886500 140
1886510 140
1886520 140
1886530 140
1886540 140
1886550 140
1886560 140
1886570 141
1886580 141
1886590 141
1886600 140
1886610 140
1886620 140
1886630 140
1886640 140
1886650 140
1886660 140
1886670 140
1886680 140
1886690 140
1886700 140
1886710 140
1886720 140
1886730 140
1886740 140
1886750 140
1886760 140
1886770 140
1886780 140
1886790 140
1886800 140
1886810 140
1886820 140
1886830 140
1886840 140
1886850 141
1886860 141
1886870 141
1886880 142
1886890 142
1886900 143
1886910 143
1886920 143
1886930 144
1886940 144
1886950 144
1886960 143
1886970 143
1886980 143
1886990 142
1887000 142
1887010 142
1887020 141
1887030 141
1887040 141
1887050 140
1887060 140
1887070 140
1887080 140
1887090 140
1887100 140
1887110 140
1887120 140
1887130 140
1887140 140
1887150 140
1887160 140
1887170 140
1887180 140
1887190 140
1887200 140
1887210 140
1887220 140
1887230 140
1887240 140
1887250 140
1887260 140
1887270 140
1887280 140
1887290 140
1887300 140
1887310 140
1887320 140
1887330 140
1887340 140
1887350 140
1887360 140
1887370 140
1887380 140
1887390 140
1887400 139
1887410 139
1887420 139
1887430 139
1887440 139
1887450 139
1887460 139
1887470 139
1887480 139
1887490 139
1887500 139
1887510 139
1887520 139
1887530 139
1887540 139
1887550 139
1887560 140
1887570 140
1887580 140
1887590 140
1887600 140
1887610 140
1887620 140
1887630 140
1887640 140
1887650 140
1887660 140
1887670 140
1887680 140
1887690 140
1887700 140
1887710 140
1887720 139
1887730 139
1887740 139
1887750 139
1887760 139
1887770 139
1887780 139
1887790 139
1887800 139
1887810 138
1887820 138
1887830 138
1887840 138
1887850 138
1887860 137
1887870 137
1887880 137
1887890 137
1887900 138
1887910 138
1887920 138
1887930 138
1887940 138
1887950 138
1887960 138
1887970 138
1887980 137
1887990 138
1888000 138
1888010 138
1888020 138
1888030 138
1888040 138
1888050 138
1888060 138
1888070 138
1888080 137
1888090 137
1888100 138
1888110 138
1888120 138
1888130 139
1888140 139
1888150 139
1888160 139
1888170 139
1888180 139
1888190 139
1888200 138
1888210 138
1888220 136
1888230 136
1888240 136
1888250 136
1888260 136
1888270 136
1888280 136
1888290 136
1888300 136
1888310 136
1888320 136
1888330 136
1888340 136
1888350 137
1888360 137
1888370 138
1888380 138
1888390 138
1888400 138
1888410 138
1888420 138
1880000 143
1880010 143
1880020 143
1880030 143
1880040 143
1880050 143
1880060 143
1880070 143
1880080 143
1880090 143
1880100 143
1880110 143
1880120 142
1880130 142
1880140 142
1880150 142
1880160 142
1880170 142
1880180 142
1880190 142
1880200 142
1880210 142
1880220 142
1880230 142
1880240 142
1880250 142
1880260 142
1880270 142
1880280 142
1880290 142
1880300 142
1880310 142
1880320 142
1880330 142
1880340 143
1880350 143
1880360 143
1880370 143
1880380 143
1880390 143
1880400 143
1880410 143
1880420 143
1880430 143
1880440 143
1880450 143
1880460 143
1880470 143
1880480 143
1880490 142
1880500 142
1880510 142
1880520 142
1880530 142
1880540 142
1880550 142
1880560 142
1880570 142
1880580 142
1880590 142
1880600 143
1880610 143
1880620 143
1880630 142
1880640 142
1880650 142
1880660 142
1880670 142
1880680 142
1880690 142
1880700 142
1880710 142
1880720 142
1880730 142
1880740 142
1880750 142
1880760 142
1880770 142
1880780 142
1880790 142
1880800 142
1880810 142
1880820 142
1880830 142
1880840 142
1880850 142
1880860 142
1880870 142
1880880 142
1880890 142
1880900 142
1880910 142
1880920 142
1880930 142
1880940 142
1880950 142
1880960 142
1880970 142
1880980 142
1880990 142
1881000 142
1881010 142
1881020 142
1881030 142
1881040 142
1881050 141
1881060 141
1881070 141
1881080 142
1881090 142
1881100 142
1881110 142
1881120 142
1881130 142
1881140 142
1881150 142
1881160 142
1881170 142
1881180 142
1881190 142
1881200 142
1881210 142
1881220 142
1881230 142
1881240 142
1881250 142
1881260 142
1881270 142
1881280 142
1881290 142
1881300 142
1881310 142
1881320 142
1881330 143
1881340 143
1881350 143
1881360 143
1881370 143
1881380 143
1881390 143
1881400 143
1881410 143
1881420 143
1881430 143
1881440 143
1881450 143
1881460 143
1881470 143
1881480 143
1881490 143
1881500 143
1881510 143
1881520 143
1881530 143
1881540 143
1881550 143
1881560 143
1881570 143
1881580 143
1881590 143
1881600 143
1881610 143
1881620 142
1881630 142
1881640 142
1881650 142
1881660 143
1881670 143
1881680 143
1881690 143
1881700 143
1881710 143
1881720 143
1881730 143
1881740 142
1881750 142
1881760 142
1881770 142
1881780 142
1881790 142
1881800 142
1881810 142
1881820 142
1881830 142
1881840 142
1881850 142
1881860 142
1881870 142
1881880 142
1881890 142
1881900 142
1881910 142
1881920 142
1881930 142
1881940 142
1881950 142
1881960 142
1881970 142
1881980 142
1881990 142
1882000 142
1882010 143
1882020 143
1882030 143
1882040 143
1882050 143
1882060 143
1882070 142
1882080 143
1882090 143
1882100 143
1882110 143
1882120 143
1882130 143
1882140 143
1882150 143
1882160 143
1882170 143
1882180 143
1882190 143
1882200 143
1882210 143
1882220 142
1882230 142
1882240 142
1882250 142
1882260 142
1882270 142
1882280 142
1882290 142
1882300 142
1882310 142
1882320 142
1882330 142
1882340 142
1882350 142
1882360 142
1882370 142
1882380 142
1882390 142
1882400 142
1882410 142
1882420 142
1882430 142
1882440 142
1882450 142
1882460 142
1882470 142
1882480 142
1882490 142
1882500 142
1882510 142
1882520 142
1882530 142
1882540 142
1882550 142
1882560 142
1882570 142
1882580 142
1882590 142
1882600 142
1882610 142
1882620 142
1882630 142
1882640 142
1882650 142
1882660 142
1882670 142
1882680 142
1882690 142
1882700 142
1882710 142
1882720 142
1882730 142
1882740 142
1882750 142
1882760 142
1882770 142
1882780 142
1882790 142
1882800 142
1882810 142
1882820 142
1882830 143
1882840 143
1882850 143
1882860 142
1882870 142
1882880 142
1882890 142
1882900 142
1882910 142
1882920 142
1882930 142
1882940 142
1882950 142
1882960 142
1882970 142
1882980 142
1882990 142
1883000 142
1883010 142
1883020 142
1883030 142
1883040 142
1883050 142
1883060 142
1883070 142
1883080 142
1883090 142
1883100 142
1883110 142
1883120 142
1883130 142
1883140 142
1883150 142
1883160 142
1883170 142
1883180 142
1883190 142
1883200 142
1883210 142
1883220 142
1883230 142
1883240 142
1883250 142
1883260 142
1883270 142
1883280 142
1883290 142
1883300 142
1883310 142
1883320 142
1883330 142
1883340 142
1883350 142
1883360 142
1883370 142
1883380 142
1883390 142
1883400 142
1883410 142
1883420 142
1883430 142
1883440 142
1883450 142
1883460 142
1883470 142
1883480 141
1883490 141
1883500 141
1883510 141
1883520 141
1883530 141
1883540 142
1883550 142
1883560 142
1883570 142
1883580 142
1883590 142
1883600 142
1883610 142
1883620 142
1883630 142
1883640 142
1883650 142
1883660 142
1883670 142
1883680 142
1883690 142
1883700 142
1883710 142
1883720 142
1883730 142
1883740 142
1883750 142
1883760 142
1883770 142
1883780 142
1883790 142
1883800 142
1883810 142
1883820 142
1883830 142
1883840 142
1883850 142
1883860 142
1883870 142
1883880 142
1883890 142
1883900 142
1883910 142
1883920 142
1883930 142
1883940 143
1883950 143
1883960 143
1883970 143
1883980 143
1883990 143
1884000 144
1884010 144
1884020 144
1884030 143
1884040 143
1884050 143
1884060 144
1884070 144
1884080 144
1884090 144
1884100 144
1884110 145
1884120 145
1884130 145
1884140 145
1884150 146
1884160 146
1884170 147
1884180 147
1884190 147
1884200 147
1884210 148
1884220 148
1884230 148
1884240 148
1884250 148
1884260 149
1884270 149
1884280 149
1884290 150
1884300 150
1884310 150
1884320 150
1884330 151
1884340 151
1884350 151
1884360 152
1884370 152
1884380 152
1884390 152
1884400 152
1884410 152
1884420 153
1884430 153
1884440 153
1884450 154
1884460 154
1884470 155
1884480 157
1884490 158
1884500 159
1884510 159
1884520 159
1884530 160
1884540 160
1884550 160
1884560 161
1884570 161
1884580 161
1884590 162
1884600 162
1884610 162
1884620 162
1884630 163
1884640 163
1884650 163
1884660 163
1884670 163
1884680 162
1884690 162
1884700 162
1884710 162
1884720 162
1884730 162
1884740 162
1884750 161
1884760 161
1884770 161
1884780 161
1884790 161
1884800 161
1884810 163
1884820 162
1884830 166
1884840 168
1884850 168
1884860 168
1884870 168
1884880 168
1884890 168
1884900 168
1884910 168
1884920 168
1884930 168
1884940 168
1884950 168
1884960 167
1884970 167
1884980 167
1884990 167
1885000 167
1885010 167
1885020 167
1885030 167
1885040 167
1885050 164
1885060 164
1885070 163
1885080 165
1885090 165
1885100 166
1885110 166
1885120 166
1885130 166
1885140 166
1885150 166
1885160 166
1885170 166
1885180 166
1885190 166
1885200 166
1885210 166
1885220 166
1885230 166
1885240 166
1885250 166
1885260 166
1885270 166
1885280 165
1885290 163
1885300 163
1885310 161
1885320 163
1885330 163
1885340 163
1885350 163
1885360 163
1885370 163
1885380 163
1885390 163
1885400 163
1885410 163
1885420 163
1885430 163
1885440 163
1885450 163
1885460 163
1885470 163
1885480 163
1885490 161
1885500 161
1885510 161
1885520 161
1885530 159
1885540 159
1885550 157
1885560 155
1885570 155
1885580 154
1885590 154
1885600 154
1885610 154
1885620 153
1885630 153
1885640 153
1885650 153
1885660 153
1885670 153
1885680 152
1885690 152
1885700 148
1885710 148
1885720 148
1885730 148
1885740 147
1885750 147
1885760 147
1885770 147
1885780 147
1885790 147
1885800 147
1885810 147
1885820 146
1885830 144
1885840 144
1885850 144
1885860 143
1885870 143
1885880 143
1885890 143
1885900 143
1885910 143
1885920 143
1885930 143
1885940 143
1885950 143
1885960 143
1885970 143
1885980 143
1885990 143
1886000 143
1886010 143
1886020 143
1886030 143
1886040 143
1886050 143
1886060 143
1886070 143
1886080 143
1886090 143
1886100 143
1886110 142
1886120 142
1886130 142
1886140 142
1886150 142
1886160 142
1886170 142
1886180 142
1886190 142
1886200 142
1886210 142
1886220 142
1886230 142
1886240 142
1886250 142
1886260 142
1886270 142
1886280 142
1886290 142
1886300 142
1886310 142
1886320 142
1886330 141
1886340 141
1886350 141
1886360 141
1886370 140
1886380 140
1886390 140
1886400 140
1886410 140
1886420 140
1886430 140
1886440 140
1886450 140
1886460 140
1886470 140
1886480 140
1886490 140
1886500 140
1886510 140
1886520 140
1886530 140
1886540 140
1886550 140
1886560 140
1886570 141
1886580 141
1886590 141
1886600 140
1886610 140
1886620 140
1886630 140
1886640 140
1886650 140
1886660 140
1886670 140
1886680 140
1886690 140
1886700 140
1886710 140
1886720 140
1886730 140
1886740 140
1886750 140
1886760 140
1886770 140
1886780 140
1886790 140
1886800 140
1886810 140
1886820 140
1886830 140
1886840 140
1886850 141
1886860 141
1886870 141
1886880 142
1886890 142
1886900 143
1886910 143
1886920 143
1886930 144
1886940 144
1886950 144
1886960 143
1886970 143
1886980 143
1886990 142
1887000 142
1887010 142
1887020 141
1887030 141
1887040 141
1887050 140
1887060 140
1887070 140
1887080 140
1887090 140
1887100 140
1887110 140
1887120 140
1887130 140
1887140 140
1887150 140
1887160 140
1887170 140
1887180 140
1887190 140
1887200 140
1887210 140
1887220 140
1887230 140
1887240 140
1887250 140
1887260 140
1887270 140
1887280 140
1887290 140
1887300 140
1887310 140
1887320 140
1887330 140
1887340 140
1887350 140
1887360 140
1887370 140
1887380 140
1887390 140
1887400 139
1887410 139
1887420 139
1887430 139
1887440 139
1887450 139
1887460 139
1887470 139
1887480 139
1887490 139
1887500 139
1887510 139
1887520 139
1887530 139
1887540 139
1887550 139
1887560 140
1887570 140
1887580 140
1887590 140
1887600 140
1887610 140
1887620 140
1887630 140
1887640 140
1887650 140
1887660 140
1887670 140
1887680 140
1887690 140
1887700 140
1887710 140
1887720 139
1887730 139
1887740 139
1887750 139
1887760 139
1887770 139
1887780 139
1887790 139
1887800 139
1887810 138
1887820 138
1887830 138
1887840 138
1887850 138
1887860 137
1887870 137
1887880 137
1887890 137
1887900 138
1887910 138
1887920 138
1887930 138
1887940 138
1887950 138
1887960 138
1887970 138
1887980 137
1887990 138
1888000 138
1888010 138
1888020 138
1888030 138
1888040 138
1888050 138
1888060 138
1888070 138
1888080 137
1888090 137
1888100 138
1888110 138
1888120 138
1888130 139
1888140 139
1888150 139
1888160 139
1888170 139
1888180 139
1888190 139
1888200 138
1888210 138
1888220 136
1888230 136
1888240 136
1888250 136
1888260 136
1888270 136
1888280 136
1888290 136
1888300 136
1888310 136
1888320 136
1888330 136
1888340 136
1888350 137
1888360 137
1888370 138
1888380 138
1888390 138
1888400 138
1888410 138
1888420 138
