1880000 143
1880010 143
1880020 143
1880030 143
1880040 143
1880050 142
1880060 142
1880070 142
1880080 142
1880090 142
1880100 142
1880110 142
1880120 142
1880130 142
1880140 142
1880150 142
1880160 142
1880170 143
1880180 143
1880190 143
1880200 143
1880210 143
1880220 143
1880230 143
1880240 143
1880250 143
1880260 143
1880270 143
1880280 143
1880290 143
1880300 143
1880310 143
1880320 143
1880330 143
1880340 143
1880350 142
1880360 142
1880370 142
1880380 142
1880390 142
1880400 142
1880410 142
1880420 142
1880430 142
1880440 142
1880450 142
1880460 142
1880470 142
1880480 142
1880490 142
1880500 142
1880510 142
1880520 142
1880530 142
1880540 142
1880550 142
1880560 142
1880570 142
1880580 142
1880590 142
1880600 142
1880610 142
1880620 142
1880630 142
1880640 142
1880650 142
1880660 142
1880670 142
1880680 142
1880690 142
1880700 142
1880710 142
1880720 142
1880730 142
1880740 141
1880750 141
1880760 141
1880770 141
1880780 142
1880790 142
1880800 142
1880810 142
1880820 142
1880830 142
1880840 142
1880850 142
1880860 142
1880870 142
1880880 142
1880890 142
1880900 142
1880910 142
1880920 142
1880930 142
1880940 142
1880950 142
1880960 142
1880970 142
1880980 143
1880990 143
1881000 143
1881010 143
1881020 143
1881030 143
1881040 143
1881050 143
1881060 143
1881070 143
1881080 143
1881090 143
1881100 143
1881110 143
1881120 143
1881130 143
1881140 143
1881150 143
1881160 143
1881170 143
1881180 143
1881190 143
1881200 143
1881210 143
1881220 143
1881230 143
1881240 143
1881250 143
1881260 143
1881270 143
1881280 143
1881290 143
1881300 143
1881310 143
1881320 143
1881330 143
1881340 144
1881350 144
1881360 144
1881370 144
1881380 144
1881390 144
1881400 144
1881410 144
1881420 144
1881430 144
1881440 144
1881450 144
1881460 144
1881470 144
1881480 144
1881490 144
1881500 144
1881510 144
1881520 144
1881530 144
1881540 144
1881550 144
1881560 144
1881570 144
1881580 144
1881590 144
1881600 144
1881610 144
1881620 144
1881630 144
1881640 144
1881650 144
1881660 144
1881670 144
1881680 144
1881690 144
1881700 144
1881710 144
1881720 144
1881730 144
1881740 144
1881750 144
1881760 144
1881770 144
1881780 144
1881790 144
1881800 144
1881810 144
1881820 144
1881830 144
1881840 144
1881850 144
1881860 144
1881870 144
1881880 144
1881890 144
1881900 144
1881910 144
1881920 144
1881930 144
1881940 144
1881950 144
1881960 144
1881970 144
1881980 144
1881990 144
1882000 144
1882010 145
1882020 145
1882030 145
1882040 145
1882050 145
1882060 146
1882070 146
1882080 146
1882090 146
1882100 146
1882110 146
1882120 146
1882130 146
1882140 146
1882150 146
1882160 146
1882170 146
1882180 147
1882190 147
1882200 147
1882210 147
1882220 147
1882230 147
1882240 148
1882250 148
1882260 148
1882270 149
1882280 149
1882290 150
1882300 150
1882310 151
1882320 151
1882330 151
1882340 151
1882350 151
1882360 151
1882370 151
1882380 151
1882390 150
1882400 150
1882410 150
1882420 150
1882430 151
1882440 151
1882450 151
1882460 152
1882470 152
1882480 153
1882490 153
1882500 153
1882510 154
1882520 154
1882530 154
1882540 155
1882550 155
1882560 155
1882570 155
1882580 155
1882590 155
1882600 156
1882610 157
1882620 157
1882630 157
1882640 157
1882650 157
1882660 157
1882670 157
1882680 157
1882690 156
1882700 156
1882710 156
1882720 156
1882730 156
1882740 156
1882750 156
1882760 156
1882770 156
1882780 155
1882790 155
1882800 155
1882810 155
1882820 156
1882830 156
1882840 157
1882850 158
1882860 158
1882870 160
1882880 162
1882890 162
1882900 164
1882910 165
1882920 165
1882930 166
1882940 165
1882950 165
1882960 165
1882970 165
1882980 165
1882990 165
1883000 165
1883010 165
1883020 165
1883030 165
1883040 165
1883050 165
1883060 165
1883070 165
1883080 165
1883090 165
1883100 165
1883110 165
1883120 165
1883130 165
1883140 165
1883150 164
1883160 164
1883170 164
1883180 164
1883190 164
1883200 165
1883210 165
1883220 165
1883230 165
1883240 164
1883250 164
1883260 164
1883270 163
1883280 163
1883290 163
1883300 163
1883310 163
1883320 163
1883330 163
1883340 163
1883350 164
1883360 168
1883370 168
1883380 170
1883390 172
1883400 172
1883410 172
1883420 171
1883430 171
1883440 171
1883450 171
1883460 171
1883470 171
1883480 171
1883490 171
1883500 171
1883510 171
1883520 171
1883530 171
1883540 171
1883550 171
1883560 171
1883570 171
1883580 171
1883590 171
1883600 171
1883610 171
1883620 171
1883630 171
1883640 171
1883650 171
1883660 171
1883670 171
1883680 171
1883690 171
1883700 171
1883710 171
1883720 171
1883730 171
1883740 171
1883750 171
1883760 171
1883770 171
1883780 171
1883790 171
1883800 171
1883810 171
1883820 171
1883830 171
1883840 171
1883850 171
1883860 171
1883870 171
1883880 171
1883890 171
1883900 171
1883910 171
1883920 171
1883930 171
1883940 171
1883950 171
1883960 171
1883970 171
1883980 171
1883990 171
1884000 171
1884010 171
1884020 170
1884030 170
1884040 170
1884050 170
1884060 170
1884070 170
1884080 170
1884090 170
1884100 170
1884110 170
1884120 170
1884130 170
1884140 170
1884150 170
1884160 170
1884170 170
1884180 170
1884190 170
1884200 169
1884210 169
1884220 169
1884230 169
1884240 170
1884250 169
1884260 169
1884270 169
1884280 169
1884290 170
1884300 170
1884310 170
1884320 170
1884330 170
1884340 170
1884350 170
1884360 170
1884370 170
1884380 170
1884390 170
1884400 170
1884410 170
1884420 170
1884430 170
1884440 170
1884450 170
1884460 170
1884470 170
1884480 170
1884490 170
1884500 170
1884510 170
1884520 170
1884530 170
1884540 170
1884550 169
1884560 169
1884570 169
1884580 169
1884590 169
1884600 169
1884610 169
1884620 169
1884630 169
1884640 169
1884650 169
1884660 169
1884670 169
1884680 169
1884690 169
1884700 169
1884710 168
1884720 168
1884730 168
1884740 167
1884750 167
1884760 167
1884770 167
1884780 167
1884790 166
1884800 166
1884810 166
1884820 166
1884830 166
1884840 166
1884850 165
1884860 165
1884870 165
1884880 165
1884890 166
1884900 166
1884910 166
1884920 167
1884930 167
1884940 167
1884950 167
1884960 167
1884970 167
1884980 167
1884990 167
1885000 167
1885010 167
1885020 167
1885030 167
1885040 167
1885050 167
1885060 167
1885070 167
1885080 167
1885090 166
1885100 166
1885110 166
1885120 166
1885130 165
1885140 165
1885150 164
1885160 164
1885170 164
1885180 164
1885190 164
1885200 164
1885210 164
1885220 165
1885230 165
1885240 165
1885250 165
1885260 165
1885270 166
1885280 166
1885290 166
1885300 166
1885310 166
1885320 166
1885330 166
1885340 166
1885350 166
1885360 166
1885370 166
1885380 166
1885390 166
1885400 166
1885410 166
1885420 165
1885430 165
1885440 165
1885450 164
1885460 163
1885470 163
1885480 162
1885490 161
1885500 161
1885510 159
1885520 158
1885530 158
1885540 157
1885550 156
1885560 156
1885570 155
1885580 154
1885590 154
1885600 153
1885610 152
1885620 152
1885630 151
1885640 150
1885650 150
1885660 149
1885670 148
1885680 148
1885690 147
1885700 146
1885710 146
1885720 145
1885730 144
1885740 144
1885750 144
1885760 143
1885770 143
1885780 143
1885790 143
1885800 143
1885810 143
1885820 142
1885830 142
1885840 142
1885850 142
1885860 142
1885870 142
1885880 142
1885890 142
1885900 141
1885910 141
1885920 141
1885930 141
1885940 141
1885950 141
1885960 141
1885970 141
1885980 141
1885990 140
1886000 140
1886010 140
1886020 140
1886030 140
1886040 140
1886050 140
1886060 140
1886070 140
1886080 140
1886090 140
1886100 140
1886110 140
1886120 140
1886130 140
1886140 140
1886150 140
1886160 140
1886170 140
1886180 140
1886190 140
1886200 140
1886210 140
1886220 140
1886230 140
1886240 140
1886250 140
1886260 140
1886270 140
1886280 140
1886290 139
1886300 139
1886310 139
1886320 139
1886330 139
1886340 139
1886350 139
1886360 139
1886370 139
1886380 139
1886390 139
1886400 139
1886410 139
1886420 139
1886430 139
1886440 139
1886450 139
1886460 139
1886470 139
1886480 139
1886490 139
1886500 139
1886510 139
1886520 139
1886530 139
1886540 139
1886550 139
1886560 139
1886570 139
1886580 139
1886590 139
1886600 139
1886610 139
1886620 139
1886630 139
1886640 139
1886650 139
1886660 139
1886670 139
1886680 139
1886690 139
1886700 139
1886710 139
1886720 139
1886730 139
1886740 139
1886750 139
1886760 139
1886770 139
1886780 140
1886790 140
1886800 140
1886810 139
1886820 139
1886830 139
1886840 139
1886850 139
1886860 139
1886870 139
1886880 139
1886890 139
1886900 139
1886910 139
1886920 139
1886930 139
1886940 139
1886950 140
1886960 140
1886970 140
1886980 140
1886990 140
1887000 140
1887010 139
1887020 139
1887030 139
1887040 139
1887050 139
1887060 139
1887070 140
1887080 140
1887090 140
1887100 140
1887110 140
1887120 140
1887130 140
1887140 140
1887150 140
1887160 140
1887170 140
1887180 140
1887190 140
1887200 140
1887210 140
1887220 140
1887230 140
1887240 140
1887250 140
1887260 140
1887270 140
1887280 140
1887290 140
1887300 140
1887310 139
1887320 139
1887330 139
1887340 138
1887350 138
1887360 138
1887370 138
1887380 138
1887390 138
1887400 139
1887410 139
1887420 139
1887430 139
1887440 139
1887450 139
1887460 138
1887470 138
1887480 138
1887490 138
1887500 138
1887510 138
1887520 139
1887530 138
1887540 138
1887550 138
1887560 138
1887570 138
1887580 138
1887590 138
1887600 138
1887610 138
1887620 138
1887630 138
1887640 138
1887650 139
1887660 139
1887670 139
1887680 139
1887690 139
1887700 139
1887710 139
1887720 139
1887730 138
1887740 138
1887750 138
1887760 138
1887770 138
1887780 138
1887790 138
1887800 138
1887810 138
1887820 138
1887830 138
1887840 138
1887850 138
1887860 138
1887870 138
1887880 138
1887890 138
1887900 138
1887910 138
1887920 138
1887930 138
1887940 138
1887950 138
1887960 138
1887970 138
1887980 138
1887990 138
1888000 138
1888010 138
1888020 138
1888030 137
1888040 137
1888050 137
1888060 138
1888070 138
1888080 138
1888090 138
1888100 138
1888110 138
1888120 137
1888130 136
1888140 136
1888150 136
1888160 136
1888170 136
1888180 136
1888190 136
1888200 136
1888210 136
1888220 136
1888230 136
1888240 136
1888250 137
1888260 137
1888270 138
1888280 138
1888290 138
1888300 140
1888310 140
1888320 140
1888330 140
1888340 141
1888350 141
1888360 141
1880000 143
1880010 143
1880020 143
1880030 143
1880040 143
1880050 142
1880060 142
1880070 142
1880080 142
1880090 142
1880100 142
1880110 142
1880120 142
1880130 142
1880140 142
1880150 142
1880160 142
1880170 143
1880180 143
1880190 143
1880200 143
1880210 143
1880220 143
1880230 143
1880240 143
1880250 143
1880260 143
1880270 143
1880280 143
1880290 143
1880300 143
1880310 143
1880320 143
1880330 143
1880340 143
1880350 142
1880360 142
1880370 142
1880380 142
1880390 142
1880400 142
1880410 142
1880420 142
1880430 142
1880440 142
1880450 142
1880460 142
1880470 142
1880480 142
1880490 142
1880500 142
1880510 142
1880520 142
1880530 142
1880540 142
1880550 142
1880560 142
1880570 142
1880580 142
1880590 142
1880600 142
1880610 142
1880620 142
1880630 142
1880640 142
1880650 142
1880660 142
1880670 142
1880680 142
1880690 142
1880700 142
1880710 142
1880720 142
1880730 142
1880740 141
1880750 141
1880760 141
1880770 141
1880780 142
1880790 142
1880800 142
1880810 142
1880820 142
1880830 142
1880840 142
1880850 142
1880860 142
1880870 142
1880880 142
1880890 142
1880900 142
1880910 142
1880920 142
1880930 142
1880940 142
1880950 142
1880960 142
1880970 142
1880980 143
1880990 143
1881000 143
1881010 143
1881020 143
1881030 143
1881040 143
1881050 143
1881060 143
1881070 143
1881080 143
1881090 143
1881100 143
1881110 143
1881120 143
1881130 143
1881140 143
1881150 143
1881160 143
1881170 143
1881180 143
1881190 143
1881200 143
1881210 143
1881220 143
1881230 143
1881240 143
1881250 143
1881260 143
1881270 143
1881280 143
1881290 143
1881300 143
1881310 143
1881320 143
1881330 143
1881340 144
1881350 144
1881360 144
1881370 144
1881380 144
1881390 144
1881400 144
1881410 144
1881420 144
1881430 144
1881440 144
1881450 144
1881460 144
1881470 144
1881480 144
1881490 144
1881500 144
1881510 144
1881520 144
1881530 144
1881540 144
1881550 144
1881560 144
1881570 144
1881580 144
1881590 144
1881600 144
1881610 144
1881620 144
1881630 144
1881640 144
1881650 144
1881660 144
1881670 144
1881680 144
1881690 144
1881700 144
1881710 144
1881720 144
1881730 144
1881740 144
1881750 144
1881760 144
1881770 144
1881780 144
1881790 144
1881800 144
1881810 144
1881820 144
1881830 144
1881840 144
1881850 144
1881860 144
1881870 144
1881880 144
1881890 144
1881900 144
1881910 144
1881920 144
1881930 144
1881940 144
1881950 144
1881960 144
1881970 144
1881980 144
1881990 144
1882000 144
1882010 145
1882020 145
1882030 145
1882040 145
1882050 145
1882060 146
1882070 146
1882080 146
1882090 146
1882100 146
1882110 146
1882120 146
1882130 146
1882140 146
1882150 146
1882160 146
1882170 146
1882180 147
1882190 147
1882200 147
1882210 147
1882220 147
1882230 147
1882240 148
1882250 148
1882260 148
1882270 149
1882280 149
1882290 150
1882300 150
1882310 151
1882320 151
1882330 151
1882340 151
1882350 151
1882360 151
1882370 151
1882380 151
1882390 150
1882400 150
1882410 150
1882420 150
1882430 151
1882440 151
1882450 151
1882460 152
1882470 152
1882480 153
1882490 153
1882500 153
1882510 154
1882520 154
1882530 154
1882540 155
1882550 155
1882560 155
1882570 155
1882580 155
1882590 155
1882600 156
1882610 157
1882620 157
1882630 157
1882640 157
1882650 157
1882660 157
1882670 157
1882680 157
1882690 156
1882700 156
1882710 156
1882720 156
1882730 156
1882740 156
1882750 156
1882760 156
1882770 156
1882780 155
1882790 155
1882800 155
1882810 155
1882820 156
1882830 156
1882840 157
1882850 158
1882860 158
1882870 160
1882880 162
1882890 162
1882900 164
1882910 165
1882920 165
1882930 166
1882940 165
1882950 165
1882960 165
1882970 165
1882980 165
1882990 165
1883000 165
1883010 165
1883020 165
1883030 165
1883040 165
1883050 165
1883060 165
1883070 165
1883080 165
1883090 165
1883100 165
1883110 165
1883120 165
1883130 165
1883140 165
1883150 164
1883160 164
1883170 164
1883180 164
1883190 164
1883200 165
1883210 165
1883220 165
1883230 165
1883240 164
1883250 164
1883260 164
1883270 163
1883280 163
1883290 163
1883300 163
1883310 163
1883320 163
1883330 163
1883340 163
1883350 164
1883360 168
1883370 168
1883380 170
1883390 172
1883400 172
1883410 172
1883420 171
1883430 171
1883440 171
1883450 171
1883460 171
1883470 171
1883480 171
1883490 171
1883500 171
1883510 171
1883520 171
1883530 171
1883540 171
1883550 171
1883560 171
1883570 171
1883580 171
1883590 171
1883600 171
1883610 171
1883620 171
1883630 171
1883640 171
1883650 171
1883660 171
1883670 171
1883680 171
1883690 171
1883700 171
1883710 171
1883720 171
1883730 171
1883740 171
1883750 171
1883760 171
1883770 171
1883780 171
1883790 171
1883800 171
1883810 171
1883820 171
1883830 171
1883840 171
1883850 171
1883860 171
1883870 171
1883880 171
1883890 171
1883900 171
1883910 171
1883920 171
1883930 171
1883940 171
1883950 171
1883960 171
1883970 171
1883980 171
1883990 171
1884000 171
1884010 171
1884020 170
1884030 170
1884040 170
1884050 170
1884060 170
1884070 170
1884080 170
1884090 170
1884100 170
1884110 170
1884120 170
1884130 170
1884140 170
1884150 170
1884160 170
1884170 170
1884180 170
1884190 170
1884200 169
1884210 169
1884220 169
1884230 169
1884240 170
1884250 169
1884260 169
1884270 169
1884280 169
1884290 170
1884300 170
1884310 170
1884320 170
1884330 170
1884340 170
1884350 170
1884360 170
1884370 170
1884380 170
1884390 170
1884400 170
1884410 170
1884420 170
1884430 170
1884440 170
1884450 170
1884460 170
1884470 170
1884480 170
1884490 170
1884500 170
1884510 170
1884520 170
1884530 170
1884540 170
1884550 169
1884560 169
1884570 169
1884580 169
1884590 169
1884600 169
1884610 169
1884620 169
1884630 169
1884640 169
1884650 169
1884660 169
1884670 169
1884680 169
1884690 169
1884700 169
1884710 168
1884720 168
1884730 168
1884740 167
1884750 167
1884760 167
1884770 167
1884780 167
1884790 166
1884800 166
1884810 166
1884820 166
1884830 166
1884840 166
1884850 165
1884860 165
1884870 165
1884880 165
1884890 166
1884900 166
1884910 166
1884920 167
1884930 167
1884940 167
1884950 167
1884960 167
1884970 167
1884980 167
1884990 167
1885000 167
1885010 167
1885020 167
1885030 167
1885040 167
1885050 167
1885060 167
1885070 167
1885080 167
1885090 166
1885100 166
1885110 166
1885120 166
1885130 165
1885140 165
1885150 164
1885160 164
1885170 164
1885180 164
1885190 164
1885200 164
1885210 164
1885220 165
1885230 165
1885240 165
1885250 165
1885260 165
1885270 166
1885280 166
1885290 166
1885300 166
1885310 166
1885320 166
1885330 166
1885340 166
1885350 166
1885360 166
1885370 166
1885380 166
1885390 166
1885400 166
1885410 166
1885420 165
1885430 165
1885440 165
1885450 164
1885460 163
1885470 163
1885480 162
1885490 161
1885500 161
1885510 159
1885520 158
1885530 158
1885540 157
1885550 156
1885560 156
1885570 155
1885580 154
1885590 154
1885600 153
1885610 152
1885620 152
1885630 151
1885640 150
1885650 150
1885660 149
1885670 148
1885680 148
1885690 147
1885700 146
1885710 146
1885720 145
1885730 144
1885740 144
1885750 144
1885760 143
1885770 143
1885780 143
1885790 143
1885800 143
1885810 143
1885820 142
1885830 142
1885840 142
1885850 142
1885860 142
1885870 142
1885880 142
1885890 142
1885900 141
1885910 141
1885920 141
1885930 141
1885940 141
1885950 141
1885960 141
1885970 141
1885980 141
1885990 140
1886000 140
1886010 140
1886020 140
1886030 140
1886040 140
1886050 140
1886060 140
1886070 140
1886080 140
1886090 140
1886100 140
1886110 140
1886120 140
1886130 140
1886140 140
1886150 140
1886160 140
1886170 140
1886180 140
1886190 140
1886200 140
1886210 140
1886220 140
1886230 140
1886240 140
1886250 140
1886260 140
1886270 140
1886280 140
1886290 139
1886300 139
1886310 139
1886320 139
1886330 139
1886340 139
1886350 139
1886360 139
1886370 139
1886380 139
1886390 139
1886400 139
1886410 139
1886420 139
1886430 139
1886440 139
1886450 139
1886460 139
1886470 139
1886480 139
1886490 139
1886500 139
1886510 139
1886520 139
1886530 139
1886540 139
1886550 139
1886560 139
1886570 139
1886580 139
1886590 139
1886600 139
1886610 139
1886620 139
1886630 139
1886640 139
1886650 139
1886660 139
1886670 139
1886680 139
1886690 139
1886700 139
1886710 139
1886720 139
1886730 139
1886740 139
1886750 139
1886760 139
1886770 139
1886780 140
1886790 140
1886800 140
1886810 139
1886820 139
1886830 139
1886840 139
1886850 139
1886860 139
1886870 139
1886880 139
1886890 139
1886900 139
1886910 139
1886920 139
1886930 139
1886940 139
1886950 140
1886960 140
1886970 140
1886980 140
1886990 140
1887000 140
1887010 139
1887020 139
1887030 139
1887040 139
1887050 139
1887060 139
1887070 140
1887080 140
1887090 140
1887100 140
1887110 140
1887120 140
1887130 140
1887140 140
1887150 140
1887160 140
1887170 140
1887180 140
1887190 140
1887200 140
1887210 140
1887220 140
1887230 140
1887240 140
1887250 140
1887260 140
1887270 140
1887280 140
1887290 140
1887300 140
1887310 139
1887320 139
1887330 139
1887340 138
1887350 138
1887360 138
1887370 138
1887380 138
1887390 138
1887400 139
1887410 139
1887420 139
1887430 139
1887440 139
1887450 139
1887460 138
1887470 138
1887480 138
1887490 138
1887500 138
1887510 138
1887520 139
1887530 138
1887540 138
1887550 138
1887560 138
1887570 138
1887580 138
1887590 138
1887600 138
1887610 138
1887620 138
1887630 138
1887640 138
1887650 139
1887660 139
1887670 139
1887680 139
1887690 139
1887700 139
1887710 139
1887720 139
1887730 138
1887740 138
1887750 138
1887760 138
1887770 138
1887780 138
1887790 138
1887800 138
1887810 138
1887820 138
1887830 138
1887840 138
1887850 138
1887860 138
1887870 138
1887880 138
1887890 138
1887900 138
1887910 138
1887920 138
1887930 138
1887940 138
1887950 138
1887960 138
1887970 138
1887980 138
1887990 138
1888000 138
1888010 138
1888020 138
1888030 137
1888040 137
1888050 137
1888060 138
1888070 138
1888080 138
1888090 138
1888100 138
1888110 138
1888120 137
1888130 136
1888140 136
1888150 136
1888160 136
1888170 136
1888180 136
1888190 136
1888200 136
1888210 136
1888220 136
1888230 136
1888240 136
1888250 137
1888260 137
1888270 138
1888280 138
1888290 138
1888300 140
1888310 140
1888320 140
1888330 140
1888340 141
1888350 141
1888360 141
