1880000 143
1880010 143
1880020 143
1880030 143
1880040 143
1880050 143
1880060 143
1880070 143
1880080 143
1880090 143
1880100 143
1880110 143
1880120 143
1880130 143
1880140 143
1880150 143
1880160 143
1880170 143
1880180 143
1880190 143
1880200 143
1880210 143
1880220 143
1880230 143
1880240 143
1880250 142
1880260 142
1880270 142
1880280 142
1880290 142
1880300 142
1880310 142
1880320 142
1880330 143
1880340 143
1880350 143
1880360 143
1880370 143
1880380 143
1880390 143
1880400 143
1880410 143
1880420 143
1880430 143
1880440 143
1880450 143
1880460 143
1880470 143
1880480 143
1880490 143
1880500 143
1880510 143
1880520 143
1880530 143
1880540 143
1880550 143
1880560 143
1880570 143
1880580 143
1880590 143
1880600 143
1880610 143
1880620 143
1880630 143
1880640 143
1880650 143
1880660 143
1880670 143
1880680 143
1880690 143
1880700 143
1880710 143
1880720 143
1880730 143
1880740 143
1880750 143
1880760 143
1880770 143
1880780 143
1880790 143
1880800 143
1880810 143
1880820 143
1880830 143
1880840 144
1880850 144
1880860 144
1880870 144
1880880 144
1880890 144
1880900 144
1880910 145
1880920 145
1880930 145
1880940 146
1880950 146
1880960 146
1880970 146
1880980 146
1880990 146
1881000 147
1881010 147
1881020 147
1881030 147
1881040 147
1881050 148
1881060 148
1881070 148
1881080 148
1881090 149
1881100 149
1881110 149
1881120 149
1881130 149
1881140 149
1881150 150
1881160 150
1881170 152
1881180 153
1881190 153
1881200 153
1881210 154
1881220 154
1881230 154
1881240 156
1881250 156
1881260 157
1881270 157
1881280 157
1881290 157
1881300 158
1881310 158
1881320 158
1881330 158
1881340 158
1881350 158
1881360 158
1881370 158
1881380 158
1881390 158
1881400 158
1881410 158
1881420 158
1881430 158
1881440 158
1881450 158
1881460 158
1881470 157
1881480 157
1881490 157
1881500 156
1881510 156
1881520 156
1881530 155
1881540 154
1881550 154
1881560 154
1881570 154
1881580 154
1881590 153
1881600 152
1881610 152
1881620 151
1881630 150
1881640 150
1881650 150
1881660 150
1881670 150
1881680 150
1881690 150
1881700 150
1881710 151
1881720 152
1881730 152
1881740 153
1881750 156
1881760 156
1881770 159
1881780 162
1881790 162
1881800 164
1881810 164
1881820 164
1881830 164
1881840 165
1881850 165
1881860 165
1881870 168
1881880 168
1881890 171
1881900 171
1881910 171
1881920 171
1881930 172
1881940 172
1881950 172
1881960 172
1881970 172
1881980 172
1881990 172
1882000 172
1882010 172
1882020 172
1882030 172
1882040 172
1882050 172
1882060 172
1882070 174
1882080 175
1882090 175
1882100 173
1882110 172
1882120 172
1882130 172
1882140 172
1882150 172
1882160 172
1882170 174
1882180 174
1882190 172
1882200 172
1882210 172
1882220 172
1882230 172
1882240 172
1882250 172
1882260 174
1882270 174
1882280 174
1882290 173
1882300 173
1882310 173
1882320 173
1882330 173
1882340 173
1882350 172
1882360 172
1882370 172
1882380 172
1882390 172
1882400 172
1882410 172
1882420 172
1882430 172
1882440 172
1882450 172
1882460 172
1882470 172
1882480 172
1882490 172
1882500 172
1882510 172
1882520 172
1882530 172
1882540 172
1882550 172
1882560 172
1882570 172
1882580 172
1882590 172
1882600 172
1882610 172
1882620 172
1882630 172
1882640 172
1882650 172
1882660 172
1882670 172
1882680 172
1882690 172
1882700 172
1882710 172
1882720 172
1882730 172
1882740 172
1882750 172
1882760 172
1882770 172
1882780 172
1882790 172
1882800 172
1882810 172
1882820 172
1882830 172
1882840 172
1882850 172
1882860 172
1882870 172
1882880 172
1882890 172
1882900 172
1882910 172
1882920 172
1882930 172
1882940 172
1882950 172
1882960 172
1882970 172
1882980 172
1882990 172
1883000 172
1883010 172
1883020 172
1883030 172
1883040 172
1883050 172
1883060 172
1883070 172
1883080 172
1883090 172
1883100 172
1883110 172
1883120 172
1883130 172
1883140 172
1883150 172
1883160 172
1883170 172
1883180 172
1883190 172
1883200 172
1883210 172
1883220 172
1883230 172
1883240 172
1883250 172
1883260 172
1883270 172
1883280 172
1883290 172
1883300 172
1883310 172
1883320 172
1883330 172
1883340 172
1883350 172
1883360 172
1883370 172
1883380 172
1883390 172
1883400 172
1883410 172
1883420 172
1883430 172
1883440 172
1883450 172
1883460 172
1883470 172
1883480 172
1883490 172
1883500 172
1883510 172
1883520 172
1883530 172
1883540 172
1883550 172
1883560 172
1883570 172
1883580 172
1883590 172
1883600 172
1883610 172
1883620 172
1883630 172
1883640 172
1883650 172
1883660 172
1883670 172
1883680 172
1883690 172
1883700 172
1883710 172
1883720 172
1883730 172
1883740 172
1883750 172
1883760 172
1883770 172
1883780 172
1883790 172
1883800 172
1883810 172
1883820 172
1883830 172
1883840 172
1883850 172
1883860 172
1883870 172
1883880 171
1883890 171
1883900 171
1883910 171
1883920 171
1883930 171
1883940 171
1883950 171
1883960 171
1883970 171
1883980 171
1883990 171
1884000 171
1884010 171
1884020 171
1884030 172
1884040 172
1884050 171
1884060 171
1884070 171
1884080 172
1884090 172
1884100 172
1884110 172
1884120 172
1884130 172
1884140 172
1884150 172
1884160 172
1884170 172
1884180 171
1884190 171
1884200 171
1884210 171
1884220 171
1884230 171
1884240 171
1884250 171
1884260 171
1884270 171
1884280 171
1884290 171
1884300 171
1884310 171
1884320 171
1884330 171
1884340 171
1884350 171
1884360 171
1884370 171
1884380 170
1884390 170
1884400 170
1884410 170
1884420 170
1884430 170
1884440 170
1884450 170
1884460 170
1884470 170
1884480 169
1884490 169
1884500 169
1884510 168
1884520 168
1884530 168
1884540 168
1884550 168
1884560 168
1884570 168
1884580 168
1884590 167
1884600 167
1884610 167
1884620 166
1884630 165
1884640 165
1884650 165
1884660 165
1884670 165
1884680 165
1884690 164
1884700 164
1884710 164
1884720 164
1884730 164
1884740 164
1884750 163
1884760 163
1884770 163
1884780 163
1884790 163
1884800 163
1884810 163
1884820 163
1884830 163
1884840 162
1884850 162
1884860 162
1884870 162
1884880 162
1884890 162
1884900 162
1884910 162
1884920 162
1884930 162
1884940 162
1884950 161
1884960 161
1884970 161
1884980 161
1884990 160
1885000 160
1885010 159
1885020 159
1885030 159
1885040 159
1885050 159
1885060 159
1885070 159
1885080 158
1885090 158
1885100 158
1885110 157
1885120 157
1885130 157
1885140 157
1885150 157
1885160 157
1885170 157
1885180 157
1885190 156
1885200 156
1885210 156
1885220 155
1885230 155
1885240 155
1885250 154
1885260 154
1885270 154
1885280 154
1885290 153
1885300 153
1885310 153
1885320 152
1885330 152
1885340 152
1885350 152
1885360 152
1885370 151
1885380 151
1885390 151
1885400 150
1885410 150
1885420 150
1885430 150
1885440 150
1885450 150
1885460 149
1885470 149
1885480 149
1885490 149
1885500 149
1885510 149
1885520 148
1885530 148
1885540 148
1885550 148
1885560 147
1885570 147
1885580 147
1885590 147
1885600 147
1885610 147
1885620 146
1885630 146
1885640 146
1885650 146
1885660 146
1885670 146
1885680 146
1885690 146
1885700 145
1885710 145
1885720 145
1885730 145
1885740 145
1885750 145
1885760 145
1885770 144
1885780 144
1885790 144
1885800 144
1885810 144
1885820 143
1885830 143
1885840 143
1885850 143
1885860 143
1885870 143
1885880 143
1885890 142
1885900 142
1885910 142
1885920 142
1885930 142
1885940 142
1885950 142
1885960 142
1885970 141
1885980 141
1885990 141
1886000 141
1886010 141
1886020 141
1886030 141
1886040 141
1886050 141
1886060 140
1886070 140
1886080 140
1886090 140
1886100 140
1886110 140
1886120 139
1886130 139
1886140 139
1886150 139
1886160 139
1886170 139
1886180 139
1886190 139
1886200 139
1886210 139
1886220 139
1886230 139
1886240 139
1886250 139
1886260 139
1886270 139
1886280 139
1886290 139
1886300 139
1886310 139
1886320 139
1886330 139
1886340 139
1886350 139
1886360 139
1886370 139
1886380 139
1886390 139
1886400 139
1886410 139
1886420 139
1886430 139
1886440 139
1886450 139
1886460 139
1886470 139
1886480 139
1886490 139
1886500 139
1886510 140
1886520 139
1886530 139
1886540 139
1886550 139
1886560 139
1886570 139
1886580 139
1886590 139
1886600 139
1886610 140
1886620 140
1886630 140
1886640 140
1886650 140
1886660 140
1886670 139
1886680 139
1886690 139
1886700 139
1886710 139
1886720 139
1886730 139
1886740 139
1886750 139
1886760 139
1886770 139
1886780 139
1886790 139
1886800 139
1886810 138
1886820 139
1886830 139
1886840 139
1886850 140
1886860 140
1886870 140
1886880 140
1886890 140
1886900 140
1886910 140
1886920 140
1886930 140
1886940 140
1886950 140
1886960 140
1886970 140
1886980 140
1886990 140
1887000 140
1887010 140
1887020 139
1887030 139
1887040 139
1887050 139
1887060 140
1887070 140
1887080 140
1887090 140
1887100 140
1887110 140
1887120 139
1887130 139
1887140 139
1887150 138
1887160 138
1887170 138
1887180 139
1887190 139
1887200 139
1887210 139
1887220 139
1887230 138
1887240 138
1887250 138
1887260 139
1887270 139
1887280 139
1887290 139
1887300 139
1887310 139
1887320 138
1887330 138
1887340 138
1887350 138
1887360 138
1887370 138
1887380 138
1887390 138
1887400 138
1887410 138
1887420 139
1887430 139
1887440 139
1887450 139
1887460 139
1887470 139
1887480 139
1887490 139
1887500 138
1887510 139
1887520 139
1887530 139
1887540 139
1887550 139
1887560 139
1887570 139
1887580 139
1887590 139
1887600 139
1887610 139
1887620 139
1887630 139
1887640 139
1887650 139
1887660 138
1887670 138
1887680 138
1887690 138
1887700 138
1887710 137
1887720 138
1887730 138
1887740 138
1887750 138
1887760 138
1887770 138
1887780 138
1887790 138
1887800 138
1887810 138
1887820 138
1887830 138
1887840 138
1887850 138
1887860 138
1887870 138
1887880 138
1887890 137
1887900 137
1887910 137
1887920 138
1887930 138
1887940 138
1887950 138
1887960 137
1887970 137
1887980 137
1887990 137
1888000 137
1888010 137
1888020 137
1888030 137
1888040 137
1888050 137
1888060 137
1888070 137
1888080 137
1888090 137
1888100 137
1888110 138
1888120 138
1888130 138
1888140 139
1888150 139
1888160 139
1888170 139
1888180 139
1888190 139
1888200 139
1888210 139
1880000 143
1880010 143
1880020 143
1880030 143
1880040 143
1880050 143
1880060 143
1880070 143
1880080 143
1880090 143
1880100 143
1880110 143
1880120 143
1880130 143
1880140 143
1880150 143
1880160 143
1880170 143
1880180 143
1880190 143
1880200 143
1880210 143
1880220 143
1880230 143
1880240 143
1880250 142
1880260 142
1880270 142
1880280 142
1880290 142
1880300 142
1880310 142
1880320 142
1880330 143
1880340 143
1880350 143
1880360 143
1880370 143
1880380 143
1880390 143
1880400 143
1880410 143
1880420 143
1880430 143
1880440 143
1880450 143
1880460 143
1880470 143
1880480 143
1880490 143
1880500 143
1880510 143
1880520 143
1880530 143
1880540 143
1880550 143
1880560 143
1880570 143
1880580 143
1880590 143
1880600 143
1880610 143
1880620 143
1880630 143
1880640 143
1880650 143
1880660 143
1880670 143
1880680 143
1880690 143
1880700 143
1880710 143
1880720 143
1880730 143
1880740 143
1880750 143
1880760 143
1880770 143
1880780 143
1880790 143
1880800 143
1880810 143
1880820 143
1880830 143
1880840 144
1880850 144
1880860 144
1880870 144
1880880 144
1880890 144
1880900 144
1880910 145
1880920 145
1880930 145
1880940 146
1880950 146
1880960 146
1880970 146
1880980 146
1880990 146
1881000 147
1881010 147
1881020 147
1881030 147
1881040 147
1881050 148
1881060 148
1881070 148
1881080 148
1881090 149
1881100 149
1881110 149
1881120 149
1881130 149
1881140 149
1881150 150
1881160 150
1881170 152
1881180 153
1881190 153
1881200 153
1881210 154
1881220 154
1881230 154
1881240 156
1881250 156
1881260 157
1881270 157
1881280 157
1881290 157
1881300 158
1881310 158
1881320 158
1881330 158
1881340 158
1881350 158
1881360 158
1881370 158
1881380 158
1881390 158
1881400 158
1881410 158
1881420 158
1881430 158
1881440 158
1881450 158
1881460 158
1881470 157
1881480 157
1881490 157
1881500 156
1881510 156
1881520 156
1881530 155
1881540 154
1881550 154
1881560 154
1881570 154
1881580 154
1881590 153
1881600 152
1881610 152
1881620 151
1881630 150
1881640 150
1881650 150
1881660 150
1881670 150
1881680 150
1881690 150
1881700 150
1881710 151
1881720 152
1881730 152
1881740 153
1881750 156
1881760 156
1881770 159
1881780 162
1881790 162
1881800 164
1881810 164
1881820 164
1881830 164
1881840 165
1881850 165
1881860 165
1881870 168
1881880 168
1881890 171
1881900 171
1881910 171
1881920 171
1881930 172
1881940 172
1881950 172
1881960 172
1881970 172
1881980 172
1881990 172
1882000 172
1882010 172
1882020 172
1882030 172
1882040 172
1882050 172
1882060 172
1882070 174
1882080 175
1882090 175
1882100 173
1882110 172
1882120 172
1882130 172
1882140 172
1882150 172
1882160 172
1882170 174
1882180 174
1882190 172
1882200 172
1882210 172
1882220 172
1882230 172
1882240 172
1882250 172
1882260 174
1882270 174
1882280 174
1882290 173
1882300 173
1882310 173
1882320 173
1882330 173
1882340 173
1882350 172
1882360 172
1882370 172
1882380 172
1882390 172
1882400 172
1882410 172
1882420 172
1882430 172
1882440 172
1882450 172
1882460 172
1882470 172
1882480 172
1882490 172
1882500 172
1882510 172
1882520 172
1882530 172
1882540 172
1882550 172
1882560 172
1882570 172
1882580 172
1882590 172
1882600 172
1882610 172
1882620 172
1882630 172
1882640 172
1882650 172
1882660 172
1882670 172
1882680 172
1882690 172
1882700 172
1882710 172
1882720 172
1882730 172
1882740 172
1882750 172
1882760 172
1882770 172
1882780 172
1882790 172
1882800 172
1882810 172
1882820 172
1882830 172
1882840 172
1882850 172
1882860 172
1882870 172
1882880 172
1882890 172
1882900 172
1882910 172
1882920 172
1882930 172
1882940 172
1882950 172
1882960 172
1882970 172
1882980 172
1882990 172
1883000 172
1883010 172
1883020 172
1883030 172
1883040 172
1883050 172
1883060 172
1883070 172
1883080 172
1883090 172
1883100 172
1883110 172
1883120 172
1883130 172
1883140 172
1883150 172
1883160 172
1883170 172
1883180 172
1883190 172
1883200 172
1883210 172
1883220 172
1883230 172
1883240 172
1883250 172
1883260 172
1883270 172
1883280 172
1883290 172
1883300 172
1883310 172
1883320 172
1883330 172
1883340 172
1883350 172
1883360 172
1883370 172
1883380 172
1883390 172
1883400 172
1883410 172
1883420 172
1883430 172
1883440 172
1883450 172
1883460 172
1883470 172
1883480 172
1883490 172
1883500 172
1883510 172
1883520 172
1883530 172
1883540 172
1883550 172
1883560 172
1883570 172
1883580 172
1883590 172
1883600 172
1883610 172
1883620 172
1883630 172
1883640 172
1883650 172
1883660 172
1883670 172
1883680 172
1883690 172
1883700 172
1883710 172
1883720 172
1883730 172
1883740 172
1883750 172
1883760 172
1883770 172
1883780 172
1883790 172
1883800 172
1883810 172
1883820 172
1883830 172
1883840 172
1883850 172
1883860 172
1883870 172
1883880 171
1883890 171
1883900 171
1883910 171
1883920 171
1883930 171
1883940 171
1883950 171
1883960 171
1883970 171
1883980 171
1883990 171
1884000 171
1884010 171
1884020 171
1884030 172
1884040 172
1884050 171
1884060 171
1884070 171
1884080 172
1884090 172
1884100 172
1884110 172
1884120 172
1884130 172
1884140 172
1884150 172
1884160 172
1884170 172
1884180 171
1884190 171
1884200 171
1884210 171
1884220 171
1884230 171
1884240 171
1884250 171
1884260 171
1884270 171
1884280 171
1884290 171
1884300 171
1884310 171
1884320 171
1884330 171
1884340 171
1884350 171
1884360 171
1884370 171
1884380 170
1884390 170
1884400 170
1884410 170
1884420 170
1884430 170
1884440 170
1884450 170
1884460 170
1884470 170
1884480 169
1884490 169
1884500 169
1884510 168
1884520 168
1884530 168
1884540 168
1884550 168
1884560 168
1884570 168
1884580 168
1884590 167
1884600 167
1884610 167
1884620 166
1884630 165
1884640 165
1884650 165
1884660 165
1884670 165
1884680 165
1884690 164
1884700 164
1884710 164
1884720 164
1884730 164
1884740 164
1884750 163
1884760 163
1884770 163
1884780 163
1884790 163
1884800 163
1884810 163
1884820 163
1884830 163
1884840 162
1884850 162
1884860 162
1884870 162
1884880 162
1884890 162
1884900 162
1884910 162
1884920 162
1884930 162
1884940 162
1884950 161
1884960 161
1884970 161
1884980 161
1884990 160
1885000 160
1885010 159
1885020 159
1885030 159
1885040 159
1885050 159
1885060 159
1885070 159
1885080 158
1885090 158
1885100 158
1885110 157
1885120 157
1885130 157
1885140 157
1885150 157
1885160 157
1885170 157
1885180 157
1885190 156
1885200 156
1885210 156
1885220 155
1885230 155
1885240 155
1885250 154
1885260 154
1885270 154
1885280 154
1885290 153
1885300 153
1885310 153
1885320 152
1885330 152
1885340 152
1885350 152
1885360 152
1885370 151
1885380 151
1885390 151
1885400 150
1885410 150
1885420 150
1885430 150
1885440 150
1885450 150
1885460 149
1885470 149
1885480 149
1885490 149
1885500 149
1885510 149
1885520 148
1885530 148
1885540 148
1885550 148
1885560 147
1885570 147
1885580 147
1885590 147
1885600 147
1885610 147
1885620 146
1885630 146
1885640 146
1885650 146
1885660 146
1885670 146
1885680 146
1885690 146
1885700 145
1885710 145
1885720 145
1885730 145
1885740 145
1885750 145
1885760 145
1885770 144
1885780 144
1885790 144
1885800 144
1885810 144
1885820 143
1885830 143
1885840 143
1885850 143
1885860 143
1885870 143
1885880 143
1885890 142
1885900 142
1885910 142
1885920 142
1885930 142
1885940 142
1885950 142
1885960 142
1885970 141
1885980 141
1885990 141
1886000 141
1886010 141
1886020 141
1886030 141
1886040 141
1886050 141
1886060 140
1886070 140
1886080 140
1886090 140
1886100 140
1886110 140
1886120 139
1886130 139
1886140 139
1886150 139
1886160 139
1886170 139
1886180 139
1886190 139
1886200 139
1886210 139
1886220 139
1886230 139
1886240 139
1886250 139
1886260 139
1886270 139
1886280 139
1886290 139
1886300 139
1886310 139
1886320 139
1886330 139
1886340 139
1886350 139
1886360 139
1886370 139
1886380 139
1886390 139
1886400 139
1886410 139
1886420 139
1886430 139
1886440 139
1886450 139
1886460 139
1886470 139
1886480 139
1886490 139
1886500 139
1886510 140
1886520 139
1886530 139
1886540 139
1886550 139
1886560 139
1886570 139
1886580 139
1886590 139
1886600 139
1886610 140
1886620 140
1886630 140
1886640 140
1886650 140
1886660 140
1886670 139
1886680 139
1886690 139
1886700 139
1886710 139
1886720 139
1886730 139
1886740 139
1886750 139
1886760 139
1886770 139
1886780 139
1886790 139
1886800 139
1886810 138
1886820 139
1886830 139
1886840 139
1886850 140
1886860 140
1886870 140
1886880 140
1886890 140
1886900 140
1886910 140
1886920 140
1886930 140
1886940 140
1886950 140
1886960 140
1886970 140
1886980 140
1886990 140
1887000 140
1887010 140
1887020 139
1887030 139
1887040 139
1887050 139
1887060 140
1887070 140
1887080 140
1887090 140
1887100 140
1887110 140
1887120 139
1887130 139
1887140 139
1887150 138
1887160 138
1887170 138
1887180 139
1887190 139
1887200 139
1887210 139
1887220 139
1887230 138
1887240 138
1887250 138
1887260 139
1887270 139
1887280 139
1887290 139
1887300 139
1887310 139
1887320 138
1887330 138
1887340 138
1887350 138
1887360 138
1887370 138
1887380 138
1887390 138
1887400 138
1887410 138
1887420 139
1887430 139
1887440 139
1887450 139
1887460 139
1887470 139
1887480 139
1887490 139
1887500 138
1887510 139
1887520 139
1887530 139
1887540 139
1887550 139
1887560 139
1887570 139
1887580 139
1887590 139
1887600 139
1887610 139
1887620 139
1887630 139
1887640 139
1887650 139
1887660 138
1887670 138
1887680 138
1887690 138
1887700 138
1887710 137
1887720 138
1887730 138
1887740 138
1887750 138
1887760 138
1887770 138
1887780 138
1887790 138
1887800 138
1887810 138
1887820 138
1887830 138
1887840 138
1887850 138
1887860 138
1887870 138
1887880 138
1887890 137
1887900 137
1887910 137
1887920 138
1887930 138
1887940 138
1887950 138
1887960 137
1887970 137
1887980 137
1887990 137
1888000 137
1888010 137
1888020 137
1888030 137
1888040 137
1888050 137
1888060 137
1888070 137
1888080 137
1888090 137
1888100 137
1888110 138
1888120 138
1888130 138
1888140 139
1888150 139
1888160 139
1888170 139
1888180 139
1888190 139
1888200 139
1888210 139
