1880000 143
1880010 144
1880020 144
1880030 144
1880040 144
1880050 145
1880060 145
1880070 146
1880080 146
1880090 146
1880100 147
1880110 148
1880120 148
1880130 148
1880140 149
1880150 149
1880160 149
1880170 150
1880180 150
1880190 150
1880200 151
1880210 151
1880220 151
1880230 152
1880240 152
1880250 152
1880260 152
1880270 152
1880280 152
1880290 152
1880300 152
1880310 152
1880320 153
1880330 153
1880340 154
1880350 155
1880360 155
1880370 157
1880380 158
1880390 158
1880400 159
1880410 160
1880420 160
1880430 161
1880440 164
1880450 164
1880460 165
1880470 166
1880480 166
1880490 167
1880500 168
1880510 168
1880520 169
1880530 169
1880540 169
1880550 169
1880560 169
1880570 169
1880580 170
1880590 170
1880600 170
1880610 170
1880620 170
1880630 170
1880640 170
1880650 170
1880660 170
1880670 170
1880680 170
1880690 170
1880700 170
1880710 170
1880720 170
1880730 170
1880740 170
1880750 170
1880760 171
1880770 171
1880780 171
1880790 171
1880800 171
1880810 171
1880820 171
1880830 171
1880840 171
1880850 171
1880860 171
1880870 171
1880880 171
1880890 171
1880900 171
1880910 171
1880920 171
1880930 171
1880940 171
1880950 171
1880960 171
1880970 171
1880980 171
1880990 171
1881000 171
1881010 171
1881020 171
1881030 171
1881040 171
1881050 171
1881060 171
1881070 171
1881080 171
1881090 171
1881100 171
1881110 171
1881120 171
1881130 171
1881140 171
1881150 171
1881160 171
1881170 171
1881180 171
1881190 171
1881200 171
1881210 171
1881220 171
1881230 171
1881240 171
1881250 171
1881260 171
1881270 171
1881280 171
1881290 171
1881300 171
1881310 171
1881320 171
1881330 170
1881340 170
1881350 170
1881360 170
1881370 170
1881380 170
1881390 170
1881400 170
1881410 170
1881420 170
1881430 170
1881440 170
1881450 170
1881460 169
1881470 169
1881480 169
1881490 168
1881500 168
1881510 168
1881520 167
1881530 167
1881540 165
1881550 162
1881560 162
1881570 163
1881580 162
1881590 162
1881600 161
1881610 161
1881620 161
1881630 161
1881640 161
1881650 161
1881660 160
1881670 160
1881680 160
1881690 161
1881700 162
1881710 162
1881720 162
1881730 162
1881740 162
1881750 164
1881760 162
1881770 162
1881780 162
1881790 164
1881800 164
1881810 167
1881820 168
1881830 168
1881840 169
1881850 169
1881860 169
1881870 170
1881880 170
1881890 170
1881900 170
1881910 170
1881920 170
1881930 170
1881940 170
1881950 170
1881960 170
1881970 170
1881980 170
1881990 170
1882000 170
1882010 170
1882020 170
1882030 170
1882040 170
1882050 170
1882060 170
1882070 170
1882080 170
1882090 170
1882100 170
1882110 170
1882120 170
1882130 170
1882140 170
1882150 171
1882160 171
1882170 170
1882180 170
1882190 170
1882200 170
1882210 170
1882220 170
1882230 170
1882240 170
1882250 170
1882260 170
1882270 170
1882280 170
1882290 170
1882300 170
1882310 170
1882320 170
1882330 170
1882340 170
1882350 170
1882360 170
1882370 170
1882380 170
1882390 170
1882400 170
1882410 170
1882420 170
1882430 170
1882440 170
1882450 170
1882460 170
1882470 170
1882480 170
1882490 170
1882500 171
1882510 171
1882520 171
1882530 171
1882540 171
1882550 171
1882560 171
1882570 171
1882580 171
1882590 171
1882600 171
1882610 171
1882620 171
1882630 171
1882640 171
1882650 171
1882660 171
1882670 171
1882680 171
1882690 171
1882700 171
1882710 171
1882720 171
1882730 171
1882740 171
1882750 172
1882760 172
1882770 172
1882780 172
1882790 172
1882800 172
1882810 172
1882820 172
1882830 172
1882840 172
1882850 172
1882860 172
1882870 172
1882880 172
1882890 172
1882900 172
1882910 172
1882920 172
1882930 172
1882940 172
1882950 172
1882960 173
1882970 173
1882980 173
1882990 172
1883000 172
1883010 172
1883020 173
1883030 173
1883040 173
1883050 173
1883060 173
1883070 173
1883080 173
1883090 173
1883100 173
1883110 173
1883120 173
1883130 173
1883140 173
1883150 173
1883160 173
1883170 173
1883180 173
1883190 173
1883200 173
1883210 173
1883220 173
1883230 172
1883240 172
1883250 172
1883260 172
1883270 172
1883280 172
1883290 172
1883300 172
1883310 172
1883320 172
1883330 172
1883340 172
1883350 172
1883360 172
1883370 172
1883380 172
1883390 172
1883400 172
1883410 172
1883420 172
1883430 173
1883440 173
1883450 173
1883460 173
1883470 173
1883480 173
1883490 173
1883500 173
1883510 173
1883520 173
1883530 173
1883540 173
1883550 173
1883560 173
1883570 173
1883580 173
1883590 173
1883600 173
1883610 173
1883620 173
1883630 173
1883640 173
1883650 173
1883660 173
1883670 173
1883680 173
1883690 173
1883700 173
1883710 173
1883720 173
1883730 172
1883740 172
1883750 172
1883760 172
1883770 172
1883780 172
1883790 172
1883800 172
1883810 172
1883820 172
1883830 172
1883840 172
1883850 172
1883860 172
1883870 172
1883880 172
1883890 172
1883900 172
1883910 172
1883920 172
1883930 172
1883940 172
1883950 172
1883960 172
1883970 172
1883980 172
1883990 172
1884000 172
1884010 172
1884020 172
1884030 172
1884040 172
1884050 172
1884060 172
1884070 172
1884080 172
1884090 172
1884100 172
1884110 172
1884120 172
1884130 172
1884140 172
1884150 172
1884160 172
1884170 172
1884180 172
1884190 172
1884200 172
1884210 172
1884220 172
1884230 172
1884240 172
1884250 172
1884260 172
1884270 172
1884280 172
1884290 172
1884300 172
1884310 172
1884320 172
1884330 172
1884340 172
1884350 172
1884360 172
1884370 172
1884380 172
1884390 172
1884400 172
1884410 172
1884420 172
1884430 172
1884440 172
1884450 171
1884460 171
1884470 172
1884480 172
1884490 172
1884500 172
1884510 171
1884520 171
1884530 171
1884540 171
1884550 171
1884560 171
1884570 171
1884580 171
1884590 171
1884600 171
1884610 171
1884620 170
1884630 170
1884640 170
1884650 170
1884660 170
1884670 170
1884680 170
1884690 169
1884700 169
1884710 169
1884720 169
1884730 169
1884740 169
1884750 168
1884760 168
1884770 168
1884780 168
1884790 168
1884800 168
1884810 167
1884820 167
1884830 166
1884840 166
1884850 166
1884860 165
1884870 165
1884880 165
1884890 164
1884900 164
1884910 164
1884920 164
1884930 163
1884940 163
1884950 163
1884960 164
1884970 164
1884980 164
1884990 164
1885000 164
1885010 164
1885020 163
1885030 163
1885040 162
1885050 161
1885060 161
1885070 160
1885080 159
1885090 159
1885100 159
1885110 158
1885120 158
1885130 158
1885140 157
1885150 157
1885160 156
1885170 156
1885180 156
1885190 155
1885200 154
1885210 154
1885220 154
1885230 153
1885240 153
1885250 153
1885260 152
1885270 152
1885280 151
1885290 151
1885300 151
1885310 150
1885320 150
1885330 150
1885340 149
1885350 149
1885360 149
1885370 149
1885380 148
1885390 148
1885400 148
1885410 148
1885420 148
1885430 147
1885440 147
1885450 147
1885460 147
1885470 146
1885480 146
1885490 146
1885500 146
1885510 146
1885520 145
1885530 145
1885540 145
1885550 144
1885560 144
1885570 144
1885580 143
1885590 143
1885600 143
1885610 142
1885620 142
1885630 142
1885640 142
1885650 141
1885660 141
1885670 141
1885680 141
1885690 141
1885700 141
1885710 141
1885720 141
1885730 141
1885740 140
1885750 140
1885760 140
1885770 140
1885780 140
1885790 140
1885800 140
1885810 140
1885820 140
1885830 140
1885840 140
1885850 140
1885860 139
1885870 139
1885880 139
1885890 139
1885900 139
1885910 139
1885920 139
1885930 139
1885940 139
1885950 139
1885960 139
1885970 139
1885980 139
1885990 139
1886000 139
1886010 139
1886020 139
1886030 139
1886040 139
1886050 139
1886060 139
1886070 139
1886080 139
1886090 139
1886100 139
1886110 139
1886120 139
1886130 139
1886140 139
1886150 139
1886160 139
1886170 139
1886180 139
1886190 139
1886200 139
1886210 139
1886220 139
1886230 139
1886240 139
1886250 140
1886260 139
1886270 140
1886280 139
1886290 139
1886300 139
1886310 139
1886320 139
1886330 139
1886340 139
1886350 139
1886360 140
1886370 139
1886380 139
1886390 139
1886400 140
1886410 140
1886420 140
1886430 140
1886440 140
1886450 140
1886460 140
1886470 140
1886480 140
1886490 140
1886500 140
1886510 140
1886520 140
1886530 140
1886540 140
1886550 140
1886560 140
1886570 140
1886580 139
1886590 139
1886600 139
1886610 139
1886620 139
1886630 139
1886640 139
1886650 139
1886660 139
1886670 140
1886680 140
1886690 140
1886700 140
1886710 140
1886720 140
1886730 140
1886740 140
1886750 140
1886760 140
1886770 140
1886780 140
1886790 141
1886800 141
1886810 140
1886820 140
1886830 140
1886840 140
1886850 139
1886860 139
1886870 139
1886880 139
1886890 139
1886900 139
1886910 139
1886920 139
1886930 139
1886940 139
1886950 139
1886960 139
1886970 139
1886980 139
1886990 139
1887000 139
1887010 139
1887020 139
1887030 139
1887040 139
1887050 139
1887060 139
1887070 139
1887080 139
1887090 139
1887100 139
1887110 138
1887120 138
1887130 138
1887140 139
1887150 139
1887160 139
1887170 139
1887180 139
1887190 139
1887200 139
1887210 139
1887220 139
1887230 139
1887240 139
1887250 139
1887260 138
1887270 138
1887280 138
1887290 138
1887300 138
1887310 138
1887320 138
1887330 138
1887340 138
1887350 138
1887360 139
1887370 139
1887380 139
1887390 139
1887400 139
1887410 139
1887420 139
1887430 139
1887440 139
1887450 139
1887460 139
1887470 137
1887480 137
1887490 137
1887500 137
1887510 137
1887520 137
1887530 138
1887540 138
1887550 138
1887560 138
1887570 138
1887580 138
1887590 139
1887600 139
1887610 139
1887620 138
1887630 137
1887640 137
1887650 137
1887660 137
1887670 137
1887680 137
1887690 137
1887700 137
1887710 137
1887720 137
1887730 137
1887740 137
1887750 137
1887760 137
1887770 137
1887780 137
1887790 137
1887800 139
1887810 138
1887820 138
1887830 137
1887840 137
1887850 137
1887860 137
1887870 138
1887880 138
1887890 139
1880000 143
1880010 144
1880020 144
1880030 144
1880040 144
1880050 145
1880060 145
1880070 146
1880080 146
1880090 146
1880100 147
1880110 148
1880120 148
1880130 148
1880140 149
1880150 149
1880160 149
1880170 150
1880180 150
1880190 150
1880200 151
1880210 151
1880220 151
1880230 152
1880240 152
1880250 152
1880260 152
1880270 152
1880280 152
1880290 152
1880300 152
1880310 152
1880320 153
1880330 153
1880340 154
1880350 155
1880360 155
1880370 157
1880380 158
1880390 158
1880400 159
1880410 160
1880420 160
1880430 161
1880440 164
1880450 164
1880460 165
1880470 166
1880480 166
1880490 167
1880500 168
1880510 168
1880520 169
1880530 169
1880540 169
1880550 169
1880560 169
1880570 169
1880580 170
1880590 170
1880600 170
1880610 170
1880620 170
1880630 170
1880640 170
1880650 170
1880660 170
1880670 170
1880680 170
1880690 170
1880700 170
1880710 170
1880720 170
1880730 170
1880740 170
1880750 170
1880760 171
1880770 171
1880780 171
1880790 171
1880800 171
1880810 171
1880820 171
1880830 171
1880840 171
1880850 171
1880860 171
1880870 171
1880880 171
1880890 171
1880900 171
1880910 171
1880920 171
1880930 171
1880940 171
1880950 171
1880960 171
1880970 171
1880980 171
1880990 171
1881000 171
1881010 171
1881020 171
1881030 171
1881040 171
1881050 171
1881060 171
1881070 171
1881080 171
1881090 171
1881100 171
1881110 171
1881120 171
1881130 171
1881140 171
1881150 171
1881160 171
1881170 171
1881180 171
1881190 171
1881200 171
1881210 171
1881220 171
1881230 171
1881240 171
1881250 171
1881260 171
1881270 171
1881280 171
1881290 171
1881300 171
1881310 171
1881320 171
1881330 170
1881340 170
1881350 170
1881360 170
1881370 170
1881380 170
1881390 170
1881400 170
1881410 170
1881420 170
1881430 170
1881440 170
1881450 170
1881460 169
1881470 169
1881480 169
1881490 168
1881500 168
1881510 168
1881520 167
1881530 167
1881540 165
1881550 162
1881560 162
1881570 163
1881580 162
1881590 162
1881600 161
1881610 161
1881620 161
1881630 161
1881640 161
1881650 161
1881660 160
1881670 160
1881680 160
1881690 161
1881700 162
1881710 162
1881720 162
1881730 162
1881740 162
1881750 164
1881760 162
1881770 162
1881780 162
1881790 164
1881800 164
1881810 167
1881820 168
1881830 168
1881840 169
1881850 169
1881860 169
1881870 170
1881880 170
1881890 170
1881900 170
1881910 170
1881920 170
1881930 170
1881940 170
1881950 170
1881960 170
1881970 170
1881980 170
1881990 170
1882000 170
1882010 170
1882020 170
1882030 170
1882040 170
1882050 170
1882060 170
1882070 170
1882080 170
1882090 170
1882100 170
1882110 170
1882120 170
1882130 170
1882140 170
1882150 171
1882160 171
1882170 170
1882180 170
1882190 170
1882200 170
1882210 170
1882220 170
1882230 170
1882240 170
1882250 170
1882260 170
1882270 170
1882280 170
1882290 170
1882300 170
1882310 170
1882320 170
1882330 170
1882340 170
1882350 170
1882360 170
1882370 170
1882380 170
1882390 170
1882400 170
1882410 170
1882420 170
1882430 170
1882440 170
1882450 170
1882460 170
1882470 170
1882480 170
1882490 170
1882500 171
1882510 171
1882520 171
1882530 171
1882540 171
1882550 171
1882560 171
1882570 171
1882580 171
1882590 171
1882600 171
1882610 171
1882620 171
1882630 171
1882640 171
1882650 171
1882660 171
1882670 171
1882680 171
1882690 171
1882700 171
1882710 171
1882720 171
1882730 171
1882740 171
1882750 172
1882760 172
1882770 172
1882780 172
1882790 172
1882800 172
1882810 172
1882820 172
1882830 172
1882840 172
1882850 172
1882860 172
1882870 172
1882880 172
1882890 172
1882900 172
1882910 172
1882920 172
1882930 172
1882940 172
1882950 172
1882960 173
1882970 173
1882980 173
1882990 172
1883000 172
1883010 172
1883020 173
1883030 173
1883040 173
1883050 173
1883060 173
1883070 173
1883080 173
1883090 173
1883100 173
1883110 173
1883120 173
1883130 173
1883140 173
1883150 173
1883160 173
1883170 173
1883180 173
1883190 173
1883200 173
1883210 173
1883220 173
1883230 172
1883240 172
1883250 172
1883260 172
1883270 172
1883280 172
1883290 172
1883300 172
1883310 172
1883320 172
1883330 172
1883340 172
1883350 172
1883360 172
1883370 172
1883380 172
1883390 172
1883400 172
1883410 172
1883420 172
1883430 173
1883440 173
1883450 173
1883460 173
1883470 173
1883480 173
1883490 173
1883500 173
1883510 173
1883520 173
1883530 173
1883540 173
1883550 173
1883560 173
1883570 173
1883580 173
1883590 173
1883600 173
1883610 173
1883620 173
1883630 173
1883640 173
1883650 173
1883660 173
1883670 173
1883680 173
1883690 173
1883700 173
1883710 173
1883720 173
1883730 172
1883740 172
1883750 172
1883760 172
1883770 172
1883780 172
1883790 172
1883800 172
1883810 172
1883820 172
1883830 172
1883840 172
1883850 172
1883860 172
1883870 172
1883880 172
1883890 172
1883900 172
1883910 172
1883920 172
1883930 172
1883940 172
1883950 172
1883960 172
1883970 172
1883980 172
1883990 172
1884000 172
1884010 172
1884020 172
1884030 172
1884040 172
1884050 172
1884060 172
1884070 172
1884080 172
1884090 172
1884100 172
1884110 172
1884120 172
1884130 172
1884140 172
1884150 172
1884160 172
1884170 172
1884180 172
1884190 172
1884200 172
1884210 172
1884220 172
1884230 172
1884240 172
1884250 172
1884260 172
1884270 172
1884280 172
1884290 172
1884300 172
1884310 172
1884320 172
1884330 172
1884340 172
1884350 172
1884360 172
1884370 172
1884380 172
1884390 172
1884400 172
1884410 172
1884420 172
1884430 172
1884440 172
1884450 171
1884460 171
1884470 172
1884480 172
1884490 172
1884500 172
1884510 171
1884520 171
1884530 171
1884540 171
1884550 171
1884560 171
1884570 171
1884580 171
1884590 171
1884600 171
1884610 171
1884620 170
1884630 170
1884640 170
1884650 170
1884660 170
1884670 170
1884680 170
1884690 169
1884700 169
1884710 169
1884720 169
1884730 169
1884740 169
1884750 168
1884760 168
1884770 168
1884780 168
1884790 168
1884800 168
1884810 167
1884820 167
1884830 166
1884840 166
1884850 166
1884860 165
1884870 165
1884880 165
1884890 164
1884900 164
1884910 164
1884920 164
1884930 163
1884940 163
1884950 163
1884960 164
1884970 164
1884980 164
1884990 164
1885000 164
1885010 164
1885020 163
1885030 163
1885040 162
1885050 161
1885060 161
1885070 160
1885080 159
1885090 159
1885100 159
1885110 158
1885120 158
1885130 158
1885140 157
1885150 157
1885160 156
1885170 156
1885180 156
1885190 155
1885200 154
1885210 154
1885220 154
1885230 153
1885240 153
1885250 153
1885260 152
1885270 152
1885280 151
1885290 151
1885300 151
1885310 150
1885320 150
1885330 150
1885340 149
1885350 149
1885360 149
1885370 149
1885380 148
1885390 148
1885400 148
1885410 148
1885420 148
1885430 147
1885440 147
1885450 147
1885460 147
1885470 146
1885480 146
1885490 146
1885500 146
1885510 146
1885520 145
1885530 145
1885540 145
1885550 144
1885560 144
1885570 144
1885580 143
1885590 143
1885600 143
1885610 142
1885620 142
1885630 142
1885640 142
1885650 141
1885660 141
1885670 141
1885680 141
1885690 141
1885700 141
1885710 141
1885720 141
1885730 141
1885740 140
1885750 140
1885760 140
1885770 140
1885780 140
1885790 140
1885800 140
1885810 140
1885820 140
1885830 140
1885840 140
1885850 140
1885860 139
1885870 139
1885880 139
1885890 139
1885900 139
1885910 139
1885920 139
1885930 139
1885940 139
1885950 139
1885960 139
1885970 139
1885980 139
1885990 139
1886000 139
1886010 139
1886020 139
1886030 139
1886040 139
1886050 139
1886060 139
1886070 139
1886080 139
1886090 139
1886100 139
1886110 139
1886120 139
1886130 139
1886140 139
1886150 139
1886160 139
1886170 139
1886180 139
1886190 139
1886200 139
1886210 139
1886220 139
1886230 139
1886240 139
1886250 140
1886260 139
1886270 140
1886280 139
1886290 139
1886300 139
1886310 139
1886320 139
1886330 139
1886340 139
1886350 139
1886360 140
1886370 139
1886380 139
1886390 139
1886400 140
1886410 140
1886420 140
1886430 140
1886440 140
1886450 140
1886460 140
1886470 140
1886480 140
1886490 140
1886500 140
1886510 140
1886520 140
1886530 140
1886540 140
1886550 140
1886560 140
1886570 140
1886580 139
1886590 139
1886600 139
1886610 139
1886620 139
1886630 139
1886640 139
1886650 139
1886660 139
1886670 140
1886680 140
1886690 140
1886700 140
1886710 140
1886720 140
1886730 140
1886740 140
1886750 140
1886760 140
1886770 140
1886780 140
1886790 141
1886800 141
1886810 140
1886820 140
1886830 140
1886840 140
1886850 139
1886860 139
1886870 139
1886880 139
1886890 139
1886900 139
1886910 139
1886920 139
1886930 139
1886940 139
1886950 139
1886960 139
1886970 139
1886980 139
1886990 139
1887000 139
1887010 139
1887020 139
1887030 139
1887040 139
1887050 139
1887060 139
1887070 139
1887080 139
1887090 139
1887100 139
1887110 138
1887120 138
1887130 138
1887140 139
1887150 139
1887160 139
1887170 139
1887180 139
1887190 139
1887200 139
1887210 139
1887220 139
1887230 139
1887240 139
1887250 139
1887260 138
1887270 138
1887280 138
1887290 138
1887300 138
1887310 138
1887320 138
1887330 138
1887340 138
1887350 138
1887360 139
1887370 139
1887380 139
1887390 139
1887400 139
1887410 139
1887420 139
1887430 139
1887440 139
1887450 139
1887460 139
1887470 137
1887480 137
1887490 137
1887500 137
1887510 137
1887520 137
1887530 138
1887540 138
1887550 138
1887560 138
1887570 138
1887580 138
1887590 139
1887600 139
1887610 139
1887620 138
1887630 137
1887640 137
1887650 137
1887660 137
1887670 137
1887680 137
1887690 137
1887700 137
1887710 137
1887720 137
1887730 137
1887740 137
1887750 137
1887760 137
1887770 137
1887780 137
1887790 137
1887800 139
1887810 138
1887820 138
1887830 137
1887840 137
1887850 137
1887860 137
1887870 138
1887880 138
1887890 139
