1880000 166
1880010 165
1880020 165
1880030 165
1880040 164
1880050 164
1880060 164
1880070 164
1880080 164
1880090 165
1880100 165
1880110 165
1880120 165
1880130 165
1880140 165
1880150 165
1880160 165
1880170 165
1880180 165
1880190 165
1880200 165
1880210 165
1880220 165
1880230 165
1880240 165
1880250 165
1880260 165
1880270 165
1880280 165
1880290 165
1880300 165
1880310 166
1880320 166
1880330 166
1880340 166
1880350 166
1880360 166
1880370 166
1880380 166
1880390 166
1880400 166
1880410 166
1880420 166
1880430 166
1880440 166
1880450 167
1880460 167
1880470 167
1880480 167
1880490 167
1880500 167
1880510 167
1880520 167
1880530 167
1880540 167
1880550 168
1880560 168
1880570 168
1880580 168
1880590 168
1880600 168
1880610 168
1880620 168
1880630 168
1880640 168
1880650 168
1880660 168
1880670 168
1880680 168
1880690 169
1880700 168
1880710 168
1880720 169
1880730 169
1880740 169
1880750 169
1880760 169
1880770 169
1880780 169
1880790 169
1880800 169
1880810 169
1880820 169
1880830 169
1880840 169
1880850 169
1880860 169
1880870 169
1880880 169
1880890 169
1880900 169
1880910 169
1880920 169
1880930 169
1880940 169
1880950 169
1880960 169
1880970 169
1880980 169
1880990 169
1881000 169
1881010 169
1881020 169
1881030 169
1881040 169
1881050 169
1881060 170
1881070 170
1881080 170
1881090 170
1881100 170
1881110 170
1881120 170
1881130 170
1881140 170
1881150 170
1881160 170
1881170 170
1881180 170
1881190 170
1881200 170
1881210 170
1881220 170
1881230 170
1881240 170
1881250 170
1881260 170
1881270 170
1881280 170
1881290 170
1881300 170
1881310 170
1881320 170
1881330 170
1881340 170
1881350 170
1881360 170
1881370 170
1881380 170
1881390 170
1881400 170
1881410 170
1881420 170
1881430 170
1881440 170
1881450 170
1881460 170
1881470 170
1881480 170
1881490 170
1881500 167
1881510 164
1881520 164
1881530 163
1881540 163
1881550 163
1881560 164
1881570 166
1881580 166
1881590 166
1881600 166
1881610 166
1881620 166
1881630 166
1881640 166
1881650 166
1881660 166
1881670 166
1881680 166
1881690 167
1881700 167
1881710 167
1881720 167
1881730 167
1881740 166
1881750 168
1881760 168
1881770 171
1881780 171
1881790 171
1881800 170
1881810 170
1881820 170
1881830 170
1881840 170
1881850 170
1881860 170
1881870 170
1881880 170
1881890 170
1881900 170
1881910 170
1881920 170
1881930 171
1881940 171
1881950 171
1881960 171
1881970 171
1881980 170
1881990 170
1882000 170
1882010 170
1882020 170
1882030 170
1882040 170
1882050 170
1882060 170
1882070 170
1882080 170
1882090 170
1882100 170
1882110 170
1882120 170
1882130 170
1882140 170
1882150 170
1882160 170
1882170 170
1882180 170
1882190 170
1882200 170
1882210 170
1882220 170
1882230 170
1882240 170
1882250 170
1882260 170
1882270 170
1882280 170
1882290 170
1882300 170
1882310 170
1882320 170
1882330 170
1882340 170
1882350 170
1882360 170
1882370 170
1882380 170
1882390 170
1882400 170
1882410 170
1882420 170
1882430 170
1882440 170
1882450 170
1882460 170
1882470 170
1882480 170
1882490 170
1882500 170
1882510 170
1882520 170
1882530 170
1882540 170
1882550 170
1882560 170
1882570 170
1882580 170
1882590 170
1882600 170
1882610 170
1882620 170
1882630 170
1882640 170
1882650 170
1882660 170
1882670 170
1882680 170
1882690 170
1882700 170
1882710 170
1882720 170
1882730 170
1882740 170
1882750 170
1882760 170
1882770 170
1882780 170
1882790 170
1882800 170
1882810 170
1882820 170
1882830 170
1882840 170
1882850 170
1882860 170
1882870 170
1882880 169
1882890 169
1882900 170
1882910 170
1882920 170
1882930 169
1882940 169
1882950 169
1882960 169
1882970 169
1882980 169
1882990 169
1883000 169
1883010 169
1883020 168
1883030 168
1883040 168
1883050 168
1883060 167
1883070 167
1883080 167
1883090 167
1883100 167
1883110 167
1883120 167
1883130 167
1883140 167
1883150 167
1883160 167
1883170 167
1883180 167
1883190 167
1883200 167
1883210 168
1883220 168
1883230 168
1883240 169
1883250 169
1883260 169
1883270 169
1883280 169
1883290 169
1883300 169
1883310 169
1883320 169
1883330 169
1883340 169
1883350 170
1883360 170
1883370 170
1883380 170
1883390 170
1883400 170
1883410 170
1883420 170
1883430 170
1883440 170
1883450 170
1883460 170
1883470 170
1883480 170
1883490 170
1883500 170
1883510 170
1883520 170
1883530 171
1883540 171
1883550 171
1883560 171
1883570 171
1883580 171
1883590 171
1883600 172
1883610 172
1883620 172
1883630 172
1883640 172
1883650 172
1883660 172
1883670 172
1883680 172
1883690 173
1883700 173
1883710 173
1883720 173
1883730 173
1883740 173
1883750 173
1883760 173
1883770 172
1883780 172
1883790 172
1883800 172
1883810 172
1883820 172
1883830 172
1883840 172
1883850 172
1883860 172
1883870 172
1883880 172
1883890 172
1883900 172
1883910 172
1883920 172
1883930 172
1883940 172
1883950 172
1883960 172
1883970 172
1883980 172
1883990 172
1884000 172
1884010 172
1884020 172
1884030 172
1884040 172
1884050 172
1884060 172
1884070 172
1884080 172
1884090 172
1884100 172
1884110 172
1884120 172
1884130 172
1884140 172
1884150 172
1884160 172
1884170 172
1884180 172
1884190 172
1884200 172
1884210 172
1884220 172
1884230 172
1884240 172
1884250 172
1884260 172
1884270 172
1884280 172
1884290 171
1884300 171
1884310 171
1884320 171
1884330 171
1884340 170
1884350 170
1884360 170
1884370 169
1884380 170
1884390 170
1884400 170
1884410 170
1884420 170
1884430 170
1884440 169
1884450 169
1884460 169
1884470 167
1884480 167
1884490 165
1884500 163
1884510 163
1884520 161
1884530 159
1884540 159
1884550 157
1884560 156
1884570 156
1884580 155
1884590 154
1884600 154
1884610 153
1884620 152
1884630 152
1884640 151
1884650 151
1884660 151
1884670 150
1884680 150
1884690 150
1884700 149
1884710 149
1884720 149
1884730 148
1884740 148
1884750 148
1884760 148
1884770 147
1884780 147
1884790 147
1884800 146
1884810 146
1884820 146
1884830 146
1884840 146
1884850 145
1884860 145
1884870 145
1884880 145
1884890 145
1884900 145
1884910 145
1884920 144
1884930 144
1884940 144
1884950 144
1884960 144
1884970 144
1884980 144
1884990 144
1885000 143
1885010 143
1885020 143
1885030 143
1885040 143
1885050 143
1885060 143
1885070 142
1885080 142
1885090 142
1885100 142
1885110 142
1885120 141
1885130 141
1885140 141
1885150 141
1885160 141
1885170 141
1885180 141
1885190 141
1885200 141
1885210 141
1885220 141
1885230 141
1885240 141
1885250 140
1885260 140
1885270 140
1885280 140
1885290 140
1885300 140
1885310 140
1885320 140
1885330 140
1885340 140
1885350 140
1885360 140
1885370 140
1885380 140
1885390 140
1885400 140
1885410 140
1885420 140
1885430 140
1885440 140
1885450 140
1885460 140
1885470 140
1885480 140
1885490 140
1885500 140
1885510 140
1885520 140
1885530 140
1885540 140
1885550 140
1885560 140
1885570 139
1885580 139
1885590 139
1885600 139
1885610 139
1885620 139
1885630 139
1885640 139
1885650 139
1885660 139
1885670 139
1885680 139
1885690 139
1885700 139
1885710 139
1885720 139
1885730 139
1885740 139
1885750 139
1885760 140
1885770 140
1885780 140
1885790 140
1885800 140
1885810 139
1885820 140
1885830 140
1885840 140
1885850 140
1885860 140
1885870 140
1885880 140
1885890 140
1885900 140
1885910 140
1885920 140
1885930 140
1885940 140
1885950 140
1885960 140
1885970 140
1885980 140
1885990 140
1886000 140
1886010 140
1886020 140
1886030 140
1886040 140
1886050 140
1886060 140
1886070 140
1886080 140
1886090 140
1886100 140
1886110 140
1886120 140
1886130 140
1886140 140
1886150 140
1886160 140
1886170 140
1886180 140
1886190 140
1886200 140
1886210 140
1886220 140
1886230 139
1886240 139
1886250 139
1886260 139
1886270 139
1886280 139
1886290 139
1886300 139
1886310 139
1886320 139
1886330 140
1886340 140
1886350 140
1886360 140
1886370 140
1886380 140
1886390 140
1886400 140
1886410 140
1886420 140
1886430 140
1886440 140
1886450 140
1886460 140
1886470 140
1886480 140
1886490 140
1886500 140
1886510 140
1886520 140
1886530 140
1886540 140
1886550 139
1886560 137
1886570 137
1886580 137
1886590 137
1886600 137
1886610 137
1886620 137
1886630 137
1886640 137
1886650 137
1886660 137
1886670 137
1886680 137
1886690 137
1886700 137
1886710 139
1886720 139
1886730 139
1886740 138
1886750 138
1886760 138
1886770 138
1886780 138
1886790 138
1886800 138
1886810 138
1886820 138
1880000 166
1880010 165
1880020 165
1880030 165
1880040 164
1880050 164
1880060 164
1880070 164
1880080 164
1880090 165
1880100 165
1880110 165
1880120 165
1880130 165
1880140 165
1880150 165
1880160 165
1880170 165
1880180 165
1880190 165
1880200 165
1880210 165
1880220 165
1880230 165
1880240 165
1880250 165
1880260 165
1880270 165
1880280 165
1880290 165
1880300 165
1880310 166
1880320 166
1880330 166
1880340 166
1880350 166
1880360 166
1880370 166
1880380 166
1880390 166
1880400 166
1880410 166
1880420 166
1880430 166
1880440 166
1880450 167
1880460 167
1880470 167
1880480 167
1880490 167
1880500 167
1880510 167
1880520 167
1880530 167
1880540 167
1880550 168
1880560 168
1880570 168
1880580 168
1880590 168
1880600 168
1880610 168
1880620 168
1880630 168
1880640 168
1880650 168
1880660 168
1880670 168
1880680 168
1880690 169
1880700 168
1880710 168
1880720 169
1880730 169
1880740 169
1880750 169
1880760 169
1880770 169
1880780 169
1880790 169
1880800 169
1880810 169
1880820 169
1880830 169
1880840 169
1880850 169
1880860 169
1880870 169
1880880 169
1880890 169
1880900 169
1880910 169
1880920 169
1880930 169
1880940 169
1880950 169
1880960 169
1880970 169
1880980 169
1880990 169
1881000 169
1881010 169
1881020 169
1881030 169
1881040 169
1881050 169
1881060 170
1881070 170
1881080 170
1881090 170
1881100 170
1881110 170
1881120 170
1881130 170
1881140 170
1881150 170
1881160 170
1881170 170
1881180 170
1881190 170
1881200 170
1881210 170
1881220 170
1881230 170
1881240 170
1881250 170
1881260 170
1881270 170
1881280 170
1881290 170
1881300 170
1881310 170
1881320 170
1881330 170
1881340 170
1881350 170
1881360 170
1881370 170
1881380 170
1881390 170
1881400 170
1881410 170
1881420 170
1881430 170
1881440 170
1881450 170
1881460 170
1881470 170
1881480 170
1881490 170
1881500 167
1881510 164
1881520 164
1881530 163
1881540 163
1881550 163
1881560 164
1881570 166
1881580 166
1881590 166
1881600 166
1881610 166
1881620 166
1881630 166
1881640 166
1881650 166
1881660 166
1881670 166
1881680 166
1881690 167
1881700 167
1881710 167
1881720 167
1881730 167
1881740 166
1881750 168
1881760 168
1881770 171
1881780 171
1881790 171
1881800 170
1881810 170
1881820 170
1881830 170
1881840 170
1881850 170
1881860 170
1881870 170
1881880 170
1881890 170
1881900 170
1881910 170
1881920 170
1881930 171
1881940 171
1881950 171
1881960 171
1881970 171
1881980 170
1881990 170
1882000 170
1882010 170
1882020 170
1882030 170
1882040 170
1882050 170
1882060 170
1882070 170
1882080 170
1882090 170
1882100 170
1882110 170
1882120 170
1882130 170
1882140 170
1882150 170
1882160 170
1882170 170
1882180 170
1882190 170
1882200 170
1882210 170
1882220 170
1882230 170
1882240 170
1882250 170
1882260 170
1882270 170
1882280 170
1882290 170
1882300 170
1882310 170
1882320 170
1882330 170
1882340 170
1882350 170
1882360 170
1882370 170
1882380 170
1882390 170
1882400 170
1882410 170
1882420 170
1882430 170
1882440 170
1882450 170
1882460 170
1882470 170
1882480 170
1882490 170
1882500 170
1882510 170
1882520 170
1882530 170
1882540 170
1882550 170
1882560 170
1882570 170
1882580 170
1882590 170
1882600 170
1882610 170
1882620 170
1882630 170
1882640 170
1882650 170
1882660 170
1882670 170
1882680 170
1882690 170
1882700 170
1882710 170
1882720 170
1882730 170
1882740 170
1882750 170
1882760 170
1882770 170
1882780 170
1882790 170
1882800 170
1882810 170
1882820 170
1882830 170
1882840 170
1882850 170
1882860 170
1882870 170
1882880 169
1882890 169
1882900 170
1882910 170
1882920 170
1882930 169
1882940 169
1882950 169
1882960 169
1882970 169
1882980 169
1882990 169
1883000 169
1883010 169
1883020 168
1883030 168
1883040 168
1883050 168
1883060 167
1883070 167
1883080 167
1883090 167
1883100 167
1883110 167
1883120 167
1883130 167
1883140 167
1883150 167
1883160 167
1883170 167
1883180 167
1883190 167
1883200 167
1883210 168
1883220 168
1883230 168
1883240 169
1883250 169
1883260 169
1883270 169
1883280 169
1883290 169
1883300 169
1883310 169
1883320 169
1883330 169
1883340 169
1883350 170
1883360 170
1883370 170
1883380 170
1883390 170
1883400 170
1883410 170
1883420 170
1883430 170
1883440 170
1883450 170
1883460 170
1883470 170
1883480 170
1883490 170
1883500 170
1883510 170
1883520 170
1883530 171
1883540 171
1883550 171
1883560 171
1883570 171
1883580 171
1883590 171
1883600 172
1883610 172
1883620 172
1883630 172
1883640 172
1883650 172
1883660 172
1883670 172
1883680 172
1883690 173
1883700 173
1883710 173
1883720 173
1883730 173
1883740 173
1883750 173
1883760 173
1883770 172
1883780 172
1883790 172
1883800 172
1883810 172
1883820 172
1883830 172
1883840 172
1883850 172
1883860 172
1883870 172
1883880 172
1883890 172
1883900 172
1883910 172
1883920 172
1883930 172
1883940 172
1883950 172
1883960 172
1883970 172
1883980 172
1883990 172
1884000 172
1884010 172
1884020 172
1884030 172
1884040 172
1884050 172
1884060 172
1884070 172
1884080 172
1884090 172
1884100 172
1884110 172
1884120 172
1884130 172
1884140 172
1884150 172
1884160 172
1884170 172
1884180 172
1884190 172
1884200 172
1884210 172
1884220 172
1884230 172
1884240 172
1884250 172
1884260 172
1884270 172
1884280 172
1884290 171
1884300 171
1884310 171
1884320 171
1884330 171
1884340 170
1884350 170
1884360 170
1884370 169
1884380 170
1884390 170
1884400 170
1884410 170
1884420 170
1884430 170
1884440 169
1884450 169
1884460 169
1884470 167
1884480 167
1884490 165
1884500 163
1884510 163
1884520 161
1884530 159
1884540 159
1884550 157
1884560 156
1884570 156
1884580 155
1884590 154
1884600 154
1884610 153
1884620 152
1884630 152
1884640 151
1884650 151
1884660 151
1884670 150
1884680 150
1884690 150
1884700 149
1884710 149
1884720 149
1884730 148
1884740 148
1884750 148
1884760 148
1884770 147
1884780 147
1884790 147
1884800 146
1884810 146
1884820 146
1884830 146
1884840 146
1884850 145
1884860 145
1884870 145
1884880 145
1884890 145
1884900 145
1884910 145
1884920 144
1884930 144
1884940 144
1884950 144
1884960 144
1884970 144
1884980 144
1884990 144
1885000 143
1885010 143
1885020 143
1885030 143
1885040 143
1885050 143
1885060 143
1885070 142
1885080 142
1885090 142
1885100 142
1885110 142
1885120 141
1885130 141
1885140 141
1885150 141
1885160 141
1885170 141
1885180 141
1885190 141
1885200 141
1885210 141
1885220 141
1885230 141
1885240 141
1885250 140
1885260 140
1885270 140
1885280 140
1885290 140
1885300 140
1885310 140
1885320 140
1885330 140
1885340 140
1885350 140
1885360 140
1885370 140
1885380 140
1885390 140
1885400 140
1885410 140
1885420 140
1885430 140
1885440 140
1885450 140
1885460 140
1885470 140
1885480 140
1885490 140
1885500 140
1885510 140
1885520 140
1885530 140
1885540 140
1885550 140
1885560 140
1885570 139
1885580 139
1885590 139
1885600 139
1885610 139
1885620 139
1885630 139
1885640 139
1885650 139
1885660 139
1885670 139
1885680 139
1885690 139
1885700 139
1885710 139
1885720 139
1885730 139
1885740 139
1885750 139
1885760 140
1885770 140
1885780 140
1885790 140
1885800 140
1885810 139
1885820 140
1885830 140
1885840 140
1885850 140
1885860 140
1885870 140
1885880 140
1885890 140
1885900 140
1885910 140
1885920 140
1885930 140
1885940 140
1885950 140
1885960 140
1885970 140
1885980 140
1885990 140
1886000 140
1886010 140
1886020 140
1886030 140
1886040 140
1886050 140
1886060 140
1886070 140
1886080 140
1886090 140
1886100 140
1886110 140
1886120 140
1886130 140
1886140 140
1886150 140
1886160 140
1886170 140
1886180 140
1886190 140
1886200 140
1886210 140
1886220 140
1886230 139
1886240 139
1886250 139
1886260 139
1886270 139
1886280 139
1886290 139
1886300 139
1886310 139
1886320 139
1886330 140
1886340 140
1886350 140
1886360 140
1886370 140
1886380 140
1886390 140
1886400 140
1886410 140
1886420 140
1886430 140
1886440 140
1886450 140
1886460 140
1886470 140
1886480 140
1886490 140
1886500 140
1886510 140
1886520 140
1886530 140
1886540 140
1886550 139
1886560 137
1886570 137
1886580 137
1886590 137
1886600 137
1886610 137
1886620 137
1886630 137
1886640 137
1886650 137
1886660 137
1886670 137
1886680 137
1886690 137
1886700 137
1886710 139
1886720 139
1886730 139
1886740 138
1886750 138
1886760 138
1886770 138
1886780 138
1886790 138
1886800 138
1886810 138
1886820 138
