1880000 166
1880010 167
1880020 167
1880030 167
1880040 167
1880050 167
1880060 168
1880070 168
1880080 168
1880090 168
1880100 168
1880110 168
1880120 168
1880130 168
1880140 168
1880150 168
1880160 168
1880170 168
1880180 168
1880190 169
1880200 169
1880210 169
1880220 169
1880230 169
1880240 169
1880250 169
1880260 169
1880270 169
1880280 169
1880290 169
1880300 169
1880310 169
1880320 169
1880330 169
1880340 169
1880350 169
1880360 169
1880370 169
1880380 169
1880390 169
1880400 169
1880410 169
1880420 169
1880430 169
1880440 169
1880450 169
1880460 169
1880470 169
1880480 169
1880490 169
1880500 169
1880510 169
1880520 169
1880530 169
1880540 169
1880550 169
1880560 169
1880570 169
1880580 169
1880590 169
1880600 169
1880610 169
1880620 169
1880630 169
1880640 169
1880650 169
1880660 169
1880670 169
1880680 169
1880690 169
1880700 169
1880710 169
1880720 169
1880730 169
1880740 169
1880750 169
1880760 169
1880770 169
1880780 169
1880790 169
1880800 169
1880810 170
1880820 170
1880830 170
1880840 170
1880850 170
1880860 170
1880870 170
1880880 170
1880890 170
1880900 170
1880910 170
1880920 170
1880930 170
1880940 170
1880950 170
1880960 170
1880970 170
1880980 170
1880990 170
1881000 170
1881010 170
1881020 170
1881030 170
1881040 170
1881050 170
1881060 170
1881070 170
1881080 170
1881090 170
1881100 170
1881110 170
1881120 170
1881130 170
1881140 170
1881150 170
1881160 170
1881170 170
1881180 170
1881190 170
1881200 170
1881210 170
1881220 170
1881230 170
1881240 170
1881250 170
1881260 170
1881270 170
1881280 170
1881290 170
1881300 170
1881310 170
1881320 170
1881330 170
1881340 170
1881350 170
1881360 170
1881370 170
1881380 170
1881390 170
1881400 170
1881410 170
1881420 171
1881430 171
1881440 171
1881450 171
1881460 171
1881470 171
1881480 171
1881490 171
1881500 171
1881510 171
1881520 171
1881530 171
1881540 171
1881550 171
1881560 171
1881570 171
1881580 171
1881590 171
1881600 171
1881610 171
1881620 171
1881630 171
1881640 171
1881650 171
1881660 171
1881670 171
1881680 171
1881690 170
1881700 171
1881710 171
1881720 171
1881730 171
1881740 171
1881750 171
1881760 171
1881770 171
1881780 171
1881790 171
1881800 171
1881810 171
1881820 171
1881830 171
1881840 171
1881850 171
1881860 171
1881870 171
1881880 171
1881890 171
1881900 171
1881910 171
1881920 171
1881930 171
1881940 171
1881950 171
1881960 171
1881970 171
1881980 171
1881990 171
1882000 171
1882010 170
1882020 170
1882030 170
1882040 170
1882050 170
1882060 170
1882070 170
1882080 170
1882090 170
1882100 170
1882110 170
1882120 170
1882130 170
1882140 170
1882150 170
1882160 170
1882170 170
1882180 170
1882190 170
1882200 170
1882210 170
1882220 170
1882230 170
1882240 170
1882250 170
1882260 170
1882270 170
1882280 170
1882290 170
1882300 170
1882310 170
1882320 170
1882330 170
1882340 170
1882350 170
1882360 170
1882370 170
1882380 170
1882390 170
1882400 170
1882410 169
1882420 169
1882430 169
1882440 169
1882450 169
1882460 169
1882470 169
1882480 169
1882490 169
1882500 169
1882510 169
1882520 169
1882530 169
1882540 169
1882550 169
1882560 169
1882570 169
1882580 169
1882590 169
1882600 169
1882610 169
1882620 169
1882630 169
1882640 169
1882650 169
1882660 169
1882670 169
1882680 168
1882690 168
1882700 168
1882710 168
1882720 168
1882730 168
1882740 168
1882750 168
1882760 168
1882770 168
1882780 168
1882790 168
1882800 168
1882810 168
1882820 168
1882830 168
1882840 168
1882850 168
1882860 168
1882870 168
1882880 168
1882890 168
1882900 168
1882910 168
1882920 168
1882930 168
1882940 168
1882950 168
1882960 168
1882970 168
1882980 168
1882990 168
1883000 168
1883010 168
1883020 168
1883030 168
1883040 168
1883050 168
1883060 168
1883070 167
1883080 167
1883090 167
1883100 167
1883110 167
1883120 167
1883130 167
1883140 167
1883150 167
1883160 166
1883170 166
1883180 166
1883190 165
1883200 165
1883210 165
1883220 164
1883230 164
1883240 164
1883250 164
1883260 164
1883270 164
1883280 164
1883290 164
1883300 164
1883310 164
1883320 164
1883330 163
1883340 163
1883350 163
1883360 164
1883370 164
1883380 164
1883390 164
1883400 164
1883410 164
1883420 165
1883430 165
1883440 165
1883450 165
1883460 166
1883470 166
1883480 167
1883490 167
1883500 167
1883510 168
1883520 168
1883530 168
1883540 168
1883550 168
1883560 168
1883570 168
1883580 169
1883590 169
1883600 169
1883610 169
1883620 169
1883630 169
1883640 169
1883650 169
1883660 169
1883670 170
1883680 170
1883690 170
1883700 170
1883710 170
1883720 170
1883730 171
1883740 171
1883750 171
1883760 171
1883770 171
1883780 171
1883790 171
1883800 171
1883810 172
1883820 172
1883830 172
1883840 172
1883850 172
1883860 172
1883870 172
1883880 172
1883890 172
1883900 172
1883910 172
1883920 172
1883930 172
1883940 173
1883950 173
1883960 172
1883970 172
1883980 172
1883990 172
1884000 172
1884010 172
1884020 172
1884030 172
1884040 172
1884050 172
1884060 172
1884070 172
1884080 172
1884090 172
1884100 172
1884110 171
1884120 171
1884130 171
1884140 171
1884150 171
1884160 171
1884170 171
1884180 171
1884190 171
1884200 171
1884210 171
1884220 171
1884230 171
1884240 171
1884250 171
1884260 170
1884270 167
1884280 167
1884290 165
1884300 163
1884310 163
1884320 161
1884330 160
1884340 160
1884350 158
1884360 157
1884370 157
1884380 156
1884390 156
1884400 156
1884410 155
1884420 154
1884430 154
1884440 154
1884450 153
1884460 153
1884470 152
1884480 152
1884490 152
1884500 152
1884510 152
1884520 152
1884530 151
1884540 151
1884550 151
1884560 150
1884570 149
1884580 149
1884590 149
1884600 148
1884610 148
1884620 147
1884630 147
1884640 147
1884650 146
1884660 146
1884670 146
1884680 145
1884690 145
1884700 145
1884710 144
1884720 144
1884730 144
1884740 144
1884750 144
1884760 144
1884770 144
1884780 143
1884790 143
1884800 143
1884810 143
1884820 143
1884830 143
1884840 143
1884850 143
1884860 142
1884870 142
1884880 142
1884890 142
1884900 142
1884910 142
1884920 142
1884930 142
1884940 142
1884950 141
1884960 141
1884970 141
1884980 141
1884990 141
1885000 141
1885010 141
1885020 141
1885030 141
1885040 141
1885050 141
1885060 141
1885070 141
1885080 141
1885090 141
1885100 141
1885110 141
1885120 141
1885130 141
1885140 141
1885150 141
1885160 141
1885170 141
1885180 141
1885190 140
1885200 140
1885210 140
1885220 140
1885230 140
1885240 140
1885250 140
1885260 140
1885270 140
1885280 140
1885290 140
1885300 140
1885310 140
1885320 140
1885330 140
1885340 140
1885350 140
1885360 140
1885370 140
1885380 140
1885390 140
1885400 140
1885410 140
1885420 140
1885430 140
1885440 140
1885450 140
1885460 140
1885470 140
1885480 140
1885490 140
1885500 140
1885510 140
1885520 140
1885530 140
1885540 140
1885550 140
1885560 140
1885570 140
1885580 139
1885590 139
1885600 140
1885610 140
1885620 139
1885630 139
1885640 139
1885650 139
1885660 139
1885670 139
1885680 139
1885690 139
1885700 139
1885710 140
1885720 140
1885730 140
1885740 139
1885750 139
1885760 139
1885770 140
1885780 140
1885790 140
1885800 140
1885810 140
1885820 140
1885830 140
1885840 140
1885850 140
1885860 140
1885870 140
1885880 140
1885890 140
1885900 140
1885910 140
1885920 140
1885930 140
1885940 140
1885950 140
1885960 140
1885970 140
1885980 140
1885990 140
1886000 140
1886010 140
1886020 140
1886030 140
1886040 140
1886050 140
1886060 140
1886070 140
1886080 140
1886090 140
1886100 140
1886110 140
1886120 140
1886130 140
1886140 140
1886150 140
1886160 140
1886170 140
1886180 140
1886190 140
1886200 140
1886210 140
1886220 140
1886230 140
1886240 140
1886250 140
1886260 140
1886270 140
1886280 140
1886290 140
1886300 140
1886310 140
1886320 140
1886330 140
1886340 140
1886350 140
1886360 140
1886370 140
1886380 140
1886390 140
1886400 140
1886410 140
1886420 140
1886430 137
1886440 137
1886450 137
1886460 137
1886470 137
1886480 137
1886490 137
1886500 137
1886510 137
1886520 137
1886530 137
1886540 137
1886550 138
1886560 138
1886570 138
1886580 138
1886590 138
1886600 138
1886610 138
1886620 138
1886630 138
1880000 166
1880010 167
1880020 167
1880030 167
1880040 167
1880050 167
1880060 168
1880070 168
1880080 168
1880090 168
1880100 168
1880110 168
1880120 168
1880130 168
1880140 168
1880150 168
1880160 168
1880170 168
1880180 168
1880190 169
1880200 169
1880210 169
1880220 169
1880230 169
1880240 169
1880250 169
1880260 169
1880270 169
1880280 169
1880290 169
1880300 169
1880310 169
1880320 169
1880330 169
1880340 169
1880350 169
1880360 169
1880370 169
1880380 169
1880390 169
1880400 169
1880410 169
1880420 169
1880430 169
1880440 169
1880450 169
1880460 169
1880470 169
1880480 169
1880490 169
1880500 169
1880510 169
1880520 169
1880530 169
1880540 169
1880550 169
1880560 169
1880570 169
1880580 169
1880590 169
1880600 169
1880610 169
1880620 169
1880630 169
1880640 169
1880650 169
1880660 169
1880670 169
1880680 169
1880690 169
1880700 169
1880710 169
1880720 169
1880730 169
1880740 169
1880750 169
1880760 169
1880770 169
1880780 169
1880790 169
1880800 169
1880810 170
1880820 170
1880830 170
1880840 170
1880850 170
1880860 170
1880870 170
1880880 170
1880890 170
1880900 170
1880910 170
1880920 170
1880930 170
1880940 170
1880950 170
1880960 170
1880970 170
1880980 170
1880990 170
1881000 170
1881010 170
1881020 170
1881030 170
1881040 170
1881050 170
1881060 170
1881070 170
1881080 170
1881090 170
1881100 170
1881110 170
1881120 170
1881130 170
1881140 170
1881150 170
1881160 170
1881170 170
1881180 170
1881190 170
1881200 170
1881210 170
1881220 170
1881230 170
1881240 170
1881250 170
1881260 170
1881270 170
1881280 170
1881290 170
1881300 170
1881310 170
1881320 170
1881330 170
1881340 170
1881350 170
1881360 170
1881370 170
1881380 170
1881390 170
1881400 170
1881410 170
1881420 171
1881430 171
1881440 171
1881450 171
1881460 171
1881470 171
1881480 171
1881490 171
1881500 171
1881510 171
1881520 171
1881530 171
1881540 171
1881550 171
1881560 171
1881570 171
1881580 171
1881590 171
1881600 171
1881610 171
1881620 171
1881630 171
1881640 171
1881650 171
1881660 171
1881670 171
1881680 171
1881690 170
1881700 171
1881710 171
1881720 171
1881730 171
1881740 171
1881750 171
1881760 171
1881770 171
1881780 171
1881790 171
1881800 171
1881810 171
1881820 171
1881830 171
1881840 171
1881850 171
1881860 171
1881870 171
1881880 171
1881890 171
1881900 171
1881910 171
1881920 171
1881930 171
1881940 171
1881950 171
1881960 171
1881970 171
1881980 171
1881990 171
1882000 171
1882010 170
1882020 170
1882030 170
1882040 170
1882050 170
1882060 170
1882070 170
1882080 170
1882090 170
1882100 170
1882110 170
1882120 170
1882130 170
1882140 170
1882150 170
1882160 170
1882170 170
1882180 170
1882190 170
1882200 170
1882210 170
1882220 170
1882230 170
1882240 170
1882250 170
1882260 170
1882270 170
1882280 170
1882290 170
1882300 170
1882310 170
1882320 170
1882330 170
1882340 170
1882350 170
1882360 170
1882370 170
1882380 170
1882390 170
1882400 170
1882410 169
1882420 169
1882430 169
1882440 169
1882450 169
1882460 169
1882470 169
1882480 169
1882490 169
1882500 169
1882510 169
1882520 169
1882530 169
1882540 169
1882550 169
1882560 169
1882570 169
1882580 169
1882590 169
1882600 169
1882610 169
1882620 169
1882630 169
1882640 169
1882650 169
1882660 169
1882670 169
1882680 168
1882690 168
1882700 168
1882710 168
1882720 168
1882730 168
1882740 168
1882750 168
1882760 168
1882770 168
1882780 168
1882790 168
1882800 168
1882810 168
1882820 168
1882830 168
1882840 168
1882850 168
1882860 168
1882870 168
1882880 168
1882890 168
1882900 168
1882910 168
1882920 168
1882930 168
1882940 168
1882950 168
1882960 168
1882970 168
1882980 168
1882990 168
1883000 168
1883010 168
1883020 168
1883030 168
1883040 168
1883050 168
1883060 168
1883070 167
1883080 167
1883090 167
1883100 167
1883110 167
1883120 167
1883130 167
1883140 167
1883150 167
1883160 166
1883170 166
1883180 166
1883190 165
1883200 165
1883210 165
1883220 164
1883230 164
1883240 164
1883250 164
1883260 164
1883270 164
1883280 164
1883290 164
1883300 164
1883310 164
1883320 164
1883330 163
1883340 163
1883350 163
1883360 164
1883370 164
1883380 164
1883390 164
1883400 164
1883410 164
1883420 165
1883430 165
1883440 165
1883450 165
1883460 166
1883470 166
1883480 167
1883490 167
1883500 167
1883510 168
1883520 168
1883530 168
1883540 168
1883550 168
1883560 168
1883570 168
1883580 169
1883590 169
1883600 169
1883610 169
1883620 169
1883630 169
1883640 169
1883650 169
1883660 169
1883670 170
1883680 170
1883690 170
1883700 170
1883710 170
1883720 170
1883730 171
1883740 171
1883750 171
1883760 171
1883770 171
1883780 171
1883790 171
1883800 171
1883810 172
1883820 172
1883830 172
1883840 172
1883850 172
1883860 172
1883870 172
1883880 172
1883890 172
1883900 172
1883910 172
1883920 172
1883930 172
1883940 173
1883950 173
1883960 172
1883970 172
1883980 172
1883990 172
1884000 172
1884010 172
1884020 172
1884030 172
1884040 172
1884050 172
1884060 172
1884070 172
1884080 172
1884090 172
1884100 172
1884110 171
1884120 171
1884130 171
1884140 171
1884150 171
1884160 171
1884170 171
1884180 171
1884190 171
1884200 171
1884210 171
1884220 171
1884230 171
1884240 171
1884250 171
1884260 170
1884270 167
1884280 167
1884290 165
1884300 163
1884310 163
1884320 161
1884330 160
1884340 160
1884350 158
1884360 157
1884370 157
1884380 156
1884390 156
1884400 156
1884410 155
1884420 154
1884430 154
1884440 154
1884450 153
1884460 153
1884470 152
1884480 152
1884490 152
1884500 152
1884510 152
1884520 152
1884530 151
1884540 151
1884550 151
1884560 150
1884570 149
1884580 149
1884590 149
1884600 148
1884610 148
1884620 147
1884630 147
1884640 147
1884650 146
1884660 146
1884670 146
1884680 145
1884690 145
1884700 145
1884710 144
1884720 144
1884730 144
1884740 144
1884750 144
1884760 144
1884770 144
1884780 143
1884790 143
1884800 143
1884810 143
1884820 143
1884830 143
1884840 143
1884850 143
1884860 142
1884870 142
1884880 142
1884890 142
1884900 142
1884910 142
1884920 142
1884930 142
1884940 142
1884950 141
1884960 141
1884970 141
1884980 141
1884990 141
1885000 141
1885010 141
1885020 141
1885030 141
1885040 141
1885050 141
1885060 141
1885070 141
1885080 141
1885090 141
1885100 141
1885110 141
1885120 141
1885130 141
1885140 141
1885150 141
1885160 141
1885170 141
1885180 141
1885190 140
1885200 140
1885210 140
1885220 140
1885230 140
1885240 140
1885250 140
1885260 140
1885270 140
1885280 140
1885290 140
1885300 140
1885310 140
1885320 140
1885330 140
1885340 140
1885350 140
1885360 140
1885370 140
1885380 140
1885390 140
1885400 140
1885410 140
1885420 140
1885430 140
1885440 140
1885450 140
1885460 140
1885470 140
1885480 140
1885490 140
1885500 140
1885510 140
1885520 140
1885530 140
1885540 140
1885550 140
1885560 140
1885570 140
1885580 139
1885590 139
1885600 140
1885610 140
1885620 139
1885630 139
1885640 139
1885650 139
1885660 139
1885670 139
1885680 139
1885690 139
1885700 139
1885710 140
1885720 140
1885730 140
1885740 139
1885750 139
1885760 139
1885770 140
1885780 140
1885790 140
1885800 140
1885810 140
1885820 140
1885830 140
1885840 140
1885850 140
1885860 140
1885870 140
1885880 140
1885890 140
1885900 140
1885910 140
1885920 140
1885930 140
1885940 140
1885950 140
1885960 140
1885970 140
1885980 140
1885990 140
1886000 140
1886010 140
1886020 140
1886030 140
1886040 140
1886050 140
1886060 140
1886070 140
1886080 140
1886090 140
1886100 140
1886110 140
1886120 140
1886130 140
1886140 140
1886150 140
1886160 140
1886170 140
1886180 140
1886190 140
1886200 140
1886210 140
1886220 140
1886230 140
1886240 140
1886250 140
1886260 140
1886270 140
1886280 140
1886290 140
1886300 140
1886310 140
1886320 140
1886330 140
1886340 140
1886350 140
1886360 140
1886370 140
1886380 140
1886390 140
1886400 140
1886410 140
1886420 140
1886430 137
1886440 137
1886450 137
1886460 137
1886470 137
1886480 137
1886490 137
1886500 137
1886510 137
1886520 137
1886530 137
1886540 137
1886550 138
1886560 138
1886570 138
1886580 138
1886590 138
1886600 138
1886610 138
1886620 138
1886630 138
