1880000 164
1880010 164
1880020 164
1880030 164
1880040 164
1880050 164
1880060 164
1880070 164
1880080 165
1880090 165
1880100 165
1880110 165
1880120 165
1880130 165
1880140 166
1880150 166
1880160 166
1880170 166
1880180 167
1880190 167
1880200 167
1880210 167
1880220 167
1880230 168
1880240 168
1880250 168
1880260 169
1880270 169
1880280 169
1880290 169
1880300 169
1880310 169
1880320 169
1880330 170
1880340 170
1880350 170
1880360 170
1880370 170
1880380 170
1880390 170
1880400 170
1880410 170
1880420 170
1880430 170
1880440 171
1880450 171
1880460 171
1880470 171
1880480 171
1880490 171
1880500 171
1880510 171
1880520 171
1880530 171
1880540 171
1880550 171
1880560 171
1880570 171
1880580 171
1880590 171
1880600 171
1880610 171
1880620 171
1880630 171
1880640 171
1880650 171
1880660 171
1880670 171
1880680 170
1880690 170
1880700 170
1880710 170
1880720 170
1880730 170
1880740 170
1880750 170
1880760 170
1880770 170
1880780 170
1880790 170
1880800 170
1880810 171
1880820 171
1880830 171
1880840 171
1880850 171
1880860 171
1880870 171
1880880 171
1880890 171
1880900 171
1880910 171
1880920 171
1880930 172
1880940 172
1880950 172
1880960 172
1880970 172
1880980 172
1880990 172
1881000 172
1881010 172
1881020 172
1881030 172
1881040 172
1881050 172
1881060 172
1881070 172
1881080 172
1881090 172
1881100 172
1881110 172
1881120 172
1881130 172
1881140 172
1881150 172
1881160 172
1881170 172
1881180 172
1881190 172
1881200 172
1881210 172
1881220 172
1881230 172
1881240 172
1881250 172
1881260 172
1881270 172
1881280 172
1881290 172
1881300 172
1881310 172
1881320 172
1881330 172
1881340 172
1881350 172
1881360 172
1881370 172
1881380 172
1881390 172
1881400 172
1881410 172
1881420 172
1881430 172
1881440 172
1881450 172
1881460 172
1881470 172
1881480 172
1881490 172
1881500 172
1881510 172
1881520 172
1881530 171
1881540 171
1881550 171
1881560 171
1881570 171
1881580 171
1881590 171
1881600 171
1881610 171
1881620 171
1881630 171
1881640 171
1881650 171
1881660 171
1881670 171
1881680 171
1881690 171
1881700 171
1881710 171
1881720 171
1881730 171
1881740 171
1881750 171
1881760 171
1881770 171
1881780 171
1881790 171
1881800 171
1881810 171
1881820 171
1881830 171
1881840 171
1881850 171
1881860 171
1881870 171
1881880 171
1881890 171
1881900 171
1881910 171
1881920 171
1881930 171
1881940 171
1881950 170
1881960 170
1881970 170
1881980 170
1881990 170
1882000 170
1882010 170
1882020 170
1882030 170
1882040 170
1882050 170
1882060 170
1882070 170
1882080 170
1882090 170
1882100 170
1882110 170
1882120 170
1882130 170
1882140 170
1882150 170
1882160 170
1882170 170
1882180 170
1882190 170
1882200 170
1882210 170
1882220 170
1882230 170
1882240 170
1882250 170
1882260 170
1882270 170
1882280 170
1882290 170
1882300 169
1882310 169
1882320 169
1882330 169
1882340 169
1882350 169
1882360 170
1882370 169
1882380 169
1882390 169
1882400 169
1882410 169
1882420 169
1882430 169
1882440 169
1882450 169
1882460 169
1882470 169
1882480 169
1882490 169
1882500 169
1882510 169
1882520 169
1882530 169
1882540 169
1882550 169
1882560 169
1882570 169
1882580 169
1882590 169
1882600 169
1882610 169
1882620 169
1882630 169
1882640 169
1882650 169
1882660 169
1882670 169
1882680 169
1882690 169
1882700 169
1882710 169
1882720 169
1882730 169
1882740 169
1882750 168
1882760 168
1882770 168
1882780 168
1882790 168
1882800 168
1882810 168
1882820 168
1882830 168
1882840 168
1882850 168
1882860 168
1882870 168
1882880 168
1882890 168
1882900 167
1882910 167
1882920 167
1882930 167
1882940 167
1882950 167
1882960 167
1882970 166
1882980 167
1882990 166
1883000 166
1883010 166
1883020 166
1883030 166
1883040 166
1883050 166
1883060 165
1883070 165
1883080 164
1883090 163
1883100 163
1883110 162
1883120 162
1883130 162
1883140 161
1883150 161
1883160 161
1883170 161
1883180 161
1883190 161
1883200 161
1883210 161
1883220 161
1883230 161
1883240 161
1883250 161
1883260 161
1883270 161
1883280 161
1883290 162
1883300 163
1883310 163
1883320 163
1883330 164
1883340 164
1883350 164
1883360 164
1883370 164
1883380 164
1883390 164
1883400 164
1883410 164
1883420 164
1883430 164
1883440 164
1883450 164
1883460 164
1883470 163
1883480 163
1883490 163
1883500 163
1883510 162
1883520 162
1883530 162
1883540 161
1883550 161
1883560 161
1883570 160
1883580 160
1883590 160
1883600 159
1883610 159
1883620 159
1883630 158
1883640 158
1883650 158
1883660 157
1883670 157
1883680 157
1883690 156
1883700 156
1883710 156
1883720 155
1883730 155
1883740 154
1883750 153
1883760 153
1883770 153
1883780 152
1883790 152
1883800 152
1883810 152
1883820 152
1883830 151
1883840 151
1883850 151
1883860 150
1883870 150
1883880 150
1883890 150
1883900 150
1883910 149
1883920 149
1883930 149
1883940 149
1883950 148
1883960 148
1883970 148
1883980 148
1883990 148
1884000 147
1884010 147
1884020 147
1884030 147
1884040 147
1884050 147
1884060 147
1884070 147
1884080 147
1884090 147
1884100 146
1884110 146
1884120 146
1884130 146
1884140 146
1884150 146
1884160 146
1884170 146
1884180 146
1884190 146
1884200 146
1884210 146
1884220 147
1884230 147
1884240 147
1884250 146
1884260 146
1884270 146
1884280 146
1884290 146
1884300 145
1884310 145
1884320 145
1884330 145
1884340 145
1884350 145
1884360 145
1884370 145
1884380 145
1884390 144
1884400 144
1884410 144
1884420 145
1884430 145
1884440 145
1884450 144
1884460 144
1884470 144
1884480 144
1884490 144
1884500 144
1884510 144
1884520 144
1884530 144
1884540 143
1884550 143
1884560 143
1884570 143
1884580 143
1884590 143
1884600 143
1884610 143
1884620 143
1884630 142
1884640 142
1884650 142
1884660 142
1884670 142
1884680 142
1884690 142
1884700 142
1884710 142
1884720 142
1884730 142
1884740 142
1884750 142
1884760 142
1884770 142
1884780 142
1884790 142
1884800 142
1884810 142
1884820 141
1884830 141
1884840 141
1884850 141
1884860 141
1884870 141
1884880 141
1884890 141
1884900 141
1884910 141
1884920 141
1884930 141
1884940 141
1884950 141
1884960 141
1884970 141
1884980 141
1884990 140
1885000 140
1885010 140
1885020 140
1885030 140
1885040 140
1885050 140
1885060 140
1885070 140
1885080 140
1885090 140
1885100 140
1885110 140
1885120 140
1885130 140
1885140 140
1885150 140
1885160 140
1885170 140
1885180 140
1885190 140
1885200 140
1885210 140
1885220 140
1885230 140
1885240 140
1885250 140
1885260 140
1885270 140
1885280 140
1885290 140
1885300 140
1885310 140
1885320 140
1885330 140
1885340 140
1885350 140
1885360 140
1885370 140
1885380 140
1885390 140
1885400 140
1885410 140
1885420 140
1885430 140
1885440 139
1885450 139
1885460 139
1885470 139
1885480 139
1885490 139
1885500 139
1885510 139
1885520 139
1885530 139
1885540 139
1885550 139
1885560 139
1885570 140
1885580 140
1885590 140
1885600 140
1885610 140
1885620 140
1885630 140
1885640 140
1885650 140
1885660 139
1885670 139
1885680 139
1885690 139
1885700 139
1885710 139
1885720 139
1885730 139
1885740 139
1885750 140
1885760 140
1885770 140
1885780 140
1885790 140
1885800 141
1885810 142
1885820 142
1885830 141
1885840 141
1885850 141
1885860 141
1885870 141
1885880 141
1885890 141
1885900 146
1885910 146
1885920 147
1885930 147
1885940 147
1885950 148
1885960 148
1885970 148
1885980 148
1885990 148
1886000 148
1886010 147
1886020 147
1886030 147
1886040 147
1886050 147
1886060 147
1886070 147
1886080 147
1886090 147
1886100 147
1886110 147
1886120 147
1886130 146
1886140 144
1886150 144
1886160 141
1886170 141
1886180 141
1886190 141
1886200 140
1886210 140
1886220 141
1886230 141
1886240 141
1886250 141
1886260 141
1886270 141
1886280 141
1886290 140
1886300 140
1886310 140
1886320 140
1886330 140
1886340 140
1886350 140
1886360 140
1886370 139
1886380 139
1886390 139
1886400 139
1886410 139
1886420 139
1886430 138
1886440 137
1886450 137
1886460 137
1886470 137
1886480 137
1886490 137
1886500 137
1886510 137
1886520 137
1886530 137
1886540 137
1886550 137
1886560 138
1886570 138
1886580 139
1886590 139
1886600 139
1886610 139
1886620 139
1886630 139
1886640 139
1880000 164
1880010 164
1880020 164
1880030 164
1880040 164
1880050 164
1880060 164
1880070 164
1880080 165
1880090 165
1880100 165
1880110 165
1880120 165
1880130 165
1880140 166
1880150 166
1880160 166
1880170 166
1880180 167
1880190 167
1880200 167
1880210 167
1880220 167
1880230 168
1880240 168
1880250 168
1880260 169
1880270 169
1880280 169
1880290 169
1880300 169
1880310 169
1880320 169
1880330 170
1880340 170
1880350 170
1880360 170
1880370 170
1880380 170
1880390 170
1880400 170
1880410 170
1880420 170
1880430 170
1880440 171
1880450 171
1880460 171
1880470 171
1880480 171
1880490 171
1880500 171
1880510 171
1880520 171
1880530 171
1880540 171
1880550 171
1880560 171
1880570 171
1880580 171
1880590 171
1880600 171
1880610 171
1880620 171
1880630 171
1880640 171
1880650 171
1880660 171
1880670 171
1880680 170
1880690 170
1880700 170
1880710 170
1880720 170
1880730 170
1880740 170
1880750 170
1880760 170
1880770 170
1880780 170
1880790 170
1880800 170
1880810 171
1880820 171
1880830 171
1880840 171
1880850 171
1880860 171
1880870 171
1880880 171
1880890 171
1880900 171
1880910 171
1880920 171
1880930 172
1880940 172
1880950 172
1880960 172
1880970 172
1880980 172
1880990 172
1881000 172
1881010 172
1881020 172
1881030 172
1881040 172
1881050 172
1881060 172
1881070 172
1881080 172
1881090 172
1881100 172
1881110 172
1881120 172
1881130 172
1881140 172
1881150 172
1881160 172
1881170 172
1881180 172
1881190 172
1881200 172
1881210 172
1881220 172
1881230 172
1881240 172
1881250 172
1881260 172
1881270 172
1881280 172
1881290 172
1881300 172
1881310 172
1881320 172
1881330 172
1881340 172
1881350 172
1881360 172
1881370 172
1881380 172
1881390 172
1881400 172
1881410 172
1881420 172
1881430 172
1881440 172
1881450 172
1881460 172
1881470 172
1881480 172
1881490 172
1881500 172
1881510 172
1881520 172
1881530 171
1881540 171
1881550 171
1881560 171
1881570 171
1881580 171
1881590 171
1881600 171
1881610 171
1881620 171
1881630 171
1881640 171
1881650 171
1881660 171
1881670 171
1881680 171
1881690 171
1881700 171
1881710 171
1881720 171
1881730 171
1881740 171
1881750 171
1881760 171
1881770 171
1881780 171
1881790 171
1881800 171
1881810 171
1881820 171
1881830 171
1881840 171
1881850 171
1881860 171
1881870 171
1881880 171
1881890 171
1881900 171
1881910 171
1881920 171
1881930 171
1881940 171
1881950 170
1881960 170
1881970 170
1881980 170
1881990 170
1882000 170
1882010 170
1882020 170
1882030 170
1882040 170
1882050 170
1882060 170
1882070 170
1882080 170
1882090 170
1882100 170
1882110 170
1882120 170
1882130 170
1882140 170
1882150 170
1882160 170
1882170 170
1882180 170
1882190 170
1882200 170
1882210 170
1882220 170
1882230 170
1882240 170
1882250 170
1882260 170
1882270 170
1882280 170
1882290 170
1882300 169
1882310 169
1882320 169
1882330 169
1882340 169
1882350 169
1882360 170
1882370 169
1882380 169
1882390 169
1882400 169
1882410 169
1882420 169
1882430 169
1882440 169
1882450 169
1882460 169
1882470 169
1882480 169
1882490 169
1882500 169
1882510 169
1882520 169
1882530 169
1882540 169
1882550 169
1882560 169
1882570 169
1882580 169
1882590 169
1882600 169
1882610 169
1882620 169
1882630 169
1882640 169
1882650 169
1882660 169
1882670 169
1882680 169
1882690 169
1882700 169
1882710 169
1882720 169
1882730 169
1882740 169
1882750 168
1882760 168
1882770 168
1882780 168
1882790 168
1882800 168
1882810 168
1882820 168
1882830 168
1882840 168
1882850 168
1882860 168
1882870 168
1882880 168
1882890 168
1882900 167
1882910 167
1882920 167
1882930 167
1882940 167
1882950 167
1882960 167
1882970 166
1882980 167
1882990 166
1883000 166
1883010 166
1883020 166
1883030 166
1883040 166
1883050 166
1883060 165
1883070 165
1883080 164
1883090 163
1883100 163
1883110 162
1883120 162
1883130 162
1883140 161
1883150 161
1883160 161
1883170 161
1883180 161
1883190 161
1883200 161
1883210 161
1883220 161
1883230 161
1883240 161
1883250 161
1883260 161
1883270 161
1883280 161
1883290 162
1883300 163
1883310 163
1883320 163
1883330 164
1883340 164
1883350 164
1883360 164
1883370 164
1883380 164
1883390 164
1883400 164
1883410 164
1883420 164
1883430 164
1883440 164
1883450 164
1883460 164
1883470 163
1883480 163
1883490 163
1883500 163
1883510 162
1883520 162
1883530 162
1883540 161
1883550 161
1883560 161
1883570 160
1883580 160
1883590 160
1883600 159
1883610 159
1883620 159
1883630 158
1883640 158
1883650 158
1883660 157
1883670 157
1883680 157
1883690 156
1883700 156
1883710 156
1883720 155
1883730 155
1883740 154
1883750 153
1883760 153
1883770 153
1883780 152
1883790 152
1883800 152
1883810 152
1883820 152
1883830 151
1883840 151
1883850 151
1883860 150
1883870 150
1883880 150
1883890 150
1883900 150
1883910 149
1883920 149
1883930 149
1883940 149
1883950 148
1883960 148
1883970 148
1883980 148
1883990 148
1884000 147
1884010 147
1884020 147
1884030 147
1884040 147
1884050 147
1884060 147
1884070 147
1884080 147
1884090 147
1884100 146
1884110 146
1884120 146
1884130 146
1884140 146
1884150 146
1884160 146
1884170 146
1884180 146
1884190 146
1884200 146
1884210 146
1884220 147
1884230 147
1884240 147
1884250 146
1884260 146
1884270 146
1884280 146
1884290 146
1884300 145
1884310 145
1884320 145
1884330 145
1884340 145
1884350 145
1884360 145
1884370 145
1884380 145
1884390 144
1884400 144
1884410 144
1884420 145
1884430 145
1884440 145
1884450 144
1884460 144
1884470 144
1884480 144
1884490 144
1884500 144
1884510 144
1884520 144
1884530 144
1884540 143
1884550 143
1884560 143
1884570 143
1884580 143
1884590 143
1884600 143
1884610 143
1884620 143
1884630 142
1884640 142
1884650 142
1884660 142
1884670 142
1884680 142
1884690 142
1884700 142
1884710 142
1884720 142
1884730 142
1884740 142
1884750 142
1884760 142
1884770 142
1884780 142
1884790 142
1884800 142
1884810 142
1884820 141
1884830 141
1884840 141
1884850 141
1884860 141
1884870 141
1884880 141
1884890 141
1884900 141
1884910 141
1884920 141
1884930 141
1884940 141
1884950 141
1884960 141
1884970 141
1884980 141
1884990 140
1885000 140
1885010 140
1885020 140
1885030 140
1885040 140
1885050 140
1885060 140
1885070 140
1885080 140
1885090 140
1885100 140
1885110 140
1885120 140
1885130 140
1885140 140
1885150 140
1885160 140
1885170 140
1885180 140
1885190 140
1885200 140
1885210 140
1885220 140
1885230 140
1885240 140
1885250 140
1885260 140
1885270 140
1885280 140
1885290 140
1885300 140
1885310 140
1885320 140
1885330 140
1885340 140
1885350 140
1885360 140
1885370 140
1885380 140
1885390 140
1885400 140
1885410 140
1885420 140
1885430 140
1885440 139
1885450 139
1885460 139
1885470 139
1885480 139
1885490 139
1885500 139
1885510 139
1885520 139
1885530 139
1885540 139
1885550 139
1885560 139
1885570 140
1885580 140
1885590 140
1885600 140
1885610 140
1885620 140
1885630 140
1885640 140
1885650 140
1885660 139
1885670 139
1885680 139
1885690 139
1885700 139
1885710 139
1885720 139
1885730 139
1885740 139
1885750 140
1885760 140
1885770 140
1885780 140
1885790 140
1885800 141
1885810 142
1885820 142
1885830 141
1885840 141
1885850 141
1885860 141
1885870 141
1885880 141
1885890 141
1885900 146
1885910 146
1885920 147
1885930 147
1885940 147
1885950 148
1885960 148
1885970 148
1885980 148
1885990 148
1886000 148
1886010 147
1886020 147
1886030 147
1886040 147
1886050 147
1886060 147
1886070 147
1886080 147
1886090 147
1886100 147
1886110 147
1886120 147
1886130 146
1886140 144
1886150 144
1886160 141
1886170 141
1886180 141
1886190 141
1886200 140
1886210 140
1886220 141
1886230 141
1886240 141
1886250 141
1886260 141
1886270 141
1886280 141
1886290 140
1886300 140
1886310 140
1886320 140
1886330 140
1886340 140
1886350 140
1886360 140
1886370 139
1886380 139
1886390 139
1886400 139
1886410 139
1886420 139
1886430 138
1886440 137
1886450 137
1886460 137
1886470 137
1886480 137
1886490 137
1886500 137
1886510 137
1886520 137
1886530 137
1886540 137
1886550 137
1886560 138
1886570 138
1886580 139
1886590 139
1886600 139
1886610 139
1886620 139
1886630 139
1886640 139
