1880000 149
1880010 149
1880020 149
1880030 149
1880040 149
1880050 149
1880060 149
1880070 149
1880080 150
1880090 150
1880100 150
1880110 150
1880120 150
1880130 150
1880140 150
1880150 150
1880160 150
1880170 150
1880180 150
1880190 150
1880200 150
1880210 150
1880220 150
1880230 151
1880240 151
1880250 151
1880260 151
1880270 151
1880280 151
1880290 151
1880300 151
1880310 151
1880320 152
1880330 152
1880340 152
1880350 152
1880360 152
1880370 152
1880380 152
1880390 152
1880400 152
1880410 152
1880420 152
1880430 152
1880440 152
1880450 152
1880460 152
1880470 153
1880480 153
1880490 153
1880500 153
1880510 153
1880520 153
1880530 153
1880540 153
1880550 153
1880560 153
1880570 153
1880580 153
1880590 154
1880600 154
1880610 154
1880620 154
1880630 154
1880640 154
1880650 155
1880660 155
1880670 155
1880680 155
1880690 155
1880700 155
1880710 156
1880720 156
1880730 156
1880740 157
1880750 157
1880760 157
1880770 157
1880780 157
1880790 158
1880800 159
1880810 159
1880820 159
1880830 160
1880840 160
1880850 161
1880860 162
1880870 162
1880880 162
1880890 163
1880900 163
1880910 164
1880920 164
1880930 164
1880940 165
1880950 165
1880960 165
1880970 166
1880980 166
1880990 166
1881000 166
1881010 166
1881020 166
1881030 166
1881040 167
1881050 167
1881060 167
1881070 167
1881080 167
1881090 167
1881100 167
1881110 167
1881120 168
1881130 169
1881140 169
1881150 169
1881160 169
1881170 169
1881180 170
1881190 170
1881200 170
1881210 171
1881220 171
1881230 171
1881240 171
1881250 171
1881260 171
1881270 171
1881280 171
1881290 171
1881300 171
1881310 172
1881320 172
1881330 172
1881340 172
1881350 172
1881360 172
1881370 172
1881380 172
1881390 172
1881400 172
1881410 172
1881420 172
1881430 172
1881440 172
1881450 172
1881460 172
1881470 172
1881480 172
1881490 172
1881500 172
1881510 172
1881520 171
1881530 171
1881540 171
1881550 171
1881560 171
1881570 171
1881580 171
1881590 171
1881600 171
1881610 171
1881620 171
1881630 171
1881640 171
1881650 171
1881660 171
1881670 171
1881680 171
1881690 171
1881700 171
1881710 171
1881720 171
1881730 171
1881740 171
1881750 171
1881760 171
1881770 171
1881780 171
1881790 171
1881800 171
1881810 171
1881820 171
1881830 171
1881840 171
1881850 171
1881860 171
1881870 171
1881880 171
1881890 171
1881900 171
1881910 171
1881920 171
1881930 171
1881940 171
1881950 171
1881960 171
1881970 171
1881980 171
1881990 171
1882000 171
1882010 171
1882020 171
1882030 171
1882040 171
1882050 171
1882060 171
1882070 171
1882080 171
1882090 171
1882100 171
1882110 171
1882120 171
1882130 171
1882140 171
1882150 171
1882160 171
1882170 171
1882180 170
1882190 170
1882200 170
1882210 170
1882220 170
1882230 170
1882240 170
1882250 170
1882260 170
1882270 170
1882280 170
1882290 170
1882300 170
1882310 170
1882320 170
1882330 170
1882340 170
1882350 170
1882360 170
1882370 170
1882380 170
1882390 170
1882400 170
1882410 170
1882420 170
1882430 170
1882440 170
1882450 170
1882460 170
1882470 170
1882480 170
1882490 170
1882500 170
1882510 170
1882520 170
1882530 170
1882540 170
1882550 170
1882560 170
1882570 170
1882580 170
1882590 170
1882600 170
1882610 170
1882620 170
1882630 170
1882640 170
1882650 170
1882660 170
1882670 170
1882680 169
1882690 169
1882700 169
1882710 169
1882720 169
1882730 169
1882740 169
1882750 169
1882760 169
1882770 169
1882780 169
1882790 169
1882800 169
1882810 169
1882820 169
1882830 168
1882840 168
1882850 168
1882860 168
1882870 168
1882880 168
1882890 168
1882900 168
1882910 168
1882920 168
1882930 168
1882940 168
1882950 168
1882960 168
1882970 168
1882980 168
1882990 168
1883000 168
1883010 167
1883020 167
1883030 167
1883040 167
1883050 167
1883060 167
1883070 166
1883080 166
1883090 166
1883100 165
1883110 165
1883120 165
1883130 164
1883140 163
1883150 163
1883160 162
1883170 161
1883180 161
1883190 160
1883200 159
1883210 159
1883220 158
1883230 158
1883240 158
1883250 157
1883260 156
1883270 156
1883280 156
1883290 155
1883300 155
1883310 155
1883320 154
1883330 154
1883340 154
1883350 153
1883360 153
1883370 152
1883380 152
1883390 152
1883400 151
1883410 151
1883420 151
1883430 150
1883440 150
1883450 150
1883460 149
1883470 149
1883480 149
1883490 148
1883500 148
1883510 148
1883520 147
1883530 146
1883540 146
1883550 146
1883560 146
1883570 146
1883580 146
1883590 146
1883600 146
1883610 146
1883620 146
1883630 146
1883640 146
1883650 146
1883660 146
1883670 146
1883680 146
1883690 146
1883700 146
1883710 146
1883720 146
1883730 146
1883740 145
1883750 145
1883760 145
1883770 145
1883780 145
1883790 145
1883800 145
1883810 145
1883820 145
1883830 145
1883840 145
1883850 144
1883860 143
1883870 143
1883880 142
1883890 142
1883900 142
1883910 142
1883920 142
1883930 142
1883940 142
1883950 142
1883960 142
1883970 142
1883980 141
1883990 141
1884000 141
1884010 141
1884020 141
1884030 141
1884040 141
1884050 141
1884060 141
1884070 141
1884080 141
1884090 141
1884100 141
1884110 141
1884120 141
1884130 141
1884140 141
1884150 141
1884160 141
1884170 141
1884180 141
1884190 141
1884200 141
1884210 141
1884220 141
1884230 141
1884240 141
1884250 141
1884260 141
1884270 141
1884280 141
1884290 141
1884300 141
1884310 141
1884320 141
1884330 141
1884340 141
1884350 141
1884360 141
1884370 142
1884380 142
1884390 142
1884400 141
1884410 141
1884420 141
1884430 140
1884440 140
1884450 140
1884460 140
1884470 140
1884480 140
1884490 140
1884500 140
1884510 140
1884520 140
1884530 140
1884540 140
1884550 140
1884560 140
1884570 140
1884580 140
1884590 140
1884600 140
1884610 140
1884620 140
1884630 139
1884640 139
1884650 139
1884660 139
1884670 139
1884680 139
1884690 139
1884700 139
1884710 139
1884720 139
1884730 139
1884740 139
1884750 139
1884760 139
1884770 139
1884780 139
1884790 139
1884800 139
1884810 139
1884820 139
1884830 139
1884840 139
1884850 139
1884860 139
1884870 139
1884880 139
1884890 139
1884900 139
1884910 139
1884920 139
1884930 139
1884940 140
1884950 140
1884960 140
1884970 140
1884980 140
1884990 140
1885000 140
1885010 140
1885020 140
1885030 140
1885040 140
1885050 140
1885060 140
1885070 140
1885080 140
1885090 140
1885100 140
1885110 140
1885120 140
1885130 140
1885140 140
1885150 140
1885160 140
1885170 140
1885180 140
1885190 140
1885200 140
1885210 140
1885220 140
1885230 140
1885240 140
1885250 140
1885260 140
1885270 140
1885280 140
1885290 140
1885300 140
1885310 140
1885320 140
1885330 140
1885340 140
1885350 140
1885360 140
1885370 140
1885380 140
1885390 141
1885400 141
1885410 141
1885420 141
1885430 141
1885440 141
1885450 140
1885460 140
1885470 140
1885480 140
1885490 140
1885500 140
1885510 140
1885520 140
1885530 140
1885540 141
1885550 141
1885560 141
1885570 141
1885580 141
1885590 141
1885600 141
1885610 141
1885620 141
1885630 140
1885640 140
1885650 140
1885660 140
1885670 140
1885680 140
1885690 140
1885700 140
1885710 141
1885720 141
1885730 141
1885740 141
1885750 141
1885760 141
1885770 141
1885780 141
1885790 141
1885800 141
1885810 141
1885820 141
1885830 141
1885840 141
1885850 141
1885860 141
1885870 141
1885880 141
1885890 141
1885900 141
1885910 141
1885920 141
1885930 141
1885940 141
1885950 141
1885960 140
1885970 140
1885980 140
1885990 140
1886000 140
1886010 140
1886020 140
1886030 140
1886040 140
1886050 140
1886060 140
1886070 140
1886080 140
1886090 140
1886100 140
1886110 140
1886120 140
1886130 140
1886140 140
1886150 140
1886160 140
1886170 140
1886180 140
1886190 140
1886200 140
1886210 140
1886220 140
1886230 140
1886240 140
1886250 140
1886260 140
1886270 140
1886280 140
1886290 142
1886300 141
1886310 143
1886320 141
1886330 141
1886340 140
1886350 140
1886360 140
1886370 140
1886380 140
1886390 140
1886400 140
1886410 138
1886420 138
1886430 138
1886440 138
1886450 138
1886460 139
1886470 139
1886480 139
1886490 140
1886500 139
1886510 139
1886520 139
1886530 138
1886540 138
1886550 138
1886560 137
1886570 137
1886580 137
1886590 137
1886600 137
1886610 137
1886620 138
1886630 138
1886640 139
1886650 139
1886660 139
1886670 139
1886680 139
1886690 139
1886700 139
1886710 139
1886720 139
1886730 138
1886740 138
1886750 138
1886760 137
1886770 137
1886780 137
1886790 137
1886800 137
1886810 137
1886820 137
1886830 137
1886840 137
1886850 139
1886860 139
1886870 139
1886880 139
1886890 139
1886900 139
1886910 139
1886920 139
1886930 138
1886940 138
1886950 138
1880000 149
1880010 149
1880020 149
1880030 149
1880040 149
1880050 149
1880060 149
1880070 149
1880080 150
1880090 150
1880100 150
1880110 150
1880120 150
1880130 150
1880140 150
1880150 150
1880160 150
1880170 150
1880180 150
1880190 150
1880200 150
1880210 150
1880220 150
1880230 151
1880240 151
1880250 151
1880260 151
1880270 151
1880280 151
1880290 151
1880300 151
1880310 151
1880320 152
1880330 152
1880340 152
1880350 152
1880360 152
1880370 152
1880380 152
1880390 152
1880400 152
1880410 152
1880420 152
1880430 152
1880440 152
1880450 152
1880460 152
1880470 153
1880480 153
1880490 153
1880500 153
1880510 153
1880520 153
1880530 153
1880540 153
1880550 153
1880560 153
1880570 153
1880580 153
1880590 154
1880600 154
1880610 154
1880620 154
1880630 154
1880640 154
1880650 155
1880660 155
1880670 155
1880680 155
1880690 155
1880700 155
1880710 156
1880720 156
1880730 156
1880740 157
1880750 157
1880760 157
1880770 157
1880780 157
1880790 158
1880800 159
1880810 159
1880820 159
1880830 160
1880840 160
1880850 161
1880860 162
1880870 162
1880880 162
1880890 163
1880900 163
1880910 164
1880920 164
1880930 164
1880940 165
1880950 165
1880960 165
1880970 166
1880980 166
1880990 166
1881000 166
1881010 166
1881020 166
1881030 166
1881040 167
1881050 167
1881060 167
1881070 167
1881080 167
1881090 167
1881100 167
1881110 167
1881120 168
1881130 169
1881140 169
1881150 169
1881160 169
1881170 169
1881180 170
1881190 170
1881200 170
1881210 171
1881220 171
1881230 171
1881240 171
1881250 171
1881260 171
1881270 171
1881280 171
1881290 171
1881300 171
1881310 172
1881320 172
1881330 172
1881340 172
1881350 172
1881360 172
1881370 172
1881380 172
1881390 172
1881400 172
1881410 172
1881420 172
1881430 172
1881440 172
1881450 172
1881460 172
1881470 172
1881480 172
1881490 172
1881500 172
1881510 172
1881520 171
1881530 171
1881540 171
1881550 171
1881560 171
1881570 171
1881580 171
1881590 171
1881600 171
1881610 171
1881620 171
1881630 171
1881640 171
1881650 171
1881660 171
1881670 171
1881680 171
1881690 171
1881700 171
1881710 171
1881720 171
1881730 171
1881740 171
1881750 171
1881760 171
1881770 171
1881780 171
1881790 171
1881800 171
1881810 171
1881820 171
1881830 171
1881840 171
1881850 171
1881860 171
1881870 171
1881880 171
1881890 171
1881900 171
1881910 171
1881920 171
1881930 171
1881940 171
1881950 171
1881960 171
1881970 171
1881980 171
1881990 171
1882000 171
1882010 171
1882020 171
1882030 171
1882040 171
1882050 171
1882060 171
1882070 171
1882080 171
1882090 171
1882100 171
1882110 171
1882120 171
1882130 171
1882140 171
1882150 171
1882160 171
1882170 171
1882180 170
1882190 170
1882200 170
1882210 170
1882220 170
1882230 170
1882240 170
1882250 170
1882260 170
1882270 170
1882280 170
1882290 170
1882300 170
1882310 170
1882320 170
1882330 170
1882340 170
1882350 170
1882360 170
1882370 170
1882380 170
1882390 170
1882400 170
1882410 170
1882420 170
1882430 170
1882440 170
1882450 170
1882460 170
1882470 170
1882480 170
1882490 170
1882500 170
1882510 170
1882520 170
1882530 170
1882540 170
1882550 170
1882560 170
1882570 170
1882580 170
1882590 170
1882600 170
1882610 170
1882620 170
1882630 170
1882640 170
1882650 170
1882660 170
1882670 170
1882680 169
1882690 169
1882700 169
1882710 169
1882720 169
1882730 169
1882740 169
1882750 169
1882760 169
1882770 169
1882780 169
1882790 169
1882800 169
1882810 169
1882820 169
1882830 168
1882840 168
1882850 168
1882860 168
1882870 168
1882880 168
1882890 168
1882900 168
1882910 168
1882920 168
1882930 168
1882940 168
1882950 168
1882960 168
1882970 168
1882980 168
1882990 168
1883000 168
1883010 167
1883020 167
1883030 167
1883040 167
1883050 167
1883060 167
1883070 166
1883080 166
1883090 166
1883100 165
1883110 165
1883120 165
1883130 164
1883140 163
1883150 163
1883160 162
1883170 161
1883180 161
1883190 160
1883200 159
1883210 159
1883220 158
1883230 158
1883240 158
1883250 157
1883260 156
1883270 156
1883280 156
1883290 155
1883300 155
1883310 155
1883320 154
1883330 154
1883340 154
1883350 153
1883360 153
1883370 152
1883380 152
1883390 152
1883400 151
1883410 151
1883420 151
1883430 150
1883440 150
1883450 150
1883460 149
1883470 149
1883480 149
1883490 148
1883500 148
1883510 148
1883520 147
1883530 146
1883540 146
1883550 146
1883560 146
1883570 146
1883580 146
1883590 146
1883600 146
1883610 146
1883620 146
1883630 146
1883640 146
1883650 146
1883660 146
1883670 146
1883680 146
1883690 146
1883700 146
1883710 146
1883720 146
1883730 146
1883740 145
1883750 145
1883760 145
1883770 145
1883780 145
1883790 145
1883800 145
1883810 145
1883820 145
1883830 145
1883840 145
1883850 144
1883860 143
1883870 143
1883880 142
1883890 142
1883900 142
1883910 142
1883920 142
1883930 142
1883940 142
1883950 142
1883960 142
1883970 142
1883980 141
1883990 141
1884000 141
1884010 141
1884020 141
1884030 141
1884040 141
1884050 141
1884060 141
1884070 141
1884080 141
1884090 141
1884100 141
1884110 141
1884120 141
1884130 141
1884140 141
1884150 141
1884160 141
1884170 141
1884180 141
1884190 141
1884200 141
1884210 141
1884220 141
1884230 141
1884240 141
1884250 141
1884260 141
1884270 141
1884280 141
1884290 141
1884300 141
1884310 141
1884320 141
1884330 141
1884340 141
1884350 141
1884360 141
1884370 142
1884380 142
1884390 142
1884400 141
1884410 141
1884420 141
1884430 140
1884440 140
1884450 140
1884460 140
1884470 140
1884480 140
1884490 140
1884500 140
1884510 140
1884520 140
1884530 140
1884540 140
1884550 140
1884560 140
1884570 140
1884580 140
1884590 140
1884600 140
1884610 140
1884620 140
1884630 139
1884640 139
1884650 139
1884660 139
1884670 139
1884680 139
1884690 139
1884700 139
1884710 139
1884720 139
1884730 139
1884740 139
1884750 139
1884760 139
1884770 139
1884780 139
1884790 139
1884800 139
1884810 139
1884820 139
1884830 139
1884840 139
1884850 139
1884860 139
1884870 139
1884880 139
1884890 139
1884900 139
1884910 139
1884920 139
1884930 139
1884940 140
1884950 140
1884960 140
1884970 140
1884980 140
1884990 140
1885000 140
1885010 140
1885020 140
1885030 140
1885040 140
1885050 140
1885060 140
1885070 140
1885080 140
1885090 140
1885100 140
1885110 140
1885120 140
1885130 140
1885140 140
1885150 140
1885160 140
1885170 140
1885180 140
1885190 140
1885200 140
1885210 140
1885220 140
1885230 140
1885240 140
1885250 140
1885260 140
1885270 140
1885280 140
1885290 140
1885300 140
1885310 140
1885320 140
1885330 140
1885340 140
1885350 140
1885360 140
1885370 140
1885380 140
1885390 141
1885400 141
1885410 141
1885420 141
1885430 141
1885440 141
1885450 140
1885460 140
1885470 140
1885480 140
1885490 140
1885500 140
1885510 140
1885520 140
1885530 140
1885540 141
1885550 141
1885560 141
1885570 141
1885580 141
1885590 141
1885600 141
1885610 141
1885620 141
1885630 140
1885640 140
1885650 140
1885660 140
1885670 140
1885680 140
1885690 140
1885700 140
1885710 141
1885720 141
1885730 141
1885740 141
1885750 141
1885760 141
1885770 141
1885780 141
1885790 141
1885800 141
1885810 141
1885820 141
1885830 141
1885840 141
1885850 141
1885860 141
1885870 141
1885880 141
1885890 141
1885900 141
1885910 141
1885920 141
1885930 141
1885940 141
1885950 141
1885960 140
1885970 140
1885980 140
1885990 140
1886000 140
1886010 140
1886020 140
1886030 140
1886040 140
1886050 140
1886060 140
1886070 140
1886080 140
1886090 140
1886100 140
1886110 140
1886120 140
1886130 140
1886140 140
1886150 140
1886160 140
1886170 140
1886180 140
1886190 140
1886200 140
1886210 140
1886220 140
1886230 140
1886240 140
1886250 140
1886260 140
1886270 140
1886280 140
1886290 142
1886300 141
1886310 143
1886320 141
1886330 141
1886340 140
1886350 140
1886360 140
1886370 140
1886380 140
1886390 140
1886400 140
1886410 138
1886420 138
1886430 138
1886440 138
1886450 138
1886460 139
1886470 139
1886480 139
1886490 140
1886500 139
1886510 139
1886520 139
1886530 138
1886540 138
1886550 138
1886560 137
1886570 137
1886580 137
1886590 137
1886600 137
1886610 137
1886620 138
1886630 138
1886640 139
1886650 139
1886660 139
1886670 139
1886680 139
1886690 139
1886700 139
1886710 139
1886720 139
1886730 138
1886740 138
1886750 138
1886760 137
1886770 137
1886780 137
1886790 137
1886800 137
1886810 137
1886820 137
1886830 137
1886840 137
1886850 139
1886860 139
1886870 139
1886880 139
1886890 139
1886900 139
1886910 139
1886920 139
1886930 138
1886940 138
1886950 138
