1880000 147
1880010 147
1880020 147
1880030 147
1880040 147
1880050 147
1880060 147
1880070 147
1880080 147
1880090 147
1880100 147
1880110 147
1880120 147
1880130 147
1880140 147
1880150 147
1880160 147
1880170 147
1880180 147
1880190 147
1880200 147
1880210 146
1880220 146
1880230 146
1880240 146
1880250 146
1880260 146
1880270 146
1880280 146
1880290 146
1880300 146
1880310 146
1880320 146
1880330 146
1880340 146
1880350 146
1880360 146
1880370 146
1880380 146
1880390 146
1880400 146
1880410 146
1880420 145
1880430 145
1880440 145
1880450 145
1880460 146
1880470 146
1880480 146
1880490 146
1880500 146
1880510 146
1880520 146
1880530 146
1880540 146
1880550 146
1880560 146
1880570 146
1880580 146
1880590 146
1880600 146
1880610 146
1880620 146
1880630 146
1880640 146
1880650 146
1880660 146
1880670 146
1880680 146
1880690 146
1880700 146
1880710 146
1880720 146
1880730 146
1880740 146
1880750 146
1880760 146
1880770 146
1880780 146
1880790 146
1880800 146
1880810 146
1880820 146
1880830 146
1880840 146
1880850 146
1880860 146
1880870 147
1880880 147
1880890 147
1880900 147
1880910 147
1880920 147
1880930 147
1880940 147
1880950 147
1880960 146
1880970 147
1880980 147
1880990 147
1881000 147
1881010 147
1881020 147
1881030 147
1881040 147
1881050 147
1881060 147
1881070 147
1881080 147
1881090 147
1881100 147
1881110 147
1881120 147
1881130 147
1881140 148
1881150 148
1881160 148
1881170 148
1881180 148
1881190 148
1881200 148
1881210 148
1881220 148
1881230 148
1881240 149
1881250 149
1881260 149
1881270 149
1881280 149
1881290 150
1881300 150
1881310 150
1881320 150
1881330 150
1881340 150
1881350 151
1881360 151
1881370 151
1881380 151
1881390 152
1881400 151
1881410 152
1881420 152
1881430 152
1881440 152
1881450 152
1881460 152
1881470 152
1881480 152
1881490 152
1881500 152
1881510 152
1881520 152
1881530 153
1881540 153
1881550 153
1881560 153
1881570 153
1881580 153
1881590 154
1881600 154
1881610 154
1881620 155
1881630 155
1881640 155
1881650 156
1881660 157
1881670 157
1881680 157
1881690 158
1881700 158
1881710 159
1881720 159
1881730 159
1881740 159
1881750 158
1881760 158
1881770 158
1881780 157
1881790 157
1881800 157
1881810 156
1881820 156
1881830 156
1881840 155
1881850 155
1881860 155
1881870 155
1881880 155
1881890 154
1881900 154
1881910 154
1881920 154
1881930 154
1881940 154
1881950 154
1881960 154
1881970 154
1881980 154
1881990 153
1882000 153
1882010 152
1882020 151
1882030 151
1882040 151
1882050 150
1882060 148
1882070 148
1882080 148
1882090 148
1882100 148
1882110 150
1882120 150
1882130 152
1882140 154
1882150 154
1882160 153
1882170 153
1882180 153
1882190 152
1882200 152
1882210 152
1882220 151
1882230 150
1882240 150
1882250 150
1882260 149
1882270 149
1882280 149
1882290 149
1882300 149
1882310 148
1882320 148
1882330 148
1882340 148
1882350 148
1882360 148
1882370 147
1882380 146
1882390 146
1882400 146
1882410 146
1882420 146
1882430 146
1882440 146
1882450 146
1882460 146
1882470 145
1882480 145
1882490 145
1882500 145
1882510 145
1882520 145
1882530 145
1882540 145
1882550 145
1882560 145
1882570 145
1882580 145
1882590 145
1882600 145
1882610 145
1882620 145
1882630 145
1882640 144
1882650 144
1882660 144
1882670 144
1882680 144
1882690 144
1882700 144
1882710 143
1882720 143
1882730 143
1882740 143
1882750 143
1882760 143
1882770 143
1882780 143
1882790 142
1882800 143
1882810 143
1882820 143
1882830 143
1882840 143
1882850 143
1882860 143
1882870 143
1882880 142
1882890 142
1882900 142
1882910 142
1882920 142
1882930 142
1882940 142
1882950 142
1882960 142
1882970 142
1882980 142
1882990 142
1883000 142
1883010 142
1883020 142
1883030 142
1883040 142
1883050 142
1883060 142
1883070 142
1883080 142
1883090 142
1883100 142
1883110 142
1883120 142
1883130 142
1883140 142
1883150 143
1883160 143
1883170 143
1883180 143
1883190 143
1883200 143
1883210 143
1883220 142
1883230 142
1883240 142
1883250 143
1883260 143
1883270 143
1883280 143
1883290 143
1883300 143
1883310 142
1883320 142
1883330 142
1883340 142
1883350 142
1883360 142
1883370 142
1883380 142
1883390 142
1883400 142
1883410 142
1883420 142
1883430 142
1883440 142
1883450 142
1883460 142
1883470 142
1883480 142
1883490 142
1883500 142
1883510 142
1883520 142
1883530 141
1883540 141
1883550 141
1883560 141
1883570 141
1883580 141
1883590 141
1883600 141
1883610 141
1883620 141
1883630 141
1883640 141
1883650 140
1883660 140
1883670 140
1883680 140
1883690 140
1883700 140
1883710 140
1883720 141
1883730 141
1883740 142
1883750 142
1883760 142
1883770 141
1883780 141
1883790 141
1883800 141
1883810 141
1883820 141
1883830 140
1883840 140
1883850 140
1883860 141
1883870 141
1883880 141
1883890 142
1883900 142
1883910 142
1883920 142
1883930 142
1883940 142
1883950 142
1883960 142
1883970 142
1883980 142
1883990 142
1884000 142
1884010 142
1884020 142
1884030 142
1884040 141
1884050 141
1884060 141
1884070 141
1884080 141
1884090 141
1884100 141
1884110 140
1884120 140
1884130 140
1884140 140
1884150 140
1884160 140
1884170 140
1884180 140
1884190 140
1884200 140
1884210 140
1884220 140
1884230 140
1884240 140
1884250 140
1884260 140
1884270 140
1884280 140
1884290 140
1884300 140
1884310 140
1884320 140
1884330 140
1884340 141
1884350 141
1884360 141
1884370 141
1884380 141
1884390 141
1884400 141
1884410 141
1884420 141
1884430 141
1884440 141
1884450 141
1884460 141
1884470 141
1884480 141
1884490 141
1884500 141
1884510 141
1884520 141
1884530 141
1884540 141
1884550 141
1884560 141
1884570 141
1884580 141
1884590 141
1884600 141
1884610 141
1884620 141
1884630 141
1884640 141
1884650 141
1884660 141
1884670 141
1884680 141
1884690 141
1884700 141
1884710 141
1884720 141
1884730 141
1884740 141
1884750 141
1884760 141
1884770 141
1884780 141
1884790 141
1884800 141
1884810 141
1884820 141
1884830 141
1884840 141
1884850 141
1884860 141
1884870 141
1884880 140
1884890 140
1884900 140
1884910 140
1884920 140
1884930 140
1884940 140
1884950 140
1884960 140
1884970 140
1884980 140
1884990 140
1885000 140
1885010 140
1885020 140
1885030 140
1885040 139
1885050 139
1885060 139
1885070 138
1885080 138
1885090 139
1885100 139
1885110 139
1885120 139
1885130 139
1885140 139
1885150 140
1885160 140
1885170 140
1885180 140
1885190 139
1885200 139
1885210 139
1885220 139
1885230 139
1885240 139
1885250 139
1885260 139
1885270 139
1885280 140
1885290 140
1885300 140
1885310 140
1885320 140
1885330 140
1885340 140
1885350 140
1885360 140
1885370 140
1885380 140
1885390 140
1885400 140
1885410 140
1885420 140
1885430 140
1885440 140
1885450 140
1885460 140
1885470 140
1885480 140
1885490 140
1885500 140
1885510 140
1885520 140
1885530 140
1885540 140
1885550 140
1885560 140
1885570 140
1885580 140
1885590 140
1885600 140
1885610 140
1885620 140
1885630 140
1885640 140
1885650 140
1885660 140
1885670 140
1885680 140
1885690 140
1885700 140
1885710 140
1885720 140
1885730 140
1885740 140
1885750 139
1885760 139
1885770 139
1885780 139
1885790 139
1885800 139
1885810 139
1885820 139
1885830 139
1885840 139
1885850 139
1885860 139
1885870 140
1885880 140
1885890 140
1885900 140
1885910 140
1885920 140
1885930 140
1885940 140
1885950 140
1885960 139
1885970 140
1885980 140
1885990 140
1886000 140
1886010 140
1886020 140
1886030 140
1886040 140
1886050 140
1886060 140
1886070 140
1886080 140
1886090 140
1886100 140
1886110 140
1886120 140
1886130 140
1886140 140
1886150 140
1886160 140
1886170 140
1886180 139
1886190 139
1886200 139
1886210 139
1886220 139
1886230 139
1886240 140
1886250 140
1886260 140
1886270 139
1886280 139
1886290 139
1886300 139
1886310 139
1886320 139
1886330 139
1886340 139
1886350 139
1886360 139
1886370 139
1886380 139
1886390 139
1886400 139
1886410 140
1886420 139
1886430 139
1886440 140
1886450 142
1886460 142
1886470 144
1886480 141
1886490 141
1886500 138
1886510 138
1886520 138
1886530 138
1886540 138
1886550 138
1886560 138
1886570 138
1886580 138
1886590 139
1886600 139
1886610 139
1886620 139
1886630 138
1886640 138
1886650 138
1886660 138
1886670 138
1886680 138
1886690 138
1886700 138
1886710 138
1886720 139
1886730 139
1886740 139
1886750 139
1886760 139
1886770 139
1886780 139
1886790 139
1886800 139
1886810 139
1886820 139
1886830 139
1886840 138
1886850 138
1886860 139
1886870 138
1886880 138
1886890 137
1886900 137
1886910 137
1886920 137
1886930 137
1886940 137
1886950 137
1886960 137
1886970 137
1886980 137
1886990 138
1887000 138
1887010 139
1887020 139
1887030 139
1887040 139
1887050 139
1887060 139
1887070 139
1887080 139
1887090 139
1880000 147
1880010 147
1880020 147
1880030 147
1880040 147
1880050 147
1880060 147
1880070 147
1880080 147
1880090 147
1880100 147
1880110 147
1880120 147
1880130 147
1880140 147
1880150 147
1880160 147
1880170 147
1880180 147
1880190 147
1880200 147
1880210 146
1880220 146
1880230 146
1880240 146
1880250 146
1880260 146
1880270 146
1880280 146
1880290 146
1880300 146
1880310 146
1880320 146
1880330 146
1880340 146
1880350 146
1880360 146
1880370 146
1880380 146
1880390 146
1880400 146
1880410 146
1880420 145
1880430 145
1880440 145
1880450 145
1880460 146
1880470 146
1880480 146
1880490 146
1880500 146
1880510 146
1880520 146
1880530 146
1880540 146
1880550 146
1880560 146
1880570 146
1880580 146
1880590 146
1880600 146
1880610 146
1880620 146
1880630 146
1880640 146
1880650 146
1880660 146
1880670 146
1880680 146
1880690 146
1880700 146
1880710 146
1880720 146
1880730 146
1880740 146
1880750 146
1880760 146
1880770 146
1880780 146
1880790 146
1880800 146
1880810 146
1880820 146
1880830 146
1880840 146
1880850 146
1880860 146
1880870 147
1880880 147
1880890 147
1880900 147
1880910 147
1880920 147
1880930 147
1880940 147
1880950 147
1880960 146
1880970 147
1880980 147
1880990 147
1881000 147
1881010 147
1881020 147
1881030 147
1881040 147
1881050 147
1881060 147
1881070 147
1881080 147
1881090 147
1881100 147
1881110 147
1881120 147
1881130 147
1881140 148
1881150 148
1881160 148
1881170 148
1881180 148
1881190 148
1881200 148
1881210 148
1881220 148
1881230 148
1881240 149
1881250 149
1881260 149
1881270 149
1881280 149
1881290 150
1881300 150
1881310 150
1881320 150
1881330 150
1881340 150
1881350 151
1881360 151
1881370 151
1881380 151
1881390 152
1881400 151
1881410 152
1881420 152
1881430 152
1881440 152
1881450 152
1881460 152
1881470 152
1881480 152
1881490 152
1881500 152
1881510 152
1881520 152
1881530 153
1881540 153
1881550 153
1881560 153
1881570 153
1881580 153
1881590 154
1881600 154
1881610 154
1881620 155
1881630 155
1881640 155
1881650 156
1881660 157
1881670 157
1881680 157
1881690 158
1881700 158
1881710 159
1881720 159
1881730 159
1881740 159
1881750 158
1881760 158
1881770 158
1881780 157
1881790 157
1881800 157
1881810 156
1881820 156
1881830 156
1881840 155
1881850 155
1881860 155
1881870 155
1881880 155
1881890 154
1881900 154
1881910 154
1881920 154
1881930 154
1881940 154
1881950 154
1881960 154
1881970 154
1881980 154
1881990 153
1882000 153
1882010 152
1882020 151
1882030 151
1882040 151
1882050 150
1882060 148
1882070 148
1882080 148
1882090 148
1882100 148
1882110 150
1882120 150
1882130 152
1882140 154
1882150 154
1882160 153
1882170 153
1882180 153
1882190 152
1882200 152
1882210 152
1882220 151
1882230 150
1882240 150
1882250 150
1882260 149
1882270 149
1882280 149
1882290 149
1882300 149
1882310 148
1882320 148
1882330 148
1882340 148
1882350 148
1882360 148
1882370 147
1882380 146
1882390 146
1882400 146
1882410 146
1882420 146
1882430 146
1882440 146
1882450 146
1882460 146
1882470 145
1882480 145
1882490 145
1882500 145
1882510 145
1882520 145
1882530 145
1882540 145
1882550 145
1882560 145
1882570 145
1882580 145
1882590 145
1882600 145
1882610 145
1882620 145
1882630 145
1882640 144
1882650 144
1882660 144
1882670 144
1882680 144
1882690 144
1882700 144
1882710 143
1882720 143
1882730 143
1882740 143
1882750 143
1882760 143
1882770 143
1882780 143
1882790 142
1882800 143
1882810 143
1882820 143
1882830 143
1882840 143
1882850 143
1882860 143
1882870 143
1882880 142
1882890 142
1882900 142
1882910 142
1882920 142
1882930 142
1882940 142
1882950 142
1882960 142
1882970 142
1882980 142
1882990 142
1883000 142
1883010 142
1883020 142
1883030 142
1883040 142
1883050 142
1883060 142
1883070 142
1883080 142
1883090 142
1883100 142
1883110 142
1883120 142
1883130 142
1883140 142
1883150 143
1883160 143
1883170 143
1883180 143
1883190 143
1883200 143
1883210 143
1883220 142
1883230 142
1883240 142
1883250 143
1883260 143
1883270 143
1883280 143
1883290 143
1883300 143
1883310 142
1883320 142
1883330 142
1883340 142
1883350 142
1883360 142
1883370 142
1883380 142
1883390 142
1883400 142
1883410 142
1883420 142
1883430 142
1883440 142
1883450 142
1883460 142
1883470 142
1883480 142
1883490 142
1883500 142
1883510 142
1883520 142
1883530 141
1883540 141
1883550 141
1883560 141
1883570 141
1883580 141
1883590 141
1883600 141
1883610 141
1883620 141
1883630 141
1883640 141
1883650 140
1883660 140
1883670 140
1883680 140
1883690 140
1883700 140
1883710 140
1883720 141
1883730 141
1883740 142
1883750 142
1883760 142
1883770 141
1883780 141
1883790 141
1883800 141
1883810 141
1883820 141
1883830 140
1883840 140
1883850 140
1883860 141
1883870 141
1883880 141
1883890 142
1883900 142
1883910 142
1883920 142
1883930 142
1883940 142
1883950 142
1883960 142
1883970 142
1883980 142
1883990 142
1884000 142
1884010 142
1884020 142
1884030 142
1884040 141
1884050 141
1884060 141
1884070 141
1884080 141
1884090 141
1884100 141
1884110 140
1884120 140
1884130 140
1884140 140
1884150 140
1884160 140
1884170 140
1884180 140
1884190 140
1884200 140
1884210 140
1884220 140
1884230 140
1884240 140
1884250 140
1884260 140
1884270 140
1884280 140
1884290 140
1884300 140
1884310 140
1884320 140
1884330 140
1884340 141
1884350 141
1884360 141
1884370 141
1884380 141
1884390 141
1884400 141
1884410 141
1884420 141
1884430 141
1884440 141
1884450 141
1884460 141
1884470 141
1884480 141
1884490 141
1884500 141
1884510 141
1884520 141
1884530 141
1884540 141
1884550 141
1884560 141
1884570 141
1884580 141
1884590 141
1884600 141
1884610 141
1884620 141
1884630 141
1884640 141
1884650 141
1884660 141
1884670 141
1884680 141
1884690 141
1884700 141
1884710 141
1884720 141
1884730 141
1884740 141
1884750 141
1884760 141
1884770 141
1884780 141
1884790 141
1884800 141
1884810 141
1884820 141
1884830 141
1884840 141
1884850 141
1884860 141
1884870 141
1884880 140
1884890 140
1884900 140
1884910 140
1884920 140
1884930 140
1884940 140
1884950 140
1884960 140
1884970 140
1884980 140
1884990 140
1885000 140
1885010 140
1885020 140
1885030 140
1885040 139
1885050 139
1885060 139
1885070 138
1885080 138
1885090 139
1885100 139
1885110 139
1885120 139
1885130 139
1885140 139
1885150 140
1885160 140
1885170 140
1885180 140
1885190 139
1885200 139
1885210 139
1885220 139
1885230 139
1885240 139
1885250 139
1885260 139
1885270 139
1885280 140
1885290 140
1885300 140
1885310 140
1885320 140
1885330 140
1885340 140
1885350 140
1885360 140
1885370 140
1885380 140
1885390 140
1885400 140
1885410 140
1885420 140
1885430 140
1885440 140
1885450 140
1885460 140
1885470 140
1885480 140
1885490 140
1885500 140
1885510 140
1885520 140
1885530 140
1885540 140
1885550 140
1885560 140
1885570 140
1885580 140
1885590 140
1885600 140
1885610 140
1885620 140
1885630 140
1885640 140
1885650 140
1885660 140
1885670 140
1885680 140
1885690 140
1885700 140
1885710 140
1885720 140
1885730 140
1885740 140
1885750 139
1885760 139
1885770 139
1885780 139
1885790 139
1885800 139
1885810 139
1885820 139
1885830 139
1885840 139
1885850 139
1885860 139
1885870 140
1885880 140
1885890 140
1885900 140
1885910 140
1885920 140
1885930 140
1885940 140
1885950 140
1885960 139
1885970 140
1885980 140
1885990 140
1886000 140
1886010 140
1886020 140
1886030 140
1886040 140
1886050 140
1886060 140
1886070 140
1886080 140
1886090 140
1886100 140
1886110 140
1886120 140
1886130 140
1886140 140
1886150 140
1886160 140
1886170 140
1886180 139
1886190 139
1886200 139
1886210 139
1886220 139
1886230 139
1886240 140
1886250 140
1886260 140
1886270 139
1886280 139
1886290 139
1886300 139
1886310 139
1886320 139
1886330 139
1886340 139
1886350 139
1886360 139
1886370 139
1886380 139
1886390 139
1886400 139
1886410 140
1886420 139
1886430 139
1886440 140
1886450 142
1886460 142
1886470 144
1886480 141
1886490 141
1886500 138
1886510 138
1886520 138
1886530 138
1886540 138
1886550 138
1886560 138
1886570 138
1886580 138
1886590 139
1886600 139
1886610 139
1886620 139
1886630 138
1886640 138
1886650 138
1886660 138
1886670 138
1886680 138
1886690 138
1886700 138
1886710 138
1886720 139
1886730 139
1886740 139
1886750 139
1886760 139
1886770 139
1886780 139
1886790 139
1886800 139
1886810 139
1886820 139
1886830 139
1886840 138
1886850 138
1886860 139
1886870 138
1886880 138
1886890 137
1886900 137
1886910 137
1886920 137
1886930 137
1886940 137
1886950 137
1886960 137
1886970 137
1886980 137
1886990 138
1887000 138
1887010 139
1887020 139
1887030 139
1887040 139
1887050 139
1887060 139
1887070 139
1887080 139
1887090 139
