1880000 147
1880010 147
1880020 147
1880030 148
1880040 148
1880050 148
1880060 147
1880070 147
1880080 147
1880090 147
1880100 147
1880110 147
1880120 147
1880130 147
1880140 147
1880150 147
1880160 147
1880170 147
1880180 147
1880190 147
1880200 147
1880210 147
1880220 147
1880230 147
1880240 147
1880250 147
1880260 147
1880270 147
1880280 147
1880290 147
1880300 147
1880310 147
1880320 147
1880330 147
1880340 146
1880350 146
1880360 144
1880370 143
1880380 143
1880390 142
1880400 142
1880410 142
1880420 144
1880430 146
1880440 146
1880450 146
1880460 145
1880470 145
1880480 145
1880490 145
1880500 145
1880510 145
1880520 145
1880530 145
1880540 145
1880550 146
1880560 146
1880570 146
1880580 146
1880590 146
1880600 146
1880610 146
1880620 146
1880630 146
1880640 147
1880650 147
1880660 147
1880670 147
1880680 147
1880690 147
1880700 148
1880710 148
1880720 148
1880730 148
1880740 148
1880750 148
1880760 148
1880770 148
1880780 148
1880790 149
1880800 149
1880810 149
1880820 149
1880830 149
1880840 149
1880850 148
1880860 148
1880870 148
1880880 148
1880890 148
1880900 148
1880910 148
1880920 148
1880930 148
1880940 148
1880950 148
1880960 149
1880970 149
1880980 149
1880990 149
1881000 149
1881010 149
1881020 149
1881030 149
1881040 149
1881050 149
1881060 149
1881070 149
1881080 149
1881090 149
1881100 149
1881110 149
1881120 149
1881130 149
1881140 149
1881150 149
1881160 149
1881170 149
1881180 149
1881190 149
1881200 149
1881210 150
1881220 150
1881230 149
1881240 149
1881250 149
1881260 149
1881270 149
1881280 149
1881290 149
1881300 149
1881310 149
1881320 149
1881330 151
1881340 151
1881350 152
1881360 152
1881370 152
1881380 151
1881390 150
1881400 150
1881410 149
1881420 148
1881430 148
1881440 148
1881450 148
1881460 148
1881470 148
1881480 148
1881490 148
1881500 147
1881510 147
1881520 147
1881530 146
1881540 145
1881550 145
1881560 145
1881570 145
1881580 145
1881590 145
1881600 146
1881610 146
1881620 146
1881630 146
1881640 146
1881650 146
1881660 144
1881670 144
1881680 144
1881690 144
1881700 144
1881710 144
1881720 144
1881730 144
1881740 144
1881750 144
1881760 144
1881770 144
1881780 144
1881790 144
1881800 144
1881810 143
1881820 143
1881830 143
1881840 143
1881850 143
1881860 143
1881870 143
1881880 143
1881890 143
1881900 143
1881910 143
1881920 143
1881930 143
1881940 143
1881950 143
1881960 143
1881970 143
1881980 143
1881990 143
1882000 143
1882010 143
1882020 143
1882030 143
1882040 143
1882050 143
1882060 143
1882070 143
1882080 143
1882090 143
1882100 143
1882110 143
1882120 143
1882130 143
1882140 143
1882150 143
1882160 143
1882170 143
1882180 143
1882190 143
1882200 143
1882210 143
1882220 143
1882230 143
1882240 143
1882250 143
1882260 143
1882270 143
1882280 143
1882290 143
1882300 143
1882310 143
1882320 143
1882330 143
1882340 143
1882350 143
1882360 143
1882370 144
1882380 144
1882390 144
1882400 143
1882410 143
1882420 143
1882430 142
1882440 142
1882450 142
1882460 142
1882470 143
1882480 143
1882490 143
1882500 143
1882510 143
1882520 143
1882530 143
1882540 143
1882550 143
1882560 143
1882570 143
1882580 142
1882590 142
1882600 142
1882610 142
1882620 142
1882630 142
1882640 142
1882650 142
1882660 142
1882670 142
1882680 142
1882690 142
1882700 142
1882710 142
1882720 142
1882730 142
1882740 142
1882750 142
1882760 142
1882770 142
1882780 142
1882790 142
1882800 142
1882810 142
1882820 142
1882830 142
1882840 142
1882850 142
1882860 142
1882870 142
1882880 142
1882890 142
1882900 142
1882910 142
1882920 142
1882930 142
1882940 142
1882950 142
1882960 142
1882970 142
1882980 142
1882990 142
1883000 142
1883010 142
1883020 142
1883030 142
1883040 141
1883050 141
1883060 141
1883070 142
1883080 142
1883090 141
1883100 141
1883110 141
1883120 141
1883130 141
1883140 141
1883150 141
1883160 141
1883170 141
1883180 141
1883190 141
1883200 141
1883210 141
1883220 141
1883230 141
1883240 141
1883250 141
1883260 141
1883270 141
1883280 141
1883290 141
1883300 141
1883310 141
1883320 141
1883330 141
1883340 141
1883350 141
1883360 141
1883370 141
1883380 141
1883390 141
1883400 141
1883410 141
1883420 140
1883430 140
1883440 140
1883450 140
1883460 140
1883470 140
1883480 140
1883490 140
1883500 140
1883510 140
1883520 140
1883530 140
1883540 140
1883550 140
1883560 140
1883570 140
1883580 141
1883590 141
1883600 142
1883610 142
1883620 142
1883630 143
1883640 143
1883650 143
1883660 143
1883670 144
1883680 144
1883690 144
1883700 144
1883710 144
1883720 143
1883730 141
1883740 141
1883750 140
1883760 140
1883770 140
1883780 140
1883790 142
1883800 142
1883810 142
1883820 142
1883830 142
1883840 143
1883850 143
1883860 143
1883870 143
1883880 143
1883890 143
1883900 142
1883910 142
1883920 142
1883930 142
1883940 141
1883950 141
1883960 141
1883970 141
1883980 141
1883990 140
1884000 140
1884010 140
1884020 140
1884030 140
1884040 140
1884050 140
1884060 140
1884070 140
1884080 140
1884090 140
1884100 140
1884110 140
1884120 141
1884130 141
1884140 141
1884150 141
1884160 141
1884170 141
1884180 141
1884190 141
1884200 141
1884210 141
1884220 141
1884230 141
1884240 141
1884250 141
1884260 141
1884270 141
1884280 141
1884290 141
1884300 141
1884310 141
1884320 141
1884330 141
1884340 141
1884350 141
1884360 140
1884370 140
1884380 140
1884390 140
1884400 140
1884410 140
1884420 140
1884430 140
1884440 139
1884450 139
1884460 139
1884470 140
1884480 140
1884490 140
1884500 140
1884510 140
1884520 140
1884530 140
1884540 140
1884550 140
1884560 140
1884570 140
1884580 140
1884590 140
1884600 140
1884610 140
1884620 140
1884630 140
1884640 140
1884650 140
1884660 140
1884670 140
1884680 140
1884690 140
1884700 140
1884710 140
1884720 140
1884730 140
1884740 140
1884750 140
1884760 140
1884770 140
1884780 140
1884790 140
1884800 140
1884810 140
1884820 140
1884830 140
1884840 140
1884850 140
1884860 140
1884870 140
1884880 140
1884890 140
1884900 140
1884910 140
1884920 140
1884930 140
1884940 140
1884950 140
1884960 140
1884970 140
1884980 140
1884990 140
1885000 140
1885010 140
1885020 140
1885030 139
1885040 139
1885050 139
1885060 139
1885070 139
1885080 139
1885090 139
1885100 139
1885110 139
1885120 139
1885130 139
1885140 139
1885150 139
1885160 139
1885170 139
1885180 140
1885190 140
1885200 140
1885210 140
1885220 140
1885230 140
1885240 140
1885250 140
1885260 140
1885270 140
1885280 140
1885290 140
1885300 140
1885310 140
1885320 140
1885330 140
1885340 140
1885350 140
1885360 140
1885370 140
1885380 140
1885390 140
1885400 140
1885410 140
1885420 140
1885430 140
1885440 140
1885450 140
1885460 140
1885470 140
1885480 140
1885490 140
1885500 140
1885510 140
1885520 140
1885530 140
1885540 140
1885550 140
1885560 140
1885570 140
1885580 140
1885590 140
1885600 140
1885610 140
1885620 140
1885630 140
1885640 140
1885650 140
1885660 140
1885670 140
1885680 140
1885690 140
1885700 140
1885710 140
1885720 140
1885730 140
1885740 140
1885750 140
1885760 140
1885770 140
1885780 140
1885790 140
1885800 140
1885810 140
1885820 140
1885830 140
1885840 140
1885850 140
1885860 140
1885870 140
1885880 140
1885890 140
1885900 140
1885910 140
1885920 140
1885930 140
1885940 140
1885950 140
1885960 140
1885970 140
1885980 140
1885990 141
1886000 140
1886010 140
1886020 140
1886030 140
1886040 140
1886050 140
1886060 139
1886070 139
1886080 139
1886090 139
1886100 139
1886110 139
1886120 140
1886130 140
1886140 140
1886150 140
1886160 140
1886170 140
1886180 140
1886190 140
1886200 140
1886210 140
1886220 140
1886230 140
1886240 140
1886250 140
1886260 140
1886270 140
1886280 140
1886290 140
1886300 140
1886310 140
1886320 140
1886330 140
1886340 140
1886350 140
1886360 140
1886370 140
1886380 140
1886390 140
1886400 140
1886410 140
1886420 140
1886430 140
1886440 140
1886450 140
1886460 140
1886470 140
1886480 140
1886490 140
1886500 139
1886510 140
1886520 140
1886530 143
1886540 143
1886550 143
1886560 141
1886570 139
1886580 139
1886590 139
1886600 139
1886610 139
1886620 139
1886630 139
1886640 139
1886650 139
1886660 138
1886670 138
1886680 138
1886690 138
1886700 138
1886710 139
1886720 139
1886730 139
1886740 139
1886750 139
1886760 139
1886770 139
1886780 139
1886790 139
1886800 139
1886810 139
1886820 139
1886830 139
1886840 139
1886850 139
1886860 139
1886870 139
1886880 139
1886890 139
1886900 139
1886910 139
1886920 139
1886930 140
1886940 140
1886950 139
1886960 137
1886970 137
1886980 137
1886990 137
1887000 137
1887010 137
1887020 137
1887030 137
1887040 137
1887050 138
1887060 138
1887070 139
1887080 139
1887090 139
1887100 139
1887110 139
1887120 139
1887130 139
1887140 139
1887150 139
1887160 138
1880000 147
1880010 147
1880020 147
1880030 148
1880040 148
1880050 148
1880060 147
1880070 147
1880080 147
1880090 147
1880100 147
1880110 147
1880120 147
1880130 147
1880140 147
1880150 147
1880160 147
1880170 147
1880180 147
1880190 147
1880200 147
1880210 147
1880220 147
1880230 147
1880240 147
1880250 147
1880260 147
1880270 147
1880280 147
1880290 147
1880300 147
1880310 147
1880320 147
1880330 147
1880340 146
1880350 146
1880360 144
1880370 143
1880380 143
1880390 142
1880400 142
1880410 142
1880420 144
1880430 146
1880440 146
1880450 146
1880460 145
1880470 145
1880480 145
1880490 145
1880500 145
1880510 145
1880520 145
1880530 145
1880540 145
1880550 146
1880560 146
1880570 146
1880580 146
1880590 146
1880600 146
1880610 146
1880620 146
1880630 146
1880640 147
1880650 147
1880660 147
1880670 147
1880680 147
1880690 147
1880700 148
1880710 148
1880720 148
1880730 148
1880740 148
1880750 148
1880760 148
1880770 148
1880780 148
1880790 149
1880800 149
1880810 149
1880820 149
1880830 149
1880840 149
1880850 148
1880860 148
1880870 148
1880880 148
1880890 148
1880900 148
1880910 148
1880920 148
1880930 148
1880940 148
1880950 148
1880960 149
1880970 149
1880980 149
1880990 149
1881000 149
1881010 149
1881020 149
1881030 149
1881040 149
1881050 149
1881060 149
1881070 149
1881080 149
1881090 149
1881100 149
1881110 149
1881120 149
1881130 149
1881140 149
1881150 149
1881160 149
1881170 149
1881180 149
1881190 149
1881200 149
1881210 150
1881220 150
1881230 149
1881240 149
1881250 149
1881260 149
1881270 149
1881280 149
1881290 149
1881300 149
1881310 149
1881320 149
1881330 151
1881340 151
1881350 152
1881360 152
1881370 152
1881380 151
1881390 150
1881400 150
1881410 149
1881420 148
1881430 148
1881440 148
1881450 148
1881460 148
1881470 148
1881480 148
1881490 148
1881500 147
1881510 147
1881520 147
1881530 146
1881540 145
1881550 145
1881560 145
1881570 145
1881580 145
1881590 145
1881600 146
1881610 146
1881620 146
1881630 146
1881640 146
1881650 146
1881660 144
1881670 144
1881680 144
1881690 144
1881700 144
1881710 144
1881720 144
1881730 144
1881740 144
1881750 144
1881760 144
1881770 144
1881780 144
1881790 144
1881800 144
1881810 143
1881820 143
1881830 143
1881840 143
1881850 143
1881860 143
1881870 143
1881880 143
1881890 143
1881900 143
1881910 143
1881920 143
1881930 143
1881940 143
1881950 143
1881960 143
1881970 143
1881980 143
1881990 143
1882000 143
1882010 143
1882020 143
1882030 143
1882040 143
1882050 143
1882060 143
1882070 143
1882080 143
1882090 143
1882100 143
1882110 143
1882120 143
1882130 143
1882140 143
1882150 143
1882160 143
1882170 143
1882180 143
1882190 143
1882200 143
1882210 143
1882220 143
1882230 143
1882240 143
1882250 143
1882260 143
1882270 143
1882280 143
1882290 143
1882300 143
1882310 143
1882320 143
1882330 143
1882340 143
1882350 143
1882360 143
1882370 144
1882380 144
1882390 144
1882400 143
1882410 143
1882420 143
1882430 142
1882440 142
1882450 142
1882460 142
1882470 143
1882480 143
1882490 143
1882500 143
1882510 143
1882520 143
1882530 143
1882540 143
1882550 143
1882560 143
1882570 143
1882580 142
1882590 142
1882600 142
1882610 142
1882620 142
1882630 142
1882640 142
1882650 142
1882660 142
1882670 142
1882680 142
1882690 142
1882700 142
1882710 142
1882720 142
1882730 142
1882740 142
1882750 142
1882760 142
1882770 142
1882780 142
1882790 142
1882800 142
1882810 142
1882820 142
1882830 142
1882840 142
1882850 142
1882860 142
1882870 142
1882880 142
1882890 142
1882900 142
1882910 142
1882920 142
1882930 142
1882940 142
1882950 142
1882960 142
1882970 142
1882980 142
1882990 142
1883000 142
1883010 142
1883020 142
1883030 142
1883040 141
1883050 141
1883060 141
1883070 142
1883080 142
1883090 141
1883100 141
1883110 141
1883120 141
1883130 141
1883140 141
1883150 141
1883160 141
1883170 141
1883180 141
1883190 141
1883200 141
1883210 141
1883220 141
1883230 141
1883240 141
1883250 141
1883260 141
1883270 141
1883280 141
1883290 141
1883300 141
1883310 141
1883320 141
1883330 141
1883340 141
1883350 141
1883360 141
1883370 141
1883380 141
1883390 141
1883400 141
1883410 141
1883420 140
1883430 140
1883440 140
1883450 140
1883460 140
1883470 140
1883480 140
1883490 140
1883500 140
1883510 140
1883520 140
1883530 140
1883540 140
1883550 140
1883560 140
1883570 140
1883580 141
1883590 141
1883600 142
1883610 142
1883620 142
1883630 143
1883640 143
1883650 143
1883660 143
1883670 144
1883680 144
1883690 144
1883700 144
1883710 144
1883720 143
1883730 141
1883740 141
1883750 140
1883760 140
1883770 140
1883780 140
1883790 142
1883800 142
1883810 142
1883820 142
1883830 142
1883840 143
1883850 143
1883860 143
1883870 143
1883880 143
1883890 143
1883900 142
1883910 142
1883920 142
1883930 142
1883940 141
1883950 141
1883960 141
1883970 141
1883980 141
1883990 140
1884000 140
1884010 140
1884020 140
1884030 140
1884040 140
1884050 140
1884060 140
1884070 140
1884080 140
1884090 140
1884100 140
1884110 140
1884120 141
1884130 141
1884140 141
1884150 141
1884160 141
1884170 141
1884180 141
1884190 141
1884200 141
1884210 141
1884220 141
1884230 141
1884240 141
1884250 141
1884260 141
1884270 141
1884280 141
1884290 141
1884300 141
1884310 141
1884320 141
1884330 141
1884340 141
1884350 141
1884360 140
1884370 140
1884380 140
1884390 140
1884400 140
1884410 140
1884420 140
1884430 140
1884440 139
1884450 139
1884460 139
1884470 140
1884480 140
1884490 140
1884500 140
1884510 140
1884520 140
1884530 140
1884540 140
1884550 140
1884560 140
1884570 140
1884580 140
1884590 140
1884600 140
1884610 140
1884620 140
1884630 140
1884640 140
1884650 140
1884660 140
1884670 140
1884680 140
1884690 140
1884700 140
1884710 140
1884720 140
1884730 140
1884740 140
1884750 140
1884760 140
1884770 140
1884780 140
1884790 140
1884800 140
1884810 140
1884820 140
1884830 140
1884840 140
1884850 140
1884860 140
1884870 140
1884880 140
1884890 140
1884900 140
1884910 140
1884920 140
1884930 140
1884940 140
1884950 140
1884960 140
1884970 140
1884980 140
1884990 140
1885000 140
1885010 140
1885020 140
1885030 139
1885040 139
1885050 139
1885060 139
1885070 139
1885080 139
1885090 139
1885100 139
1885110 139
1885120 139
1885130 139
1885140 139
1885150 139
1885160 139
1885170 139
1885180 140
1885190 140
1885200 140
1885210 140
1885220 140
1885230 140
1885240 140
1885250 140
1885260 140
1885270 140
1885280 140
1885290 140
1885300 140
1885310 140
1885320 140
1885330 140
1885340 140
1885350 140
1885360 140
1885370 140
1885380 140
1885390 140
1885400 140
1885410 140
1885420 140
1885430 140
1885440 140
1885450 140
1885460 140
1885470 140
1885480 140
1885490 140
1885500 140
1885510 140
1885520 140
1885530 140
1885540 140
1885550 140
1885560 140
1885570 140
1885580 140
1885590 140
1885600 140
1885610 140
1885620 140
1885630 140
1885640 140
1885650 140
1885660 140
1885670 140
1885680 140
1885690 140
1885700 140
1885710 140
1885720 140
1885730 140
1885740 140
1885750 140
1885760 140
1885770 140
1885780 140
1885790 140
1885800 140
1885810 140
1885820 140
1885830 140
1885840 140
1885850 140
1885860 140
1885870 140
1885880 140
1885890 140
1885900 140
1885910 140
1885920 140
1885930 140
1885940 140
1885950 140
1885960 140
1885970 140
1885980 140
1885990 141
1886000 140
1886010 140
1886020 140
1886030 140
1886040 140
1886050 140
1886060 139
1886070 139
1886080 139
1886090 139
1886100 139
1886110 139
1886120 140
1886130 140
1886140 140
1886150 140
1886160 140
1886170 140
1886180 140
1886190 140
1886200 140
1886210 140
1886220 140
1886230 140
1886240 140
1886250 140
1886260 140
1886270 140
1886280 140
1886290 140
1886300 140
1886310 140
1886320 140
1886330 140
1886340 140
1886350 140
1886360 140
1886370 140
1886380 140
1886390 140
1886400 140
1886410 140
1886420 140
1886430 140
1886440 140
1886450 140
1886460 140
1886470 140
1886480 140
1886490 140
1886500 139
1886510 140
1886520 140
1886530 143
1886540 143
1886550 143
1886560 141
1886570 139
1886580 139
1886590 139
1886600 139
1886610 139
1886620 139
1886630 139
1886640 139
1886650 139
1886660 138
1886670 138
1886680 138
1886690 138
1886700 138
1886710 139
1886720 139
1886730 139
1886740 139
1886750 139
1886760 139
1886770 139
1886780 139
1886790 139
1886800 139
1886810 139
1886820 139
1886830 139
1886840 139
1886850 139
1886860 139
1886870 139
1886880 139
1886890 139
1886900 139
1886910 139
1886920 139
1886930 140
1886940 140
1886950 139
1886960 137
1886970 137
1886980 137
1886990 137
1887000 137
1887010 137
1887020 137
1887030 137
1887040 137
1887050 138
1887060 138
1887070 139
1887080 139
1887090 139
1887100 139
1887110 139
1887120 139
1887130 139
1887140 139
1887150 139
1887160 138
