1880000 146
1880010 146
1880020 146
1880030 146
1880040 146
1880050 146
1880060 146
1880070 146
1880080 146
1880090 146
1880100 146
1880110 146
1880120 146
1880130 146
1880140 146
1880150 146
1880160 146
1880170 146
1880180 146
1880190 146
1880200 146
1880210 146
1880220 146
1880230 146
1880240 146
1880250 146
1880260 146
1880270 146
1880280 146
1880290 146
1880300 146
1880310 146
1880320 146
1880330 146
1880340 146
1880350 146
1880360 146
1880370 146
1880380 147
1880390 147
1880400 147
1880410 147
1880420 147
1880430 147
1880440 147
1880450 147
1880460 147
1880470 147
1880480 147
1880490 147
1880500 147
1880510 147
1880520 147
1880530 147
1880540 147
1880550 147
1880560 147
1880570 147
1880580 147
1880590 147
1880600 147
1880610 147
1880620 147
1880630 147
1880640 147
1880650 147
1880660 147
1880670 147
1880680 147
1880690 147
1880700 147
1880710 147
1880720 147
1880730 147
1880740 147
1880750 147
1880760 147
1880770 147
1880780 147
1880790 147
1880800 147
1880810 147
1880820 147
1880830 147
1880840 147
1880850 147
1880860 147
1880870 147
1880880 147
1880890 147
1880900 147
1880910 147
1880920 148
1880930 148
1880940 147
1880950 147
1880960 147
1880970 148
1880980 148
1880990 148
1881000 147
1881010 147
1881020 147
1881030 148
1881040 148
1881050 148
1881060 148
1881070 148
1881080 148
1881090 148
1881100 148
1881110 148
1881120 148
1881130 148
1881140 148
1881150 148
1881160 149
1881170 149
1881180 149
1881190 149
1881200 149
1881210 149
1881220 149
1881230 149
1881240 150
1881250 150
1881260 150
1881270 150
1881280 151
1881290 151
1881300 152
1881310 152
1881320 152
1881330 152
1881340 152
1881350 152
1881360 153
1881370 153
1881380 153
1881390 153
1881400 153
1881410 153
1881420 154
1881430 154
1881440 154
1881450 155
1881460 155
1881470 155
1881480 155
1881490 156
1881500 155
1881510 156
1881520 156
1881530 156
1881540 156
1881550 157
1881560 157
1881570 157
1881580 158
1881590 158
1881600 158
1881610 159
1881620 159
1881630 160
1881640 160
1881650 160
1881660 161
1881670 162
1881680 162
1881690 162
1881700 162
1881710 162
1881720 163
1881730 163
1881740 163
1881750 163
1881760 163
1881770 163
1881780 163
1881790 163
1881800 163
1881810 163
1881820 163
1881830 162
1881840 161
1881850 161
1881860 161
1881870 161
1881880 161
1881890 161
1881900 160
1881910 160
1881920 160
1881930 160
1881940 160
1881950 160
1881960 160
1881970 161
1881980 161
1881990 161
1882000 162
1882010 162
1882020 162
1882030 161
1882040 161
1882050 161
1882060 160
1882070 160
1882080 160
1882090 159
1882100 159
1882110 159
1882120 159
1882130 159
1882140 158
1882150 158
1882160 157
1882170 157
1882180 157
1882190 157
1882200 157
1882210 156
1882220 156
1882230 154
1882240 151
1882250 151
1882260 149
1882270 148
1882280 148
1882290 148
1882300 148
1882310 148
1882320 149
1882330 151
1882340 151
1882350 153
1882360 155
1882370 155
1882380 156
1882390 157
1882400 157
1882410 156
1882420 154
1882430 154
1882440 152
1882450 150
1882460 150
1882470 150
1882480 149
1882490 149
1882500 148
1882510 148
1882520 148
1882530 147
1882540 147
1882550 147
1882560 147
1882570 146
1882580 146
1882590 146
1882600 146
1882610 146
1882620 146
1882630 146
1882640 146
1882650 146
1882660 145
1882670 145
1882680 145
1882690 145
1882700 145
1882710 145
1882720 145
1882730 145
1882740 145
1882750 145
1882760 145
1882770 145
1882780 145
1882790 145
1882800 145
1882810 144
1882820 144
1882830 144
1882840 144
1882850 144
1882860 144
1882870 144
1882880 144
1882890 144
1882900 144
1882910 144
1882920 144
1882930 143
1882940 143
1882950 143
1882960 143
1882970 143
1882980 143
1882990 143
1883000 143
1883010 143
1883020 143
1883030 143
1883040 142
1883050 142
1883060 142
1883070 142
1883080 142
1883090 142
1883100 142
1883110 142
1883120 142
1883130 142
1883140 142
1883150 142
1883160 142
1883170 142
1883180 142
1883190 142
1883200 142
1883210 142
1883220 143
1883230 143
1883240 143
1883250 143
1883260 143
1883270 143
1883280 143
1883290 143
1883300 143
1883310 143
1883320 143
1883330 143
1883340 143
1883350 143
1883360 143
1883370 143
1883380 143
1883390 143
1883400 142
1883410 142
1883420 142
1883430 142
1883440 142
1883450 142
1883460 142
1883470 142
1883480 142
1883490 142
1883500 142
1883510 142
1883520 142
1883530 142
1883540 142
1883550 143
1883560 143
1883570 143
1883580 142
1883590 142
1883600 142
1883610 141
1883620 141
1883630 141
1883640 141
1883650 141
1883660 141
1883670 141
1883680 141
1883690 141
1883700 141
1883710 141
1883720 141
1883730 141
1883740 141
1883750 141
1883760 141
1883770 141
1883780 141
1883790 142
1883800 141
1883810 141
1883820 141
1883830 140
1883840 140
1883850 141
1883860 141
1883870 141
1883880 142
1883890 142
1883900 142
1883910 141
1883920 141
1883930 141
1883940 141
1883950 141
1883960 141
1883970 142
1883980 141
1883990 141
1884000 141
1884010 141
1884020 141
1884030 141
1884040 141
1884050 141
1884060 141
1884070 141
1884080 141
1884090 141
1884100 141
1884110 141
1884120 141
1884130 141
1884140 141
1884150 140
1884160 140
1884170 140
1884180 140
1884190 140
1884200 140
1884210 140
1884220 140
1884230 140
1884240 140
1884250 140
1884260 140
1884270 140
1884280 140
1884290 140
1884300 140
1884310 140
1884320 140
1884330 140
1884340 140
1884350 140
1884360 140
1884370 140
1884380 140
1884390 140
1884400 140
1884410 140
1884420 140
1884430 141
1884440 141
1884450 141
1884460 141
1884470 141
1884480 141
1884490 141
1884500 141
1884510 141
1884520 141
1884530 141
1884540 141
1884550 141
1884560 141
1884570 141
1884580 141
1884590 141
1884600 141
1884610 141
1884620 141
1884630 141
1884640 141
1884650 141
1884660 141
1884670 141
1884680 141
1884690 141
1884700 141
1884710 141
1884720 141
1884730 141
1884740 141
1884750 141
1884760 141
1884770 141
1884780 141
1884790 141
1884800 141
1884810 141
1884820 141
1884830 141
1884840 141
1884850 141
1884860 141
1884870 141
1884880 141
1884890 141
1884900 141
1884910 141
1884920 141
1884930 141
1884940 141
1884950 141
1884960 141
1884970 141
1884980 141
1884990 141
1885000 141
1885010 141
1885020 141
1885030 141
1885040 141
1885050 141
1885060 141
1885070 141
1885080 141
1885090 141
1885100 141
1885110 141
1885120 141
1885130 141
1885140 141
1885150 140
1885160 140
1885170 139
1885180 139
1885190 139
1885200 139
1885210 139
1885220 139
1885230 139
1885240 139
1885250 139
1885260 139
1885270 139
1885280 139
1885290 139
1885300 139
1885310 139
1885320 139
1885330 139
1885340 139
1885350 139
1885360 139
1885370 139
1885380 139
1885390 139
1885400 139
1885410 139
1885420 139
1885430 139
1885440 139
1885450 139
1885460 139
1885470 139
1885480 139
1885490 139
1885500 139
1885510 139
1885520 139
1885530 139
1885540 139
1885550 139
1885560 139
1885570 139
1885580 139
1885590 139
1885600 139
1885610 139
1885620 139
1885630 139
1885640 139
1885650 139
1885660 139
1885670 139
1885680 139
1885690 139
1885700 139
1885710 139
1885720 139
1885730 139
1885740 139
1885750 139
1885760 139
1885770 139
1885780 139
1885790 139
1885800 139
1885810 139
1885820 139
1885830 139
1885840 139
1885850 140
1885860 140
1885870 140
1885880 139
1885890 139
1885900 139
1885910 139
1885920 139
1885930 139
1885940 139
1885950 139
1885960 139
1885970 139
1885980 139
1885990 139
1886000 139
1886010 139
1886020 139
1886030 139
1886040 139
1886050 139
1886060 139
1886070 139
1886080 139
1886090 139
1886100 139
1886110 139
1886120 139
1886130 139
1886140 139
1886150 139
1886160 139
1886170 139
1886180 139
1886190 139
1886200 139
1886210 139
1886220 139
1886230 139
1886240 139
1886250 139
1886260 139
1886270 139
1886280 139
1886290 139
1886300 139
1886310 138
1886320 138
1886330 139
1886340 140
1886350 140
1886360 141
1886370 141
1886380 140
1886390 141
1886400 141
1886410 141
1886420 142
1886430 141
1886440 141
1886450 143
1886460 143
1886470 143
1886480 141
1886490 142
1886500 142
1886510 140
1886520 139
1886530 139
1886540 139
1886550 138
1886560 138
1886570 138
1886580 138
1886590 138
1886600 138
1886610 138
1886620 138
1886630 138
1886640 139
1886650 139
1886660 139
1886670 139
1886680 139
1886690 139
1886700 139
1886710 139
1886720 138
1886730 138
1886740 138
1886750 138
1886760 138
1886770 138
1886780 138
1886790 138
1886800 138
1886810 139
1886820 139
1886830 139
1886840 137
1886850 137
1886860 137
1886870 137
1886880 137
1886890 137
1886900 137
1886910 137
1886920 137
1886930 137
1886940 137
1886950 137
1886960 138
1886970 139
1886980 139
1886990 139
1887000 139
1887010 139
1887020 139
1887030 139
1887040 139
1887050 139
1880000 146
1880010 146
1880020 146
1880030 146
1880040 146
1880050 146
1880060 146
1880070 146
1880080 146
1880090 146
1880100 146
1880110 146
1880120 146
1880130 146
1880140 146
1880150 146
1880160 146
1880170 146
1880180 146
1880190 146
1880200 146
1880210 146
1880220 146
1880230 146
1880240 146
1880250 146
1880260 146
1880270 146
1880280 146
1880290 146
1880300 146
1880310 146
1880320 146
1880330 146
1880340 146
1880350 146
1880360 146
1880370 146
1880380 147
1880390 147
1880400 147
1880410 147
1880420 147
1880430 147
1880440 147
1880450 147
1880460 147
1880470 147
1880480 147
1880490 147
1880500 147
1880510 147
1880520 147
1880530 147
1880540 147
1880550 147
1880560 147
1880570 147
1880580 147
1880590 147
1880600 147
1880610 147
1880620 147
1880630 147
1880640 147
1880650 147
1880660 147
1880670 147
1880680 147
1880690 147
1880700 147
1880710 147
1880720 147
1880730 147
1880740 147
1880750 147
1880760 147
1880770 147
1880780 147
1880790 147
1880800 147
1880810 147
1880820 147
1880830 147
1880840 147
1880850 147
1880860 147
1880870 147
1880880 147
1880890 147
1880900 147
1880910 147
1880920 148
1880930 148
1880940 147
1880950 147
1880960 147
1880970 148
1880980 148
1880990 148
1881000 147
1881010 147
1881020 147
1881030 148
1881040 148
1881050 148
1881060 148
1881070 148
1881080 148
1881090 148
1881100 148
1881110 148
1881120 148
1881130 148
1881140 148
1881150 148
1881160 149
1881170 149
1881180 149
1881190 149
1881200 149
1881210 149
1881220 149
1881230 149
1881240 150
1881250 150
1881260 150
1881270 150
1881280 151
1881290 151
1881300 152
1881310 152
1881320 152
1881330 152
1881340 152
1881350 152
1881360 153
1881370 153
1881380 153
1881390 153
1881400 153
1881410 153
1881420 154
1881430 154
1881440 154
1881450 155
1881460 155
1881470 155
1881480 155
1881490 156
1881500 155
1881510 156
1881520 156
1881530 156
1881540 156
1881550 157
1881560 157
1881570 157
1881580 158
1881590 158
1881600 158
1881610 159
1881620 159
1881630 160
1881640 160
1881650 160
1881660 161
1881670 162
1881680 162
1881690 162
1881700 162
1881710 162
1881720 163
1881730 163
1881740 163
1881750 163
1881760 163
1881770 163
1881780 163
1881790 163
1881800 163
1881810 163
1881820 163
1881830 162
1881840 161
1881850 161
1881860 161
1881870 161
1881880 161
1881890 161
1881900 160
1881910 160
1881920 160
1881930 160
1881940 160
1881950 160
1881960 160
1881970 161
1881980 161
1881990 161
1882000 162
1882010 162
1882020 162
1882030 161
1882040 161
1882050 161
1882060 160
1882070 160
1882080 160
1882090 159
1882100 159
1882110 159
1882120 159
1882130 159
1882140 158
1882150 158
1882160 157
1882170 157
1882180 157
1882190 157
1882200 157
1882210 156
1882220 156
1882230 154
1882240 151
1882250 151
1882260 149
1882270 148
1882280 148
1882290 148
1882300 148
1882310 148
1882320 149
1882330 151
1882340 151
1882350 153
1882360 155
1882370 155
1882380 156
1882390 157
1882400 157
1882410 156
1882420 154
1882430 154
1882440 152
1882450 150
1882460 150
1882470 150
1882480 149
1882490 149
1882500 148
1882510 148
1882520 148
1882530 147
1882540 147
1882550 147
1882560 147
1882570 146
1882580 146
1882590 146
1882600 146
1882610 146
1882620 146
1882630 146
1882640 146
1882650 146
1882660 145
1882670 145
1882680 145
1882690 145
1882700 145
1882710 145
1882720 145
1882730 145
1882740 145
1882750 145
1882760 145
1882770 145
1882780 145
1882790 145
1882800 145
1882810 144
1882820 144
1882830 144
1882840 144
1882850 144
1882860 144
1882870 144
1882880 144
1882890 144
1882900 144
1882910 144
1882920 144
1882930 143
1882940 143
1882950 143
1882960 143
1882970 143
1882980 143
1882990 143
1883000 143
1883010 143
1883020 143
1883030 143
1883040 142
1883050 142
1883060 142
1883070 142
1883080 142
1883090 142
1883100 142
1883110 142
1883120 142
1883130 142
1883140 142
1883150 142
1883160 142
1883170 142
1883180 142
1883190 142
1883200 142
1883210 142
1883220 143
1883230 143
1883240 143
1883250 143
1883260 143
1883270 143
1883280 143
1883290 143
1883300 143
1883310 143
1883320 143
1883330 143
1883340 143
1883350 143
1883360 143
1883370 143
1883380 143
1883390 143
1883400 142
1883410 142
1883420 142
1883430 142
1883440 142
1883450 142
1883460 142
1883470 142
1883480 142
1883490 142
1883500 142
1883510 142
1883520 142
1883530 142
1883540 142
1883550 143
1883560 143
1883570 143
1883580 142
1883590 142
1883600 142
1883610 141
1883620 141
1883630 141
1883640 141
1883650 141
1883660 141
1883670 141
1883680 141
1883690 141
1883700 141
1883710 141
1883720 141
1883730 141
1883740 141
1883750 141
1883760 141
1883770 141
1883780 141
1883790 142
1883800 141
1883810 141
1883820 141
1883830 140
1883840 140
1883850 141
1883860 141
1883870 141
1883880 142
1883890 142
1883900 142
1883910 141
1883920 141
1883930 141
1883940 141
1883950 141
1883960 141
1883970 142
1883980 141
1883990 141
1884000 141
1884010 141
1884020 141
1884030 141
1884040 141
1884050 141
1884060 141
1884070 141
1884080 141
1884090 141
1884100 141
1884110 141
1884120 141
1884130 141
1884140 141
1884150 140
1884160 140
1884170 140
1884180 140
1884190 140
1884200 140
1884210 140
1884220 140
1884230 140
1884240 140
1884250 140
1884260 140
1884270 140
1884280 140
1884290 140
1884300 140
1884310 140
1884320 140
1884330 140
1884340 140
1884350 140
1884360 140
1884370 140
1884380 140
1884390 140
1884400 140
1884410 140
1884420 140
1884430 141
1884440 141
1884450 141
1884460 141
1884470 141
1884480 141
1884490 141
1884500 141
1884510 141
1884520 141
1884530 141
1884540 141
1884550 141
1884560 141
1884570 141
1884580 141
1884590 141
1884600 141
1884610 141
1884620 141
1884630 141
1884640 141
1884650 141
1884660 141
1884670 141
1884680 141
1884690 141
1884700 141
1884710 141
1884720 141
1884730 141
1884740 141
1884750 141
1884760 141
1884770 141
1884780 141
1884790 141
1884800 141
1884810 141
1884820 141
1884830 141
1884840 141
1884850 141
1884860 141
1884870 141
1884880 141
1884890 141
1884900 141
1884910 141
1884920 141
1884930 141
1884940 141
1884950 141
1884960 141
1884970 141
1884980 141
1884990 141
1885000 141
1885010 141
1885020 141
1885030 141
1885040 141
1885050 141
1885060 141
1885070 141
1885080 141
1885090 141
1885100 141
1885110 141
1885120 141
1885130 141
1885140 141
1885150 140
1885160 140
1885170 139
1885180 139
1885190 139
1885200 139
1885210 139
1885220 139
1885230 139
1885240 139
1885250 139
1885260 139
1885270 139
1885280 139
1885290 139
1885300 139
1885310 139
1885320 139
1885330 139
1885340 139
1885350 139
1885360 139
1885370 139
1885380 139
1885390 139
1885400 139
1885410 139
1885420 139
1885430 139
1885440 139
1885450 139
1885460 139
1885470 139
1885480 139
1885490 139
1885500 139
1885510 139
1885520 139
1885530 139
1885540 139
1885550 139
1885560 139
1885570 139
1885580 139
1885590 139
1885600 139
1885610 139
1885620 139
1885630 139
1885640 139
1885650 139
1885660 139
1885670 139
1885680 139
1885690 139
1885700 139
1885710 139
1885720 139
1885730 139
1885740 139
1885750 139
1885760 139
1885770 139
1885780 139
1885790 139
1885800 139
1885810 139
1885820 139
1885830 139
1885840 139
1885850 140
1885860 140
1885870 140
1885880 139
1885890 139
1885900 139
1885910 139
1885920 139
1885930 139
1885940 139
1885950 139
1885960 139
1885970 139
1885980 139
1885990 139
1886000 139
1886010 139
1886020 139
1886030 139
1886040 139
1886050 139
1886060 139
1886070 139
1886080 139
1886090 139
1886100 139
1886110 139
1886120 139
1886130 139
1886140 139
1886150 139
1886160 139
1886170 139
1886180 139
1886190 139
1886200 139
1886210 139
1886220 139
1886230 139
1886240 139
1886250 139
1886260 139
1886270 139
1886280 139
1886290 139
1886300 139
1886310 138
1886320 138
1886330 139
1886340 140
1886350 140
1886360 141
1886370 141
1886380 140
1886390 141
1886400 141
1886410 141
1886420 142
1886430 141
1886440 141
1886450 143
1886460 143
1886470 143
1886480 141
1886490 142
1886500 142
1886510 140
1886520 139
1886530 139
1886540 139
1886550 138
1886560 138
1886570 138
1886580 138
1886590 138
1886600 138
1886610 138
1886620 138
1886630 138
1886640 139
1886650 139
1886660 139
1886670 139
1886680 139
1886690 139
1886700 139
1886710 139
1886720 138
1886730 138
1886740 138
1886750 138
1886760 138
1886770 138
1886780 138
1886790 138
1886800 138
1886810 139
1886820 139
1886830 139
1886840 137
1886850 137
1886860 137
1886870 137
1886880 137
1886890 137
1886900 137
1886910 137
1886920 137
1886930 137
1886940 137
1886950 137
1886960 138
1886970 139
1886980 139
1886990 139
1887000 139
1887010 139
1887020 139
1887030 139
1887040 139
1887050 139
