1880000 141
1880010 141
1880020 141
1880030 141
1880040 141
1880050 141
1880060 141
1880070 141
1880080 141
1880090 141
1880100 141
1880110 141
1880120 141
1880130 141
1880140 140
1880150 140
1880160 140
1880170 140
1880180 140
1880190 140
1880200 140
1880210 140
1880220 140
1880230 140
1880240 140
1880250 140
1880260 140
1880270 140
1880280 140
1880290 140
1880300 140
1880310 140
1880320 140
1880330 140
1880340 140
1880350 140
1880360 140
1880370 140
1880380 140
1880390 140
1880400 140
1880410 140
1880420 140
1880430 140
1880440 140
1880450 140
1880460 140
1880470 140
1880480 140
1880490 140
1880500 140
1880510 140
1880520 140
1880530 140
1880540 140
1880550 140
1880560 140
1880570 140
1880580 140
1880590 140
1880600 140
1880610 140
1880620 140
1880630 140
1880640 140
1880650 140
1880660 140
1880670 140
1880680 140
1880690 140
1880700 140
1880710 140
1880720 140
1880730 140
1880740 140
1880750 140
1880760 140
1880770 140
1880780 140
1880790 140
1880800 140
1880810 140
1880820 140
1880830 140
1880840 140
1880850 140
1880860 140
1880870 140
1880880 140
1880890 140
1880900 140
1880910 140
1880920 140
1880930 140
1880940 140
1880950 140
1880960 140
1880970 139
1880980 139
1880990 139
1881000 140
1881010 140
1881020 140
1881030 141
1881040 142
1881050 142
1881060 142
1881070 142
1881080 142
1881090 142
1881100 142
1881110 142
1881120 142
1881130 142
1881140 142
1881150 142
1881160 142
1881170 142
1881180 142
1881190 142
1881200 142
1881210 142
1881220 142
1881230 142
1881240 142
1881250 142
1881260 142
1881270 142
1881280 141
1881290 141
1881300 142
1881310 141
1881320 141
1881330 141
1881340 141
1881350 141
1881360 142
1881370 142
1881380 142
1881390 142
1881400 142
1881410 142
1881420 142
1881430 142
1881440 142
1881450 142
1881460 142
1881470 142
1881480 142
1881490 142
1881500 142
1881510 142
1881520 142
1881530 142
1881540 142
1881550 142
1881560 142
1881570 142
1881580 142
1881590 142
1881600 142
1881610 142
1881620 142
1881630 142
1881640 142
1881650 142
1881660 142
1881670 142
1881680 142
1881690 142
1881700 142
1881710 142
1881720 142
1881730 141
1881740 141
1881750 141
1881760 141
1881770 141
1881780 141
1881790 141
1881800 141
1881810 141
1881820 141
1881830 141
1881840 141
1881850 141
1881860 141
1881870 141
1881880 141
1881890 141
1881900 140
1881910 139
1881920 139
1881930 139
1881940 140
1881950 140
1881960 140
1881970 141
1881980 141
1881990 141
1882000 141
1882010 141
1882020 141
1882030 141
1882040 141
1882050 141
1882060 141
1882070 141
1882080 141
1882090 141
1882100 141
1882110 141
1882120 142
1882130 142
1882140 142
1882150 142
1882160 142
1882170 142
1882180 143
1882190 143
1882200 143
1882210 144
1882220 144
1882230 144
1882240 143
1882250 143
1882260 143
1882270 143
1882280 141
1882290 140
1882300 140
1882310 140
1882320 141
1882330 141
1882340 142
1882350 142
1882360 142
1882370 141
1882380 140
1882390 140
1882400 140
1882410 140
1882420 140
1882430 139
1882440 139
1882450 139
1882460 139
1882470 139
1882480 139
1882490 139
1882500 139
1882510 139
1882520 139
1882530 139
1882540 139
1882550 139
1882560 140
1882570 140
1882580 140
1882590 140
1882600 140
1882610 140
1882620 140
1882630 140
1882640 140
1882650 140
1882660 140
1882670 140
1882680 140
1882690 140
1882700 140
1882710 140
1882720 140
1882730 140
1882740 140
1882750 140
1882760 140
1882770 140
1882780 140
1882790 140
1882800 139
1882810 139
1882820 139
1882830 139
1882840 139
1882850 139
1882860 140
1882870 140
1882880 140
1882890 140
1882900 140
1882910 140
1882920 139
1882930 139
1882940 139
1882950 139
1882960 139
1882970 139
1882980 139
1882990 139
1883000 139
1883010 139
1883020 139
1883030 139
1883040 139
1883050 139
1883060 139
1883070 139
1883080 139
1883090 139
1883100 139
1883110 139
1883120 140
1883130 140
1883140 140
1883150 140
1883160 140
1883170 140
1883180 141
1883190 141
1883200 141
1883210 141
1883220 141
1883230 141
1883240 141
1883250 141
1883260 141
1883270 141
1883280 140
1883290 140
1883300 140
1883310 140
1883320 140
1883330 140
1883340 140
1883350 140
1883360 140
1883370 140
1883380 140
1883390 140
1883400 140
1883410 140
1883420 140
1883430 140
1883440 140
1883450 140
1883460 140
1883470 140
1883480 140
1883490 140
1883500 140
1883510 140
1883520 140
1883530 140
1883540 139
1883550 140
1883560 140
1883570 140
1883580 140
1883590 140
1883600 140
1883610 140
1883620 140
1883630 140
1883640 140
1883650 140
1883660 140
1883670 140
1883680 140
1883690 140
1883700 140
1883710 140
1883720 140
1883730 140
1883740 140
1883750 141
1883760 141
1883770 141
1883780 142
1883790 142
1883800 142
1883810 142
1883820 141
1883830 141
1883840 141
1883850 141
1883860 141
1883870 141
1883880 141
1883890 141
1883900 141
1883910 141
1883920 141
1883930 141
1883940 141
1883950 141
1883960 141
1883970 141
1883980 141
1883990 141
1884000 141
1884010 141
1884020 141
1884030 142
1884040 142
1884050 143
1884060 143
1884070 143
1884080 141
1884090 141
1884100 141
1884110 140
1884120 139
1884130 139
1884140 139
1884150 139
1884160 139
1884170 139
1884180 139
1884190 139
1884200 139
1884210 139
1884220 139
1884230 139
1884240 139
1884250 139
1884260 139
1884270 139
1884280 139
1884290 139
1884300 139
1884310 139
1884320 139
1884330 139
1884340 139
1884350 139
1884360 139
1884370 139
1884380 139
1884390 139
1884400 139
1884410 139
1884420 139
1884430 139
1884440 139
1884450 139
1884460 139
1884470 139
1884480 139
1884490 139
1884500 139
1884510 139
1884520 139
1884530 139
1884540 139
1884550 139
1884560 139
1884570 139
1884580 139
1884590 139
1884600 139
1884610 139
1884620 139
1884630 139
1884640 139
1884650 139
1884660 139
1884670 139
1884680 139
1884690 139
1884700 139
1884710 139
1884720 139
1884730 139
1884740 139
1884750 139
1884760 139
1884770 139
1884780 139
1884790 139
1884800 138
1884810 138
1884820 138
1884830 138
1884840 138
1884850 138
1884860 138
1884870 138
1884880 138
1884890 138
1884900 138
1884910 138
1884920 138
1884930 138
1884940 138
1884950 139
1884960 139
1884970 139
1884980 139
1884990 139
1885000 139
1885010 139
1885020 139
1885030 139
1885040 139
1885050 139
1885060 139
1885070 139
1885080 138
1885090 138
1885100 138
1885110 138
1885120 138
1885130 139
1885140 139
1885150 139
1885160 139
1885170 139
1885180 139
1885190 139
1885200 139
1885210 139
1885220 139
1885230 140
1885240 140
1885250 140
1885260 140
1885270 140
1885280 140
1885290 140
1885300 140
1885310 140
1885320 140
1885330 140
1885340 140
1885350 140
1885360 140
1885370 140
1885380 140
1885390 140
1885400 140
1885410 140
1885420 140
1885430 140
1885440 140
1885450 140
1885460 141
1885470 140
1885480 140
1885490 140
1885500 140
1885510 140
1885520 140
1885530 140
1885540 140
1885550 140
1885560 141
1885570 141
1885580 141
1885590 140
1885600 140
1885610 140
1885620 140
1885630 140
1885640 140
1885650 140
1885660 140
1885670 140
1885680 140
1885690 140
1885700 140
1885710 140
1885720 140
1885730 140
1885740 140
1885750 140
1885760 140
1885770 139
1885780 139
1885790 139
1885800 139
1885810 139
1885820 140
1885830 140
1885840 140
1885850 140
1885860 140
1885870 140
1885880 140
1885890 140
1885900 140
1885910 140
1885920 140
1885930 140
1885940 140
1885950 140
1885960 140
1885970 140
1885980 140
1885990 140
1886000 140
1886010 140
1886020 140
1886030 140
1886040 140
1886050 140
1886060 140
1886070 140
1886080 140
1886090 140
1886100 140
1886110 140
1886120 141
1886130 142
1886140 142
1886150 143
1886160 143
1886170 143
1886180 143
1886190 144
1886200 144
1886210 144
1886220 144
1886230 144
1886240 144
1886250 141
1886260 141
1886270 141
1886280 141
1886290 141
1886300 140
1886310 140
1886320 140
1886330 140
1886340 140
1886350 140
1886360 140
1886370 140
1886380 140
1886390 140
1886400 140
1886410 140
1886420 139
1886430 138
1886440 138
1886450 139
1886460 139
1886470 139
1886480 139
1886490 140
1886500 140
1886510 140
1886520 139
1886530 139
1886540 139
1886550 139
1886560 139
1886570 140
1886580 140
1886590 140
1886600 140
1886610 140
1886620 140
1886630 140
1886640 140
1886650 140
1886660 140
1886670 140
1886680 140
1886690 140
1886700 140
1886710 140
1886720 140
1886730 140
1886740 140
1886750 140
1886760 140
1886770 140
1886780 139
1886790 140
1886800 140
1886810 140
1886820 140
1886830 140
1886840 138
1886850 138
1886860 138
1886870 138
1886880 138
1886890 138
1886900 138
1886910 138
1886920 138
1886930 138
1886940 138
1886950 138
1886960 140
1886970 140
1886980 140
1886990 139
1887000 139
1887010 139
1887020 139
1887030 139
1887040 139
1887050 139
1887060 139
1887070 139
1880000 141
1880010 141
1880020 141
1880030 141
1880040 141
1880050 141
1880060 141
1880070 141
1880080 141
1880090 141
1880100 141
1880110 141
1880120 141
1880130 141
1880140 140
1880150 140
1880160 140
1880170 140
1880180 140
1880190 140
1880200 140
1880210 140
1880220 140
1880230 140
1880240 140
1880250 140
1880260 140
1880270 140
1880280 140
1880290 140
1880300 140
1880310 140
1880320 140
1880330 140
1880340 140
1880350 140
1880360 140
1880370 140
1880380 140
1880390 140
1880400 140
1880410 140
1880420 140
1880430 140
1880440 140
1880450 140
1880460 140
1880470 140
1880480 140
1880490 140
1880500 140
1880510 140
1880520 140
1880530 140
1880540 140
1880550 140
1880560 140
1880570 140
1880580 140
1880590 140
1880600 140
1880610 140
1880620 140
1880630 140
1880640 140
1880650 140
1880660 140
1880670 140
1880680 140
1880690 140
1880700 140
1880710 140
1880720 140
1880730 140
1880740 140
1880750 140
1880760 140
1880770 140
1880780 140
1880790 140
1880800 140
1880810 140
1880820 140
1880830 140
1880840 140
1880850 140
1880860 140
1880870 140
1880880 140
1880890 140
1880900 140
1880910 140
1880920 140
1880930 140
1880940 140
1880950 140
1880960 140
1880970 139
1880980 139
1880990 139
1881000 140
1881010 140
1881020 140
1881030 141
1881040 142
1881050 142
1881060 142
1881070 142
1881080 142
1881090 142
1881100 142
1881110 142
1881120 142
1881130 142
1881140 142
1881150 142
1881160 142
1881170 142
1881180 142
1881190 142
1881200 142
1881210 142
1881220 142
1881230 142
1881240 142
1881250 142
1881260 142
1881270 142
1881280 141
1881290 141
1881300 142
1881310 141
1881320 141
1881330 141
1881340 141
1881350 141
1881360 142
1881370 142
1881380 142
1881390 142
1881400 142
1881410 142
1881420 142
1881430 142
1881440 142
1881450 142
1881460 142
1881470 142
1881480 142
1881490 142
1881500 142
1881510 142
1881520 142
1881530 142
1881540 142
1881550 142
1881560 142
1881570 142
1881580 142
1881590 142
1881600 142
1881610 142
1881620 142
1881630 142
1881640 142
1881650 142
1881660 142
1881670 142
1881680 142
1881690 142
1881700 142
1881710 142
1881720 142
1881730 141
1881740 141
1881750 141
1881760 141
1881770 141
1881780 141
1881790 141
1881800 141
1881810 141
1881820 141
1881830 141
1881840 141
1881850 141
1881860 141
1881870 141
1881880 141
1881890 141
1881900 140
1881910 139
1881920 139
1881930 139
1881940 140
1881950 140
1881960 140
1881970 141
1881980 141
1881990 141
1882000 141
1882010 141
1882020 141
1882030 141
1882040 141
1882050 141
1882060 141
1882070 141
1882080 141
1882090 141
1882100 141
1882110 141
1882120 142
1882130 142
1882140 142
1882150 142
1882160 142
1882170 142
1882180 143
1882190 143
1882200 143
1882210 144
1882220 144
1882230 144
1882240 143
1882250 143
1882260 143
1882270 143
1882280 141
1882290 140
1882300 140
1882310 140
1882320 141
1882330 141
1882340 142
1882350 142
1882360 142
1882370 141
1882380 140
1882390 140
1882400 140
1882410 140
1882420 140
1882430 139
1882440 139
1882450 139
1882460 139
1882470 139
1882480 139
1882490 139
1882500 139
1882510 139
1882520 139
1882530 139
1882540 139
1882550 139
1882560 140
1882570 140
1882580 140
1882590 140
1882600 140
1882610 140
1882620 140
1882630 140
1882640 140
1882650 140
1882660 140
1882670 140
1882680 140
1882690 140
1882700 140
1882710 140
1882720 140
1882730 140
1882740 140
1882750 140
1882760 140
1882770 140
1882780 140
1882790 140
1882800 139
1882810 139
1882820 139
1882830 139
1882840 139
1882850 139
1882860 140
1882870 140
1882880 140
1882890 140
1882900 140
1882910 140
1882920 139
1882930 139
1882940 139
1882950 139
1882960 139
1882970 139
1882980 139
1882990 139
1883000 139
1883010 139
1883020 139
1883030 139
1883040 139
1883050 139
1883060 139
1883070 139
1883080 139
1883090 139
1883100 139
1883110 139
1883120 140
1883130 140
1883140 140
1883150 140
1883160 140
1883170 140
1883180 141
1883190 141
1883200 141
1883210 141
1883220 141
1883230 141
1883240 141
1883250 141
1883260 141
1883270 141
1883280 140
1883290 140
1883300 140
1883310 140
1883320 140
1883330 140
1883340 140
1883350 140
1883360 140
1883370 140
1883380 140
1883390 140
1883400 140
1883410 140
1883420 140
1883430 140
1883440 140
1883450 140
1883460 140
1883470 140
1883480 140
1883490 140
1883500 140
1883510 140
1883520 140
1883530 140
1883540 139
1883550 140
1883560 140
1883570 140
1883580 140
1883590 140
1883600 140
1883610 140
1883620 140
1883630 140
1883640 140
1883650 140
1883660 140
1883670 140
1883680 140
1883690 140
1883700 140
1883710 140
1883720 140
1883730 140
1883740 140
1883750 141
1883760 141
1883770 141
1883780 142
1883790 142
1883800 142
1883810 142
1883820 141
1883830 141
1883840 141
1883850 141
1883860 141
1883870 141
1883880 141
1883890 141
1883900 141
1883910 141
1883920 141
1883930 141
1883940 141
1883950 141
1883960 141
1883970 141
1883980 141
1883990 141
1884000 141
1884010 141
1884020 141
1884030 142
1884040 142
1884050 143
1884060 143
1884070 143
1884080 141
1884090 141
1884100 141
1884110 140
1884120 139
1884130 139
1884140 139
1884150 139
1884160 139
1884170 139
1884180 139
1884190 139
1884200 139
1884210 139
1884220 139
1884230 139
1884240 139
1884250 139
1884260 139
1884270 139
1884280 139
1884290 139
1884300 139
1884310 139
1884320 139
1884330 139
1884340 139
1884350 139
1884360 139
1884370 139
1884380 139
1884390 139
1884400 139
1884410 139
1884420 139
1884430 139
1884440 139
1884450 139
1884460 139
1884470 139
1884480 139
1884490 139
1884500 139
1884510 139
1884520 139
1884530 139
1884540 139
1884550 139
1884560 139
1884570 139
1884580 139
1884590 139
1884600 139
1884610 139
1884620 139
1884630 139
1884640 139
1884650 139
1884660 139
1884670 139
1884680 139
1884690 139
1884700 139
1884710 139
1884720 139
1884730 139
1884740 139
1884750 139
1884760 139
1884770 139
1884780 139
1884790 139
1884800 138
1884810 138
1884820 138
1884830 138
1884840 138
1884850 138
1884860 138
1884870 138
1884880 138
1884890 138
1884900 138
1884910 138
1884920 138
1884930 138
1884940 138
1884950 139
1884960 139
1884970 139
1884980 139
1884990 139
1885000 139
1885010 139
1885020 139
1885030 139
1885040 139
1885050 139
1885060 139
1885070 139
1885080 138
1885090 138
1885100 138
1885110 138
1885120 138
1885130 139
1885140 139
1885150 139
1885160 139
1885170 139
1885180 139
1885190 139
1885200 139
1885210 139
1885220 139
1885230 140
1885240 140
1885250 140
1885260 140
1885270 140
1885280 140
1885290 140
1885300 140
1885310 140
1885320 140
1885330 140
1885340 140
1885350 140
1885360 140
1885370 140
1885380 140
1885390 140
1885400 140
1885410 140
1885420 140
1885430 140
1885440 140
1885450 140
1885460 141
1885470 140
1885480 140
1885490 140
1885500 140
1885510 140
1885520 140
1885530 140
1885540 140
1885550 140
1885560 141
1885570 141
1885580 141
1885590 140
1885600 140
1885610 140
1885620 140
1885630 140
1885640 140
1885650 140
1885660 140
1885670 140
1885680 140
1885690 140
1885700 140
1885710 140
1885720 140
1885730 140
1885740 140
1885750 140
1885760 140
1885770 139
1885780 139
1885790 139
1885800 139
1885810 139
1885820 140
1885830 140
1885840 140
1885850 140
1885860 140
1885870 140
1885880 140
1885890 140
1885900 140
1885910 140
1885920 140
1885930 140
1885940 140
1885950 140
1885960 140
1885970 140
1885980 140
1885990 140
1886000 140
1886010 140
1886020 140
1886030 140
1886040 140
1886050 140
1886060 140
1886070 140
1886080 140
1886090 140
1886100 140
1886110 140
1886120 141
1886130 142
1886140 142
1886150 143
1886160 143
1886170 143
1886180 143
1886190 144
1886200 144
1886210 144
1886220 144
1886230 144
1886240 144
1886250 141
1886260 141
1886270 141
1886280 141
1886290 141
1886300 140
1886310 140
1886320 140
1886330 140
1886340 140
1886350 140
1886360 140
1886370 140
1886380 140
1886390 140
1886400 140
1886410 140
1886420 139
1886430 138
1886440 138
1886450 139
1886460 139
1886470 139
1886480 139
1886490 140
1886500 140
1886510 140
1886520 139
1886530 139
1886540 139
1886550 139
1886560 139
1886570 140
1886580 140
1886590 140
1886600 140
1886610 140
1886620 140
1886630 140
1886640 140
1886650 140
1886660 140
1886670 140
1886680 140
1886690 140
1886700 140
1886710 140
1886720 140
1886730 140
1886740 140
1886750 140
1886760 140
1886770 140
1886780 139
1886790 140
1886800 140
1886810 140
1886820 140
1886830 140
1886840 138
1886850 138
1886860 138
1886870 138
1886880 138
1886890 138
1886900 138
1886910 138
1886920 138
1886930 138
1886940 138
1886950 138
1886960 140
1886970 140
1886980 140
1886990 139
1887000 139
1887010 139
1887020 139
1887030 139
1887040 139
1887050 139
1887060 139
1887070 139
