1880000 141
1880010 141
1880020 141
1880030 141
1880040 140
1880050 140
1880060 140
1880070 140
1880080 140
1880090 140
1880100 140
1880110 141
1880120 141
1880130 141
1880140 141
1880150 141
1880160 141
1880170 140
1880180 140
1880190 140
1880200 140
1880210 140
1880220 139
1880230 139
1880240 139
1880250 139
1880260 139
1880270 139
1880280 139
1880290 139
1880300 139
1880310 139
1880320 139
1880330 139
1880340 139
1880350 139
1880360 139
1880370 139
1880380 139
1880390 139
1880400 139
1880410 139
1880420 139
1880430 139
1880440 139
1880450 139
1880460 139
1880470 139
1880480 139
1880490 139
1880500 139
1880510 139
1880520 139
1880530 139
1880540 139
1880550 139
1880560 139
1880570 139
1880580 140
1880590 141
1880600 141
1880610 142
1880620 142
1880630 142
1880640 142
1880650 141
1880660 141
1880670 141
1880680 141
1880690 141
1880700 141
1880710 141
1880720 141
1880730 141
1880740 141
1880750 141
1880760 141
1880770 141
1880780 141
1880790 141
1880800 141
1880810 141
1880820 141
1880830 141
1880840 141
1880850 141
1880860 141
1880870 141
1880880 141
1880890 141
1880900 141
1880910 141
1880920 141
1880930 141
1880940 141
1880950 142
1880960 142
1880970 141
1880980 141
1880990 141
1881000 141
1881010 141
1881020 141
1881030 141
1881040 141
1881050 141
1881060 141
1881070 141
1881080 141
1881090 141
1881100 141
1881110 141
1881120 141
1881130 141
1881140 141
1881150 141
1881160 141
1881170 141
1881180 141
1881190 141
1881200 141
1881210 141
1881220 141
1881230 141
1881240 141
1881250 140
1881260 140
1881270 140
1881280 140
1881290 140
1881300 140
1881310 140
1881320 140
1881330 140
1881340 140
1881350 140
1881360 140
1881370 140
1881380 140
1881390 140
1881400 140
1881410 140
1881420 140
1881430 140
1881440 140
1881450 140
1881460 140
1881470 140
1881480 140
1881490 140
1881500 140
1881510 140
1881520 140
1881530 140
1881540 140
1881550 140
1881560 140
1881570 140
1881580 140
1881590 140
1881600 140
1881610 140
1881620 140
1881630 140
1881640 140
1881650 140
1881660 140
1881670 140
1881680 140
1881690 140
1881700 140
1881710 140
1881720 139
1881730 139
1881740 139
1881750 139
1881760 139
1881770 139
1881780 139
1881790 139
1881800 139
1881810 139
1881820 139
1881830 139
1881840 139
1881850 139
1881860 139
1881870 139
1881880 139
1881890 139
1881900 140
1881910 139
1881920 139
1881930 139
1881940 139
1881950 139
1881960 139
1881970 139
1881980 139
1881990 140
1882000 139
1882010 139
1882020 139
1882030 139
1882040 139
1882050 139
1882060 139
1882070 139
1882080 139
1882090 139
1882100 139
1882110 139
1882120 140
1882130 140
1882140 143
1882150 142
1882160 142
1882170 140
1882180 140
1882190 140
1882200 140
1882210 140
1882220 140
1882230 140
1882240 140
1882250 140
1882260 139
1882270 140
1882280 140
1882290 140
1882300 140
1882310 140
1882320 140
1882330 140
1882340 140
1882350 140
1882360 140
1882370 140
1882380 140
1882390 140
1882400 140
1882410 140
1882420 140
1882430 140
1882440 140
1882450 139
1882460 139
1882470 140
1882480 139
1882490 139
1882500 139
1882510 139
1882520 139
1882530 140
1882540 141
1882550 141
1882560 141
1882570 141
1882580 141
1882590 141
1882600 141
1882610 141
1882620 141
1882630 142
1882640 142
1882650 142
1882660 142
1882670 142
1882680 142
1882690 142
1882700 142
1882710 142
1882720 142
1882730 142
1882740 142
1882750 142
1882760 142
1882770 141
1882780 141
1882790 141
1882800 142
1882810 142
1882820 142
1882830 141
1882840 141
1882850 141
1882860 141
1882870 139
1882880 139
1882890 139
1882900 139
1882910 139
1882920 140
1882930 141
1882940 141
1882950 141
1882960 141
1882970 141
1882980 141
1882990 141
1883000 141
1883010 141
1883020 141
1883030 141
1883040 141
1883050 141
1883060 141
1883070 141
1883080 141
1883090 141
1883100 141
1883110 142
1883120 142
1883130 142
1883140 142
1883150 142
1883160 142
1883170 141
1883180 141
1883190 139
1883200 139
1883210 139
1883220 139
1883230 139
1883240 139
1883250 139
1883260 139
1883270 139
1883280 139
1883290 138
1883300 138
1883310 138
1883320 139
1883330 139
1883340 140
1883350 141
1883360 141
1883370 141
1883380 142
1883390 142
1883400 142
1883410 142
1883420 142
1883430 143
1883440 143
1883450 143
1883460 141
1883470 140
1883480 140
1883490 140
1883500 140
1883510 140
1883520 139
1883530 138
1883540 138
1883550 138
1883560 138
1883570 138
1883580 138
1883590 138
1883600 138
1883610 138
1883620 138
1883630 138
1883640 139
1883650 139
1883660 139
1883670 140
1883680 140
1883690 140
1883700 140
1883710 140
1883720 140
1883730 140
1883740 140
1883750 140
1883760 140
1883770 140
1883780 140
1883790 140
1883800 140
1883810 140
1883820 140
1880000 141
1880010 141
1880020 141
1880030 141
1880040 140
1880050 140
1880060 140
1880070 140
1880080 140
1880090 140
1880100 140
1880110 141
1880120 141
1880130 141
1880140 141
1880150 141
1880160 141
1880170 140
1880180 140
1880190 140
1880200 140
1880210 140
1880220 139
1880230 139
1880240 139
1880250 139
1880260 139
1880270 139
1880280 139
1880290 139
1880300 139
1880310 139
1880320 139
1880330 139
1880340 139
1880350 139
1880360 139
1880370 139
1880380 139
1880390 139
1880400 139
1880410 139
1880420 139
1880430 139
1880440 139
1880450 139
1880460 139
1880470 139
1880480 139
1880490 139
1880500 139
1880510 139
1880520 139
1880530 139
1880540 139
1880550 139
1880560 139
1880570 139
1880580 140
1880590 141
1880600 141
1880610 142
1880620 142
1880630 142
1880640 142
1880650 141
1880660 141
1880670 141
1880680 141
1880690 141
1880700 141
1880710 141
1880720 141
1880730 141
1880740 141
1880750 141
1880760 141
1880770 141
1880780 141
1880790 141
1880800 141
1880810 141
1880820 141
1880830 141
1880840 141
1880850 141
1880860 141
1880870 141
1880880 141
1880890 141
1880900 141
1880910 141
1880920 141
1880930 141
1880940 141
1880950 142
1880960 142
1880970 141
1880980 141
1880990 141
1881000 141
1881010 141
1881020 141
1881030 141
1881040 141
1881050 141
1881060 141
1881070 141
1881080 141
1881090 141
1881100 141
1881110 141
1881120 141
1881130 141
1881140 141
1881150 141
1881160 141
1881170 141
1881180 141
1881190 141
1881200 141
1881210 141
1881220 141
1881230 141
1881240 141
1881250 140
1881260 140
1881270 140
1881280 140
1881290 140
1881300 140
1881310 140
1881320 140
1881330 140
1881340 140
1881350 140
1881360 140
1881370 140
1881380 140
1881390 140
1881400 140
1881410 140
1881420 140
1881430 140
1881440 140
1881450 140
1881460 140
1881470 140
1881480 140
1881490 140
1881500 140
1881510 140
1881520 140
1881530 140
1881540 140
1881550 140
1881560 140
1881570 140
1881580 140
1881590 140
1881600 140
1881610 140
1881620 140
1881630 140
1881640 140
1881650 140
1881660 140
1881670 140
1881680 140
1881690 140
1881700 140
1881710 140
1881720 139
1881730 139
1881740 139
1881750 139
1881760 139
1881770 139
1881780 139
1881790 139
1881800 139
1881810 139
1881820 139
1881830 139
1881840 139
1881850 139
1881860 139
1881870 139
1881880 139
1881890 139
1881900 140
1881910 139
1881920 139
1881930 139
1881940 139
1881950 139
1881960 139
1881970 139
1881980 139
1881990 140
1882000 139
1882010 139
1882020 139
1882030 139
1882040 139
1882050 139
1882060 139
1882070 139
1882080 139
1882090 139
1882100 139
1882110 139
1882120 140
1882130 140
1882140 143
1882150 142
1882160 142
1882170 140
1882180 140
1882190 140
1882200 140
1882210 140
1882220 140
1882230 140
1882240 140
1882250 140
1882260 139
1882270 140
1882280 140
1882290 140
1882300 140
1882310 140
1882320 140
1882330 140
1882340 140
1882350 140
1882360 140
1882370 140
1882380 140
1882390 140
1882400 140
1882410 140
1882420 140
1882430 140
1882440 140
1882450 139
1882460 139
1882470 140
1882480 139
1882490 139
1882500 139
1882510 139
1882520 139
1882530 140
1882540 141
1882550 141
1882560 141
1882570 141
1882580 141
1882590 141
1882600 141
1882610 141
1882620 141
1882630 142
1882640 142
1882650 142
1882660 142
1882670 142
1882680 142
1882690 142
1882700 142
1882710 142
1882720 142
1882730 142
1882740 142
1882750 142
1882760 142
1882770 141
1882780 141
1882790 141
1882800 142
1882810 142
1882820 142
1882830 141
1882840 141
1882850 141
1882860 141
1882870 139
1882880 139
1882890 139
1882900 139
1882910 139
1882920 140
1882930 141
1882940 141
1882950 141
1882960 141
1882970 141
1882980 141
1882990 141
1883000 141
1883010 141
1883020 141
1883030 141
1883040 141
1883050 141
1883060 141
1883070 141
1883080 141
1883090 141
1883100 141
1883110 142
1883120 142
1883130 142
1883140 142
1883150 142
1883160 142
1883170 141
1883180 141
1883190 139
1883200 139
1883210 139
1883220 139
1883230 139
1883240 139
1883250 139
1883260 139
1883270 139
1883280 139
1883290 138
1883300 138
1883310 138
1883320 139
1883330 139
1883340 140
1883350 141
1883360 141
1883370 141
1883380 142
1883390 142
1883400 142
1883410 142
1883420 142
1883430 143
1883440 143
1883450 143
1883460 141
1883470 140
1883480 140
1883490 140
1883500 140
1883510 140
1883520 139
1883530 138
1883540 138
1883550 138
1883560 138
1883570 138
1883580 138
1883590 138
1883600 138
1883610 138
1883620 138
1883630 138
1883640 139
1883650 139
1883660 139
1883670 140
1883680 140
1883690 140
1883700 140
1883710 140
1883720 140
1883730 140
1883740 140
1883750 140
1883760 140
1883770 140
1883780 140
1883790 140
1883800 140
1883810 140
1883820 140
