1880000 140
1880010 140
1880020 141
1880030 141
1880040 141
1880050 141
1880060 141
1880070 141
1880080 141
1880090 141
1880100 141
1880110 140
1880120 140
1880130 140
1880140 140
1880150 140
1880160 140
1880170 140
1880180 140
1880190 140
1880200 140
1880210 140
1880220 140
1880230 140
1880240 140
1880250 140
1880260 140
1880270 140
1880280 140
1880290 140
1880300 140
1880310 140
1880320 140
1880330 140
1880340 140
1880350 140
1880360 140
1880370 140
1880380 140
1880390 140
1880400 140
1880410 140
1880420 140
1880430 140
1880440 140
1880450 140
1880460 140
1880470 140
1880480 140
1880490 140
1880500 139
1880510 139
1880520 139
1880530 139
1880540 139
1880550 140
1880560 140
1880570 140
1880580 140
1880590 140
1880600 140
1880610 140
1880620 140
1880630 140
1880640 140
1880650 140
1880660 140
1880670 140
1880680 140
1880690 140
1880700 140
1880710 140
1880720 140
1880730 140
1880740 140
1880750 140
1880760 140
1880770 140
1880780 140
1880790 139
1880800 139
1880810 139
1880820 140
1880830 141
1880840 141
1880850 140
1880860 140
1880870 140
1880880 140
1880890 141
1880900 141
1880910 141
1880920 142
1880930 142
1880940 142
1880950 142
1880960 142
1880970 142
1880980 142
1880990 142
1881000 141
1881010 141
1881020 140
1881030 140
1881040 140
1881050 141
1881060 141
1881070 141
1881080 141
1881090 141
1881100 141
1881110 141
1881120 141
1881130 141
1881140 141
1881150 141
1881160 141
1881170 141
1881180 141
1881190 141
1881200 141
1881210 141
1881220 141
1881230 141
1881240 141
1881250 141
1881260 141
1881270 141
1881280 141
1881290 141
1881300 141
1881310 141
1881320 141
1881330 141
1881340 141
1881350 141
1881360 141
1881370 141
1881380 141
1881390 141
1881400 141
1881410 140
1881420 140
1881430 140
1881440 140
1881450 140
1881460 140
1881470 140
1881480 140
1881490 140
1881500 140
1881510 140
1881520 140
1881530 140
1881540 140
1881550 140
1881560 140
1881570 140
1881580 140
1881590 140
1881600 140
1881610 140
1881620 140
1881630 140
1881640 140
1881650 140
1881660 140
1881670 140
1881680 140
1881690 140
1881700 140
1881710 140
1881720 140
1881730 140
1881740 140
1881750 140
1881760 140
1881770 140
1881780 140
1881790 140
1881800 140
1881810 141
1881820 141
1881830 141
1881840 140
1881850 140
1881860 140
1881870 140
1881880 140
1881890 141
1881900 143
1881910 143
1881920 143
1881930 144
1881940 144
1881950 144
1881960 144
1881970 144
1881980 144
1881990 144
1882000 144
1882010 144
1882020 144
1882030 144
1882040 143
1882050 143
1882060 143
1882070 143
1882080 142
1882090 142
1882100 142
1882110 141
1882120 141
1882130 141
1882140 140
1882150 140
1882160 140
1882170 140
1882180 140
1882190 140
1882200 141
1882210 141
1882220 141
1882230 141
1882240 141
1882250 141
1882260 141
1882270 141
1882280 141
1882290 141
1882300 141
1882310 141
1882320 140
1882330 140
1882340 140
1882350 140
1882360 140
1882370 140
1882380 140
1882390 140
1882400 141
1882410 141
1882420 141
1882430 141
1882440 142
1882450 142
1882460 142
1882470 142
1882480 142
1882490 142
1882500 142
1882510 142
1882520 142
1882530 142
1882540 142
1882550 141
1882560 141
1882570 141
1882580 141
1882590 141
1882600 141
1882610 141
1882620 141
1882630 141
1882640 141
1882650 141
1882660 141
1882670 141
1882680 141
1882690 141
1882700 140
1882710 140
1882720 140
1882730 140
1882740 140
1882750 140
1882760 140
1882770 140
1882780 140
1882790 140
1882800 140
1882810 140
1882820 140
1882830 140
1882840 140
1882850 140
1882860 140
1882870 140
1882880 140
1882890 140
1882900 140
1882910 140
1882920 139
1882930 139
1882940 140
1882950 140
1882960 140
1882970 140
1882980 140
1882990 140
1883000 143
1883010 142
1883020 142
1883030 139
1883040 139
1883050 139
1883060 140
1883070 139
1883080 139
1883090 140
1883100 140
1883110 140
1883120 140
1883130 139
1883140 139
1883150 139
1883160 140
1883170 140
1883180 140
1883190 140
1883200 140
1883210 140
1883220 140
1883230 140
1883240 140
1883250 139
1883260 139
1883270 140
1883280 140
1883290 140
1883300 140
1883310 140
1883320 140
1883330 140
1883340 140
1883350 140
1883360 140
1883370 140
1883380 140
1883390 140
1883400 140
1883410 140
1883420 140
1883430 140
1883440 140
1883450 139
1883460 138
1883470 138
1883480 138
1883490 138
1883500 138
1883510 138
1883520 138
1883530 138
1883540 138
1883550 140
1883560 140
1883570 140
1883580 140
1883590 140
1883600 140
1883610 140
1883620 140
1883630 140
1883640 140
1883650 140
1880000 140
1880010 140
1880020 141
1880030 141
1880040 141
1880050 141
1880060 141
1880070 141
1880080 141
1880090 141
1880100 141
1880110 140
1880120 140
1880130 140
1880140 140
1880150 140
1880160 140
1880170 140
1880180 140
1880190 140
1880200 140
1880210 140
1880220 140
1880230 140
1880240 140
1880250 140
1880260 140
1880270 140
1880280 140
1880290 140
1880300 140
1880310 140
1880320 140
1880330 140
1880340 140
1880350 140
1880360 140
1880370 140
1880380 140
1880390 140
1880400 140
1880410 140
1880420 140
1880430 140
1880440 140
1880450 140
1880460 140
1880470 140
1880480 140
1880490 140
1880500 139
1880510 139
1880520 139
1880530 139
1880540 139
1880550 140
1880560 140
1880570 140
1880580 140
1880590 140
1880600 140
1880610 140
1880620 140
1880630 140
1880640 140
1880650 140
1880660 140
1880670 140
1880680 140
1880690 140
1880700 140
1880710 140
1880720 140
1880730 140
1880740 140
1880750 140
1880760 140
1880770 140
1880780 140
1880790 139
1880800 139
1880810 139
1880820 140
1880830 141
1880840 141
1880850 140
1880860 140
1880870 140
1880880 140
1880890 141
1880900 141
1880910 141
1880920 142
1880930 142
1880940 142
1880950 142
1880960 142
1880970 142
1880980 142
1880990 142
1881000 141
1881010 141
1881020 140
1881030 140
1881040 140
1881050 141
1881060 141
1881070 141
1881080 141
1881090 141
1881100 141
1881110 141
1881120 141
1881130 141
1881140 141
1881150 141
1881160 141
1881170 141
1881180 141
1881190 141
1881200 141
1881210 141
1881220 141
1881230 141
1881240 141
1881250 141
1881260 141
1881270 141
1881280 141
1881290 141
1881300 141
1881310 141
1881320 141
1881330 141
1881340 141
1881350 141
1881360 141
1881370 141
1881380 141
1881390 141
1881400 141
1881410 140
1881420 140
1881430 140
1881440 140
1881450 140
1881460 140
1881470 140
1881480 140
1881490 140
1881500 140
1881510 140
1881520 140
1881530 140
1881540 140
1881550 140
1881560 140
1881570 140
1881580 140
1881590 140
1881600 140
1881610 140
1881620 140
1881630 140
1881640 140
1881650 140
1881660 140
1881670 140
1881680 140
1881690 140
1881700 140
1881710 140
1881720 140
1881730 140
1881740 140
1881750 140
1881760 140
1881770 140
1881780 140
1881790 140
1881800 140
1881810 141
1881820 141
1881830 141
1881840 140
1881850 140
1881860 140
1881870 140
1881880 140
1881890 141
1881900 143
1881910 143
1881920 143
1881930 144
1881940 144
1881950 144
1881960 144
1881970 144
1881980 144
1881990 144
1882000 144
1882010 144
1882020 144
1882030 144
1882040 143
1882050 143
1882060 143
1882070 143
1882080 142
1882090 142
1882100 142
1882110 141
1882120 141
1882130 141
1882140 140
1882150 140
1882160 140
1882170 140
1882180 140
1882190 140
1882200 141
1882210 141
1882220 141
1882230 141
1882240 141
1882250 141
1882260 141
1882270 141
1882280 141
1882290 141
1882300 141
1882310 141
1882320 140
1882330 140
1882340 140
1882350 140
1882360 140
1882370 140
1882380 140
1882390 140
1882400 141
1882410 141
1882420 141
1882430 141
1882440 142
1882450 142
1882460 142
1882470 142
1882480 142
1882490 142
1882500 142
1882510 142
1882520 142
1882530 142
1882540 142
1882550 141
1882560 141
1882570 141
1882580 141
1882590 141
1882600 141
1882610 141
1882620 141
1882630 141
1882640 141
1882650 141
1882660 141
1882670 141
1882680 141
1882690 141
1882700 140
1882710 140
1882720 140
1882730 140
1882740 140
1882750 140
1882760 140
1882770 140
1882780 140
1882790 140
1882800 140
1882810 140
1882820 140
1882830 140
1882840 140
1882850 140
1882860 140
1882870 140
1882880 140
1882890 140
1882900 140
1882910 140
1882920 139
1882930 139
1882940 140
1882950 140
1882960 140
1882970 140
1882980 140
1882990 140
1883000 143
1883010 142
1883020 142
1883030 139
1883040 139
1883050 139
1883060 140
1883070 139
1883080 139
1883090 140
1883100 140
1883110 140
1883120 140
1883130 139
1883140 139
1883150 139
1883160 140
1883170 140
1883180 140
1883190 140
1883200 140
1883210 140
1883220 140
1883230 140
1883240 140
1883250 139
1883260 139
1883270 140
1883280 140
1883290 140
1883300 140
1883310 140
1883320 140
1883330 140
1883340 140
1883350 140
1883360 140
1883370 140
1883380 140
1883390 140
1883400 140
1883410 140
1883420 140
1883430 140
1883440 140
1883450 139
1883460 138
1883470 138
1883480 138
1883490 138
1883500 138
1883510 138
1883520 138
1883530 138
1883540 138
1883550 140
1883560 140
1883570 140
1883580 140
1883590 140
1883600 140
1883610 140
1883620 140
1883630 140
1883640 140
1883650 140
