1880000 141
1880010 141
1880020 141
1880030 141
1880040 141
1880050 141
1880060 141
1880070 141
1880080 141
1880090 141
1880100 141
1880110 141
1880120 141
1880130 141
1880140 141
1880150 141
1880160 141
1880170 141
1880180 141
1880190 141
1880200 141
1880210 141
1880220 142
1880230 142
1880240 143
1880250 143
1880260 143
1880270 141
1880280 140
1880290 140
1880300 140
1880310 140
1880320 140
1880330 140
1880340 140
1880350 140
1880360 140
1880370 140
1880380 140
1880390 141
1880400 141
1880410 141
1880420 141
1880430 141
1880440 141
1880450 141
1880460 140
1880470 140
1880480 140
1880490 140
1880500 140
1880510 140
1880520 140
1880530 140
1880540 140
1880550 140
1880560 140
1880570 140
1880580 140
1880590 140
1880600 140
1880610 140
1880620 140
1880630 140
1880640 140
1880650 140
1880660 140
1880670 141
1880680 141
1880690 142
1880700 142
1880710 142
1880720 142
1880730 142
1880740 142
1880750 142
1880760 142
1880770 142
1880780 142
1880790 141
1880800 141
1880810 139
1880820 139
1880830 139
1880840 140
1880850 140
1880860 140
1880870 140
1880880 140
1880890 140
1880900 139
1880910 139
1880920 139
1880930 139
1880940 139
1880950 139
1880960 140
1880970 140
1880980 140
1880990 140
1881000 140
1881010 140
1881020 139
1881030 139
1881040 139
1881050 139
1881060 139
1881070 139
1881080 140
1881090 140
1881100 140
1881110 140
1881120 140
1881130 140
1881140 139
1881150 139
1881160 139
1881170 139
1881180 139
1881190 139
1881200 139
1881210 139
1881220 139
1881230 139
1881240 139
1881250 139
1881260 139
1881270 140
1881280 140
1881290 140
1881300 140
1881310 140
1881320 140
1881330 140
1881340 140
1881350 140
1881360 140
1881370 140
1881380 139
1881390 139
1881400 139
1881410 139
1881420 139
1881430 139
1881440 139
1881450 139
1881460 139
1881470 139
1881480 139
1881490 139
1881500 139
1881510 139
1881520 139
1881530 138
1881540 138
1881550 139
1881560 139
1881570 139
1881580 139
1881590 139
1881600 139
1881610 139
1881620 139
1881630 139
1881640 139
1881650 139
1881660 139
1881670 139
1881680 139
1881690 139
1881700 140
1881710 140
1881720 140
1881730 140
1881740 140
1881750 140
1881760 139
1881770 139
1881780 139
1881790 139
1881800 140
1881810 140
1881820 140
1881830 141
1881840 141
1881850 140
1881860 139
1881870 139
1881880 139
1881890 139
1881900 139
1881910 138
1881920 139
1881930 139
1881940 139
1881950 140
1881960 140
1881970 141
1881980 143
1881990 143
1882000 144
1882010 143
1882020 143
1882030 143
1882040 143
1882050 143
1882060 143
1882070 143
1882080 143
1882090 142
1882100 142
1882110 142
1882120 142
1882130 143
1882140 143
1882150 143
1882160 143
1882170 143
1882180 143
1882190 142
1882200 142
1882210 142
1882220 142
1882230 142
1882240 141
1882250 141
1882260 141
1882270 141
1882280 141
1882290 141
1882300 141
1882310 141
1882320 141
1882330 141
1882340 141
1882350 141
1882360 142
1882370 142
1882380 142
1882390 142
1882400 142
1882410 142
1882420 142
1882430 142
1882440 142
1882450 139
1882460 139
1882470 139
1882480 139
1882490 138
1882500 138
1882510 138
1882520 139
1882530 139
1882540 139
1882550 139
1882560 139
1882570 140
1882580 140
1882590 140
1882600 140
1882610 140
1882620 140
1882630 140
1882640 140
1882650 140
1882660 140
1882670 140
1882680 140
1882690 140
1882700 140
1882710 140
1882720 140
1882730 140
1882740 140
1882750 140
1882760 140
1882770 140
1882780 139
1882790 138
1882800 138
1882810 138
1882820 138
1882830 138
1882840 138
1882850 138
1882860 138
1882870 139
1882880 140
1882890 140
1882900 141
1882910 140
1882920 140
1882930 140
1882940 140
1882950 140
1882960 140
1882970 140
1882980 140
1880000 141
1880010 141
1880020 141
1880030 141
1880040 141
1880050 141
1880060 141
1880070 141
1880080 141
1880090 141
1880100 141
1880110 141
1880120 141
1880130 141
1880140 141
1880150 141
1880160 141
1880170 141
1880180 141
1880190 141
1880200 141
1880210 141
1880220 142
1880230 142
1880240 143
1880250 143
1880260 143
1880270 141
1880280 140
1880290 140
1880300 140
1880310 140
1880320 140
1880330 140
1880340 140
1880350 140
1880360 140
1880370 140
1880380 140
1880390 141
1880400 141
1880410 141
1880420 141
1880430 141
1880440 141
1880450 141
1880460 140
1880470 140
1880480 140
1880490 140
1880500 140
1880510 140
1880520 140
1880530 140
1880540 140
1880550 140
1880560 140
1880570 140
1880580 140
1880590 140
1880600 140
1880610 140
1880620 140
1880630 140
1880640 140
1880650 140
1880660 140
1880670 141
1880680 141
1880690 142
1880700 142
1880710 142
1880720 142
1880730 142
1880740 142
1880750 142
1880760 142
1880770 142
1880780 142
1880790 141
1880800 141
1880810 139
1880820 139
1880830 139
1880840 140
1880850 140
1880860 140
1880870 140
1880880 140
1880890 140
1880900 139
1880910 139
1880920 139
1880930 139
1880940 139
1880950 139
1880960 140
1880970 140
1880980 140
1880990 140
1881000 140
1881010 140
1881020 139
1881030 139
1881040 139
1881050 139
1881060 139
1881070 139
1881080 140
1881090 140
1881100 140
1881110 140
1881120 140
1881130 140
1881140 139
1881150 139
1881160 139
1881170 139
1881180 139
1881190 139
1881200 139
1881210 139
1881220 139
1881230 139
1881240 139
1881250 139
1881260 139
1881270 140
1881280 140
1881290 140
1881300 140
1881310 140
1881320 140
1881330 140
1881340 140
1881350 140
1881360 140
1881370 140
1881380 139
1881390 139
1881400 139
1881410 139
1881420 139
1881430 139
1881440 139
1881450 139
1881460 139
1881470 139
1881480 139
1881490 139
1881500 139
1881510 139
1881520 139
1881530 138
1881540 138
1881550 139
1881560 139
1881570 139
1881580 139
1881590 139
1881600 139
1881610 139
1881620 139
1881630 139
1881640 139
1881650 139
1881660 139
1881670 139
1881680 139
1881690 139
1881700 140
1881710 140
1881720 140
1881730 140
1881740 140
1881750 140
1881760 139
1881770 139
1881780 139
1881790 139
1881800 140
1881810 140
1881820 140
1881830 141
1881840 141
1881850 140
1881860 139
1881870 139
1881880 139
1881890 139
1881900 139
1881910 138
1881920 139
1881930 139
1881940 139
1881950 140
1881960 140
1881970 141
1881980 143
1881990 143
1882000 144
1882010 143
1882020 143
1882030 143
1882040 143
1882050 143
1882060 143
1882070 143
1882080 143
1882090 142
1882100 142
1882110 142
1882120 142
1882130 143
1882140 143
1882150 143
1882160 143
1882170 143
1882180 143
1882190 142
1882200 142
1882210 142
1882220 142
1882230 142
1882240 141
1882250 141
1882260 141
1882270 141
1882280 141
1882290 141
1882300 141
1882310 141
1882320 141
1882330 141
1882340 141
1882350 141
1882360 142
1882370 142
1882380 142
1882390 142
1882400 142
1882410 142
1882420 142
1882430 142
1882440 142
1882450 139
1882460 139
1882470 139
1882480 139
1882490 138
1882500 138
1882510 138
1882520 139
1882530 139
1882540 139
1882550 139
1882560 139
1882570 140
1882580 140
1882590 140
1882600 140
1882610 140
1882620 140
1882630 140
1882640 140
1882650 140
1882660 140
1882670 140
1882680 140
1882690 140
1882700 140
1882710 140
1882720 140
1882730 140
1882740 140
1882750 140
1882760 140
1882770 140
1882780 139
1882790 138
1882800 138
1882810 138
1882820 138
1882830 138
1882840 138
1882850 138
1882860 138
1882870 139
1882880 140
1882890 140
1882900 141
1882910 140
1882920 140
1882930 140
1882940 140
1882950 140
1882960 140
1882970 140
1882980 140
