1880000 142
1880010 142
1880020 143
1880030 143
1880040 143
1880050 142
1880060 142
1880070 141
1880080 140
1880090 140
1880100 139
1880110 139
1880120 139
1880130 139
1880140 139
1880150 139
1880160 141
1880170 141
1880180 141
1880190 141
1880200 140
1880210 140
1880220 140
1880230 140
1880240 140
1880250 140
1880260 140
1880270 140
1880280 140
1880290 140
1880300 140
1880310 140
1880320 141
1880330 141
1880340 141
1880350 141
1880360 141
1880370 141
1880380 141
1880390 141
1880400 140
1880410 140
1880420 140
1880430 140
1880440 140
1880450 140
1880460 140
1880470 140
1880480 140
1880490 140
1880500 140
1880510 140
1880520 140
1880530 140
1880540 140
1880550 140
1880560 140
1880570 140
1880580 140
1880590 140
1880600 140
1880610 141
1880620 141
1880630 141
1880640 141
1880650 141
1880660 141
1880670 141
1880680 140
1880690 140
1880700 141
1880710 141
1880720 141
1880730 142
1880740 142
1880750 142
1880760 141
1880770 141
1880780 140
1880790 139
1880800 139
1880810 140
1880820 140
1880830 140
1880840 140
1880850 140
1880860 140
1880870 140
1880880 139
1880890 139
1880900 139
1880910 139
1880920 139
1880930 139
1880940 140
1880950 140
1880960 140
1880970 140
1880980 140
1880990 140
1881000 140
1881010 140
1881020 140
1881030 140
1881040 140
1881050 140
1881060 140
1881070 140
1881080 140
1881090 140
1881100 140
1881110 140
1881120 140
1881130 140
1881140 140
1881150 140
1881160 140
1881170 139
1881180 140
1881190 140
1881200 140
1881210 139
1881220 139
1881230 139
1881240 140
1881250 140
1881260 140
1881270 140
1881280 140
1881290 140
1881300 140
1881310 140
1881320 140
1881330 140
1881340 140
1881350 140
1881360 140
1881370 140
1881380 139
1881390 139
1881400 139
1881410 139
1881420 139
1881430 139
1881440 139
1881450 139
1881460 139
1881470 139
1881480 139
1881490 139
1881500 138
1881510 139
1881520 139
1881530 139
1881540 139
1881550 139
1881560 139
1881570 139
1881580 139
1881590 140
1881600 140
1881610 140
1881620 139
1881630 140
1881640 140
1881650 140
1881660 140
1881670 140
1881680 140
1881690 140
1881700 140
1881710 140
1881720 140
1881730 140
1881740 140
1881750 140
1881760 140
1881770 140
1881780 140
1881790 140
1881800 140
1881810 140
1881820 140
1881830 140
1881840 140
1881850 140
1881860 140
1881870 139
1881880 139
1881890 139
1881900 139
1881910 139
1881920 139
1881930 139
1881940 139
1881950 139
1881960 139
1881970 139
1881980 139
1881990 139
1882000 139
1882010 139
1882020 139
1882030 139
1882040 139
1882050 139
1882060 139
1882070 139
1882080 139
1882090 139
1882100 139
1882110 139
1882120 139
1882130 139
1882140 139
1882150 139
1882160 139
1882170 140
1882180 140
1882190 140
1882200 140
1882210 140
1882220 140
1882230 139
1882240 139
1882250 139
1882260 139
1882270 139
1882280 140
1882290 140
1882300 140
1882310 140
1882320 140
1882330 140
1882340 139
1882350 140
1882360 140
1882370 140
1882380 140
1882390 140
1882400 140
1882410 140
1882420 140
1882430 140
1882440 140
1882450 140
1882460 140
1882470 140
1882480 140
1882490 140
1882500 140
1882510 140
1882520 140
1882530 140
1882540 140
1882550 140
1882560 140
1882570 140
1882580 140
1882590 140
1882600 140
1882610 140
1882620 140
1882630 140
1882640 140
1882650 140
1882660 140
1882670 139
1882680 138
1882690 138
1882700 138
1882710 138
1882720 138
1882730 138
1882740 138
1882750 138
1882760 138
1882770 139
1882780 139
1882790 141
1882800 141
1882810 141
1882820 140
1882830 140
1882840 140
1882850 140
1882860 140
1882870 140
1880000 142
1880010 142
1880020 143
1880030 143
1880040 143
1880050 142
1880060 142
1880070 141
1880080 140
1880090 140
1880100 139
1880110 139
1880120 139
1880130 139
1880140 139
1880150 139
1880160 141
1880170 141
1880180 141
1880190 141
1880200 140
1880210 140
1880220 140
1880230 140
1880240 140
1880250 140
1880260 140
1880270 140
1880280 140
1880290 140
1880300 140
1880310 140
1880320 141
1880330 141
1880340 141
1880350 141
1880360 141
1880370 141
1880380 141
1880390 141
1880400 140
1880410 140
1880420 140
1880430 140
1880440 140
1880450 140
1880460 140
1880470 140
1880480 140
1880490 140
1880500 140
1880510 140
1880520 140
1880530 140
1880540 140
1880550 140
1880560 140
1880570 140
1880580 140
1880590 140
1880600 140
1880610 141
1880620 141
1880630 141
1880640 141
1880650 141
1880660 141
1880670 141
1880680 140
1880690 140
1880700 141
1880710 141
1880720 141
1880730 142
1880740 142
1880750 142
1880760 141
1880770 141
1880780 140
1880790 139
1880800 139
1880810 140
1880820 140
1880830 140
1880840 140
1880850 140
1880860 140
1880870 140
1880880 139
1880890 139
1880900 139
1880910 139
1880920 139
1880930 139
1880940 140
1880950 140
1880960 140
1880970 140
1880980 140
1880990 140
1881000 140
1881010 140
1881020 140
1881030 140
1881040 140
1881050 140
1881060 140
1881070 140
1881080 140
1881090 140
1881100 140
1881110 140
1881120 140
1881130 140
1881140 140
1881150 140
1881160 140
1881170 139
1881180 140
1881190 140
1881200 140
1881210 139
1881220 139
1881230 139
1881240 140
1881250 140
1881260 140
1881270 140
1881280 140
1881290 140
1881300 140
1881310 140
1881320 140
1881330 140
1881340 140
1881350 140
1881360 140
1881370 140
1881380 139
1881390 139
1881400 139
1881410 139
1881420 139
1881430 139
1881440 139
1881450 139
1881460 139
1881470 139
1881480 139
1881490 139
1881500 138
1881510 139
1881520 139
1881530 139
1881540 139
1881550 139
1881560 139
1881570 139
1881580 139
1881590 140
1881600 140
1881610 140
1881620 139
1881630 140
1881640 140
1881650 140
1881660 140
1881670 140
1881680 140
1881690 140
1881700 140
1881710 140
1881720 140
1881730 140
1881740 140
1881750 140
1881760 140
1881770 140
1881780 140
1881790 140
1881800 140
1881810 140
1881820 140
1881830 140
1881840 140
1881850 140
1881860 140
1881870 139
1881880 139
1881890 139
1881900 139
1881910 139
1881920 139
1881930 139
1881940 139
1881950 139
1881960 139
1881970 139
1881980 139
1881990 139
1882000 139
1882010 139
1882020 139
1882030 139
1882040 139
1882050 139
1882060 139
1882070 139
1882080 139
1882090 139
1882100 139
1882110 139
1882120 139
1882130 139
1882140 139
1882150 139
1882160 139
1882170 140
1882180 140
1882190 140
1882200 140
1882210 140
1882220 140
1882230 139
1882240 139
1882250 139
1882260 139
1882270 139
1882280 140
1882290 140
1882300 140
1882310 140
1882320 140
1882330 140
1882340 139
1882350 140
1882360 140
1882370 140
1882380 140
1882390 140
1882400 140
1882410 140
1882420 140
1882430 140
1882440 140
1882450 140
1882460 140
1882470 140
1882480 140
1882490 140
1882500 140
1882510 140
1882520 140
1882530 140
1882540 140
1882550 140
1882560 140
1882570 140
1882580 140
1882590 140
1882600 140
1882610 140
1882620 140
1882630 140
1882640 140
1882650 140
1882660 140
1882670 139
1882680 138
1882690 138
1882700 138
1882710 138
1882720 138
1882730 138
1882740 138
1882750 138
1882760 138
1882770 139
1882780 139
1882790 141
1882800 141
1882810 141
1882820 140
1882830 140
1882840 140
1882850 140
1882860 140
1882870 140
