1880000 139
1880010 139
1880020 139
1880030 139
1880040 139
1880050 141
1880060 142
1880070 142
1880080 142
1880090 140
1880100 140
1880110 139
1880120 140
1880130 140
1880140 140
1880150 140
1880160 140
1880170 140
1880180 140
1880190 140
1880200 140
1880210 140
1880220 140
1880230 140
1880240 140
1880250 140
1880260 140
1880270 140
1880280 140
1880290 140
1880300 140
1880310 140
1880320 140
1880330 140
1880340 140
1880350 140
1880360 140
1880370 140
1880380 140
1880390 140
1880400 140
1880410 140
1880420 140
1880430 140
1880440 139
1880450 139
1880460 139
1880470 140
1880480 140
1880490 140
1880500 139
1880510 141
1880520 141
1880530 142
1880540 142
1880550 142
1880560 142
1880570 142
1880580 142
1880590 142
1880600 142
1880610 142
1880620 142
1880630 142
1880640 142
1880650 142
1880660 142
1880670 142
1880680 142
1880690 142
1880700 142
1880710 142
1880720 143
1880730 143
1880740 142
1880750 143
1880760 143
1880770 142
1880780 142
1880790 142
1880800 142
1880810 142
1880820 142
1880830 142
1880840 142
1880850 142
1880860 142
1880870 142
1880880 142
1880890 141
1880900 141
1880910 141
1880920 140
1880930 140
1880940 140
1880950 140
1880960 139
1880970 139
1880980 139
1880990 139
1881000 139
1881010 140
1881020 140
1881030 140
1881040 140
1881050 139
1881060 139
1881070 139
1881080 139
1881090 140
1881100 139
1881110 139
1881120 139
1881130 139
1881140 139
1881150 139
1881160 140
1881170 140
1881180 140
1881190 140
1881200 140
1881210 140
1881220 140
1881230 140
1881240 140
1881250 140
1881260 140
1881270 140
1881280 140
1881290 139
1881300 139
1881310 139
1881320 139
1881330 139
1881340 139
1881350 139
1881360 139
1881370 139
1881380 139
1881390 139
1881400 139
1881410 139
1881420 139
1881430 139
1881440 139
1881450 139
1881460 139
1881470 139
1881480 139
1881490 139
1881500 139
1881510 139
1881520 139
1881530 139
1881540 139
1881550 138
1881560 139
1881570 139
1881580 140
1881590 140
1881600 140
1881610 140
1881620 140
1881630 140
1881640 140
1881650 140
1881660 140
1881670 140
1881680 140
1881690 140
1881700 140
1881710 140
1881720 140
1881730 140
1881740 140
1881750 140
1881760 140
1881770 140
1881780 140
1881790 140
1881800 140
1881810 140
1881820 140
1881830 140
1881840 140
1881850 140
1881860 140
1881870 140
1881880 140
1881890 140
1881900 140
1881910 141
1881920 141
1881930 141
1881940 141
1881950 140
1881960 140
1881970 139
1881980 139
1881990 139
1882000 139
1882010 139
1882020 139
1882030 139
1882040 139
1882050 139
1882060 139
1882070 141
1882080 141
1882090 139
1882100 140
1882110 140
1882120 140
1882130 140
1882140 140
1880000 139
1880010 139
1880020 139
1880030 139
1880040 139
1880050 141
1880060 142
1880070 142
1880080 142
1880090 140
1880100 140
1880110 139
1880120 140
1880130 140
1880140 140
1880150 140
1880160 140
1880170 140
1880180 140
1880190 140
1880200 140
1880210 140
1880220 140
1880230 140
1880240 140
1880250 140
1880260 140
1880270 140
1880280 140
1880290 140
1880300 140
1880310 140
1880320 140
1880330 140
1880340 140
1880350 140
1880360 140
1880370 140
1880380 140
1880390 140
1880400 140
1880410 140
1880420 140
1880430 140
1880440 139
1880450 139
1880460 139
1880470 140
1880480 140
1880490 140
1880500 139
1880510 141
1880520 141
1880530 142
1880540 142
1880550 142
1880560 142
1880570 142
1880580 142
1880590 142
1880600 142
1880610 142
1880620 142
1880630 142
1880640 142
1880650 142
1880660 142
1880670 142
1880680 142
1880690 142
1880700 142
1880710 142
1880720 143
1880730 143
1880740 142
1880750 143
1880760 143
1880770 142
1880780 142
1880790 142
1880800 142
1880810 142
1880820 142
1880830 142
1880840 142
1880850 142
1880860 142
1880870 142
1880880 142
1880890 141
1880900 141
1880910 141
1880920 140
1880930 140
1880940 140
1880950 140
1880960 139
1880970 139
1880980 139
1880990 139
1881000 139
1881010 140
1881020 140
1881030 140
1881040 140
1881050 139
1881060 139
1881070 139
1881080 139
1881090 140
1881100 139
1881110 139
1881120 139
1881130 139
1881140 139
1881150 139
1881160 140
1881170 140
1881180 140
1881190 140
1881200 140
1881210 140
1881220 140
1881230 140
1881240 140
1881250 140
1881260 140
1881270 140
1881280 140
1881290 139
1881300 139
1881310 139
1881320 139
1881330 139
1881340 139
1881350 139
1881360 139
1881370 139
1881380 139
1881390 139
1881400 139
1881410 139
1881420 139
1881430 139
1881440 139
1881450 139
1881460 139
1881470 139
1881480 139
1881490 139
1881500 139
1881510 139
1881520 139
1881530 139
1881540 139
1881550 138
1881560 139
1881570 139
1881580 140
1881590 140
1881600 140
1881610 140
1881620 140
1881630 140
1881640 140
1881650 140
1881660 140
1881670 140
1881680 140
1881690 140
1881700 140
1881710 140
1881720 140
1881730 140
1881740 140
1881750 140
1881760 140
1881770 140
1881780 140
1881790 140
1881800 140
1881810 140
1881820 140
1881830 140
1881840 140
1881850 140
1881860 140
1881870 140
1881880 140
1881890 140
1881900 140
1881910 141
1881920 141
1881930 141
1881940 141
1881950 140
1881960 140
1881970 139
1881980 139
1881990 139
1882000 139
1882010 139
1882020 139
1882030 139
1882040 139
1882050 139
1882060 139
1882070 141
1882080 141
1882090 139
1882100 140
1882110 140
1882120 140
1882130 140
1882140 140
