1880000 139
1880010 139
1880020 139
1880030 140
1880040 140
1880050 140
1880060 140
1880070 141
1880080 141
1880090 142
1880100 142
1880110 142
1880120 142
1880130 142
1880140 142
1880150 142
1880160 142
1880170 142
1880180 141
1880190 139
1880200 139
1880210 139
1880220 139
1880230 139
1880240 139
1880250 139
1880260 139
1880270 139
1880280 140
1880290 140
1880300 140
1880310 140
1880320 140
1880330 140
1880340 140
1880350 140
1880360 139
1880370 139
1880380 139
1880390 140
1880400 140
1880410 140
1880420 140
1880430 140
1880440 140
1880450 140
1880460 140
1880470 140
1880480 140
1880490 140
1880500 140
1880510 140
1880520 139
1880530 139
1880540 139
1880550 139
1880560 139
1880570 139
1880580 139
1880590 139
1880600 139
1880610 139
1880620 139
1880630 139
1880640 139
1880650 139
1880660 139
1880670 140
1880680 140
1880690 140
1880700 140
1880710 140
1880720 140
1880730 140
1880740 140
1880750 139
1880760 140
1880770 140
1880780 140
1880790 139
1880800 139
1880810 139
1880820 140
1880830 140
1880840 140
1880850 140
1880860 140
1880870 140
1880880 140
1880890 140
1880900 140
1880910 140
1880920 140
1880930 140
1880940 139
1880950 139
1880960 139
1880970 139
1880980 139
1880990 139
1881000 139
1881010 139
1881020 139
1881030 140
1881040 140
1881050 140
1881060 140
1881070 140
1881080 140
1881090 140
1881100 140
1881110 140
1881120 140
1881130 140
1881140 140
1881150 140
1881160 140
1881170 140
1881180 140
1881190 140
1881200 140
1881210 140
1881220 140
1881230 140
1881240 140
1881250 140
1881260 140
1881270 140
1881280 140
1881290 140
1881300 140
1881310 140
1881320 140
1881330 140
1881340 140
1881350 140
1881360 140
1881370 140
1881380 140
1881390 140
1881400 140
1881410 140
1881420 140
1881430 140
1881440 140
1881450 140
1881460 140
1881470 140
1881480 140
1881490 140
1881500 140
1881510 140
1881520 140
1881530 140
1881540 140
1881550 140
1881560 139
1881570 139
1881580 139
1881590 139
1881600 139
1881610 140
1881620 141
1881630 141
1881640 141
1881650 141
1881660 141
1881670 141
1881680 141
1881690 141
1881700 141
1881710 141
1881720 141
1881730 140
1881740 139
1881750 139
1881760 138
1881770 139
1881780 139
1881790 139
1881800 139
1881810 139
1881820 139
1881830 140
1881840 140
1881850 140
1881860 141
1881870 141
1881880 139
1881890 139
1881900 139
1881910 139
1881920 139
1881930 139
1881940 139
1881950 139
1881960 139
1881970 139
1881980 139
1881990 139
1882000 139
1882010 140
1882020 140
1882030 141
1882040 141
1882050 141
1882060 140
1882070 140
1882080 140
1882090 140
1882100 140
1882110 140
1880000 139
1880010 139
1880020 139
1880030 140
1880040 140
1880050 140
1880060 140
1880070 141
1880080 141
1880090 142
1880100 142
1880110 142
1880120 142
1880130 142
1880140 142
1880150 142
1880160 142
1880170 142
1880180 141
1880190 139
1880200 139
1880210 139
1880220 139
1880230 139
1880240 139
1880250 139
1880260 139
1880270 139
1880280 140
1880290 140
1880300 140
1880310 140
1880320 140
1880330 140
1880340 140
1880350 140
1880360 139
1880370 139
1880380 139
1880390 140
1880400 140
1880410 140
1880420 140
1880430 140
1880440 140
1880450 140
1880460 140
1880470 140
1880480 140
1880490 140
1880500 140
1880510 140
1880520 139
1880530 139
1880540 139
1880550 139
1880560 139
1880570 139
1880580 139
1880590 139
1880600 139
1880610 139
1880620 139
1880630 139
1880640 139
1880650 139
1880660 139
1880670 140
1880680 140
1880690 140
1880700 140
1880710 140
1880720 140
1880730 140
1880740 140
1880750 139
1880760 140
1880770 140
1880780 140
1880790 139
1880800 139
1880810 139
1880820 140
1880830 140
1880840 140
1880850 140
1880860 140
1880870 140
1880880 140
1880890 140
1880900 140
1880910 140
1880920 140
1880930 140
1880940 139
1880950 139
1880960 139
1880970 139
1880980 139
1880990 139
1881000 139
1881010 139
1881020 139
1881030 140
1881040 140
1881050 140
1881060 140
1881070 140
1881080 140
1881090 140
1881100 140
1881110 140
1881120 140
1881130 140
1881140 140
1881150 140
1881160 140
1881170 140
1881180 140
1881190 140
1881200 140
1881210 140
1881220 140
1881230 140
1881240 140
1881250 140
1881260 140
1881270 140
1881280 140
1881290 140
1881300 140
1881310 140
1881320 140
1881330 140
1881340 140
1881350 140
1881360 140
1881370 140
1881380 140
1881390 140
1881400 140
1881410 140
1881420 140
1881430 140
1881440 140
1881450 140
1881460 140
1881470 140
1881480 140
1881490 140
1881500 140
1881510 140
1881520 140
1881530 140
1881540 140
1881550 140
1881560 139
1881570 139
1881580 139
1881590 139
1881600 139
1881610 140
1881620 141
1881630 141
1881640 141
1881650 141
1881660 141
1881670 141
1881680 141
1881690 141
1881700 141
1881710 141
1881720 141
1881730 140
1881740 139
1881750 139
1881760 138
1881770 139
1881780 139
1881790 139
1881800 139
1881810 139
1881820 139
1881830 140
1881840 140
1881850 140
1881860 141
1881870 141
1881880 139
1881890 139
1881900 139
1881910 139
1881920 139
1881930 139
1881940 139
1881950 139
1881960 139
1881970 139
1881980 139
1881990 139
1882000 139
1882010 140
1882020 140
1882030 141
1882040 141
1882050 141
1882060 140
1882070 140
1882080 140
1882090 140
1882100 140
1882110 140
