1880000 140
1880010 142
1880020 142
1880030 142
1880040 142
1880050 141
1880060 141
1880070 141
1880080 139
1880090 139
1880100 140
1880110 140
1880120 140
1880130 139
1880140 140
1880150 140
1880160 139
1880170 140
1880180 140
1880190 140
1880200 139
1880210 139
1880220 140
1880230 140
1880240 140
1880250 140
1880260 140
1880270 140
1880280 140
1880290 140
1880300 140
1880310 140
1880320 140
1880330 140
1880340 140
1880350 140
1880360 140
1880370 140
1880380 140
1880390 140
1880400 140
1880410 140
1880420 140
1880430 140
1880440 140
1880450 140
1880460 140
1880470 140
1880480 140
1880490 140
1880500 140
1880510 140
1880520 140
1880530 139
1880540 139
1880550 139
1880560 140
1880570 140
1880580 140
1880590 140
1880600 140
1880610 140
1880620 139
1880630 139
1880640 139
1880650 140
1880660 140
1880670 141
1880680 142
1880690 142
1880700 142
1880710 142
1880720 142
1880730 142
1880740 142
1880750 142
1880760 142
1880770 142
1880780 142
1880790 142
1880800 141
1880810 141
1880820 139
1880830 139
1880840 139
1880850 139
1880860 139
1880870 139
1880880 139
1880890 139
1880900 139
1880910 140
1880920 142
1880930 142
1880940 142
1880950 142
1880960 142
1880970 142
1880980 142
1880990 142
1881000 142
1881010 141
1881020 141
1881030 141
1881040 141
1881050 141
1881060 141
1881070 142
1881080 142
1881090 142
1881100 142
1881110 142
1881120 142
1881130 142
1881140 142
1881150 142
1881160 142
1881170 142
1881180 142
1881190 142
1881200 142
1881210 141
1881220 141
1881230 141
1881240 141
1881250 141
1881260 141
1881270 141
1881280 141
1881290 140
1881300 139
1881310 139
1881320 139
1881330 139
1881340 139
1881350 139
1881360 139
1881370 139
1881380 139
1881390 139
1881400 139
1881410 139
1881420 139
1881430 139
1881440 139
1881450 139
1881460 139
1881470 139
1881480 140
1881490 140
1881500 140
1881510 140
1881520 140
1881530 140
1881540 140
1881550 140
1881560 140
1881570 140
1881580 140
1881590 140
1881600 140
1881610 140
1881620 140
1881630 140
1881640 140
1881650 140
1881660 140
1881670 140
1881680 140
1881690 140
1881700 140
1881710 140
1881720 140
1881730 140
1881740 140
1881750 140
1881760 140
1881770 140
1881780 140
1881790 140
1881800 140
1881810 139
1881820 139
1881830 140
1881840 140
1881850 140
1881860 140
1881870 140
1881880 140
1881890 139
1881900 140
1881910 140
1881920 140
1881930 141
1881940 140
1881950 141
1881960 140
1881970 140
1881980 139
1881990 139
1882000 139
1882010 139
1882020 139
1882030 139
1882040 139
1882050 139
1882060 139
1882070 139
1882080 141
1882090 141
1882100 140
1882110 140
1882120 140
1882130 140
1882140 140
1882150 140
1882160 140
1880000 140
1880010 142
1880020 142
1880030 142
1880040 142
1880050 141
1880060 141
1880070 141
1880080 139
1880090 139
1880100 140
1880110 140
1880120 140
1880130 139
1880140 140
1880150 140
1880160 139
1880170 140
1880180 140
1880190 140
1880200 139
1880210 139
1880220 140
1880230 140
1880240 140
1880250 140
1880260 140
1880270 140
1880280 140
1880290 140
1880300 140
1880310 140
1880320 140
1880330 140
1880340 140
1880350 140
1880360 140
1880370 140
1880380 140
1880390 140
1880400 140
1880410 140
1880420 140
1880430 140
1880440 140
1880450 140
1880460 140
1880470 140
1880480 140
1880490 140
1880500 140
1880510 140
1880520 140
1880530 139
1880540 139
1880550 139
1880560 140
1880570 140
1880580 140
1880590 140
1880600 140
1880610 140
1880620 139
1880630 139
1880640 139
1880650 140
1880660 140
1880670 141
1880680 142
1880690 142
1880700 142
1880710 142
1880720 142
1880730 142
1880740 142
1880750 142
1880760 142
1880770 142
1880780 142
1880790 142
1880800 141
1880810 141
1880820 139
1880830 139
1880840 139
1880850 139
1880860 139
1880870 139
1880880 139
1880890 139
1880900 139
1880910 140
1880920 142
1880930 142
1880940 142
1880950 142
1880960 142
1880970 142
1880980 142
1880990 142
1881000 142
1881010 141
1881020 141
1881030 141
1881040 141
1881050 141
1881060 141
1881070 142
1881080 142
1881090 142
1881100 142
1881110 142
1881120 142
1881130 142
1881140 142
1881150 142
1881160 142
1881170 142
1881180 142
1881190 142
1881200 142
1881210 141
1881220 141
1881230 141
1881240 141
1881250 141
1881260 141
1881270 141
1881280 141
1881290 140
1881300 139
1881310 139
1881320 139
1881330 139
1881340 139
1881350 139
1881360 139
1881370 139
1881380 139
1881390 139
1881400 139
1881410 139
1881420 139
1881430 139
1881440 139
1881450 139
1881460 139
1881470 139
1881480 140
1881490 140
1881500 140
1881510 140
1881520 140
1881530 140
1881540 140
1881550 140
1881560 140
1881570 140
1881580 140
1881590 140
1881600 140
1881610 140
1881620 140
1881630 140
1881640 140
1881650 140
1881660 140
1881670 140
1881680 140
1881690 140
1881700 140
1881710 140
1881720 140
1881730 140
1881740 140
1881750 140
1881760 140
1881770 140
1881780 140
1881790 140
1881800 140
1881810 139
1881820 139
1881830 140
1881840 140
1881850 140
1881860 140
1881870 140
1881880 140
1881890 139
1881900 140
1881910 140
1881920 140
1881930 141
1881940 140
1881950 141
1881960 140
1881970 140
1881980 139
1881990 139
1882000 139
1882010 139
1882020 139
1882030 139
1882040 139
1882050 139
1882060 139
1882070 139
1882080 141
1882090 141
1882100 140
1882110 140
1882120 140
1882130 140
1882140 140
1882150 140
1882160 140
