1880000 139
1880010 139
1880020 140
1880030 140
1880040 140
1880050 141
1880060 141
1880070 141
1880080 141
1880090 142
1880100 142
1880110 142
1880120 142
1880130 142
1880140 140
1880150 140
1880160 140
1880170 139
1880180 139
1880190 139
1880200 139
1880210 139
1880220 139
1880230 140
1880240 140
1880250 140
1880260 140
1880270 140
1880280 140
1880290 140
1880300 140
1880310 140
1880320 140
1880330 139
1880340 139
1880350 139
1880360 139
1880370 139
1880380 139
1880390 140
1880400 140
1880410 140
1880420 140
1880430 140
1880440 140
1880450 140
1880460 140
1880470 140
1880480 140
1880490 140
1880500 140
1880510 140
1880520 140
1880530 140
1880540 140
1880550 140
1880560 140
1880570 140
1880580 140
1880590 140
1880600 140
1880610 140
1880620 140
1880630 140
1880640 140
1880650 140
1880660 140
1880670 140
1880680 140
1880690 140
1880700 140
1880710 140
1880720 139
1880730 139
1880740 139
1880750 140
1880760 140
1880770 140
1880780 140
1880790 140
1880800 140
1880810 140
1880820 140
1880830 140
1880840 140
1880850 140
1880860 140
1880870 140
1880880 140
1880890 140
1880900 140
1880910 140
1880920 140
1880930 140
1880940 140
1880950 140
1880960 140
1880970 140
1880980 140
1880990 140
1881000 140
1881010 140
1881020 140
1881030 140
1881040 140
1881050 140
1881060 140
1881070 140
1881080 140
1881090 140
1881100 140
1881110 139
1881120 139
1881130 139
1881140 139
1881150 139
1881160 139
1881170 139
1881180 139
1881190 139
1881200 139
1881210 139
1881220 139
1881230 139
1881240 139
1881250 140
1881260 140
1881270 140
1881280 140
1881290 140
1881300 140
1881310 140
1881320 140
1881330 140
1881340 140
1881350 139
1881360 139
1881370 139
1881380 139
1881390 139
1881400 139
1881410 140
1881420 140
1881430 141
1881440 141
1881450 141
1881460 141
1881470 141
1881480 141
1881490 140
1881500 140
1881510 140
1881520 140
1881530 141
1881540 141
1881550 141
1881560 140
1881570 140
1881580 139
1881590 139
1881600 139
1881610 139
1881620 139
1881630 139
1881640 139
1881650 139
1881660 139
1881670 139
1881680 139
1881690 139
1881700 139
1881710 139
1881720 139
1881730 139
1881740 141
1881750 141
1881760 141
1881770 141
1881780 141
1881790 141
1881800 140
1881810 140
1881820 140
1881830 140
1881840 140
1881850 140
1881860 140
1881870 140
1880000 139
1880010 139
1880020 140
1880030 140
1880040 140
1880050 141
1880060 141
1880070 141
1880080 141
1880090 142
1880100 142
1880110 142
1880120 142
1880130 142
1880140 140
1880150 140
1880160 140
1880170 139
1880180 139
1880190 139
1880200 139
1880210 139
1880220 139
1880230 140
1880240 140
1880250 140
1880260 140
1880270 140
1880280 140
1880290 140
1880300 140
1880310 140
1880320 140
1880330 139
1880340 139
1880350 139
1880360 139
1880370 139
1880380 139
1880390 140
1880400 140
1880410 140
1880420 140
1880430 140
1880440 140
1880450 140
1880460 140
1880470 140
1880480 140
1880490 140
1880500 140
1880510 140
1880520 140
1880530 140
1880540 140
1880550 140
1880560 140
1880570 140
1880580 140
1880590 140
1880600 140
1880610 140
1880620 140
1880630 140
1880640 140
1880650 140
1880660 140
1880670 140
1880680 140
1880690 140
1880700 140
1880710 140
1880720 139
1880730 139
1880740 139
1880750 140
1880760 140
1880770 140
1880780 140
1880790 140
1880800 140
1880810 140
1880820 140
1880830 140
1880840 140
1880850 140
1880860 140
1880870 140
1880880 140
1880890 140
1880900 140
1880910 140
1880920 140
1880930 140
1880940 140
1880950 140
1880960 140
1880970 140
1880980 140
1880990 140
1881000 140
1881010 140
1881020 140
1881030 140
1881040 140
1881050 140
1881060 140
1881070 140
1881080 140
1881090 140
1881100 140
1881110 139
1881120 139
1881130 139
1881140 139
1881150 139
1881160 139
1881170 139
1881180 139
1881190 139
1881200 139
1881210 139
1881220 139
1881230 139
1881240 139
1881250 140
1881260 140
1881270 140
1881280 140
1881290 140
1881300 140
1881310 140
1881320 140
1881330 140
1881340 140
1881350 139
1881360 139
1881370 139
1881380 139
1881390 139
1881400 139
1881410 140
1881420 140
1881430 141
1881440 141
1881450 141
1881460 141
1881470 141
1881480 141
1881490 140
1881500 140
1881510 140
1881520 140
1881530 141
1881540 141
1881550 141
1881560 140
1881570 140
1881580 139
1881590 139
1881600 139
1881610 139
1881620 139
1881630 139
1881640 139
1881650 139
1881660 139
1881670 139
1881680 139
1881690 139
1881700 139
1881710 139
1881720 139
1881730 139
1881740 141
1881750 141
1881760 141
1881770 141
1881780 141
1881790 141
1881800 140
1881810 140
1881820 140
1881830 140
1881840 140
1881850 140
1881860 140
1881870 140
