1880000 140
1880010 140
1880020 140
1880030 140
1880040 140
1880050 140
1880060 140
1880070 140
1880080 140
1880090 140
1880100 140
1880110 140
1880120 140
1880130 140
1880140 140
1880150 140
1880160 140
1880170 140
1880180 140
1880190 140
1880200 140
1880210 140
1880220 140
1880230 140
1880240 141
1880250 141
1880260 142
1880270 142
1880280 142
1880290 141
1880300 141
1880310 141
1880320 141
1880330 141
1880340 141
1880350 141
1880360 142
1880370 142
1880380 142
1880390 141
1880400 141
1880410 141
1880420 141
1880430 141
1880440 140
1880450 140
1880460 140
1880470 140
1880480 140
1880490 140
1880500 140
1880510 140
1880520 140
1880530 140
1880540 140
1880550 140
1880560 140
1880570 140
1880580 141
1880590 142
1880600 142
1880610 142
1880620 142
1880630 142
1880640 142
1880650 142
1880660 142
1880670 142
1880000 140
1880010 140
1880020 140
1880030 140
1880040 140
1880050 140
1880060 140
1880070 140
1880080 140
1880090 140
1880100 140
1880110 140
1880120 140
1880130 140
1880140 140
1880150 140
1880160 140
1880170 140
1880180 140
1880190 140
1880200 140
1880210 140
1880220 140
1880230 140
1880240 141
1880250 141
1880260 142
1880270 142
1880280 142
1880290 141
1880300 141
1880310 141
1880320 141
1880330 141
1880340 141
1880350 141
1880360 142
1880370 142
1880380 142
1880390 141
1880400 141
1880410 141
1880420 141
1880430 141
1880440 140
1880450 140
1880460 140
1880470 140
1880480 140
1880490 140
1880500 140
1880510 140
1880520 140
1880530 140
1880540 140
1880550 140
1880560 140
1880570 140
1880580 141
1880590 142
1880600 142
1880610 142
1880620 142
1880630 142
1880640 142
1880650 142
1880660 142
1880670 142
