1880000 140
1880010 140
1880020 140
1880030 140
1880040 140
1880050 140
1880060 140
1880070 140
1880080 140
1880090 140
1880100 140
1880110 140
1880120 140
1880130 140
1880140 140
1880150 140
1880160 141
1880170 142
1880180 142
1880190 142
1880200 142
1880210 142
1880220 142
1880230 142
1880240 142
1880250 142
1880260 142
1880270 142
1880280 142
1880290 141
1880300 141
1880310 142
1880320 142
1880330 142
1880340 142
1880350 142
1880360 142
1880370 142
1880380 142
1880390 142
1880400 142
1880410 142
1880420 142
1880430 142
1880440 142
1880450 142
1880460 142
1880470 141
1880480 141
1880490 142
1880500 142
1880510 142
1880520 142
1880530 142
1880540 142
1880550 142
1880560 143
1880570 143
1880580 142
1880590 142
1880600 142
1880610 143
1880620 143
1880630 143
1880640 142
1880000 140
1880010 140
1880020 140
1880030 140
1880040 140
1880050 140
1880060 140
1880070 140
1880080 140
1880090 140
1880100 140
1880110 140
1880120 140
1880130 140
1880140 140
1880150 140
1880160 141
1880170 142
1880180 142
1880190 142
1880200 142
1880210 142
1880220 142
1880230 142
1880240 142
1880250 142
1880260 142
1880270 142
1880280 142
1880290 141
1880300 141
1880310 142
1880320 142
1880330 142
1880340 142
1880350 142
1880360 142
1880370 142
1880380 142
1880390 142
1880400 142
1880410 142
1880420 142
1880430 142
1880440 142
1880450 142
1880460 142
1880470 141
1880480 141
1880490 142
1880500 142
1880510 142
1880520 142
1880530 142
1880540 142
1880550 142
1880560 143
1880570 143
1880580 142
1880590 142
1880600 142
1880610 143
1880620 143
1880630 143
1880640 142
