1880000 147
1880010 147
1880020 147
1880030 147
1880040 147
1880050 147
1880060 147
1880070 147
1880080 147
1880090 147
1880100 147
1880110 147
1880120 147
1880130 147
1880140 147
1880150 147
1880160 147
1880170 147
1880180 147
1880190 147
1880200 147
1880210 147
1880220 146
1880230 147
1880240 147
1880250 146
1880260 146
1880270 146
1880280 146
1880290 145
1880300 145
1880310 145
1880320 145
1880330 145
1880340 145
1880350 145
1880360 145
1880370 145
1880380 145
1880390 145
1880400 145
1880410 145
1880420 145
1880430 145
1880440 146
1880450 146
1880460 147
1880470 147
1880480 147
1880490 146
1880500 146
1880510 146
1880520 146
1880530 146
1880540 145
1880000 147
1880010 147
1880020 147
1880030 147
1880040 147
1880050 147
1880060 147
1880070 147
1880080 147
1880090 147
1880100 147
1880110 147
1880120 147
1880130 147
1880140 147
1880150 147
1880160 147
1880170 147
1880180 147
1880190 147
1880200 147
1880210 147
1880220 146
1880230 147
1880240 147
1880250 146
1880260 146
1880270 146
1880280 146
1880290 145
1880300 145
1880310 145
1880320 145
1880330 145
1880340 145
1880350 145
1880360 145
1880370 145
1880380 145
1880390 145
1880400 145
1880410 145
1880420 145
1880430 145
1880440 146
1880450 146
1880460 147
1880470 147
1880480 147
1880490 146
1880500 146
1880510 146
1880520 146
1880530 146
1880540 145
