1880000 147
1880010 147
1880020 147
1880030 147
1880040 147
1880050 147
1880060 147
1880070 147
1880080 147
1880090 148
1880100 148
1880110 148
1880120 148
1880130 150
1880140 150
1880150 149
1880160 147
1880170 147
1880180 147
1880190 145
1880200 145
1880210 145
1880220 145
1880230 145
1880240 145
1880250 145
1880260 145
1880270 146
1880280 147
1880290 147
1880300 146
1880310 146
1880320 146
1880330 147
1880340 147
1880350 147
1880360 147
1880370 146
1880380 146
1880390 146
1880400 146
1880410 146
1880420 147
1880000 147
1880010 147
1880020 147
1880030 147
1880040 147
1880050 147
1880060 147
1880070 147
1880080 147
1880090 148
1880100 148
1880110 148
1880120 148
1880130 150
1880140 150
1880150 149
1880160 147
1880170 147
1880180 147
1880190 145
1880200 145
1880210 145
1880220 145
1880230 145
1880240 145
1880250 145
1880260 145
1880270 146
1880280 147
1880290 147
1880300 146
1880310 146
1880320 146
1880330 147
1880340 147
1880350 147
1880360 147
1880370 146
1880380 146
1880390 146
1880400 146
1880410 146
1880420 147
