1880000 148
1880010 150
1880020 149
1880030 149
1880040 147
1880050 146
1880060 146
1880070 146
1880080 146
1880090 146
1880100 146
1880110 146
1880120 146
1880130 147
1880140 147
1880150 146
1880160 146
1880170 146
1880180 146
1880190 146
1880200 146
1880210 146
1880220 146
1880230 146
1880240 146
1880250 146
1880260 146
1880270 147
1880280 147
1880290 147
1880300 147
1880310 147
1880320 147
1880330 147
1880340 147
1880350 147
1880360 147
1880370 147
1880380 147
1880390 147
1880400 147
1880410 147
1880420 147
1880430 147
1880440 147
1880450 146
1880460 146
1880470 146
1880480 146
1880490 147
1880500 147
1880510 147
1880520 147
1880530 147
1880540 147
1880550 147
1880560 147
1880570 147
1880580 146
1880590 146
1880600 145
1880610 145
1880620 145
1880630 145
1880640 145
1880650 145
1880660 145
1880670 145
1880680 145
1880690 145
1880700 145
1880710 145
1880720 145
1880730 145
1880740 145
1880750 146
1880760 146
1880770 146
1880780 146
1880790 146
1880800 146
1880810 146
1880000 148
1880010 150
1880020 149
1880030 149
1880040 147
1880050 146
1880060 146
1880070 146
1880080 146
1880090 146
1880100 146
1880110 146
1880120 146
1880130 147
1880140 147
1880150 146
1880160 146
1880170 146
1880180 146
1880190 146
1880200 146
1880210 146
1880220 146
1880230 146
1880240 146
1880250 146
1880260 146
1880270 147
1880280 147
1880290 147
1880300 147
1880310 147
1880320 147
1880330 147
1880340 147
1880350 147
1880360 147
1880370 147
1880380 147
1880390 147
1880400 147
1880410 147
1880420 147
1880430 147
1880440 147
1880450 146
1880460 146
1880470 146
1880480 146
1880490 147
1880500 147
1880510 147
1880520 147
1880530 147
1880540 147
1880550 147
1880560 147
1880570 147
1880580 146
1880590 146
1880600 145
1880610 145
1880620 145
1880630 145
1880640 145
1880650 145
1880660 145
1880670 145
1880680 145
1880690 145
1880700 145
1880710 145
1880720 145
1880730 145
1880740 145
1880750 146
1880760 146
1880770 146
1880780 146
1880790 146
1880800 146
1880810 146
