1880000 148
1880010 148
1880020 148
1880030 148
1880040 148
1880050 148
1880060 148
1880070 148
1880080 148
1880090 148
1880100 148
1880110 148
1880120 148
1880130 148
1880140 148
1880150 148
1880160 148
1880170 148
1880180 148
1880190 149
1880200 149
1880210 149
1880220 147
1880230 146
1880240 146
1880250 146
1880260 146
1880270 146
1880280 146
1880290 146
1880300 146
1880310 146
1880320 146
1880330 146
1880340 146
1880350 146
1880360 146
1880370 147
1880380 147
1880390 147
1880400 146
1880410 147
1880420 147
1880430 145
1880440 145
1880450 145
1880460 145
1880470 145
1880480 145
1880490 145
1880500 145
1880510 145
1880520 145
1880530 145
1880540 146
1880550 147
1880560 147
1880570 147
1880580 147
1880590 147
1880600 147
1880610 147
1880620 147
1880630 147
1880640 147
1880650 147
1880660 147
1880670 147
1880680 147
1882500 147
1882510 147
1882520 147
1882530 147
1882540 147
1882550 147
1882560 147
1882570 147
1882580 147
1882590 147
1882600 147
1882610 147
1882620 147
1882630 147
1882640 147
1882650 147
1882660 147
1882670 147
1882680 147
1882690 147
1882700 147
1882710 147
1882720 147
1882730 147
1882740 147
1882750 147
1882760 147
1882770 147
1882780 148
1882790 148
1882800 148
1882810 148
1882820 148
1882830 148
1882840 147
1882850 147
1882860 147
1882870 147
1882880 147
1882890 147
1880000 148
1880010 148
1880020 148
1880030 148
1880040 148
1880050 148
1880060 148
1880070 148
1880080 148
1880090 148
1880100 148
1880110 148
1880120 148
1880130 148
1880140 148
1880150 148
1880160 148
1880170 148
1880180 148
1880190 149
1880200 149
1880210 149
1880220 147
1880230 146
1880240 146
1880250 146
1880260 146
1880270 146
1880280 146
1880290 146
1880300 146
1880310 146
1880320 146
1880330 146
1880340 146
1880350 146
1880360 146
1880370 147
1880380 147
1880390 147
1880400 146
1880410 147
1880420 147
1880430 145
1880440 145
1880450 145
1880460 145
1880470 145
1880480 145
1880490 145
1880500 145
1880510 145
1880520 145
1880530 145
1880540 146
1880550 147
1880560 147
1880570 147
1880580 147
1880590 147
1880600 147
1880610 147
1880620 147
1880630 147
1880640 147
1880650 147
1880660 147
1880670 147
1880680 147
1882500 147
1882510 147
1882520 147
1882530 147
1882540 147
1882550 147
1882560 147
1882570 147
1882580 147
1882590 147
1882600 147
1882610 147
1882620 147
1882630 147
1882640 147
1882650 147
1882660 147
1882670 147
1882680 147
1882690 147
1882700 147
1882710 147
1882720 147
1882730 147
1882740 147
1882750 147
1882760 147
1882770 147
1882780 148
1882790 148
1882800 148
1882810 148
1882820 148
1882830 148
1882840 147
1882850 147
1882860 147
1882870 147
1882880 147
1882890 147
