1880000 148
1880010 148
1880020 148
1880030 148
1880040 148
1880050 148
1880060 148
1880070 148
1880080 148
1880090 149
1880100 149
1880110 150
1880120 148
1880130 148
1880140 147
1880150 147
1880160 146
1880170 146
1880180 146
1880190 146
1880200 146
1880210 146
1880220 146
1880230 146
1880240 146
1880250 146
1880260 146
1880270 146
1880280 146
1880290 147
1880300 147
1880310 147
1880320 146
1880330 146
1880340 145
1880350 145
1880360 145
1880370 145
1880380 145
1880390 145
1880400 145
1880410 146
1880420 146
1880430 146
1880440 146
1880450 146
1880460 147
1880470 147
1880480 147
1880490 147
1880500 147
1880510 147
1880520 147
1880530 147
1880540 147
1880550 147
1880560 147
1880570 147
1880580 146
1880590 146
1880600 146
1880000 148
1880010 148
1880020 148
1880030 148
1880040 148
1880050 148
1880060 148
1880070 148
1880080 148
1880090 149
1880100 149
1880110 150
1880120 148
1880130 148
1880140 147
1880150 147
1880160 146
1880170 146
1880180 146
1880190 146
1880200 146
1880210 146
1880220 146
1880230 146
1880240 146
1880250 146
1880260 146
1880270 146
1880280 146
1880290 147
1880300 147
1880310 147
1880320 146
1880330 146
1880340 145
1880350 145
1880360 145
1880370 145
1880380 145
1880390 145
1880400 145
1880410 146
1880420 146
1880430 146
1880440 146
1880450 146
1880460 147
1880470 147
1880480 147
1880490 147
1880500 147
1880510 147
1880520 147
1880530 147
1880540 147
1880550 147
1880560 147
1880570 147
1880580 146
1880590 146
1880600 146
