1880000 150
1880010 150
1880020 150
1880030 151
1880040 151
1880050 151
1880060 151
1880070 151
1880080 152
1880090 152
1880100 152
1880110 152
1880120 152
1880130 152
1880140 152
1880150 152
1880160 152
1880170 152
1880180 152
1880190 152
1880200 152
1880210 152
1880220 152
1880230 151
1880240 151
1880250 151
1880260 151
1880270 151
1880280 151
1880290 151
1880300 150
1880310 150
1880320 150
1880330 150
1880340 150
1880350 149
1880360 149
1880370 149
1880380 149
1880390 148
1880400 148
1880410 148
1880420 148
1880430 148
1880440 148
1880450 148
1880460 148
1880470 148
1880480 148
1880490 148
1880500 148
1880510 148
1880520 148
1880530 148
1880540 148
1880550 148
1880560 148
1880570 148
1880580 148
1880590 148
1880600 148
1880610 148
1880620 148
1880630 148
1880640 148
1880650 148
1880660 148
1880670 148
1880680 148
1880690 148
1880700 148
1880710 148
1880720 148
1880730 148
1880740 147
1880750 147
1880760 147
1880770 147
1880780 147
1880790 147
1880800 148
1880810 148
1880820 148
1880830 148
1880840 148
1880850 148
1880860 148
1880870 148
1880880 148
1880890 148
1880900 148
1880910 148
1880920 148
1880930 148
1880940 147
1880950 147
1880960 147
1880970 147
1880980 147
1880990 147
1881000 147
1881010 147
1881020 147
1881030 147
1881040 147
1881050 147
1881060 147
1881070 147
1881080 147
1881090 147
1881100 147
1881110 147
1881120 147
1881130 147
1881140 147
1881150 147
1881160 147
1881170 147
1881180 147
1881190 147
1881200 147
1881210 147
1881220 147
1881230 147
1881240 147
1881250 147
1881260 147
1881270 147
1881280 148
1881290 148
1881300 148
1881310 148
1881320 148
1881330 148
1881340 148
1881350 148
1881360 148
1881370 148
1881380 148
1881390 148
1881400 149
1881410 149
1881420 149
1881430 149
1881440 150
1881450 150
1881460 150
1881470 150
1881480 150
1881490 150
1881500 150
1881510 150
1881520 150
1881530 149
1881540 149
1881550 149
1881560 150
1881570 150
1881580 150
1881590 150
1881600 150
1881610 150
1881620 150
1881630 150
1881640 150
1881650 150
1881660 150
1881670 150
1881680 150
1881690 150
1881700 150
1881710 150
1881720 150
1881730 150
1881740 150
1881750 150
1881760 150
1881770 150
1881780 150
1881790 150
1881800 150
1881810 150
1881820 150
1881830 150
1881840 150
1881850 150
1881860 149
1881870 148
1881880 150
1881890 150
1881900 149
1881910 149
1881920 148
1881930 148
1881940 148
1881950 147
1881960 147
1881970 147
1881980 147
1881990 147
1882000 147
1882010 147
1882020 147
1882030 147
1882040 147
1882050 147
1882060 147
1882070 147
1882080 147
1882090 147
1882100 146
1882110 147
1882120 147
1882130 147
1882140 147
1882150 147
1882160 147
1882170 147
1882180 147
1882190 147
1882200 147
1882210 147
1882220 147
1882230 147
1882240 147
1882250 147
1882260 148
1882270 148
1882280 148
1882290 147
1882300 147
1882310 147
1882320 147
1882330 147
1882340 147
1882350 147
1882360 146
1882370 147
1882380 147
1882390 147
1882400 147
1882410 147
1882420 147
1882430 147
1882440 147
1882450 147
1882460 146
1882470 146
1882480 147
1882490 147
1882500 147
1882510 148
1882520 148
1882530 148
1882540 148
1882550 148
1882560 148
1882570 147
1882580 148
1882590 148
1882600 148
1882610 148
1882620 148
1882630 148
1882640 148
1882650 148
1882660 148
1882670 148
1882680 148
1882690 148
1882700 148
1882710 148
1882720 148
1882730 148
1882740 148
1882750 147
1882760 147
1882770 147
1882780 147
1882790 147
1882800 147
1882810 147
1882820 147
1882830 147
1882840 147
1882850 147
1882860 148
1882870 147
1882880 147
1882890 147
1882900 147
1882910 147
1882920 147
1882930 147
1882940 146
1882950 146
1882960 146
1882970 146
1882980 146
1882990 146
1883000 146
1883010 146
1883020 146
1883030 146
1883040 146
1883050 146
1883060 146
1883070 146
1883080 147
1883090 147
1883100 147
1883110 147
1883120 147
1883130 147
1883140 147
1883150 147
1883160 147
1883170 147
1880000 150
1880010 150
1880020 150
1880030 151
1880040 151
1880050 151
1880060 151
1880070 151
1880080 152
1880090 152
1880100 152
1880110 152
1880120 152
1880130 152
1880140 152
1880150 152
1880160 152
1880170 152
1880180 152
1880190 152
1880200 152
1880210 152
1880220 152
1880230 151
1880240 151
1880250 151
1880260 151
1880270 151
1880280 151
1880290 151
1880300 150
1880310 150
1880320 150
1880330 150
1880340 150
1880350 149
1880360 149
1880370 149
1880380 149
1880390 148
1880400 148
1880410 148
1880420 148
1880430 148
1880440 148
1880450 148
1880460 148
1880470 148
1880480 148
1880490 148
1880500 148
1880510 148
1880520 148
1880530 148
1880540 148
1880550 148
1880560 148
1880570 148
1880580 148
1880590 148
1880600 148
1880610 148
1880620 148
1880630 148
1880640 148
1880650 148
1880660 148
1880670 148
1880680 148
1880690 148
1880700 148
1880710 148
1880720 148
1880730 148
1880740 147
1880750 147
1880760 147
1880770 147
1880780 147
1880790 147
1880800 148
1880810 148
1880820 148
1880830 148
1880840 148
1880850 148
1880860 148
1880870 148
1880880 148
1880890 148
1880900 148
1880910 148
1880920 148
1880930 148
1880940 147
1880950 147
1880960 147
1880970 147
1880980 147
1880990 147
1881000 147
1881010 147
1881020 147
1881030 147
1881040 147
1881050 147
1881060 147
1881070 147
1881080 147
1881090 147
1881100 147
1881110 147
1881120 147
1881130 147
1881140 147
1881150 147
1881160 147
1881170 147
1881180 147
1881190 147
1881200 147
1881210 147
1881220 147
1881230 147
1881240 147
1881250 147
1881260 147
1881270 147
1881280 148
1881290 148
1881300 148
1881310 148
1881320 148
1881330 148
1881340 148
1881350 148
1881360 148
1881370 148
1881380 148
1881390 148
1881400 149
1881410 149
1881420 149
1881430 149
1881440 150
1881450 150
1881460 150
1881470 150
1881480 150
1881490 150
1881500 150
1881510 150
1881520 150
1881530 149
1881540 149
1881550 149
1881560 150
1881570 150
1881580 150
1881590 150
1881600 150
1881610 150
1881620 150
1881630 150
1881640 150
1881650 150
1881660 150
1881670 150
1881680 150
1881690 150
1881700 150
1881710 150
1881720 150
1881730 150
1881740 150
1881750 150
1881760 150
1881770 150
1881780 150
1881790 150
1881800 150
1881810 150
1881820 150
1881830 150
1881840 150
1881850 150
1881860 149
1881870 148
1881880 150
1881890 150
1881900 149
1881910 149
1881920 148
1881930 148
1881940 148
1881950 147
1881960 147
1881970 147
1881980 147
1881990 147
1882000 147
1882010 147
1882020 147
1882030 147
1882040 147
1882050 147
1882060 147
1882070 147
1882080 147
1882090 147
1882100 146
1882110 147
1882120 147
1882130 147
1882140 147
1882150 147
1882160 147
1882170 147
1882180 147
1882190 147
1882200 147
1882210 147
1882220 147
1882230 147
1882240 147
1882250 147
1882260 148
1882270 148
1882280 148
1882290 147
1882300 147
1882310 147
1882320 147
1882330 147
1882340 147
1882350 147
1882360 146
1882370 147
1882380 147
1882390 147
1882400 147
1882410 147
1882420 147
1882430 147
1882440 147
1882450 147
1882460 146
1882470 146
1882480 147
1882490 147
1882500 147
1882510 148
1882520 148
1882530 148
1882540 148
1882550 148
1882560 148
1882570 147
1882580 148
1882590 148
1882600 148
1882610 148
1882620 148
1882630 148
1882640 148
1882650 148
1882660 148
1882670 148
1882680 148
1882690 148
1882700 148
1882710 148
1882720 148
1882730 148
1882740 148
1882750 147
1882760 147
1882770 147
1882780 147
1882790 147
1882800 147
1882810 147
1882820 147
1882830 147
1882840 147
1882850 147
1882860 148
1882870 147
1882880 147
1882890 147
1882900 147
1882910 147
1882920 147
1882930 147
1882940 146
1882950 146
1882960 146
1882970 146
1882980 146
1882990 146
1883000 146
1883010 146
1883020 146
1883030 146
1883040 146
1883050 146
1883060 146
1883070 146
1883080 147
1883090 147
1883100 147
1883110 147
1883120 147
1883130 147
1883140 147
1883150 147
1883160 147
1883170 147
