1880000 149
1880010 149
1880020 149
1880030 149
1880040 149
1880050 149
1880060 149
1880070 150
1880080 150
1880090 150
1880100 150
1880110 151
1880120 151
1880130 151
1880140 151
1880150 151
1880160 152
1880170 152
1880180 152
1880190 152
1880200 152
1880210 152
1880220 152
1880230 152
1880240 152
1880250 151
1880260 151
1880270 151
1880280 151
1880290 150
1880300 150
1880310 150
1880320 150
1880330 150
1880340 150
1880350 150
1880360 150
1880370 149
1880380 149
1880390 149
1880400 149
1880410 149
1880420 149
1880430 149
1880440 149
1880450 149
1880460 149
1880470 148
1880480 148
1880490 148
1880500 148
1880510 148
1880520 148
1880530 148
1880540 148
1880550 148
1880560 148
1880570 148
1880580 148
1880590 148
1880600 148
1880610 148
1880620 148
1880630 148
1880640 148
1880650 148
1880660 148
1880670 148
1880680 148
1880690 148
1880700 148
1880710 148
1880720 148
1880730 148
1880740 148
1880750 148
1880760 148
1880770 148
1880780 148
1880790 148
1880800 148
1880810 148
1880820 148
1880830 148
1880840 148
1880850 148
1880860 148
1880870 148
1880880 148
1880890 148
1880900 148
1880910 148
1880920 148
1880930 148
1880940 148
1880950 148
1880960 148
1880970 148
1880980 148
1880990 148
1881000 148
1881010 148
1881020 148
1881030 148
1881040 148
1881050 148
1881060 148
1881070 148
1881080 148
1881090 148
1881100 148
1881110 148
1881120 148
1881130 148
1881140 148
1881150 148
1881160 148
1881170 147
1881180 147
1881190 147
1881200 147
1881210 147
1881220 147
1881230 147
1881240 147
1881250 147
1881260 147
1881270 148
1881280 148
1881290 148
1881300 148
1881310 148
1881320 148
1881330 148
1881340 148
1881350 148
1881360 148
1881370 148
1881380 148
1881390 148
1881400 148
1881410 148
1881420 148
1881430 148
1881440 148
1881450 148
1881460 148
1881470 148
1881480 148
1881490 148
1881500 148
1881510 148
1881520 148
1881530 148
1881540 148
1881550 148
1881560 148
1881570 148
1881580 148
1881590 148
1881600 148
1881610 148
1881620 148
1881630 148
1881640 147
1881650 147
1881660 147
1881670 147
1881680 147
1881690 147
1881700 147
1881710 147
1881720 147
1881730 147
1881740 147
1881750 147
1881760 147
1881770 147
1881780 147
1881790 146
1881800 146
1881810 146
1881820 146
1881830 146
1881840 146
1881850 146
1881860 147
1881870 147
1881880 147
1881890 147
1881900 147
1881910 147
1881920 147
1881930 147
1881940 147
1881950 147
1881960 147
1881970 147
1881980 147
1881990 147
1882000 148
1882010 149
1882020 149
1882030 150
1882040 148
1882050 148
1882060 147
1882070 147
1882080 147
1882090 147
1882100 146
1882110 146
1882120 147
1882130 147
1882140 147
1882150 147
1882160 147
1882170 147
1882180 147
1882190 147
1882200 147
1882210 147
1882220 147
1882230 147
1882240 147
1882250 147
1882260 147
1882270 147
1882280 146
1882290 146
1882300 147
1882310 147
1882320 147
1882330 147
1882340 147
1882350 147
1882360 146
1882370 146
1882380 146
1882390 146
1882400 147
1882410 147
1882420 147
1882430 147
1882440 147
1882450 146
1882460 146
1882470 146
1882480 147
1882490 148
1882500 148
1882510 149
1882520 149
1882530 149
1882540 149
1882550 149
1882560 149
1882570 149
1882580 149
1882590 149
1882600 149
1882610 149
1882620 148
1882630 148
1882640 148
1882650 148
1882660 148
1882670 148
1882680 148
1882690 148
1882700 148
1882710 148
1882720 148
1882730 148
1882740 148
1882750 147
1882760 147
1882770 147
1882780 147
1882790 147
1882800 148
1882810 148
1882820 148
1882830 148
1882840 148
1882850 148
1882860 148
1882870 146
1882880 146
1882890 146
1882900 146
1882910 146
1882920 146
1882930 146
1882940 146
1882950 146
1882960 146
1882970 146
1882980 146
1882990 147
1883000 147
1883010 147
1883020 147
1883030 147
1883040 147
1883050 147
1883060 147
1883070 147
1883080 147
1883090 147
1883100 147
1883110 147
1883120 147
1883130 147
1880000 149
1880010 149
1880020 149
1880030 149
1880040 149
1880050 149
1880060 149
1880070 150
1880080 150
1880090 150
1880100 150
1880110 151
1880120 151
1880130 151
1880140 151
1880150 151
1880160 152
1880170 152
1880180 152
1880190 152
1880200 152
1880210 152
1880220 152
1880230 152
1880240 152
1880250 151
1880260 151
1880270 151
1880280 151
1880290 150
1880300 150
1880310 150
1880320 150
1880330 150
1880340 150
1880350 150
1880360 150
1880370 149
1880380 149
1880390 149
1880400 149
1880410 149
1880420 149
1880430 149
1880440 149
1880450 149
1880460 149
1880470 148
1880480 148
1880490 148
1880500 148
1880510 148
1880520 148
1880530 148
1880540 148
1880550 148
1880560 148
1880570 148
1880580 148
1880590 148
1880600 148
1880610 148
1880620 148
1880630 148
1880640 148
1880650 148
1880660 148
1880670 148
1880680 148
1880690 148
1880700 148
1880710 148
1880720 148
1880730 148
1880740 148
1880750 148
1880760 148
1880770 148
1880780 148
1880790 148
1880800 148
1880810 148
1880820 148
1880830 148
1880840 148
1880850 148
1880860 148
1880870 148
1880880 148
1880890 148
1880900 148
1880910 148
1880920 148
1880930 148
1880940 148
1880950 148
1880960 148
1880970 148
1880980 148
1880990 148
1881000 148
1881010 148
1881020 148
1881030 148
1881040 148
1881050 148
1881060 148
1881070 148
1881080 148
1881090 148
1881100 148
1881110 148
1881120 148
1881130 148
1881140 148
1881150 148
1881160 148
1881170 147
1881180 147
1881190 147
1881200 147
1881210 147
1881220 147
1881230 147
1881240 147
1881250 147
1881260 147
1881270 148
1881280 148
1881290 148
1881300 148
1881310 148
1881320 148
1881330 148
1881340 148
1881350 148
1881360 148
1881370 148
1881380 148
1881390 148
1881400 148
1881410 148
1881420 148
1881430 148
1881440 148
1881450 148
1881460 148
1881470 148
1881480 148
1881490 148
1881500 148
1881510 148
1881520 148
1881530 148
1881540 148
1881550 148
1881560 148
1881570 148
1881580 148
1881590 148
1881600 148
1881610 148
1881620 148
1881630 148
1881640 147
1881650 147
1881660 147
1881670 147
1881680 147
1881690 147
1881700 147
1881710 147
1881720 147
1881730 147
1881740 147
1881750 147
1881760 147
1881770 147
1881780 147
1881790 146
1881800 146
1881810 146
1881820 146
1881830 146
1881840 146
1881850 146
1881860 147
1881870 147
1881880 147
1881890 147
1881900 147
1881910 147
1881920 147
1881930 147
1881940 147
1881950 147
1881960 147
1881970 147
1881980 147
1881990 147
1882000 148
1882010 149
1882020 149
1882030 150
1882040 148
1882050 148
1882060 147
1882070 147
1882080 147
1882090 147
1882100 146
1882110 146
1882120 147
1882130 147
1882140 147
1882150 147
1882160 147
1882170 147
1882180 147
1882190 147
1882200 147
1882210 147
1882220 147
1882230 147
1882240 147
1882250 147
1882260 147
1882270 147
1882280 146
1882290 146
1882300 147
1882310 147
1882320 147
1882330 147
1882340 147
1882350 147
1882360 146
1882370 146
1882380 146
1882390 146
1882400 147
1882410 147
1882420 147
1882430 147
1882440 147
1882450 146
1882460 146
1882470 146
1882480 147
1882490 148
1882500 148
1882510 149
1882520 149
1882530 149
1882540 149
1882550 149
1882560 149
1882570 149
1882580 149
1882590 149
1882600 149
1882610 149
1882620 148
1882630 148
1882640 148
1882650 148
1882660 148
1882670 148
1882680 148
1882690 148
1882700 148
1882710 148
1882720 148
1882730 148
1882740 148
1882750 147
1882760 147
1882770 147
1882780 147
1882790 147
1882800 148
1882810 148
1882820 148
1882830 148
1882840 148
1882850 148
1882860 148
1882870 146
1882880 146
1882890 146
1882900 146
1882910 146
1882920 146
1882930 146
1882940 146
1882950 146
1882960 146
1882970 146
1882980 146
1882990 147
1883000 147
1883010 147
1883020 147
1883030 147
1883040 147
1883050 147
1883060 147
1883070 147
1883080 147
1883090 147
1883100 147
1883110 147
1883120 147
1883130 147
