1880000 150
1880010 150
1880020 150
1880030 150
1880040 150
1880050 150
1880060 150
1880070 150
1880080 150
1880090 150
1880100 150
1880110 150
1880120 150
1880130 150
1880140 150
1880150 150
1880160 150
1880170 150
1880180 149
1880190 149
1880200 149
1880210 149
1880220 149
1880230 149
1880240 149
1880250 149
1880260 149
1880270 149
1880280 149
1880290 149
1880300 149
1880310 149
1880320 149
1880330 149
1880340 149
1880350 149
1880360 149
1880370 149
1880380 149
1880390 149
1880400 148
1880410 148
1880420 148
1880430 148
1880440 148
1880450 148
1880460 148
1880470 148
1880480 148
1880490 148
1880500 148
1880510 148
1880520 148
1880530 148
1880540 148
1880550 148
1880560 148
1880570 148
1880580 148
1880590 148
1880600 147
1880610 147
1880620 147
1880630 147
1880640 147
1880650 147
1880660 147
1880670 147
1880680 147
1880690 148
1880700 148
1880710 148
1880720 148
1880730 148
1880740 148
1880750 148
1880760 148
1880770 148
1880780 148
1880790 147
1880800 147
1880810 147
1880820 147
1880830 147
1880840 147
1880850 147
1880860 147
1880870 147
1880880 147
1880890 147
1880900 147
1880910 148
1880920 148
1880930 148
1880940 150
1880950 150
1880960 150
1880970 148
1880980 148
1880990 147
1881000 147
1881010 147
1881020 147
1881030 147
1881040 147
1881050 147
1881060 147
1881070 147
1881080 147
1881090 147
1881100 147
1881110 146
1881120 146
1881130 146
1881140 146
1881150 146
1881160 146
1881170 146
1881180 146
1881190 146
1881200 146
1881210 146
1881220 145
1881230 145
1881240 145
1881250 145
1881260 146
1881270 146
1881280 146
1881290 146
1881300 146
1881310 145
1881320 146
1881330 146
1881340 146
1881350 146
1881360 146
1881370 146
1881380 146
1881390 146
1881400 146
1881410 146
1881420 146
1881430 146
1881440 146
1881450 146
1881460 146
1881470 147
1881480 147
1881490 147
1881500 147
1881510 147
1881520 146
1881530 146
1881540 146
1881550 147
1881560 147
1881570 147
1881580 147
1881590 147
1881600 147
1881610 147
1881620 147
1881630 147
1881640 146
1881650 146
1881660 146
1881670 146
1881680 146
1881690 146
1881700 146
1881710 146
1881720 146
1881730 146
1881740 146
1881750 146
1881760 146
1881770 147
1881780 147
1881790 147
1881800 147
1881810 147
1881820 147
1881830 147
1881840 147
1881850 147
1881860 147
1881870 147
1881880 147
1881890 147
1881900 147
1881910 147
1881920 147
1881930 147
1881940 147
1881950 147
1881960 147
1881970 147
1881980 147
1881990 147
1882000 147
1882010 147
1882020 146
1882030 146
1882040 146
1882050 146
1882060 146
1882070 146
1882080 146
1882090 146
1882100 146
1882110 146
1882120 146
1882130 146
1882140 146
1882150 146
1882160 146
1882170 147
1882180 147
1882190 147
1882200 146
1882210 146
1882220 146
1882230 146
1882240 146
1882250 146
1882260 146
1882270 146
1882280 146
1882290 146
1882300 146
1882310 146
1882320 146
1882330 146
1882340 146
1882350 146
1882360 146
1882370 146
1882380 146
1882390 146
1882400 146
1882410 146
1882420 146
1882430 146
1882440 146
1882450 146
1882460 146
1882470 146
1882480 146
1882490 146
1882500 146
1882510 147
1882520 147
1882530 147
1882540 147
1882550 147
1882560 147
1882570 147
1882580 147
1882590 147
1882600 147
1882610 147
1882620 147
1882630 147
1882640 147
1882650 147
1882660 147
1882670 147
1882680 147
1882690 147
1882700 147
1882710 147
1882720 147
1882730 147
1882740 147
1882750 147
1882760 147
1882770 147
1882780 147
1882790 147
1882800 147
1882810 147
1882820 147
1882830 147
1882840 147
1882850 147
1882860 147
1882870 147
1882880 147
1882890 147
1882900 147
1882910 147
1882920 147
1882930 147
1882940 147
1882950 147
1882960 147
1882970 147
1882980 147
1882990 147
1883000 147
1883010 147
1883020 147
1883030 147
1883040 148
1883050 148
1883060 148
1883070 148
1883080 148
1883090 147
1883100 146
1883110 146
1883120 146
1883130 146
1883140 146
1883150 146
1883160 146
1883170 146
1883180 146
1883190 146
1883200 146
1883210 146
1883220 147
1883230 147
1880000 150
1880010 150
1880020 150
1880030 150
1880040 150
1880050 150
1880060 150
1880070 150
1880080 150
1880090 150
1880100 150
1880110 150
1880120 150
1880130 150
1880140 150
1880150 150
1880160 150
1880170 150
1880180 149
1880190 149
1880200 149
1880210 149
1880220 149
1880230 149
1880240 149
1880250 149
1880260 149
1880270 149
1880280 149
1880290 149
1880300 149
1880310 149
1880320 149
1880330 149
1880340 149
1880350 149
1880360 149
1880370 149
1880380 149
1880390 149
1880400 148
1880410 148
1880420 148
1880430 148
1880440 148
1880450 148
1880460 148
1880470 148
1880480 148
1880490 148
1880500 148
1880510 148
1880520 148
1880530 148
1880540 148
1880550 148
1880560 148
1880570 148
1880580 148
1880590 148
1880600 147
1880610 147
1880620 147
1880630 147
1880640 147
1880650 147
1880660 147
1880670 147
1880680 147
1880690 148
1880700 148
1880710 148
1880720 148
1880730 148
1880740 148
1880750 148
1880760 148
1880770 148
1880780 148
1880790 147
1880800 147
1880810 147
1880820 147
1880830 147
1880840 147
1880850 147
1880860 147
1880870 147
1880880 147
1880890 147
1880900 147
1880910 148
1880920 148
1880930 148
1880940 150
1880950 150
1880960 150
1880970 148
1880980 148
1880990 147
1881000 147
1881010 147
1881020 147
1881030 147
1881040 147
1881050 147
1881060 147
1881070 147
1881080 147
1881090 147
1881100 147
1881110 146
1881120 146
1881130 146
1881140 146
1881150 146
1881160 146
1881170 146
1881180 146
1881190 146
1881200 146
1881210 146
1881220 145
1881230 145
1881240 145
1881250 145
1881260 146
1881270 146
1881280 146
1881290 146
1881300 146
1881310 145
1881320 146
1881330 146
1881340 146
1881350 146
1881360 146
1881370 146
1881380 146
1881390 146
1881400 146
1881410 146
1881420 146
1881430 146
1881440 146
1881450 146
1881460 146
1881470 147
1881480 147
1881490 147
1881500 147
1881510 147
1881520 146
1881530 146
1881540 146
1881550 147
1881560 147
1881570 147
1881580 147
1881590 147
1881600 147
1881610 147
1881620 147
1881630 147
1881640 146
1881650 146
1881660 146
1881670 146
1881680 146
1881690 146
1881700 146
1881710 146
1881720 146
1881730 146
1881740 146
1881750 146
1881760 146
1881770 147
1881780 147
1881790 147
1881800 147
1881810 147
1881820 147
1881830 147
1881840 147
1881850 147
1881860 147
1881870 147
1881880 147
1881890 147
1881900 147
1881910 147
1881920 147
1881930 147
1881940 147
1881950 147
1881960 147
1881970 147
1881980 147
1881990 147
1882000 147
1882010 147
1882020 146
1882030 146
1882040 146
1882050 146
1882060 146
1882070 146
1882080 146
1882090 146
1882100 146
1882110 146
1882120 146
1882130 146
1882140 146
1882150 146
1882160 146
1882170 147
1882180 147
1882190 147
1882200 146
1882210 146
1882220 146
1882230 146
1882240 146
1882250 146
1882260 146
1882270 146
1882280 146
1882290 146
1882300 146
1882310 146
1882320 146
1882330 146
1882340 146
1882350 146
1882360 146
1882370 146
1882380 146
1882390 146
1882400 146
1882410 146
1882420 146
1882430 146
1882440 146
1882450 146
1882460 146
1882470 146
1882480 146
1882490 146
1882500 146
1882510 147
1882520 147
1882530 147
1882540 147
1882550 147
1882560 147
1882570 147
1882580 147
1882590 147
1882600 147
1882610 147
1882620 147
1882630 147
1882640 147
1882650 147
1882660 147
1882670 147
1882680 147
1882690 147
1882700 147
1882710 147
1882720 147
1882730 147
1882740 147
1882750 147
1882760 147
1882770 147
1882780 147
1882790 147
1882800 147
1882810 147
1882820 147
1882830 147
1882840 147
1882850 147
1882860 147
1882870 147
1882880 147
1882890 147
1882900 147
1882910 147
1882920 147
1882930 147
1882940 147
1882950 147
1882960 147
1882970 147
1882980 147
1882990 147
1883000 147
1883010 147
1883020 147
1883030 147
1883040 148
1883050 148
1883060 148
1883070 148
1883080 148
1883090 147
1883100 146
1883110 146
1883120 146
1883130 146
1883140 146
1883150 146
1883160 146
1883170 146
1883180 146
1883190 146
1883200 146
1883210 146
1883220 147
1883230 147
