1880000 150
1880010 150
1880020 150
1880030 150
1880040 150
1880050 150
1880060 150
1880070 150
1880080 150
1880090 150
1880100 150
1880110 151
1880120 151
1880130 151
1880140 151
1880150 151
1880160 151
1880170 151
1880180 151
1880190 151
1880200 151
1880210 151
1880220 151
1880230 151
1880240 152
1880250 152
1880260 151
1880270 151
1880280 151
1880290 151
1880300 151
1880310 151
1880320 151
1880330 151
1880340 151
1880350 150
1880360 150
1880370 150
1880380 150
1880390 150
1880400 150
1880410 150
1880420 150
1880430 150
1880440 150
1880450 150
1880460 150
1880470 149
1880480 149
1880490 149
1880500 149
1880510 149
1880520 149
1880530 149
1880540 149
1880550 149
1880560 149
1880570 149
1880580 149
1880590 149
1880600 149
1880610 149
1880620 149
1880630 149
1880640 149
1880650 149
1880660 149
1880670 149
1880680 149
1880690 149
1880700 149
1880710 149
1880720 149
1880730 149
1880740 149
1880750 149
1880760 149
1880770 149
1880780 149
1880790 149
1880800 149
1880810 149
1880820 149
1880830 149
1880840 149
1880850 149
1880860 149
1880870 149
1880880 149
1880890 149
1880900 149
1880910 149
1880920 149
1880930 149
1880940 150
1880950 150
1880960 150
1880970 150
1880980 150
1880990 150
1881000 150
1881010 150
1881020 150
1881030 150
1881040 150
1881050 150
1881060 150
1881070 150
1881080 150
1881090 150
1881100 150
1881110 150
1881120 150
1881130 150
1881140 151
1881150 150
1881160 150
1881170 150
1881180 150
1881190 150
1881200 150
1881210 150
1881220 150
1881230 150
1881240 150
1881250 150
1881260 150
1881270 150
1881280 150
1881290 150
1881300 150
1881310 150
1881320 150
1881330 149
1881340 149
1881350 149
1881360 149
1881370 149
1881380 149
1881390 149
1881400 149
1881410 149
1881420 149
1881430 149
1881440 149
1881450 149
1881460 149
1881470 149
1881480 148
1881490 148
1881500 148
1881510 148
1881520 148
1881530 148
1881540 148
1881550 148
1881560 148
1881570 148
1881580 148
1881590 148
1881600 148
1881610 148
1881620 148
1881630 148
1881640 148
1881650 148
1881660 148
1881670 148
1881680 148
1881690 148
1881700 148
1881710 148
1881720 148
1881730 148
1881740 148
1881750 148
1881760 148
1881770 148
1881780 149
1881790 149
1881800 149
1881810 149
1881820 149
1881830 149
1881840 149
1881850 149
1881860 149
1881870 149
1881880 149
1881890 149
1881900 149
1881910 149
1881920 149
1881930 149
1881940 149
1881950 148
1881960 148
1881970 148
1881980 148
1881990 148
1882000 148
1882010 148
1882020 148
1882030 148
1882040 148
1882050 148
1882060 148
1882070 148
1882080 148
1882090 148
1882100 148
1882110 148
1882120 148
1882130 148
1882140 148
1882150 148
1882160 148
1882170 149
1882180 149
1882190 149
1882200 149
1882210 149
1882220 150
1882230 150
1882240 150
1882250 150
1882260 149
1882270 149
1882280 148
1882290 147
1882300 147
1882310 147
1882320 147
1882330 147
1882340 147
1882350 147
1882360 147
1882370 147
1882380 147
1882390 147
1882400 147
1882410 147
1882420 147
1882430 147
1882440 147
1882450 147
1882460 147
1882470 147
1882480 147
1882490 147
1882500 147
1882510 147
1882520 147
1882530 147
1882540 147
1882550 147
1882560 147
1882570 147
1882580 147
1882590 147
1882600 147
1882610 147
1882620 147
1882630 147
1882640 147
1882650 147
1882660 147
1882670 147
1882680 147
1882690 147
1882700 147
1882710 147
1882720 148
1882730 146
1882740 146
1882750 146
1882760 146
1882770 146
1882780 146
1882790 146
1882800 146
1882810 146
1882820 147
1882830 147
1882840 148
1882850 148
1882860 148
1882870 148
1882880 147
1882890 147
1882900 147
1880000 150
1880010 150
1880020 150
1880030 150
1880040 150
1880050 150
1880060 150
1880070 150
1880080 150
1880090 150
1880100 150
1880110 151
1880120 151
1880130 151
1880140 151
1880150 151
1880160 151
1880170 151
1880180 151
1880190 151
1880200 151
1880210 151
1880220 151
1880230 151
1880240 152
1880250 152
1880260 151
1880270 151
1880280 151
1880290 151
1880300 151
1880310 151
1880320 151
1880330 151
1880340 151
1880350 150
1880360 150
1880370 150
1880380 150
1880390 150
1880400 150
1880410 150
1880420 150
1880430 150
1880440 150
1880450 150
1880460 150
1880470 149
1880480 149
1880490 149
1880500 149
1880510 149
1880520 149
1880530 149
1880540 149
1880550 149
1880560 149
1880570 149
1880580 149
1880590 149
1880600 149
1880610 149
1880620 149
1880630 149
1880640 149
1880650 149
1880660 149
1880670 149
1880680 149
1880690 149
1880700 149
1880710 149
1880720 149
1880730 149
1880740 149
1880750 149
1880760 149
1880770 149
1880780 149
1880790 149
1880800 149
1880810 149
1880820 149
1880830 149
1880840 149
1880850 149
1880860 149
1880870 149
1880880 149
1880890 149
1880900 149
1880910 149
1880920 149
1880930 149
1880940 150
1880950 150
1880960 150
1880970 150
1880980 150
1880990 150
1881000 150
1881010 150
1881020 150
1881030 150
1881040 150
1881050 150
1881060 150
1881070 150
1881080 150
1881090 150
1881100 150
1881110 150
1881120 150
1881130 150
1881140 151
1881150 150
1881160 150
1881170 150
1881180 150
1881190 150
1881200 150
1881210 150
1881220 150
1881230 150
1881240 150
1881250 150
1881260 150
1881270 150
1881280 150
1881290 150
1881300 150
1881310 150
1881320 150
1881330 149
1881340 149
1881350 149
1881360 149
1881370 149
1881380 149
1881390 149
1881400 149
1881410 149
1881420 149
1881430 149
1881440 149
1881450 149
1881460 149
1881470 149
1881480 148
1881490 148
1881500 148
1881510 148
1881520 148
1881530 148
1881540 148
1881550 148
1881560 148
1881570 148
1881580 148
1881590 148
1881600 148
1881610 148
1881620 148
1881630 148
1881640 148
1881650 148
1881660 148
1881670 148
1881680 148
1881690 148
1881700 148
1881710 148
1881720 148
1881730 148
1881740 148
1881750 148
1881760 148
1881770 148
1881780 149
1881790 149
1881800 149
1881810 149
1881820 149
1881830 149
1881840 149
1881850 149
1881860 149
1881870 149
1881880 149
1881890 149
1881900 149
1881910 149
1881920 149
1881930 149
1881940 149
1881950 148
1881960 148
1881970 148
1881980 148
1881990 148
1882000 148
1882010 148
1882020 148
1882030 148
1882040 148
1882050 148
1882060 148
1882070 148
1882080 148
1882090 148
1882100 148
1882110 148
1882120 148
1882130 148
1882140 148
1882150 148
1882160 148
1882170 149
1882180 149
1882190 149
1882200 149
1882210 149
1882220 150
1882230 150
1882240 150
1882250 150
1882260 149
1882270 149
1882280 148
1882290 147
1882300 147
1882310 147
1882320 147
1882330 147
1882340 147
1882350 147
1882360 147
1882370 147
1882380 147
1882390 147
1882400 147
1882410 147
1882420 147
1882430 147
1882440 147
1882450 147
1882460 147
1882470 147
1882480 147
1882490 147
1882500 147
1882510 147
1882520 147
1882530 147
1882540 147
1882550 147
1882560 147
1882570 147
1882580 147
1882590 147
1882600 147
1882610 147
1882620 147
1882630 147
1882640 147
1882650 147
1882660 147
1882670 147
1882680 147
1882690 147
1882700 147
1882710 147
1882720 148
1882730 146
1882740 146
1882750 146
1882760 146
1882770 146
1882780 146
1882790 146
1882800 146
1882810 146
1882820 147
1882830 147
1882840 148
1882850 148
1882860 148
1882870 148
1882880 147
1882890 147
1882900 147
