1880000 152
1880010 152
1880020 152
1880030 152
1880040 152
1880050 151
1880060 151
1880070 151
1880080 151
1880090 151
1880100 151
1880110 150
1880120 150
1880130 150
1880140 150
1880150 150
1880160 150
1880170 150
1880180 150
1880190 150
1880200 149
1880210 149
1880220 149
1880230 149
1880240 149
1880250 149
1880260 149
1880270 149
1880280 149
1880290 149
1880300 149
1880310 149
1880320 149
1880330 149
1880340 149
1880350 149
1880360 149
1880370 149
1880380 148
1880390 148
1880400 148
1880410 148
1880420 148
1880430 148
1880440 148
1880450 148
1880460 148
1880470 148
1880480 148
1880490 148
1880500 148
1880510 148
1880520 148
1880530 148
1880540 148
1880550 148
1880560 148
1880570 148
1880580 148
1880590 148
1880600 148
1880610 148
1880620 149
1880630 149
1880640 149
1880650 149
1880660 149
1880670 149
1880680 149
1880690 149
1880700 149
1880710 149
1880720 149
1880730 149
1880740 149
1880750 149
1880760 149
1880770 149
1880780 149
1880790 149
1880800 149
1880810 149
1880820 149
1880830 149
1880840 149
1880850 149
1880860 149
1880870 149
1880880 149
1880890 149
1880900 149
1880910 149
1880920 149
1880930 149
1880940 150
1880950 150
1880960 150
1880970 150
1880980 150
1880990 150
1881000 150
1881010 150
1881020 150
1881030 150
1881040 150
1881050 150
1881060 150
1881070 150
1881080 150
1881090 150
1881100 150
1881110 150
1881120 150
1881130 150
1881140 149
1881150 149
1881160 149
1881170 149
1881180 149
1881190 149
1881200 148
1881210 148
1881220 148
1881230 148
1881240 148
1881250 148
1881260 147
1881270 147
1881280 147
1881290 147
1881300 147
1881310 147
1881320 147
1881330 147
1881340 147
1881350 147
1881360 147
1881370 147
1881380 147
1881390 147
1881400 147
1881410 147
1881420 147
1881430 147
1881440 147
1881450 147
1881460 147
1881470 147
1881480 147
1881490 147
1881500 147
1881510 147
1881520 147
1881530 147
1881540 147
1881550 147
1881560 148
1881570 148
1881580 148
1881590 148
1881600 148
1881610 148
1881620 149
1881630 149
1881640 149
1881650 150
1881660 150
1881670 150
1881680 150
1881690 150
1881700 150
1881710 150
1881720 150
1881730 149
1881740 149
1881750 149
1881760 149
1881770 149
1881780 149
1881790 149
1881800 149
1881810 149
1881820 148
1881830 148
1881840 148
1881850 148
1881860 148
1881870 148
1881880 148
1881890 148
1881900 148
1881910 148
1881920 148
1881930 148
1881940 148
1881950 148
1881960 148
1881970 148
1881980 148
1881990 148
1882000 148
1882010 148
1882020 148
1882030 148
1882040 148
1882050 148
1882060 148
1882070 148
1882080 148
1882090 148
1882100 148
1882110 148
1882120 148
1882130 148
1882140 148
1882150 148
1882160 148
1882170 148
1882180 148
1882190 148
1882200 148
1882210 148
1882220 149
1882230 149
1882240 149
1882250 149
1882260 149
1882270 149
1882280 149
1882290 149
1882300 149
1882310 149
1882320 149
1882330 149
1882340 149
1882350 149
1882360 149
1882370 149
1882380 149
1882390 149
1882400 149
1882410 149
1882420 149
1882430 148
1882440 148
1882450 148
1882460 148
1882470 148
1882480 149
1882490 150
1882500 150
1882510 149
1882520 148
1882530 148
1882540 147
1882550 147
1882560 147
1882570 147
1882580 147
1882590 147
1882600 147
1882610 147
1882620 147
1882630 147
1882640 147
1882650 147
1882660 147
1882670 147
1882680 147
1882690 147
1882700 147
1882710 146
1882720 146
1882730 146
1882740 146
1882750 146
1882760 146
1882770 146
1882780 147
1882790 147
1882800 148
1882810 148
1882820 148
1882830 148
1882840 147
1882850 147
1882860 147
1882870 148
1882880 148
1882890 147
1880000 152
1880010 152
1880020 152
1880030 152
1880040 152
1880050 151
1880060 151
1880070 151
1880080 151
1880090 151
1880100 151
1880110 150
1880120 150
1880130 150
1880140 150
1880150 150
1880160 150
1880170 150
1880180 150
1880190 150
1880200 149
1880210 149
1880220 149
1880230 149
1880240 149
1880250 149
1880260 149
1880270 149
1880280 149
1880290 149
1880300 149
1880310 149
1880320 149
1880330 149
1880340 149
1880350 149
1880360 149
1880370 149
1880380 148
1880390 148
1880400 148
1880410 148
1880420 148
1880430 148
1880440 148
1880450 148
1880460 148
1880470 148
1880480 148
1880490 148
1880500 148
1880510 148
1880520 148
1880530 148
1880540 148
1880550 148
1880560 148
1880570 148
1880580 148
1880590 148
1880600 148
1880610 148
1880620 149
1880630 149
1880640 149
1880650 149
1880660 149
1880670 149
1880680 149
1880690 149
1880700 149
1880710 149
1880720 149
1880730 149
1880740 149
1880750 149
1880760 149
1880770 149
1880780 149
1880790 149
1880800 149
1880810 149
1880820 149
1880830 149
1880840 149
1880850 149
1880860 149
1880870 149
1880880 149
1880890 149
1880900 149
1880910 149
1880920 149
1880930 149
1880940 150
1880950 150
1880960 150
1880970 150
1880980 150
1880990 150
1881000 150
1881010 150
1881020 150
1881030 150
1881040 150
1881050 150
1881060 150
1881070 150
1881080 150
1881090 150
1881100 150
1881110 150
1881120 150
1881130 150
1881140 149
1881150 149
1881160 149
1881170 149
1881180 149
1881190 149
1881200 148
1881210 148
1881220 148
1881230 148
1881240 148
1881250 148
1881260 147
1881270 147
1881280 147
1881290 147
1881300 147
1881310 147
1881320 147
1881330 147
1881340 147
1881350 147
1881360 147
1881370 147
1881380 147
1881390 147
1881400 147
1881410 147
1881420 147
1881430 147
1881440 147
1881450 147
1881460 147
1881470 147
1881480 147
1881490 147
1881500 147
1881510 147
1881520 147
1881530 147
1881540 147
1881550 147
1881560 148
1881570 148
1881580 148
1881590 148
1881600 148
1881610 148
1881620 149
1881630 149
1881640 149
1881650 150
1881660 150
1881670 150
1881680 150
1881690 150
1881700 150
1881710 150
1881720 150
1881730 149
1881740 149
1881750 149
1881760 149
1881770 149
1881780 149
1881790 149
1881800 149
1881810 149
1881820 148
1881830 148
1881840 148
1881850 148
1881860 148
1881870 148
1881880 148
1881890 148
1881900 148
1881910 148
1881920 148
1881930 148
1881940 148
1881950 148
1881960 148
1881970 148
1881980 148
1881990 148
1882000 148
1882010 148
1882020 148
1882030 148
1882040 148
1882050 148
1882060 148
1882070 148
1882080 148
1882090 148
1882100 148
1882110 148
1882120 148
1882130 148
1882140 148
1882150 148
1882160 148
1882170 148
1882180 148
1882190 148
1882200 148
1882210 148
1882220 149
1882230 149
1882240 149
1882250 149
1882260 149
1882270 149
1882280 149
1882290 149
1882300 149
1882310 149
1882320 149
1882330 149
1882340 149
1882350 149
1882360 149
1882370 149
1882380 149
1882390 149
1882400 149
1882410 149
1882420 149
1882430 148
1882440 148
1882450 148
1882460 148
1882470 148
1882480 149
1882490 150
1882500 150
1882510 149
1882520 148
1882530 148
1882540 147
1882550 147
1882560 147
1882570 147
1882580 147
1882590 147
1882600 147
1882610 147
1882620 147
1882630 147
1882640 147
1882650 147
1882660 147
1882670 147
1882680 147
1882690 147
1882700 147
1882710 146
1882720 146
1882730 146
1882740 146
1882750 146
1882760 146
1882770 146
1882780 147
1882790 147
1882800 148
1882810 148
1882820 148
1882830 148
1882840 147
1882850 147
1882860 147
1882870 148
1882880 148
1882890 147
