1880000 157
1880010 157
1880020 157
1880030 156
1880040 156
1880050 156
1880060 156
1880070 156
1880080 156
1880090 156
1880100 156
1880110 155
1880120 155
1880130 155
1880140 155
1880150 155
1880160 155
1880170 155
1880180 155
1880190 155
1880200 154
1880210 154
1880220 154
1880230 154
1880240 154
1880250 154
1880260 154
1880270 154
1880280 154
1880290 153
1880300 153
1880310 153
1880320 153
1880330 153
1880340 153
1880350 153
1880360 153
1880370 153
1880380 153
1880390 153
1880400 153
1880410 153
1880420 152
1880430 152
1880440 152
1880450 152
1880460 152
1880470 152
1880480 152
1880490 152
1880500 152
1880510 152
1880520 152
1880530 152
1880540 152
1880550 152
1880560 152
1880570 152
1880580 152
1880590 152
1880600 152
1880610 152
1880620 153
1880630 153
1880640 152
1880650 152
1880660 152
1880670 152
1880680 152
1880690 152
1880700 152
1880710 152
1880720 152
1880730 152
1880740 151
1880750 151
1880760 151
1880770 151
1880780 151
1880790 151
1880800 151
1880810 151
1880820 150
1880830 150
1880840 150
1880850 150
1880860 150
1880870 150
1880880 150
1880890 150
1880900 150
1880910 150
1880920 150
1880930 150
1880940 150
1880950 150
1880960 150
1880970 150
1880980 150
1880990 150
1881000 150
1881010 150
1881020 150
1881030 150
1881040 150
1881050 150
1881060 150
1881070 150
1881080 150
1881090 150
1881100 150
1881110 150
1881120 150
1881130 150
1881140 150
1881150 150
1881160 150
1881170 150
1881180 149
1881190 149
1881200 149
1881210 149
1881220 149
1881230 149
1881240 149
1881250 149
1881260 149
1881270 149
1881280 149
1881290 149
1881300 149
1881310 148
1881320 148
1881330 148
1881340 147
1881350 147
1881360 147
1881370 147
1881380 147
1881390 147
1881400 147
1881410 147
1881420 147
1881430 147
1881440 147
1881450 147
1881460 147
1881470 147
1881480 147
1881490 147
1881500 147
1881510 147
1881520 147
1881530 147
1881540 147
1881550 147
1881560 147
1881570 147
1881580 147
1881590 147
1881600 147
1881610 147
1881620 147
1881630 147
1881640 147
1881650 147
1881660 147
1881670 147
1881680 147
1881690 147
1881700 147
1881710 147
1881720 147
1881730 147
1881740 147
1881750 147
1881760 147
1881770 147
1881780 147
1881790 147
1881800 148
1881810 148
1881820 148
1881830 148
1881840 148
1881850 148
1881860 148
1881870 148
1881880 148
1881890 148
1881900 148
1881910 148
1881920 148
1881930 148
1881940 148
1881950 149
1881960 150
1881970 150
1881980 150
1881990 150
1882000 150
1882010 150
1882020 149
1882030 149
1882040 149
1882050 149
1882060 149
1882070 149
1882080 149
1882090 149
1882100 149
1882110 150
1882120 149
1882130 149
1882140 150
1882150 150
1882160 150
1882170 150
1882180 150
1882190 150
1882200 150
1882210 150
1882220 150
1882230 150
1882240 150
1882250 150
1882260 150
1882270 150
1882280 150
1882290 150
1882300 150
1882310 149
1882320 149
1882330 149
1882340 149
1882350 149
1882360 149
1882370 149
1882380 149
1882390 150
1882400 150
1882410 150
1882420 150
1882430 150
1882440 150
1882450 149
1882460 149
1882470 149
1882480 149
1882490 149
1882500 149
1882510 149
1882520 149
1882530 149
1882540 149
1882550 150
1882560 150
1882570 150
1882580 150
1882590 150
1882600 150
1882610 150
1882620 150
1882630 150
1882640 150
1882650 150
1882660 150
1882670 150
1882680 150
1882690 150
1882700 150
1882710 150
1882720 151
1882730 150
1882740 150
1882750 149
1882760 149
1882770 149
1882780 149
1882790 149
1882800 149
1882810 149
1882820 149
1882830 149
1882840 149
1882850 149
1882860 149
1882870 149
1882880 149
1882890 149
1882900 149
1882910 149
1882920 149
1882930 149
1882940 149
1882950 149
1882960 149
1882970 149
1882980 149
1882990 150
1883000 150
1883010 150
1883020 150
1883030 151
1883040 151
1883050 151
1883060 151
1883070 151
1883080 151
1883090 150
1883100 150
1883110 150
1883120 150
1883130 150
1883140 149
1883150 148
1883160 148
1883170 148
1883180 148
1883190 148
1883200 148
1883210 148
1883220 148
1883230 148
1883240 148
1883250 147
1883260 147
1883270 147
1883280 147
1883290 147
1883300 147
1883310 147
1883320 147
1883330 147
1883340 147
1883350 147
1883360 147
1883370 147
1883380 147
1883390 147
1883400 147
1883410 147
1883420 147
1883430 147
1883440 147
1883450 147
1883460 147
1883470 147
1883480 147
1883490 147
1883500 147
1883510 147
1883520 147
1883530 147
1883540 147
1883550 147
1883560 148
1883570 148
1883580 149
1883590 151
1883600 151
1883610 148
1883620 148
1883630 148
1883640 148
1883650 147
1883660 147
1883670 147
1883680 148
1883690 148
1883700 148
1883710 148
1883720 148
1883730 148
1883740 147
1883750 147
1883760 148
1883770 148
1883780 148
1883790 148
1883800 148
1883810 148
1883820 148
1883830 148
1883840 148
1883850 148
1883860 148
1883870 148
1883880 148
1883890 148
1883900 148
1883910 148
1883920 148
1883930 148
1883940 147
1883950 147
1883960 147
1883970 147
1883980 147
1883990 147
1884000 147
1884010 147
1884020 147
1884030 147
1884040 147
1884050 147
1884060 147
1884070 147
1884080 147
1884090 147
1884100 147
1884110 147
1884120 148
1884130 148
1884140 148
1884150 148
1884160 148
1884170 148
1884180 148
1884190 148
1884200 148
1884210 148
1884220 148
1884230 148
1884240 148
1884250 148
1884260 148
1884270 148
1884280 148
1884290 148
1884300 148
1884310 148
1884320 147
1884330 147
1884340 147
1884350 147
1884360 147
1884370 147
1884380 148
1884390 148
1884400 148
1884410 148
1884420 148
1884430 148
1884440 148
1884450 148
1884460 148
1884470 148
1884480 148
1884490 148
1884500 148
1884510 148
1884520 148
1884530 148
1884540 148
1884550 148
1884560 148
1884570 148
1884580 148
1884590 148
1884600 148
1884610 148
1884620 148
1884630 147
1884640 147
1884650 147
1884660 147
1884670 147
1884680 147
1884690 147
1884700 147
1884710 147
1884720 147
1884730 147
1884740 147
1884750 147
1884760 147
1884770 147
1884780 147
1884790 147
1884800 147
1884810 147
1884820 147
1884830 147
1884840 147
1884850 147
1884860 147
1884870 147
1884880 147
1884890 147
1884900 147
1884910 147
1884920 147
1884930 147
1884940 147
1884950 147
1884960 147
1884970 147
1884980 148
1884990 148
1885000 148
1885010 148
1885020 148
1885030 148
1885040 148
1885050 148
1885060 148
1885070 148
1885080 148
1885090 148
1885100 148
1885110 148
1885120 148
1885130 148
1885140 148
1885150 148
1885160 148
1885170 148
1885180 148
1885190 148
1885200 148
1885210 148
1885220 148
1885230 148
1885240 148
1885250 148
1885260 148
1885270 148
1885280 148
1885290 148
1885300 148
1885310 148
1885320 148
1885330 148
1885340 148
1885350 148
1885360 148
1885370 148
1885380 148
1885390 148
1885400 148
1885410 148
1885420 148
1885430 148
1885440 148
1885450 148
1885460 148
1885470 148
1885480 148
1885490 148
1885500 148
1885510 148
1885520 148
1885530 148
1885540 148
1885550 148
1885560 148
1885570 147
1885580 147
1885590 147
1885600 147
1885610 147
1885620 147
1885630 147
1885640 147
1885650 147
1885660 147
1885670 147
1885680 147
1885690 147
1885700 147
1885710 147
1885720 147
1885730 147
1885740 147
1885750 147
1885760 147
1885770 147
1885780 147
1885790 147
1885800 147
1885810 147
1885820 147
1885830 147
1885840 147
1885850 147
1885860 147
1885870 147
1885880 147
1885890 147
1885900 147
1885910 147
1885920 147
1885930 147
1885940 147
1885950 147
1885960 148
1885970 148
1885980 149
1885990 149
1886000 149
1886010 149
1886020 149
1886030 149
1886040 149
1886050 149
1886060 149
1886070 149
1886080 149
1886090 149
1886100 149
1886110 149
1886120 149
1886130 149
1886140 149
1886150 149
1880000 157
1880010 157
1880020 157
1880030 156
1880040 156
1880050 156
1880060 156
1880070 156
1880080 156
1880090 156
1880100 156
1880110 155
1880120 155
1880130 155
1880140 155
1880150 155
1880160 155
1880170 155
1880180 155
1880190 155
1880200 154
1880210 154
1880220 154
1880230 154
1880240 154
1880250 154
1880260 154
1880270 154
1880280 154
1880290 153
1880300 153
1880310 153
1880320 153
1880330 153
1880340 153
1880350 153
1880360 153
1880370 153
1880380 153
1880390 153
1880400 153
1880410 153
1880420 152
1880430 152
1880440 152
1880450 152
1880460 152
1880470 152
1880480 152
1880490 152
1880500 152
1880510 152
1880520 152
1880530 152
1880540 152
1880550 152
1880560 152
1880570 152
1880580 152
1880590 152
1880600 152
1880610 152
1880620 153
1880630 153
1880640 152
1880650 152
1880660 152
1880670 152
1880680 152
1880690 152
1880700 152
1880710 152
1880720 152
1880730 152
1880740 151
1880750 151
1880760 151
1880770 151
1880780 151
1880790 151
1880800 151
1880810 151
1880820 150
1880830 150
1880840 150
1880850 150
1880860 150
1880870 150
1880880 150
1880890 150
1880900 150
1880910 150
1880920 150
1880930 150
1880940 150
1880950 150
1880960 150
1880970 150
1880980 150
1880990 150
1881000 150
1881010 150
1881020 150
1881030 150
1881040 150
1881050 150
1881060 150
1881070 150
1881080 150
1881090 150
1881100 150
1881110 150
1881120 150
1881130 150
1881140 150
1881150 150
1881160 150
1881170 150
1881180 149
1881190 149
1881200 149
1881210 149
1881220 149
1881230 149
1881240 149
1881250 149
1881260 149
1881270 149
1881280 149
1881290 149
1881300 149
1881310 148
1881320 148
1881330 148
1881340 147
1881350 147
1881360 147
1881370 147
1881380 147
1881390 147
1881400 147
1881410 147
1881420 147
1881430 147
1881440 147
1881450 147
1881460 147
1881470 147
1881480 147
1881490 147
1881500 147
1881510 147
1881520 147
1881530 147
1881540 147
1881550 147
1881560 147
1881570 147
1881580 147
1881590 147
1881600 147
1881610 147
1881620 147
1881630 147
1881640 147
1881650 147
1881660 147
1881670 147
1881680 147
1881690 147
1881700 147
1881710 147
1881720 147
1881730 147
1881740 147
1881750 147
1881760 147
1881770 147
1881780 147
1881790 147
1881800 148
1881810 148
1881820 148
1881830 148
1881840 148
1881850 148
1881860 148
1881870 148
1881880 148
1881890 148
1881900 148
1881910 148
1881920 148
1881930 148
1881940 148
1881950 149
1881960 150
1881970 150
1881980 150
1881990 150
1882000 150
1882010 150
1882020 149
1882030 149
1882040 149
1882050 149
1882060 149
1882070 149
1882080 149
1882090 149
1882100 149
1882110 150
1882120 149
1882130 149
1882140 150
1882150 150
1882160 150
1882170 150
1882180 150
1882190 150
1882200 150
1882210 150
1882220 150
1882230 150
1882240 150
1882250 150
1882260 150
1882270 150
1882280 150
1882290 150
1882300 150
1882310 149
1882320 149
1882330 149
1882340 149
1882350 149
1882360 149
1882370 149
1882380 149
1882390 150
1882400 150
1882410 150
1882420 150
1882430 150
1882440 150
1882450 149
1882460 149
1882470 149
1882480 149
1882490 149
1882500 149
1882510 149
1882520 149
1882530 149
1882540 149
1882550 150
1882560 150
1882570 150
1882580 150
1882590 150
1882600 150
1882610 150
1882620 150
1882630 150
1882640 150
1882650 150
1882660 150
1882670 150
1882680 150
1882690 150
1882700 150
1882710 150
1882720 151
1882730 150
1882740 150
1882750 149
1882760 149
1882770 149
1882780 149
1882790 149
1882800 149
1882810 149
1882820 149
1882830 149
1882840 149
1882850 149
1882860 149
1882870 149
1882880 149
1882890 149
1882900 149
1882910 149
1882920 149
1882930 149
1882940 149
1882950 149
1882960 149
1882970 149
1882980 149
1882990 150
1883000 150
1883010 150
1883020 150
1883030 151
1883040 151
1883050 151
1883060 151
1883070 151
1883080 151
1883090 150
1883100 150
1883110 150
1883120 150
1883130 150
1883140 149
1883150 148
1883160 148
1883170 148
1883180 148
1883190 148
1883200 148
1883210 148
1883220 148
1883230 148
1883240 148
1883250 147
1883260 147
1883270 147
1883280 147
1883290 147
1883300 147
1883310 147
1883320 147
1883330 147
1883340 147
1883350 147
1883360 147
1883370 147
1883380 147
1883390 147
1883400 147
1883410 147
1883420 147
1883430 147
1883440 147
1883450 147
1883460 147
1883470 147
1883480 147
1883490 147
1883500 147
1883510 147
1883520 147
1883530 147
1883540 147
1883550 147
1883560 148
1883570 148
1883580 149
1883590 151
1883600 151
1883610 148
1883620 148
1883630 148
1883640 148
1883650 147
1883660 147
1883670 147
1883680 148
1883690 148
1883700 148
1883710 148
1883720 148
1883730 148
1883740 147
1883750 147
1883760 148
1883770 148
1883780 148
1883790 148
1883800 148
1883810 148
1883820 148
1883830 148
1883840 148
1883850 148
1883860 148
1883870 148
1883880 148
1883890 148
1883900 148
1883910 148
1883920 148
1883930 148
1883940 147
1883950 147
1883960 147
1883970 147
1883980 147
1883990 147
1884000 147
1884010 147
1884020 147
1884030 147
1884040 147
1884050 147
1884060 147
1884070 147
1884080 147
1884090 147
1884100 147
1884110 147
1884120 148
1884130 148
1884140 148
1884150 148
1884160 148
1884170 148
1884180 148
1884190 148
1884200 148
1884210 148
1884220 148
1884230 148
1884240 148
1884250 148
1884260 148
1884270 148
1884280 148
1884290 148
1884300 148
1884310 148
1884320 147
1884330 147
1884340 147
1884350 147
1884360 147
1884370 147
1884380 148
1884390 148
1884400 148
1884410 148
1884420 148
1884430 148
1884440 148
1884450 148
1884460 148
1884470 148
1884480 148
1884490 148
1884500 148
1884510 148
1884520 148
1884530 148
1884540 148
1884550 148
1884560 148
1884570 148
1884580 148
1884590 148
1884600 148
1884610 148
1884620 148
1884630 147
1884640 147
1884650 147
1884660 147
1884670 147
1884680 147
1884690 147
1884700 147
1884710 147
1884720 147
1884730 147
1884740 147
1884750 147
1884760 147
1884770 147
1884780 147
1884790 147
1884800 147
1884810 147
1884820 147
1884830 147
1884840 147
1884850 147
1884860 147
1884870 147
1884880 147
1884890 147
1884900 147
1884910 147
1884920 147
1884930 147
1884940 147
1884950 147
1884960 147
1884970 147
1884980 148
1884990 148
1885000 148
1885010 148
1885020 148
1885030 148
1885040 148
1885050 148
1885060 148
1885070 148
1885080 148
1885090 148
1885100 148
1885110 148
1885120 148
1885130 148
1885140 148
1885150 148
1885160 148
1885170 148
1885180 148
1885190 148
1885200 148
1885210 148
1885220 148
1885230 148
1885240 148
1885250 148
1885260 148
1885270 148
1885280 148
1885290 148
1885300 148
1885310 148
1885320 148
1885330 148
1885340 148
1885350 148
1885360 148
1885370 148
1885380 148
1885390 148
1885400 148
1885410 148
1885420 148
1885430 148
1885440 148
1885450 148
1885460 148
1885470 148
1885480 148
1885490 148
1885500 148
1885510 148
1885520 148
1885530 148
1885540 148
1885550 148
1885560 148
1885570 147
1885580 147
1885590 147
1885600 147
1885610 147
1885620 147
1885630 147
1885640 147
1885650 147
1885660 147
1885670 147
1885680 147
1885690 147
1885700 147
1885710 147
1885720 147
1885730 147
1885740 147
1885750 147
1885760 147
1885770 147
1885780 147
1885790 147
1885800 147
1885810 147
1885820 147
1885830 147
1885840 147
1885850 147
1885860 147
1885870 147
1885880 147
1885890 147
1885900 147
1885910 147
1885920 147
1885930 147
1885940 147
1885950 147
1885960 148
1885970 148
1885980 149
1885990 149
1886000 149
1886010 149
1886020 149
1886030 149
1886040 149
1886050 149
1886060 149
1886070 149
1886080 149
1886090 149
1886100 149
1886110 149
1886120 149
1886130 149
1886140 149
1886150 149
