1880000 160
1880010 159
1880020 158
1880030 158
1880040 158
1880050 155
1880060 155
1880070 155
1880080 154
1880090 154
1880100 154
1880110 154
1880120 154
1880130 153
1880140 153
1880150 153
1880160 153
1880170 153
1880180 153
1880190 153
1880200 153
1880210 153
1880220 153
1880230 152
1880240 152
1880250 152
1880260 152
1880270 152
1880280 152
1880290 152
1880300 152
1880310 152
1880320 152
1880330 152
1880340 152
1880350 152
1880360 152
1880370 152
1880380 152
1880390 152
1880400 152
1880410 153
1880420 153
1880430 153
1880440 153
1880450 153
1880460 153
1880470 153
1880480 153
1880490 153
1880500 153
1880510 153
1880520 152
1880530 152
1880540 152
1880550 152
1880560 152
1880570 152
1880580 152
1880590 152
1880600 152
1880610 152
1880620 152
1880630 152
1880640 152
1880650 152
1880660 152
1880670 152
1880680 152
1880690 152
1880700 151
1880710 151
1880720 151
1880730 151
1880740 151
1880750 151
1880760 150
1880770 150
1880780 150
1880790 150
1880800 150
1880810 150
1880820 149
1880830 149
1880840 149
1880850 149
1880860 149
1880870 149
1880880 149
1880890 149
1880900 150
1880910 150
1880920 150
1880930 150
1880940 150
1880950 150
1880960 150
1880970 150
1880980 150
1880990 150
1881000 150
1881010 150
1881020 150
1881030 150
1881040 150
1881050 150
1881060 150
1881070 150
1881080 150
1881090 150
1881100 150
1881110 149
1881120 149
1881130 149
1881140 149
1881150 149
1881160 149
1881170 149
1881180 149
1881190 149
1881200 149
1881210 149
1881220 149
1881230 149
1881240 148
1881250 148
1881260 148
1881270 148
1881280 148
1881290 148
1881300 148
1881310 148
1881320 148
1881330 148
1881340 148
1881350 148
1881360 148
1881370 148
1881380 148
1881390 148
1881400 148
1881410 148
1881420 148
1881430 148
1881440 148
1881450 148
1881460 147
1881470 148
1881480 148
1881490 147
1881500 147
1881510 147
1881520 147
1881530 148
1881540 148
1881550 148
1881560 148
1881570 148
1881580 148
1881590 148
1881600 148
1881610 147
1881620 148
1881630 148
1881640 148
1881650 148
1881660 148
1881670 148
1881680 148
1881690 148
1881700 147
1881710 147
1881720 147
1881730 147
1881740 147
1881750 147
1881760 147
1881770 147
1881780 147
1881790 147
1881800 147
1881810 147
1881820 147
1881830 147
1881840 147
1881850 147
1881860 147
1881870 147
1881880 147
1881890 147
1881900 147
1881910 147
1881920 147
1881930 147
1881940 148
1881950 148
1881960 148
1881970 148
1881980 148
1881990 148
1882000 148
1882010 148
1882020 148
1882030 148
1882040 148
1882050 148
1882060 148
1882070 148
1882080 148
1882090 148
1882100 148
1882110 148
1882120 148
1882130 148
1882140 148
1882150 148
1882160 148
1882170 148
1882180 148
1882190 148
1882200 148
1882210 148
1882220 148
1882230 148
1882240 148
1882250 148
1882260 148
1882270 147
1882280 147
1882290 148
1882300 148
1882310 148
1882320 148
1882330 148
1882340 148
1882350 148
1882360 147
1882370 147
1882380 147
1882390 147
1882400 147
1882410 148
1882420 149
1882430 149
1882440 149
1882450 149
1882460 149
1882470 147
1882480 147
1882490 147
1882500 147
1882510 147
1882520 147
1882530 147
1882540 147
1882550 147
1882560 147
1882570 147
1882580 147
1882590 147
1882600 147
1882610 147
1882620 147
1882630 149
1882640 149
1882650 150
1882660 150
1882670 150
1882680 150
1882690 150
1882700 150
1882710 150
1882720 147
1882730 147
1882740 147
1882750 147
1882760 147
1882770 147
1882780 147
1882790 147
1882800 147
1882810 147
1882820 147
1882830 147
1882840 147
1882850 147
1882860 147
1882870 147
1882880 147
1882890 147
1882900 147
1882910 147
1882920 147
1882930 147
1882940 147
1882950 147
1882960 147
1882970 147
1882980 147
1882990 147
1883000 147
1883010 147
1883020 148
1883030 148
1883040 150
1883050 150
1883060 150
1883070 149
1883080 149
1883090 148
1883100 148
1883110 148
1883120 148
1883130 148
1883140 148
1883150 148
1883160 148
1883170 148
1883180 148
1883190 148
1883200 148
1883210 148
1883220 148
1883230 148
1883240 148
1883250 148
1883260 148
1883270 148
1883280 148
1883290 148
1883300 148
1883310 148
1883320 148
1883330 148
1883340 148
1883350 148
1883360 148
1883370 147
1883380 147
1883390 148
1883400 148
1883410 148
1883420 148
1883430 148
1883440 148
1883450 148
1883460 148
1883470 148
1883480 148
1883490 148
1883500 148
1883510 148
1883520 148
1883530 148
1883540 148
1883550 148
1883560 148
1883570 148
1883580 148
1883590 148
1883600 148
1883610 148
1883620 148
1883630 147
1883640 148
1883650 148
1883660 148
1883670 148
1883680 148
1883690 148
1883700 148
1883710 148
1883720 148
1883730 148
1883740 148
1883750 147
1883760 147
1883770 147
1883780 147
1883790 147
1883800 147
1883810 147
1883820 147
1883830 147
1883840 147
1883850 147
1883860 147
1883870 147
1883880 148
1883890 148
1883900 148
1883910 147
1883920 147
1883930 147
1883940 147
1883950 148
1883960 148
1883970 148
1883980 148
1883990 149
1884000 149
1884010 150
1884020 149
1884030 149
1884040 148
1884050 147
1884060 147
1884070 147
1884080 147
1884090 147
1884100 147
1884110 147
1884120 147
1884130 147
1884140 147
1884150 147
1884160 147
1884170 147
1884180 147
1884190 147
1884200 147
1884210 147
1884220 147
1884230 147
1884240 147
1884250 147
1884260 147
1884270 147
1884280 147
1884290 147
1884300 147
1884310 147
1884320 148
1884330 148
1884340 148
1884350 148
1884360 148
1884370 148
1884380 148
1884390 148
1884400 148
1884410 148
1884420 148
1884430 148
1884440 148
1884450 148
1884460 148
1884470 148
1884480 148
1884490 148
1884500 148
1884510 148
1884520 148
1884530 147
1884540 147
1884550 147
1884560 147
1884570 147
1884580 147
1884590 147
1884600 147
1884610 147
1884620 147
1884630 147
1884640 147
1884650 147
1884660 147
1884670 147
1884680 147
1884690 147
1884700 148
1884710 148
1884720 148
1884730 148
1884740 148
1884750 148
1884760 148
1884770 148
1884780 148
1884790 148
1884800 148
1884810 148
1884820 148
1884830 148
1884840 148
1884850 147
1884860 147
1884870 147
1884880 147
1884890 147
1884900 147
1884910 148
1884920 148
1884930 149
1884940 149
1884950 149
1884960 149
1884970 150
1884980 150
1884990 149
1885000 148
1885010 148
1885020 148
1885030 148
1885040 148
1885050 148
1885060 148
1885070 148
1885080 147
1885090 147
1885100 147
1885110 147
1885120 147
1885130 147
1885140 147
1885150 147
1885160 147
1885170 147
1885180 147
1885190 147
1885200 147
1885210 147
1885220 147
1885230 147
1885240 148
1885250 148
1885260 148
1885270 148
1885280 148
1885290 148
1885300 147
1885310 147
1885320 147
1885330 147
1885340 147
1885350 147
1885360 147
1885370 147
1885380 147
1885390 147
1885400 147
1885410 147
1885420 148
1885430 148
1885440 148
1885450 148
1885460 148
1885470 148
1885480 148
1885490 148
1885500 148
1885510 148
1885520 148
1885530 148
1885540 148
1885550 148
1885560 148
1885570 148
1885580 148
1885590 148
1885600 148
1885610 148
1885620 148
1885630 148
1885640 148
1885650 148
1885660 148
1885670 148
1885680 148
1885690 148
1885700 148
1885710 148
1885720 148
1885730 147
1885740 148
1885750 148
1885760 148
1885770 148
1885780 148
1885790 148
1885800 148
1885810 148
1885820 148
1885830 148
1885840 148
1885850 148
1885860 148
1885870 148
1885880 148
1885890 148
1885900 148
1885910 148
1885920 148
1885930 148
1885940 148
1885950 148
1885960 148
1885970 148
1885980 148
1885990 148
1886000 149
1886010 149
1886020 149
1886030 149
1886040 149
1886050 149
1886060 149
1886070 149
1886080 149
1886090 148
1886100 147
1886110 147
1886120 147
1886130 147
1886140 147
1886150 147
1886160 147
1886170 147
1886180 147
1886190 147
1886200 147
1886210 148
1886220 148
1886230 148
1880000 160
1880010 159
1880020 158
1880030 158
1880040 158
1880050 155
1880060 155
1880070 155
1880080 154
1880090 154
1880100 154
1880110 154
1880120 154
1880130 153
1880140 153
1880150 153
1880160 153
1880170 153
1880180 153
1880190 153
1880200 153
1880210 153
1880220 153
1880230 152
1880240 152
1880250 152
1880260 152
1880270 152
1880280 152
1880290 152
1880300 152
1880310 152
1880320 152
1880330 152
1880340 152
1880350 152
1880360 152
1880370 152
1880380 152
1880390 152
1880400 152
1880410 153
1880420 153
1880430 153
1880440 153
1880450 153
1880460 153
1880470 153
1880480 153
1880490 153
1880500 153
1880510 153
1880520 152
1880530 152
1880540 152
1880550 152
1880560 152
1880570 152
1880580 152
1880590 152
1880600 152
1880610 152
1880620 152
1880630 152
1880640 152
1880650 152
1880660 152
1880670 152
1880680 152
1880690 152
1880700 151
1880710 151
1880720 151
1880730 151
1880740 151
1880750 151
1880760 150
1880770 150
1880780 150
1880790 150
1880800 150
1880810 150
1880820 149
1880830 149
1880840 149
1880850 149
1880860 149
1880870 149
1880880 149
1880890 149
1880900 150
1880910 150
1880920 150
1880930 150
1880940 150
1880950 150
1880960 150
1880970 150
1880980 150
1880990 150
1881000 150
1881010 150
1881020 150
1881030 150
1881040 150
1881050 150
1881060 150
1881070 150
1881080 150
1881090 150
1881100 150
1881110 149
1881120 149
1881130 149
1881140 149
1881150 149
1881160 149
1881170 149
1881180 149
1881190 149
1881200 149
1881210 149
1881220 149
1881230 149
1881240 148
1881250 148
1881260 148
1881270 148
1881280 148
1881290 148
1881300 148
1881310 148
1881320 148
1881330 148
1881340 148
1881350 148
1881360 148
1881370 148
1881380 148
1881390 148
1881400 148
1881410 148
1881420 148
1881430 148
1881440 148
1881450 148
1881460 147
1881470 148
1881480 148
1881490 147
1881500 147
1881510 147
1881520 147
1881530 148
1881540 148
1881550 148
1881560 148
1881570 148
1881580 148
1881590 148
1881600 148
1881610 147
1881620 148
1881630 148
1881640 148
1881650 148
1881660 148
1881670 148
1881680 148
1881690 148
1881700 147
1881710 147
1881720 147
1881730 147
1881740 147
1881750 147
1881760 147
1881770 147
1881780 147
1881790 147
1881800 147
1881810 147
1881820 147
1881830 147
1881840 147
1881850 147
1881860 147
1881870 147
1881880 147
1881890 147
1881900 147
1881910 147
1881920 147
1881930 147
1881940 148
1881950 148
1881960 148
1881970 148
1881980 148
1881990 148
1882000 148
1882010 148
1882020 148
1882030 148
1882040 148
1882050 148
1882060 148
1882070 148
1882080 148
1882090 148
1882100 148
1882110 148
1882120 148
1882130 148
1882140 148
1882150 148
1882160 148
1882170 148
1882180 148
1882190 148
1882200 148
1882210 148
1882220 148
1882230 148
1882240 148
1882250 148
1882260 148
1882270 147
1882280 147
1882290 148
1882300 148
1882310 148
1882320 148
1882330 148
1882340 148
1882350 148
1882360 147
1882370 147
1882380 147
1882390 147
1882400 147
1882410 148
1882420 149
1882430 149
1882440 149
1882450 149
1882460 149
1882470 147
1882480 147
1882490 147
1882500 147
1882510 147
1882520 147
1882530 147
1882540 147
1882550 147
1882560 147
1882570 147
1882580 147
1882590 147
1882600 147
1882610 147
1882620 147
1882630 149
1882640 149
1882650 150
1882660 150
1882670 150
1882680 150
1882690 150
1882700 150
1882710 150
1882720 147
1882730 147
1882740 147
1882750 147
1882760 147
1882770 147
1882780 147
1882790 147
1882800 147
1882810 147
1882820 147
1882830 147
1882840 147
1882850 147
1882860 147
1882870 147
1882880 147
1882890 147
1882900 147
1882910 147
1882920 147
1882930 147
1882940 147
1882950 147
1882960 147
1882970 147
1882980 147
1882990 147
1883000 147
1883010 147
1883020 148
1883030 148
1883040 150
1883050 150
1883060 150
1883070 149
1883080 149
1883090 148
1883100 148
1883110 148
1883120 148
1883130 148
1883140 148
1883150 148
1883160 148
1883170 148
1883180 148
1883190 148
1883200 148
1883210 148
1883220 148
1883230 148
1883240 148
1883250 148
1883260 148
1883270 148
1883280 148
1883290 148
1883300 148
1883310 148
1883320 148
1883330 148
1883340 148
1883350 148
1883360 148
1883370 147
1883380 147
1883390 148
1883400 148
1883410 148
1883420 148
1883430 148
1883440 148
1883450 148
1883460 148
1883470 148
1883480 148
1883490 148
1883500 148
1883510 148
1883520 148
1883530 148
1883540 148
1883550 148
1883560 148
1883570 148
1883580 148
1883590 148
1883600 148
1883610 148
1883620 148
1883630 147
1883640 148
1883650 148
1883660 148
1883670 148
1883680 148
1883690 148
1883700 148
1883710 148
1883720 148
1883730 148
1883740 148
1883750 147
1883760 147
1883770 147
1883780 147
1883790 147
1883800 147
1883810 147
1883820 147
1883830 147
1883840 147
1883850 147
1883860 147
1883870 147
1883880 148
1883890 148
1883900 148
1883910 147
1883920 147
1883930 147
1883940 147
1883950 148
1883960 148
1883970 148
1883980 148
1883990 149
1884000 149
1884010 150
1884020 149
1884030 149
1884040 148
1884050 147
1884060 147
1884070 147
1884080 147
1884090 147
1884100 147
1884110 147
1884120 147
1884130 147
1884140 147
1884150 147
1884160 147
1884170 147
1884180 147
1884190 147
1884200 147
1884210 147
1884220 147
1884230 147
1884240 147
1884250 147
1884260 147
1884270 147
1884280 147
1884290 147
1884300 147
1884310 147
1884320 148
1884330 148
1884340 148
1884350 148
1884360 148
1884370 148
1884380 148
1884390 148
1884400 148
1884410 148
1884420 148
1884430 148
1884440 148
1884450 148
1884460 148
1884470 148
1884480 148
1884490 148
1884500 148
1884510 148
1884520 148
1884530 147
1884540 147
1884550 147
1884560 147
1884570 147
1884580 147
1884590 147
1884600 147
1884610 147
1884620 147
1884630 147
1884640 147
1884650 147
1884660 147
1884670 147
1884680 147
1884690 147
1884700 148
1884710 148
1884720 148
1884730 148
1884740 148
1884750 148
1884760 148
1884770 148
1884780 148
1884790 148
1884800 148
1884810 148
1884820 148
1884830 148
1884840 148
1884850 147
1884860 147
1884870 147
1884880 147
1884890 147
1884900 147
1884910 148
1884920 148
1884930 149
1884940 149
1884950 149
1884960 149
1884970 150
1884980 150
1884990 149
1885000 148
1885010 148
1885020 148
1885030 148
1885040 148
1885050 148
1885060 148
1885070 148
1885080 147
1885090 147
1885100 147
1885110 147
1885120 147
1885130 147
1885140 147
1885150 147
1885160 147
1885170 147
1885180 147
1885190 147
1885200 147
1885210 147
1885220 147
1885230 147
1885240 148
1885250 148
1885260 148
1885270 148
1885280 148
1885290 148
1885300 147
1885310 147
1885320 147
1885330 147
1885340 147
1885350 147
1885360 147
1885370 147
1885380 147
1885390 147
1885400 147
1885410 147
1885420 148
1885430 148
1885440 148
1885450 148
1885460 148
1885470 148
1885480 148
1885490 148
1885500 148
1885510 148
1885520 148
1885530 148
1885540 148
1885550 148
1885560 148
1885570 148
1885580 148
1885590 148
1885600 148
1885610 148
1885620 148
1885630 148
1885640 148
1885650 148
1885660 148
1885670 148
1885680 148
1885690 148
1885700 148
1885710 148
1885720 148
1885730 147
1885740 148
1885750 148
1885760 148
1885770 148
1885780 148
1885790 148
1885800 148
1885810 148
1885820 148
1885830 148
1885840 148
1885850 148
1885860 148
1885870 148
1885880 148
1885890 148
1885900 148
1885910 148
1885920 148
1885930 148
1885940 148
1885950 148
1885960 148
1885970 148
1885980 148
1885990 148
1886000 149
1886010 149
1886020 149
1886030 149
1886040 149
1886050 149
1886060 149
1886070 149
1886080 149
1886090 148
1886100 147
1886110 147
1886120 147
1886130 147
1886140 147
1886150 147
1886160 147
1886170 147
1886180 147
1886190 147
1886200 147
1886210 148
1886220 148
1886230 148
