1880000 161
1880010 161
1880020 160
1880030 160
1880040 159
1880050 159
1880060 159
1880070 157
1880080 157
1880090 157
1880100 156
1880110 155
1880120 155
1880130 154
1880140 154
1880150 154
1880160 154
1880170 154
1880180 154
1880190 153
1880200 153
1880210 153
1880220 153
1880230 153
1880240 153
1880250 153
1880260 153
1880270 153
1880280 153
1880290 153
1880300 153
1880310 153
1880320 153
1880330 153
1880340 153
1880350 153
1880360 153
1880370 153
1880380 153
1880390 153
1880400 152
1880410 152
1880420 152
1880430 152
1880440 152
1880450 152
1880460 152
1880470 152
1880480 152
1880490 151
1880500 151
1880510 151
1880520 151
1880530 152
1880540 152
1880550 152
1880560 152
1880570 152
1880580 152
1880590 153
1880600 153
1880610 153
1880620 153
1880630 153
1880640 153
1880650 154
1880660 154
1880670 154
1880680 154
1880690 153
1880700 153
1880710 153
1880720 153
1880730 153
1880740 153
1880750 152
1880760 152
1880770 152
1880780 152
1880790 152
1880800 152
1880810 152
1880820 151
1880830 151
1880840 151
1880850 151
1880860 151
1880870 151
1880880 151
1880890 151
1880900 150
1880910 150
1880920 150
1880930 150
1880940 150
1880950 150
1880960 150
1880970 150
1880980 150
1880990 151
1881000 151
1881010 151
1881020 151
1881030 152
1881040 152
1881050 152
1881060 152
1881070 152
1881080 153
1881090 153
1881100 153
1881110 153
1881120 153
1881130 153
1881140 153
1881150 153
1881160 153
1881170 153
1881180 153
1881190 153
1881200 153
1881210 153
1881220 153
1881230 153
1881240 152
1881250 152
1881260 152
1881270 152
1881280 152
1881290 151
1881300 150
1881310 150
1881320 149
1881330 149
1881340 149
1881350 148
1881360 148
1881370 148
1881380 148
1881390 148
1881400 148
1881410 148
1881420 148
1881430 148
1881440 148
1881450 148
1881460 148
1881470 148
1881480 148
1881490 148
1881500 148
1881510 148
1881520 148
1881530 148
1881540 148
1881550 148
1881560 148
1881570 148
1881580 148
1881590 148
1881600 148
1881610 148
1881620 148
1881630 148
1881640 148
1881650 148
1881660 148
1881670 148
1881680 148
1881690 148
1881700 148
1881710 148
1881720 148
1881730 148
1881740 148
1881750 148
1881760 148
1881770 148
1881780 148
1881790 148
1881800 148
1881810 148
1881820 148
1881830 148
1881840 148
1881850 148
1881860 148
1881870 148
1881880 148
1881890 148
1881900 148
1881910 148
1881920 148
1881930 148
1881940 148
1881950 148
1881960 148
1881970 148
1881980 148
1881990 148
1882000 148
1882010 148
1882020 148
1882030 148
1882040 148
1882050 148
1882060 148
1882070 148
1882080 148
1882090 148
1882100 148
1882110 148
1882120 148
1882130 148
1882140 148
1882150 148
1882160 148
1882170 148
1882180 148
1882190 148
1882200 148
1882210 148
1882220 148
1882230 148
1882240 148
1882250 148
1882260 148
1882270 148
1882280 147
1882290 147
1882300 147
1882310 147
1882320 147
1882330 147
1882340 147
1882350 147
1882360 147
1882370 147
1882380 147
1882390 147
1882400 147
1882410 148
1882420 148
1882430 148
1882440 148
1882450 148
1882460 148
1882470 148
1882480 148
1882490 148
1882500 148
1882510 148
1882520 148
1882530 148
1882540 148
1882550 148
1882560 148
1882570 148
1882580 148
1882590 148
1882600 148
1882610 148
1882620 148
1882630 148
1882640 148
1882650 148
1882660 148
1882670 148
1882680 148
1882690 148
1882700 148
1882710 148
1882720 148
1882730 148
1882740 148
1882750 148
1882760 148
1882770 148
1882780 148
1882790 148
1882800 148
1882810 148
1882820 148
1882830 148
1882840 148
1882850 148
1882860 148
1882870 148
1882880 148
1882890 148
1882900 148
1882910 148
1882920 148
1882930 148
1882940 148
1882950 148
1882960 148
1882970 148
1882980 148
1882990 148
1883000 148
1883010 148
1883020 148
1883030 148
1883040 148
1883050 148
1883060 148
1883070 148
1883080 148
1883090 148
1883100 148
1883110 148
1883120 148
1883130 148
1883140 148
1883150 148
1883160 149
1883170 148
1883180 148
1883190 147
1883200 148
1883210 148
1883220 148
1883230 148
1883240 148
1883250 148
1883260 148
1883270 148
1883280 148
1883290 148
1883300 148
1883310 148
1883320 148
1883330 147
1883340 147
1883350 147
1883360 147
1883370 148
1883380 148
1883390 148
1883400 148
1883410 148
1883420 147
1883430 147
1883440 147
1883450 147
1883460 147
1883470 147
1883480 147
1883490 147
1883500 147
1883510 147
1883520 148
1883530 148
1883540 148
1883550 148
1883560 148
1883570 148
1883580 148
1883590 148
1883600 148
1883610 148
1883620 148
1883630 148
1883640 148
1883650 148
1883660 147
1883670 147
1883680 147
1883690 148
1883700 148
1883710 148
1883720 148
1883730 148
1883740 148
1883750 148
1883760 148
1883770 148
1883780 148
1883790 148
1883800 148
1883810 148
1883820 148
1883830 148
1883840 148
1883850 148
1883860 148
1883870 147
1883880 147
1883890 147
1883900 147
1883910 148
1883920 148
1883930 147
1883940 147
1883950 147
1883960 147
1883970 147
1883980 147
1883990 147
1884000 147
1884010 147
1884020 147
1884030 147
1884040 147
1884050 147
1884060 147
1884070 147
1884080 147
1884090 147
1884100 147
1884110 147
1884120 147
1884130 147
1884140 148
1884150 148
1884160 150
1884170 149
1884180 149
1884190 147
1884200 147
1884210 147
1884220 147
1884230 147
1884240 147
1884250 147
1884260 147
1884270 147
1884280 147
1884290 147
1884300 147
1884310 147
1884320 147
1884330 147
1884340 147
1884350 147
1884360 147
1884370 147
1884380 147
1884390 147
1884400 147
1884410 147
1884420 147
1884430 147
1884440 147
1884450 147
1884460 147
1884470 147
1884480 147
1884490 147
1884500 147
1884510 147
1884520 147
1884530 147
1884540 147
1884550 147
1884560 147
1884570 147
1884580 147
1884590 147
1884600 147
1884610 147
1884620 147
1884630 147
1884640 147
1884650 147
1884660 147
1884670 147
1884680 147
1884690 147
1884700 148
1884710 148
1884720 148
1884730 149
1884740 149
1884750 149
1884760 149
1884770 149
1884780 149
1884790 149
1884800 149
1884810 149
1884820 149
1884830 149
1884840 149
1884850 147
1884860 147
1884870 147
1884880 147
1884890 147
1884900 147
1884910 147
1884920 147
1884930 147
1884940 147
1884950 147
1884960 147
1884970 147
1884980 147
1884990 147
1885000 147
1885010 147
1885020 147
1885030 147
1885040 147
1885050 147
1885060 148
1885070 148
1885080 149
1885090 148
1885100 148
1885110 148
1885120 148
1885130 148
1885140 148
1885150 148
1885160 148
1885170 148
1885180 148
1885190 148
1885200 148
1885210 147
1885220 147
1885230 148
1885240 148
1885250 148
1885260 148
1885270 148
1885280 148
1885290 148
1885300 148
1885310 148
1885320 148
1885330 148
1885340 148
1885350 148
1885360 148
1885370 148
1885380 148
1885390 148
1885400 148
1885410 148
1885420 148
1885430 148
1885440 148
1885450 148
1885460 148
1885470 148
1885480 148
1885490 148
1885500 148
1885510 148
1885520 148
1885530 148
1885540 148
1885550 148
1885560 148
1885570 148
1885580 148
1885590 148
1885600 148
1885610 148
1885620 148
1885630 149
1885640 148
1885650 149
1885660 149
1885670 149
1885680 149
1885690 149
1885700 149
1885710 149
1885720 149
1885730 149
1885740 148
1885750 148
1885760 148
1885770 148
1885780 148
1885790 148
1885800 147
1885810 147
1885820 147
1885830 147
1885840 147
1885850 147
1885860 147
1885870 147
1885880 147
1885890 148
1885900 148
1885910 148
1885920 149
1885930 149
1885940 149
1885950 148
1885960 148
1885970 148
1885980 148
1885990 148
1886000 148
1886010 148
1886020 148
1886030 148
1880000 161
1880010 161
1880020 160
1880030 160
1880040 159
1880050 159
1880060 159
1880070 157
1880080 157
1880090 157
1880100 156
1880110 155
1880120 155
1880130 154
1880140 154
1880150 154
1880160 154
1880170 154
1880180 154
1880190 153
1880200 153
1880210 153
1880220 153
1880230 153
1880240 153
1880250 153
1880260 153
1880270 153
1880280 153
1880290 153
1880300 153
1880310 153
1880320 153
1880330 153
1880340 153
1880350 153
1880360 153
1880370 153
1880380 153
1880390 153
1880400 152
1880410 152
1880420 152
1880430 152
1880440 152
1880450 152
1880460 152
1880470 152
1880480 152
1880490 151
1880500 151
1880510 151
1880520 151
1880530 152
1880540 152
1880550 152
1880560 152
1880570 152
1880580 152
1880590 153
1880600 153
1880610 153
1880620 153
1880630 153
1880640 153
1880650 154
1880660 154
1880670 154
1880680 154
1880690 153
1880700 153
1880710 153
1880720 153
1880730 153
1880740 153
1880750 152
1880760 152
1880770 152
1880780 152
1880790 152
1880800 152
1880810 152
1880820 151
1880830 151
1880840 151
1880850 151
1880860 151
1880870 151
1880880 151
1880890 151
1880900 150
1880910 150
1880920 150
1880930 150
1880940 150
1880950 150
1880960 150
1880970 150
1880980 150
1880990 151
1881000 151
1881010 151
1881020 151
1881030 152
1881040 152
1881050 152
1881060 152
1881070 152
1881080 153
1881090 153
1881100 153
1881110 153
1881120 153
1881130 153
1881140 153
1881150 153
1881160 153
1881170 153
1881180 153
1881190 153
1881200 153
1881210 153
1881220 153
1881230 153
1881240 152
1881250 152
1881260 152
1881270 152
1881280 152
1881290 151
1881300 150
1881310 150
1881320 149
1881330 149
1881340 149
1881350 148
1881360 148
1881370 148
1881380 148
1881390 148
1881400 148
1881410 148
1881420 148
1881430 148
1881440 148
1881450 148
1881460 148
1881470 148
1881480 148
1881490 148
1881500 148
1881510 148
1881520 148
1881530 148
1881540 148
1881550 148
1881560 148
1881570 148
1881580 148
1881590 148
1881600 148
1881610 148
1881620 148
1881630 148
1881640 148
1881650 148
1881660 148
1881670 148
1881680 148
1881690 148
1881700 148
1881710 148
1881720 148
1881730 148
1881740 148
1881750 148
1881760 148
1881770 148
1881780 148
1881790 148
1881800 148
1881810 148
1881820 148
1881830 148
1881840 148
1881850 148
1881860 148
1881870 148
1881880 148
1881890 148
1881900 148
1881910 148
1881920 148
1881930 148
1881940 148
1881950 148
1881960 148
1881970 148
1881980 148
1881990 148
1882000 148
1882010 148
1882020 148
1882030 148
1882040 148
1882050 148
1882060 148
1882070 148
1882080 148
1882090 148
1882100 148
1882110 148
1882120 148
1882130 148
1882140 148
1882150 148
1882160 148
1882170 148
1882180 148
1882190 148
1882200 148
1882210 148
1882220 148
1882230 148
1882240 148
1882250 148
1882260 148
1882270 148
1882280 147
1882290 147
1882300 147
1882310 147
1882320 147
1882330 147
1882340 147
1882350 147
1882360 147
1882370 147
1882380 147
1882390 147
1882400 147
1882410 148
1882420 148
1882430 148
1882440 148
1882450 148
1882460 148
1882470 148
1882480 148
1882490 148
1882500 148
1882510 148
1882520 148
1882530 148
1882540 148
1882550 148
1882560 148
1882570 148
1882580 148
1882590 148
1882600 148
1882610 148
1882620 148
1882630 148
1882640 148
1882650 148
1882660 148
1882670 148
1882680 148
1882690 148
1882700 148
1882710 148
1882720 148
1882730 148
1882740 148
1882750 148
1882760 148
1882770 148
1882780 148
1882790 148
1882800 148
1882810 148
1882820 148
1882830 148
1882840 148
1882850 148
1882860 148
1882870 148
1882880 148
1882890 148
1882900 148
1882910 148
1882920 148
1882930 148
1882940 148
1882950 148
1882960 148
1882970 148
1882980 148
1882990 148
1883000 148
1883010 148
1883020 148
1883030 148
1883040 148
1883050 148
1883060 148
1883070 148
1883080 148
1883090 148
1883100 148
1883110 148
1883120 148
1883130 148
1883140 148
1883150 148
1883160 149
1883170 148
1883180 148
1883190 147
1883200 148
1883210 148
1883220 148
1883230 148
1883240 148
1883250 148
1883260 148
1883270 148
1883280 148
1883290 148
1883300 148
1883310 148
1883320 148
1883330 147
1883340 147
1883350 147
1883360 147
1883370 148
1883380 148
1883390 148
1883400 148
1883410 148
1883420 147
1883430 147
1883440 147
1883450 147
1883460 147
1883470 147
1883480 147
1883490 147
1883500 147
1883510 147
1883520 148
1883530 148
1883540 148
1883550 148
1883560 148
1883570 148
1883580 148
1883590 148
1883600 148
1883610 148
1883620 148
1883630 148
1883640 148
1883650 148
1883660 147
1883670 147
1883680 147
1883690 148
1883700 148
1883710 148
1883720 148
1883730 148
1883740 148
1883750 148
1883760 148
1883770 148
1883780 148
1883790 148
1883800 148
1883810 148
1883820 148
1883830 148
1883840 148
1883850 148
1883860 148
1883870 147
1883880 147
1883890 147
1883900 147
1883910 148
1883920 148
1883930 147
1883940 147
1883950 147
1883960 147
1883970 147
1883980 147
1883990 147
1884000 147
1884010 147
1884020 147
1884030 147
1884040 147
1884050 147
1884060 147
1884070 147
1884080 147
1884090 147
1884100 147
1884110 147
1884120 147
1884130 147
1884140 148
1884150 148
1884160 150
1884170 149
1884180 149
1884190 147
1884200 147
1884210 147
1884220 147
1884230 147
1884240 147
1884250 147
1884260 147
1884270 147
1884280 147
1884290 147
1884300 147
1884310 147
1884320 147
1884330 147
1884340 147
1884350 147
1884360 147
1884370 147
1884380 147
1884390 147
1884400 147
1884410 147
1884420 147
1884430 147
1884440 147
1884450 147
1884460 147
1884470 147
1884480 147
1884490 147
1884500 147
1884510 147
1884520 147
1884530 147
1884540 147
1884550 147
1884560 147
1884570 147
1884580 147
1884590 147
1884600 147
1884610 147
1884620 147
1884630 147
1884640 147
1884650 147
1884660 147
1884670 147
1884680 147
1884690 147
1884700 148
1884710 148
1884720 148
1884730 149
1884740 149
1884750 149
1884760 149
1884770 149
1884780 149
1884790 149
1884800 149
1884810 149
1884820 149
1884830 149
1884840 149
1884850 147
1884860 147
1884870 147
1884880 147
1884890 147
1884900 147
1884910 147
1884920 147
1884930 147
1884940 147
1884950 147
1884960 147
1884970 147
1884980 147
1884990 147
1885000 147
1885010 147
1885020 147
1885030 147
1885040 147
1885050 147
1885060 148
1885070 148
1885080 149
1885090 148
1885100 148
1885110 148
1885120 148
1885130 148
1885140 148
1885150 148
1885160 148
1885170 148
1885180 148
1885190 148
1885200 148
1885210 147
1885220 147
1885230 148
1885240 148
1885250 148
1885260 148
1885270 148
1885280 148
1885290 148
1885300 148
1885310 148
1885320 148
1885330 148
1885340 148
1885350 148
1885360 148
1885370 148
1885380 148
1885390 148
1885400 148
1885410 148
1885420 148
1885430 148
1885440 148
1885450 148
1885460 148
1885470 148
1885480 148
1885490 148
1885500 148
1885510 148
1885520 148
1885530 148
1885540 148
1885550 148
1885560 148
1885570 148
1885580 148
1885590 148
1885600 148
1885610 148
1885620 148
1885630 149
1885640 148
1885650 149
1885660 149
1885670 149
1885680 149
1885690 149
1885700 149
1885710 149
1885720 149
1885730 149
1885740 148
1885750 148
1885760 148
1885770 148
1885780 148
1885790 148
1885800 147
1885810 147
1885820 147
1885830 147
1885840 147
1885850 147
1885860 147
1885870 147
1885880 147
1885890 148
1885900 148
1885910 148
1885920 149
1885930 149
1885940 149
1885950 148
1885960 148
1885970 148
1885980 148
1885990 148
1886000 148
1886010 148
1886020 148
1886030 148
