1880000 158
1880010 158
1880020 157
1880030 157
1880040 157
1880050 156
1880060 156
1880070 156
1880080 155
1880090 155
1880100 155
1880110 155
1880120 155
1880130 155
1880140 154
1880150 154
1880160 154
1880170 154
1880180 154
1880190 154
1880200 154
1880210 154
1880220 154
1880230 154
1880240 154
1880250 153
1880260 153
1880270 153
1880280 153
1880290 153
1880300 153
1880310 153
1880320 153
1880330 153
1880340 153
1880350 153
1880360 153
1880370 153
1880380 153
1880390 153
1880400 153
1880410 153
1880420 153
1880430 153
1880440 153
1880450 153
1880460 153
1880470 153
1880480 153
1880490 153
1880500 153
1880510 153
1880520 153
1880530 153
1880540 153
1880550 153
1880560 153
1880570 153
1880580 153
1880590 153
1880600 153
1880610 153
1880620 152
1880630 152
1880640 152
1880650 152
1880660 152
1880670 152
1880680 152
1880690 152
1880700 152
1880710 152
1880720 152
1880730 152
1880740 153
1880750 153
1880760 153
1880770 152
1880780 152
1880790 152
1880800 152
1880810 152
1880820 152
1880830 152
1880840 152
1880850 152
1880860 152
1880870 152
1880880 153
1880890 153
1880900 153
1880910 153
1880920 153
1880930 153
1880940 153
1880950 153
1880960 153
1880970 153
1880980 153
1880990 153
1881000 153
1881010 152
1881020 152
1881030 152
1881040 152
1881050 152
1881060 152
1881070 152
1881080 152
1881090 152
1881100 152
1881110 152
1881120 152
1881130 152
1881140 152
1881150 152
1881160 152
1881170 152
1881180 152
1881190 153
1881200 153
1881210 153
1881220 153
1881230 153
1881240 154
1881250 155
1881260 155
1881270 155
1881280 155
1881290 155
1881300 155
1881310 155
1881320 155
1881330 155
1881340 155
1881350 155
1881360 155
1881370 155
1881380 155
1881390 154
1881400 154
1881410 154
1881420 154
1881430 154
1881440 154
1881450 154
1881460 154
1881470 154
1881480 154
1881490 154
1881500 154
1881510 154
1881520 154
1881530 154
1881540 153
1881550 153
1881560 153
1881570 153
1881580 153
1881590 153
1881600 153
1881610 153
1881620 153
1881630 153
1881640 153
1881650 153
1881660 153
1881670 153
1881680 153
1881690 153
1881700 153
1881710 153
1881720 153
1881730 153
1881740 153
1881750 153
1881760 153
1881770 152
1881780 152
1881790 152
1881800 152
1881810 151
1881820 151
1881830 151
1881840 151
1881850 151
1881860 150
1881870 150
1881880 150
1881890 150
1881900 150
1881910 150
1881920 150
1881930 150
1881940 150
1881950 150
1881960 150
1881970 150
1881980 150
1881990 149
1882000 149
1882010 149
1882020 149
1882030 149
1882040 149
1882050 149
1882060 149
1882070 149
1882080 149
1882090 149
1882100 149
1882110 149
1882120 149
1882130 149
1882140 149
1882150 149
1882160 149
1882170 149
1882180 149
1882190 150
1882200 150
1882210 150
1882220 150
1882230 150
1882240 150
1882250 150
1882260 150
1882270 150
1882280 150
1882290 150
1882300 150
1882310 150
1882320 150
1882330 149
1882340 149
1882350 149
1882360 149
1882370 149
1882380 149
1882390 149
1882400 149
1882410 149
1882420 149
1882430 149
1882440 149
1882450 149
1882460 149
1882470 149
1882480 149
1882490 149
1882500 149
1882510 149
1882520 149
1882530 149
1882540 149
1882550 149
1882560 149
1882570 149
1882580 149
1882590 149
1882600 148
1882610 148
1882620 148
1882630 149
1882640 149
1882650 149
1882660 149
1882670 149
1882680 149
1882690 148
1882700 148
1882710 148
1882720 148
1882730 148
1882740 148
1882750 148
1882760 148
1882770 148
1882780 148
1882790 148
1882800 148
1882810 148
1882820 148
1882830 148
1882840 148
1882850 148
1882860 148
1882870 149
1882880 149
1882890 149
1882900 149
1882910 150
1882920 150
1882930 150
1882940 150
1882950 150
1882960 150
1882970 150
1882980 150
1882990 150
1883000 150
1883010 150
1883020 150
1883030 150
1883040 150
1883050 150
1883060 150
1883070 150
1883080 150
1883090 150
1883100 150
1883110 150
1883120 150
1883130 150
1883140 150
1883150 150
1883160 150
1883170 150
1883180 150
1883190 150
1883200 149
1883210 150
1883220 149
1883230 149
1883240 149
1883250 149
1883260 149
1883270 149
1883280 149
1883290 150
1883300 150
1883310 152
1883320 153
1883330 153
1883340 155
1883350 154
1883360 154
1883370 152
1883380 149
1883390 149
1883400 148
1883410 148
1883420 148
1883430 148
1883440 148
1883450 148
1883460 148
1883470 148
1883480 148
1883490 148
1883500 148
1883510 148
1883520 148
1883530 148
1883540 148
1883550 148
1883560 148
1883570 148
1883580 147
1883590 147
1883600 147
1883610 147
1883620 147
1883630 147
1883640 148
1883650 148
1883660 148
1883670 148
1883680 148
1883690 148
1883700 148
1883710 148
1883720 148
1883730 148
1883740 148
1883750 148
1883760 148
1883770 148
1883780 148
1883790 148
1883800 148
1883810 148
1883820 148
1883830 147
1883840 147
1883850 147
1883860 147
1883870 147
1883880 147
1883890 147
1883900 147
1883910 147
1883920 147
1883930 147
1883940 147
1883950 147
1883960 147
1883970 147
1883980 147
1883990 148
1884000 147
1884010 147
1884020 147
1884030 147
1884040 147
1884050 147
1884060 147
1884070 147
1884080 148
1884090 148
1884100 148
1884110 148
1884120 148
1884130 148
1884140 148
1884150 148
1884160 148
1884170 148
1884180 148
1884190 148
1884200 148
1884210 148
1884220 148
1884230 148
1884240 148
1884250 148
1884260 148
1884270 148
1884280 148
1884290 148
1884300 148
1884310 148
1884320 148
1884330 148
1884340 148
1884350 148
1884360 148
1884370 148
1884380 148
1884390 148
1884400 148
1884410 148
1884420 148
1884430 148
1884440 148
1884450 148
1884460 148
1884470 148
1884480 147
1884490 147
1884500 147
1884510 147
1884520 147
1884530 148
1884540 147
1884550 147
1884560 148
1884570 148
1884580 148
1884590 147
1884600 148
1884610 148
1884620 148
1884630 148
1884640 148
1884650 148
1884660 148
1884670 148
1884680 148
1884690 148
1884700 148
1884710 148
1884720 148
1884730 148
1884740 148
1884750 148
1884760 148
1884770 148
1884780 148
1884790 148
1884800 148
1884810 148
1884820 148
1884830 148
1884840 148
1884850 148
1884860 148
1884870 148
1884880 148
1884890 148
1884900 148
1884910 148
1884920 148
1884930 148
1884940 148
1884950 148
1884960 148
1884970 148
1884980 148
1884990 148
1885000 148
1885010 148
1885020 148
1885030 148
1885040 148
1885050 148
1885060 148
1885070 148
1885080 148
1885090 148
1885100 149
1885110 149
1885120 149
1885130 149
1885140 149
1885150 149
1885160 149
1885170 149
1885180 149
1885190 149
1885200 149
1885210 149
1885220 149
1885230 149
1885240 149
1885250 149
1885260 149
1885270 149
1885280 150
1885290 150
1885300 151
1885310 148
1885320 148
1885330 148
1885340 148
1885350 148
1885360 148
1885370 148
1885380 148
1885390 148
1885400 148
1885410 148
1885420 148
1885430 148
1885440 148
1885450 148
1885460 148
1885470 148
1885480 148
1885490 148
1885500 148
1885510 148
1885520 148
1885530 148
1885540 148
1885550 148
1885560 148
1885570 148
1885580 148
1885590 148
1885600 148
1885610 148
1885620 148
1885630 148
1885640 148
1885650 148
1885660 148
1885670 148
1885680 148
1885690 148
1885700 148
1885710 148
1885720 148
1885730 148
1885740 148
1885750 148
1885760 148
1885770 148
1885780 148
1885790 148
1885800 148
1885810 148
1885820 148
1885830 148
1885840 149
1885850 149
1885860 149
1885870 149
1885880 149
1885890 149
1885900 149
1885910 149
1885920 149
1885930 149
1885940 149
1885950 149
1885960 149
1885970 149
1885980 149
1885990 149
1886000 149
1886010 149
1886020 149
1886030 149
1886040 149
1886050 148
1886060 148
1886070 148
1886080 147
1886090 147
1886100 147
1886110 147
1886120 147
1886130 147
1886140 147
1886150 147
1886160 147
1886170 147
1886180 147
1886190 148
1886200 148
1886210 148
1886220 148
1886230 148
1886240 148
1886250 149
1886260 149
1886270 149
1886280 149
1886290 149
1886300 149
1886310 149
1886320 149
1886330 149
1886340 149
1886350 149
1880000 158
1880010 158
1880020 157
1880030 157
1880040 157
1880050 156
1880060 156
1880070 156
1880080 155
1880090 155
1880100 155
1880110 155
1880120 155
1880130 155
1880140 154
1880150 154
1880160 154
1880170 154
1880180 154
1880190 154
1880200 154
1880210 154
1880220 154
1880230 154
1880240 154
1880250 153
1880260 153
1880270 153
1880280 153
1880290 153
1880300 153
1880310 153
1880320 153
1880330 153
1880340 153
1880350 153
1880360 153
1880370 153
1880380 153
1880390 153
1880400 153
1880410 153
1880420 153
1880430 153
1880440 153
1880450 153
1880460 153
1880470 153
1880480 153
1880490 153
1880500 153
1880510 153
1880520 153
1880530 153
1880540 153
1880550 153
1880560 153
1880570 153
1880580 153
1880590 153
1880600 153
1880610 153
1880620 152
1880630 152
1880640 152
1880650 152
1880660 152
1880670 152
1880680 152
1880690 152
1880700 152
1880710 152
1880720 152
1880730 152
1880740 153
1880750 153
1880760 153
1880770 152
1880780 152
1880790 152
1880800 152
1880810 152
1880820 152
1880830 152
1880840 152
1880850 152
1880860 152
1880870 152
1880880 153
1880890 153
1880900 153
1880910 153
1880920 153
1880930 153
1880940 153
1880950 153
1880960 153
1880970 153
1880980 153
1880990 153
1881000 153
1881010 152
1881020 152
1881030 152
1881040 152
1881050 152
1881060 152
1881070 152
1881080 152
1881090 152
1881100 152
1881110 152
1881120 152
1881130 152
1881140 152
1881150 152
1881160 152
1881170 152
1881180 152
1881190 153
1881200 153
1881210 153
1881220 153
1881230 153
1881240 154
1881250 155
1881260 155
1881270 155
1881280 155
1881290 155
1881300 155
1881310 155
1881320 155
1881330 155
1881340 155
1881350 155
1881360 155
1881370 155
1881380 155
1881390 154
1881400 154
1881410 154
1881420 154
1881430 154
1881440 154
1881450 154
1881460 154
1881470 154
1881480 154
1881490 154
1881500 154
1881510 154
1881520 154
1881530 154
1881540 153
1881550 153
1881560 153
1881570 153
1881580 153
1881590 153
1881600 153
1881610 153
1881620 153
1881630 153
1881640 153
1881650 153
1881660 153
1881670 153
1881680 153
1881690 153
1881700 153
1881710 153
1881720 153
1881730 153
1881740 153
1881750 153
1881760 153
1881770 152
1881780 152
1881790 152
1881800 152
1881810 151
1881820 151
1881830 151
1881840 151
1881850 151
1881860 150
1881870 150
1881880 150
1881890 150
1881900 150
1881910 150
1881920 150
1881930 150
1881940 150
1881950 150
1881960 150
1881970 150
1881980 150
1881990 149
1882000 149
1882010 149
1882020 149
1882030 149
1882040 149
1882050 149
1882060 149
1882070 149
1882080 149
1882090 149
1882100 149
1882110 149
1882120 149
1882130 149
1882140 149
1882150 149
1882160 149
1882170 149
1882180 149
1882190 150
1882200 150
1882210 150
1882220 150
1882230 150
1882240 150
1882250 150
1882260 150
1882270 150
1882280 150
1882290 150
1882300 150
1882310 150
1882320 150
1882330 149
1882340 149
1882350 149
1882360 149
1882370 149
1882380 149
1882390 149
1882400 149
1882410 149
1882420 149
1882430 149
1882440 149
1882450 149
1882460 149
1882470 149
1882480 149
1882490 149
1882500 149
1882510 149
1882520 149
1882530 149
1882540 149
1882550 149
1882560 149
1882570 149
1882580 149
1882590 149
1882600 148
1882610 148
1882620 148
1882630 149
1882640 149
1882650 149
1882660 149
1882670 149
1882680 149
1882690 148
1882700 148
1882710 148
1882720 148
1882730 148
1882740 148
1882750 148
1882760 148
1882770 148
1882780 148
1882790 148
1882800 148
1882810 148
1882820 148
1882830 148
1882840 148
1882850 148
1882860 148
1882870 149
1882880 149
1882890 149
1882900 149
1882910 150
1882920 150
1882930 150
1882940 150
1882950 150
1882960 150
1882970 150
1882980 150
1882990 150
1883000 150
1883010 150
1883020 150
1883030 150
1883040 150
1883050 150
1883060 150
1883070 150
1883080 150
1883090 150
1883100 150
1883110 150
1883120 150
1883130 150
1883140 150
1883150 150
1883160 150
1883170 150
1883180 150
1883190 150
1883200 149
1883210 150
1883220 149
1883230 149
1883240 149
1883250 149
1883260 149
1883270 149
1883280 149
1883290 150
1883300 150
1883310 152
1883320 153
1883330 153
1883340 155
1883350 154
1883360 154
1883370 152
1883380 149
1883390 149
1883400 148
1883410 148
1883420 148
1883430 148
1883440 148
1883450 148
1883460 148
1883470 148
1883480 148
1883490 148
1883500 148
1883510 148
1883520 148
1883530 148
1883540 148
1883550 148
1883560 148
1883570 148
1883580 147
1883590 147
1883600 147
1883610 147
1883620 147
1883630 147
1883640 148
1883650 148
1883660 148
1883670 148
1883680 148
1883690 148
1883700 148
1883710 148
1883720 148
1883730 148
1883740 148
1883750 148
1883760 148
1883770 148
1883780 148
1883790 148
1883800 148
1883810 148
1883820 148
1883830 147
1883840 147
1883850 147
1883860 147
1883870 147
1883880 147
1883890 147
1883900 147
1883910 147
1883920 147
1883930 147
1883940 147
1883950 147
1883960 147
1883970 147
1883980 147
1883990 148
1884000 147
1884010 147
1884020 147
1884030 147
1884040 147
1884050 147
1884060 147
1884070 147
1884080 148
1884090 148
1884100 148
1884110 148
1884120 148
1884130 148
1884140 148
1884150 148
1884160 148
1884170 148
1884180 148
1884190 148
1884200 148
1884210 148
1884220 148
1884230 148
1884240 148
1884250 148
1884260 148
1884270 148
1884280 148
1884290 148
1884300 148
1884310 148
1884320 148
1884330 148
1884340 148
1884350 148
1884360 148
1884370 148
1884380 148
1884390 148
1884400 148
1884410 148
1884420 148
1884430 148
1884440 148
1884450 148
1884460 148
1884470 148
1884480 147
1884490 147
1884500 147
1884510 147
1884520 147
1884530 148
1884540 147
1884550 147
1884560 148
1884570 148
1884580 148
1884590 147
1884600 148
1884610 148
1884620 148
1884630 148
1884640 148
1884650 148
1884660 148
1884670 148
1884680 148
1884690 148
1884700 148
1884710 148
1884720 148
1884730 148
1884740 148
1884750 148
1884760 148
1884770 148
1884780 148
1884790 148
1884800 148
1884810 148
1884820 148
1884830 148
1884840 148
1884850 148
1884860 148
1884870 148
1884880 148
1884890 148
1884900 148
1884910 148
1884920 148
1884930 148
1884940 148
1884950 148
1884960 148
1884970 148
1884980 148
1884990 148
1885000 148
1885010 148
1885020 148
1885030 148
1885040 148
1885050 148
1885060 148
1885070 148
1885080 148
1885090 148
1885100 149
1885110 149
1885120 149
1885130 149
1885140 149
1885150 149
1885160 149
1885170 149
1885180 149
1885190 149
1885200 149
1885210 149
1885220 149
1885230 149
1885240 149
1885250 149
1885260 149
1885270 149
1885280 150
1885290 150
1885300 151
1885310 148
1885320 148
1885330 148
1885340 148
1885350 148
1885360 148
1885370 148
1885380 148
1885390 148
1885400 148
1885410 148
1885420 148
1885430 148
1885440 148
1885450 148
1885460 148
1885470 148
1885480 148
1885490 148
1885500 148
1885510 148
1885520 148
1885530 148
1885540 148
1885550 148
1885560 148
1885570 148
1885580 148
1885590 148
1885600 148
1885610 148
1885620 148
1885630 148
1885640 148
1885650 148
1885660 148
1885670 148
1885680 148
1885690 148
1885700 148
1885710 148
1885720 148
1885730 148
1885740 148
1885750 148
1885760 148
1885770 148
1885780 148
1885790 148
1885800 148
1885810 148
1885820 148
1885830 148
1885840 149
1885850 149
1885860 149
1885870 149
1885880 149
1885890 149
1885900 149
1885910 149
1885920 149
1885930 149
1885940 149
1885950 149
1885960 149
1885970 149
1885980 149
1885990 149
1886000 149
1886010 149
1886020 149
1886030 149
1886040 149
1886050 148
1886060 148
1886070 148
1886080 147
1886090 147
1886100 147
1886110 147
1886120 147
1886130 147
1886140 147
1886150 147
1886160 147
1886170 147
1886180 147
1886190 148
1886200 148
1886210 148
1886220 148
1886230 148
1886240 148
1886250 149
1886260 149
1886270 149
1886280 149
1886290 149
1886300 149
1886310 149
1886320 149
1886330 149
1886340 149
1886350 149
