1880000 158
1880010 158
1880020 158
1880030 157
1880040 157
1880050 157
1880060 156
1880070 156
1880080 156
1880090 156
1880100 155
1880110 155
1880120 155
1880130 154
1880140 154
1880150 154
1880160 154
1880170 153
1880180 153
1880190 153
1880200 153
1880210 153
1880220 153
1880230 153
1880240 153
1880250 153
1880260 153
1880270 153
1880280 153
1880290 153
1880300 153
1880310 153
1880320 153
1880330 153
1880340 153
1880350 153
1880360 153
1880370 153
1880380 153
1880390 153
1880400 153
1880410 153
1880420 153
1880430 153
1880440 153
1880450 153
1880460 153
1880470 153
1880480 153
1880490 153
1880500 153
1880510 153
1880520 153
1880530 153
1880540 153
1880550 153
1880560 153
1880570 153
1880580 154
1880590 154
1880600 154
1880610 154
1880620 154
1880630 154
1880640 154
1880650 154
1880660 154
1880670 154
1880680 155
1880690 155
1880700 155
1880710 155
1880720 155
1880730 155
1880740 155
1880750 155
1880760 153
1880770 154
1880780 154
1880790 154
1880800 153
1880810 153
1880820 153
1880830 153
1880840 153
1880850 153
1880860 153
1880870 153
1880880 153
1880890 153
1880900 153
1880910 152
1880920 152
1880930 152
1880940 152
1880950 152
1880960 152
1880970 152
1880980 152
1880990 152
1881000 152
1881010 152
1881020 152
1881030 152
1881040 152
1881050 152
1881060 152
1881070 152
1881080 152
1881090 152
1881100 152
1881110 152
1881120 152
1881130 152
1881140 153
1881150 153
1881160 153
1881170 153
1881180 153
1881190 153
1881200 153
1881210 153
1881220 153
1881230 154
1881240 154
1881250 154
1881260 154
1881270 154
1881280 154
1881290 155
1881300 155
1881310 155
1881320 156
1881330 156
1881340 156
1881350 156
1881360 156
1881370 156
1881380 155
1881390 155
1881400 155
1881410 155
1881420 155
1881430 155
1881440 154
1881450 154
1881460 154
1881470 154
1881480 154
1881490 154
1881500 154
1881510 153
1881520 153
1881530 153
1881540 153
1881550 153
1881560 153
1881570 153
1881580 153
1881590 153
1881600 153
1881610 153
1881620 153
1881630 153
1881640 153
1881650 153
1881660 153
1881670 153
1881680 153
1881690 152
1881700 152
1881710 152
1881720 152
1881730 152
1881740 152
1881750 152
1881760 152
1881770 151
1881780 151
1881790 151
1881800 151
1881810 151
1881820 151
1881830 151
1881840 151
1881850 150
1881860 150
1881870 150
1881880 150
1881890 150
1881900 150
1881910 150
1881920 150
1881930 150
1881940 150
1881950 150
1881960 150
1881970 150
1881980 150
1881990 150
1882000 150
1882010 150
1882020 150
1882030 150
1882040 150
1882050 150
1882060 150
1882070 150
1882080 150
1882090 150
1882100 150
1882110 150
1882120 150
1882130 150
1882140 150
1882150 150
1882160 150
1882170 150
1882180 150
1882190 149
1882200 149
1882210 149
1882220 149
1882230 149
1882240 149
1882250 149
1882260 149
1882270 149
1882280 149
1882290 149
1882300 149
1882310 149
1882320 149
1882330 149
1882340 149
1882350 149
1882360 148
1882370 149
1882380 149
1882390 149
1882400 147
1882410 147
1882420 149
1882430 148
1882440 148
1882450 148
1882460 148
1882470 148
1882480 148
1882490 148
1882500 148
1882510 149
1882520 149
1882530 149
1882540 149
1882550 149
1882560 149
1882570 149
1882580 149
1882590 149
1882600 149
1882610 149
1882620 149
1882630 149
1882640 149
1882650 149
1882660 149
1882670 149
1882680 149
1882690 149
1882700 149
1882710 149
1882720 149
1882730 149
1882740 149
1882750 148
1882760 148
1882770 148
1882780 148
1882790 148
1882800 149
1882810 149
1882820 149
1882830 149
1882840 149
1882850 149
1882860 148
1882870 148
1882880 148
1882890 148
1882900 148
1882910 148
1882920 148
1882930 148
1882940 148
1882950 148
1882960 148
1882970 148
1882980 148
1882990 148
1883000 148
1883010 148
1883020 148
1883030 148
1883040 148
1883050 149
1883060 149
1883070 149
1883080 149
1883090 149
1883100 149
1883110 149
1883120 149
1883130 149
1883140 149
1883150 149
1883160 149
1883170 149
1883180 149
1883190 149
1883200 149
1883210 149
1883220 149
1883230 149
1883240 149
1883250 149
1883260 150
1883270 150
1883280 150
1883290 150
1883300 150
1883310 150
1883320 149
1883330 149
1883340 149
1883350 149
1883360 149
1883370 149
1883380 149
1883390 149
1883400 149
1883410 149
1883420 149
1883430 148
1883440 148
1883450 148
1883460 148
1883470 148
1883480 148
1883490 148
1883500 148
1883510 148
1883520 148
1883530 148
1883540 148
1883550 148
1883560 148
1883570 148
1883580 148
1883590 148
1883600 148
1883610 147
1883620 147
1883630 147
1883640 147
1883650 147
1883660 147
1883670 147
1883680 147
1883690 147
1883700 147
1883710 147
1883720 147
1883730 147
1883740 147
1883750 147
1883760 148
1883770 148
1883780 148
1883790 148
1883800 148
1883810 148
1883820 148
1883830 148
1883840 148
1883850 148
1883860 148
1883870 148
1883880 148
1883890 148
1883900 148
1883910 148
1883920 148
1883930 148
1883940 148
1883950 148
1883960 148
1883970 148
1883980 148
1883990 148
1884000 148
1884010 148
1884020 148
1884030 148
1884040 148
1884050 148
1884060 148
1884070 148
1884080 148
1884090 148
1884100 148
1884110 148
1884120 148
1884130 148
1884140 148
1884150 148
1884160 148
1884170 148
1884180 148
1884190 148
1884200 148
1884210 148
1884220 148
1884230 148
1884240 148
1884250 148
1884260 148
1884270 148
1884280 148
1884290 148
1884300 148
1884310 148
1884320 148
1884330 148
1884340 148
1884350 148
1884360 148
1884370 148
1884380 148
1884390 148
1884400 148
1884410 148
1884420 148
1884430 148
1884440 148
1884450 148
1884460 147
1884470 148
1884480 148
1884490 148
1884500 148
1884510 148
1884520 148
1884530 148
1884540 148
1884550 148
1884560 148
1884570 148
1884580 148
1884590 148
1884600 148
1884610 148
1884620 148
1884630 148
1884640 148
1884650 148
1884660 148
1884670 148
1884680 148
1884690 148
1884700 148
1884710 148
1884720 148
1884730 148
1884740 148
1884750 148
1884760 148
1884770 148
1884780 148
1884790 148
1884800 148
1884810 148
1884820 148
1884830 148
1884840 148
1884850 148
1884860 148
1884870 148
1884880 148
1884890 148
1884900 148
1884910 148
1884920 148
1884930 148
1884940 148
1884950 148
1884960 148
1884970 148
1884980 148
1884990 148
1885000 148
1885010 148
1885020 148
1885030 148
1885040 148
1885050 148
1885060 148
1885070 148
1885080 148
1885090 148
1885100 148
1885110 148
1885120 148
1885130 148
1885140 148
1885150 148
1885160 148
1885170 148
1885180 148
1885190 148
1885200 148
1885210 148
1885220 148
1885230 148
1885240 148
1885250 148
1885260 148
1885270 148
1885280 148
1885290 148
1885300 148
1885310 148
1885320 148
1885330 148
1885340 148
1885350 148
1885360 148
1885370 148
1885380 148
1885390 148
1885400 148
1885410 148
1885420 148
1885430 148
1885440 148
1885450 148
1885460 148
1885470 148
1885480 148
1885490 148
1885500 148
1885510 148
1885520 148
1885530 148
1885540 148
1885550 148
1885560 148
1885570 148
1885580 148
1885590 148
1885600 148
1885610 148
1885620 149
1885630 151
1885640 151
1885650 149
1885660 148
1885670 148
1885680 148
1885690 148
1885700 148
1885710 148
1885720 148
1885730 148
1885740 148
1885750 148
1885760 148
1885770 148
1885780 148
1885790 148
1885800 148
1885810 148
1885820 148
1885830 149
1885840 149
1885850 149
1885860 149
1885870 149
1885880 150
1885890 150
1885900 150
1885910 150
1885920 150
1885930 150
1885940 150
1885950 150
1885960 150
1885970 150
1885980 150
1885990 150
1886000 149
1886010 149
1886020 149
1886030 149
1886040 148
1886050 148
1886060 148
1886070 148
1886080 148
1886090 148
1886100 148
1886110 148
1886120 148
1886130 149
1886140 149
1886150 148
1886160 148
1886170 148
1886180 148
1886190 148
1886200 148
1886210 148
1886220 148
1886230 148
1886240 148
1886250 148
1886260 148
1886270 148
1886280 148
1886290 148
1886300 148
1886310 148
1886320 148
1886330 148
1886340 148
1886350 148
1886360 148
1886370 148
1886380 148
1886390 148
1886400 148
1886410 148
1886420 148
1886430 148
1886440 148
1886450 148
1886460 148
1886470 148
1886480 148
1886490 149
1886500 149
1886510 149
1886520 149
1886530 149
1886540 148
1886550 149
1886560 149
1886570 148
1886580 147
1886590 147
1886600 147
1886610 147
1886620 147
1886630 147
1886640 147
1886650 147
1886660 147
1886670 147
1886680 147
1886690 148
1886700 148
1886710 149
1886720 149
1886730 149
1886740 149
1886750 149
1886760 149
1886770 149
1886780 149
1886790 149
1886800 149
1886810 148
1886820 148
1886830 148
1880000 158
1880010 158
1880020 158
1880030 157
1880040 157
1880050 157
1880060 156
1880070 156
1880080 156
1880090 156
1880100 155
1880110 155
1880120 155
1880130 154
1880140 154
1880150 154
1880160 154
1880170 153
1880180 153
1880190 153
1880200 153
1880210 153
1880220 153
1880230 153
1880240 153
1880250 153
1880260 153
1880270 153
1880280 153
1880290 153
1880300 153
1880310 153
1880320 153
1880330 153
1880340 153
1880350 153
1880360 153
1880370 153
1880380 153
1880390 153
1880400 153
1880410 153
1880420 153
1880430 153
1880440 153
1880450 153
1880460 153
1880470 153
1880480 153
1880490 153
1880500 153
1880510 153
1880520 153
1880530 153
1880540 153
1880550 153
1880560 153
1880570 153
1880580 154
1880590 154
1880600 154
1880610 154
1880620 154
1880630 154
1880640 154
1880650 154
1880660 154
1880670 154
1880680 155
1880690 155
1880700 155
1880710 155
1880720 155
1880730 155
1880740 155
1880750 155
1880760 153
1880770 154
1880780 154
1880790 154
1880800 153
1880810 153
1880820 153
1880830 153
1880840 153
1880850 153
1880860 153
1880870 153
1880880 153
1880890 153
1880900 153
1880910 152
1880920 152
1880930 152
1880940 152
1880950 152
1880960 152
1880970 152
1880980 152
1880990 152
1881000 152
1881010 152
1881020 152
1881030 152
1881040 152
1881050 152
1881060 152
1881070 152
1881080 152
1881090 152
1881100 152
1881110 152
1881120 152
1881130 152
1881140 153
1881150 153
1881160 153
1881170 153
1881180 153
1881190 153
1881200 153
1881210 153
1881220 153
1881230 154
1881240 154
1881250 154
1881260 154
1881270 154
1881280 154
1881290 155
1881300 155
1881310 155
1881320 156
1881330 156
1881340 156
1881350 156
1881360 156
1881370 156
1881380 155
1881390 155
1881400 155
1881410 155
1881420 155
1881430 155
1881440 154
1881450 154
1881460 154
1881470 154
1881480 154
1881490 154
1881500 154
1881510 153
1881520 153
1881530 153
1881540 153
1881550 153
1881560 153
1881570 153
1881580 153
1881590 153
1881600 153
1881610 153
1881620 153
1881630 153
1881640 153
1881650 153
1881660 153
1881670 153
1881680 153
1881690 152
1881700 152
1881710 152
1881720 152
1881730 152
1881740 152
1881750 152
1881760 152
1881770 151
1881780 151
1881790 151
1881800 151
1881810 151
1881820 151
1881830 151
1881840 151
1881850 150
1881860 150
1881870 150
1881880 150
1881890 150
1881900 150
1881910 150
1881920 150
1881930 150
1881940 150
1881950 150
1881960 150
1881970 150
1881980 150
1881990 150
1882000 150
1882010 150
1882020 150
1882030 150
1882040 150
1882050 150
1882060 150
1882070 150
1882080 150
1882090 150
1882100 150
1882110 150
1882120 150
1882130 150
1882140 150
1882150 150
1882160 150
1882170 150
1882180 150
1882190 149
1882200 149
1882210 149
1882220 149
1882230 149
1882240 149
1882250 149
1882260 149
1882270 149
1882280 149
1882290 149
1882300 149
1882310 149
1882320 149
1882330 149
1882340 149
1882350 149
1882360 148
1882370 149
1882380 149
1882390 149
1882400 147
1882410 147
1882420 149
1882430 148
1882440 148
1882450 148
1882460 148
1882470 148
1882480 148
1882490 148
1882500 148
1882510 149
1882520 149
1882530 149
1882540 149
1882550 149
1882560 149
1882570 149
1882580 149
1882590 149
1882600 149
1882610 149
1882620 149
1882630 149
1882640 149
1882650 149
1882660 149
1882670 149
1882680 149
1882690 149
1882700 149
1882710 149
1882720 149
1882730 149
1882740 149
1882750 148
1882760 148
1882770 148
1882780 148
1882790 148
1882800 149
1882810 149
1882820 149
1882830 149
1882840 149
1882850 149
1882860 148
1882870 148
1882880 148
1882890 148
1882900 148
1882910 148
1882920 148
1882930 148
1882940 148
1882950 148
1882960 148
1882970 148
1882980 148
1882990 148
1883000 148
1883010 148
1883020 148
1883030 148
1883040 148
1883050 149
1883060 149
1883070 149
1883080 149
1883090 149
1883100 149
1883110 149
1883120 149
1883130 149
1883140 149
1883150 149
1883160 149
1883170 149
1883180 149
1883190 149
1883200 149
1883210 149
1883220 149
1883230 149
1883240 149
1883250 149
1883260 150
1883270 150
1883280 150
1883290 150
1883300 150
1883310 150
1883320 149
1883330 149
1883340 149
1883350 149
1883360 149
1883370 149
1883380 149
1883390 149
1883400 149
1883410 149
1883420 149
1883430 148
1883440 148
1883450 148
1883460 148
1883470 148
1883480 148
1883490 148
1883500 148
1883510 148
1883520 148
1883530 148
1883540 148
1883550 148
1883560 148
1883570 148
1883580 148
1883590 148
1883600 148
1883610 147
1883620 147
1883630 147
1883640 147
1883650 147
1883660 147
1883670 147
1883680 147
1883690 147
1883700 147
1883710 147
1883720 147
1883730 147
1883740 147
1883750 147
1883760 148
1883770 148
1883780 148
1883790 148
1883800 148
1883810 148
1883820 148
1883830 148
1883840 148
1883850 148
1883860 148
1883870 148
1883880 148
1883890 148
1883900 148
1883910 148
1883920 148
1883930 148
1883940 148
1883950 148
1883960 148
1883970 148
1883980 148
1883990 148
1884000 148
1884010 148
1884020 148
1884030 148
1884040 148
1884050 148
1884060 148
1884070 148
1884080 148
1884090 148
1884100 148
1884110 148
1884120 148
1884130 148
1884140 148
1884150 148
1884160 148
1884170 148
1884180 148
1884190 148
1884200 148
1884210 148
1884220 148
1884230 148
1884240 148
1884250 148
1884260 148
1884270 148
1884280 148
1884290 148
1884300 148
1884310 148
1884320 148
1884330 148
1884340 148
1884350 148
1884360 148
1884370 148
1884380 148
1884390 148
1884400 148
1884410 148
1884420 148
1884430 148
1884440 148
1884450 148
1884460 147
1884470 148
1884480 148
1884490 148
1884500 148
1884510 148
1884520 148
1884530 148
1884540 148
1884550 148
1884560 148
1884570 148
1884580 148
1884590 148
1884600 148
1884610 148
1884620 148
1884630 148
1884640 148
1884650 148
1884660 148
1884670 148
1884680 148
1884690 148
1884700 148
1884710 148
1884720 148
1884730 148
1884740 148
1884750 148
1884760 148
1884770 148
1884780 148
1884790 148
1884800 148
1884810 148
1884820 148
1884830 148
1884840 148
1884850 148
1884860 148
1884870 148
1884880 148
1884890 148
1884900 148
1884910 148
1884920 148
1884930 148
1884940 148
1884950 148
1884960 148
1884970 148
1884980 148
1884990 148
1885000 148
1885010 148
1885020 148
1885030 148
1885040 148
1885050 148
1885060 148
1885070 148
1885080 148
1885090 148
1885100 148
1885110 148
1885120 148
1885130 148
1885140 148
1885150 148
1885160 148
1885170 148
1885180 148
1885190 148
1885200 148
1885210 148
1885220 148
1885230 148
1885240 148
1885250 148
1885260 148
1885270 148
1885280 148
1885290 148
1885300 148
1885310 148
1885320 148
1885330 148
1885340 148
1885350 148
1885360 148
1885370 148
1885380 148
1885390 148
1885400 148
1885410 148
1885420 148
1885430 148
1885440 148
1885450 148
1885460 148
1885470 148
1885480 148
1885490 148
1885500 148
1885510 148
1885520 148
1885530 148
1885540 148
1885550 148
1885560 148
1885570 148
1885580 148
1885590 148
1885600 148
1885610 148
1885620 149
1885630 151
1885640 151
1885650 149
1885660 148
1885670 148
1885680 148
1885690 148
1885700 148
1885710 148
1885720 148
1885730 148
1885740 148
1885750 148
1885760 148
1885770 148
1885780 148
1885790 148
1885800 148
1885810 148
1885820 148
1885830 149
1885840 149
1885850 149
1885860 149
1885870 149
1885880 150
1885890 150
1885900 150
1885910 150
1885920 150
1885930 150
1885940 150
1885950 150
1885960 150
1885970 150
1885980 150
1885990 150
1886000 149
1886010 149
1886020 149
1886030 149
1886040 148
1886050 148
1886060 148
1886070 148
1886080 148
1886090 148
1886100 148
1886110 148
1886120 148
1886130 149
1886140 149
1886150 148
1886160 148
1886170 148
1886180 148
1886190 148
1886200 148
1886210 148
1886220 148
1886230 148
1886240 148
1886250 148
1886260 148
1886270 148
1886280 148
1886290 148
1886300 148
1886310 148
1886320 148
1886330 148
1886340 148
1886350 148
1886360 148
1886370 148
1886380 148
1886390 148
1886400 148
1886410 148
1886420 148
1886430 148
1886440 148
1886450 148
1886460 148
1886470 148
1886480 148
1886490 149
1886500 149
1886510 149
1886520 149
1886530 149
1886540 148
1886550 149
1886560 149
1886570 148
1886580 147
1886590 147
1886600 147
1886610 147
1886620 147
1886630 147
1886640 147
1886650 147
1886660 147
1886670 147
1886680 147
1886690 148
1886700 148
1886710 149
1886720 149
1886730 149
1886740 149
1886750 149
1886760 149
1886770 149
1886780 149
1886790 149
1886800 149
1886810 148
1886820 148
1886830 148
