1880000 157
1880010 157
1880020 157
1880030 157
1880040 157
1880050 156
1880060 156
1880070 156
1880080 155
1880090 155
1880100 155
1880110 155
1880120 155
1880130 155
1880140 155
1880150 155
1880160 154
1880170 154
1880180 154
1880190 154
1880200 154
1880210 154
1880220 154
1880230 154
1880240 154
1880250 154
1880260 154
1880270 154
1880280 154
1880290 154
1880300 154
1880310 154
1880320 153
1880330 153
1880340 153
1880350 153
1880360 153
1880370 153
1880380 153
1880390 153
1880400 153
1880410 153
1880420 153
1880430 153
1880440 153
1880450 153
1880460 153
1880470 153
1880480 153
1880490 153
1880500 153
1880510 153
1880520 153
1880530 153
1880540 153
1880550 153
1880560 153
1880570 153
1880580 153
1880590 153
1880600 153
1880610 153
1880620 153
1880630 153
1880640 154
1880650 154
1880660 154
1880670 154
1880680 154
1880690 154
1880700 154
1880710 153
1880720 153
1880730 153
1880740 153
1880750 153
1880760 153
1880770 154
1880780 154
1880790 154
1880800 153
1880810 153
1880820 153
1880830 153
1880840 153
1880850 152
1880860 153
1880870 153
1880880 152
1880890 152
1880900 152
1880910 152
1880920 152
1880930 152
1880940 152
1880950 152
1880960 152
1880970 152
1880980 152
1880990 152
1881000 153
1881010 153
1881020 153
1881030 153
1881040 153
1881050 153
1881060 153
1881070 153
1881080 153
1881090 153
1881100 153
1881110 153
1881120 153
1881130 153
1881140 153
1881150 153
1881160 153
1881170 153
1881180 153
1881190 153
1881200 153
1881210 154
1881220 154
1881230 154
1881240 154
1881250 154
1881260 154
1881270 154
1881280 154
1881290 154
1881300 154
1881310 154
1881320 154
1881330 154
1881340 154
1881350 154
1881360 154
1881370 154
1881380 154
1881390 154
1881400 154
1881410 154
1881420 154
1881430 154
1881440 153
1881450 153
1881460 153
1881470 153
1881480 154
1881490 154
1881500 154
1881510 154
1881520 154
1881530 154
1881540 154
1881550 154
1881560 155
1881570 155
1881580 155
1881590 156
1881600 156
1881610 156
1881620 156
1881630 156
1881640 156
1881650 156
1881660 156
1881670 156
1881680 156
1881690 156
1881700 156
1881710 156
1881720 155
1881730 155
1881740 155
1881750 155
1881760 154
1881770 154
1881780 154
1881790 153
1881800 153
1881810 153
1881820 152
1881830 152
1881840 152
1881850 152
1881860 151
1881870 151
1881880 151
1881890 151
1881900 151
1881910 150
1881920 150
1881930 150
1881940 150
1881950 150
1881960 150
1881970 150
1881980 150
1881990 150
1882000 150
1882010 150
1882020 150
1882030 150
1882040 150
1882050 150
1882060 150
1882070 150
1882080 150
1882090 150
1882100 150
1882110 150
1882120 150
1882130 150
1882140 150
1882150 150
1882160 149
1882170 149
1882180 149
1882190 149
1882200 149
1882210 149
1882220 149
1882230 149
1882240 149
1882250 149
1882260 149
1882270 149
1882280 149
1882290 149
1882300 149
1882310 149
1882320 149
1882330 149
1882340 149
1882350 149
1882360 149
1882370 149
1882380 149
1882390 149
1882400 149
1882410 149
1882420 149
1882430 149
1882440 149
1882450 148
1882460 148
1882470 148
1882480 149
1882490 149
1882500 149
1882510 149
1882520 149
1882530 149
1882540 149
1882550 149
1882560 149
1882570 149
1882580 149
1882590 149
1882600 149
1882610 149
1882620 149
1882630 149
1882640 149
1882650 149
1882660 149
1882670 149
1882680 149
1882690 149
1882700 149
1882710 149
1882720 149
1882730 149
1882740 149
1882750 149
1882760 149
1882770 149
1882780 149
1882790 149
1882800 149
1882810 149
1882820 149
1882830 149
1882840 149
1882850 149
1882860 149
1882870 149
1882880 149
1882890 149
1882900 149
1882910 149
1882920 150
1882930 150
1882940 150
1882950 149
1882960 149
1882970 149
1882980 149
1882990 149
1883000 149
1883010 149
1883020 148
1883030 148
1883040 148
1883050 148
1883060 148
1883070 148
1883080 148
1883090 148
1883100 148
1883110 148
1883120 148
1883130 148
1883140 148
1883150 148
1883160 148
1883170 149
1883180 149
1883190 149
1883200 149
1883210 149
1883220 149
1883230 149
1883240 149
1883250 148
1883260 148
1883270 148
1883280 148
1883290 148
1883300 148
1883310 148
1883320 148
1883330 148
1883340 148
1883350 148
1883360 148
1883370 148
1883380 148
1883390 148
1883400 148
1883410 148
1883420 148
1883430 148
1883440 148
1883450 148
1883460 148
1883470 148
1883480 148
1883490 148
1883500 148
1883510 148
1883520 148
1883530 148
1883540 148
1883550 148
1883560 148
1883570 148
1883580 148
1883590 148
1883600 148
1883610 148
1883620 148
1883630 148
1883640 148
1883650 148
1883660 148
1883670 148
1883680 148
1883690 148
1883700 148
1883710 148
1883720 148
1883730 148
1883740 148
1883750 148
1883760 147
1883770 147
1883780 147
1883790 148
1883800 148
1883810 148
1883820 148
1883830 148
1883840 148
1883850 148
1883860 148
1883870 148
1883880 148
1883890 148
1883900 147
1883910 147
1883920 147
1883930 147
1883940 147
1883950 147
1883960 147
1883970 147
1883980 147
1883990 148
1884000 148
1884010 148
1884020 148
1884030 148
1884040 148
1884050 148
1884060 148
1884070 148
1884080 148
1884090 148
1884100 148
1884110 148
1884120 148
1884130 148
1884140 148
1884150 148
1884160 148
1884170 148
1884180 148
1884190 148
1884200 148
1884210 148
1884220 147
1884230 147
1884240 147
1884250 147
1884260 147
1884270 147
1884280 147
1884290 148
1884300 148
1884310 148
1884320 148
1884330 148
1884340 148
1884350 148
1884360 148
1884370 148
1884380 148
1884390 148
1884400 147
1884410 148
1884420 148
1884430 148
1884440 148
1884450 148
1884460 148
1884470 148
1884480 148
1884490 148
1884500 148
1884510 148
1884520 148
1884530 148
1884540 148
1884550 148
1884560 148
1884570 148
1884580 148
1884590 148
1884600 148
1884610 148
1884620 148
1884630 148
1884640 148
1884650 148
1884660 148
1884670 148
1884680 148
1884690 148
1884700 148
1884710 148
1884720 148
1884730 148
1884740 148
1884750 148
1884760 148
1884770 148
1884780 148
1884790 148
1884800 148
1884810 148
1884820 148
1884830 148
1884840 148
1884850 148
1884860 148
1884870 148
1884880 148
1884890 148
1884900 148
1884910 148
1884920 148
1884930 148
1884940 148
1884950 148
1884960 148
1884970 148
1884980 148
1884990 148
1885000 148
1885010 148
1885020 148
1885030 148
1885040 148
1885050 148
1885060 148
1885070 148
1885080 148
1885090 148
1885100 148
1885110 148
1885120 148
1885130 148
1885140 148
1885150 148
1885160 148
1885170 148
1885180 148
1885190 148
1885200 148
1885210 148
1885220 148
1885230 148
1885240 148
1885250 148
1885260 148
1885270 148
1885280 148
1885290 148
1885300 148
1885310 148
1885320 148
1885330 148
1885340 148
1885350 148
1885360 148
1885370 148
1885380 148
1885390 148
1885400 148
1885410 148
1885420 148
1885430 148
1885440 148
1885450 148
1885460 148
1885470 148
1885480 148
1885490 148
1885500 148
1885510 148
1885520 148
1885530 148
1885540 148
1885550 148
1885560 148
1885570 148
1885580 148
1885590 148
1885600 148
1885610 148
1885620 148
1885630 148
1885640 148
1885650 148
1885660 148
1885670 148
1885680 148
1885690 148
1885700 148
1885710 148
1885720 148
1885730 148
1885740 148
1885750 148
1885760 148
1885770 150
1885780 150
1885790 150
1885800 148
1885810 148
1885820 148
1885830 148
1885840 148
1885850 148
1885860 148
1885870 148
1885880 148
1885890 148
1885900 148
1885910 148
1885920 148
1885930 148
1885940 148
1885950 148
1885960 148
1885970 148
1885980 148
1885990 148
1886000 148
1886010 148
1886020 148
1886030 148
1886040 148
1886050 148
1886060 148
1886070 148
1886080 148
1886090 148
1886100 148
1886110 148
1886120 148
1886130 148
1886140 148
1886150 148
1886160 148
1886170 148
1886180 148
1886190 148
1886200 148
1886210 148
1886220 148
1886230 148
1886240 148
1886250 148
1886260 148
1886270 148
1886280 148
1886290 148
1886300 148
1886310 148
1886320 148
1886330 148
1886340 148
1886350 148
1886360 148
1886370 148
1886380 148
1886390 148
1886400 148
1886410 148
1886420 149
1886430 148
1886440 148
1886450 148
1886460 148
1886470 148
1886480 148
1886490 148
1886500 148
1886510 148
1886520 148
1886530 148
1886540 148
1886550 148
1886560 148
1886570 148
1886580 148
1886590 148
1886600 148
1886610 148
1886620 148
1886630 148
1886640 148
1886650 148
1886660 149
1886670 149
1886680 149
1886690 149
1886700 149
1886710 149
1886720 149
1886730 149
1886740 149
1886750 149
1886760 149
1886770 148
1886780 148
1886790 148
1886800 148
1886810 148
1886820 148
1886830 148
1886840 148
1886850 148
1886860 148
1886870 149
1886880 149
1886890 149
1886900 149
1886910 149
1886920 149
1886930 148
1886940 148
1886950 148
1880000 157
1880010 157
1880020 157
1880030 157
1880040 157
1880050 156
1880060 156
1880070 156
1880080 155
1880090 155
1880100 155
1880110 155
1880120 155
1880130 155
1880140 155
1880150 155
1880160 154
1880170 154
1880180 154
1880190 154
1880200 154
1880210 154
1880220 154
1880230 154
1880240 154
1880250 154
1880260 154
1880270 154
1880280 154
1880290 154
1880300 154
1880310 154
1880320 153
1880330 153
1880340 153
1880350 153
1880360 153
1880370 153
1880380 153
1880390 153
1880400 153
1880410 153
1880420 153
1880430 153
1880440 153
1880450 153
1880460 153
1880470 153
1880480 153
1880490 153
1880500 153
1880510 153
1880520 153
1880530 153
1880540 153
1880550 153
1880560 153
1880570 153
1880580 153
1880590 153
1880600 153
1880610 153
1880620 153
1880630 153
1880640 154
1880650 154
1880660 154
1880670 154
1880680 154
1880690 154
1880700 154
1880710 153
1880720 153
1880730 153
1880740 153
1880750 153
1880760 153
1880770 154
1880780 154
1880790 154
1880800 153
1880810 153
1880820 153
1880830 153
1880840 153
1880850 152
1880860 153
1880870 153
1880880 152
1880890 152
1880900 152
1880910 152
1880920 152
1880930 152
1880940 152
1880950 152
1880960 152
1880970 152
1880980 152
1880990 152
1881000 153
1881010 153
1881020 153
1881030 153
1881040 153
1881050 153
1881060 153
1881070 153
1881080 153
1881090 153
1881100 153
1881110 153
1881120 153
1881130 153
1881140 153
1881150 153
1881160 153
1881170 153
1881180 153
1881190 153
1881200 153
1881210 154
1881220 154
1881230 154
1881240 154
1881250 154
1881260 154
1881270 154
1881280 154
1881290 154
1881300 154
1881310 154
1881320 154
1881330 154
1881340 154
1881350 154
1881360 154
1881370 154
1881380 154
1881390 154
1881400 154
1881410 154
1881420 154
1881430 154
1881440 153
1881450 153
1881460 153
1881470 153
1881480 154
1881490 154
1881500 154
1881510 154
1881520 154
1881530 154
1881540 154
1881550 154
1881560 155
1881570 155
1881580 155
1881590 156
1881600 156
1881610 156
1881620 156
1881630 156
1881640 156
1881650 156
1881660 156
1881670 156
1881680 156
1881690 156
1881700 156
1881710 156
1881720 155
1881730 155
1881740 155
1881750 155
1881760 154
1881770 154
1881780 154
1881790 153
1881800 153
1881810 153
1881820 152
1881830 152
1881840 152
1881850 152
1881860 151
1881870 151
1881880 151
1881890 151
1881900 151
1881910 150
1881920 150
1881930 150
1881940 150
1881950 150
1881960 150
1881970 150
1881980 150
1881990 150
1882000 150
1882010 150
1882020 150
1882030 150
1882040 150
1882050 150
1882060 150
1882070 150
1882080 150
1882090 150
1882100 150
1882110 150
1882120 150
1882130 150
1882140 150
1882150 150
1882160 149
1882170 149
1882180 149
1882190 149
1882200 149
1882210 149
1882220 149
1882230 149
1882240 149
1882250 149
1882260 149
1882270 149
1882280 149
1882290 149
1882300 149
1882310 149
1882320 149
1882330 149
1882340 149
1882350 149
1882360 149
1882370 149
1882380 149
1882390 149
1882400 149
1882410 149
1882420 149
1882430 149
1882440 149
1882450 148
1882460 148
1882470 148
1882480 149
1882490 149
1882500 149
1882510 149
1882520 149
1882530 149
1882540 149
1882550 149
1882560 149
1882570 149
1882580 149
1882590 149
1882600 149
1882610 149
1882620 149
1882630 149
1882640 149
1882650 149
1882660 149
1882670 149
1882680 149
1882690 149
1882700 149
1882710 149
1882720 149
1882730 149
1882740 149
1882750 149
1882760 149
1882770 149
1882780 149
1882790 149
1882800 149
1882810 149
1882820 149
1882830 149
1882840 149
1882850 149
1882860 149
1882870 149
1882880 149
1882890 149
1882900 149
1882910 149
1882920 150
1882930 150
1882940 150
1882950 149
1882960 149
1882970 149
1882980 149
1882990 149
1883000 149
1883010 149
1883020 148
1883030 148
1883040 148
1883050 148
1883060 148
1883070 148
1883080 148
1883090 148
1883100 148
1883110 148
1883120 148
1883130 148
1883140 148
1883150 148
1883160 148
1883170 149
1883180 149
1883190 149
1883200 149
1883210 149
1883220 149
1883230 149
1883240 149
1883250 148
1883260 148
1883270 148
1883280 148
1883290 148
1883300 148
1883310 148
1883320 148
1883330 148
1883340 148
1883350 148
1883360 148
1883370 148
1883380 148
1883390 148
1883400 148
1883410 148
1883420 148
1883430 148
1883440 148
1883450 148
1883460 148
1883470 148
1883480 148
1883490 148
1883500 148
1883510 148
1883520 148
1883530 148
1883540 148
1883550 148
1883560 148
1883570 148
1883580 148
1883590 148
1883600 148
1883610 148
1883620 148
1883630 148
1883640 148
1883650 148
1883660 148
1883670 148
1883680 148
1883690 148
1883700 148
1883710 148
1883720 148
1883730 148
1883740 148
1883750 148
1883760 147
1883770 147
1883780 147
1883790 148
1883800 148
1883810 148
1883820 148
1883830 148
1883840 148
1883850 148
1883860 148
1883870 148
1883880 148
1883890 148
1883900 147
1883910 147
1883920 147
1883930 147
1883940 147
1883950 147
1883960 147
1883970 147
1883980 147
1883990 148
1884000 148
1884010 148
1884020 148
1884030 148
1884040 148
1884050 148
1884060 148
1884070 148
1884080 148
1884090 148
1884100 148
1884110 148
1884120 148
1884130 148
1884140 148
1884150 148
1884160 148
1884170 148
1884180 148
1884190 148
1884200 148
1884210 148
1884220 147
1884230 147
1884240 147
1884250 147
1884260 147
1884270 147
1884280 147
1884290 148
1884300 148
1884310 148
1884320 148
1884330 148
1884340 148
1884350 148
1884360 148
1884370 148
1884380 148
1884390 148
1884400 147
1884410 148
1884420 148
1884430 148
1884440 148
1884450 148
1884460 148
1884470 148
1884480 148
1884490 148
1884500 148
1884510 148
1884520 148
1884530 148
1884540 148
1884550 148
1884560 148
1884570 148
1884580 148
1884590 148
1884600 148
1884610 148
1884620 148
1884630 148
1884640 148
1884650 148
1884660 148
1884670 148
1884680 148
1884690 148
1884700 148
1884710 148
1884720 148
1884730 148
1884740 148
1884750 148
1884760 148
1884770 148
1884780 148
1884790 148
1884800 148
1884810 148
1884820 148
1884830 148
1884840 148
1884850 148
1884860 148
1884870 148
1884880 148
1884890 148
1884900 148
1884910 148
1884920 148
1884930 148
1884940 148
1884950 148
1884960 148
1884970 148
1884980 148
1884990 148
1885000 148
1885010 148
1885020 148
1885030 148
1885040 148
1885050 148
1885060 148
1885070 148
1885080 148
1885090 148
1885100 148
1885110 148
1885120 148
1885130 148
1885140 148
1885150 148
1885160 148
1885170 148
1885180 148
1885190 148
1885200 148
1885210 148
1885220 148
1885230 148
1885240 148
1885250 148
1885260 148
1885270 148
1885280 148
1885290 148
1885300 148
1885310 148
1885320 148
1885330 148
1885340 148
1885350 148
1885360 148
1885370 148
1885380 148
1885390 148
1885400 148
1885410 148
1885420 148
1885430 148
1885440 148
1885450 148
1885460 148
1885470 148
1885480 148
1885490 148
1885500 148
1885510 148
1885520 148
1885530 148
1885540 148
1885550 148
1885560 148
1885570 148
1885580 148
1885590 148
1885600 148
1885610 148
1885620 148
1885630 148
1885640 148
1885650 148
1885660 148
1885670 148
1885680 148
1885690 148
1885700 148
1885710 148
1885720 148
1885730 148
1885740 148
1885750 148
1885760 148
1885770 150
1885780 150
1885790 150
1885800 148
1885810 148
1885820 148
1885830 148
1885840 148
1885850 148
1885860 148
1885870 148
1885880 148
1885890 148
1885900 148
1885910 148
1885920 148
1885930 148
1885940 148
1885950 148
1885960 148
1885970 148
1885980 148
1885990 148
1886000 148
1886010 148
1886020 148
1886030 148
1886040 148
1886050 148
1886060 148
1886070 148
1886080 148
1886090 148
1886100 148
1886110 148
1886120 148
1886130 148
1886140 148
1886150 148
1886160 148
1886170 148
1886180 148
1886190 148
1886200 148
1886210 148
1886220 148
1886230 148
1886240 148
1886250 148
1886260 148
1886270 148
1886280 148
1886290 148
1886300 148
1886310 148
1886320 148
1886330 148
1886340 148
1886350 148
1886360 148
1886370 148
1886380 148
1886390 148
1886400 148
1886410 148
1886420 149
1886430 148
1886440 148
1886450 148
1886460 148
1886470 148
1886480 148
1886490 148
1886500 148
1886510 148
1886520 148
1886530 148
1886540 148
1886550 148
1886560 148
1886570 148
1886580 148
1886590 148
1886600 148
1886610 148
1886620 148
1886630 148
1886640 148
1886650 148
1886660 149
1886670 149
1886680 149
1886690 149
1886700 149
1886710 149
1886720 149
1886730 149
1886740 149
1886750 149
1886760 149
1886770 148
1886780 148
1886790 148
1886800 148
1886810 148
1886820 148
1886830 148
1886840 148
1886850 148
1886860 148
1886870 149
1886880 149
1886890 149
1886900 149
1886910 149
1886920 149
1886930 148
1886940 148
1886950 148
