1880000 157
1880010 157
1880020 157
1880030 157
1880040 156
1880050 156
1880060 156
1880070 156
1880080 156
1880090 156
1880100 156
1880110 156
1880120 156
1880130 156
1880140 155
1880150 155
1880160 155
1880170 155
1880180 155
1880190 155
1880200 154
1880210 154
1880220 154
1880230 154
1880240 154
1880250 154
1880260 154
1880270 154
1880280 154
1880290 154
1880300 154
1880310 154
1880320 154
1880330 154
1880340 153
1880350 153
1880360 154
1880370 153
1880380 153
1880390 153
1880400 153
1880410 153
1880420 153
1880430 153
1880440 153
1880450 153
1880460 153
1880470 153
1880480 153
1880490 153
1880500 153
1880510 153
1880520 153
1880530 153
1880540 153
1880550 153
1880560 153
1880570 153
1880580 153
1880590 153
1880600 153
1880610 153
1880620 153
1880630 153
1880640 153
1880650 153
1880660 153
1880670 153
1880680 153
1880690 153
1880700 153
1880710 153
1880720 153
1880730 153
1880740 153
1880750 153
1880760 153
1880770 153
1880780 154
1880790 154
1880800 154
1880810 154
1880820 154
1880830 154
1880840 153
1880850 153
1880860 153
1880870 153
1880880 154
1880890 154
1880900 154
1880910 154
1880920 154
1880930 154
1880940 154
1880950 154
1880960 154
1880970 154
1880980 154
1880990 154
1881000 154
1881010 154
1881020 154
1881030 154
1881040 154
1881050 154
1881060 154
1881070 154
1881080 154
1881090 154
1881100 154
1881110 154
1881120 153
1881130 153
1881140 153
1881150 153
1881160 153
1881170 153
1881180 153
1881190 153
1881200 153
1881210 153
1881220 153
1881230 153
1881240 153
1881250 153
1881260 153
1881270 153
1881280 153
1881290 153
1881300 153
1881310 153
1881320 153
1881330 153
1881340 153
1881350 153
1881360 153
1881370 154
1881380 154
1881390 154
1881400 154
1881410 154
1881420 154
1881430 154
1881440 154
1881450 154
1881460 152
1881470 151
1881480 151
1881490 152
1881500 153
1881510 153
1881520 153
1881530 153
1881540 153
1881550 154
1881560 154
1881570 154
1881580 154
1881590 155
1881600 155
1881610 155
1881620 155
1881630 155
1881640 155
1881650 155
1881660 155
1881670 155
1881680 155
1881690 155
1881700 155
1881710 154
1881720 154
1881730 154
1881740 154
1881750 154
1881760 153
1881770 153
1881780 153
1881790 153
1881800 152
1881810 152
1881820 152
1881830 151
1881840 151
1881850 151
1881860 151
1881870 151
1881880 151
1881890 151
1881900 151
1881910 151
1881920 151
1881930 151
1881940 151
1881950 151
1881960 151
1881970 151
1881980 151
1881990 151
1882000 151
1882010 151
1882020 151
1882030 151
1882040 151
1882050 151
1882060 151
1882070 150
1882080 150
1882090 150
1882100 150
1882110 150
1882120 150
1882130 149
1882140 149
1882150 149
1882160 149
1882170 149
1882180 149
1882190 149
1882200 149
1882210 149
1882220 149
1882230 149
1882240 149
1882250 149
1882260 149
1882270 149
1882280 149
1882290 149
1882300 149
1882310 149
1882320 149
1882330 149
1882340 149
1882350 149
1882360 149
1882370 149
1882380 149
1882390 150
1882400 150
1882410 150
1882420 150
1882430 150
1882440 149
1882450 149
1882460 149
1882470 149
1882480 150
1882490 150
1882500 150
1882510 148
1882520 148
1882530 148
1882540 149
1882550 149
1882560 149
1882570 149
1882580 149
1882590 149
1882600 149
1882610 149
1882620 149
1882630 149
1882640 149
1882650 149
1882660 149
1882670 149
1882680 149
1882690 149
1882700 149
1882710 149
1882720 149
1882730 149
1882740 149
1882750 149
1882760 149
1882770 149
1882780 149
1882790 149
1882800 149
1882810 149
1882820 149
1882830 149
1882840 149
1882850 149
1882860 149
1882870 149
1882880 149
1882890 149
1882900 149
1882910 149
1882920 149
1882930 149
1882940 149
1882950 149
1882960 149
1882970 149
1882980 148
1882990 148
1883000 148
1883010 148
1883020 148
1883030 148
1883040 148
1883050 148
1883060 148
1883070 148
1883080 148
1883090 148
1883100 148
1883110 148
1883120 148
1883130 148
1883140 148
1883150 148
1883160 148
1883170 148
1883180 148
1883190 148
1883200 148
1883210 148
1883220 149
1883230 149
1883240 149
1883250 149
1883260 149
1883270 149
1883280 149
1883290 149
1883300 149
1883310 148
1883320 148
1883330 148
1883340 148
1883350 148
1883360 148
1883370 148
1883380 148
1883390 148
1883400 148
1883410 148
1883420 148
1883430 148
1883440 148
1883450 148
1883460 148
1883470 148
1883480 148
1883490 148
1883500 148
1883510 148
1883520 148
1883530 148
1883540 148
1883550 148
1883560 148
1883570 148
1883580 148
1883590 148
1883600 148
1883610 148
1883620 148
1883630 148
1883640 148
1883650 148
1883660 149
1883670 149
1883680 149
1883690 149
1883700 149
1883710 149
1883720 148
1883730 148
1883740 148
1883750 148
1883760 148
1883770 148
1883780 148
1883790 148
1883800 148
1883810 148
1883820 148
1883830 148
1883840 148
1883850 148
1883860 148
1883870 148
1883880 148
1883890 148
1883900 148
1883910 148
1883920 148
1883930 148
1883940 148
1883950 148
1883960 148
1883970 148
1883980 148
1883990 148
1884000 148
1884010 148
1884020 148
1884030 148
1884040 148
1884050 148
1884060 148
1884070 148
1884080 148
1884090 148
1884100 148
1884110 148
1884120 148
1884130 148
1884140 148
1884150 148
1884160 148
1884170 148
1884180 148
1884190 148
1884200 148
1884210 148
1884220 148
1884230 148
1884240 148
1884250 148
1884260 148
1884270 148
1884280 148
1884290 147
1884300 147
1884310 147
1884320 147
1884330 147
1884340 147
1884350 147
1884360 147
1884370 147
1884380 147
1884390 147
1884400 147
1884410 147
1884420 147
1884430 147
1884440 147
1884450 147
1884460 147
1884470 148
1884480 148
1884490 148
1884500 148
1884510 148
1884520 148
1884530 148
1884540 148
1884550 148
1884560 148
1884570 148
1884580 148
1884590 148
1884600 148
1884610 148
1884620 148
1884630 148
1884640 148
1884650 148
1884660 148
1884670 148
1884680 148
1884690 148
1884700 148
1884710 148
1884720 148
1884730 148
1884740 148
1884750 148
1884760 148
1884770 148
1884780 148
1884790 148
1884800 148
1884810 148
1884820 148
1884830 148
1884840 148
1884850 148
1884860 148
1884870 148
1884880 148
1884890 148
1884900 148
1884910 148
1884920 148
1884930 148
1884940 148
1884950 148
1884960 148
1884970 148
1884980 148
1884990 148
1885000 148
1885010 148
1885020 148
1885030 148
1885040 148
1885050 148
1885060 148
1885070 148
1885080 148
1885090 148
1885100 148
1885110 148
1885120 148
1885130 148
1885140 148
1885150 148
1885160 148
1885170 148
1885180 148
1885190 148
1885200 148
1885210 148
1885220 148
1885230 148
1885240 148
1885250 148
1885260 148
1885270 148
1885280 148
1885290 148
1885300 148
1885310 148
1885320 148
1885330 148
1885340 148
1885350 148
1885360 148
1885370 148
1885380 148
1885390 148
1885400 148
1885410 148
1885420 148
1885430 148
1885440 148
1885450 148
1885460 148
1885470 148
1885480 148
1885490 148
1885500 148
1885510 148
1885520 148
1885530 148
1885540 148
1885550 148
1885560 148
1885570 148
1885580 148
1885590 148
1885600 148
1885610 148
1885620 148
1885630 148
1885640 148
1885650 148
1885660 148
1885670 148
1885680 148
1885690 148
1885700 148
1885710 148
1885720 148
1885730 148
1885740 148
1885750 148
1885760 148
1885770 148
1885780 148
1885790 148
1885800 148
1885810 148
1885820 149
1885830 149
1885840 149
1885850 148
1885860 149
1885870 149
1885880 151
1885890 149
1885900 149
1885910 149
1885920 148
1885930 148
1885940 148
1885950 148
1885960 148
1885970 148
1885980 148
1885990 148
1886000 148
1886010 148
1886020 148
1886030 148
1886040 149
1886050 149
1886060 148
1886070 149
1886080 149
1886090 149
1886100 149
1886110 149
1886120 149
1886130 149
1886140 149
1886150 149
1886160 149
1886170 149
1886180 149
1886190 148
1886200 148
1886210 148
1886220 148
1886230 148
1886240 148
1886250 148
1886260 148
1886270 148
1886280 148
1886290 148
1886300 148
1886310 148
1886320 148
1886330 148
1886340 148
1886350 148
1886360 148
1886370 148
1886380 148
1886390 148
1886400 148
1886410 148
1886420 148
1886430 148
1886440 148
1886450 148
1886460 148
1886470 148
1886480 148
1886490 148
1886500 148
1886510 148
1886520 148
1886530 148
1886540 148
1886550 148
1886560 148
1886570 148
1886580 148
1886590 148
1886600 148
1886610 148
1886620 148
1886630 148
1886640 148
1886650 148
1886660 148
1886670 148
1886680 148
1886690 148
1886700 148
1886710 148
1886720 148
1886730 148
1886740 148
1886750 148
1886760 148
1886770 148
1886780 148
1886790 148
1886800 149
1886810 149
1886820 149
1886830 149
1886840 148
1886850 148
1886860 148
1886870 148
1886880 148
1886890 148
1886900 148
1886910 148
1886920 148
1886930 148
1886940 148
1886950 149
1886960 149
1886970 149
1886980 149
1886990 149
1887000 149
1887010 149
1887020 149
1887030 149
1887040 149
1887050 149
1880000 157
1880010 157
1880020 157
1880030 157
1880040 156
1880050 156
1880060 156
1880070 156
1880080 156
1880090 156
1880100 156
1880110 156
1880120 156
1880130 156
1880140 155
1880150 155
1880160 155
1880170 155
1880180 155
1880190 155
1880200 154
1880210 154
1880220 154
1880230 154
1880240 154
1880250 154
1880260 154
1880270 154
1880280 154
1880290 154
1880300 154
1880310 154
1880320 154
1880330 154
1880340 153
1880350 153
1880360 154
1880370 153
1880380 153
1880390 153
1880400 153
1880410 153
1880420 153
1880430 153
1880440 153
1880450 153
1880460 153
1880470 153
1880480 153
1880490 153
1880500 153
1880510 153
1880520 153
1880530 153
1880540 153
1880550 153
1880560 153
1880570 153
1880580 153
1880590 153
1880600 153
1880610 153
1880620 153
1880630 153
1880640 153
1880650 153
1880660 153
1880670 153
1880680 153
1880690 153
1880700 153
1880710 153
1880720 153
1880730 153
1880740 153
1880750 153
1880760 153
1880770 153
1880780 154
1880790 154
1880800 154
1880810 154
1880820 154
1880830 154
1880840 153
1880850 153
1880860 153
1880870 153
1880880 154
1880890 154
1880900 154
1880910 154
1880920 154
1880930 154
1880940 154
1880950 154
1880960 154
1880970 154
1880980 154
1880990 154
1881000 154
1881010 154
1881020 154
1881030 154
1881040 154
1881050 154
1881060 154
1881070 154
1881080 154
1881090 154
1881100 154
1881110 154
1881120 153
1881130 153
1881140 153
1881150 153
1881160 153
1881170 153
1881180 153
1881190 153
1881200 153
1881210 153
1881220 153
1881230 153
1881240 153
1881250 153
1881260 153
1881270 153
1881280 153
1881290 153
1881300 153
1881310 153
1881320 153
1881330 153
1881340 153
1881350 153
1881360 153
1881370 154
1881380 154
1881390 154
1881400 154
1881410 154
1881420 154
1881430 154
1881440 154
1881450 154
1881460 152
1881470 151
1881480 151
1881490 152
1881500 153
1881510 153
1881520 153
1881530 153
1881540 153
1881550 154
1881560 154
1881570 154
1881580 154
1881590 155
1881600 155
1881610 155
1881620 155
1881630 155
1881640 155
1881650 155
1881660 155
1881670 155
1881680 155
1881690 155
1881700 155
1881710 154
1881720 154
1881730 154
1881740 154
1881750 154
1881760 153
1881770 153
1881780 153
1881790 153
1881800 152
1881810 152
1881820 152
1881830 151
1881840 151
1881850 151
1881860 151
1881870 151
1881880 151
1881890 151
1881900 151
1881910 151
1881920 151
1881930 151
1881940 151
1881950 151
1881960 151
1881970 151
1881980 151
1881990 151
1882000 151
1882010 151
1882020 151
1882030 151
1882040 151
1882050 151
1882060 151
1882070 150
1882080 150
1882090 150
1882100 150
1882110 150
1882120 150
1882130 149
1882140 149
1882150 149
1882160 149
1882170 149
1882180 149
1882190 149
1882200 149
1882210 149
1882220 149
1882230 149
1882240 149
1882250 149
1882260 149
1882270 149
1882280 149
1882290 149
1882300 149
1882310 149
1882320 149
1882330 149
1882340 149
1882350 149
1882360 149
1882370 149
1882380 149
1882390 150
1882400 150
1882410 150
1882420 150
1882430 150
1882440 149
1882450 149
1882460 149
1882470 149
1882480 150
1882490 150
1882500 150
1882510 148
1882520 148
1882530 148
1882540 149
1882550 149
1882560 149
1882570 149
1882580 149
1882590 149
1882600 149
1882610 149
1882620 149
1882630 149
1882640 149
1882650 149
1882660 149
1882670 149
1882680 149
1882690 149
1882700 149
1882710 149
1882720 149
1882730 149
1882740 149
1882750 149
1882760 149
1882770 149
1882780 149
1882790 149
1882800 149
1882810 149
1882820 149
1882830 149
1882840 149
1882850 149
1882860 149
1882870 149
1882880 149
1882890 149
1882900 149
1882910 149
1882920 149
1882930 149
1882940 149
1882950 149
1882960 149
1882970 149
1882980 148
1882990 148
1883000 148
1883010 148
1883020 148
1883030 148
1883040 148
1883050 148
1883060 148
1883070 148
1883080 148
1883090 148
1883100 148
1883110 148
1883120 148
1883130 148
1883140 148
1883150 148
1883160 148
1883170 148
1883180 148
1883190 148
1883200 148
1883210 148
1883220 149
1883230 149
1883240 149
1883250 149
1883260 149
1883270 149
1883280 149
1883290 149
1883300 149
1883310 148
1883320 148
1883330 148
1883340 148
1883350 148
1883360 148
1883370 148
1883380 148
1883390 148
1883400 148
1883410 148
1883420 148
1883430 148
1883440 148
1883450 148
1883460 148
1883470 148
1883480 148
1883490 148
1883500 148
1883510 148
1883520 148
1883530 148
1883540 148
1883550 148
1883560 148
1883570 148
1883580 148
1883590 148
1883600 148
1883610 148
1883620 148
1883630 148
1883640 148
1883650 148
1883660 149
1883670 149
1883680 149
1883690 149
1883700 149
1883710 149
1883720 148
1883730 148
1883740 148
1883750 148
1883760 148
1883770 148
1883780 148
1883790 148
1883800 148
1883810 148
1883820 148
1883830 148
1883840 148
1883850 148
1883860 148
1883870 148
1883880 148
1883890 148
1883900 148
1883910 148
1883920 148
1883930 148
1883940 148
1883950 148
1883960 148
1883970 148
1883980 148
1883990 148
1884000 148
1884010 148
1884020 148
1884030 148
1884040 148
1884050 148
1884060 148
1884070 148
1884080 148
1884090 148
1884100 148
1884110 148
1884120 148
1884130 148
1884140 148
1884150 148
1884160 148
1884170 148
1884180 148
1884190 148
1884200 148
1884210 148
1884220 148
1884230 148
1884240 148
1884250 148
1884260 148
1884270 148
1884280 148
1884290 147
1884300 147
1884310 147
1884320 147
1884330 147
1884340 147
1884350 147
1884360 147
1884370 147
1884380 147
1884390 147
1884400 147
1884410 147
1884420 147
1884430 147
1884440 147
1884450 147
1884460 147
1884470 148
1884480 148
1884490 148
1884500 148
1884510 148
1884520 148
1884530 148
1884540 148
1884550 148
1884560 148
1884570 148
1884580 148
1884590 148
1884600 148
1884610 148
1884620 148
1884630 148
1884640 148
1884650 148
1884660 148
1884670 148
1884680 148
1884690 148
1884700 148
1884710 148
1884720 148
1884730 148
1884740 148
1884750 148
1884760 148
1884770 148
1884780 148
1884790 148
1884800 148
1884810 148
1884820 148
1884830 148
1884840 148
1884850 148
1884860 148
1884870 148
1884880 148
1884890 148
1884900 148
1884910 148
1884920 148
1884930 148
1884940 148
1884950 148
1884960 148
1884970 148
1884980 148
1884990 148
1885000 148
1885010 148
1885020 148
1885030 148
1885040 148
1885050 148
1885060 148
1885070 148
1885080 148
1885090 148
1885100 148
1885110 148
1885120 148
1885130 148
1885140 148
1885150 148
1885160 148
1885170 148
1885180 148
1885190 148
1885200 148
1885210 148
1885220 148
1885230 148
1885240 148
1885250 148
1885260 148
1885270 148
1885280 148
1885290 148
1885300 148
1885310 148
1885320 148
1885330 148
1885340 148
1885350 148
1885360 148
1885370 148
1885380 148
1885390 148
1885400 148
1885410 148
1885420 148
1885430 148
1885440 148
1885450 148
1885460 148
1885470 148
1885480 148
1885490 148
1885500 148
1885510 148
1885520 148
1885530 148
1885540 148
1885550 148
1885560 148
1885570 148
1885580 148
1885590 148
1885600 148
1885610 148
1885620 148
1885630 148
1885640 148
1885650 148
1885660 148
1885670 148
1885680 148
1885690 148
1885700 148
1885710 148
1885720 148
1885730 148
1885740 148
1885750 148
1885760 148
1885770 148
1885780 148
1885790 148
1885800 148
1885810 148
1885820 149
1885830 149
1885840 149
1885850 148
1885860 149
1885870 149
1885880 151
1885890 149
1885900 149
1885910 149
1885920 148
1885930 148
1885940 148
1885950 148
1885960 148
1885970 148
1885980 148
1885990 148
1886000 148
1886010 148
1886020 148
1886030 148
1886040 149
1886050 149
1886060 148
1886070 149
1886080 149
1886090 149
1886100 149
1886110 149
1886120 149
1886130 149
1886140 149
1886150 149
1886160 149
1886170 149
1886180 149
1886190 148
1886200 148
1886210 148
1886220 148
1886230 148
1886240 148
1886250 148
1886260 148
1886270 148
1886280 148
1886290 148
1886300 148
1886310 148
1886320 148
1886330 148
1886340 148
1886350 148
1886360 148
1886370 148
1886380 148
1886390 148
1886400 148
1886410 148
1886420 148
1886430 148
1886440 148
1886450 148
1886460 148
1886470 148
1886480 148
1886490 148
1886500 148
1886510 148
1886520 148
1886530 148
1886540 148
1886550 148
1886560 148
1886570 148
1886580 148
1886590 148
1886600 148
1886610 148
1886620 148
1886630 148
1886640 148
1886650 148
1886660 148
1886670 148
1886680 148
1886690 148
1886700 148
1886710 148
1886720 148
1886730 148
1886740 148
1886750 148
1886760 148
1886770 148
1886780 148
1886790 148
1886800 149
1886810 149
1886820 149
1886830 149
1886840 148
1886850 148
1886860 148
1886870 148
1886880 148
1886890 148
1886900 148
1886910 148
1886920 148
1886930 148
1886940 148
1886950 149
1886960 149
1886970 149
1886980 149
1886990 149
1887000 149
1887010 149
1887020 149
1887030 149
1887040 149
1887050 149
