1880000 156
1880010 156
1880020 156
1880030 156
1880040 156
1880050 156
1880060 156
1880070 156
1880080 156
1880090 156
1880100 156
1880110 156
1880120 156
1880130 156
1880140 155
1880150 155
1880160 155
1880170 155
1880180 155
1880190 155
1880200 155
1880210 155
1880220 155
1880230 155
1880240 155
1880250 155
1880260 155
1880270 155
1880280 155
1880290 155
1880300 155
1880310 155
1880320 155
1880330 155
1880340 155
1880350 155
1880360 155
1880370 155
1880380 155
1880390 155
1880400 155
1880410 155
1880420 155
1880430 154
1880440 154
1880450 154
1880460 154
1880470 154
1880480 154
1880490 154
1880500 154
1880510 154
1880520 154
1880530 155
1880540 155
1880550 155
1880560 155
1880570 155
1880580 155
1880590 155
1880600 155
1880610 155
1880620 155
1880630 155
1880640 155
1880650 155
1880660 155
1880670 155
1880680 155
1880690 155
1880700 155
1880710 155
1880720 155
1880730 154
1880740 154
1880750 154
1880760 154
1880770 154
1880780 154
1880790 154
1880800 154
1880810 153
1880820 153
1880830 153
1880840 153
1880850 153
1880860 153
1880870 153
1880880 154
1880890 154
1880900 153
1880910 153
1880920 153
1880930 153
1880940 154
1880950 154
1880960 153
1880970 152
1880980 152
1880990 152
1881000 152
1881010 152
1881020 152
1881030 152
1881040 152
1881050 152
1881060 152
1881070 152
1881080 152
1881090 152
1881100 152
1881110 152
1881120 152
1881130 152
1881140 152
1881150 152
1881160 152
1881170 152
1881180 152
1881190 152
1881200 152
1881210 152
1881220 152
1881230 152
1881240 152
1881250 152
1881260 152
1881270 152
1881280 152
1881290 152
1881300 152
1881310 152
1881320 152
1881330 152
1881340 152
1881350 152
1881360 153
1881370 153
1881380 153
1881390 153
1881400 153
1881410 152
1881420 152
1881430 152
1881440 152
1881450 152
1881460 152
1881470 152
1881480 152
1881490 152
1881500 152
1881510 152
1881520 152
1881530 152
1881540 152
1881550 151
1881560 151
1881570 151
1881580 151
1881590 151
1881600 151
1881610 151
1881620 151
1881630 151
1881640 151
1881650 151
1881660 151
1881670 151
1881680 151
1881690 151
1881700 151
1881710 151
1881720 151
1881730 151
1881740 151
1881750 151
1881760 151
1881770 151
1881780 151
1881790 151
1881800 151
1881810 151
1881820 151
1881830 151
1881840 151
1881850 151
1881860 151
1881870 151
1881880 151
1881890 151
1881900 151
1881910 151
1881920 151
1881930 151
1881940 151
1881950 151
1881960 151
1881970 151
1881980 151
1881990 151
1882000 151
1882010 151
1882020 151
1882030 150
1882040 150
1882050 150
1882060 150
1882070 150
1882080 150
1882090 150
1882100 150
1882110 150
1882120 150
1882130 150
1882140 150
1882150 149
1882160 149
1882170 149
1882180 149
1882190 149
1882200 149
1882210 149
1882220 149
1882230 149
1882240 149
1882250 149
1882260 149
1882270 149
1882280 149
1882290 149
1882300 149
1882310 149
1882320 149
1882330 149
1882340 149
1882350 149
1882360 149
1882370 149
1882380 149
1882390 149
1882400 149
1882410 149
1882420 149
1882430 149
1882440 149
1882450 149
1882460 149
1882470 149
1882480 149
1882490 149
1882500 149
1882510 149
1882520 149
1882530 149
1882540 149
1882550 149
1882560 149
1882570 149
1882580 149
1882590 149
1882600 149
1882610 149
1882620 149
1882630 149
1882640 149
1882650 149
1882660 149
1882670 149
1882680 149
1882690 148
1882700 148
1882710 149
1882720 149
1882730 149
1882740 149
1882750 149
1882760 149
1882770 149
1882780 150
1882790 150
1882800 150
1882810 150
1882820 150
1882830 150
1882840 150
1882850 150
1882860 151
1882870 151
1882880 151
1882890 151
1882900 150
1882910 150
1882920 150
1882930 150
1882940 150
1882950 150
1882960 149
1882970 149
1882980 149
1882990 149
1883000 149
1883010 149
1883020 149
1883030 149
1883040 149
1883050 149
1883060 149
1883070 148
1883080 148
1883090 148
1883100 148
1883110 148
1883120 148
1883130 148
1883140 148
1883150 148
1883160 148
1883170 148
1883180 148
1883190 148
1883200 148
1883210 148
1883220 148
1883230 148
1883240 148
1883250 148
1883260 148
1883270 148
1883280 148
1883290 148
1883300 148
1883310 148
1883320 148
1883330 148
1883340 148
1883350 148
1883360 148
1883370 148
1883380 148
1883390 148
1883400 148
1883410 148
1883420 148
1883430 148
1883440 148
1883450 148
1883460 148
1883470 148
1883480 148
1883490 148
1883500 148
1883510 148
1883520 148
1883530 148
1883540 148
1883550 148
1883560 148
1883570 148
1883580 148
1883590 148
1883600 148
1883610 148
1883620 148
1883630 148
1883640 148
1883650 148
1883660 148
1883670 148
1883680 148
1883690 148
1883700 148
1883710 148
1883720 148
1883730 148
1883740 148
1883750 148
1883760 148
1883770 148
1883780 148
1883790 148
1883800 148
1883810 148
1883820 148
1883830 148
1883840 148
1883850 148
1883860 148
1883870 148
1883880 148
1883890 149
1883900 149
1883910 149
1883920 149
1883930 149
1883940 149
1883950 149
1883960 149
1883970 149
1883980 148
1883990 148
1884000 148
1884010 148
1884020 148
1884030 148
1884040 148
1884050 148
1884060 148
1884070 148
1884080 148
1884090 148
1884100 148
1884110 148
1884120 148
1884130 148
1884140 148
1884150 148
1884160 148
1884170 148
1884180 148
1884190 148
1884200 148
1884210 148
1884220 148
1884230 148
1884240 148
1884250 148
1884260 149
1884270 149
1884280 149
1884290 149
1884300 149
1884310 149
1884320 149
1884330 149
1884340 149
1884350 149
1884360 149
1884370 148
1884380 148
1884390 148
1884400 149
1884410 149
1884420 149
1884430 149
1884440 149
1884450 149
1884460 149
1884470 149
1884480 149
1884490 148
1884500 148
1884510 148
1884520 148
1884530 148
1884540 148
1884550 148
1884560 148
1884570 148
1884580 149
1884590 149
1884600 149
1884610 149
1884620 149
1884630 149
1884640 149
1884650 148
1884660 148
1884670 148
1884680 148
1884690 148
1884700 148
1884710 148
1884720 148
1884730 148
1884740 148
1884750 148
1884760 148
1884770 148
1884780 148
1884790 148
1884800 148
1884810 148
1884820 148
1884830 148
1884840 148
1884850 148
1884860 148
1884870 148
1884880 148
1884890 148
1884900 148
1884910 148
1884920 148
1884930 148
1884940 148
1884950 148
1884960 148
1884970 148
1884980 148
1884990 148
1885000 148
1885010 148
1885020 149
1885030 149
1885040 149
1885050 149
1885060 149
1885070 149
1885080 149
1885090 149
1885100 149
1885110 149
1885120 149
1885130 149
1885140 149
1885150 149
1885160 149
1885170 148
1885180 148
1885190 148
1885200 148
1885210 148
1885220 148
1885230 148
1885240 148
1885250 148
1885260 148
1885270 148
1885280 148
1885290 148
1885300 148
1885310 148
1885320 148
1885330 148
1885340 148
1885350 148
1885360 148
1885370 148
1885380 148
1885390 148
1885400 148
1885410 148
1885420 149
1885430 149
1885440 149
1885450 149
1885460 149
1885470 149
1885480 149
1885490 149
1885500 149
1885510 149
1885520 149
1885530 149
1885540 149
1885550 149
1885560 149
1885570 149
1885580 149
1885590 149
1885600 149
1885610 149
1885620 149
1885630 149
1885640 149
1885650 148
1885660 148
1885670 148
1885680 148
1885690 148
1885700 148
1885710 148
1885720 148
1885730 148
1885740 148
1885750 148
1885760 148
1885770 148
1885780 148
1885790 148
1885800 148
1885810 148
1885820 148
1885830 148
1885840 148
1885850 148
1885860 148
1885870 148
1885880 148
1885890 148
1885900 148
1885910 148
1885920 148
1885930 148
1885940 148
1885950 148
1885960 148
1885970 148
1885980 148
1885990 148
1886000 148
1886010 148
1886020 148
1886030 148
1886040 148
1886050 148
1886060 148
1886070 148
1886080 148
1886090 148
1886100 148
1886110 148
1886120 148
1886130 148
1886140 148
1886150 148
1886160 148
1886170 148
1886180 148
1886190 149
1886200 149
1886210 149
1886220 150
1886230 150
1886240 151
1886250 151
1886260 149
1886270 149
1886280 149
1886290 148
1886300 149
1886310 149
1886320 149
1886330 149
1886340 149
1886350 149
1886360 149
1886370 149
1886380 149
1886390 149
1886400 149
1886410 149
1886420 149
1886430 149
1886440 149
1886450 148
1886460 148
1886470 148
1886480 148
1886490 148
1886500 148
1886510 148
1886520 148
1886530 149
1886540 148
1886550 148
1886560 148
1886570 148
1886580 148
1886590 148
1886600 149
1886610 149
1886620 149
1886630 149
1886640 149
1886650 148
1886660 148
1886670 148
1886680 148
1886690 148
1886700 148
1886710 148
1886720 148
1886730 148
1886740 148
1886750 149
1886760 149
1886770 149
1886780 149
1886790 149
1886800 149
1886810 149
1886820 149
1886830 149
1886840 149
1886850 149
1886860 148
1886870 148
1886880 148
1886890 148
1886900 148
1886910 148
1886920 148
1886930 148
1886940 148
1886950 148
1886960 148
1886970 148
1886980 149
1886990 149
1887000 149
1887010 149
1887020 149
1887030 149
1887040 149
1887050 149
1887060 149
1887070 149
1887080 149
1887090 149
1887100 149
1887110 149
1887120 148
1887130 148
1887140 148
1887150 149
1887160 149
1887170 149
1887180 149
1887190 149
1887200 149
1887210 149
1887220 149
1887230 149
1887240 148
1887250 148
1887260 148
1887270 148
1887280 148
1887290 148
1887300 148
1887310 148
1887320 148
1887330 148
1887340 149
1887350 149
1887360 149
1887370 148
1887380 148
1887390 149
1887400 149
1887410 149
1887420 148
1887430 148
1887440 148
1880000 156
1880010 156
1880020 156
1880030 156
1880040 156
1880050 156
1880060 156
1880070 156
1880080 156
1880090 156
1880100 156
1880110 156
1880120 156
1880130 156
1880140 155
1880150 155
1880160 155
1880170 155
1880180 155
1880190 155
1880200 155
1880210 155
1880220 155
1880230 155
1880240 155
1880250 155
1880260 155
1880270 155
1880280 155
1880290 155
1880300 155
1880310 155
1880320 155
1880330 155
1880340 155
1880350 155
1880360 155
1880370 155
1880380 155
1880390 155
1880400 155
1880410 155
1880420 155
1880430 154
1880440 154
1880450 154
1880460 154
1880470 154
1880480 154
1880490 154
1880500 154
1880510 154
1880520 154
1880530 155
1880540 155
1880550 155
1880560 155
1880570 155
1880580 155
1880590 155
1880600 155
1880610 155
1880620 155
1880630 155
1880640 155
1880650 155
1880660 155
1880670 155
1880680 155
1880690 155
1880700 155
1880710 155
1880720 155
1880730 154
1880740 154
1880750 154
1880760 154
1880770 154
1880780 154
1880790 154
1880800 154
1880810 153
1880820 153
1880830 153
1880840 153
1880850 153
1880860 153
1880870 153
1880880 154
1880890 154
1880900 153
1880910 153
1880920 153
1880930 153
1880940 154
1880950 154
1880960 153
1880970 152
1880980 152
1880990 152
1881000 152
1881010 152
1881020 152
1881030 152
1881040 152
1881050 152
1881060 152
1881070 152
1881080 152
1881090 152
1881100 152
1881110 152
1881120 152
1881130 152
1881140 152
1881150 152
1881160 152
1881170 152
1881180 152
1881190 152
1881200 152
1881210 152
1881220 152
1881230 152
1881240 152
1881250 152
1881260 152
1881270 152
1881280 152
1881290 152
1881300 152
1881310 152
1881320 152
1881330 152
1881340 152
1881350 152
1881360 153
1881370 153
1881380 153
1881390 153
1881400 153
1881410 152
1881420 152
1881430 152
1881440 152
1881450 152
1881460 152
1881470 152
1881480 152
1881490 152
1881500 152
1881510 152
1881520 152
1881530 152
1881540 152
1881550 151
1881560 151
1881570 151
1881580 151
1881590 151
1881600 151
1881610 151
1881620 151
1881630 151
1881640 151
1881650 151
1881660 151
1881670 151
1881680 151
1881690 151
1881700 151
1881710 151
1881720 151
1881730 151
1881740 151
1881750 151
1881760 151
1881770 151
1881780 151
1881790 151
1881800 151
1881810 151
1881820 151
1881830 151
1881840 151
1881850 151
1881860 151
1881870 151
1881880 151
1881890 151
1881900 151
1881910 151
1881920 151
1881930 151
1881940 151
1881950 151
1881960 151
1881970 151
1881980 151
1881990 151
1882000 151
1882010 151
1882020 151
1882030 150
1882040 150
1882050 150
1882060 150
1882070 150
1882080 150
1882090 150
1882100 150
1882110 150
1882120 150
1882130 150
1882140 150
1882150 149
1882160 149
1882170 149
1882180 149
1882190 149
1882200 149
1882210 149
1882220 149
1882230 149
1882240 149
1882250 149
1882260 149
1882270 149
1882280 149
1882290 149
1882300 149
1882310 149
1882320 149
1882330 149
1882340 149
1882350 149
1882360 149
1882370 149
1882380 149
1882390 149
1882400 149
1882410 149
1882420 149
1882430 149
1882440 149
1882450 149
1882460 149
1882470 149
1882480 149
1882490 149
1882500 149
1882510 149
1882520 149
1882530 149
1882540 149
1882550 149
1882560 149
1882570 149
1882580 149
1882590 149
1882600 149
1882610 149
1882620 149
1882630 149
1882640 149
1882650 149
1882660 149
1882670 149
1882680 149
1882690 148
1882700 148
1882710 149
1882720 149
1882730 149
1882740 149
1882750 149
1882760 149
1882770 149
1882780 150
1882790 150
1882800 150
1882810 150
1882820 150
1882830 150
1882840 150
1882850 150
1882860 151
1882870 151
1882880 151
1882890 151
1882900 150
1882910 150
1882920 150
1882930 150
1882940 150
1882950 150
1882960 149
1882970 149
1882980 149
1882990 149
1883000 149
1883010 149
1883020 149
1883030 149
1883040 149
1883050 149
1883060 149
1883070 148
1883080 148
1883090 148
1883100 148
1883110 148
1883120 148
1883130 148
1883140 148
1883150 148
1883160 148
1883170 148
1883180 148
1883190 148
1883200 148
1883210 148
1883220 148
1883230 148
1883240 148
1883250 148
1883260 148
1883270 148
1883280 148
1883290 148
1883300 148
1883310 148
1883320 148
1883330 148
1883340 148
1883350 148
1883360 148
1883370 148
1883380 148
1883390 148
1883400 148
1883410 148
1883420 148
1883430 148
1883440 148
1883450 148
1883460 148
1883470 148
1883480 148
1883490 148
1883500 148
1883510 148
1883520 148
1883530 148
1883540 148
1883550 148
1883560 148
1883570 148
1883580 148
1883590 148
1883600 148
1883610 148
1883620 148
1883630 148
1883640 148
1883650 148
1883660 148
1883670 148
1883680 148
1883690 148
1883700 148
1883710 148
1883720 148
1883730 148
1883740 148
1883750 148
1883760 148
1883770 148
1883780 148
1883790 148
1883800 148
1883810 148
1883820 148
1883830 148
1883840 148
1883850 148
1883860 148
1883870 148
1883880 148
1883890 149
1883900 149
1883910 149
1883920 149
1883930 149
1883940 149
1883950 149
1883960 149
1883970 149
1883980 148
1883990 148
1884000 148
1884010 148
1884020 148
1884030 148
1884040 148
1884050 148
1884060 148
1884070 148
1884080 148
1884090 148
1884100 148
1884110 148
1884120 148
1884130 148
1884140 148
1884150 148
1884160 148
1884170 148
1884180 148
1884190 148
1884200 148
1884210 148
1884220 148
1884230 148
1884240 148
1884250 148
1884260 149
1884270 149
1884280 149
1884290 149
1884300 149
1884310 149
1884320 149
1884330 149
1884340 149
1884350 149
1884360 149
1884370 148
1884380 148
1884390 148
1884400 149
1884410 149
1884420 149
1884430 149
1884440 149
1884450 149
1884460 149
1884470 149
1884480 149
1884490 148
1884500 148
1884510 148
1884520 148
1884530 148
1884540 148
1884550 148
1884560 148
1884570 148
1884580 149
1884590 149
1884600 149
1884610 149
1884620 149
1884630 149
1884640 149
1884650 148
1884660 148
1884670 148
1884680 148
1884690 148
1884700 148
1884710 148
1884720 148
1884730 148
1884740 148
1884750 148
1884760 148
1884770 148
1884780 148
1884790 148
1884800 148
1884810 148
1884820 148
1884830 148
1884840 148
1884850 148
1884860 148
1884870 148
1884880 148
1884890 148
1884900 148
1884910 148
1884920 148
1884930 148
1884940 148
1884950 148
1884960 148
1884970 148
1884980 148
1884990 148
1885000 148
1885010 148
1885020 149
1885030 149
1885040 149
1885050 149
1885060 149
1885070 149
1885080 149
1885090 149
1885100 149
1885110 149
1885120 149
1885130 149
1885140 149
1885150 149
1885160 149
1885170 148
1885180 148
1885190 148
1885200 148
1885210 148
1885220 148
1885230 148
1885240 148
1885250 148
1885260 148
1885270 148
1885280 148
1885290 148
1885300 148
1885310 148
1885320 148
1885330 148
1885340 148
1885350 148
1885360 148
1885370 148
1885380 148
1885390 148
1885400 148
1885410 148
1885420 149
1885430 149
1885440 149
1885450 149
1885460 149
1885470 149
1885480 149
1885490 149
1885500 149
1885510 149
1885520 149
1885530 149
1885540 149
1885550 149
1885560 149
1885570 149
1885580 149
1885590 149
1885600 149
1885610 149
1885620 149
1885630 149
1885640 149
1885650 148
1885660 148
1885670 148
1885680 148
1885690 148
1885700 148
1885710 148
1885720 148
1885730 148
1885740 148
1885750 148
1885760 148
1885770 148
1885780 148
1885790 148
1885800 148
1885810 148
1885820 148
1885830 148
1885840 148
1885850 148
1885860 148
1885870 148
1885880 148
1885890 148
1885900 148
1885910 148
1885920 148
1885930 148
1885940 148
1885950 148
1885960 148
1885970 148
1885980 148
1885990 148
1886000 148
1886010 148
1886020 148
1886030 148
1886040 148
1886050 148
1886060 148
1886070 148
1886080 148
1886090 148
1886100 148
1886110 148
1886120 148
1886130 148
1886140 148
1886150 148
1886160 148
1886170 148
1886180 148
1886190 149
1886200 149
1886210 149
1886220 150
1886230 150
1886240 151
1886250 151
1886260 149
1886270 149
1886280 149
1886290 148
1886300 149
1886310 149
1886320 149
1886330 149
1886340 149
1886350 149
1886360 149
1886370 149
1886380 149
1886390 149
1886400 149
1886410 149
1886420 149
1886430 149
1886440 149
1886450 148
1886460 148
1886470 148
1886480 148
1886490 148
1886500 148
1886510 148
1886520 148
1886530 149
1886540 148
1886550 148
1886560 148
1886570 148
1886580 148
1886590 148
1886600 149
1886610 149
1886620 149
1886630 149
1886640 149
1886650 148
1886660 148
1886670 148
1886680 148
1886690 148
1886700 148
1886710 148
1886720 148
1886730 148
1886740 148
1886750 149
1886760 149
1886770 149
1886780 149
1886790 149
1886800 149
1886810 149
1886820 149
1886830 149
1886840 149
1886850 149
1886860 148
1886870 148
1886880 148
1886890 148
1886900 148
1886910 148
1886920 148
1886930 148
1886940 148
1886950 148
1886960 148
1886970 148
1886980 149
1886990 149
1887000 149
1887010 149
1887020 149
1887030 149
1887040 149
1887050 149
1887060 149
1887070 149
1887080 149
1887090 149
1887100 149
1887110 149
1887120 148
1887130 148
1887140 148
1887150 149
1887160 149
1887170 149
1887180 149
1887190 149
1887200 149
1887210 149
1887220 149
1887230 149
1887240 148
1887250 148
1887260 148
1887270 148
1887280 148
1887290 148
1887300 148
1887310 148
1887320 148
1887330 148
1887340 149
1887350 149
1887360 149
1887370 148
1887380 148
1887390 149
1887400 149
1887410 149
1887420 148
1887430 148
1887440 148
