1880000 151
1880010 151
1880020 151
1880030 151
1880040 151
1880050 151
1880060 151
1880070 151
1880080 151
1880090 151
1880100 151
1880110 151
1880120 151
1880130 151
1880140 151
1880150 151
1880160 151
1880170 151
1880180 151
1880190 151
1880200 151
1880210 151
1880220 151
1880230 151
1880240 151
1880250 151
1880260 151
1880270 151
1880280 151
1880290 151
1880300 151
1880310 151
1880320 151
1880330 151
1880340 151
1880350 151
1880360 151
1880370 151
1880380 151
1880390 151
1880400 151
1880410 151
1880420 151
1880430 151
1880440 151
1880450 151
1880460 151
1880470 151
1880480 151
1880490 151
1880500 151
1880510 151
1880520 151
1880530 151
1880540 151
1880550 151
1880560 151
1880570 151
1880580 151
1880590 151
1880600 151
1880610 151
1880620 151
1880630 151
1880640 151
1880650 151
1880660 151
1880670 151
1880680 151
1880690 151
1880700 151
1880710 151
1880720 151
1880730 151
1880740 151
1880750 151
1880760 151
1880770 151
1880780 151
1880790 151
1880800 151
1880810 151
1880820 151
1880830 150
1880840 150
1880850 150
1880860 150
1880870 150
1880880 150
1880890 150
1880900 150
1880910 150
1880920 151
1880930 150
1880940 150
1880950 150
1880960 150
1880970 150
1880980 153
1880990 153
1881000 153
1881010 150
1881020 150
1881030 150
1881040 150
1881050 150
1881060 150
1881070 150
1881080 150
1881090 150
1881100 150
1881110 150
1881120 150
1881130 150
1881140 150
1881150 150
1881160 150
1881170 150
1881180 150
1881190 150
1881200 150
1881210 150
1881220 150
1881230 150
1881240 150
1881250 150
1881260 150
1881270 150
1881280 150
1881290 151
1881300 151
1881310 151
1881320 150
1881330 150
1881340 150
1881350 150
1881360 150
1881370 150
1881380 150
1881390 150
1881400 150
1881410 150
1881420 150
1881430 150
1881440 150
1881450 150
1881460 150
1881470 150
1881480 150
1881490 150
1881500 150
1881510 150
1881520 150
1881530 150
1881540 150
1881550 150
1881560 150
1881570 150
1881580 150
1881590 150
1881600 151
1881610 151
1881620 151
1881630 151
1881640 151
1881650 151
1881660 151
1881670 151
1881680 151
1881690 151
1881700 151
1881710 151
1881720 151
1881730 150
1881740 150
1881750 150
1881760 150
1881770 150
1881780 150
1881790 150
1881800 150
1881810 150
1881820 150
1881830 150
1881840 150
1881850 150
1881860 150
1881870 150
1881880 150
1881890 150
1881900 150
1881910 150
1881920 150
1881930 150
1881940 150
1881950 150
1881960 150
1881970 150
1881980 150
1881990 150
1882000 150
1882010 150
1882020 150
1882030 150
1882040 150
1882050 150
1882060 150
1882070 150
1882080 150
1882090 150
1882100 150
1882110 150
1882120 150
1882130 150
1882140 150
1882150 150
1882160 150
1882170 150
1882180 150
1882190 150
1882200 150
1882210 150
1882220 150
1882230 150
1882240 150
1882250 150
1882260 150
1882270 150
1882280 150
1882290 150
1882300 150
1882310 150
1882320 150
1882330 150
1882340 150
1882350 150
1882360 150
1882370 150
1882380 150
1882390 150
1882400 150
1882410 150
1882420 150
1882430 150
1882440 150
1882450 150
1882460 150
1882470 150
1882480 150
1882490 150
1882500 150
1882510 150
1882520 150
1882530 150
1882540 150
1882550 150
1882560 150
1882570 150
1882580 150
1882590 150
1882600 150
1882610 150
1882620 150
1882630 150
1882640 150
1882650 150
1882660 150
1882670 150
1882680 150
1882690 150
1882700 150
1882710 150
1882720 150
1882730 150
1882740 150
1882750 150
1882760 150
1882770 150
1882780 150
1882790 150
1882800 150
1882810 150
1882820 150
1882830 150
1882840 150
1882850 150
1882860 150
1882870 150
1882880 150
1882890 150
1882900 150
1882910 150
1882920 150
1882930 150
1882940 149
1882950 149
1882960 149
1882970 149
1882980 149
1882990 149
1883000 148
1883010 148
1883020 148
1883030 148
1883040 148
1883050 148
1883060 148
1883070 148
1883080 149
1883090 149
1883100 149
1883110 149
1883120 149
1883130 149
1883140 149
1883150 149
1883160 149
1883170 149
1883180 149
1883190 149
1883200 149
1883210 149
1883220 149
1883230 149
1883240 149
1883250 149
1883260 149
1883270 149
1883280 149
1883290 149
1883300 149
1883310 149
1883320 149
1883330 149
1883340 149
1883350 149
1883360 149
1883370 149
1883380 149
1883390 149
1883400 149
1883410 149
1883420 149
1883430 149
1883440 149
1883450 149
1883460 149
1883470 149
1883480 149
1883490 149
1883500 149
1883510 149
1883520 149
1883530 149
1883540 149
1883550 149
1883560 149
1883570 149
1883580 149
1883590 149
1883600 149
1883610 149
1883620 149
1883630 149
1883640 149
1883650 149
1883660 149
1883670 149
1883680 149
1883690 149
1883700 149
1883710 149
1883720 149
1883730 149
1883740 149
1883750 149
1883760 149
1883770 149
1883780 149
1883790 149
1883800 149
1883810 149
1883820 149
1883830 149
1883840 149
1883850 149
1883860 150
1883870 150
1883880 150
1883890 150
1883900 150
1883910 150
1883920 150
1883930 150
1883940 150
1883950 149
1883960 149
1883970 149
1883980 149
1883990 149
1884000 149
1884010 149
1884020 149
1884030 149
1884040 149
1884050 149
1884060 149
1884070 148
1884080 148
1884090 148
1884100 148
1884110 148
1884120 148
1884130 149
1884140 149
1884150 149
1884160 148
1884170 148
1884180 149
1884190 148
1884200 148
1884210 149
1884220 149
1884230 149
1884240 149
1884250 149
1884260 149
1884270 149
1884280 149
1884290 149
1884300 149
1884310 149
1884320 149
1884330 149
1884340 149
1884350 149
1884360 149
1884370 149
1884380 149
1884390 148
1884400 148
1884410 148
1884420 148
1884430 148
1884440 148
1884450 148
1884460 149
1884470 149
1884480 149
1884490 149
1884500 149
1884510 149
1884520 149
1884530 149
1884540 149
1884550 149
1884560 149
1884570 149
1884580 149
1884590 149
1884600 149
1884610 149
1884620 149
1884630 149
1884640 149
1884650 149
1884660 149
1884670 149
1884680 149
1884690 149
1884700 149
1884710 149
1884720 149
1884730 149
1884740 149
1884750 149
1884760 149
1884770 149
1884780 149
1884790 149
1884800 149
1884810 148
1884820 148
1884830 148
1884840 149
1884850 149
1884860 149
1884870 149
1884880 149
1884890 149
1884900 149
1884910 149
1884920 149
1884930 149
1884940 149
1884950 149
1884960 149
1884970 149
1884980 149
1884990 149
1885000 149
1885010 149
1885020 149
1885030 149
1885040 149
1885050 149
1885060 149
1885070 150
1885080 150
1885090 150
1885100 151
1885110 151
1885120 151
1885130 150
1885140 149
1885150 149
1885160 149
1885170 149
1885180 149
1885190 149
1885200 149
1885210 149
1885220 149
1885230 149
1885240 149
1885250 149
1885260 149
1885270 149
1885280 148
1885290 148
1885300 148
1885310 149
1885320 149
1885330 149
1885340 149
1885350 149
1885360 149
1885370 148
1885380 148
1885390 148
1885400 148
1885410 148
1885420 148
1885430 148
1885440 148
1885450 148
1885460 148
1885470 148
1885480 148
1885490 148
1885500 148
1885510 148
1885520 148
1885530 148
1885540 148
1885550 148
1885560 148
1885570 148
1885580 148
1885590 148
1885600 148
1885610 148
1885620 148
1885630 148
1885640 148
1885650 148
1885660 148
1885670 148
1885680 148
1885690 148
1885700 148
1885710 148
1885720 148
1885730 148
1885740 148
1885750 148
1885760 148
1885770 148
1885780 148
1885790 148
1885800 148
1885810 148
1885820 148
1885830 148
1885840 148
1885850 148
1885860 148
1885870 148
1885880 148
1885890 148
1885900 149
1885910 149
1885920 149
1885930 149
1885940 149
1885950 149
1885960 149
1885970 149
1885980 149
1885990 149
1886000 149
1886010 149
1886020 149
1886030 149
1886040 149
1886050 149
1886060 149
1886070 149
1886080 149
1886090 149
1886100 148
1886110 148
1886120 148
1886130 148
1886140 148
1886150 148
1886160 148
1886170 148
1886180 148
1886190 148
1886200 149
1886210 148
1886220 150
1886230 149
1886240 149
1886250 149
1886260 149
1886270 149
1886280 150
1886290 150
1886300 150
1886310 150
1886320 149
1886330 149
1880000 151
1880010 151
1880020 151
1880030 151
1880040 151
1880050 151
1880060 151
1880070 151
1880080 151
1880090 151
1880100 151
1880110 151
1880120 151
1880130 151
1880140 151
1880150 151
1880160 151
1880170 151
1880180 151
1880190 151
1880200 151
1880210 151
1880220 151
1880230 151
1880240 151
1880250 151
1880260 151
1880270 151
1880280 151
1880290 151
1880300 151
1880310 151
1880320 151
1880330 151
1880340 151
1880350 151
1880360 151
1880370 151
1880380 151
1880390 151
1880400 151
1880410 151
1880420 151
1880430 151
1880440 151
1880450 151
1880460 151
1880470 151
1880480 151
1880490 151
1880500 151
1880510 151
1880520 151
1880530 151
1880540 151
1880550 151
1880560 151
1880570 151
1880580 151
1880590 151
1880600 151
1880610 151
1880620 151
1880630 151
1880640 151
1880650 151
1880660 151
1880670 151
1880680 151
1880690 151
1880700 151
1880710 151
1880720 151
1880730 151
1880740 151
1880750 151
1880760 151
1880770 151
1880780 151
1880790 151
1880800 151
1880810 151
1880820 151
1880830 150
1880840 150
1880850 150
1880860 150
1880870 150
1880880 150
1880890 150
1880900 150
1880910 150
1880920 151
1880930 150
1880940 150
1880950 150
1880960 150
1880970 150
1880980 153
1880990 153
1881000 153
1881010 150
1881020 150
1881030 150
1881040 150
1881050 150
1881060 150
1881070 150
1881080 150
1881090 150
1881100 150
1881110 150
1881120 150
1881130 150
1881140 150
1881150 150
1881160 150
1881170 150
1881180 150
1881190 150
1881200 150
1881210 150
1881220 150
1881230 150
1881240 150
1881250 150
1881260 150
1881270 150
1881280 150
1881290 151
1881300 151
1881310 151
1881320 150
1881330 150
1881340 150
1881350 150
1881360 150
1881370 150
1881380 150
1881390 150
1881400 150
1881410 150
1881420 150
1881430 150
1881440 150
1881450 150
1881460 150
1881470 150
1881480 150
1881490 150
1881500 150
1881510 150
1881520 150
1881530 150
1881540 150
1881550 150
1881560 150
1881570 150
1881580 150
1881590 150
1881600 151
1881610 151
1881620 151
1881630 151
1881640 151
1881650 151
1881660 151
1881670 151
1881680 151
1881690 151
1881700 151
1881710 151
1881720 151
1881730 150
1881740 150
1881750 150
1881760 150
1881770 150
1881780 150
1881790 150
1881800 150
1881810 150
1881820 150
1881830 150
1881840 150
1881850 150
1881860 150
1881870 150
1881880 150
1881890 150
1881900 150
1881910 150
1881920 150
1881930 150
1881940 150
1881950 150
1881960 150
1881970 150
1881980 150
1881990 150
1882000 150
1882010 150
1882020 150
1882030 150
1882040 150
1882050 150
1882060 150
1882070 150
1882080 150
1882090 150
1882100 150
1882110 150
1882120 150
1882130 150
1882140 150
1882150 150
1882160 150
1882170 150
1882180 150
1882190 150
1882200 150
1882210 150
1882220 150
1882230 150
1882240 150
1882250 150
1882260 150
1882270 150
1882280 150
1882290 150
1882300 150
1882310 150
1882320 150
1882330 150
1882340 150
1882350 150
1882360 150
1882370 150
1882380 150
1882390 150
1882400 150
1882410 150
1882420 150
1882430 150
1882440 150
1882450 150
1882460 150
1882470 150
1882480 150
1882490 150
1882500 150
1882510 150
1882520 150
1882530 150
1882540 150
1882550 150
1882560 150
1882570 150
1882580 150
1882590 150
1882600 150
1882610 150
1882620 150
1882630 150
1882640 150
1882650 150
1882660 150
1882670 150
1882680 150
1882690 150
1882700 150
1882710 150
1882720 150
1882730 150
1882740 150
1882750 150
1882760 150
1882770 150
1882780 150
1882790 150
1882800 150
1882810 150
1882820 150
1882830 150
1882840 150
1882850 150
1882860 150
1882870 150
1882880 150
1882890 150
1882900 150
1882910 150
1882920 150
1882930 150
1882940 149
1882950 149
1882960 149
1882970 149
1882980 149
1882990 149
1883000 148
1883010 148
1883020 148
1883030 148
1883040 148
1883050 148
1883060 148
1883070 148
1883080 149
1883090 149
1883100 149
1883110 149
1883120 149
1883130 149
1883140 149
1883150 149
1883160 149
1883170 149
1883180 149
1883190 149
1883200 149
1883210 149
1883220 149
1883230 149
1883240 149
1883250 149
1883260 149
1883270 149
1883280 149
1883290 149
1883300 149
1883310 149
1883320 149
1883330 149
1883340 149
1883350 149
1883360 149
1883370 149
1883380 149
1883390 149
1883400 149
1883410 149
1883420 149
1883430 149
1883440 149
1883450 149
1883460 149
1883470 149
1883480 149
1883490 149
1883500 149
1883510 149
1883520 149
1883530 149
1883540 149
1883550 149
1883560 149
1883570 149
1883580 149
1883590 149
1883600 149
1883610 149
1883620 149
1883630 149
1883640 149
1883650 149
1883660 149
1883670 149
1883680 149
1883690 149
1883700 149
1883710 149
1883720 149
1883730 149
1883740 149
1883750 149
1883760 149
1883770 149
1883780 149
1883790 149
1883800 149
1883810 149
1883820 149
1883830 149
1883840 149
1883850 149
1883860 150
1883870 150
1883880 150
1883890 150
1883900 150
1883910 150
1883920 150
1883930 150
1883940 150
1883950 149
1883960 149
1883970 149
1883980 149
1883990 149
1884000 149
1884010 149
1884020 149
1884030 149
1884040 149
1884050 149
1884060 149
1884070 148
1884080 148
1884090 148
1884100 148
1884110 148
1884120 148
1884130 149
1884140 149
1884150 149
1884160 148
1884170 148
1884180 149
1884190 148
1884200 148
1884210 149
1884220 149
1884230 149
1884240 149
1884250 149
1884260 149
1884270 149
1884280 149
1884290 149
1884300 149
1884310 149
1884320 149
1884330 149
1884340 149
1884350 149
1884360 149
1884370 149
1884380 149
1884390 148
1884400 148
1884410 148
1884420 148
1884430 148
1884440 148
1884450 148
1884460 149
1884470 149
1884480 149
1884490 149
1884500 149
1884510 149
1884520 149
1884530 149
1884540 149
1884550 149
1884560 149
1884570 149
1884580 149
1884590 149
1884600 149
1884610 149
1884620 149
1884630 149
1884640 149
1884650 149
1884660 149
1884670 149
1884680 149
1884690 149
1884700 149
1884710 149
1884720 149
1884730 149
1884740 149
1884750 149
1884760 149
1884770 149
1884780 149
1884790 149
1884800 149
1884810 148
1884820 148
1884830 148
1884840 149
1884850 149
1884860 149
1884870 149
1884880 149
1884890 149
1884900 149
1884910 149
1884920 149
1884930 149
1884940 149
1884950 149
1884960 149
1884970 149
1884980 149
1884990 149
1885000 149
1885010 149
1885020 149
1885030 149
1885040 149
1885050 149
1885060 149
1885070 150
1885080 150
1885090 150
1885100 151
1885110 151
1885120 151
1885130 150
1885140 149
1885150 149
1885160 149
1885170 149
1885180 149
1885190 149
1885200 149
1885210 149
1885220 149
1885230 149
1885240 149
1885250 149
1885260 149
1885270 149
1885280 148
1885290 148
1885300 148
1885310 149
1885320 149
1885330 149
1885340 149
1885350 149
1885360 149
1885370 148
1885380 148
1885390 148
1885400 148
1885410 148
1885420 148
1885430 148
1885440 148
1885450 148
1885460 148
1885470 148
1885480 148
1885490 148
1885500 148
1885510 148
1885520 148
1885530 148
1885540 148
1885550 148
1885560 148
1885570 148
1885580 148
1885590 148
1885600 148
1885610 148
1885620 148
1885630 148
1885640 148
1885650 148
1885660 148
1885670 148
1885680 148
1885690 148
1885700 148
1885710 148
1885720 148
1885730 148
1885740 148
1885750 148
1885760 148
1885770 148
1885780 148
1885790 148
1885800 148
1885810 148
1885820 148
1885830 148
1885840 148
1885850 148
1885860 148
1885870 148
1885880 148
1885890 148
1885900 149
1885910 149
1885920 149
1885930 149
1885940 149
1885950 149
1885960 149
1885970 149
1885980 149
1885990 149
1886000 149
1886010 149
1886020 149
1886030 149
1886040 149
1886050 149
1886060 149
1886070 149
1886080 149
1886090 149
1886100 148
1886110 148
1886120 148
1886130 148
1886140 148
1886150 148
1886160 148
1886170 148
1886180 148
1886190 148
1886200 149
1886210 148
1886220 150
1886230 149
1886240 149
1886250 149
1886260 149
1886270 149
1886280 150
1886290 150
1886300 150
1886310 150
1886320 149
1886330 149
