1880000 162
1880010 162
1880020 162
1880030 162
1880040 162
1880050 162
1880060 162
1880070 162
1880080 162
1880090 162
1880100 162
1880110 162
1880120 162
1880130 163
1880140 162
1880150 162
1880160 162
1880170 162
1880180 162
1880190 162
1880200 162
1880210 162
1880220 162
1880230 162
1880240 162
1880250 162
1880260 162
1880270 162
1880280 161
1880290 161
1880300 161
1880310 161
1880320 161
1880330 161
1880340 161
1880350 161
1880360 161
1880370 160
1880380 160
1880390 160
1880400 160
1880410 160
1880420 160
1880430 160
1880440 160
1880450 160
1880460 160
1880470 160
1880480 160
1880490 160
1880500 160
1880510 160
1880520 160
1880530 160
1880540 160
1880550 160
1880560 160
1880570 160
1880580 159
1880590 159
1880600 159
1880610 159
1880620 159
1880630 159
1880640 159
1880650 159
1880660 159
1880670 159
1880680 159
1880690 159
1880700 159
1880710 159
1880720 159
1880730 159
1880740 159
1880750 159
1880760 159
1880770 159
1880780 159
1880790 160
1880800 161
1880810 162
1880820 164
1880830 164
1880840 161
1880850 159
1880860 159
1880870 158
1880880 158
1880890 158
1880900 158
1880910 158
1880920 158
1880930 158
1880940 158
1880950 158
1880960 158
1880970 157
1880980 157
1880990 157
1881000 157
1881010 157
1881020 157
1881030 156
1881040 156
1881050 156
1881060 156
1881070 156
1881080 155
1881090 155
1881100 155
1881110 154
1881120 154
1881130 154
1881140 153
1881150 153
1881160 153
1881170 153
1881180 153
1881190 153
1881200 152
1881210 152
1881220 152
1881230 152
1881240 152
1881250 152
1881260 153
1881270 152
1881280 152
1881290 152
1881300 151
1881310 151
1881320 151
1881330 151
1881340 151
1881350 151
1881360 151
1881370 151
1881380 151
1881390 151
1881400 151
1881410 151
1881420 151
1881430 151
1881440 151
1881450 151
1881460 150
1881470 150
1881480 150
1881490 150
1881500 150
1881510 150
1881520 150
1881530 150
1881540 150
1881550 150
1881560 150
1881570 150
1881580 150
1881590 150
1881600 150
1881610 150
1881620 150
1881630 150
1881640 150
1881650 150
1881660 150
1881670 150
1881680 150
1881690 150
1881700 150
1881710 150
1881720 150
1881730 150
1881740 150
1881750 150
1881760 150
1881770 150
1881780 150
1881790 150
1881800 150
1881810 150
1881820 150
1881830 151
1881840 151
1881850 151
1881860 151
1881870 151
1881880 151
1881890 151
1881900 151
1881910 151
1881920 151
1881930 151
1881940 151
1881950 151
1881960 151
1881970 151
1881980 150
1881990 150
1882000 150
1882010 151
1882020 151
1882030 151
1882040 151
1882050 151
1882060 151
1882070 151
1882080 151
1882090 151
1882100 151
1882110 151
1882120 151
1882130 151
1882140 151
1882150 151
1882160 151
1882170 151
1882180 151
1882190 151
1882200 152
1882210 151
1882220 151
1882230 152
1882240 152
1882250 152
1882260 152
1882270 152
1882280 152
1882290 152
1882300 152
1882310 152
1882320 152
1882330 152
1882340 152
1882350 152
1882360 152
1882370 152
1882380 152
1882390 152
1882400 152
1882410 152
1882420 152
1882430 152
1882440 152
1882450 152
1882460 152
1882470 152
1882480 152
1882490 152
1882500 152
1882510 152
1882520 152
1882530 152
1882540 152
1882550 152
1882560 152
1882570 152
1882580 152
1882590 152
1882600 152
1882610 152
1882620 152
1882630 152
1882640 152
1882650 152
1882660 152
1882670 152
1882680 152
1882690 152
1882700 152
1882710 152
1882720 152
1882730 152
1882740 152
1882750 152
1882760 152
1882770 152
1882780 152
1882790 152
1882800 152
1882810 152
1882820 152
1882830 152
1882840 152
1882850 152
1882860 152
1882870 152
1882880 152
1882890 152
1882900 152
1882910 151
1882920 150
1882930 150
1882940 149
1882950 149
1882960 149
1882970 149
1882980 149
1882990 149
1883000 149
1883010 150
1883020 150
1883030 149
1883040 149
1883050 149
1883060 149
1883070 149
1883080 149
1883090 149
1883100 149
1883110 149
1883120 149
1883130 149
1883140 149
1883150 149
1883160 149
1883170 149
1883180 149
1883190 149
1883200 149
1883210 149
1883220 149
1883230 149
1883240 149
1883250 149
1883260 149
1883270 149
1883280 149
1883290 149
1883300 149
1883310 150
1883320 150
1883330 150
1883340 150
1883350 150
1883360 150
1883370 150
1883380 150
1883390 150
1883400 150
1883410 150
1883420 150
1883430 150
1883440 150
1883450 149
1883460 149
1883470 149
1883480 149
1883490 149
1883500 149
1883510 149
1883520 149
1883530 149
1883540 149
1883550 149
1883560 149
1883570 149
1883580 150
1883590 150
1883600 150
1883610 150
1883620 150
1883630 150
1883640 150
1883650 150
1883660 149
1883670 149
1883680 149
1883690 149
1883700 149
1883710 149
1883720 149
1883730 149
1883740 149
1883750 149
1883760 149
1883770 150
1883780 150
1883790 150
1883800 150
1883810 150
1883820 150
1883830 150
1883840 150
1883850 150
1883860 150
1883870 150
1883880 150
1883890 150
1883900 150
1883910 150
1883920 150
1883930 150
1883940 150
1883950 150
1883960 150
1883970 150
1883980 150
1883990 150
1884000 150
1884010 150
1884020 150
1884030 150
1884040 150
1884050 150
1884060 150
1884070 150
1884080 150
1884090 150
1884100 150
1884110 150
1884120 150
1884130 150
1884140 150
1884150 150
1884160 149
1884170 149
1884180 149
1884190 149
1884200 149
1884210 149
1884220 149
1884230 149
1884240 149
1884250 149
1884260 149
1884270 149
1884280 150
1884290 150
1884300 150
1884310 150
1884320 150
1884330 150
1884340 150
1884350 150
1884360 150
1884370 150
1884380 150
1884390 149
1884400 149
1884410 149
1884420 150
1884430 150
1884440 150
1884450 150
1884460 150
1884470 150
1884480 150
1884490 150
1884500 150
1884510 150
1884520 150
1884530 150
1884540 150
1884550 150
1884560 150
1884570 150
1884580 150
1884590 150
1884600 150
1884610 150
1884620 150
1884630 150
1884640 150
1884650 150
1884660 150
1884670 150
1884680 150
1884690 150
1884700 150
1884710 150
1884720 150
1884730 150
1884740 150
1884750 150
1884760 150
1884770 150
1884780 150
1884790 150
1884800 150
1884810 150
1884820 150
1884830 150
1884840 149
1884850 149
1884860 149
1884870 149
1884880 149
1884890 149
1884900 149
1884910 149
1884920 149
1884930 149
1884940 149
1884950 149
1884960 150
1884970 150
1884980 150
1884990 150
1885000 150
1885010 150
1885020 150
1885030 150
1885040 150
1885050 150
1885060 150
1885070 150
1885080 150
1885090 150
1885100 150
1885110 150
1885120 150
1885130 150
1885140 150
1885150 150
1885160 149
1885170 149
1885180 149
1885190 149
1885200 149
1885210 149
1885220 149
1885230 149
1885240 149
1885250 149
1885260 149
1885270 149
1885280 149
1885290 149
1885300 149
1885310 150
1885320 150
1885330 150
1885340 150
1885350 150
1885360 150
1885370 150
1885380 150
1885390 150
1885400 150
1885410 150
1885420 150
1885430 150
1885440 150
1885450 150
1885460 150
1885470 150
1885480 150
1885490 150
1885500 150
1885510 150
1885520 150
1885530 150
1885540 150
1885550 150
1885560 150
1885570 150
1885580 150
1885590 150
1885600 150
1885610 149
1885620 149
1885630 149
1885640 149
1885650 149
1885660 149
1885670 149
1885680 149
1885690 149
1885700 150
1885710 150
1885720 150
1885730 149
1885740 149
1885750 149
1880000 162
1880010 162
1880020 162
1880030 162
1880040 162
1880050 162
1880060 162
1880070 162
1880080 162
1880090 162
1880100 162
1880110 162
1880120 162
1880130 163
1880140 162
1880150 162
1880160 162
1880170 162
1880180 162
1880190 162
1880200 162
1880210 162
1880220 162
1880230 162
1880240 162
1880250 162
1880260 162
1880270 162
1880280 161
1880290 161
1880300 161
1880310 161
1880320 161
1880330 161
1880340 161
1880350 161
1880360 161
1880370 160
1880380 160
1880390 160
1880400 160
1880410 160
1880420 160
1880430 160
1880440 160
1880450 160
1880460 160
1880470 160
1880480 160
1880490 160
1880500 160
1880510 160
1880520 160
1880530 160
1880540 160
1880550 160
1880560 160
1880570 160
1880580 159
1880590 159
1880600 159
1880610 159
1880620 159
1880630 159
1880640 159
1880650 159
1880660 159
1880670 159
1880680 159
1880690 159
1880700 159
1880710 159
1880720 159
1880730 159
1880740 159
1880750 159
1880760 159
1880770 159
1880780 159
1880790 160
1880800 161
1880810 162
1880820 164
1880830 164
1880840 161
1880850 159
1880860 159
1880870 158
1880880 158
1880890 158
1880900 158
1880910 158
1880920 158
1880930 158
1880940 158
1880950 158
1880960 158
1880970 157
1880980 157
1880990 157
1881000 157
1881010 157
1881020 157
1881030 156
1881040 156
1881050 156
1881060 156
1881070 156
1881080 155
1881090 155
1881100 155
1881110 154
1881120 154
1881130 154
1881140 153
1881150 153
1881160 153
1881170 153
1881180 153
1881190 153
1881200 152
1881210 152
1881220 152
1881230 152
1881240 152
1881250 152
1881260 153
1881270 152
1881280 152
1881290 152
1881300 151
1881310 151
1881320 151
1881330 151
1881340 151
1881350 151
1881360 151
1881370 151
1881380 151
1881390 151
1881400 151
1881410 151
1881420 151
1881430 151
1881440 151
1881450 151
1881460 150
1881470 150
1881480 150
1881490 150
1881500 150
1881510 150
1881520 150
1881530 150
1881540 150
1881550 150
1881560 150
1881570 150
1881580 150
1881590 150
1881600 150
1881610 150
1881620 150
1881630 150
1881640 150
1881650 150
1881660 150
1881670 150
1881680 150
1881690 150
1881700 150
1881710 150
1881720 150
1881730 150
1881740 150
1881750 150
1881760 150
1881770 150
1881780 150
1881790 150
1881800 150
1881810 150
1881820 150
1881830 151
1881840 151
1881850 151
1881860 151
1881870 151
1881880 151
1881890 151
1881900 151
1881910 151
1881920 151
1881930 151
1881940 151
1881950 151
1881960 151
1881970 151
1881980 150
1881990 150
1882000 150
1882010 151
1882020 151
1882030 151
1882040 151
1882050 151
1882060 151
1882070 151
1882080 151
1882090 151
1882100 151
1882110 151
1882120 151
1882130 151
1882140 151
1882150 151
1882160 151
1882170 151
1882180 151
1882190 151
1882200 152
1882210 151
1882220 151
1882230 152
1882240 152
1882250 152
1882260 152
1882270 152
1882280 152
1882290 152
1882300 152
1882310 152
1882320 152
1882330 152
1882340 152
1882350 152
1882360 152
1882370 152
1882380 152
1882390 152
1882400 152
1882410 152
1882420 152
1882430 152
1882440 152
1882450 152
1882460 152
1882470 152
1882480 152
1882490 152
1882500 152
1882510 152
1882520 152
1882530 152
1882540 152
1882550 152
1882560 152
1882570 152
1882580 152
1882590 152
1882600 152
1882610 152
1882620 152
1882630 152
1882640 152
1882650 152
1882660 152
1882670 152
1882680 152
1882690 152
1882700 152
1882710 152
1882720 152
1882730 152
1882740 152
1882750 152
1882760 152
1882770 152
1882780 152
1882790 152
1882800 152
1882810 152
1882820 152
1882830 152
1882840 152
1882850 152
1882860 152
1882870 152
1882880 152
1882890 152
1882900 152
1882910 151
1882920 150
1882930 150
1882940 149
1882950 149
1882960 149
1882970 149
1882980 149
1882990 149
1883000 149
1883010 150
1883020 150
1883030 149
1883040 149
1883050 149
1883060 149
1883070 149
1883080 149
1883090 149
1883100 149
1883110 149
1883120 149
1883130 149
1883140 149
1883150 149
1883160 149
1883170 149
1883180 149
1883190 149
1883200 149
1883210 149
1883220 149
1883230 149
1883240 149
1883250 149
1883260 149
1883270 149
1883280 149
1883290 149
1883300 149
1883310 150
1883320 150
1883330 150
1883340 150
1883350 150
1883360 150
1883370 150
1883380 150
1883390 150
1883400 150
1883410 150
1883420 150
1883430 150
1883440 150
1883450 149
1883460 149
1883470 149
1883480 149
1883490 149
1883500 149
1883510 149
1883520 149
1883530 149
1883540 149
1883550 149
1883560 149
1883570 149
1883580 150
1883590 150
1883600 150
1883610 150
1883620 150
1883630 150
1883640 150
1883650 150
1883660 149
1883670 149
1883680 149
1883690 149
1883700 149
1883710 149
1883720 149
1883730 149
1883740 149
1883750 149
1883760 149
1883770 150
1883780 150
1883790 150
1883800 150
1883810 150
1883820 150
1883830 150
1883840 150
1883850 150
1883860 150
1883870 150
1883880 150
1883890 150
1883900 150
1883910 150
1883920 150
1883930 150
1883940 150
1883950 150
1883960 150
1883970 150
1883980 150
1883990 150
1884000 150
1884010 150
1884020 150
1884030 150
1884040 150
1884050 150
1884060 150
1884070 150
1884080 150
1884090 150
1884100 150
1884110 150
1884120 150
1884130 150
1884140 150
1884150 150
1884160 149
1884170 149
1884180 149
1884190 149
1884200 149
1884210 149
1884220 149
1884230 149
1884240 149
1884250 149
1884260 149
1884270 149
1884280 150
1884290 150
1884300 150
1884310 150
1884320 150
1884330 150
1884340 150
1884350 150
1884360 150
1884370 150
1884380 150
1884390 149
1884400 149
1884410 149
1884420 150
1884430 150
1884440 150
1884450 150
1884460 150
1884470 150
1884480 150
1884490 150
1884500 150
1884510 150
1884520 150
1884530 150
1884540 150
1884550 150
1884560 150
1884570 150
1884580 150
1884590 150
1884600 150
1884610 150
1884620 150
1884630 150
1884640 150
1884650 150
1884660 150
1884670 150
1884680 150
1884690 150
1884700 150
1884710 150
1884720 150
1884730 150
1884740 150
1884750 150
1884760 150
1884770 150
1884780 150
1884790 150
1884800 150
1884810 150
1884820 150
1884830 150
1884840 149
1884850 149
1884860 149
1884870 149
1884880 149
1884890 149
1884900 149
1884910 149
1884920 149
1884930 149
1884940 149
1884950 149
1884960 150
1884970 150
1884980 150
1884990 150
1885000 150
1885010 150
1885020 150
1885030 150
1885040 150
1885050 150
1885060 150
1885070 150
1885080 150
1885090 150
1885100 150
1885110 150
1885120 150
1885130 150
1885140 150
1885150 150
1885160 149
1885170 149
1885180 149
1885190 149
1885200 149
1885210 149
1885220 149
1885230 149
1885240 149
1885250 149
1885260 149
1885270 149
1885280 149
1885290 149
1885300 149
1885310 150
1885320 150
1885330 150
1885340 150
1885350 150
1885360 150
1885370 150
1885380 150
1885390 150
1885400 150
1885410 150
1885420 150
1885430 150
1885440 150
1885450 150
1885460 150
1885470 150
1885480 150
1885490 150
1885500 150
1885510 150
1885520 150
1885530 150
1885540 150
1885550 150
1885560 150
1885570 150
1885580 150
1885590 150
1885600 150
1885610 149
1885620 149
1885630 149
1885640 149
1885650 149
1885660 149
1885670 149
1885680 149
1885690 149
1885700 150
1885710 150
1885720 150
1885730 149
1885740 149
1885750 149
