1880000 168
1880010 168
1880020 168
1880030 168
1880040 168
1880050 168
1880060 168
1880070 168
1880080 168
1880090 168
1880100 168
1880110 168
1880120 168
1880130 168
1880140 168
1880150 168
1880160 168
1880170 168
1880180 168
1880190 168
1880200 168
1880210 168
1880220 168
1880230 168
1880240 168
1880250 168
1880260 168
1880270 168
1880280 168
1880290 168
1880300 168
1880310 168
1880320 168
1880330 168
1880340 168
1880350 168
1880360 168
1880370 168
1880380 168
1880390 168
1880400 168
1880410 168
1880420 168
1880430 168
1880440 168
1880450 168
1880460 168
1880470 168
1880480 168
1880490 168
1880500 168
1880510 168
1880520 168
1880530 168
1880540 168
1880550 167
1880560 167
1880570 167
1880580 167
1880590 167
1880600 167
1880610 166
1880620 166
1880630 166
1880640 166
1880650 165
1880660 165
1880670 165
1880680 165
1880690 165
1880700 164
1880710 164
1880720 164
1880730 164
1880740 163
1880750 163
1880760 163
1880770 163
1880780 163
1880790 162
1880800 162
1880810 162
1880820 162
1880830 162
1880840 162
1880850 161
1880860 161
1880870 161
1880880 161
1880890 161
1880900 161
1880910 161
1880920 160
1880930 160
1880940 160
1880950 159
1880960 159
1880970 159
1880980 159
1880990 159
1881000 158
1881010 158
1881020 158
1881030 158
1881040 158
1881050 158
1881060 158
1881070 158
1881080 157
1881090 157
1881100 157
1881110 157
1881120 157
1881130 157
1881140 156
1881150 156
1881160 156
1881170 156
1881180 156
1881190 156
1881200 155
1881210 155
1881220 155
1881230 155
1881240 155
1881250 155
1881260 155
1881270 155
1881280 155
1881290 155
1881300 154
1881310 154
1881320 154
1881330 154
1881340 154
1881350 154
1881360 154
1881370 154
1881380 154
1881390 154
1881400 154
1881410 153
1881420 153
1881430 153
1881440 153
1881450 153
1881460 153
1881470 154
1881480 155
1881490 155
1881500 154
1881510 154
1881520 154
1881530 154
1881540 154
1881550 154
1881560 154
1881570 154
1881580 154
1881590 154
1881600 154
1881610 154
1881620 154
1881630 154
1881640 154
1881650 153
1881660 153
1881670 153
1881680 153
1881690 153
1881700 153
1881710 153
1881720 153
1881730 152
1881740 152
1881750 152
1881760 152
1881770 152
1881780 152
1881790 152
1881800 152
1881810 152
1881820 152
1881830 152
1881840 152
1881850 152
1881860 152
1881870 152
1881880 152
1881890 152
1881900 152
1881910 152
1881920 152
1881930 152
1881940 152
1881950 152
1881960 152
1881970 152
1881980 152
1881990 152
1882000 152
1882010 152
1882020 152
1882030 152
1882040 152
1882050 152
1882060 152
1882070 152
1882080 152
1882090 152
1882100 152
1882110 152
1882120 152
1882130 152
1882140 152
1882150 152
1882160 152
1882170 152
1882180 152
1882190 153
1882200 153
1882210 153
1882220 153
1882230 153
1882240 153
1882250 153
1882260 153
1882270 153
1882280 152
1882290 152
1882300 152
1882310 152
1882320 152
1882330 153
1882340 153
1882350 153
1882360 153
1882370 153
1882380 153
1882390 153
1882400 153
1882410 153
1882420 154
1882430 154
1882440 154
1882450 154
1882460 154
1882470 154
1882480 153
1882490 153
1882500 153
1882510 152
1882520 152
1882530 152
1882540 152
1882550 152
1882560 152
1882570 152
1882580 152
1882590 151
1882600 151
1882610 151
1882620 151
1882630 151
1882640 151
1882650 151
1882660 151
1882670 151
1882680 151
1882690 151
1882700 151
1882710 151
1882720 151
1882730 151
1882740 151
1882750 152
1882760 152
1882770 151
1882780 151
1882790 151
1882800 151
1882810 151
1882820 151
1882830 151
1882840 151
1882850 151
1882860 151
1882870 151
1882880 151
1882890 150
1882900 150
1882910 150
1882920 150
1882930 150
1882940 150
1882950 150
1882960 150
1882970 150
1882980 150
1882990 150
1883000 150
1883010 149
1883020 149
1883030 149
1883040 150
1883050 150
1883060 150
1883070 149
1883080 149
1883090 150
1883100 149
1883110 149
1883120 149
1883130 149
1883140 149
1883150 149
1883160 149
1883170 149
1883180 149
1883190 149
1883200 149
1883210 149
1883220 149
1883230 149
1883240 149
1883250 149
1883260 149
1883270 149
1883280 149
1883290 149
1883300 149
1883310 149
1883320 149
1883330 149
1883340 150
1883350 150
1883360 150
1883370 150
1883380 150
1883390 149
1883400 149
1883410 149
1883420 149
1883430 149
1883440 149
1883450 150
1883460 150
1883470 150
1883480 150
1883490 150
1883500 150
1883510 150
1883520 150
1883530 150
1883540 150
1883550 150
1883560 150
1883570 149
1883580 149
1883590 149
1883600 149
1883610 150
1883620 150
1883630 150
1883640 150
1883650 150
1883660 150
1883670 150
1883680 150
1883690 150
1883700 150
1883710 150
1883720 150
1883730 150
1883740 150
1883750 150
1883760 150
1883770 150
1883780 150
1883790 150
1883800 150
1883810 150
1883820 150
1883830 150
1883840 150
1883850 150
1883860 151
1883870 151
1883880 151
1883890 152
1883900 152
1883910 152
1883920 152
1883930 151
1883940 151
1883950 151
1883960 151
1883970 151
1883980 150
1883990 150
1884000 150
1884010 150
1884020 150
1884030 150
1884040 150
1884050 150
1884060 150
1884070 150
1884080 150
1884090 150
1884100 150
1884110 150
1884120 150
1884130 150
1884140 150
1884150 150
1884160 150
1884170 150
1884180 150
1884190 150
1884200 150
1884210 150
1884220 150
1884230 150
1884240 150
1884250 150
1884260 150
1884270 150
1884280 150
1884290 150
1884300 150
1884310 150
1884320 150
1884330 150
1884340 150
1884350 150
1884360 150
1884370 150
1884380 150
1884390 150
1884400 150
1884410 150
1884420 150
1884430 150
1884440 150
1884450 150
1884460 150
1884470 150
1884480 150
1884490 150
1884500 150
1884510 150
1884520 149
1884530 149
1884540 150
1884550 150
1884560 150
1884570 150
1884580 150
1884590 150
1884600 150
1884610 150
1884620 150
1884630 150
1884640 150
1884650 150
1884660 150
1884670 149
1884680 149
1884690 149
1884700 149
1884710 149
1884720 149
1884730 149
1884740 149
1884750 149
1884760 150
1884770 150
1884780 150
1884790 150
1884800 150
1884810 150
1884820 150
1884830 150
1884840 150
1884850 150
1884860 150
1884870 150
1884880 150
1884890 150
1884900 150
1884910 150
1884920 150
1884930 150
1884940 150
1884950 150
1884960 150
1884970 150
1884980 150
1884990 150
1885000 150
1885010 150
1885020 150
1885030 150
1885040 150
1885050 152
1885060 152
1885070 153
1885080 150
1885090 150
1885100 150
1885110 150
1885120 150
1885130 150
1885140 150
1885150 150
1885160 150
1885170 150
1885180 150
1885190 150
1885200 150
1885210 150
1885220 150
1885230 150
1885240 150
1885250 150
1885260 150
1885270 150
1885280 150
1885290 150
1885300 150
1885310 150
1885320 150
1885330 150
1885340 150
1885350 150
1885360 150
1885370 150
1885380 150
1885390 150
1885400 150
1885410 150
1885420 150
1885430 150
1885440 150
1885450 150
1885460 150
1885470 150
1885480 150
1885490 150
1885500 150
1885510 150
1885520 150
1885530 150
1885540 150
1885550 150
1885560 150
1885570 150
1885580 150
1885590 150
1885600 150
1885610 150
1885620 150
1885630 150
1885640 150
1885650 150
1885660 150
1885670 150
1885680 150
1885690 150
1885700 150
1885710 151
1885720 151
1885730 151
1885740 151
1885750 151
1885760 150
1885770 150
1885780 150
1885790 150
1885800 150
1885810 150
1885820 150
1885830 150
1885840 150
1885850 151
1885860 151
1885870 151
1885880 151
1885890 151
1885900 151
1885910 151
1885920 151
1885930 151
1885940 150
1885950 150
1885960 149
1885970 149
1885980 149
1885990 149
1886000 149
1886010 149
1886020 149
1886030 150
1886040 150
1886050 151
1886060 151
1886070 151
1886080 150
1886090 151
1886100 151
1886110 151
1886120 151
1886130 151
1886140 151
1880000 168
1880010 168
1880020 168
1880030 168
1880040 168
1880050 168
1880060 168
1880070 168
1880080 168
1880090 168
1880100 168
1880110 168
1880120 168
1880130 168
1880140 168
1880150 168
1880160 168
1880170 168
1880180 168
1880190 168
1880200 168
1880210 168
1880220 168
1880230 168
1880240 168
1880250 168
1880260 168
1880270 168
1880280 168
1880290 168
1880300 168
1880310 168
1880320 168
1880330 168
1880340 168
1880350 168
1880360 168
1880370 168
1880380 168
1880390 168
1880400 168
1880410 168
1880420 168
1880430 168
1880440 168
1880450 168
1880460 168
1880470 168
1880480 168
1880490 168
1880500 168
1880510 168
1880520 168
1880530 168
1880540 168
1880550 167
1880560 167
1880570 167
1880580 167
1880590 167
1880600 167
1880610 166
1880620 166
1880630 166
1880640 166
1880650 165
1880660 165
1880670 165
1880680 165
1880690 165
1880700 164
1880710 164
1880720 164
1880730 164
1880740 163
1880750 163
1880760 163
1880770 163
1880780 163
1880790 162
1880800 162
1880810 162
1880820 162
1880830 162
1880840 162
1880850 161
1880860 161
1880870 161
1880880 161
1880890 161
1880900 161
1880910 161
1880920 160
1880930 160
1880940 160
1880950 159
1880960 159
1880970 159
1880980 159
1880990 159
1881000 158
1881010 158
1881020 158
1881030 158
1881040 158
1881050 158
1881060 158
1881070 158
1881080 157
1881090 157
1881100 157
1881110 157
1881120 157
1881130 157
1881140 156
1881150 156
1881160 156
1881170 156
1881180 156
1881190 156
1881200 155
1881210 155
1881220 155
1881230 155
1881240 155
1881250 155
1881260 155
1881270 155
1881280 155
1881290 155
1881300 154
1881310 154
1881320 154
1881330 154
1881340 154
1881350 154
1881360 154
1881370 154
1881380 154
1881390 154
1881400 154
1881410 153
1881420 153
1881430 153
1881440 153
1881450 153
1881460 153
1881470 154
1881480 155
1881490 155
1881500 154
1881510 154
1881520 154
1881530 154
1881540 154
1881550 154
1881560 154
1881570 154
1881580 154
1881590 154
1881600 154
1881610 154
1881620 154
1881630 154
1881640 154
1881650 153
1881660 153
1881670 153
1881680 153
1881690 153
1881700 153
1881710 153
1881720 153
1881730 152
1881740 152
1881750 152
1881760 152
1881770 152
1881780 152
1881790 152
1881800 152
1881810 152
1881820 152
1881830 152
1881840 152
1881850 152
1881860 152
1881870 152
1881880 152
1881890 152
1881900 152
1881910 152
1881920 152
1881930 152
1881940 152
1881950 152
1881960 152
1881970 152
1881980 152
1881990 152
1882000 152
1882010 152
1882020 152
1882030 152
1882040 152
1882050 152
1882060 152
1882070 152
1882080 152
1882090 152
1882100 152
1882110 152
1882120 152
1882130 152
1882140 152
1882150 152
1882160 152
1882170 152
1882180 152
1882190 153
1882200 153
1882210 153
1882220 153
1882230 153
1882240 153
1882250 153
1882260 153
1882270 153
1882280 152
1882290 152
1882300 152
1882310 152
1882320 152
1882330 153
1882340 153
1882350 153
1882360 153
1882370 153
1882380 153
1882390 153
1882400 153
1882410 153
1882420 154
1882430 154
1882440 154
1882450 154
1882460 154
1882470 154
1882480 153
1882490 153
1882500 153
1882510 152
1882520 152
1882530 152
1882540 152
1882550 152
1882560 152
1882570 152
1882580 152
1882590 151
1882600 151
1882610 151
1882620 151
1882630 151
1882640 151
1882650 151
1882660 151
1882670 151
1882680 151
1882690 151
1882700 151
1882710 151
1882720 151
1882730 151
1882740 151
1882750 152
1882760 152
1882770 151
1882780 151
1882790 151
1882800 151
1882810 151
1882820 151
1882830 151
1882840 151
1882850 151
1882860 151
1882870 151
1882880 151
1882890 150
1882900 150
1882910 150
1882920 150
1882930 150
1882940 150
1882950 150
1882960 150
1882970 150
1882980 150
1882990 150
1883000 150
1883010 149
1883020 149
1883030 149
1883040 150
1883050 150
1883060 150
1883070 149
1883080 149
1883090 150
1883100 149
1883110 149
1883120 149
1883130 149
1883140 149
1883150 149
1883160 149
1883170 149
1883180 149
1883190 149
1883200 149
1883210 149
1883220 149
1883230 149
1883240 149
1883250 149
1883260 149
1883270 149
1883280 149
1883290 149
1883300 149
1883310 149
1883320 149
1883330 149
1883340 150
1883350 150
1883360 150
1883370 150
1883380 150
1883390 149
1883400 149
1883410 149
1883420 149
1883430 149
1883440 149
1883450 150
1883460 150
1883470 150
1883480 150
1883490 150
1883500 150
1883510 150
1883520 150
1883530 150
1883540 150
1883550 150
1883560 150
1883570 149
1883580 149
1883590 149
1883600 149
1883610 150
1883620 150
1883630 150
1883640 150
1883650 150
1883660 150
1883670 150
1883680 150
1883690 150
1883700 150
1883710 150
1883720 150
1883730 150
1883740 150
1883750 150
1883760 150
1883770 150
1883780 150
1883790 150
1883800 150
1883810 150
1883820 150
1883830 150
1883840 150
1883850 150
1883860 151
1883870 151
1883880 151
1883890 152
1883900 152
1883910 152
1883920 152
1883930 151
1883940 151
1883950 151
1883960 151
1883970 151
1883980 150
1883990 150
1884000 150
1884010 150
1884020 150
1884030 150
1884040 150
1884050 150
1884060 150
1884070 150
1884080 150
1884090 150
1884100 150
1884110 150
1884120 150
1884130 150
1884140 150
1884150 150
1884160 150
1884170 150
1884180 150
1884190 150
1884200 150
1884210 150
1884220 150
1884230 150
1884240 150
1884250 150
1884260 150
1884270 150
1884280 150
1884290 150
1884300 150
1884310 150
1884320 150
1884330 150
1884340 150
1884350 150
1884360 150
1884370 150
1884380 150
1884390 150
1884400 150
1884410 150
1884420 150
1884430 150
1884440 150
1884450 150
1884460 150
1884470 150
1884480 150
1884490 150
1884500 150
1884510 150
1884520 149
1884530 149
1884540 150
1884550 150
1884560 150
1884570 150
1884580 150
1884590 150
1884600 150
1884610 150
1884620 150
1884630 150
1884640 150
1884650 150
1884660 150
1884670 149
1884680 149
1884690 149
1884700 149
1884710 149
1884720 149
1884730 149
1884740 149
1884750 149
1884760 150
1884770 150
1884780 150
1884790 150
1884800 150
1884810 150
1884820 150
1884830 150
1884840 150
1884850 150
1884860 150
1884870 150
1884880 150
1884890 150
1884900 150
1884910 150
1884920 150
1884930 150
1884940 150
1884950 150
1884960 150
1884970 150
1884980 150
1884990 150
1885000 150
1885010 150
1885020 150
1885030 150
1885040 150
1885050 152
1885060 152
1885070 153
1885080 150
1885090 150
1885100 150
1885110 150
1885120 150
1885130 150
1885140 150
1885150 150
1885160 150
1885170 150
1885180 150
1885190 150
1885200 150
1885210 150
1885220 150
1885230 150
1885240 150
1885250 150
1885260 150
1885270 150
1885280 150
1885290 150
1885300 150
1885310 150
1885320 150
1885330 150
1885340 150
1885350 150
1885360 150
1885370 150
1885380 150
1885390 150
1885400 150
1885410 150
1885420 150
1885430 150
1885440 150
1885450 150
1885460 150
1885470 150
1885480 150
1885490 150
1885500 150
1885510 150
1885520 150
1885530 150
1885540 150
1885550 150
1885560 150
1885570 150
1885580 150
1885590 150
1885600 150
1885610 150
1885620 150
1885630 150
1885640 150
1885650 150
1885660 150
1885670 150
1885680 150
1885690 150
1885700 150
1885710 151
1885720 151
1885730 151
1885740 151
1885750 151
1885760 150
1885770 150
1885780 150
1885790 150
1885800 150
1885810 150
1885820 150
1885830 150
1885840 150
1885850 151
1885860 151
1885870 151
1885880 151
1885890 151
1885900 151
1885910 151
1885920 151
1885930 151
1885940 150
1885950 150
1885960 149
1885970 149
1885980 149
1885990 149
1886000 149
1886010 149
1886020 149
1886030 150
1886040 150
1886050 151
1886060 151
1886070 151
1886080 150
1886090 151
1886100 151
1886110 151
1886120 151
1886130 151
1886140 151
