1880000 170
1880010 170
1880020 170
1880030 170
1880040 170
1880050 170
1880060 171
1880070 171
1880080 171
1880090 171
1880100 171
1880110 171
1880120 171
1880130 171
1880140 171
1880150 171
1880160 172
1880170 172
1880180 172
1880190 172
1880200 172
1880210 172
1880220 172
1880230 172
1880240 172
1880250 172
1880260 172
1880270 172
1880280 172
1880290 172
1880300 172
1880310 172
1880320 172
1880330 172
1880340 172
1880350 172
1880360 172
1880370 172
1880380 173
1880390 173
1880400 173
1880410 173
1880420 173
1880430 173
1880440 173
1880450 173
1880460 173
1880470 173
1880480 173
1880490 173
1880500 173
1880510 174
1880520 174
1880530 174
1880540 174
1880550 174
1880560 174
1880570 174
1880580 174
1880590 174
1880600 174
1880610 174
1880620 174
1880630 174
1880640 174
1880650 174
1880660 175
1880670 175
1880680 175
1880690 174
1880700 174
1880710 174
1880720 174
1880730 174
1880740 173
1880750 172
1880760 172
1880770 171
1880780 171
1880790 171
1880800 170
1880810 170
1880820 170
1880830 169
1880840 169
1880850 169
1880860 168
1880870 166
1880880 166
1880890 167
1880900 167
1880910 165
1880920 163
1880930 163
1880940 163
1880950 162
1880960 162
1880970 161
1880980 160
1880990 160
1881000 160
1881010 159
1881020 159
1881030 159
1881040 158
1881050 158
1881060 158
1881070 157
1881080 157
1881090 157
1881100 157
1881110 157
1881120 156
1881130 156
1881140 156
1881150 156
1881160 156
1881170 156
1881180 156
1881190 156
1881200 156
1881210 155
1881220 155
1881230 155
1881240 155
1881250 155
1881260 155
1881270 155
1881280 155
1881290 155
1881300 156
1881310 156
1881320 156
1881330 156
1881340 156
1881350 156
1881360 156
1881370 156
1881380 156
1881390 156
1881400 156
1881410 156
1881420 157
1881430 157
1881440 157
1881450 157
1881460 156
1881470 156
1881480 156
1881490 156
1881500 156
1881510 156
1881520 156
1881530 156
1881540 156
1881550 156
1881560 157
1881570 155
1881580 155
1881590 155
1881600 154
1881610 154
1881620 154
1881630 154
1881640 154
1881650 154
1881660 154
1881670 154
1881680 154
1881690 153
1881700 153
1881710 153
1881720 153
1881730 153
1881740 153
1881750 153
1881760 153
1881770 153
1881780 153
1881790 153
1881800 153
1881810 153
1881820 153
1881830 153
1881840 153
1881850 153
1881860 153
1881870 153
1881880 153
1881890 152
1881900 152
1881910 152
1881920 152
1881930 152
1881940 152
1881950 152
1881960 152
1881970 152
1881980 152
1881990 152
1882000 152
1882010 152
1882020 152
1882030 152
1882040 152
1882050 152
1882060 152
1882070 152
1882080 152
1882090 152
1882100 152
1882110 152
1882120 152
1882130 152
1882140 152
1882150 152
1882160 152
1882170 152
1882180 152
1882190 151
1882200 151
1882210 151
1882220 151
1882230 151
1882240 151
1882250 151
1882260 151
1882270 151
1882280 151
1882290 151
1882300 151
1882310 151
1882320 151
1882330 151
1882340 151
1882350 151
1882360 151
1882370 150
1882380 150
1882390 150
1882400 150
1882410 150
1882420 150
1882430 150
1882440 150
1882450 150
1882460 150
1882470 150
1882480 150
1882490 150
1882500 150
1882510 150
1882520 150
1882530 150
1882540 150
1882550 150
1882560 150
1882570 150
1882580 150
1882590 150
1882600 150
1882610 150
1882620 150
1882630 150
1882640 150
1882650 150
1882660 150
1882670 150
1882680 150
1882690 150
1882700 150
1882710 150
1882720 150
1882730 150
1882740 150
1882750 150
1882760 150
1882770 150
1882780 150
1882790 150
1882800 150
1882810 150
1882820 150
1882830 150
1882840 150
1882850 150
1882860 150
1882870 150
1882880 150
1882890 150
1882900 150
1882910 150
1882920 150
1882930 150
1882940 150
1882950 150
1882960 150
1882970 150
1882980 150
1882990 150
1883000 150
1883010 150
1883020 150
1883030 150
1883040 150
1883050 150
1883060 150
1883070 150
1883080 150
1883090 150
1883100 150
1883110 150
1883120 150
1883130 150
1883140 150
1883150 150
1883160 150
1883170 150
1883180 150
1883190 150
1883200 150
1883210 150
1883220 150
1883230 150
1883240 150
1883250 150
1883260 150
1883270 150
1883280 150
1883290 150
1883300 150
1883310 150
1883320 150
1883330 150
1883340 150
1883350 150
1883360 150
1883370 150
1883380 150
1883390 150
1883400 150
1883410 150
1883420 150
1883430 150
1883440 150
1883450 150
1883460 150
1883470 150
1883480 150
1883490 150
1883500 150
1883510 150
1883520 150
1883530 150
1883540 150
1883550 150
1883560 150
1883570 150
1883580 150
1883590 150
1883600 150
1883610 150
1883620 150
1883630 150
1883640 150
1883650 150
1883660 150
1883670 150
1883680 150
1883690 150
1883700 150
1883710 150
1883720 150
1883730 150
1883740 150
1883750 150
1883760 150
1883770 150
1883780 150
1883790 150
1883800 150
1883810 150
1883820 150
1883830 150
1883840 150
1883850 150
1883860 150
1883870 151
1883880 151
1883890 151
1883900 151
1883910 150
1883920 150
1883930 150
1883940 150
1883950 150
1883960 150
1883970 150
1883980 150
1883990 150
1884000 150
1884010 150
1884020 150
1884030 150
1884040 150
1884050 150
1884060 150
1884070 150
1884080 150
1884090 150
1884100 150
1884110 150
1884120 150
1884130 150
1884140 150
1884150 150
1884160 150
1884170 150
1884180 150
1884190 150
1884200 150
1884210 150
1884220 150
1884230 150
1884240 150
1884250 150
1884260 150
1884270 150
1884280 150
1884290 150
1884300 150
1884310 150
1884320 150
1884330 150
1884340 150
1884350 150
1884360 150
1884370 150
1884380 150
1884390 150
1884400 149
1884410 149
1884420 149
1884430 150
1884440 150
1884450 150
1884460 150
1884470 150
1884480 150
1884490 150
1884500 150
1884510 150
1884520 150
1884530 150
1884540 150
1884550 150
1884560 150
1884570 150
1884580 150
1884590 150
1884600 150
1884610 150
1884620 150
1884630 150
1884640 150
1884650 150
1884660 150
1884670 150
1884680 151
1884690 151
1884700 150
1884710 149
1884720 149
1884730 150
1884740 150
1884750 150
1884760 150
1884770 150
1884780 150
1884790 150
1884800 150
1884810 150
1884820 150
1884830 150
1884840 150
1884850 150
1884860 150
1884870 150
1884880 150
1884890 150
1884900 150
1884910 151
1884920 151
1884930 153
1884940 151
1884950 151
1884960 151
1884970 151
1884980 151
1884990 151
1885000 151
1885010 151
1885020 151
1885030 151
1885040 151
1885050 151
1885060 151
1885070 151
1885080 150
1885090 150
1885100 150
1885110 150
1885120 150
1885130 150
1885140 150
1885150 150
1885160 150
1885170 150
1885180 150
1885190 150
1885200 150
1885210 150
1885220 150
1885230 150
1885240 150
1885250 150
1885260 150
1885270 150
1885280 150
1885290 150
1885300 150
1885310 150
1885320 150
1885330 150
1885340 150
1885350 150
1885360 151
1885370 151
1885380 151
1885390 151
1885400 151
1885410 151
1885420 151
1885430 151
1885440 151
1885450 150
1885460 150
1885470 150
1885480 150
1885490 151
1885500 151
1885510 151
1885520 151
1885530 151
1885540 151
1885550 151
1885560 151
1885570 151
1885580 151
1885590 151
1885600 151
1885610 151
1885620 151
1885630 151
1885640 150
1885650 150
1885660 150
1885670 150
1885680 150
1885690 150
1885700 150
1885710 150
1885720 150
1885730 150
1885740 151
1885750 151
1885760 151
1885770 151
1885780 151
1885790 151
1885800 151
1885810 151
1885820 151
1885830 151
1885840 151
1885850 151
1885860 151
1885870 151
1880000 170
1880010 170
1880020 170
1880030 170
1880040 170
1880050 170
1880060 171
1880070 171
1880080 171
1880090 171
1880100 171
1880110 171
1880120 171
1880130 171
1880140 171
1880150 171
1880160 172
1880170 172
1880180 172
1880190 172
1880200 172
1880210 172
1880220 172
1880230 172
1880240 172
1880250 172
1880260 172
1880270 172
1880280 172
1880290 172
1880300 172
1880310 172
1880320 172
1880330 172
1880340 172
1880350 172
1880360 172
1880370 172
1880380 173
1880390 173
1880400 173
1880410 173
1880420 173
1880430 173
1880440 173
1880450 173
1880460 173
1880470 173
1880480 173
1880490 173
1880500 173
1880510 174
1880520 174
1880530 174
1880540 174
1880550 174
1880560 174
1880570 174
1880580 174
1880590 174
1880600 174
1880610 174
1880620 174
1880630 174
1880640 174
1880650 174
1880660 175
1880670 175
1880680 175
1880690 174
1880700 174
1880710 174
1880720 174
1880730 174
1880740 173
1880750 172
1880760 172
1880770 171
1880780 171
1880790 171
1880800 170
1880810 170
1880820 170
1880830 169
1880840 169
1880850 169
1880860 168
1880870 166
1880880 166
1880890 167
1880900 167
1880910 165
1880920 163
1880930 163
1880940 163
1880950 162
1880960 162
1880970 161
1880980 160
1880990 160
1881000 160
1881010 159
1881020 159
1881030 159
1881040 158
1881050 158
1881060 158
1881070 157
1881080 157
1881090 157
1881100 157
1881110 157
1881120 156
1881130 156
1881140 156
1881150 156
1881160 156
1881170 156
1881180 156
1881190 156
1881200 156
1881210 155
1881220 155
1881230 155
1881240 155
1881250 155
1881260 155
1881270 155
1881280 155
1881290 155
1881300 156
1881310 156
1881320 156
1881330 156
1881340 156
1881350 156
1881360 156
1881370 156
1881380 156
1881390 156
1881400 156
1881410 156
1881420 157
1881430 157
1881440 157
1881450 157
1881460 156
1881470 156
1881480 156
1881490 156
1881500 156
1881510 156
1881520 156
1881530 156
1881540 156
1881550 156
1881560 157
1881570 155
1881580 155
1881590 155
1881600 154
1881610 154
1881620 154
1881630 154
1881640 154
1881650 154
1881660 154
1881670 154
1881680 154
1881690 153
1881700 153
1881710 153
1881720 153
1881730 153
1881740 153
1881750 153
1881760 153
1881770 153
1881780 153
1881790 153
1881800 153
1881810 153
1881820 153
1881830 153
1881840 153
1881850 153
1881860 153
1881870 153
1881880 153
1881890 152
1881900 152
1881910 152
1881920 152
1881930 152
1881940 152
1881950 152
1881960 152
1881970 152
1881980 152
1881990 152
1882000 152
1882010 152
1882020 152
1882030 152
1882040 152
1882050 152
1882060 152
1882070 152
1882080 152
1882090 152
1882100 152
1882110 152
1882120 152
1882130 152
1882140 152
1882150 152
1882160 152
1882170 152
1882180 152
1882190 151
1882200 151
1882210 151
1882220 151
1882230 151
1882240 151
1882250 151
1882260 151
1882270 151
1882280 151
1882290 151
1882300 151
1882310 151
1882320 151
1882330 151
1882340 151
1882350 151
1882360 151
1882370 150
1882380 150
1882390 150
1882400 150
1882410 150
1882420 150
1882430 150
1882440 150
1882450 150
1882460 150
1882470 150
1882480 150
1882490 150
1882500 150
1882510 150
1882520 150
1882530 150
1882540 150
1882550 150
1882560 150
1882570 150
1882580 150
1882590 150
1882600 150
1882610 150
1882620 150
1882630 150
1882640 150
1882650 150
1882660 150
1882670 150
1882680 150
1882690 150
1882700 150
1882710 150
1882720 150
1882730 150
1882740 150
1882750 150
1882760 150
1882770 150
1882780 150
1882790 150
1882800 150
1882810 150
1882820 150
1882830 150
1882840 150
1882850 150
1882860 150
1882870 150
1882880 150
1882890 150
1882900 150
1882910 150
1882920 150
1882930 150
1882940 150
1882950 150
1882960 150
1882970 150
1882980 150
1882990 150
1883000 150
1883010 150
1883020 150
1883030 150
1883040 150
1883050 150
1883060 150
1883070 150
1883080 150
1883090 150
1883100 150
1883110 150
1883120 150
1883130 150
1883140 150
1883150 150
1883160 150
1883170 150
1883180 150
1883190 150
1883200 150
1883210 150
1883220 150
1883230 150
1883240 150
1883250 150
1883260 150
1883270 150
1883280 150
1883290 150
1883300 150
1883310 150
1883320 150
1883330 150
1883340 150
1883350 150
1883360 150
1883370 150
1883380 150
1883390 150
1883400 150
1883410 150
1883420 150
1883430 150
1883440 150
1883450 150
1883460 150
1883470 150
1883480 150
1883490 150
1883500 150
1883510 150
1883520 150
1883530 150
1883540 150
1883550 150
1883560 150
1883570 150
1883580 150
1883590 150
1883600 150
1883610 150
1883620 150
1883630 150
1883640 150
1883650 150
1883660 150
1883670 150
1883680 150
1883690 150
1883700 150
1883710 150
1883720 150
1883730 150
1883740 150
1883750 150
1883760 150
1883770 150
1883780 150
1883790 150
1883800 150
1883810 150
1883820 150
1883830 150
1883840 150
1883850 150
1883860 150
1883870 151
1883880 151
1883890 151
1883900 151
1883910 150
1883920 150
1883930 150
1883940 150
1883950 150
1883960 150
1883970 150
1883980 150
1883990 150
1884000 150
1884010 150
1884020 150
1884030 150
1884040 150
1884050 150
1884060 150
1884070 150
1884080 150
1884090 150
1884100 150
1884110 150
1884120 150
1884130 150
1884140 150
1884150 150
1884160 150
1884170 150
1884180 150
1884190 150
1884200 150
1884210 150
1884220 150
1884230 150
1884240 150
1884250 150
1884260 150
1884270 150
1884280 150
1884290 150
1884300 150
1884310 150
1884320 150
1884330 150
1884340 150
1884350 150
1884360 150
1884370 150
1884380 150
1884390 150
1884400 149
1884410 149
1884420 149
1884430 150
1884440 150
1884450 150
1884460 150
1884470 150
1884480 150
1884490 150
1884500 150
1884510 150
1884520 150
1884530 150
1884540 150
1884550 150
1884560 150
1884570 150
1884580 150
1884590 150
1884600 150
1884610 150
1884620 150
1884630 150
1884640 150
1884650 150
1884660 150
1884670 150
1884680 151
1884690 151
1884700 150
1884710 149
1884720 149
1884730 150
1884740 150
1884750 150
1884760 150
1884770 150
1884780 150
1884790 150
1884800 150
1884810 150
1884820 150
1884830 150
1884840 150
1884850 150
1884860 150
1884870 150
1884880 150
1884890 150
1884900 150
1884910 151
1884920 151
1884930 153
1884940 151
1884950 151
1884960 151
1884970 151
1884980 151
1884990 151
1885000 151
1885010 151
1885020 151
1885030 151
1885040 151
1885050 151
1885060 151
1885070 151
1885080 150
1885090 150
1885100 150
1885110 150
1885120 150
1885130 150
1885140 150
1885150 150
1885160 150
1885170 150
1885180 150
1885190 150
1885200 150
1885210 150
1885220 150
1885230 150
1885240 150
1885250 150
1885260 150
1885270 150
1885280 150
1885290 150
1885300 150
1885310 150
1885320 150
1885330 150
1885340 150
1885350 150
1885360 151
1885370 151
1885380 151
1885390 151
1885400 151
1885410 151
1885420 151
1885430 151
1885440 151
1885450 150
1885460 150
1885470 150
1885480 150
1885490 151
1885500 151
1885510 151
1885520 151
1885530 151
1885540 151
1885550 151
1885560 151
1885570 151
1885580 151
1885590 151
1885600 151
1885610 151
1885620 151
1885630 151
1885640 150
1885650 150
1885660 150
1885670 150
1885680 150
1885690 150
1885700 150
1885710 150
1885720 150
1885730 150
1885740 151
1885750 151
1885760 151
1885770 151
1885780 151
1885790 151
1885800 151
1885810 151
1885820 151
1885830 151
1885840 151
1885850 151
1885860 151
1885870 151
