1880000 172
1880010 172
1880020 172
1880030 172
1880040 172
1880050 172
1880060 172
1880070 172
1880080 172
1880090 172
1880100 173
1880110 173
1880120 173
1880130 173
1880140 173
1880150 173
1880160 173
1880170 173
1880180 173
1880190 173
1880200 173
1880210 173
1880220 173
1880230 173
1880240 173
1880250 173
1880260 173
1880270 173
1880280 173
1880290 173
1880300 173
1880310 173
1880320 173
1880330 174
1880340 174
1880350 174
1880360 174
1880370 174
1880380 174
1880390 174
1880400 174
1880410 174
1880420 174
1880430 175
1880440 175
1880450 175
1880460 175
1880470 175
1880480 175
1880490 174
1880500 174
1880510 174
1880520 174
1880530 174
1880540 173
1880550 173
1880560 173
1880570 172
1880580 172
1880590 172
1880600 171
1880610 171
1880620 171
1880630 170
1880640 170
1880650 170
1880660 169
1880670 169
1880680 169
1880690 168
1880700 168
1880710 168
1880720 167
1880730 167
1880740 167
1880750 166
1880760 166
1880770 166
1880780 165
1880790 165
1880800 165
1880810 164
1880820 164
1880830 164
1880840 164
1880850 164
1880860 163
1880870 163
1880880 163
1880890 163
1880900 162
1880910 162
1880920 162
1880930 162
1880940 162
1880950 161
1880960 161
1880970 161
1880980 161
1880990 160
1881000 160
1881010 160
1881020 160
1881030 160
1881040 159
1881050 159
1881060 159
1881070 159
1881080 158
1881090 158
1881100 158
1881110 158
1881120 158
1881130 158
1881140 158
1881150 158
1881160 157
1881170 157
1881180 157
1881190 157
1881200 157
1881210 157
1881220 157
1881230 157
1881240 157
1881250 157
1881260 156
1881270 156
1881280 156
1881290 156
1881300 156
1881310 156
1881320 156
1881330 156
1881340 156
1881350 156
1881360 156
1881370 156
1881380 156
1881390 156
1881400 156
1881410 156
1881420 156
1881430 156
1881440 156
1881450 156
1881460 156
1881470 156
1881480 156
1881490 156
1881500 156
1881510 156
1881520 156
1881530 156
1881540 156
1881550 157
1881560 157
1881570 157
1881580 157
1881590 157
1881600 156
1881610 156
1881620 156
1881630 156
1881640 155
1881650 155
1881660 155
1881670 155
1881680 155
1881690 155
1881700 155
1881710 155
1881720 155
1881730 155
1881740 155
1881750 154
1881760 154
1881770 154
1881780 154
1881790 154
1881800 154
1881810 154
1881820 154
1881830 154
1881840 154
1881850 154
1881860 154
1881870 153
1881880 152
1881890 152
1881900 152
1881910 152
1881920 152
1881930 153
1881940 153
1881950 153
1881960 153
1881970 153
1881980 153
1881990 153
1882000 153
1882010 153
1882020 153
1882030 153
1882040 153
1882050 153
1882060 152
1882070 152
1882080 152
1882090 152
1882100 151
1882110 151
1882120 151
1882130 151
1882140 151
1882150 151
1882160 151
1882170 150
1882180 150
1882190 150
1882200 150
1882210 150
1882220 150
1882230 150
1882240 150
1882250 150
1882260 150
1882270 150
1882280 150
1882290 150
1882300 150
1882310 150
1882320 150
1882330 150
1882340 150
1882350 150
1882360 150
1882370 150
1882380 150
1882390 150
1882400 150
1882410 150
1882420 150
1882430 150
1882440 150
1882450 150
1882460 150
1882470 150
1882480 150
1882490 150
1882500 150
1882510 150
1882520 150
1882530 150
1882540 150
1882550 150
1882560 150
1882570 150
1882580 150
1882590 150
1882600 150
1882610 150
1882620 150
1882630 150
1882640 150
1882650 150
1882660 150
1882670 150
1882680 150
1882690 150
1882700 150
1882710 150
1882720 150
1882730 150
1882740 150
1882750 150
1882760 150
1882770 150
1882780 150
1882790 150
1882800 150
1882810 150
1882820 150
1882830 150
1882840 150
1882850 150
1882860 150
1882870 150
1882880 150
1882890 150
1882900 150
1882910 150
1882920 150
1882930 150
1882940 150
1882950 150
1882960 150
1882970 150
1882980 150
1882990 150
1883000 150
1883010 150
1883020 150
1883030 150
1883040 150
1883050 151
1883060 151
1883070 151
1883080 151
1883090 150
1883100 150
1883110 150
1883120 150
1883130 150
1883140 150
1883150 150
1883160 150
1883170 150
1883180 150
1883190 150
1883200 150
1883210 150
1883220 150
1883230 150
1883240 150
1883250 150
1883260 150
1883270 150
1883280 150
1883290 150
1883300 150
1883310 150
1883320 150
1883330 150
1883340 150
1883350 150
1883360 150
1883370 150
1883380 150
1883390 150
1883400 150
1883410 150
1883420 150
1883430 150
1883440 150
1883450 150
1883460 150
1883470 150
1883480 150
1883490 150
1883500 150
1883510 150
1883520 150
1883530 150
1883540 150
1883550 150
1883560 150
1883570 150
1883580 150
1883590 150
1883600 150
1883610 150
1883620 150
1883630 150
1883640 150
1883650 150
1883660 150
1883670 150
1883680 150
1883690 150
1883700 150
1883710 150
1883720 150
1883730 150
1883740 150
1883750 150
1883760 150
1883770 150
1883780 150
1883790 150
1883800 150
1883810 150
1883820 150
1883830 150
1883840 150
1883850 150
1883860 150
1883870 150
1883880 150
1883890 150
1883900 150
1883910 150
1883920 150
1883930 150
1883940 151
1883950 150
1883960 150
1883970 151
1883980 151
1883990 151
1884000 151
1884010 151
1884020 151
1884030 150
1884040 150
1884050 150
1884060 150
1884070 150
1884080 150
1884090 150
1884100 150
1884110 150
1884120 150
1884130 150
1884140 150
1884150 150
1884160 150
1884170 150
1884180 150
1884190 150
1884200 150
1884210 150
1884220 150
1884230 150
1884240 150
1884250 150
1884260 150
1884270 150
1884280 150
1884290 150
1884300 150
1884310 150
1884320 150
1884330 150
1884340 150
1884350 150
1884360 150
1884370 150
1884380 150
1884390 150
1884400 150
1884410 150
1884420 150
1884430 150
1884440 150
1884450 150
1884460 150
1884470 150
1884480 150
1884490 150
1884500 150
1884510 150
1884520 150
1884530 150
1884540 150
1884550 150
1884560 149
1884570 150
1884580 150
1884590 150
1884600 150
1884610 150
1884620 150
1884630 150
1884640 150
1884650 150
1884660 150
1884670 150
1884680 150
1884690 150
1884700 150
1884710 150
1884720 150
1884730 150
1884740 150
1884750 150
1884760 151
1884770 151
1884780 151
1884790 151
1884800 152
1884810 152
1884820 153
1884830 152
1884840 152
1884850 150
1884860 150
1884870 150
1884880 150
1884890 151
1884900 151
1884910 151
1884920 150
1884930 150
1884940 151
1884950 151
1884960 151
1884970 151
1884980 151
1884990 151
1885000 151
1885010 151
1885020 151
1885030 151
1885040 151
1885050 151
1885060 150
1885070 151
1885080 151
1885090 151
1885100 151
1885110 151
1885120 151
1885130 151
1885140 151
1885150 151
1885160 151
1885170 151
1885180 151
1885190 150
1885200 150
1885210 150
1885220 150
1885230 150
1885240 150
1885250 151
1885260 151
1885270 151
1885280 151
1885290 150
1885300 151
1885310 151
1885320 151
1885330 151
1885340 151
1885350 151
1885360 151
1885370 151
1885380 151
1885390 151
1885400 151
1885410 151
1885420 151
1885430 151
1885440 151
1885450 151
1885460 151
1885470 151
1885480 151
1885490 151
1885500 151
1885510 151
1885520 151
1885530 151
1885540 151
1885550 151
1885560 151
1885570 151
1885580 151
1885590 151
1885600 151
1885610 151
1885620 151
1885630 150
1885640 150
1885650 150
1885660 150
1885670 150
1885680 150
1885690 151
1885700 151
1885710 151
1885720 150
1885730 150
1885740 150
1885750 150
1885760 150
1885770 150
1885780 150
1885790 150
1885800 151
1885810 152
1885820 152
1885830 151
1885840 151
1885850 151
1885860 151
1885870 152
1885880 152
1880000 172
1880010 172
1880020 172
1880030 172
1880040 172
1880050 172
1880060 172
1880070 172
1880080 172
1880090 172
1880100 173
1880110 173
1880120 173
1880130 173
1880140 173
1880150 173
1880160 173
1880170 173
1880180 173
1880190 173
1880200 173
1880210 173
1880220 173
1880230 173
1880240 173
1880250 173
1880260 173
1880270 173
1880280 173
1880290 173
1880300 173
1880310 173
1880320 173
1880330 174
1880340 174
1880350 174
1880360 174
1880370 174
1880380 174
1880390 174
1880400 174
1880410 174
1880420 174
1880430 175
1880440 175
1880450 175
1880460 175
1880470 175
1880480 175
1880490 174
1880500 174
1880510 174
1880520 174
1880530 174
1880540 173
1880550 173
1880560 173
1880570 172
1880580 172
1880590 172
1880600 171
1880610 171
1880620 171
1880630 170
1880640 170
1880650 170
1880660 169
1880670 169
1880680 169
1880690 168
1880700 168
1880710 168
1880720 167
1880730 167
1880740 167
1880750 166
1880760 166
1880770 166
1880780 165
1880790 165
1880800 165
1880810 164
1880820 164
1880830 164
1880840 164
1880850 164
1880860 163
1880870 163
1880880 163
1880890 163
1880900 162
1880910 162
1880920 162
1880930 162
1880940 162
1880950 161
1880960 161
1880970 161
1880980 161
1880990 160
1881000 160
1881010 160
1881020 160
1881030 160
1881040 159
1881050 159
1881060 159
1881070 159
1881080 158
1881090 158
1881100 158
1881110 158
1881120 158
1881130 158
1881140 158
1881150 158
1881160 157
1881170 157
1881180 157
1881190 157
1881200 157
1881210 157
1881220 157
1881230 157
1881240 157
1881250 157
1881260 156
1881270 156
1881280 156
1881290 156
1881300 156
1881310 156
1881320 156
1881330 156
1881340 156
1881350 156
1881360 156
1881370 156
1881380 156
1881390 156
1881400 156
1881410 156
1881420 156
1881430 156
1881440 156
1881450 156
1881460 156
1881470 156
1881480 156
1881490 156
1881500 156
1881510 156
1881520 156
1881530 156
1881540 156
1881550 157
1881560 157
1881570 157
1881580 157
1881590 157
1881600 156
1881610 156
1881620 156
1881630 156
1881640 155
1881650 155
1881660 155
1881670 155
1881680 155
1881690 155
1881700 155
1881710 155
1881720 155
1881730 155
1881740 155
1881750 154
1881760 154
1881770 154
1881780 154
1881790 154
1881800 154
1881810 154
1881820 154
1881830 154
1881840 154
1881850 154
1881860 154
1881870 153
1881880 152
1881890 152
1881900 152
1881910 152
1881920 152
1881930 153
1881940 153
1881950 153
1881960 153
1881970 153
1881980 153
1881990 153
1882000 153
1882010 153
1882020 153
1882030 153
1882040 153
1882050 153
1882060 152
1882070 152
1882080 152
1882090 152
1882100 151
1882110 151
1882120 151
1882130 151
1882140 151
1882150 151
1882160 151
1882170 150
1882180 150
1882190 150
1882200 150
1882210 150
1882220 150
1882230 150
1882240 150
1882250 150
1882260 150
1882270 150
1882280 150
1882290 150
1882300 150
1882310 150
1882320 150
1882330 150
1882340 150
1882350 150
1882360 150
1882370 150
1882380 150
1882390 150
1882400 150
1882410 150
1882420 150
1882430 150
1882440 150
1882450 150
1882460 150
1882470 150
1882480 150
1882490 150
1882500 150
1882510 150
1882520 150
1882530 150
1882540 150
1882550 150
1882560 150
1882570 150
1882580 150
1882590 150
1882600 150
1882610 150
1882620 150
1882630 150
1882640 150
1882650 150
1882660 150
1882670 150
1882680 150
1882690 150
1882700 150
1882710 150
1882720 150
1882730 150
1882740 150
1882750 150
1882760 150
1882770 150
1882780 150
1882790 150
1882800 150
1882810 150
1882820 150
1882830 150
1882840 150
1882850 150
1882860 150
1882870 150
1882880 150
1882890 150
1882900 150
1882910 150
1882920 150
1882930 150
1882940 150
1882950 150
1882960 150
1882970 150
1882980 150
1882990 150
1883000 150
1883010 150
1883020 150
1883030 150
1883040 150
1883050 151
1883060 151
1883070 151
1883080 151
1883090 150
1883100 150
1883110 150
1883120 150
1883130 150
1883140 150
1883150 150
1883160 150
1883170 150
1883180 150
1883190 150
1883200 150
1883210 150
1883220 150
1883230 150
1883240 150
1883250 150
1883260 150
1883270 150
1883280 150
1883290 150
1883300 150
1883310 150
1883320 150
1883330 150
1883340 150
1883350 150
1883360 150
1883370 150
1883380 150
1883390 150
1883400 150
1883410 150
1883420 150
1883430 150
1883440 150
1883450 150
1883460 150
1883470 150
1883480 150
1883490 150
1883500 150
1883510 150
1883520 150
1883530 150
1883540 150
1883550 150
1883560 150
1883570 150
1883580 150
1883590 150
1883600 150
1883610 150
1883620 150
1883630 150
1883640 150
1883650 150
1883660 150
1883670 150
1883680 150
1883690 150
1883700 150
1883710 150
1883720 150
1883730 150
1883740 150
1883750 150
1883760 150
1883770 150
1883780 150
1883790 150
1883800 150
1883810 150
1883820 150
1883830 150
1883840 150
1883850 150
1883860 150
1883870 150
1883880 150
1883890 150
1883900 150
1883910 150
1883920 150
1883930 150
1883940 151
1883950 150
1883960 150
1883970 151
1883980 151
1883990 151
1884000 151
1884010 151
1884020 151
1884030 150
1884040 150
1884050 150
1884060 150
1884070 150
1884080 150
1884090 150
1884100 150
1884110 150
1884120 150
1884130 150
1884140 150
1884150 150
1884160 150
1884170 150
1884180 150
1884190 150
1884200 150
1884210 150
1884220 150
1884230 150
1884240 150
1884250 150
1884260 150
1884270 150
1884280 150
1884290 150
1884300 150
1884310 150
1884320 150
1884330 150
1884340 150
1884350 150
1884360 150
1884370 150
1884380 150
1884390 150
1884400 150
1884410 150
1884420 150
1884430 150
1884440 150
1884450 150
1884460 150
1884470 150
1884480 150
1884490 150
1884500 150
1884510 150
1884520 150
1884530 150
1884540 150
1884550 150
1884560 149
1884570 150
1884580 150
1884590 150
1884600 150
1884610 150
1884620 150
1884630 150
1884640 150
1884650 150
1884660 150
1884670 150
1884680 150
1884690 150
1884700 150
1884710 150
1884720 150
1884730 150
1884740 150
1884750 150
1884760 151
1884770 151
1884780 151
1884790 151
1884800 152
1884810 152
1884820 153
1884830 152
1884840 152
1884850 150
1884860 150
1884870 150
1884880 150
1884890 151
1884900 151
1884910 151
1884920 150
1884930 150
1884940 151
1884950 151
1884960 151
1884970 151
1884980 151
1884990 151
1885000 151
1885010 151
1885020 151
1885030 151
1885040 151
1885050 151
1885060 150
1885070 151
1885080 151
1885090 151
1885100 151
1885110 151
1885120 151
1885130 151
1885140 151
1885150 151
1885160 151
1885170 151
1885180 151
1885190 150
1885200 150
1885210 150
1885220 150
1885230 150
1885240 150
1885250 151
1885260 151
1885270 151
1885280 151
1885290 150
1885300 151
1885310 151
1885320 151
1885330 151
1885340 151
1885350 151
1885360 151
1885370 151
1885380 151
1885390 151
1885400 151
1885410 151
1885420 151
1885430 151
1885440 151
1885450 151
1885460 151
1885470 151
1885480 151
1885490 151
1885500 151
1885510 151
1885520 151
1885530 151
1885540 151
1885550 151
1885560 151
1885570 151
1885580 151
1885590 151
1885600 151
1885610 151
1885620 151
1885630 150
1885640 150
1885650 150
1885660 150
1885670 150
1885680 150
1885690 151
1885700 151
1885710 151
1885720 150
1885730 150
1885740 150
1885750 150
1885760 150
1885770 150
1885780 150
1885790 150
1885800 151
1885810 152
1885820 152
1885830 151
1885840 151
1885850 151
1885860 151
1885870 152
1885880 152
