1880000 176
1880010 175
1880020 175
1880030 175
1880040 175
1880050 175
1880060 175
1880070 175
1880080 175
1880090 175
1880100 175
1880110 175
1880120 175
1880130 176
1880140 176
1880150 176
1880160 176
1880170 176
1880180 176
1880190 176
1880200 176
1880210 176
1880220 176
1880230 176
1880240 176
1880250 176
1880260 176
1880270 176
1880280 176
1880290 176
1880300 176
1880310 176
1880320 176
1880330 176
1880340 176
1880350 176
1880360 175
1880370 175
1880380 175
1880390 175
1880400 174
1880410 174
1880420 174
1880430 174
1880440 174
1880450 174
1880460 173
1880470 173
1880480 173
1880490 173
1880500 173
1880510 172
1880520 172
1880530 172
1880540 171
1880550 171
1880560 171
1880570 171
1880580 170
1880590 170
1880600 169
1880610 169
1880620 169
1880630 168
1880640 168
1880650 168
1880660 167
1880670 167
1880680 167
1880690 167
1880700 166
1880710 166
1880720 166
1880730 166
1880740 166
1880750 165
1880760 165
1880770 165
1880780 164
1880790 164
1880800 164
1880810 164
1880820 164
1880830 164
1880840 163
1880850 163
1880860 163
1880870 163
1880880 163
1880890 162
1880900 162
1880910 162
1880920 162
1880930 161
1880940 161
1880950 161
1880960 161
1880970 161
1880980 160
1880990 160
1881000 160
1881010 160
1881020 160
1881030 160
1881040 159
1881050 159
1881060 159
1881070 159
1881080 159
1881090 159
1881100 159
1881110 159
1881120 159
1881130 158
1881140 158
1881150 158
1881160 158
1881170 158
1881180 158
1881190 158
1881200 158
1881210 158
1881220 158
1881230 158
1881240 158
1881250 158
1881260 157
1881270 157
1881280 157
1881290 157
1881300 157
1881310 157
1881320 157
1881330 157
1881340 157
1881350 157
1881360 157
1881370 157
1881380 157
1881390 157
1881400 157
1881410 157
1881420 157
1881430 157
1881440 157
1881450 157
1881460 157
1881470 157
1881480 157
1881490 157
1881500 157
1881510 158
1881520 158
1881530 158
1881540 158
1881550 158
1881560 158
1881570 158
1881580 158
1881590 158
1881600 158
1881610 158
1881620 158
1881630 158
1881640 158
1881650 158
1881660 158
1881670 158
1881680 158
1881690 158
1881700 158
1881710 158
1881720 158
1881730 158
1881740 158
1881750 157
1881760 157
1881770 157
1881780 157
1881790 157
1881800 157
1881810 157
1881820 157
1881830 157
1881840 156
1881850 156
1881860 156
1881870 156
1881880 156
1881890 156
1881900 155
1881910 155
1881920 155
1881930 155
1881940 155
1881950 155
1881960 155
1881970 154
1881980 154
1881990 154
1882000 154
1882010 154
1882020 153
1882030 152
1882040 152
1882050 152
1882060 151
1882070 151
1882080 151
1882090 151
1882100 151
1882110 151
1882120 151
1882130 150
1882140 150
1882150 150
1882160 150
1882170 150
1882180 150
1882190 150
1882200 150
1882210 150
1882220 150
1882230 150
1882240 150
1882250 150
1882260 150
1882270 150
1882280 150
1882290 150
1882300 150
1882310 150
1882320 150
1882330 150
1882340 150
1882350 150
1882360 150
1882370 150
1882380 150
1882390 150
1882400 150
1882410 150
1882420 150
1882430 150
1882440 150
1882450 150
1882460 150
1882470 150
1882480 150
1882490 150
1882500 151
1882510 151
1882520 150
1882530 151
1882540 151
1882550 151
1882560 151
1882570 151
1882580 151
1882590 151
1882600 151
1882610 150
1882620 150
1882630 150
1882640 150
1882650 150
1882660 150
1882670 150
1882680 150
1882690 150
1882700 151
1882710 151
1882720 151
1882730 151
1882740 151
1882750 153
1882760 152
1882770 152
1882780 150
1882790 150
1882800 150
1882810 150
1882820 150
1882830 150
1882840 150
1882850 150
1882860 150
1882870 150
1882880 150
1882890 150
1882900 150
1882910 150
1882920 150
1882930 150
1882940 150
1882950 150
1882960 150
1882970 150
1882980 150
1882990 150
1883000 150
1883010 150
1883020 150
1883030 150
1883040 150
1883050 150
1883060 151
1883070 151
1883080 151
1883090 151
1883100 151
1883110 151
1883120 151
1883130 151
1883140 151
1883150 151
1883160 151
1883170 151
1883180 151
1883190 151
1883200 151
1883210 151
1883220 151
1883230 151
1883240 150
1883250 150
1883260 150
1883270 149
1883280 149
1883290 149
1883300 150
1883310 150
1883320 151
1883330 151
1883340 151
1883350 151
1883360 151
1883370 150
1883380 150
1883390 150
1883400 150
1883410 151
1883420 151
1883430 151
1883440 151
1883450 151
1883460 151
1883470 151
1883480 151
1883490 151
1883500 150
1883510 150
1883520 151
1883530 151
1883540 151
1883550 151
1883560 151
1883570 151
1883580 150
1883590 150
1883600 150
1883610 150
1883620 150
1883630 150
1883640 150
1883650 150
1883660 150
1883670 150
1883680 150
1883690 150
1883700 150
1883710 151
1883720 151
1883730 151
1883740 152
1883750 152
1883760 153
1883770 153
1883780 153
1883790 153
1883800 152
1883810 150
1883820 150
1883830 150
1883840 150
1883850 150
1883860 150
1883870 150
1883880 150
1883890 150
1883900 150
1883910 150
1883920 150
1883930 150
1883940 150
1883950 150
1883960 150
1883970 151
1883980 152
1883990 152
1884000 152
1884010 152
1884020 151
1884030 151
1884040 151
1884050 150
1884060 150
1884070 150
1884080 150
1884090 150
1884100 150
1884110 150
1884120 150
1884130 150
1884140 150
1884150 150
1884160 150
1884170 150
1884180 150
1884190 150
1884200 150
1884210 150
1884220 150
1884230 150
1884240 151
1884250 151
1884260 151
1884270 150
1884280 150
1884290 150
1884300 150
1884310 150
1884320 151
1884330 151
1884340 151
1884350 151
1884360 151
1884370 151
1884380 151
1884390 151
1884400 151
1884410 151
1884420 151
1884430 151
1880000 176
1880010 175
1880020 175
1880030 175
1880040 175
1880050 175
1880060 175
1880070 175
1880080 175
1880090 175
1880100 175
1880110 175
1880120 175
1880130 176
1880140 176
1880150 176
1880160 176
1880170 176
1880180 176
1880190 176
1880200 176
1880210 176
1880220 176
1880230 176
1880240 176
1880250 176
1880260 176
1880270 176
1880280 176
1880290 176
1880300 176
1880310 176
1880320 176
1880330 176
1880340 176
1880350 176
1880360 175
1880370 175
1880380 175
1880390 175
1880400 174
1880410 174
1880420 174
1880430 174
1880440 174
1880450 174
1880460 173
1880470 173
1880480 173
1880490 173
1880500 173
1880510 172
1880520 172
1880530 172
1880540 171
1880550 171
1880560 171
1880570 171
1880580 170
1880590 170
1880600 169
1880610 169
1880620 169
1880630 168
1880640 168
1880650 168
1880660 167
1880670 167
1880680 167
1880690 167
1880700 166
1880710 166
1880720 166
1880730 166
1880740 166
1880750 165
1880760 165
1880770 165
1880780 164
1880790 164
1880800 164
1880810 164
1880820 164
1880830 164
1880840 163
1880850 163
1880860 163
1880870 163
1880880 163
1880890 162
1880900 162
1880910 162
1880920 162
1880930 161
1880940 161
1880950 161
1880960 161
1880970 161
1880980 160
1880990 160
1881000 160
1881010 160
1881020 160
1881030 160
1881040 159
1881050 159
1881060 159
1881070 159
1881080 159
1881090 159
1881100 159
1881110 159
1881120 159
1881130 158
1881140 158
1881150 158
1881160 158
1881170 158
1881180 158
1881190 158
1881200 158
1881210 158
1881220 158
1881230 158
1881240 158
1881250 158
1881260 157
1881270 157
1881280 157
1881290 157
1881300 157
1881310 157
1881320 157
1881330 157
1881340 157
1881350 157
1881360 157
1881370 157
1881380 157
1881390 157
1881400 157
1881410 157
1881420 157
1881430 157
1881440 157
1881450 157
1881460 157
1881470 157
1881480 157
1881490 157
1881500 157
1881510 158
1881520 158
1881530 158
1881540 158
1881550 158
1881560 158
1881570 158
1881580 158
1881590 158
1881600 158
1881610 158
1881620 158
1881630 158
1881640 158
1881650 158
1881660 158
1881670 158
1881680 158
1881690 158
1881700 158
1881710 158
1881720 158
1881730 158
1881740 158
1881750 157
1881760 157
1881770 157
1881780 157
1881790 157
1881800 157
1881810 157
1881820 157
1881830 157
1881840 156
1881850 156
1881860 156
1881870 156
1881880 156
1881890 156
1881900 155
1881910 155
1881920 155
1881930 155
1881940 155
1881950 155
1881960 155
1881970 154
1881980 154
1881990 154
1882000 154
1882010 154
1882020 153
1882030 152
1882040 152
1882050 152
1882060 151
1882070 151
1882080 151
1882090 151
1882100 151
1882110 151
1882120 151
1882130 150
1882140 150
1882150 150
1882160 150
1882170 150
1882180 150
1882190 150
1882200 150
1882210 150
1882220 150
1882230 150
1882240 150
1882250 150
1882260 150
1882270 150
1882280 150
1882290 150
1882300 150
1882310 150
1882320 150
1882330 150
1882340 150
1882350 150
1882360 150
1882370 150
1882380 150
1882390 150
1882400 150
1882410 150
1882420 150
1882430 150
1882440 150
1882450 150
1882460 150
1882470 150
1882480 150
1882490 150
1882500 151
1882510 151
1882520 150
1882530 151
1882540 151
1882550 151
1882560 151
1882570 151
1882580 151
1882590 151
1882600 151
1882610 150
1882620 150
1882630 150
1882640 150
1882650 150
1882660 150
1882670 150
1882680 150
1882690 150
1882700 151
1882710 151
1882720 151
1882730 151
1882740 151
1882750 153
1882760 152
1882770 152
1882780 150
1882790 150
1882800 150
1882810 150
1882820 150
1882830 150
1882840 150
1882850 150
1882860 150
1882870 150
1882880 150
1882890 150
1882900 150
1882910 150
1882920 150
1882930 150
1882940 150
1882950 150
1882960 150
1882970 150
1882980 150
1882990 150
1883000 150
1883010 150
1883020 150
1883030 150
1883040 150
1883050 150
1883060 151
1883070 151
1883080 151
1883090 151
1883100 151
1883110 151
1883120 151
1883130 151
1883140 151
1883150 151
1883160 151
1883170 151
1883180 151
1883190 151
1883200 151
1883210 151
1883220 151
1883230 151
1883240 150
1883250 150
1883260 150
1883270 149
1883280 149
1883290 149
1883300 150
1883310 150
1883320 151
1883330 151
1883340 151
1883350 151
1883360 151
1883370 150
1883380 150
1883390 150
1883400 150
1883410 151
1883420 151
1883430 151
1883440 151
1883450 151
1883460 151
1883470 151
1883480 151
1883490 151
1883500 150
1883510 150
1883520 151
1883530 151
1883540 151
1883550 151
1883560 151
1883570 151
1883580 150
1883590 150
1883600 150
1883610 150
1883620 150
1883630 150
1883640 150
1883650 150
1883660 150
1883670 150
1883680 150
1883690 150
1883700 150
1883710 151
1883720 151
1883730 151
1883740 152
1883750 152
1883760 153
1883770 153
1883780 153
1883790 153
1883800 152
1883810 150
1883820 150
1883830 150
1883840 150
1883850 150
1883860 150
1883870 150
1883880 150
1883890 150
1883900 150
1883910 150
1883920 150
1883930 150
1883940 150
1883950 150
1883960 150
1883970 151
1883980 152
1883990 152
1884000 152
1884010 152
1884020 151
1884030 151
1884040 151
1884050 150
1884060 150
1884070 150
1884080 150
1884090 150
1884100 150
1884110 150
1884120 150
1884130 150
1884140 150
1884150 150
1884160 150
1884170 150
1884180 150
1884190 150
1884200 150
1884210 150
1884220 150
1884230 150
1884240 151
1884250 151
1884260 151
1884270 150
1884280 150
1884290 150
1884300 150
1884310 150
1884320 151
1884330 151
1884340 151
1884350 151
1884360 151
1884370 151
1884380 151
1884390 151
1884400 151
1884410 151
1884420 151
1884430 151
