1880000 174
1880010 174
1880020 174
1880030 174
1880040 174
1880050 174
1880060 174
1880070 174
1880080 174
1880090 174
1880100 174
1880110 174
1880120 174
1880130 174
1880140 174
1880150 174
1880160 174
1880170 174
1880180 174
1880190 174
1880200 174
1880210 174
1880220 174
1880230 174
1880240 174
1880250 174
1880260 174
1880270 174
1880280 174
1880290 174
1880300 174
1880310 174
1880320 174
1880330 173
1880340 173
1880350 173
1880360 173
1880370 173
1880380 173
1880390 173
1880400 173
1880410 173
1880420 173
1880430 173
1880440 173
1880450 173
1880460 173
1880470 173
1880480 173
1880490 173
1880500 173
1880510 173
1880520 173
1880530 173
1880540 173
1880550 172
1880560 172
1880570 172
1880580 172
1880590 172
1880600 172
1880610 172
1880620 172
1880630 172
1880640 172
1880650 172
1880660 172
1880670 172
1880680 172
1880690 172
1880700 172
1880710 172
1880720 172
1880730 172
1880740 172
1880750 172
1880760 172
1880770 172
1880780 172
1880790 172
1880800 172
1880810 172
1880820 172
1880830 172
1880840 173
1880850 173
1880860 173
1880870 173
1880880 173
1880890 173
1880900 173
1880910 173
1880920 173
1880930 173
1880940 173
1880950 173
1880960 173
1880970 173
1880980 173
1880990 173
1881000 173
1881010 172
1881020 172
1881030 172
1881040 172
1881050 172
1881060 172
1881070 172
1881080 172
1881090 172
1881100 171
1881110 171
1881120 171
1881130 171
1881140 171
1881150 171
1881160 171
1881170 170
1881180 170
1881190 170
1881200 170
1881210 170
1881220 169
1881230 169
1881240 169
1881250 168
1881260 168
1881270 168
1881280 167
1881290 167
1881300 167
1881310 166
1881320 166
1881330 166
1881340 165
1881350 165
1881360 165
1881370 165
1881380 164
1881390 164
1881400 164
1881410 163
1881420 163
1881430 163
1881440 163
1881450 163
1881460 163
1881470 163
1881480 162
1881490 162
1881500 162
1881510 161
1881520 161
1881530 161
1881540 161
1881550 161
1881560 161
1881570 161
1881580 160
1881590 160
1881600 160
1881610 160
1881620 160
1881630 161
1881640 160
1881650 160
1881660 159
1881670 160
1881680 160
1881690 160
1881700 160
1881710 160
1881720 160
1881730 160
1881740 160
1881750 160
1881760 160
1881770 160
1881780 160
1881790 160
1881800 160
1881810 159
1881820 159
1881830 159
1881840 159
1881850 158
1881860 158
1881870 157
1881880 156
1881890 156
1881900 156
1881910 155
1881920 155
1881930 154
1881940 154
1881950 154
1881960 153
1881970 153
1881980 153
1881990 153
1882000 152
1882010 152
1882020 152
1882030 152
1882040 152
1882050 151
1882060 151
1882070 151
1882080 151
1882090 151
1882100 150
1882110 150
1882120 150
1882130 150
1882140 150
1882150 150
1882160 151
1882170 151
1882180 151
1882190 151
1882200 151
1882210 151
1882220 150
1882230 150
1882240 150
1882250 150
1882260 150
1882270 150
1882280 150
1882290 151
1882300 151
1882310 151
1882320 151
1882330 151
1882340 151
1882350 151
1882360 151
1882370 151
1882380 151
1882390 151
1882400 151
1882410 151
1882420 151
1882430 151
1882440 151
1882450 151
1882460 151
1882470 151
1882480 151
1882490 151
1882500 151
1882510 151
1882520 151
1882530 151
1882540 151
1882550 151
1882560 151
1882570 151
1882580 151
1882590 151
1882600 151
1882610 150
1882620 150
1882630 150
1882640 150
1882650 150
1882660 150
1882670 150
1882680 150
1882690 150
1882700 150
1882710 150
1882720 150
1882730 151
1882740 151
1882750 151
1882760 151
1882770 151
1882780 151
1882790 152
1882800 152
1882810 153
1882820 152
1882830 152
1882840 152
1882850 152
1882860 152
1882870 152
1882880 152
1882890 152
1882900 152
1882910 152
1882920 152
1882930 152
1882940 152
1882950 152
1882960 152
1882970 152
1882980 152
1882990 152
1883000 152
1883010 152
1883020 152
1883030 152
1883040 152
1883050 153
1883060 153
1883070 153
1883080 151
1883090 150
1883100 150
1883110 150
1883120 150
1883130 150
1883140 150
1883150 150
1883160 150
1883170 150
1883180 150
1883190 150
1883200 150
1883210 150
1883220 150
1883230 150
1883240 150
1883250 150
1883260 151
1883270 151
1883280 151
1883290 151
1883300 151
1883310 151
1883320 151
1883330 151
1883340 151
1883350 151
1883360 151
1883370 150
1883380 150
1883390 150
1883400 150
1883410 150
1883420 150
1883430 150
1883440 151
1883450 151
1883460 151
1883470 151
1883480 151
1883490 151
1883500 151
1883510 151
1883520 151
1883530 151
1883540 151
1883550 151
1883560 151
1883570 151
1883580 151
1883590 151
1883600 151
1883610 151
1880000 174
1880010 174
1880020 174
1880030 174
1880040 174
1880050 174
1880060 174
1880070 174
1880080 174
1880090 174
1880100 174
1880110 174
1880120 174
1880130 174
1880140 174
1880150 174
1880160 174
1880170 174
1880180 174
1880190 174
1880200 174
1880210 174
1880220 174
1880230 174
1880240 174
1880250 174
1880260 174
1880270 174
1880280 174
1880290 174
1880300 174
1880310 174
1880320 174
1880330 173
1880340 173
1880350 173
1880360 173
1880370 173
1880380 173
1880390 173
1880400 173
1880410 173
1880420 173
1880430 173
1880440 173
1880450 173
1880460 173
1880470 173
1880480 173
1880490 173
1880500 173
1880510 173
1880520 173
1880530 173
1880540 173
1880550 172
1880560 172
1880570 172
1880580 172
1880590 172
1880600 172
1880610 172
1880620 172
1880630 172
1880640 172
1880650 172
1880660 172
1880670 172
1880680 172
1880690 172
1880700 172
1880710 172
1880720 172
1880730 172
1880740 172
1880750 172
1880760 172
1880770 172
1880780 172
1880790 172
1880800 172
1880810 172
1880820 172
1880830 172
1880840 173
1880850 173
1880860 173
1880870 173
1880880 173
1880890 173
1880900 173
1880910 173
1880920 173
1880930 173
1880940 173
1880950 173
1880960 173
1880970 173
1880980 173
1880990 173
1881000 173
1881010 172
1881020 172
1881030 172
1881040 172
1881050 172
1881060 172
1881070 172
1881080 172
1881090 172
1881100 171
1881110 171
1881120 171
1881130 171
1881140 171
1881150 171
1881160 171
1881170 170
1881180 170
1881190 170
1881200 170
1881210 170
1881220 169
1881230 169
1881240 169
1881250 168
1881260 168
1881270 168
1881280 167
1881290 167
1881300 167
1881310 166
1881320 166
1881330 166
1881340 165
1881350 165
1881360 165
1881370 165
1881380 164
1881390 164
1881400 164
1881410 163
1881420 163
1881430 163
1881440 163
1881450 163
1881460 163
1881470 163
1881480 162
1881490 162
1881500 162
1881510 161
1881520 161
1881530 161
1881540 161
1881550 161
1881560 161
1881570 161
1881580 160
1881590 160
1881600 160
1881610 160
1881620 160
1881630 161
1881640 160
1881650 160
1881660 159
1881670 160
1881680 160
1881690 160
1881700 160
1881710 160
1881720 160
1881730 160
1881740 160
1881750 160
1881760 160
1881770 160
1881780 160
1881790 160
1881800 160
1881810 159
1881820 159
1881830 159
1881840 159
1881850 158
1881860 158
1881870 157
1881880 156
1881890 156
1881900 156
1881910 155
1881920 155
1881930 154
1881940 154
1881950 154
1881960 153
1881970 153
1881980 153
1881990 153
1882000 152
1882010 152
1882020 152
1882030 152
1882040 152
1882050 151
1882060 151
1882070 151
1882080 151
1882090 151
1882100 150
1882110 150
1882120 150
1882130 150
1882140 150
1882150 150
1882160 151
1882170 151
1882180 151
1882190 151
1882200 151
1882210 151
1882220 150
1882230 150
1882240 150
1882250 150
1882260 150
1882270 150
1882280 150
1882290 151
1882300 151
1882310 151
1882320 151
1882330 151
1882340 151
1882350 151
1882360 151
1882370 151
1882380 151
1882390 151
1882400 151
1882410 151
1882420 151
1882430 151
1882440 151
1882450 151
1882460 151
1882470 151
1882480 151
1882490 151
1882500 151
1882510 151
1882520 151
1882530 151
1882540 151
1882550 151
1882560 151
1882570 151
1882580 151
1882590 151
1882600 151
1882610 150
1882620 150
1882630 150
1882640 150
1882650 150
1882660 150
1882670 150
1882680 150
1882690 150
1882700 150
1882710 150
1882720 150
1882730 151
1882740 151
1882750 151
1882760 151
1882770 151
1882780 151
1882790 152
1882800 152
1882810 153
1882820 152
1882830 152
1882840 152
1882850 152
1882860 152
1882870 152
1882880 152
1882890 152
1882900 152
1882910 152
1882920 152
1882930 152
1882940 152
1882950 152
1882960 152
1882970 152
1882980 152
1882990 152
1883000 152
1883010 152
1883020 152
1883030 152
1883040 152
1883050 153
1883060 153
1883070 153
1883080 151
1883090 150
1883100 150
1883110 150
1883120 150
1883130 150
1883140 150
1883150 150
1883160 150
1883170 150
1883180 150
1883190 150
1883200 150
1883210 150
1883220 150
1883230 150
1883240 150
1883250 150
1883260 151
1883270 151
1883280 151
1883290 151
1883300 151
1883310 151
1883320 151
1883330 151
1883340 151
1883350 151
1883360 151
1883370 150
1883380 150
1883390 150
1883400 150
1883410 150
1883420 150
1883430 150
1883440 151
1883450 151
1883460 151
1883470 151
1883480 151
1883490 151
1883500 151
1883510 151
1883520 151
1883530 151
1883540 151
1883550 151
1883560 151
1883570 151
1883580 151
1883590 151
1883600 151
1883610 151
