1880000 167
1880010 167
1880020 167
1880030 167
1880040 167
1880050 167
1880060 167
1880070 167
1880080 167
1880090 167
1880100 167
1880110 167
1880120 167
1880130 167
1880140 167
1880150 167
1880160 167
1880170 167
1880180 166
1880190 166
1880200 166
1880210 166
1880220 166
1880230 166
1880240 166
1880250 166
1880260 166
1880270 166
1880280 166
1880290 166
1880300 166
1880310 166
1880320 166
1880330 166
1880340 166
1880350 166
1880360 166
1880370 166
1880380 166
1880390 166
1880400 166
1880410 166
1880420 166
1880430 166
1880440 166
1880450 166
1880460 166
1880470 166
1880480 166
1880490 166
1880500 166
1880510 166
1880520 166
1880530 166
1880540 166
1880550 166
1880560 166
1880570 166
1880580 166
1880590 166
1880600 166
1880610 166
1880620 166
1880630 166
1880640 166
1880650 166
1880660 166
1880670 166
1880680 166
1880690 166
1880700 166
1880710 166
1880720 166
1880730 166
1880740 166
1880750 166
1880760 166
1880770 166
1880780 166
1880790 166
1880800 165
1880810 165
1880820 165
1880830 165
1880840 165
1880850 165
1880860 165
1880870 165
1880880 165
1880890 164
1880900 164
1880910 164
1880920 164
1880930 164
1880940 164
1880950 164
1880960 164
1880970 164
1880980 164
1880990 164
1881000 164
1881010 164
1881020 163
1881030 163
1881040 163
1881050 163
1881060 163
1881070 163
1881080 162
1881090 162
1881100 162
1881110 162
1881120 162
1881130 162
1881140 162
1881150 161
1881160 161
1881170 161
1881180 161
1881190 161
1881200 161
1881210 161
1881220 161
1881230 161
1881240 161
1881250 161
1881260 161
1881270 161
1881280 161
1881290 160
1881300 160
1881310 160
1881320 160
1881330 160
1881340 160
1881350 159
1881360 159
1881370 159
1881380 159
1881390 159
1881400 159
1881410 159
1881420 159
1881430 159
1881440 158
1881450 158
1881460 158
1881470 158
1881480 157
1881490 157
1881500 157
1881510 156
1881520 156
1881530 156
1881540 156
1881550 156
1881560 155
1881570 155
1881580 155
1881590 155
1881600 155
1881610 155
1881620 156
1881630 156
1881640 157
1881650 158
1881660 158
1881670 160
1881680 156
1881690 156
1881700 156
1881710 156
1881720 156
1881730 157
1881740 157
1881750 157
1881760 157
1881770 157
1881780 157
1881790 157
1881800 157
1881810 157
1881820 157
1881830 157
1881840 157
1881850 156
1881860 156
1881870 156
1881880 156
1881890 156
1881900 156
1881910 156
1881920 156
1881930 156
1881940 156
1881950 155
1881960 155
1881970 155
1881980 155
1881990 155
1882000 155
1882010 155
1882020 155
1882030 155
1882040 154
1882050 154
1882060 154
1882070 153
1882080 153
1882090 153
1882100 152
1882110 152
1882120 152
1882130 152
1882140 152
1882150 152
1882160 152
1882170 152
1882180 152
1882190 152
1882200 152
1882210 152
1882220 152
1882230 152
1882240 152
1882250 152
1882260 151
1882270 151
1882280 151
1882290 151
1882300 151
1882310 151
1882320 150
1882330 150
1882340 150
1882350 150
1882360 151
1882370 151
1882380 151
1882390 151
1882400 151
1882410 150
1882420 150
1882430 150
1882440 150
1882450 150
1882460 150
1882470 151
1882480 151
1882490 151
1882500 151
1882510 151
1882520 151
1882530 151
1882540 151
1882550 151
1882560 151
1882570 150
1882580 150
1882590 151
1882600 151
1882610 151
1882620 151
1882630 151
1882640 151
1882650 151
1882660 151
1882670 151
1882680 151
1882690 151
1882700 151
1882710 151
1882720 151
1882730 151
1882740 151
1882750 151
1882760 151
1882770 151
1882780 151
1882790 151
1882800 151
1882810 151
1882820 151
1882830 151
1882840 151
1882850 151
1882860 151
1882870 151
1882880 151
1882890 151
1882900 151
1882910 151
1882920 151
1882930 151
1882940 151
1882950 151
1882960 151
1882970 151
1882980 151
1882990 151
1883000 151
1883010 151
1883020 151
1883030 151
1883040 151
1883050 151
1883060 151
1883070 151
1883080 151
1883090 151
1883100 151
1883110 151
1883120 151
1883130 151
1883140 151
1883150 150
1883160 151
1883170 151
1883180 153
1883190 154
1883200 154
1883210 152
1883220 151
1883230 151
1883240 151
1883250 151
1883260 151
1883270 151
1883280 151
1883290 151
1883300 151
1883310 150
1883320 150
1883330 150
1883340 150
1883350 150
1883360 150
1883370 150
1883380 150
1883390 150
1883400 150
1883410 150
1883420 150
1883430 150
1883440 150
1883450 150
1883460 150
1883470 150
1883480 150
1883490 150
1883500 150
1883510 151
1883520 151
1883530 151
1883540 151
1883550 151
1883560 151
1883570 151
1883580 151
1883590 151
1883600 151
1883610 151
1883620 151
1883630 151
1883640 151
1883650 151
1883660 151
1883670 151
1883680 151
1883690 151
1883700 151
1883710 151
1883720 151
1883730 151
1883740 151
1883750 151
1883760 151
1883770 151
1883780 151
1883790 151
1883800 151
1883810 151
1883820 151
1883830 150
1883840 150
1883850 150
1883860 150
1883870 151
1883880 151
1883890 151
1883900 151
1883910 151
1883920 151
1883930 151
1883940 151
1883950 151
1883960 151
1883970 151
1883980 151
1883990 151
1884000 151
1884010 151
1884020 151
1884030 151
1884040 151
1884050 151
1884060 151
1884070 152
1884080 151
1884090 151
1884100 151
1884110 151
1884120 151
1884130 151
1884140 151
1884150 151
1880000 167
1880010 167
1880020 167
1880030 167
1880040 167
1880050 167
1880060 167
1880070 167
1880080 167
1880090 167
1880100 167
1880110 167
1880120 167
1880130 167
1880140 167
1880150 167
1880160 167
1880170 167
1880180 166
1880190 166
1880200 166
1880210 166
1880220 166
1880230 166
1880240 166
1880250 166
1880260 166
1880270 166
1880280 166
1880290 166
1880300 166
1880310 166
1880320 166
1880330 166
1880340 166
1880350 166
1880360 166
1880370 166
1880380 166
1880390 166
1880400 166
1880410 166
1880420 166
1880430 166
1880440 166
1880450 166
1880460 166
1880470 166
1880480 166
1880490 166
1880500 166
1880510 166
1880520 166
1880530 166
1880540 166
1880550 166
1880560 166
1880570 166
1880580 166
1880590 166
1880600 166
1880610 166
1880620 166
1880630 166
1880640 166
1880650 166
1880660 166
1880670 166
1880680 166
1880690 166
1880700 166
1880710 166
1880720 166
1880730 166
1880740 166
1880750 166
1880760 166
1880770 166
1880780 166
1880790 166
1880800 165
1880810 165
1880820 165
1880830 165
1880840 165
1880850 165
1880860 165
1880870 165
1880880 165
1880890 164
1880900 164
1880910 164
1880920 164
1880930 164
1880940 164
1880950 164
1880960 164
1880970 164
1880980 164
1880990 164
1881000 164
1881010 164
1881020 163
1881030 163
1881040 163
1881050 163
1881060 163
1881070 163
1881080 162
1881090 162
1881100 162
1881110 162
1881120 162
1881130 162
1881140 162
1881150 161
1881160 161
1881170 161
1881180 161
1881190 161
1881200 161
1881210 161
1881220 161
1881230 161
1881240 161
1881250 161
1881260 161
1881270 161
1881280 161
1881290 160
1881300 160
1881310 160
1881320 160
1881330 160
1881340 160
1881350 159
1881360 159
1881370 159
1881380 159
1881390 159
1881400 159
1881410 159
1881420 159
1881430 159
1881440 158
1881450 158
1881460 158
1881470 158
1881480 157
1881490 157
1881500 157
1881510 156
1881520 156
1881530 156
1881540 156
1881550 156
1881560 155
1881570 155
1881580 155
1881590 155
1881600 155
1881610 155
1881620 156
1881630 156
1881640 157
1881650 158
1881660 158
1881670 160
1881680 156
1881690 156
1881700 156
1881710 156
1881720 156
1881730 157
1881740 157
1881750 157
1881760 157
1881770 157
1881780 157
1881790 157
1881800 157
1881810 157
1881820 157
1881830 157
1881840 157
1881850 156
1881860 156
1881870 156
1881880 156
1881890 156
1881900 156
1881910 156
1881920 156
1881930 156
1881940 156
1881950 155
1881960 155
1881970 155
1881980 155
1881990 155
1882000 155
1882010 155
1882020 155
1882030 155
1882040 154
1882050 154
1882060 154
1882070 153
1882080 153
1882090 153
1882100 152
1882110 152
1882120 152
1882130 152
1882140 152
1882150 152
1882160 152
1882170 152
1882180 152
1882190 152
1882200 152
1882210 152
1882220 152
1882230 152
1882240 152
1882250 152
1882260 151
1882270 151
1882280 151
1882290 151
1882300 151
1882310 151
1882320 150
1882330 150
1882340 150
1882350 150
1882360 151
1882370 151
1882380 151
1882390 151
1882400 151
1882410 150
1882420 150
1882430 150
1882440 150
1882450 150
1882460 150
1882470 151
1882480 151
1882490 151
1882500 151
1882510 151
1882520 151
1882530 151
1882540 151
1882550 151
1882560 151
1882570 150
1882580 150
1882590 151
1882600 151
1882610 151
1882620 151
1882630 151
1882640 151
1882650 151
1882660 151
1882670 151
1882680 151
1882690 151
1882700 151
1882710 151
1882720 151
1882730 151
1882740 151
1882750 151
1882760 151
1882770 151
1882780 151
1882790 151
1882800 151
1882810 151
1882820 151
1882830 151
1882840 151
1882850 151
1882860 151
1882870 151
1882880 151
1882890 151
1882900 151
1882910 151
1882920 151
1882930 151
1882940 151
1882950 151
1882960 151
1882970 151
1882980 151
1882990 151
1883000 151
1883010 151
1883020 151
1883030 151
1883040 151
1883050 151
1883060 151
1883070 151
1883080 151
1883090 151
1883100 151
1883110 151
1883120 151
1883130 151
1883140 151
1883150 150
1883160 151
1883170 151
1883180 153
1883190 154
1883200 154
1883210 152
1883220 151
1883230 151
1883240 151
1883250 151
1883260 151
1883270 151
1883280 151
1883290 151
1883300 151
1883310 150
1883320 150
1883330 150
1883340 150
1883350 150
1883360 150
1883370 150
1883380 150
1883390 150
1883400 150
1883410 150
1883420 150
1883430 150
1883440 150
1883450 150
1883460 150
1883470 150
1883480 150
1883490 150
1883500 150
1883510 151
1883520 151
1883530 151
1883540 151
1883550 151
1883560 151
1883570 151
1883580 151
1883590 151
1883600 151
1883610 151
1883620 151
1883630 151
1883640 151
1883650 151
1883660 151
1883670 151
1883680 151
1883690 151
1883700 151
1883710 151
1883720 151
1883730 151
1883740 151
1883750 151
1883760 151
1883770 151
1883780 151
1883790 151
1883800 151
1883810 151
1883820 151
1883830 150
1883840 150
1883850 150
1883860 150
1883870 151
1883880 151
1883890 151
1883900 151
1883910 151
1883920 151
1883930 151
1883940 151
1883950 151
1883960 151
1883970 151
1883980 151
1883990 151
1884000 151
1884010 151
1884020 151
1884030 151
1884040 151
1884050 151
1884060 151
1884070 152
1884080 151
1884090 151
1884100 151
1884110 151
1884120 151
1884130 151
1884140 151
1884150 151
