1880000 163
1880010 164
1880020 164
1880030 163
1880040 163
1880050 163
1880060 164
1880070 164
1880080 164
1880090 164
1880100 164
1880110 164
1880120 164
1880130 164
1880140 164
1880150 165
1880160 164
1880170 164
1880180 164
1880190 164
1880200 164
1880210 164
1880220 164
1880230 164
1880240 165
1880250 165
1880260 165
1880270 165
1880280 165
1880290 165
1880300 165
1880310 165
1880320 165
1880330 165
1880340 165
1880350 165
1880360 165
1880370 165
1880380 165
1880390 166
1880400 166
1880410 165
1880420 166
1880430 166
1880440 166
1880450 166
1880460 166
1880470 166
1880480 166
1880490 166
1880500 166
1880510 165
1880520 165
1880530 165
1880540 165
1880550 165
1880560 165
1880570 164
1880580 164
1880590 164
1880600 165
1880610 165
1880620 165
1880630 165
1880640 165
1880650 165
1880660 165
1880670 165
1880680 165
1880690 165
1880700 165
1880710 164
1880720 164
1880730 164
1880740 164
1880750 164
1880760 164
1880770 164
1880780 164
1880790 164
1880800 164
1880810 164
1880820 164
1880830 163
1880840 163
1880850 163
1880860 163
1880870 163
1880880 163
1880890 163
1880900 162
1880910 162
1880920 162
1880930 162
1880940 162
1880950 162
1880960 162
1880970 162
1880980 162
1880990 162
1881000 162
1881010 161
1881020 161
1881030 161
1881040 161
1881050 161
1881060 161
1881070 161
1881080 161
1881090 160
1881100 160
1881110 160
1881120 160
1881130 159
1881140 159
1881150 158
1881160 158
1881170 158
1881180 157
1881190 157
1881200 157
1881210 157
1881220 157
1881230 156
1881240 156
1881250 156
1881260 156
1881270 156
1881280 156
1881290 156
1881300 155
1881310 155
1881320 155
1881330 155
1881340 156
1881350 156
1881360 156
1881370 156
1881380 156
1881390 157
1881400 158
1881410 158
1881420 158
1881430 160
1881440 160
1881450 160
1881460 161
1881470 161
1881480 161
1881490 162
1881500 162
1881510 162
1881520 162
1881530 162
1881540 162
1881550 162
1881560 163
1881570 162
1881580 162
1881590 162
1881600 163
1881610 163
1881620 162
1881630 160
1881640 160
1881650 161
1881660 161
1881670 161
1881680 161
1881690 160
1881700 160
1881710 160
1881720 159
1881730 159
1881740 159
1881750 158
1881760 158
1881770 158
1881780 157
1881790 157
1881800 157
1881810 156
1881820 156
1881830 156
1881840 156
1881850 156
1881860 155
1881870 155
1881880 155
1881890 154
1881900 154
1881910 154
1881920 154
1881930 154
1881940 154
1881950 153
1881960 153
1881970 153
1881980 153
1881990 153
1882000 153
1882010 153
1882020 153
1882030 153
1882040 153
1882050 153
1882060 153
1882070 153
1882080 153
1882090 153
1882100 152
1882110 152
1882120 152
1882130 152
1882140 152
1882150 152
1882160 151
1882170 151
1882180 151
1882190 151
1882200 151
1882210 151
1882220 151
1882230 151
1882240 151
1882250 151
1882260 151
1882270 151
1882280 151
1882290 151
1882300 150
1882310 151
1882320 151
1882330 151
1882340 151
1882350 151
1882360 151
1882370 151
1882380 151
1882390 151
1882400 151
1882410 151
1882420 151
1882430 151
1882440 151
1882450 151
1882460 151
1882470 151
1882480 150
1882490 150
1882500 150
1882510 151
1882520 151
1882530 151
1882540 151
1882550 151
1882560 151
1882570 151
1882580 150
1882590 150
1882600 150
1882610 150
1882620 150
1882630 151
1882640 151
1882650 151
1882660 151
1882670 151
1882680 151
1882690 151
1882700 151
1882710 151
1882720 151
1882730 151
1882740 151
1882750 151
1882760 151
1882770 151
1882780 151
1882790 151
1882800 151
1882810 151
1882820 151
1882830 151
1882840 151
1882850 151
1882860 151
1882870 151
1882880 151
1882890 151
1882900 151
1882910 151
1882920 151
1882930 151
1882940 151
1882950 151
1882960 151
1882970 151
1882980 151
1882990 151
1883000 151
1883010 151
1883020 151
1883030 151
1883040 151
1883050 151
1883060 151
1883070 151
1883080 151
1883090 151
1883100 151
1883110 151
1883120 151
1883130 151
1883140 151
1883150 151
1883160 151
1883170 151
1883180 151
1883190 151
1883200 151
1883210 151
1883220 151
1883230 151
1883240 151
1883250 151
1883260 151
1883270 151
1883280 151
1883290 151
1883300 151
1883310 151
1883320 151
1883330 151
1883340 151
1883350 151
1883360 151
1883370 151
1883380 151
1883390 151
1883400 151
1883410 151
1883420 151
1883430 151
1883440 151
1883450 151
1883460 151
1883470 151
1883480 151
1883490 151
1883500 151
1883510 151
1883520 151
1883530 151
1883540 151
1883550 151
1883560 151
1883570 151
1883580 151
1883590 151
1883600 151
1883610 151
1883620 151
1883630 151
1883640 151
1883650 151
1883660 151
1883670 151
1883680 151
1883690 151
1883700 150
1883710 150
1883720 151
1883730 152
1883740 152
1883750 154
1883760 152
1883770 152
1883780 151
1883790 151
1883800 151
1883810 151
1883820 151
1883830 151
1883840 151
1883850 151
1883860 151
1883870 151
1883880 151
1883890 151
1883900 151
1883910 151
1883920 151
1883930 151
1883940 151
1883950 151
1883960 151
1883970 151
1883980 151
1883990 151
1884000 151
1884010 151
1884020 150
1884030 151
1884040 151
1884050 151
1884060 151
1884070 151
1884080 151
1884090 151
1884100 151
1884110 151
1884120 151
1884130 151
1884140 151
1884150 151
1884160 151
1884170 150
1884180 150
1884190 150
1884200 150
1884210 150
1884220 151
1884230 152
1884240 152
1884250 152
1884260 152
1884270 152
1884280 151
1884290 151
1884300 151
1884310 151
1884320 151
1884330 151
1880000 163
1880010 164
1880020 164
1880030 163
1880040 163
1880050 163
1880060 164
1880070 164
1880080 164
1880090 164
1880100 164
1880110 164
1880120 164
1880130 164
1880140 164
1880150 165
1880160 164
1880170 164
1880180 164
1880190 164
1880200 164
1880210 164
1880220 164
1880230 164
1880240 165
1880250 165
1880260 165
1880270 165
1880280 165
1880290 165
1880300 165
1880310 165
1880320 165
1880330 165
1880340 165
1880350 165
1880360 165
1880370 165
1880380 165
1880390 166
1880400 166
1880410 165
1880420 166
1880430 166
1880440 166
1880450 166
1880460 166
1880470 166
1880480 166
1880490 166
1880500 166
1880510 165
1880520 165
1880530 165
1880540 165
1880550 165
1880560 165
1880570 164
1880580 164
1880590 164
1880600 165
1880610 165
1880620 165
1880630 165
1880640 165
1880650 165
1880660 165
1880670 165
1880680 165
1880690 165
1880700 165
1880710 164
1880720 164
1880730 164
1880740 164
1880750 164
1880760 164
1880770 164
1880780 164
1880790 164
1880800 164
1880810 164
1880820 164
1880830 163
1880840 163
1880850 163
1880860 163
1880870 163
1880880 163
1880890 163
1880900 162
1880910 162
1880920 162
1880930 162
1880940 162
1880950 162
1880960 162
1880970 162
1880980 162
1880990 162
1881000 162
1881010 161
1881020 161
1881030 161
1881040 161
1881050 161
1881060 161
1881070 161
1881080 161
1881090 160
1881100 160
1881110 160
1881120 160
1881130 159
1881140 159
1881150 158
1881160 158
1881170 158
1881180 157
1881190 157
1881200 157
1881210 157
1881220 157
1881230 156
1881240 156
1881250 156
1881260 156
1881270 156
1881280 156
1881290 156
1881300 155
1881310 155
1881320 155
1881330 155
1881340 156
1881350 156
1881360 156
1881370 156
1881380 156
1881390 157
1881400 158
1881410 158
1881420 158
1881430 160
1881440 160
1881450 160
1881460 161
1881470 161
1881480 161
1881490 162
1881500 162
1881510 162
1881520 162
1881530 162
1881540 162
1881550 162
1881560 163
1881570 162
1881580 162
1881590 162
1881600 163
1881610 163
1881620 162
1881630 160
1881640 160
1881650 161
1881660 161
1881670 161
1881680 161
1881690 160
1881700 160
1881710 160
1881720 159
1881730 159
1881740 159
1881750 158
1881760 158
1881770 158
1881780 157
1881790 157
1881800 157
1881810 156
1881820 156
1881830 156
1881840 156
1881850 156
1881860 155
1881870 155
1881880 155
1881890 154
1881900 154
1881910 154
1881920 154
1881930 154
1881940 154
1881950 153
1881960 153
1881970 153
1881980 153
1881990 153
1882000 153
1882010 153
1882020 153
1882030 153
1882040 153
1882050 153
1882060 153
1882070 153
1882080 153
1882090 153
1882100 152
1882110 152
1882120 152
1882130 152
1882140 152
1882150 152
1882160 151
1882170 151
1882180 151
1882190 151
1882200 151
1882210 151
1882220 151
1882230 151
1882240 151
1882250 151
1882260 151
1882270 151
1882280 151
1882290 151
1882300 150
1882310 151
1882320 151
1882330 151
1882340 151
1882350 151
1882360 151
1882370 151
1882380 151
1882390 151
1882400 151
1882410 151
1882420 151
1882430 151
1882440 151
1882450 151
1882460 151
1882470 151
1882480 150
1882490 150
1882500 150
1882510 151
1882520 151
1882530 151
1882540 151
1882550 151
1882560 151
1882570 151
1882580 150
1882590 150
1882600 150
1882610 150
1882620 150
1882630 151
1882640 151
1882650 151
1882660 151
1882670 151
1882680 151
1882690 151
1882700 151
1882710 151
1882720 151
1882730 151
1882740 151
1882750 151
1882760 151
1882770 151
1882780 151
1882790 151
1882800 151
1882810 151
1882820 151
1882830 151
1882840 151
1882850 151
1882860 151
1882870 151
1882880 151
1882890 151
1882900 151
1882910 151
1882920 151
1882930 151
1882940 151
1882950 151
1882960 151
1882970 151
1882980 151
1882990 151
1883000 151
1883010 151
1883020 151
1883030 151
1883040 151
1883050 151
1883060 151
1883070 151
1883080 151
1883090 151
1883100 151
1883110 151
1883120 151
1883130 151
1883140 151
1883150 151
1883160 151
1883170 151
1883180 151
1883190 151
1883200 151
1883210 151
1883220 151
1883230 151
1883240 151
1883250 151
1883260 151
1883270 151
1883280 151
1883290 151
1883300 151
1883310 151
1883320 151
1883330 151
1883340 151
1883350 151
1883360 151
1883370 151
1883380 151
1883390 151
1883400 151
1883410 151
1883420 151
1883430 151
1883440 151
1883450 151
1883460 151
1883470 151
1883480 151
1883490 151
1883500 151
1883510 151
1883520 151
1883530 151
1883540 151
1883550 151
1883560 151
1883570 151
1883580 151
1883590 151
1883600 151
1883610 151
1883620 151
1883630 151
1883640 151
1883650 151
1883660 151
1883670 151
1883680 151
1883690 151
1883700 150
1883710 150
1883720 151
1883730 152
1883740 152
1883750 154
1883760 152
1883770 152
1883780 151
1883790 151
1883800 151
1883810 151
1883820 151
1883830 151
1883840 151
1883850 151
1883860 151
1883870 151
1883880 151
1883890 151
1883900 151
1883910 151
1883920 151
1883930 151
1883940 151
1883950 151
1883960 151
1883970 151
1883980 151
1883990 151
1884000 151
1884010 151
1884020 150
1884030 151
1884040 151
1884050 151
1884060 151
1884070 151
1884080 151
1884090 151
1884100 151
1884110 151
1884120 151
1884130 151
1884140 151
1884150 151
1884160 151
1884170 150
1884180 150
1884190 150
1884200 150
1884210 150
1884220 151
1884230 152
1884240 152
1884250 152
1884260 152
1884270 152
1884280 151
1884290 151
1884300 151
1884310 151
1884320 151
1884330 151
