1880000 158
1880010 158
1880020 158
1880030 157
1880040 157
1880050 157
1880060 157
1880070 157
1880080 157
1880090 157
1880100 157
1880110 157
1880120 157
1880130 157
1880140 157
1880150 157
1880160 157
1880170 157
1880180 157
1880190 157
1880200 157
1880210 157
1880220 157
1880230 157
1880240 157
1880250 157
1880260 157
1880270 157
1880280 157
1880290 157
1880300 157
1880310 157
1880320 157
1880330 157
1880340 158
1880350 158
1880360 158
1880370 158
1880380 158
1880390 159
1880400 159
1880410 159
1880420 159
1880430 160
1880440 160
1880450 160
1880460 160
1880470 160
1880480 160
1880490 161
1880500 161
1880510 161
1880520 161
1880530 161
1880540 162
1880550 162
1880560 162
1880570 162
1880580 162
1880590 162
1880600 162
1880610 162
1880620 162
1880630 162
1880640 162
1880650 162
1880660 162
1880670 162
1880680 162
1880690 162
1880700 162
1880710 162
1880720 162
1880730 162
1880740 163
1880750 163
1880760 163
1880770 163
1880780 163
1880790 163
1880800 163
1880810 163
1880820 163
1880830 163
1880840 163
1880850 163
1880860 163
1880870 163
1880880 163
1880890 163
1880900 163
1880910 163
1880920 163
1880930 163
1880940 163
1880950 163
1880960 163
1880970 163
1880980 163
1880990 163
1881000 163
1881010 163
1881020 163
1881030 163
1881040 163
1881050 161
1881060 161
1881070 159
1881080 161
1881090 161
1881100 162
1881110 162
1881120 162
1881130 163
1881140 164
1881150 164
1881160 164
1881170 164
1881180 164
1881190 164
1881200 164
1881210 164
1881220 163
1881230 163
1881240 163
1881250 163
1881260 164
1881270 163
1881280 163
1881290 163
1881300 163
1881310 163
1881320 163
1881330 162
1881340 162
1881350 162
1881360 162
1881370 162
1881380 162
1881390 161
1881400 161
1881410 161
1881420 161
1881430 160
1881440 160
1881450 160
1881460 160
1881470 160
1881480 159
1881490 159
1881500 159
1881510 159
1881520 159
1881530 159
1881540 158
1881550 158
1881560 158
1881570 158
1881580 158
1881590 158
1881600 158
1881610 158
1881620 158
1881630 158
1881640 158
1881650 158
1881660 158
1881670 158
1881680 158
1881690 158
1881700 157
1881710 157
1881720 156
1881730 156
1881740 156
1881750 155
1881760 155
1881770 155
1881780 155
1881790 155
1881800 155
1881810 155
1881820 154
1881830 154
1881840 154
1881850 154
1881860 154
1881870 154
1881880 154
1881890 154
1881900 153
1881910 153
1881920 153
1881930 153
1881940 153
1881950 153
1881960 153
1881970 153
1881980 152
1881990 152
1882000 152
1882010 151
1882020 151
1882030 151
1882040 151
1882050 152
1882060 152
1882070 151
1882080 152
1882090 152
1882100 152
1882110 152
1882120 152
1882130 152
1882140 152
1882150 152
1882160 152
1882170 152
1882180 152
1882190 152
1882200 152
1882210 152
1882220 152
1882230 152
1882240 152
1882250 152
1882260 152
1882270 152
1882280 151
1882290 151
1882300 151
1882310 152
1882320 152
1882330 152
1882340 151
1882350 151
1882360 151
1882370 151
1882380 151
1882390 151
1882400 151
1882410 151
1882420 151
1882430 151
1882440 151
1882450 151
1882460 151
1882470 151
1882480 151
1882490 151
1882500 151
1882510 151
1882520 151
1882530 151
1882540 151
1882550 151
1882560 151
1882570 151
1882580 151
1882590 151
1882600 151
1882610 152
1882620 152
1882630 152
1882640 152
1882650 152
1882660 152
1882670 152
1882680 152
1882690 152
1882700 152
1882710 152
1882720 152
1882730 152
1882740 152
1882750 152
1882760 152
1882770 152
1882780 152
1882790 152
1882800 152
1882810 152
1882820 152
1882830 152
1882840 153
1882850 152
1882860 152
1882870 152
1882880 152
1882890 152
1882900 152
1882910 152
1882920 152
1882930 151
1882940 151
1882950 151
1882960 152
1882970 152
1882980 152
1882990 152
1883000 152
1883010 152
1883020 152
1883030 152
1883040 152
1883050 152
1883060 152
1883070 152
1883080 152
1883090 152
1883100 151
1883110 151
1883120 151
1883130 151
1883140 151
1883150 151
1883160 151
1883170 151
1883180 151
1883190 151
1883200 151
1883210 151
1883220 151
1883230 151
1883240 151
1883250 151
1883260 151
1883270 151
1883280 152
1883290 152
1883300 152
1883310 153
1883320 153
1883330 153
1883340 154
1883350 154
1883360 154
1883370 154
1883380 154
1883390 154
1883400 154
1883410 154
1883420 154
1883430 154
1883440 154
1883450 154
1883460 153
1883470 153
1883480 153
1883490 152
1883500 152
1883510 152
1883520 152
1883530 152
1883540 152
1883550 152
1883560 152
1883570 152
1883580 152
1883590 152
1883600 152
1883610 152
1883620 152
1883630 152
1883640 152
1883650 151
1883660 151
1883670 151
1883680 151
1883690 151
1883700 151
1883710 151
1883720 151
1883730 151
1883740 151
1883750 151
1883760 151
1883770 151
1883780 151
1883790 151
1883800 151
1883810 151
1883820 151
1883830 151
1883840 151
1883850 151
1883860 151
1883870 151
1883880 151
1883890 151
1883900 151
1883910 151
1883920 151
1883930 151
1883940 152
1883950 152
1883960 152
1883970 152
1883980 152
1883990 152
1884000 152
1884010 152
1884020 152
1884030 152
1884040 152
1884050 151
1884060 151
1884070 151
1884080 151
1884090 151
1884100 151
1884110 151
1884120 151
1884130 151
1884140 152
1884150 151
1884160 151
1884170 151
1884180 151
1884190 151
1884200 151
1884210 151
1884220 151
1884230 151
1884240 151
1884250 151
1884260 152
1884270 152
1884280 152
1884290 151
1884300 151
1884310 151
1884320 151
1884330 151
1884340 151
1884350 152
1884360 152
1884370 152
1884380 152
1884390 152
1884400 152
1884410 152
1884420 152
1884430 152
1884440 152
1884450 152
1884460 151
1884470 151
1884480 151
1884490 151
1884500 151
1884510 151
1880000 158
1880010 158
1880020 158
1880030 157
1880040 157
1880050 157
1880060 157
1880070 157
1880080 157
1880090 157
1880100 157
1880110 157
1880120 157
1880130 157
1880140 157
1880150 157
1880160 157
1880170 157
1880180 157
1880190 157
1880200 157
1880210 157
1880220 157
1880230 157
1880240 157
1880250 157
1880260 157
1880270 157
1880280 157
1880290 157
1880300 157
1880310 157
1880320 157
1880330 157
1880340 158
1880350 158
1880360 158
1880370 158
1880380 158
1880390 159
1880400 159
1880410 159
1880420 159
1880430 160
1880440 160
1880450 160
1880460 160
1880470 160
1880480 160
1880490 161
1880500 161
1880510 161
1880520 161
1880530 161
1880540 162
1880550 162
1880560 162
1880570 162
1880580 162
1880590 162
1880600 162
1880610 162
1880620 162
1880630 162
1880640 162
1880650 162
1880660 162
1880670 162
1880680 162
1880690 162
1880700 162
1880710 162
1880720 162
1880730 162
1880740 163
1880750 163
1880760 163
1880770 163
1880780 163
1880790 163
1880800 163
1880810 163
1880820 163
1880830 163
1880840 163
1880850 163
1880860 163
1880870 163
1880880 163
1880890 163
1880900 163
1880910 163
1880920 163
1880930 163
1880940 163
1880950 163
1880960 163
1880970 163
1880980 163
1880990 163
1881000 163
1881010 163
1881020 163
1881030 163
1881040 163
1881050 161
1881060 161
1881070 159
1881080 161
1881090 161
1881100 162
1881110 162
1881120 162
1881130 163
1881140 164
1881150 164
1881160 164
1881170 164
1881180 164
1881190 164
1881200 164
1881210 164
1881220 163
1881230 163
1881240 163
1881250 163
1881260 164
1881270 163
1881280 163
1881290 163
1881300 163
1881310 163
1881320 163
1881330 162
1881340 162
1881350 162
1881360 162
1881370 162
1881380 162
1881390 161
1881400 161
1881410 161
1881420 161
1881430 160
1881440 160
1881450 160
1881460 160
1881470 160
1881480 159
1881490 159
1881500 159
1881510 159
1881520 159
1881530 159
1881540 158
1881550 158
1881560 158
1881570 158
1881580 158
1881590 158
1881600 158
1881610 158
1881620 158
1881630 158
1881640 158
1881650 158
1881660 158
1881670 158
1881680 158
1881690 158
1881700 157
1881710 157
1881720 156
1881730 156
1881740 156
1881750 155
1881760 155
1881770 155
1881780 155
1881790 155
1881800 155
1881810 155
1881820 154
1881830 154
1881840 154
1881850 154
1881860 154
1881870 154
1881880 154
1881890 154
1881900 153
1881910 153
1881920 153
1881930 153
1881940 153
1881950 153
1881960 153
1881970 153
1881980 152
1881990 152
1882000 152
1882010 151
1882020 151
1882030 151
1882040 151
1882050 152
1882060 152
1882070 151
1882080 152
1882090 152
1882100 152
1882110 152
1882120 152
1882130 152
1882140 152
1882150 152
1882160 152
1882170 152
1882180 152
1882190 152
1882200 152
1882210 152
1882220 152
1882230 152
1882240 152
1882250 152
1882260 152
1882270 152
1882280 151
1882290 151
1882300 151
1882310 152
1882320 152
1882330 152
1882340 151
1882350 151
1882360 151
1882370 151
1882380 151
1882390 151
1882400 151
1882410 151
1882420 151
1882430 151
1882440 151
1882450 151
1882460 151
1882470 151
1882480 151
1882490 151
1882500 151
1882510 151
1882520 151
1882530 151
1882540 151
1882550 151
1882560 151
1882570 151
1882580 151
1882590 151
1882600 151
1882610 152
1882620 152
1882630 152
1882640 152
1882650 152
1882660 152
1882670 152
1882680 152
1882690 152
1882700 152
1882710 152
1882720 152
1882730 152
1882740 152
1882750 152
1882760 152
1882770 152
1882780 152
1882790 152
1882800 152
1882810 152
1882820 152
1882830 152
1882840 153
1882850 152
1882860 152
1882870 152
1882880 152
1882890 152
1882900 152
1882910 152
1882920 152
1882930 151
1882940 151
1882950 151
1882960 152
1882970 152
1882980 152
1882990 152
1883000 152
1883010 152
1883020 152
1883030 152
1883040 152
1883050 152
1883060 152
1883070 152
1883080 152
1883090 152
1883100 151
1883110 151
1883120 151
1883130 151
1883140 151
1883150 151
1883160 151
1883170 151
1883180 151
1883190 151
1883200 151
1883210 151
1883220 151
1883230 151
1883240 151
1883250 151
1883260 151
1883270 151
1883280 152
1883290 152
1883300 152
1883310 153
1883320 153
1883330 153
1883340 154
1883350 154
1883360 154
1883370 154
1883380 154
1883390 154
1883400 154
1883410 154
1883420 154
1883430 154
1883440 154
1883450 154
1883460 153
1883470 153
1883480 153
1883490 152
1883500 152
1883510 152
1883520 152
1883530 152
1883540 152
1883550 152
1883560 152
1883570 152
1883580 152
1883590 152
1883600 152
1883610 152
1883620 152
1883630 152
1883640 152
1883650 151
1883660 151
1883670 151
1883680 151
1883690 151
1883700 151
1883710 151
1883720 151
1883730 151
1883740 151
1883750 151
1883760 151
1883770 151
1883780 151
1883790 151
1883800 151
1883810 151
1883820 151
1883830 151
1883840 151
1883850 151
1883860 151
1883870 151
1883880 151
1883890 151
1883900 151
1883910 151
1883920 151
1883930 151
1883940 152
1883950 152
1883960 152
1883970 152
1883980 152
1883990 152
1884000 152
1884010 152
1884020 152
1884030 152
1884040 152
1884050 151
1884060 151
1884070 151
1884080 151
1884090 151
1884100 151
1884110 151
1884120 151
1884130 151
1884140 152
1884150 151
1884160 151
1884170 151
1884180 151
1884190 151
1884200 151
1884210 151
1884220 151
1884230 151
1884240 151
1884250 151
1884260 152
1884270 152
1884280 152
1884290 151
1884300 151
1884310 151
1884320 151
1884330 151
1884340 151
1884350 152
1884360 152
1884370 152
1884380 152
1884390 152
1884400 152
1884410 152
1884420 152
1884430 152
1884440 152
1884450 152
1884460 151
1884470 151
1884480 151
1884490 151
1884500 151
1884510 151
