1880000 160
1880010 160
1880020 160
1880030 160
1880040 160
1880050 160
1880060 160
1880070 160
1880080 160
1880090 160
1880100 160
1880110 160
1880120 160
1880130 160
1880140 160
1880150 160
1880160 160
1880170 160
1880180 160
1880190 160
1880200 160
1880210 160
1880220 159
1880230 159
1880240 159
1880250 159
1880260 159
1880270 159
1880280 159
1880290 159
1880300 159
1880310 159
1880320 159
1880330 159
1880340 159
1880350 159
1880360 159
1880370 159
1880380 159
1880390 159
1880400 159
1880410 159
1880420 159
1880430 159
1880440 159
1880450 159
1880460 159
1880470 159
1880480 160
1880490 160
1880500 160
1880510 160
1880520 160
1880530 161
1880540 161
1880550 161
1880560 161
1880570 161
1880580 161
1880590 162
1880600 162
1880610 162
1880620 162
1880630 163
1880640 163
1880650 163
1880660 164
1880670 164
1880680 164
1880690 164
1880700 164
1880710 165
1880720 165
1880730 165
1880740 165
1880750 165
1880760 165
1880770 165
1880780 166
1880790 166
1880800 166
1880810 166
1880820 166
1880830 166
1880840 167
1880850 167
1880860 168
1880870 168
1880880 165
1880890 163
1880900 163
1880910 165
1880920 168
1880930 168
1880940 167
1880950 167
1880960 167
1880970 167
1880980 167
1880990 167
1881000 167
1881010 167
1881020 167
1881030 167
1881040 167
1881050 167
1881060 167
1881070 167
1881080 167
1881090 167
1881100 166
1881110 166
1881120 166
1881130 166
1881140 166
1881150 166
1881160 166
1881170 166
1881180 166
1881190 166
1881200 166
1881210 166
1881220 166
1881230 166
1881240 166
1881250 166
1881260 166
1881270 165
1881280 165
1881290 165
1881300 165
1881310 165
1881320 165
1881330 165
1881340 165
1881350 165
1881360 165
1881370 165
1881380 165
1881390 165
1881400 165
1881410 165
1881420 165
1881430 165
1881440 165
1881450 165
1881460 165
1881470 165
1881480 165
1881490 165
1881500 165
1881510 165
1881520 165
1881530 165
1881540 165
1881550 165
1881560 165
1881570 165
1881580 165
1881590 165
1881600 165
1881610 165
1881620 166
1881630 166
1881640 166
1881650 166
1881660 165
1881670 165
1881680 165
1881690 165
1881700 165
1881710 165
1881720 166
1881730 166
1881740 166
1881750 166
1881760 166
1881770 165
1881780 165
1881790 165
1881800 164
1881810 163
1881820 163
1881830 163
1881840 161
1881850 161
1881860 159
1881870 157
1881880 157
1881890 156
1881900 154
1881910 154
1881920 154
1881930 153
1881940 153
1881950 153
1881960 153
1881970 153
1881980 152
1881990 152
1882000 152
1882010 152
1882020 152
1882030 152
1882040 152
1882050 151
1882060 151
1882070 151
1882080 151
1882090 151
1882100 151
1882110 151
1882120 152
1882130 152
1882140 152
1882150 152
1882160 151
1882170 151
1882180 152
1882190 152
1882200 152
1882210 152
1882220 152
1882230 152
1882240 152
1882250 152
1882260 152
1882270 152
1882280 152
1882290 152
1882300 152
1882310 152
1882320 152
1882330 152
1882340 152
1882350 152
1882360 152
1882370 152
1882380 152
1882390 152
1882400 152
1882410 152
1882420 152
1882430 152
1882440 152
1882450 153
1882460 154
1882470 154
1882480 153
1882490 152
1882500 152
1882510 151
1882520 151
1882530 152
1882540 152
1882550 152
1882560 152
1882570 152
1882580 152
1882590 152
1882600 152
1882610 152
1882620 152
1882630 152
1882640 152
1882650 152
1882660 152
1882670 152
1882680 152
1882690 152
1882700 152
1882710 152
1882720 151
1882730 151
1882740 152
1882750 152
1882760 152
1882770 152
1882780 152
1882790 152
1882800 152
1882810 152
1882820 152
1882830 152
1882840 152
1882850 152
1882860 152
1882870 152
1882880 152
1882890 152
1882900 152
1882910 152
1882920 152
1882930 152
1882940 152
1882950 152
1882960 152
1882970 152
1882980 151
1882990 151
1883000 151
1883010 151
1883020 151
1883030 151
1883040 151
1883050 151
1883060 151
1883070 151
1883080 151
1883090 151
1883100 151
1883110 151
1883120 151
1883130 152
1883140 151
1883150 151
1883160 151
1883170 151
1883180 151
1883190 151
1883200 151
1883210 151
1883220 151
1883230 151
1883240 151
1883250 151
1883260 151
1883270 151
1883280 151
1883290 151
1883300 151
1883310 151
1883320 151
1883330 151
1883340 151
1883350 151
1883360 151
1883370 151
1883380 151
1883390 151
1883400 151
1883410 151
1883420 151
1883430 151
1883440 151
1883450 151
1883460 151
1883470 151
1883480 151
1883490 151
1883500 151
1883510 151
1883520 151
1883530 151
1883540 151
1883550 152
1883560 152
1883570 152
1883580 152
1883590 152
1883600 152
1883610 151
1883620 151
1883630 151
1883640 151
1883650 151
1883660 151
1883670 152
1883680 152
1883690 152
1883700 152
1883710 152
1883720 152
1883730 151
1883740 151
1883750 151
1880000 160
1880010 160
1880020 160
1880030 160
1880040 160
1880050 160
1880060 160
1880070 160
1880080 160
1880090 160
1880100 160
1880110 160
1880120 160
1880130 160
1880140 160
1880150 160
1880160 160
1880170 160
1880180 160
1880190 160
1880200 160
1880210 160
1880220 159
1880230 159
1880240 159
1880250 159
1880260 159
1880270 159
1880280 159
1880290 159
1880300 159
1880310 159
1880320 159
1880330 159
1880340 159
1880350 159
1880360 159
1880370 159
1880380 159
1880390 159
1880400 159
1880410 159
1880420 159
1880430 159
1880440 159
1880450 159
1880460 159
1880470 159
1880480 160
1880490 160
1880500 160
1880510 160
1880520 160
1880530 161
1880540 161
1880550 161
1880560 161
1880570 161
1880580 161
1880590 162
1880600 162
1880610 162
1880620 162
1880630 163
1880640 163
1880650 163
1880660 164
1880670 164
1880680 164
1880690 164
1880700 164
1880710 165
1880720 165
1880730 165
1880740 165
1880750 165
1880760 165
1880770 165
1880780 166
1880790 166
1880800 166
1880810 166
1880820 166
1880830 166
1880840 167
1880850 167
1880860 168
1880870 168
1880880 165
1880890 163
1880900 163
1880910 165
1880920 168
1880930 168
1880940 167
1880950 167
1880960 167
1880970 167
1880980 167
1880990 167
1881000 167
1881010 167
1881020 167
1881030 167
1881040 167
1881050 167
1881060 167
1881070 167
1881080 167
1881090 167
1881100 166
1881110 166
1881120 166
1881130 166
1881140 166
1881150 166
1881160 166
1881170 166
1881180 166
1881190 166
1881200 166
1881210 166
1881220 166
1881230 166
1881240 166
1881250 166
1881260 166
1881270 165
1881280 165
1881290 165
1881300 165
1881310 165
1881320 165
1881330 165
1881340 165
1881350 165
1881360 165
1881370 165
1881380 165
1881390 165
1881400 165
1881410 165
1881420 165
1881430 165
1881440 165
1881450 165
1881460 165
1881470 165
1881480 165
1881490 165
1881500 165
1881510 165
1881520 165
1881530 165
1881540 165
1881550 165
1881560 165
1881570 165
1881580 165
1881590 165
1881600 165
1881610 165
1881620 166
1881630 166
1881640 166
1881650 166
1881660 165
1881670 165
1881680 165
1881690 165
1881700 165
1881710 165
1881720 166
1881730 166
1881740 166
1881750 166
1881760 166
1881770 165
1881780 165
1881790 165
1881800 164
1881810 163
1881820 163
1881830 163
1881840 161
1881850 161
1881860 159
1881870 157
1881880 157
1881890 156
1881900 154
1881910 154
1881920 154
1881930 153
1881940 153
1881950 153
1881960 153
1881970 153
1881980 152
1881990 152
1882000 152
1882010 152
1882020 152
1882030 152
1882040 152
1882050 151
1882060 151
1882070 151
1882080 151
1882090 151
1882100 151
1882110 151
1882120 152
1882130 152
1882140 152
1882150 152
1882160 151
1882170 151
1882180 152
1882190 152
1882200 152
1882210 152
1882220 152
1882230 152
1882240 152
1882250 152
1882260 152
1882270 152
1882280 152
1882290 152
1882300 152
1882310 152
1882320 152
1882330 152
1882340 152
1882350 152
1882360 152
1882370 152
1882380 152
1882390 152
1882400 152
1882410 152
1882420 152
1882430 152
1882440 152
1882450 153
1882460 154
1882470 154
1882480 153
1882490 152
1882500 152
1882510 151
1882520 151
1882530 152
1882540 152
1882550 152
1882560 152
1882570 152
1882580 152
1882590 152
1882600 152
1882610 152
1882620 152
1882630 152
1882640 152
1882650 152
1882660 152
1882670 152
1882680 152
1882690 152
1882700 152
1882710 152
1882720 151
1882730 151
1882740 152
1882750 152
1882760 152
1882770 152
1882780 152
1882790 152
1882800 152
1882810 152
1882820 152
1882830 152
1882840 152
1882850 152
1882860 152
1882870 152
1882880 152
1882890 152
1882900 152
1882910 152
1882920 152
1882930 152
1882940 152
1882950 152
1882960 152
1882970 152
1882980 151
1882990 151
1883000 151
1883010 151
1883020 151
1883030 151
1883040 151
1883050 151
1883060 151
1883070 151
1883080 151
1883090 151
1883100 151
1883110 151
1883120 151
1883130 152
1883140 151
1883150 151
1883160 151
1883170 151
1883180 151
1883190 151
1883200 151
1883210 151
1883220 151
1883230 151
1883240 151
1883250 151
1883260 151
1883270 151
1883280 151
1883290 151
1883300 151
1883310 151
1883320 151
1883330 151
1883340 151
1883350 151
1883360 151
1883370 151
1883380 151
1883390 151
1883400 151
1883410 151
1883420 151
1883430 151
1883440 151
1883450 151
1883460 151
1883470 151
1883480 151
1883490 151
1883500 151
1883510 151
1883520 151
1883530 151
1883540 151
1883550 152
1883560 152
1883570 152
1883580 152
1883590 152
1883600 152
1883610 151
1883620 151
1883630 151
1883640 151
1883650 151
1883660 151
1883670 152
1883680 152
1883690 152
1883700 152
1883710 152
1883720 152
1883730 151
1883740 151
1883750 151
