1880000 161
1880010 161
1880020 161
1880030 161
1880040 161
1880050 161
1880060 161
1880070 161
1880080 161
1880090 160
1880100 160
1880110 160
1880120 160
1880130 160
1880140 160
1880150 160
1880160 160
1880170 160
1880180 160
1880190 160
1880200 160
1880210 160
1880220 160
1880230 160
1880240 160
1880250 160
1880260 160
1880270 160
1880280 160
1880290 160
1880300 160
1880310 160
1880320 160
1880330 160
1880340 160
1880350 160
1880360 160
1880370 160
1880380 160
1880390 160
1880400 160
1880410 160
1880420 160
1880430 160
1880440 160
1880450 160
1880460 160
1880470 160
1880480 160
1880490 160
1880500 160
1880510 160
1880520 160
1880530 160
1880540 161
1880550 161
1880560 161
1880570 161
1880580 161
1880590 161
1880600 161
1880610 162
1880620 162
1880630 162
1880640 162
1880650 163
1880660 163
1880670 163
1880680 164
1880690 164
1880700 164
1880710 165
1880720 165
1880730 165
1880740 166
1880750 166
1880760 166
1880770 164
1880780 164
1880790 164
1880800 166
1880810 166
1880820 167
1880830 167
1880840 167
1880850 167
1880860 167
1880870 167
1880880 167
1880890 167
1880900 167
1880910 167
1880920 167
1880930 167
1880940 167
1880950 167
1880960 167
1880970 167
1880980 167
1880990 167
1881000 167
1881010 167
1881020 167
1881030 167
1881040 167
1881050 167
1881060 167
1881070 168
1881080 168
1881090 167
1881100 167
1881110 167
1881120 168
1881130 167
1881140 167
1881150 167
1881160 168
1881170 168
1881180 168
1881190 168
1881200 168
1881210 168
1881220 168
1881230 168
1881240 168
1881250 168
1881260 168
1881270 168
1881280 168
1881290 168
1881300 168
1881310 168
1881320 168
1881330 168
1881340 168
1881350 168
1881360 168
1881370 168
1881380 168
1881390 168
1881400 168
1881410 168
1881420 168
1881430 168
1881440 168
1881450 168
1881460 168
1881470 168
1881480 168
1881490 168
1881500 168
1881510 168
1881520 168
1881530 168
1881540 168
1881550 168
1881560 168
1881570 168
1881580 168
1881590 169
1881600 169
1881610 169
1881620 169
1881630 169
1881640 169
1881650 169
1881660 169
1881670 169
1881680 169
1881690 169
1881700 169
1881710 169
1881720 165
1881730 165
1881740 157
1881750 157
1881760 157
1881770 156
1881780 155
1881790 155
1881800 154
1881810 154
1881820 153
1881830 153
1881840 153
1881850 153
1881860 153
1881870 153
1881880 153
1881890 153
1881900 153
1881910 153
1881920 153
1881930 153
1881940 153
1881950 153
1881960 153
1881970 153
1881980 153
1881990 153
1882000 152
1882010 152
1882020 152
1882030 152
1882040 152
1882050 152
1882060 151
1882070 151
1882080 151
1882090 152
1882100 152
1882110 152
1882120 152
1882130 152
1882140 152
1882150 152
1882160 153
1882170 153
1882180 154
1882190 151
1882200 151
1882210 151
1882220 152
1882230 152
1882240 152
1882250 152
1882260 152
1882270 152
1882280 152
1882290 152
1882300 152
1882310 152
1882320 152
1882330 152
1882340 152
1882350 152
1882360 152
1882370 152
1882380 152
1882390 152
1882400 152
1882410 152
1882420 152
1882430 152
1882440 152
1882450 152
1882460 152
1882470 152
1882480 152
1882490 152
1882500 152
1882510 151
1882520 151
1882530 151
1882540 151
1882550 151
1882560 152
1882570 152
1882580 152
1882590 152
1882600 152
1882610 152
1882620 152
1882630 152
1882640 152
1882650 153
1882660 153
1882670 153
1882680 152
1882690 152
1882700 152
1882710 152
1882720 152
1882730 152
1882740 152
1882750 152
1882760 152
1882770 152
1882780 152
1882790 152
1882800 152
1882810 152
1882820 152
1882830 152
1882840 153
1882850 153
1882860 153
1882870 152
1882880 152
1882890 152
1882900 152
1882910 152
1882920 152
1882930 152
1882940 152
1882950 152
1882960 152
1882970 152
1882980 152
1882990 152
1883000 152
1883010 152
1883020 152
1883030 152
1883040 152
1883050 152
1883060 152
1883070 152
1883080 152
1883090 152
1883100 152
1883110 152
1883120 152
1883130 151
1883140 151
1883150 151
1883160 151
1883170 151
1883180 151
1883190 151
1883200 151
1883210 152
1883220 151
1883230 151
1883240 151
1883250 151
1883260 151
1883270 151
1883280 151
1883290 151
1883300 151
1883310 151
1883320 151
1883330 151
1883340 151
1883350 151
1883360 152
1883370 152
1883380 152
1883390 152
1883400 152
1883410 152
1883420 152
1883430 152
1883440 152
1883450 151
1883460 151
1883470 151
1883480 151
1883490 151
1883500 151
1883510 151
1883520 152
1883530 152
1883540 152
1883550 152
1883560 152
1883570 152
1883580 152
1883590 152
1883600 152
1883610 152
1883620 152
1883630 152
1883640 152
1883650 152
1880000 161
1880010 161
1880020 161
1880030 161
1880040 161
1880050 161
1880060 161
1880070 161
1880080 161
1880090 160
1880100 160
1880110 160
1880120 160
1880130 160
1880140 160
1880150 160
1880160 160
1880170 160
1880180 160
1880190 160
1880200 160
1880210 160
1880220 160
1880230 160
1880240 160
1880250 160
1880260 160
1880270 160
1880280 160
1880290 160
1880300 160
1880310 160
1880320 160
1880330 160
1880340 160
1880350 160
1880360 160
1880370 160
1880380 160
1880390 160
1880400 160
1880410 160
1880420 160
1880430 160
1880440 160
1880450 160
1880460 160
1880470 160
1880480 160
1880490 160
1880500 160
1880510 160
1880520 160
1880530 160
1880540 161
1880550 161
1880560 161
1880570 161
1880580 161
1880590 161
1880600 161
1880610 162
1880620 162
1880630 162
1880640 162
1880650 163
1880660 163
1880670 163
1880680 164
1880690 164
1880700 164
1880710 165
1880720 165
1880730 165
1880740 166
1880750 166
1880760 166
1880770 164
1880780 164
1880790 164
1880800 166
1880810 166
1880820 167
1880830 167
1880840 167
1880850 167
1880860 167
1880870 167
1880880 167
1880890 167
1880900 167
1880910 167
1880920 167
1880930 167
1880940 167
1880950 167
1880960 167
1880970 167
1880980 167
1880990 167
1881000 167
1881010 167
1881020 167
1881030 167
1881040 167
1881050 167
1881060 167
1881070 168
1881080 168
1881090 167
1881100 167
1881110 167
1881120 168
1881130 167
1881140 167
1881150 167
1881160 168
1881170 168
1881180 168
1881190 168
1881200 168
1881210 168
1881220 168
1881230 168
1881240 168
1881250 168
1881260 168
1881270 168
1881280 168
1881290 168
1881300 168
1881310 168
1881320 168
1881330 168
1881340 168
1881350 168
1881360 168
1881370 168
1881380 168
1881390 168
1881400 168
1881410 168
1881420 168
1881430 168
1881440 168
1881450 168
1881460 168
1881470 168
1881480 168
1881490 168
1881500 168
1881510 168
1881520 168
1881530 168
1881540 168
1881550 168
1881560 168
1881570 168
1881580 168
1881590 169
1881600 169
1881610 169
1881620 169
1881630 169
1881640 169
1881650 169
1881660 169
1881670 169
1881680 169
1881690 169
1881700 169
1881710 169
1881720 165
1881730 165
1881740 157
1881750 157
1881760 157
1881770 156
1881780 155
1881790 155
1881800 154
1881810 154
1881820 153
1881830 153
1881840 153
1881850 153
1881860 153
1881870 153
1881880 153
1881890 153
1881900 153
1881910 153
1881920 153
1881930 153
1881940 153
1881950 153
1881960 153
1881970 153
1881980 153
1881990 153
1882000 152
1882010 152
1882020 152
1882030 152
1882040 152
1882050 152
1882060 151
1882070 151
1882080 151
1882090 152
1882100 152
1882110 152
1882120 152
1882130 152
1882140 152
1882150 152
1882160 153
1882170 153
1882180 154
1882190 151
1882200 151
1882210 151
1882220 152
1882230 152
1882240 152
1882250 152
1882260 152
1882270 152
1882280 152
1882290 152
1882300 152
1882310 152
1882320 152
1882330 152
1882340 152
1882350 152
1882360 152
1882370 152
1882380 152
1882390 152
1882400 152
1882410 152
1882420 152
1882430 152
1882440 152
1882450 152
1882460 152
1882470 152
1882480 152
1882490 152
1882500 152
1882510 151
1882520 151
1882530 151
1882540 151
1882550 151
1882560 152
1882570 152
1882580 152
1882590 152
1882600 152
1882610 152
1882620 152
1882630 152
1882640 152
1882650 153
1882660 153
1882670 153
1882680 152
1882690 152
1882700 152
1882710 152
1882720 152
1882730 152
1882740 152
1882750 152
1882760 152
1882770 152
1882780 152
1882790 152
1882800 152
1882810 152
1882820 152
1882830 152
1882840 153
1882850 153
1882860 153
1882870 152
1882880 152
1882890 152
1882900 152
1882910 152
1882920 152
1882930 152
1882940 152
1882950 152
1882960 152
1882970 152
1882980 152
1882990 152
1883000 152
1883010 152
1883020 152
1883030 152
1883040 152
1883050 152
1883060 152
1883070 152
1883080 152
1883090 152
1883100 152
1883110 152
1883120 152
1883130 151
1883140 151
1883150 151
1883160 151
1883170 151
1883180 151
1883190 151
1883200 151
1883210 152
1883220 151
1883230 151
1883240 151
1883250 151
1883260 151
1883270 151
1883280 151
1883290 151
1883300 151
1883310 151
1883320 151
1883330 151
1883340 151
1883350 151
1883360 152
1883370 152
1883380 152
1883390 152
1883400 152
1883410 152
1883420 152
1883430 152
1883440 152
1883450 151
1883460 151
1883470 151
1883480 151
1883490 151
1883500 151
1883510 151
1883520 152
1883530 152
1883540 152
1883550 152
1883560 152
1883570 152
1883580 152
1883590 152
1883600 152
1883610 152
1883620 152
1883630 152
1883640 152
1883650 152
