1880000 161
1880010 161
1880020 161
1880030 161
1880040 161
1880050 161
1880060 161
1880070 161
1880080 161
1880090 161
1880100 161
1880110 161
1880120 161
1880130 161
1880140 161
1880150 161
1880160 161
1880170 161
1880180 161
1880190 161
1880200 161
1880210 161
1880220 161
1880230 161
1880240 161
1880250 161
1880260 161
1880270 161
1880280 161
1880290 161
1880300 161
1880310 161
1880320 161
1880330 161
1880340 161
1880350 161
1880360 161
1880370 161
1880380 161
1880390 161
1880400 161
1880410 161
1880420 161
1880430 161
1880440 161
1880450 161
1880460 161
1880470 161
1880480 160
1880490 160
1880500 162
1880510 164
1880520 164
1880530 162
1880540 161
1880550 161
1880560 161
1880570 161
1880580 161
1880590 161
1880600 161
1880610 161
1880620 162
1880630 162
1880640 162
1880650 162
1880660 162
1880670 162
1880680 162
1880690 162
1880700 162
1880710 162
1880720 162
1880730 162
1880740 162
1880750 162
1880760 162
1880770 162
1880780 163
1880790 163
1880800 163
1880810 163
1880820 163
1880830 163
1880840 163
1880850 163
1880860 163
1880870 163
1880880 163
1880890 164
1880900 164
1880910 164
1880920 164
1880930 164
1880940 164
1880950 165
1880960 165
1880970 165
1880980 165
1880990 165
1881000 166
1881010 166
1881020 166
1881030 166
1881040 167
1881050 167
1881060 167
1881070 167
1881080 167
1881090 167
1881100 167
1881110 167
1881120 167
1881130 167
1881140 167
1881150 168
1881160 168
1881170 168
1881180 168
1881190 168
1881200 168
1881210 168
1881220 168
1881230 168
1881240 168
1881250 168
1881260 168
1881270 169
1881280 169
1881290 169
1881300 169
1881310 169
1881320 169
1881330 169
1881340 169
1881350 169
1881360 170
1881370 170
1881380 170
1881390 170
1881400 170
1881410 170
1881420 170
1881430 170
1881440 170
1881450 170
1881460 170
1881470 170
1881480 170
1881490 170
1881500 170
1881510 170
1881520 170
1881530 170
1881540 170
1881550 170
1881560 170
1881570 170
1881580 170
1881590 169
1881600 169
1881610 169
1881620 169
1881630 167
1881640 167
1881650 163
1881660 159
1881670 159
1881680 157
1881690 156
1881700 156
1881710 155
1881720 156
1881730 156
1881740 155
1881750 154
1881760 154
1881770 153
1881780 152
1881790 152
1881800 153
1881810 153
1881820 153
1881830 152
1881840 152
1881850 152
1881860 152
1881870 152
1881880 152
1881890 152
1881900 152
1881910 152
1881920 152
1881930 152
1881940 152
1881950 152
1881960 152
1881970 152
1881980 152
1881990 153
1882000 153
1882010 153
1882020 153
1882030 153
1882040 153
1882050 153
1882060 153
1882070 152
1882080 152
1882090 152
1882100 153
1882110 153
1882120 153
1882130 153
1882140 153
1882150 152
1882160 153
1882170 153
1882180 152
1882190 152
1882200 152
1882210 152
1882220 152
1882230 152
1882240 152
1882250 152
1882260 152
1882270 153
1882280 152
1882290 152
1882300 154
1882310 154
1882320 154
1882330 154
1882340 153
1882350 153
1882360 153
1882370 153
1882380 153
1882390 153
1882400 153
1882410 153
1882420 153
1882430 153
1882440 153
1882450 154
1882460 155
1882470 155
1882480 154
1882490 154
1882500 154
1882510 153
1882520 153
1882530 153
1882540 153
1882550 152
1882560 152
1882570 152
1882580 152
1882590 152
1882600 152
1882610 152
1882620 152
1882630 152
1882640 152
1882650 152
1882660 152
1882670 152
1882680 152
1882690 152
1882700 152
1882710 152
1882720 152
1882730 152
1882740 152
1882750 152
1882760 152
1882770 152
1882780 152
1882790 152
1882800 152
1882810 152
1882820 152
1882830 152
1882840 152
1882850 152
1882860 152
1882870 152
1882880 152
1882890 152
1882900 152
1882910 152
1882920 152
1882930 152
1882940 152
1882950 152
1882960 152
1882970 152
1882980 152
1882990 152
1883000 152
1883010 152
1883020 152
1883030 152
1883040 152
1883050 151
1883060 151
1883070 151
1883080 152
1883090 152
1883100 152
1883110 152
1883120 152
1883130 152
1883140 152
1883150 152
1883160 152
1883170 151
1883180 151
1883190 151
1883200 151
1883210 152
1883220 152
1883230 152
1883240 152
1883250 152
1883260 152
1883270 152
1883280 152
1883290 152
1883300 152
1883310 152
1883320 152
1883330 152
1883340 152
1883350 152
1883360 152
1883370 152
1883380 152
1883390 152
1883400 152
1883410 152
1883420 152
1883430 152
1883440 152
1883450 152
1883460 152
1883470 152
1883480 152
1883490 152
1883500 152
1883510 152
1883520 152
1883530 152
1883540 152
1883550 152
1883560 152
1883570 152
1883580 152
1883590 152
1883600 152
1883610 152
1883620 152
1883630 152
1883640 152
1883650 152
1883660 152
1883670 152
1883680 152
1883690 152
1883700 152
1883710 152
1883720 152
1883730 151
1883740 151
1883750 151
1883760 151
1883770 151
1883780 152
1883790 152
1883800 152
1883810 152
1883820 152
1883830 152
1883840 152
1883850 152
1883860 152
1880000 161
1880010 161
1880020 161
1880030 161
1880040 161
1880050 161
1880060 161
1880070 161
1880080 161
1880090 161
1880100 161
1880110 161
1880120 161
1880130 161
1880140 161
1880150 161
1880160 161
1880170 161
1880180 161
1880190 161
1880200 161
1880210 161
1880220 161
1880230 161
1880240 161
1880250 161
1880260 161
1880270 161
1880280 161
1880290 161
1880300 161
1880310 161
1880320 161
1880330 161
1880340 161
1880350 161
1880360 161
1880370 161
1880380 161
1880390 161
1880400 161
1880410 161
1880420 161
1880430 161
1880440 161
1880450 161
1880460 161
1880470 161
1880480 160
1880490 160
1880500 162
1880510 164
1880520 164
1880530 162
1880540 161
1880550 161
1880560 161
1880570 161
1880580 161
1880590 161
1880600 161
1880610 161
1880620 162
1880630 162
1880640 162
1880650 162
1880660 162
1880670 162
1880680 162
1880690 162
1880700 162
1880710 162
1880720 162
1880730 162
1880740 162
1880750 162
1880760 162
1880770 162
1880780 163
1880790 163
1880800 163
1880810 163
1880820 163
1880830 163
1880840 163
1880850 163
1880860 163
1880870 163
1880880 163
1880890 164
1880900 164
1880910 164
1880920 164
1880930 164
1880940 164
1880950 165
1880960 165
1880970 165
1880980 165
1880990 165
1881000 166
1881010 166
1881020 166
1881030 166
1881040 167
1881050 167
1881060 167
1881070 167
1881080 167
1881090 167
1881100 167
1881110 167
1881120 167
1881130 167
1881140 167
1881150 168
1881160 168
1881170 168
1881180 168
1881190 168
1881200 168
1881210 168
1881220 168
1881230 168
1881240 168
1881250 168
1881260 168
1881270 169
1881280 169
1881290 169
1881300 169
1881310 169
1881320 169
1881330 169
1881340 169
1881350 169
1881360 170
1881370 170
1881380 170
1881390 170
1881400 170
1881410 170
1881420 170
1881430 170
1881440 170
1881450 170
1881460 170
1881470 170
1881480 170
1881490 170
1881500 170
1881510 170
1881520 170
1881530 170
1881540 170
1881550 170
1881560 170
1881570 170
1881580 170
1881590 169
1881600 169
1881610 169
1881620 169
1881630 167
1881640 167
1881650 163
1881660 159
1881670 159
1881680 157
1881690 156
1881700 156
1881710 155
1881720 156
1881730 156
1881740 155
1881750 154
1881760 154
1881770 153
1881780 152
1881790 152
1881800 153
1881810 153
1881820 153
1881830 152
1881840 152
1881850 152
1881860 152
1881870 152
1881880 152
1881890 152
1881900 152
1881910 152
1881920 152
1881930 152
1881940 152
1881950 152
1881960 152
1881970 152
1881980 152
1881990 153
1882000 153
1882010 153
1882020 153
1882030 153
1882040 153
1882050 153
1882060 153
1882070 152
1882080 152
1882090 152
1882100 153
1882110 153
1882120 153
1882130 153
1882140 153
1882150 152
1882160 153
1882170 153
1882180 152
1882190 152
1882200 152
1882210 152
1882220 152
1882230 152
1882240 152
1882250 152
1882260 152
1882270 153
1882280 152
1882290 152
1882300 154
1882310 154
1882320 154
1882330 154
1882340 153
1882350 153
1882360 153
1882370 153
1882380 153
1882390 153
1882400 153
1882410 153
1882420 153
1882430 153
1882440 153
1882450 154
1882460 155
1882470 155
1882480 154
1882490 154
1882500 154
1882510 153
1882520 153
1882530 153
1882540 153
1882550 152
1882560 152
1882570 152
1882580 152
1882590 152
1882600 152
1882610 152
1882620 152
1882630 152
1882640 152
1882650 152
1882660 152
1882670 152
1882680 152
1882690 152
1882700 152
1882710 152
1882720 152
1882730 152
1882740 152
1882750 152
1882760 152
1882770 152
1882780 152
1882790 152
1882800 152
1882810 152
1882820 152
1882830 152
1882840 152
1882850 152
1882860 152
1882870 152
1882880 152
1882890 152
1882900 152
1882910 152
1882920 152
1882930 152
1882940 152
1882950 152
1882960 152
1882970 152
1882980 152
1882990 152
1883000 152
1883010 152
1883020 152
1883030 152
1883040 152
1883050 151
1883060 151
1883070 151
1883080 152
1883090 152
1883100 152
1883110 152
1883120 152
1883130 152
1883140 152
1883150 152
1883160 152
1883170 151
1883180 151
1883190 151
1883200 151
1883210 152
1883220 152
1883230 152
1883240 152
1883250 152
1883260 152
1883270 152
1883280 152
1883290 152
1883300 152
1883310 152
1883320 152
1883330 152
1883340 152
1883350 152
1883360 152
1883370 152
1883380 152
1883390 152
1883400 152
1883410 152
1883420 152
1883430 152
1883440 152
1883450 152
1883460 152
1883470 152
1883480 152
1883490 152
1883500 152
1883510 152
1883520 152
1883530 152
1883540 152
1883550 152
1883560 152
1883570 152
1883580 152
1883590 152
1883600 152
1883610 152
1883620 152
1883630 152
1883640 152
1883650 152
1883660 152
1883670 152
1883680 152
1883690 152
1883700 152
1883710 152
1883720 152
1883730 151
1883740 151
1883750 151
1883760 151
1883770 151
1883780 152
1883790 152
1883800 152
1883810 152
1883820 152
1883830 152
1883840 152
1883850 152
1883860 152
