1880000 164
1880010 164
1880020 164
1880030 164
1880040 164
1880050 164
1880060 164
1880070 164
1880080 164
1880090 164
1880100 164
1880110 164
1880120 164
1880130 164
1880140 164
1880150 164
1880160 163
1880170 163
1880180 163
1880190 163
1880200 163
1880210 163
1880220 163
1880230 163
1880240 163
1880250 163
1880260 163
1880270 163
1880280 163
1880290 163
1880300 162
1880310 162
1880320 162
1880330 162
1880340 162
1880350 162
1880360 162
1880370 162
1880380 162
1880390 162
1880400 162
1880410 162
1880420 162
1880430 162
1880440 162
1880450 162
1880460 162
1880470 162
1880480 162
1880490 162
1880500 161
1880510 161
1880520 161
1880530 161
1880540 161
1880550 161
1880560 161
1880570 161
1880580 161
1880590 161
1880600 161
1880610 161
1880620 161
1880630 161
1880640 161
1880650 161
1880660 161
1880670 161
1880680 161
1880690 161
1880700 162
1880710 162
1880720 162
1880730 162
1880740 162
1880750 162
1880760 162
1880770 162
1880780 162
1880790 162
1880800 162
1880810 162
1880820 162
1880830 162
1880840 162
1880850 162
1880860 162
1880870 162
1880880 162
1880890 162
1880900 162
1880910 162
1880920 162
1880930 162
1880940 162
1880950 162
1880960 162
1880970 162
1880980 162
1880990 162
1881000 163
1881010 163
1881020 163
1881030 163
1881040 163
1881050 163
1881060 163
1881070 163
1881080 163
1881090 162
1881100 162
1881110 162
1881120 162
1881130 161
1881140 161
1881150 161
1881160 161
1881170 161
1881180 162
1881190 162
1881200 162
1881210 162
1881220 162
1881230 162
1881240 163
1881250 163
1881260 163
1881270 163
1881280 164
1881290 164
1881300 164
1881310 164
1881320 164
1881330 164
1881340 164
1881350 164
1881360 164
1881370 165
1881380 165
1881390 164
1881400 164
1881410 164
1881420 164
1881430 164
1881440 164
1881450 164
1881460 164
1881470 164
1881480 163
1881490 163
1881500 163
1881510 162
1881520 162
1881530 161
1881540 161
1881550 161
1881560 160
1881570 160
1881580 160
1881590 159
1881600 158
1881610 158
1881620 158
1881630 157
1881640 157
1881650 157
1881660 156
1881670 156
1881680 156
1881690 156
1881700 156
1881710 156
1881720 156
1881730 156
1881740 156
1881750 156
1881760 156
1881770 156
1881780 156
1881790 156
1881800 157
1881810 157
1881820 157
1881830 158
1881840 159
1881850 159
1881860 160
1881870 161
1881880 161
1881890 162
1881900 163
1881910 163
1881920 164
1881930 164
1881940 164
1881950 164
1881960 164
1881970 163
1881980 162
1881990 162
1882000 162
1882010 161
1882020 160
1882030 159
1882040 159
1882050 159
1882060 158
1882070 158
1882080 158
1882090 157
1882100 156
1882110 156
1882120 156
1882130 155
1882140 155
1882150 155
1882160 155
1882170 155
1882180 155
1882190 155
1882200 155
1882210 155
1882220 155
1882230 155
1882240 155
1882250 154
1882260 154
1882270 154
1882280 154
1882290 154
1882300 154
1882310 154
1882320 154
1882330 153
1882340 153
1882350 153
1882360 153
1882370 153
1882380 153
1882390 153
1882400 153
1882410 153
1882420 153
1882430 153
1882440 153
1882450 153
1882460 153
1882470 153
1882480 153
1882490 153
1882500 153
1882510 153
1882520 152
1882530 152
1882540 153
1882550 153
1882560 153
1882570 153
1882580 153
1882590 153
1882600 153
1882610 153
1882620 153
1882630 153
1882640 153
1882650 153
1882660 153
1882670 153
1882680 152
1882690 152
1882700 152
1882710 152
1882720 152
1882730 152
1882740 152
1882750 152
1882760 152
1882770 152
1882780 152
1882790 152
1882800 152
1882810 153
1882820 153
1882830 153
1882840 153
1882850 153
1882860 153
1882870 153
1882880 153
1882890 153
1882900 153
1882910 153
1882920 153
1882930 152
1882940 152
1882950 152
1882960 152
1882970 152
1882980 152
1882990 152
1883000 152
1883010 153
1883020 153
1883030 153
1883040 153
1883050 153
1883060 153
1883070 153
1883080 153
1883090 153
1883100 153
1883110 153
1883120 153
1883130 153
1883140 153
1883150 153
1883160 153
1883170 153
1883180 153
1883190 153
1883200 153
1883210 153
1883220 153
1883230 153
1883240 153
1883250 153
1883260 153
1883270 153
1883280 152
1883290 152
1883300 153
1883310 153
1883320 153
1883330 154
1883340 153
1883350 153
1883360 153
1883370 153
1883380 153
1883390 153
1883400 153
1883410 153
1883420 152
1883430 152
1883440 152
1883450 153
1883460 153
1883470 153
1883480 153
1883490 153
1883500 153
1883510 153
1883520 153
1883530 153
1883540 153
1883550 153
1883560 153
1883570 153
1883580 153
1883590 153
1883600 152
1883610 152
1883620 152
1883630 152
1883640 152
1883650 152
1883660 153
1883670 153
1883680 153
1883690 153
1883700 153
1883710 153
1883720 153
1883730 153
1883740 153
1883750 152
1883760 152
1883770 152
1883780 152
1883790 152
1883800 152
1883810 152
1883820 152
1883830 153
1883840 153
1883850 153
1883860 153
1883870 152
1883880 152
1883890 152
1883900 152
1883910 152
1883920 152
1883930 153
1883940 153
1883950 153
1883960 152
1883970 152
1883980 152
1883990 153
1884000 153
1884010 153
1884020 153
1884030 153
1884040 152
1884050 152
1884060 152
1884070 153
1880000 164
1880010 164
1880020 164
1880030 164
1880040 164
1880050 164
1880060 164
1880070 164
1880080 164
1880090 164
1880100 164
1880110 164
1880120 164
1880130 164
1880140 164
1880150 164
1880160 163
1880170 163
1880180 163
1880190 163
1880200 163
1880210 163
1880220 163
1880230 163
1880240 163
1880250 163
1880260 163
1880270 163
1880280 163
1880290 163
1880300 162
1880310 162
1880320 162
1880330 162
1880340 162
1880350 162
1880360 162
1880370 162
1880380 162
1880390 162
1880400 162
1880410 162
1880420 162
1880430 162
1880440 162
1880450 162
1880460 162
1880470 162
1880480 162
1880490 162
1880500 161
1880510 161
1880520 161
1880530 161
1880540 161
1880550 161
1880560 161
1880570 161
1880580 161
1880590 161
1880600 161
1880610 161
1880620 161
1880630 161
1880640 161
1880650 161
1880660 161
1880670 161
1880680 161
1880690 161
1880700 162
1880710 162
1880720 162
1880730 162
1880740 162
1880750 162
1880760 162
1880770 162
1880780 162
1880790 162
1880800 162
1880810 162
1880820 162
1880830 162
1880840 162
1880850 162
1880860 162
1880870 162
1880880 162
1880890 162
1880900 162
1880910 162
1880920 162
1880930 162
1880940 162
1880950 162
1880960 162
1880970 162
1880980 162
1880990 162
1881000 163
1881010 163
1881020 163
1881030 163
1881040 163
1881050 163
1881060 163
1881070 163
1881080 163
1881090 162
1881100 162
1881110 162
1881120 162
1881130 161
1881140 161
1881150 161
1881160 161
1881170 161
1881180 162
1881190 162
1881200 162
1881210 162
1881220 162
1881230 162
1881240 163
1881250 163
1881260 163
1881270 163
1881280 164
1881290 164
1881300 164
1881310 164
1881320 164
1881330 164
1881340 164
1881350 164
1881360 164
1881370 165
1881380 165
1881390 164
1881400 164
1881410 164
1881420 164
1881430 164
1881440 164
1881450 164
1881460 164
1881470 164
1881480 163
1881490 163
1881500 163
1881510 162
1881520 162
1881530 161
1881540 161
1881550 161
1881560 160
1881570 160
1881580 160
1881590 159
1881600 158
1881610 158
1881620 158
1881630 157
1881640 157
1881650 157
1881660 156
1881670 156
1881680 156
1881690 156
1881700 156
1881710 156
1881720 156
1881730 156
1881740 156
1881750 156
1881760 156
1881770 156
1881780 156
1881790 156
1881800 157
1881810 157
1881820 157
1881830 158
1881840 159
1881850 159
1881860 160
1881870 161
1881880 161
1881890 162
1881900 163
1881910 163
1881920 164
1881930 164
1881940 164
1881950 164
1881960 164
1881970 163
1881980 162
1881990 162
1882000 162
1882010 161
1882020 160
1882030 159
1882040 159
1882050 159
1882060 158
1882070 158
1882080 158
1882090 157
1882100 156
1882110 156
1882120 156
1882130 155
1882140 155
1882150 155
1882160 155
1882170 155
1882180 155
1882190 155
1882200 155
1882210 155
1882220 155
1882230 155
1882240 155
1882250 154
1882260 154
1882270 154
1882280 154
1882290 154
1882300 154
1882310 154
1882320 154
1882330 153
1882340 153
1882350 153
1882360 153
1882370 153
1882380 153
1882390 153
1882400 153
1882410 153
1882420 153
1882430 153
1882440 153
1882450 153
1882460 153
1882470 153
1882480 153
1882490 153
1882500 153
1882510 153
1882520 152
1882530 152
1882540 153
1882550 153
1882560 153
1882570 153
1882580 153
1882590 153
1882600 153
1882610 153
1882620 153
1882630 153
1882640 153
1882650 153
1882660 153
1882670 153
1882680 152
1882690 152
1882700 152
1882710 152
1882720 152
1882730 152
1882740 152
1882750 152
1882760 152
1882770 152
1882780 152
1882790 152
1882800 152
1882810 153
1882820 153
1882830 153
1882840 153
1882850 153
1882860 153
1882870 153
1882880 153
1882890 153
1882900 153
1882910 153
1882920 153
1882930 152
1882940 152
1882950 152
1882960 152
1882970 152
1882980 152
1882990 152
1883000 152
1883010 153
1883020 153
1883030 153
1883040 153
1883050 153
1883060 153
1883070 153
1883080 153
1883090 153
1883100 153
1883110 153
1883120 153
1883130 153
1883140 153
1883150 153
1883160 153
1883170 153
1883180 153
1883190 153
1883200 153
1883210 153
1883220 153
1883230 153
1883240 153
1883250 153
1883260 153
1883270 153
1883280 152
1883290 152
1883300 153
1883310 153
1883320 153
1883330 154
1883340 153
1883350 153
1883360 153
1883370 153
1883380 153
1883390 153
1883400 153
1883410 153
1883420 152
1883430 152
1883440 152
1883450 153
1883460 153
1883470 153
1883480 153
1883490 153
1883500 153
1883510 153
1883520 153
1883530 153
1883540 153
1883550 153
1883560 153
1883570 153
1883580 153
1883590 153
1883600 152
1883610 152
1883620 152
1883630 152
1883640 152
1883650 152
1883660 153
1883670 153
1883680 153
1883690 153
1883700 153
1883710 153
1883720 153
1883730 153
1883740 153
1883750 152
1883760 152
1883770 152
1883780 152
1883790 152
1883800 152
1883810 152
1883820 152
1883830 153
1883840 153
1883850 153
1883860 153
1883870 152
1883880 152
1883890 152
1883900 152
1883910 152
1883920 152
1883930 153
1883940 153
1883950 153
1883960 152
1883970 152
1883980 152
1883990 153
1884000 153
1884010 153
1884020 153
1884030 153
1884040 152
1884050 152
1884060 152
1884070 153
