1880000 167
1880010 167
1880020 167
1880030 167
1880040 167
1880050 167
1880060 167
1880070 167
1880080 167
1880090 167
1880100 167
1880110 167
1880120 167
1880130 167
1880140 167
1880150 167
1880160 167
1880170 167
1880180 167
1880190 167
1880200 167
1880210 167
1880220 167
1880230 167
1880240 167
1880250 167
1880260 167
1880270 167
1880280 168
1880290 168
1880300 168
1880310 167
1880320 168
1880330 168
1880340 167
1880350 167
1880360 167
1880370 167
1880380 167
1880390 167
1880400 167
1880410 168
1880420 168
1880430 168
1880440 168
1880450 168
1880460 168
1880470 168
1880480 168
1880490 168
1880500 168
1880510 168
1880520 168
1880530 168
1880540 168
1880550 168
1880560 168
1880570 168
1880580 168
1880590 168
1880600 168
1880610 168
1880620 168
1880630 168
1880640 168
1880650 168
1880660 168
1880670 168
1880680 168
1880690 168
1880700 167
1880710 167
1880720 167
1880730 167
1880740 167
1880750 167
1880760 167
1880770 167
1880780 167
1880790 167
1880800 167
1880810 167
1880820 167
1880830 167
1880840 167
1880850 167
1880860 167
1880870 167
1880880 167
1880890 167
1880900 167
1880910 167
1880920 167
1880930 167
1880940 167
1880950 167
1880960 167
1880970 167
1880980 167
1880990 167
1881000 167
1881010 167
1881020 167
1881030 167
1881040 167
1881050 167
1881060 167
1881070 167
1881080 167
1881090 167
1881100 167
1881110 167
1881120 167
1881130 167
1881140 167
1881150 167
1881160 167
1881170 167
1881180 167
1881190 167
1881200 167
1881210 167
1881220 167
1881230 167
1881240 167
1881250 167
1881260 167
1881270 167
1881280 167
1881290 167
1881300 167
1881310 167
1881320 167
1881330 167
1881340 167
1881350 167
1881360 167
1881370 167
1881380 167
1881390 167
1881400 167
1881410 167
1881420 167
1881430 167
1881440 167
1881450 167
1881460 167
1881470 167
1881480 167
1881490 167
1881500 167
1881510 167
1881520 167
1881530 166
1881540 166
1881550 166
1881560 166
1881570 166
1881580 166
1881590 166
1881600 166
1881610 165
1881620 165
1881630 165
1881640 165
1881650 165
1881660 165
1881670 164
1881680 164
1881690 164
1881700 164
1881710 163
1881720 163
1881730 163
1881740 163
1881750 163
1881760 162
1881770 162
1881780 162
1881790 162
1881800 161
1881810 161
1881820 161
1881830 161
1881840 161
1881850 161
1881860 161
1881870 160
1881880 160
1881890 160
1881900 160
1881910 160
1881920 160
1881930 160
1881940 159
1881950 159
1881960 159
1881970 159
1881980 159
1881990 159
1882000 158
1882010 158
1882020 158
1882030 157
1882040 157
1882050 157
1882060 156
1882070 156
1882080 156
1882090 156
1882100 156
1882110 155
1882120 155
1882130 155
1882140 155
1882150 155
1882160 155
1882170 155
1882180 154
1882190 154
1882200 154
1882210 154
1882220 154
1882230 154
1882240 154
1882250 154
1882260 154
1882270 154
1882280 154
1882290 155
1882300 154
1882310 154
1882320 154
1882330 153
1882340 153
1882350 153
1882360 153
1882370 153
1882380 153
1882390 154
1882400 154
1882410 153
1882420 154
1882430 153
1882440 152
1882450 152
1882460 152
1882470 152
1882480 152
1882490 153
1882500 154
1882510 154
1882520 154
1882530 153
1882540 153
1882550 153
1882560 153
1882570 153
1882580 153
1882590 153
1882600 153
1882610 153
1880000 167
1880010 167
1880020 167
1880030 167
1880040 167
1880050 167
1880060 167
1880070 167
1880080 167
1880090 167
1880100 167
1880110 167
1880120 167
1880130 167
1880140 167
1880150 167
1880160 167
1880170 167
1880180 167
1880190 167
1880200 167
1880210 167
1880220 167
1880230 167
1880240 167
1880250 167
1880260 167
1880270 167
1880280 168
1880290 168
1880300 168
1880310 167
1880320 168
1880330 168
1880340 167
1880350 167
1880360 167
1880370 167
1880380 167
1880390 167
1880400 167
1880410 168
1880420 168
1880430 168
1880440 168
1880450 168
1880460 168
1880470 168
1880480 168
1880490 168
1880500 168
1880510 168
1880520 168
1880530 168
1880540 168
1880550 168
1880560 168
1880570 168
1880580 168
1880590 168
1880600 168
1880610 168
1880620 168
1880630 168
1880640 168
1880650 168
1880660 168
1880670 168
1880680 168
1880690 168
1880700 167
1880710 167
1880720 167
1880730 167
1880740 167
1880750 167
1880760 167
1880770 167
1880780 167
1880790 167
1880800 167
1880810 167
1880820 167
1880830 167
1880840 167
1880850 167
1880860 167
1880870 167
1880880 167
1880890 167
1880900 167
1880910 167
1880920 167
1880930 167
1880940 167
1880950 167
1880960 167
1880970 167
1880980 167
1880990 167
1881000 167
1881010 167
1881020 167
1881030 167
1881040 167
1881050 167
1881060 167
1881070 167
1881080 167
1881090 167
1881100 167
1881110 167
1881120 167
1881130 167
1881140 167
1881150 167
1881160 167
1881170 167
1881180 167
1881190 167
1881200 167
1881210 167
1881220 167
1881230 167
1881240 167
1881250 167
1881260 167
1881270 167
1881280 167
1881290 167
1881300 167
1881310 167
1881320 167
1881330 167
1881340 167
1881350 167
1881360 167
1881370 167
1881380 167
1881390 167
1881400 167
1881410 167
1881420 167
1881430 167
1881440 167
1881450 167
1881460 167
1881470 167
1881480 167
1881490 167
1881500 167
1881510 167
1881520 167
1881530 166
1881540 166
1881550 166
1881560 166
1881570 166
1881580 166
1881590 166
1881600 166
1881610 165
1881620 165
1881630 165
1881640 165
1881650 165
1881660 165
1881670 164
1881680 164
1881690 164
1881700 164
1881710 163
1881720 163
1881730 163
1881740 163
1881750 163
1881760 162
1881770 162
1881780 162
1881790 162
1881800 161
1881810 161
1881820 161
1881830 161
1881840 161
1881850 161
1881860 161
1881870 160
1881880 160
1881890 160
1881900 160
1881910 160
1881920 160
1881930 160
1881940 159
1881950 159
1881960 159
1881970 159
1881980 159
1881990 159
1882000 158
1882010 158
1882020 158
1882030 157
1882040 157
1882050 157
1882060 156
1882070 156
1882080 156
1882090 156
1882100 156
1882110 155
1882120 155
1882130 155
1882140 155
1882150 155
1882160 155
1882170 155
1882180 154
1882190 154
1882200 154
1882210 154
1882220 154
1882230 154
1882240 154
1882250 154
1882260 154
1882270 154
1882280 154
1882290 155
1882300 154
1882310 154
1882320 154
1882330 153
1882340 153
1882350 153
1882360 153
1882370 153
1882380 153
1882390 154
1882400 154
1882410 153
1882420 154
1882430 153
1882440 152
1882450 152
1882460 152
1882470 152
1882480 152
1882490 153
1882500 154
1882510 154
1882520 154
1882530 153
1882540 153
1882550 153
1882560 153
1882570 153
1882580 153
1882590 153
1882600 153
1882610 153
