1880000 168
1880010 168
1880020 168
1880030 168
1880040 168
1880050 168
1880060 168
1880070 168
1880080 168
1880090 168
1880100 168
1880110 168
1880120 168
1880130 168
1880140 167
1880150 167
1880160 167
1880170 167
1880180 167
1880190 167
1880200 167
1880210 167
1880220 167
1880230 167
1880240 167
1880250 167
1880260 167
1880270 167
1880280 167
1880290 167
1880300 167
1880310 167
1880320 167
1880330 167
1880340 166
1880350 166
1880360 166
1880370 166
1880380 166
1880390 166
1880400 166
1880410 166
1880420 166
1880430 166
1880440 166
1880450 166
1880460 166
1880470 166
1880480 166
1880490 166
1880500 166
1880510 166
1880520 165
1880530 165
1880540 165
1880550 165
1880560 166
1880570 166
1880580 166
1880590 166
1880600 166
1880610 166
1880620 166
1880630 166
1880640 166
1880650 166
1880660 166
1880670 166
1880680 166
1880690 166
1880700 166
1880710 166
1880720 165
1880730 165
1880740 165
1880750 165
1880760 165
1880770 165
1880780 165
1880790 165
1880800 165
1880810 165
1880820 165
1880830 165
1880840 164
1880850 164
1880860 164
1880870 164
1880880 164
1880890 164
1880900 164
1880910 164
1880920 164
1880930 163
1880940 163
1880950 163
1880960 162
1880970 162
1880980 162
1880990 162
1881000 161
1881010 161
1881020 161
1881030 161
1881040 161
1881050 160
1881060 160
1881070 160
1881080 160
1881090 159
1881100 159
1881110 159
1881120 159
1881130 159
1881140 159
1881150 158
1881160 158
1881170 158
1881180 158
1881190 158
1881200 158
1881210 158
1881220 158
1881230 158
1881240 158
1881250 157
1881260 157
1881270 157
1881280 157
1881290 157
1881300 157
1881310 157
1881320 157
1881330 157
1881340 157
1881350 157
1881360 157
1881370 157
1881380 157
1881390 157
1881400 157
1881410 157
1881420 157
1881430 157
1881440 157
1881450 157
1881460 156
1881470 156
1881480 156
1881490 156
1881500 156
1881510 156
1881520 156
1881530 156
1881540 156
1881550 156
1881560 156
1881570 156
1881580 156
1881590 156
1881600 156
1881610 156
1881620 156
1881630 156
1881640 156
1881650 156
1881660 156
1881670 156
1881680 156
1881690 156
1881700 156
1881710 156
1881720 156
1881730 156
1881740 156
1881750 156
1881760 157
1881770 157
1881780 157
1881790 157
1881800 157
1881810 157
1881820 157
1881830 157
1881840 157
1881850 157
1881860 157
1881870 156
1881880 156
1881890 156
1881900 156
1881910 155
1881920 155
1881930 155
1881940 155
1881950 155
1881960 155
1881970 155
1881980 155
1881990 155
1882000 155
1882010 155
1882020 155
1882030 155
1882040 155
1882050 155
1882060 155
1882070 155
1882080 155
1882090 155
1882100 155
1882110 155
1882120 155
1882130 155
1882140 156
1882150 155
1882160 155
1882170 155
1882180 155
1882190 155
1882200 155
1882210 155
1882220 155
1882230 155
1882240 155
1882250 155
1882260 155
1882270 155
1882280 155
1882290 155
1882300 154
1882310 154
1882320 154
1882330 154
1882340 154
1882350 154
1882360 154
1882370 153
1882380 153
1882390 153
1882400 153
1882410 153
1882420 153
1882430 153
1882440 153
1882450 153
1882460 153
1882470 153
1882480 153
1882490 153
1882500 154
1882510 154
1882520 153
1882530 153
1882540 153
1882550 153
1882560 153
1882570 153
1882580 153
1882590 153
1882600 153
1882610 153
1882620 153
1882630 153
1882640 153
1882650 153
1882660 153
1882670 154
1882680 154
1882690 154
1882700 155
1882710 154
1882720 154
1882730 153
1882740 153
1882750 153
1882760 153
1882770 153
1882780 153
1882790 153
1882800 153
1882810 153
1882820 153
1882830 154
1882840 154
1882850 154
1882860 154
1882870 154
1882880 154
1882890 154
1882900 154
1882910 153
1882920 153
1882930 152
1882940 152
1882950 152
1882960 152
1882970 153
1882980 153
1882990 154
1883000 154
1883010 154
1883020 154
1883030 154
1883040 154
1883050 154
1883060 154
1883070 154
1883080 154
1883090 154
1883100 154
1883110 154
1883120 154
1883130 154
1883140 154
1883150 154
1883160 154
1883170 154
1883180 154
1883190 154
1883200 154
1883210 154
1883220 154
1883230 154
1883240 154
1883250 154
1883260 154
1883270 154
1883280 154
1880000 168
1880010 168
1880020 168
1880030 168
1880040 168
1880050 168
1880060 168
1880070 168
1880080 168
1880090 168
1880100 168
1880110 168
1880120 168
1880130 168
1880140 167
1880150 167
1880160 167
1880170 167
1880180 167
1880190 167
1880200 167
1880210 167
1880220 167
1880230 167
1880240 167
1880250 167
1880260 167
1880270 167
1880280 167
1880290 167
1880300 167
1880310 167
1880320 167
1880330 167
1880340 166
1880350 166
1880360 166
1880370 166
1880380 166
1880390 166
1880400 166
1880410 166
1880420 166
1880430 166
1880440 166
1880450 166
1880460 166
1880470 166
1880480 166
1880490 166
1880500 166
1880510 166
1880520 165
1880530 165
1880540 165
1880550 165
1880560 166
1880570 166
1880580 166
1880590 166
1880600 166
1880610 166
1880620 166
1880630 166
1880640 166
1880650 166
1880660 166
1880670 166
1880680 166
1880690 166
1880700 166
1880710 166
1880720 165
1880730 165
1880740 165
1880750 165
1880760 165
1880770 165
1880780 165
1880790 165
1880800 165
1880810 165
1880820 165
1880830 165
1880840 164
1880850 164
1880860 164
1880870 164
1880880 164
1880890 164
1880900 164
1880910 164
1880920 164
1880930 163
1880940 163
1880950 163
1880960 162
1880970 162
1880980 162
1880990 162
1881000 161
1881010 161
1881020 161
1881030 161
1881040 161
1881050 160
1881060 160
1881070 160
1881080 160
1881090 159
1881100 159
1881110 159
1881120 159
1881130 159
1881140 159
1881150 158
1881160 158
1881170 158
1881180 158
1881190 158
1881200 158
1881210 158
1881220 158
1881230 158
1881240 158
1881250 157
1881260 157
1881270 157
1881280 157
1881290 157
1881300 157
1881310 157
1881320 157
1881330 157
1881340 157
1881350 157
1881360 157
1881370 157
1881380 157
1881390 157
1881400 157
1881410 157
1881420 157
1881430 157
1881440 157
1881450 157
1881460 156
1881470 156
1881480 156
1881490 156
1881500 156
1881510 156
1881520 156
1881530 156
1881540 156
1881550 156
1881560 156
1881570 156
1881580 156
1881590 156
1881600 156
1881610 156
1881620 156
1881630 156
1881640 156
1881650 156
1881660 156
1881670 156
1881680 156
1881690 156
1881700 156
1881710 156
1881720 156
1881730 156
1881740 156
1881750 156
1881760 157
1881770 157
1881780 157
1881790 157
1881800 157
1881810 157
1881820 157
1881830 157
1881840 157
1881850 157
1881860 157
1881870 156
1881880 156
1881890 156
1881900 156
1881910 155
1881920 155
1881930 155
1881940 155
1881950 155
1881960 155
1881970 155
1881980 155
1881990 155
1882000 155
1882010 155
1882020 155
1882030 155
1882040 155
1882050 155
1882060 155
1882070 155
1882080 155
1882090 155
1882100 155
1882110 155
1882120 155
1882130 155
1882140 156
1882150 155
1882160 155
1882170 155
1882180 155
1882190 155
1882200 155
1882210 155
1882220 155
1882230 155
1882240 155
1882250 155
1882260 155
1882270 155
1882280 155
1882290 155
1882300 154
1882310 154
1882320 154
1882330 154
1882340 154
1882350 154
1882360 154
1882370 153
1882380 153
1882390 153
1882400 153
1882410 153
1882420 153
1882430 153
1882440 153
1882450 153
1882460 153
1882470 153
1882480 153
1882490 153
1882500 154
1882510 154
1882520 153
1882530 153
1882540 153
1882550 153
1882560 153
1882570 153
1882580 153
1882590 153
1882600 153
1882610 153
1882620 153
1882630 153
1882640 153
1882650 153
1882660 153
1882670 154
1882680 154
1882690 154
1882700 155
1882710 154
1882720 154
1882730 153
1882740 153
1882750 153
1882760 153
1882770 153
1882780 153
1882790 153
1882800 153
1882810 153
1882820 153
1882830 154
1882840 154
1882850 154
1882860 154
1882870 154
1882880 154
1882890 154
1882900 154
1882910 153
1882920 153
1882930 152
1882940 152
1882950 152
1882960 152
1882970 153
1882980 153
1882990 154
1883000 154
1883010 154
1883020 154
1883030 154
1883040 154
1883050 154
1883060 154
1883070 154
1883080 154
1883090 154
1883100 154
1883110 154
1883120 154
1883130 154
1883140 154
1883150 154
1883160 154
1883170 154
1883180 154
1883190 154
1883200 154
1883210 154
1883220 154
1883230 154
1883240 154
1883250 154
1883260 154
1883270 154
1883280 154
