1880000 168
1880010 168
1880020 168
1880030 169
1880040 169
1880050 169
1880060 169
1880070 169
1880080 169
1880090 169
1880100 169
1880110 169
1880120 169
1880130 169
1880140 169
1880150 169
1880160 169
1880170 169
1880180 169
1880190 169
1880200 169
1880210 168
1880220 168
1880230 168
1880240 168
1880250 168
1880260 168
1880270 168
1880280 168
1880290 168
1880300 168
1880310 168
1880320 168
1880330 168
1880340 167
1880350 167
1880360 167
1880370 167
1880380 167
1880390 167
1880400 167
1880410 167
1880420 167
1880430 167
1880440 167
1880450 167
1880460 167
1880470 166
1880480 166
1880490 166
1880500 166
1880510 166
1880520 166
1880530 166
1880540 166
1880550 166
1880560 166
1880570 166
1880580 166
1880590 166
1880600 166
1880610 166
1880620 166
1880630 166
1880640 166
1880650 166
1880660 166
1880670 166
1880680 166
1880690 166
1880700 166
1880710 166
1880720 166
1880730 166
1880740 166
1880750 166
1880760 166
1880770 166
1880780 166
1880790 166
1880800 166
1880810 166
1880820 166
1880830 166
1880840 166
1880850 166
1880860 165
1880870 165
1880880 165
1880890 165
1880900 165
1880910 165
1880920 165
1880930 165
1880940 165
1880950 164
1880960 164
1880970 164
1880980 164
1880990 164
1881000 164
1881010 163
1881020 163
1881030 163
1881040 163
1881050 163
1881060 162
1881070 162
1881080 162
1881090 162
1881100 161
1881110 161
1881120 161
1881130 161
1881140 161
1881150 160
1881160 160
1881170 160
1881180 160
1881190 160
1881200 160
1881210 159
1881220 159
1881230 159
1881240 159
1881250 159
1881260 159
1881270 159
1881280 158
1881290 158
1881300 158
1881310 158
1881320 158
1881330 158
1881340 158
1881350 158
1881360 158
1881370 157
1881380 157
1881390 157
1881400 157
1881410 157
1881420 157
1881430 157
1881440 157
1881450 157
1881460 157
1881470 157
1881480 157
1881490 157
1881500 157
1881510 157
1881520 157
1881530 157
1881540 157
1881550 157
1881560 157
1881570 156
1881580 156
1881590 156
1881600 156
1881610 156
1881620 156
1881630 156
1881640 156
1881650 156
1881660 156
1881670 156
1881680 156
1881690 156
1881700 156
1881710 156
1881720 156
1881730 156
1881740 156
1881750 155
1881760 155
1881770 155
1881780 155
1881790 155
1881800 155
1881810 155
1881820 155
1881830 155
1881840 155
1881850 155
1881860 155
1881870 155
1881880 155
1881890 155
1881900 155
1881910 155
1881920 154
1881930 154
1881940 154
1881950 154
1881960 154
1881970 154
1881980 154
1881990 154
1882000 154
1882010 154
1882020 155
1882030 155
1882040 155
1882050 155
1882060 155
1882070 155
1882080 155
1882090 155
1882100 155
1882110 155
1882120 155
1882130 155
1882140 155
1882150 155
1882160 155
1882170 155
1882180 155
1882190 155
1882200 155
1882210 155
1882220 155
1882230 155
1882240 155
1882250 155
1882260 155
1882270 155
1882280 155
1882290 155
1882300 155
1882310 154
1882320 154
1882330 154
1882340 154
1882350 154
1882360 154
1882370 153
1882380 153
1882390 153
1882400 153
1882410 153
1882420 153
1882430 153
1882440 153
1882450 153
1882460 153
1882470 153
1882480 153
1882490 153
1882500 153
1882510 153
1882520 153
1882530 153
1882540 153
1882550 153
1882560 153
1882570 153
1882580 153
1882590 153
1882600 153
1882610 153
1882620 154
1882630 155
1882640 155
1882650 153
1882660 153
1882670 153
1882680 153
1882690 153
1882700 153
1882710 154
1882720 154
1882730 154
1882740 154
1882750 154
1882760 154
1882770 153
1882780 153
1882790 153
1882800 153
1882810 152
1882820 152
1882830 153
1882840 153
1882850 153
1882860 154
1882870 154
1882880 154
1882890 154
1882900 154
1882910 154
1882920 154
1882930 154
1882940 154
1882950 154
1882960 154
1882970 154
1882980 154
1882990 154
1883000 154
1883010 154
1883020 154
1883030 154
1883040 154
1883050 154
1883060 154
1883070 154
1883080 153
1883090 153
1883100 152
1883110 152
1883120 152
1883130 152
1883140 152
1883150 152
1883160 153
1883170 153
1883180 154
1883190 154
1883200 154
1883210 154
1883220 154
1883230 154
1883240 154
1883250 153
1883260 153
1883270 154
1880000 168
1880010 168
1880020 168
1880030 169
1880040 169
1880050 169
1880060 169
1880070 169
1880080 169
1880090 169
1880100 169
1880110 169
1880120 169
1880130 169
1880140 169
1880150 169
1880160 169
1880170 169
1880180 169
1880190 169
1880200 169
1880210 168
1880220 168
1880230 168
1880240 168
1880250 168
1880260 168
1880270 168
1880280 168
1880290 168
1880300 168
1880310 168
1880320 168
1880330 168
1880340 167
1880350 167
1880360 167
1880370 167
1880380 167
1880390 167
1880400 167
1880410 167
1880420 167
1880430 167
1880440 167
1880450 167
1880460 167
1880470 166
1880480 166
1880490 166
1880500 166
1880510 166
1880520 166
1880530 166
1880540 166
1880550 166
1880560 166
1880570 166
1880580 166
1880590 166
1880600 166
1880610 166
1880620 166
1880630 166
1880640 166
1880650 166
1880660 166
1880670 166
1880680 166
1880690 166
1880700 166
1880710 166
1880720 166
1880730 166
1880740 166
1880750 166
1880760 166
1880770 166
1880780 166
1880790 166
1880800 166
1880810 166
1880820 166
1880830 166
1880840 166
1880850 166
1880860 165
1880870 165
1880880 165
1880890 165
1880900 165
1880910 165
1880920 165
1880930 165
1880940 165
1880950 164
1880960 164
1880970 164
1880980 164
1880990 164
1881000 164
1881010 163
1881020 163
1881030 163
1881040 163
1881050 163
1881060 162
1881070 162
1881080 162
1881090 162
1881100 161
1881110 161
1881120 161
1881130 161
1881140 161
1881150 160
1881160 160
1881170 160
1881180 160
1881190 160
1881200 160
1881210 159
1881220 159
1881230 159
1881240 159
1881250 159
1881260 159
1881270 159
1881280 158
1881290 158
1881300 158
1881310 158
1881320 158
1881330 158
1881340 158
1881350 158
1881360 158
1881370 157
1881380 157
1881390 157
1881400 157
1881410 157
1881420 157
1881430 157
1881440 157
1881450 157
1881460 157
1881470 157
1881480 157
1881490 157
1881500 157
1881510 157
1881520 157
1881530 157
1881540 157
1881550 157
1881560 157
1881570 156
1881580 156
1881590 156
1881600 156
1881610 156
1881620 156
1881630 156
1881640 156
1881650 156
1881660 156
1881670 156
1881680 156
1881690 156
1881700 156
1881710 156
1881720 156
1881730 156
1881740 156
1881750 155
1881760 155
1881770 155
1881780 155
1881790 155
1881800 155
1881810 155
1881820 155
1881830 155
1881840 155
1881850 155
1881860 155
1881870 155
1881880 155
1881890 155
1881900 155
1881910 155
1881920 154
1881930 154
1881940 154
1881950 154
1881960 154
1881970 154
1881980 154
1881990 154
1882000 154
1882010 154
1882020 155
1882030 155
1882040 155
1882050 155
1882060 155
1882070 155
1882080 155
1882090 155
1882100 155
1882110 155
1882120 155
1882130 155
1882140 155
1882150 155
1882160 155
1882170 155
1882180 155
1882190 155
1882200 155
1882210 155
1882220 155
1882230 155
1882240 155
1882250 155
1882260 155
1882270 155
1882280 155
1882290 155
1882300 155
1882310 154
1882320 154
1882330 154
1882340 154
1882350 154
1882360 154
1882370 153
1882380 153
1882390 153
1882400 153
1882410 153
1882420 153
1882430 153
1882440 153
1882450 153
1882460 153
1882470 153
1882480 153
1882490 153
1882500 153
1882510 153
1882520 153
1882530 153
1882540 153
1882550 153
1882560 153
1882570 153
1882580 153
1882590 153
1882600 153
1882610 153
1882620 154
1882630 155
1882640 155
1882650 153
1882660 153
1882670 153
1882680 153
1882690 153
1882700 153
1882710 154
1882720 154
1882730 154
1882740 154
1882750 154
1882760 154
1882770 153
1882780 153
1882790 153
1882800 153
1882810 152
1882820 152
1882830 153
1882840 153
1882850 153
1882860 154
1882870 154
1882880 154
1882890 154
1882900 154
1882910 154
1882920 154
1882930 154
1882940 154
1882950 154
1882960 154
1882970 154
1882980 154
1882990 154
1883000 154
1883010 154
1883020 154
1883030 154
1883040 154
1883050 154
1883060 154
1883070 154
1883080 153
1883090 153
1883100 152
1883110 152
1883120 152
1883130 152
1883140 152
1883150 152
1883160 153
1883170 153
1883180 154
1883190 154
1883200 154
1883210 154
1883220 154
1883230 154
1883240 154
1883250 153
1883260 153
1883270 154
