1880000 171
1880010 171
1880020 171
1880030 171
1880040 171
1880050 171
1880060 171
1880070 171
1880080 171
1880090 171
1880100 171
1880110 171
1880120 170
1880130 171
1880140 171
1880150 171
1880160 170
1880170 170
1880180 170
1880190 170
1880200 170
1880210 170
1880220 170
1880230 170
1880240 170
1880250 170
1880260 170
1880270 170
1880280 170
1880290 170
1880300 170
1880310 170
1880320 170
1880330 170
1880340 170
1880350 170
1880360 170
1880370 170
1880380 170
1880390 170
1880400 170
1880410 170
1880420 170
1880430 170
1880440 170
1880450 169
1880460 169
1880470 169
1880480 169
1880490 169
1880500 169
1880510 168
1880520 168
1880530 168
1880540 168
1880550 168
1880560 168
1880570 168
1880580 168
1880590 168
1880600 168
1880610 168
1880620 168
1880630 168
1880640 168
1880650 167
1880660 167
1880670 167
1880680 167
1880690 167
1880700 167
1880710 167
1880720 167
1880730 167
1880740 167
1880750 167
1880760 167
1880770 167
1880780 167
1880790 167
1880800 166
1880810 166
1880820 166
1880830 166
1880840 166
1880850 166
1880860 166
1880870 166
1880880 166
1880890 166
1880900 166
1880910 166
1880920 166
1880930 166
1880940 165
1880950 165
1880960 165
1880970 165
1880980 165
1880990 165
1881000 165
1881010 165
1881020 165
1881030 165
1881040 165
1881050 165
1881060 164
1881070 164
1881080 164
1881090 164
1881100 164
1881110 164
1881120 164
1881130 164
1881140 164
1881150 163
1881160 163
1881170 163
1881180 163
1881190 163
1881200 163
1881210 162
1881220 162
1881230 162
1881240 162
1881250 162
1881260 162
1881270 161
1881280 161
1881290 161
1881300 161
1881310 161
1881320 161
1881330 160
1881340 160
1881350 160
1881360 160
1881370 160
1881380 160
1881390 160
1881400 159
1881410 159
1881420 159
1881430 159
1881440 159
1881450 159
1881460 159
1881470 159
1881480 158
1881490 158
1881500 158
1881510 158
1881520 158
1881530 158
1881540 157
1881550 157
1881560 157
1881570 157
1881580 157
1881590 157
1881600 157
1881610 157
1881620 157
1881630 156
1881640 156
1881650 156
1881660 156
1881670 156
1881680 156
1881690 156
1881700 156
1881710 156
1881720 156
1881730 156
1881740 156
1881750 156
1881760 156
1881770 156
1881780 156
1881790 156
1881800 156
1881810 155
1881820 155
1881830 155
1881840 155
1881850 155
1881860 155
1881870 155
1881880 155
1881890 155
1881900 155
1881910 155
1881920 155
1881930 155
1881940 155
1881950 155
1881960 155
1881970 155
1881980 155
1881990 155
1882000 155
1882010 155
1882020 155
1882030 154
1882040 154
1882050 154
1882060 154
1882070 154
1882080 154
1882090 154
1882100 154
1882110 154
1882120 154
1882130 154
1882140 154
1882150 154
1882160 154
1882170 154
1882180 154
1882190 154
1882200 154
1882210 154
1882220 154
1882230 154
1882240 154
1882250 154
1882260 154
1882270 154
1882280 154
1882290 154
1882300 154
1882310 155
1882320 155
1882330 155
1882340 155
1882350 155
1882360 155
1882370 155
1882380 155
1882390 155
1882400 155
1882410 155
1882420 155
1882430 155
1882440 155
1882450 155
1882460 154
1882470 154
1882480 154
1882490 155
1882500 155
1882510 154
1882520 153
1882530 153
1882540 153
1882550 153
1882560 153
1882570 153
1882580 153
1882590 153
1882600 153
1882610 153
1882620 153
1882630 153
1882640 153
1882650 154
1882660 154
1882670 154
1882680 154
1882690 154
1882700 154
1882710 154
1882720 154
1882730 154
1882740 152
1882750 152
1882760 152
1882770 152
1882780 152
1882790 152
1882800 154
1882810 154
1882820 154
1882830 153
1882840 153
1882850 153
1882860 153
1882870 153
1882880 153
1882890 154
1882900 154
1882910 154
1882920 154
1882930 154
1882940 154
1882950 154
1882960 154
1882970 154
1882980 154
1882990 154
1883000 154
1883010 154
1883020 154
1883030 154
1883040 154
1880000 171
1880010 171
1880020 171
1880030 171
1880040 171
1880050 171
1880060 171
1880070 171
1880080 171
1880090 171
1880100 171
1880110 171
1880120 170
1880130 171
1880140 171
1880150 171
1880160 170
1880170 170
1880180 170
1880190 170
1880200 170
1880210 170
1880220 170
1880230 170
1880240 170
1880250 170
1880260 170
1880270 170
1880280 170
1880290 170
1880300 170
1880310 170
1880320 170
1880330 170
1880340 170
1880350 170
1880360 170
1880370 170
1880380 170
1880390 170
1880400 170
1880410 170
1880420 170
1880430 170
1880440 170
1880450 169
1880460 169
1880470 169
1880480 169
1880490 169
1880500 169
1880510 168
1880520 168
1880530 168
1880540 168
1880550 168
1880560 168
1880570 168
1880580 168
1880590 168
1880600 168
1880610 168
1880620 168
1880630 168
1880640 168
1880650 167
1880660 167
1880670 167
1880680 167
1880690 167
1880700 167
1880710 167
1880720 167
1880730 167
1880740 167
1880750 167
1880760 167
1880770 167
1880780 167
1880790 167
1880800 166
1880810 166
1880820 166
1880830 166
1880840 166
1880850 166
1880860 166
1880870 166
1880880 166
1880890 166
1880900 166
1880910 166
1880920 166
1880930 166
1880940 165
1880950 165
1880960 165
1880970 165
1880980 165
1880990 165
1881000 165
1881010 165
1881020 165
1881030 165
1881040 165
1881050 165
1881060 164
1881070 164
1881080 164
1881090 164
1881100 164
1881110 164
1881120 164
1881130 164
1881140 164
1881150 163
1881160 163
1881170 163
1881180 163
1881190 163
1881200 163
1881210 162
1881220 162
1881230 162
1881240 162
1881250 162
1881260 162
1881270 161
1881280 161
1881290 161
1881300 161
1881310 161
1881320 161
1881330 160
1881340 160
1881350 160
1881360 160
1881370 160
1881380 160
1881390 160
1881400 159
1881410 159
1881420 159
1881430 159
1881440 159
1881450 159
1881460 159
1881470 159
1881480 158
1881490 158
1881500 158
1881510 158
1881520 158
1881530 158
1881540 157
1881550 157
1881560 157
1881570 157
1881580 157
1881590 157
1881600 157
1881610 157
1881620 157
1881630 156
1881640 156
1881650 156
1881660 156
1881670 156
1881680 156
1881690 156
1881700 156
1881710 156
1881720 156
1881730 156
1881740 156
1881750 156
1881760 156
1881770 156
1881780 156
1881790 156
1881800 156
1881810 155
1881820 155
1881830 155
1881840 155
1881850 155
1881860 155
1881870 155
1881880 155
1881890 155
1881900 155
1881910 155
1881920 155
1881930 155
1881940 155
1881950 155
1881960 155
1881970 155
1881980 155
1881990 155
1882000 155
1882010 155
1882020 155
1882030 154
1882040 154
1882050 154
1882060 154
1882070 154
1882080 154
1882090 154
1882100 154
1882110 154
1882120 154
1882130 154
1882140 154
1882150 154
1882160 154
1882170 154
1882180 154
1882190 154
1882200 154
1882210 154
1882220 154
1882230 154
1882240 154
1882250 154
1882260 154
1882270 154
1882280 154
1882290 154
1882300 154
1882310 155
1882320 155
1882330 155
1882340 155
1882350 155
1882360 155
1882370 155
1882380 155
1882390 155
1882400 155
1882410 155
1882420 155
1882430 155
1882440 155
1882450 155
1882460 154
1882470 154
1882480 154
1882490 155
1882500 155
1882510 154
1882520 153
1882530 153
1882540 153
1882550 153
1882560 153
1882570 153
1882580 153
1882590 153
1882600 153
1882610 153
1882620 153
1882630 153
1882640 153
1882650 154
1882660 154
1882670 154
1882680 154
1882690 154
1882700 154
1882710 154
1882720 154
1882730 154
1882740 152
1882750 152
1882760 152
1882770 152
1882780 152
1882790 152
1882800 154
1882810 154
1882820 154
1882830 153
1882840 153
1882850 153
1882860 153
1882870 153
1882880 153
1882890 154
1882900 154
1882910 154
1882920 154
1882930 154
1882940 154
1882950 154
1882960 154
1882970 154
1882980 154
1882990 154
1883000 154
1883010 154
1883020 154
1883030 154
1883040 154
