1880000 165
1880010 165
1880020 165
1880030 164
1880040 164
1880050 164
1880060 164
1880070 164
1880080 164
1880090 163
1880100 163
1880110 163
1880120 163
1880130 163
1880140 162
1880150 162
1880160 162
1880170 161
1880180 161
1880190 161
1880200 161
1880210 161
1880220 161
1880230 160
1880240 160
1880250 160
1880260 160
1880270 160
1880280 160
1880290 159
1880300 159
1880310 159
1880320 159
1880330 159
1880340 159
1880350 159
1880360 158
1880370 158
1880380 158
1880390 158
1880400 158
1880410 158
1880420 158
1880430 158
1880440 158
1880450 158
1880460 158
1880470 158
1880480 158
1880490 158
1880500 158
1880510 158
1880520 158
1880530 158
1880540 158
1880550 158
1880560 158
1880570 158
1880580 158
1880590 158
1880600 158
1880610 157
1880620 157
1880630 157
1880640 157
1880650 157
1880660 157
1880670 157
1880680 157
1880690 157
1880700 157
1880710 157
1880720 157
1880730 157
1880740 157
1880750 157
1880760 157
1880770 157
1880780 157
1880790 157
1880800 157
1880810 157
1880820 157
1880830 157
1880840 157
1880850 157
1880860 157
1880870 157
1880880 157
1880890 157
1880900 157
1880910 157
1880920 157
1880930 157
1880940 156
1880950 156
1880960 156
1880970 156
1880980 156
1880990 156
1881000 156
1881010 156
1881020 156
1881030 156
1881040 156
1881050 156
1881060 156
1881070 156
1881080 156
1881090 156
1881100 156
1881110 156
1881120 156
1881130 156
1881140 156
1881150 156
1881160 156
1881170 156
1881180 157
1881190 157
1881200 157
1881210 157
1881220 157
1881230 157
1881240 157
1881250 157
1881260 157
1881270 157
1881280 157
1881290 157
1881300 157
1881310 157
1881320 156
1881330 156
1881340 156
1881350 156
1881360 155
1881370 155
1881380 155
1881390 155
1881400 155
1881410 155
1881420 155
1881430 155
1881440 155
1881450 155
1881460 155
1881470 154
1881480 154
1881490 154
1881500 154
1881510 154
1881520 154
1881530 154
1881540 154
1881550 154
1881560 154
1881570 154
1881580 154
1881590 154
1881600 154
1881610 154
1881620 154
1881630 154
1881640 154
1881650 154
1881660 154
1881670 154
1881680 154
1881690 154
1881700 154
1881710 154
1881720 154
1881730 154
1881740 154
1881750 154
1881760 154
1881770 154
1881780 154
1881790 154
1881800 154
1881810 154
1881820 154
1881830 154
1881840 154
1881850 154
1881860 154
1881870 154
1881880 154
1881890 154
1881900 154
1881910 154
1881920 154
1881930 154
1881940 154
1881950 154
1881960 154
1881970 154
1881980 154
1881990 154
1882000 154
1882010 154
1882020 154
1882030 154
1882040 154
1882050 154
1882060 154
1882070 154
1882080 154
1882090 154
1882100 154
1882110 154
1882120 154
1882130 154
1882140 154
1882150 154
1882160 154
1882170 154
1882180 154
1882190 154
1882200 154
1882210 154
1882220 154
1882230 154
1882240 154
1882250 154
1882260 154
1882270 154
1882280 154
1882290 154
1882300 154
1882310 154
1882320 154
1882330 154
1882340 154
1882350 154
1882360 154
1882370 154
1882380 154
1882390 154
1882400 154
1882410 154
1882420 154
1882430 154
1882440 154
1882450 154
1882460 154
1882470 154
1882480 154
1882490 154
1882500 154
1882510 154
1882520 154
1882530 154
1882540 154
1882550 154
1882560 154
1882570 154
1882580 154
1882590 154
1882600 154
1882610 154
1882620 154
1882630 154
1882640 154
1882650 154
1882660 154
1882670 154
1882680 154
1882690 154
1882700 154
1882710 154
1882720 154
1882730 154
1882740 154
1882750 154
1882760 154
1882770 154
1882780 154
1882790 154
1882800 154
1882810 154
1882820 154
1882830 154
1882840 154
1882850 154
1882860 154
1882870 154
1882880 154
1882890 154
1882900 154
1882910 154
1882920 154
1882930 154
1882940 154
1882950 154
1882960 154
1882970 156
1882980 155
1882990 155
1883000 154
1883010 154
1883020 154
1883030 154
1883040 155
1883050 155
1883060 155
1883070 155
1883080 155
1883090 155
1883100 155
1883110 155
1883120 155
1883130 155
1883140 155
1883150 153
1883160 153
1883170 153
1883180 153
1883190 153
1883200 153
1883210 154
1883220 155
1883230 155
1883240 155
1883250 155
1883260 155
1883270 155
1883280 153
1883290 153
1883300 153
1883310 153
1883320 153
1883330 153
1883340 153
1883350 154
1883360 154
1883370 154
1883380 155
1883390 155
1883400 155
1883410 155
1883420 155
1883430 155
1880000 165
1880010 165
1880020 165
1880030 164
1880040 164
1880050 164
1880060 164
1880070 164
1880080 164
1880090 163
1880100 163
1880110 163
1880120 163
1880130 163
1880140 162
1880150 162
1880160 162
1880170 161
1880180 161
1880190 161
1880200 161
1880210 161
1880220 161
1880230 160
1880240 160
1880250 160
1880260 160
1880270 160
1880280 160
1880290 159
1880300 159
1880310 159
1880320 159
1880330 159
1880340 159
1880350 159
1880360 158
1880370 158
1880380 158
1880390 158
1880400 158
1880410 158
1880420 158
1880430 158
1880440 158
1880450 158
1880460 158
1880470 158
1880480 158
1880490 158
1880500 158
1880510 158
1880520 158
1880530 158
1880540 158
1880550 158
1880560 158
1880570 158
1880580 158
1880590 158
1880600 158
1880610 157
1880620 157
1880630 157
1880640 157
1880650 157
1880660 157
1880670 157
1880680 157
1880690 157
1880700 157
1880710 157
1880720 157
1880730 157
1880740 157
1880750 157
1880760 157
1880770 157
1880780 157
1880790 157
1880800 157
1880810 157
1880820 157
1880830 157
1880840 157
1880850 157
1880860 157
1880870 157
1880880 157
1880890 157
1880900 157
1880910 157
1880920 157
1880930 157
1880940 156
1880950 156
1880960 156
1880970 156
1880980 156
1880990 156
1881000 156
1881010 156
1881020 156
1881030 156
1881040 156
1881050 156
1881060 156
1881070 156
1881080 156
1881090 156
1881100 156
1881110 156
1881120 156
1881130 156
1881140 156
1881150 156
1881160 156
1881170 156
1881180 157
1881190 157
1881200 157
1881210 157
1881220 157
1881230 157
1881240 157
1881250 157
1881260 157
1881270 157
1881280 157
1881290 157
1881300 157
1881310 157
1881320 156
1881330 156
1881340 156
1881350 156
1881360 155
1881370 155
1881380 155
1881390 155
1881400 155
1881410 155
1881420 155
1881430 155
1881440 155
1881450 155
1881460 155
1881470 154
1881480 154
1881490 154
1881500 154
1881510 154
1881520 154
1881530 154
1881540 154
1881550 154
1881560 154
1881570 154
1881580 154
1881590 154
1881600 154
1881610 154
1881620 154
1881630 154
1881640 154
1881650 154
1881660 154
1881670 154
1881680 154
1881690 154
1881700 154
1881710 154
1881720 154
1881730 154
1881740 154
1881750 154
1881760 154
1881770 154
1881780 154
1881790 154
1881800 154
1881810 154
1881820 154
1881830 154
1881840 154
1881850 154
1881860 154
1881870 154
1881880 154
1881890 154
1881900 154
1881910 154
1881920 154
1881930 154
1881940 154
1881950 154
1881960 154
1881970 154
1881980 154
1881990 154
1882000 154
1882010 154
1882020 154
1882030 154
1882040 154
1882050 154
1882060 154
1882070 154
1882080 154
1882090 154
1882100 154
1882110 154
1882120 154
1882130 154
1882140 154
1882150 154
1882160 154
1882170 154
1882180 154
1882190 154
1882200 154
1882210 154
1882220 154
1882230 154
1882240 154
1882250 154
1882260 154
1882270 154
1882280 154
1882290 154
1882300 154
1882310 154
1882320 154
1882330 154
1882340 154
1882350 154
1882360 154
1882370 154
1882380 154
1882390 154
1882400 154
1882410 154
1882420 154
1882430 154
1882440 154
1882450 154
1882460 154
1882470 154
1882480 154
1882490 154
1882500 154
1882510 154
1882520 154
1882530 154
1882540 154
1882550 154
1882560 154
1882570 154
1882580 154
1882590 154
1882600 154
1882610 154
1882620 154
1882630 154
1882640 154
1882650 154
1882660 154
1882670 154
1882680 154
1882690 154
1882700 154
1882710 154
1882720 154
1882730 154
1882740 154
1882750 154
1882760 154
1882770 154
1882780 154
1882790 154
1882800 154
1882810 154
1882820 154
1882830 154
1882840 154
1882850 154
1882860 154
1882870 154
1882880 154
1882890 154
1882900 154
1882910 154
1882920 154
1882930 154
1882940 154
1882950 154
1882960 154
1882970 156
1882980 155
1882990 155
1883000 154
1883010 154
1883020 154
1883030 154
1883040 155
1883050 155
1883060 155
1883070 155
1883080 155
1883090 155
1883100 155
1883110 155
1883120 155
1883130 155
1883140 155
1883150 153
1883160 153
1883170 153
1883180 153
1883190 153
1883200 153
1883210 154
1883220 155
1883230 155
1883240 155
1883250 155
1883260 155
1883270 155
1883280 153
1883290 153
1883300 153
1883310 153
1883320 153
1883330 153
1883340 153
1883350 154
1883360 154
1883370 154
1883380 155
1883390 155
1883400 155
1883410 155
1883420 155
1883430 155
