1880000 161
1880010 160
1880020 160
1880030 160
1880040 160
1880050 160
1880060 160
1880070 160
1880080 160
1880090 160
1880100 159
1880110 159
1880120 159
1880130 159
1880140 159
1880150 159
1880160 159
1880170 159
1880180 159
1880190 159
1880200 159
1880210 159
1880220 159
1880230 158
1880240 158
1880250 158
1880260 158
1880270 158
1880280 158
1880290 158
1880300 158
1880310 158
1880320 158
1880330 158
1880340 158
1880350 158
1880360 158
1880370 158
1880380 158
1880390 158
1880400 158
1880410 158
1880420 158
1880430 158
1880440 158
1880450 158
1880460 158
1880470 158
1880480 158
1880490 158
1880500 158
1880510 158
1880520 158
1880530 158
1880540 158
1880550 158
1880560 158
1880570 158
1880580 158
1880590 158
1880600 158
1880610 158
1880620 158
1880630 158
1880640 158
1880650 158
1880660 158
1880670 158
1880680 158
1880690 158
1880700 158
1880710 158
1880720 158
1880730 158
1880740 158
1880750 158
1880760 157
1880770 157
1880780 157
1880790 157
1880800 157
1880810 157
1880820 157
1880830 157
1880840 158
1880850 158
1880860 158
1880870 158
1880880 158
1880890 158
1880900 158
1880910 158
1880920 158
1880930 158
1880940 158
1880950 158
1880960 158
1880970 158
1880980 158
1880990 158
1881000 158
1881010 158
1881020 157
1881030 157
1881040 158
1881050 158
1881060 158
1881070 158
1881080 158
1881090 158
1881100 158
1881110 158
1881120 158
1881130 158
1881140 158
1881150 158
1881160 158
1881170 158
1881180 158
1881190 158
1881200 157
1881210 157
1881220 157
1881230 157
1881240 157
1881250 157
1881260 157
1881270 157
1881280 157
1881290 157
1881300 157
1881310 157
1881320 157
1881330 157
1881340 157
1881350 157
1881360 157
1881370 157
1881380 157
1881390 157
1881400 157
1881410 157
1881420 157
1881430 157
1881440 157
1881450 157
1881460 157
1881470 157
1881480 157
1881490 157
1881500 157
1881510 157
1881520 156
1881530 156
1881540 156
1881550 156
1881560 156
1881570 154
1881580 154
1881590 154
1881600 154
1881610 154
1881620 154
1881630 154
1881640 154
1881650 154
1881660 154
1881670 154
1881680 154
1881690 154
1881700 154
1881710 154
1881720 154
1881730 154
1881740 154
1881750 154
1881760 154
1881770 154
1881780 154
1881790 154
1881800 154
1881810 154
1881820 154
1881830 154
1881840 154
1881850 154
1881860 154
1881870 155
1881880 155
1881890 155
1881900 155
1881910 155
1881920 155
1881930 155
1881940 155
1881950 155
1881960 155
1881970 155
1881980 155
1881990 155
1882000 155
1882010 155
1882020 155
1882030 155
1882040 155
1882050 155
1882060 155
1882070 155
1882080 156
1882090 156
1882100 155
1882110 155
1882120 155
1882130 155
1882140 155
1882150 155
1882160 155
1882170 154
1882180 154
1882190 153
1882200 153
1882210 153
1882220 153
1882230 153
1882240 153
1882250 153
1882260 153
1882270 153
1882280 153
1882290 153
1882300 153
1882310 153
1882320 154
1882330 154
1882340 154
1882350 154
1882360 154
1882370 155
1882380 155
1882390 155
1882400 155
1882410 155
1882420 155
1882430 155
1882440 155
1882450 155
1882460 155
1882470 155
1882480 155
1882490 155
1882500 155
1882510 155
1882520 155
1882530 155
1882540 155
1882550 155
1882560 155
1882570 155
1882580 155
1882590 155
1882600 155
1882610 155
1882620 155
1882630 155
1882640 155
1882650 155
1880000 161
1880010 160
1880020 160
1880030 160
1880040 160
1880050 160
1880060 160
1880070 160
1880080 160
1880090 160
1880100 159
1880110 159
1880120 159
1880130 159
1880140 159
1880150 159
1880160 159
1880170 159
1880180 159
1880190 159
1880200 159
1880210 159
1880220 159
1880230 158
1880240 158
1880250 158
1880260 158
1880270 158
1880280 158
1880290 158
1880300 158
1880310 158
1880320 158
1880330 158
1880340 158
1880350 158
1880360 158
1880370 158
1880380 158
1880390 158
1880400 158
1880410 158
1880420 158
1880430 158
1880440 158
1880450 158
1880460 158
1880470 158
1880480 158
1880490 158
1880500 158
1880510 158
1880520 158
1880530 158
1880540 158
1880550 158
1880560 158
1880570 158
1880580 158
1880590 158
1880600 158
1880610 158
1880620 158
1880630 158
1880640 158
1880650 158
1880660 158
1880670 158
1880680 158
1880690 158
1880700 158
1880710 158
1880720 158
1880730 158
1880740 158
1880750 158
1880760 157
1880770 157
1880780 157
1880790 157
1880800 157
1880810 157
1880820 157
1880830 157
1880840 158
1880850 158
1880860 158
1880870 158
1880880 158
1880890 158
1880900 158
1880910 158
1880920 158
1880930 158
1880940 158
1880950 158
1880960 158
1880970 158
1880980 158
1880990 158
1881000 158
1881010 158
1881020 157
1881030 157
1881040 158
1881050 158
1881060 158
1881070 158
1881080 158
1881090 158
1881100 158
1881110 158
1881120 158
1881130 158
1881140 158
1881150 158
1881160 158
1881170 158
1881180 158
1881190 158
1881200 157
1881210 157
1881220 157
1881230 157
1881240 157
1881250 157
1881260 157
1881270 157
1881280 157
1881290 157
1881300 157
1881310 157
1881320 157
1881330 157
1881340 157
1881350 157
1881360 157
1881370 157
1881380 157
1881390 157
1881400 157
1881410 157
1881420 157
1881430 157
1881440 157
1881450 157
1881460 157
1881470 157
1881480 157
1881490 157
1881500 157
1881510 157
1881520 156
1881530 156
1881540 156
1881550 156
1881560 156
1881570 154
1881580 154
1881590 154
1881600 154
1881610 154
1881620 154
1881630 154
1881640 154
1881650 154
1881660 154
1881670 154
1881680 154
1881690 154
1881700 154
1881710 154
1881720 154
1881730 154
1881740 154
1881750 154
1881760 154
1881770 154
1881780 154
1881790 154
1881800 154
1881810 154
1881820 154
1881830 154
1881840 154
1881850 154
1881860 154
1881870 155
1881880 155
1881890 155
1881900 155
1881910 155
1881920 155
1881930 155
1881940 155
1881950 155
1881960 155
1881970 155
1881980 155
1881990 155
1882000 155
1882010 155
1882020 155
1882030 155
1882040 155
1882050 155
1882060 155
1882070 155
1882080 156
1882090 156
1882100 155
1882110 155
1882120 155
1882130 155
1882140 155
1882150 155
1882160 155
1882170 154
1882180 154
1882190 153
1882200 153
1882210 153
1882220 153
1882230 153
1882240 153
1882250 153
1882260 153
1882270 153
1882280 153
1882290 153
1882300 153
1882310 153
1882320 154
1882330 154
1882340 154
1882350 154
1882360 154
1882370 155
1882380 155
1882390 155
1882400 155
1882410 155
1882420 155
1882430 155
1882440 155
1882450 155
1882460 155
1882470 155
1882480 155
1882490 155
1882500 155
1882510 155
1882520 155
1882530 155
1882540 155
1882550 155
1882560 155
1882570 155
1882580 155
1882590 155
1882600 155
1882610 155
1882620 155
1882630 155
1882640 155
1882650 155
