1880000 159
1880010 159
1880020 159
1880030 159
1880040 158
1880050 158
1880060 158
1880070 158
1880080 158
1880090 158
1880100 158
1880110 158
1880120 158
1880130 158
1880140 158
1880150 158
1880160 158
1880170 158
1880180 158
1880190 158
1880200 158
1880210 158
1880220 158
1880230 158
1880240 158
1880250 158
1880260 158
1880270 158
1880280 158
1880290 158
1880300 158
1880310 158
1880320 158
1880330 158
1880340 158
1880350 157
1880360 157
1880370 157
1880380 157
1880390 157
1880400 157
1880410 157
1880420 157
1880430 157
1880440 157
1880450 157
1880460 157
1880470 157
1880480 157
1880490 157
1880500 157
1880510 157
1880520 157
1880530 157
1880540 157
1880550 157
1880560 157
1880570 157
1880580 157
1880590 157
1880600 157
1880610 157
1880620 157
1880630 157
1880640 157
1880650 157
1880660 157
1880670 157
1880680 157
1880690 158
1880700 158
1880710 158
1880720 158
1880730 158
1880740 158
1880750 158
1880760 158
1880770 159
1880780 159
1880790 159
1880800 159
1880810 159
1880820 159
1880830 159
1880840 159
1880850 159
1880860 159
1880870 159
1880880 159
1880890 159
1880900 159
1880910 159
1880920 159
1880930 159
1880940 159
1880950 159
1880960 159
1880970 159
1880980 159
1880990 159
1881000 159
1881010 159
1881020 159
1881030 159
1881040 159
1881050 159
1881060 159
1881070 159
1881080 159
1881090 159
1881100 158
1881110 158
1881120 158
1881130 158
1881140 158
1881150 158
1881160 158
1881170 158
1881180 158
1881190 158
1881200 158
1881210 157
1881220 157
1881230 157
1881240 157
1881250 157
1881260 157
1881270 157
1881280 157
1881290 157
1881300 157
1881310 157
1881320 157
1881330 157
1881340 157
1881350 157
1881360 157
1881370 157
1881380 157
1881390 157
1881400 157
1881410 157
1881420 157
1881430 157
1881440 156
1881450 156
1881460 156
1881470 156
1881480 156
1881490 156
1881500 156
1881510 156
1881520 156
1881530 156
1881540 156
1881550 156
1881560 156
1881570 155
1881580 155
1881590 155
1881600 155
1881610 155
1881620 155
1881630 155
1881640 155
1881650 155
1881660 156
1881670 156
1881680 156
1881690 156
1881700 156
1881710 156
1881720 156
1881730 156
1881740 155
1881750 155
1881760 155
1881770 155
1881780 155
1881790 155
1881800 155
1881810 155
1881820 154
1881830 153
1881840 153
1881850 153
1881860 153
1881870 153
1881880 153
1881890 153
1881900 153
1881910 153
1881920 153
1881930 153
1881940 154
1881950 154
1881960 154
1881970 155
1881980 155
1881990 155
1882000 155
1882010 155
1882020 155
1882030 155
1882040 155
1882050 155
1882060 155
1882070 154
1882080 154
1882090 155
1880000 159
1880010 159
1880020 159
1880030 159
1880040 158
1880050 158
1880060 158
1880070 158
1880080 158
1880090 158
1880100 158
1880110 158
1880120 158
1880130 158
1880140 158
1880150 158
1880160 158
1880170 158
1880180 158
1880190 158
1880200 158
1880210 158
1880220 158
1880230 158
1880240 158
1880250 158
1880260 158
1880270 158
1880280 158
1880290 158
1880300 158
1880310 158
1880320 158
1880330 158
1880340 158
1880350 157
1880360 157
1880370 157
1880380 157
1880390 157
1880400 157
1880410 157
1880420 157
1880430 157
1880440 157
1880450 157
1880460 157
1880470 157
1880480 157
1880490 157
1880500 157
1880510 157
1880520 157
1880530 157
1880540 157
1880550 157
1880560 157
1880570 157
1880580 157
1880590 157
1880600 157
1880610 157
1880620 157
1880630 157
1880640 157
1880650 157
1880660 157
1880670 157
1880680 157
1880690 158
1880700 158
1880710 158
1880720 158
1880730 158
1880740 158
1880750 158
1880760 158
1880770 159
1880780 159
1880790 159
1880800 159
1880810 159
1880820 159
1880830 159
1880840 159
1880850 159
1880860 159
1880870 159
1880880 159
1880890 159
1880900 159
1880910 159
1880920 159
1880930 159
1880940 159
1880950 159
1880960 159
1880970 159
1880980 159
1880990 159
1881000 159
1881010 159
1881020 159
1881030 159
1881040 159
1881050 159
1881060 159
1881070 159
1881080 159
1881090 159
1881100 158
1881110 158
1881120 158
1881130 158
1881140 158
1881150 158
1881160 158
1881170 158
1881180 158
1881190 158
1881200 158
1881210 157
1881220 157
1881230 157
1881240 157
1881250 157
1881260 157
1881270 157
1881280 157
1881290 157
1881300 157
1881310 157
1881320 157
1881330 157
1881340 157
1881350 157
1881360 157
1881370 157
1881380 157
1881390 157
1881400 157
1881410 157
1881420 157
1881430 157
1881440 156
1881450 156
1881460 156
1881470 156
1881480 156
1881490 156
1881500 156
1881510 156
1881520 156
1881530 156
1881540 156
1881550 156
1881560 156
1881570 155
1881580 155
1881590 155
1881600 155
1881610 155
1881620 155
1881630 155
1881640 155
1881650 155
1881660 156
1881670 156
1881680 156
1881690 156
1881700 156
1881710 156
1881720 156
1881730 156
1881740 155
1881750 155
1881760 155
1881770 155
1881780 155
1881790 155
1881800 155
1881810 155
1881820 154
1881830 153
1881840 153
1881850 153
1881860 153
1881870 153
1881880 153
1881890 153
1881900 153
1881910 153
1881920 153
1881930 153
1881940 154
1881950 154
1881960 154
1881970 155
1881980 155
1881990 155
1882000 155
1882010 155
1882020 155
1882030 155
1882040 155
1882050 155
1882060 155
1882070 154
1882080 154
1882090 155
