1880000 158
1880010 158
1880020 158
1880030 158
1880040 158
1880050 158
1880060 158
1880070 158
1880080 158
1880090 158
1880100 158
1880110 158
1880120 158
1880130 158
1880140 158
1880150 158
1880160 158
1880170 158
1880180 158
1880190 158
1880200 158
1880210 158
1880220 158
1880230 158
1880240 158
1880250 158
1880260 157
1880270 157
1880280 157
1880290 157
1880300 157
1880310 157
1880320 157
1880330 157
1880340 157
1880350 157
1880360 157
1880370 157
1880380 157
1880390 157
1880400 157
1880410 157
1880420 157
1880430 157
1880440 157
1880450 157
1880460 157
1880470 157
1880480 156
1880490 156
1880500 157
1880510 157
1880520 157
1880530 157
1880540 157
1880550 157
1880560 157
1880570 156
1880580 156
1880590 157
1880600 157
1880610 157
1880620 157
1880630 157
1880640 157
1880650 157
1880660 157
1880670 157
1880680 156
1880690 156
1880700 156
1880710 156
1880720 156
1880730 156
1880740 156
1880750 156
1880760 156
1880770 156
1880780 156
1880790 156
1880800 156
1880810 156
1880820 156
1880830 156
1880840 156
1880850 156
1880860 156
1880870 156
1880880 156
1880890 156
1880900 156
1880910 156
1880920 156
1880930 156
1880940 156
1880950 156
1880960 156
1880970 156
1880980 156
1880990 156
1881000 156
1881010 156
1881020 156
1881030 156
1881040 156
1881050 156
1881060 156
1881070 156
1881080 156
1881090 156
1881100 156
1881110 156
1881120 156
1881130 156
1881140 156
1881150 156
1881160 156
1881170 156
1881180 156
1881190 156
1881200 156
1881210 156
1881220 156
1881230 156
1881240 156
1881250 156
1881260 156
1881270 156
1881280 156
1881290 156
1881300 156
1881310 156
1881320 156
1881330 156
1881340 156
1881350 156
1881360 156
1881370 156
1881380 156
1881390 156
1881400 156
1881410 156
1881420 156
1881430 156
1881440 156
1881450 156
1881460 156
1881470 156
1881480 156
1881490 156
1881500 156
1881510 156
1881520 156
1881530 156
1881540 155
1881550 155
1881560 155
1881570 155
1881580 155
1881590 155
1881600 155
1881610 155
1881620 154
1881630 153
1881640 153
1881650 153
1881660 153
1881670 153
1881680 153
1881690 153
1881700 154
1881710 155
1881720 155
1881730 155
1881740 155
1881750 155
1881760 155
1881770 155
1881780 155
1881790 155
1881800 155
1881810 155
1881820 155
1880000 158
1880010 158
1880020 158
1880030 158
1880040 158
1880050 158
1880060 158
1880070 158
1880080 158
1880090 158
1880100 158
1880110 158
1880120 158
1880130 158
1880140 158
1880150 158
1880160 158
1880170 158
1880180 158
1880190 158
1880200 158
1880210 158
1880220 158
1880230 158
1880240 158
1880250 158
1880260 157
1880270 157
1880280 157
1880290 157
1880300 157
1880310 157
1880320 157
1880330 157
1880340 157
1880350 157
1880360 157
1880370 157
1880380 157
1880390 157
1880400 157
1880410 157
1880420 157
1880430 157
1880440 157
1880450 157
1880460 157
1880470 157
1880480 156
1880490 156
1880500 157
1880510 157
1880520 157
1880530 157
1880540 157
1880550 157
1880560 157
1880570 156
1880580 156
1880590 157
1880600 157
1880610 157
1880620 157
1880630 157
1880640 157
1880650 157
1880660 157
1880670 157
1880680 156
1880690 156
1880700 156
1880710 156
1880720 156
1880730 156
1880740 156
1880750 156
1880760 156
1880770 156
1880780 156
1880790 156
1880800 156
1880810 156
1880820 156
1880830 156
1880840 156
1880850 156
1880860 156
1880870 156
1880880 156
1880890 156
1880900 156
1880910 156
1880920 156
1880930 156
1880940 156
1880950 156
1880960 156
1880970 156
1880980 156
1880990 156
1881000 156
1881010 156
1881020 156
1881030 156
1881040 156
1881050 156
1881060 156
1881070 156
1881080 156
1881090 156
1881100 156
1881110 156
1881120 156
1881130 156
1881140 156
1881150 156
1881160 156
1881170 156
1881180 156
1881190 156
1881200 156
1881210 156
1881220 156
1881230 156
1881240 156
1881250 156
1881260 156
1881270 156
1881280 156
1881290 156
1881300 156
1881310 156
1881320 156
1881330 156
1881340 156
1881350 156
1881360 156
1881370 156
1881380 156
1881390 156
1881400 156
1881410 156
1881420 156
1881430 156
1881440 156
1881450 156
1881460 156
1881470 156
1881480 156
1881490 156
1881500 156
1881510 156
1881520 156
1881530 156
1881540 155
1881550 155
1881560 155
1881570 155
1881580 155
1881590 155
1881600 155
1881610 155
1881620 154
1881630 153
1881640 153
1881650 153
1881660 153
1881670 153
1881680 153
1881690 153
1881700 154
1881710 155
1881720 155
1881730 155
1881740 155
1881750 155
1881760 155
1881770 155
1881780 155
1881790 155
1881800 155
1881810 155
1881820 155
