1880000 155
1880010 155
1880020 155
1880030 155
1880040 154
1880050 154
1880070 154
1880080 154
1880090 154
1880100 155
1880110 155
1880120 156
1880130 156
1880140 156
1880390 155
1881070 155
1881080 155
1881090 155
1881100 155
1881110 155
1881120 155
1881130 155
1881140 155
1881150 155
1881160 155
1881170 155
1881180 155
1881190 154
1881200 154
1881210 154
1881220 154
1881230 154
1881240 154
1881250 154
1881260 154
1881270 154
1881280 154
1881290 156
1881300 156
1881310 156
1881320 156
1881330 155
1881340 155
1881350 155
1881360 155
1881370 155
1881380 155
1881390 155
1881400 155
1881410 155
1881420 155
1881430 155
1881440 155
1881450 155
1881460 155
1881470 155
1881480 155
1881490 155
1881500 155
1881510 155
1881520 155
1881530 155
1881540 155
1881550 155
1881560 155
1881570 155
1881580 155
1881590 154
1881600 154
1881610 154
1881620 154
1881630 154
1881640 154
1881650 155
1881660 155
1881670 155
1881680 155
1881690 155
1881700 155
1880000 155
1880010 155
1880020 155
1880030 155
1880040 154
1880050 154
1880070 154
1880080 154
1880090 154
1880100 155
1880110 155
1880120 156
1880130 156
1880140 156
1880390 155
1881070 155
1881080 155
1881090 155
1881100 155
1881110 155
1881120 155
1881130 155
1881140 155
1881150 155
1881160 155
1881170 155
1881180 155
1881190 154
1881200 154
1881210 154
1881220 154
1881230 154
1881240 154
1881250 154
1881260 154
1881270 154
1881280 154
1881290 156
1881300 156
1881310 156
1881320 156
1881330 155
1881340 155
1881350 155
1881360 155
1881370 155
1881380 155
1881390 155
1881400 155
1881410 155
1881420 155
1881430 155
1881440 155
1881450 155
1881460 155
1881470 155
1881480 155
1881490 155
1881500 155
1881510 155
1881520 155
1881530 155
1881540 155
1881550 155
1881560 155
1881570 155
1881580 155
1881590 154
1881600 154
1881610 154
1881620 154
1881630 154
1881640 154
1881650 155
1881660 155
1881670 155
1881680 155
1881690 155
1881700 155
