1880000 160
1880010 160
1880020 160
1880030 160
1880040 160
1880050 160
1880060 160
1880070 160
1880080 160
1880090 160
1880100 160
1880110 160
1880120 160
1880130 160
1880140 159
1880150 159
1880160 158
1880170 157
1880180 157
1880190 157
1880200 156
1880210 156
1880220 156
1880230 156
1880240 156
1880250 155
1880260 154
1880270 154
1880280 154
1880290 154
1880300 154
1880310 154
1880320 154
1880330 154
1880340 154
1880350 154
1880360 154
1880370 154
1880380 154
1880390 154
1880400 154
1880410 154
1880420 154
1880430 154
1880440 154
1880450 154
1880460 154
1880470 154
1880480 154
1880490 154
1880500 154
1880510 154
1880520 154
1880530 154
1880540 154
1880550 154
1880560 154
1880570 154
1880580 154
1880590 154
1880600 154
1880610 154
1880620 155
1880630 155
1880640 157
1880650 157
1880660 158
1880670 157
1880680 157
1880690 158
1880700 157
1880710 157
1880720 157
1880730 157
1880740 157
1880750 157
1880760 157
1880770 157
1880780 157
1880790 157
1880800 157
1880810 156
1880820 156
1880830 156
1880840 156
1880850 156
1880860 156
1880870 156
1880880 155
1880890 155
1880900 155
1880910 155
1880920 155
1880930 156
1880940 155
1880950 155
1880960 155
1880970 155
1880980 155
1880990 155
1881000 154
1881010 154
1881020 154
1881030 154
1881040 154
1881050 154
1881060 154
1881070 154
1881080 155
1881090 156
1881100 156
1881110 156
1881120 156
1881130 156
1881140 156
1881150 156
1881160 156
1881170 156
1881180 156
1881190 156
1881200 156
1881210 156
1881220 156
1881230 156
1881240 156
1881250 156
1881260 156
1881270 156
1881280 156
1881290 156
1881300 156
1881310 156
1881320 156
1881330 156
1881340 156
1881350 156
1881360 156
1881370 156
1881380 156
1881390 156
1881400 156
1881410 156
1881420 156
1881430 155
1881440 155
1881450 155
1881460 155
1881470 155
1881480 155
1881490 155
1881500 155
1881510 155
1881520 155
1881530 155
1881540 155
1881550 155
1881560 155
1881570 155
1881580 155
1881590 155
1881600 155
1881610 155
1881620 155
1881630 155
1881640 155
1881650 155
1881660 155
1881670 155
1881680 155
1881690 155
1881700 155
1881710 155
1881720 154
1881730 154
1881740 154
1881750 154
1881760 154
1881770 154
1881780 153
1881790 153
1881800 153
1881810 154
1881820 154
1881830 154
1881840 154
1881850 154
1881860 154
1881870 155
1881880 155
1881890 155
1881900 155
1880000 160
1880010 160
1880020 160
1880030 160
1880040 160
1880050 160
1880060 160
1880070 160
1880080 160
1880090 160
1880100 160
1880110 160
1880120 160
1880130 160
1880140 159
1880150 159
1880160 158
1880170 157
1880180 157
1880190 157
1880200 156
1880210 156
1880220 156
1880230 156
1880240 156
1880250 155
1880260 154
1880270 154
1880280 154
1880290 154
1880300 154
1880310 154
1880320 154
1880330 154
1880340 154
1880350 154
1880360 154
1880370 154
1880380 154
1880390 154
1880400 154
1880410 154
1880420 154
1880430 154
1880440 154
1880450 154
1880460 154
1880470 154
1880480 154
1880490 154
1880500 154
1880510 154
1880520 154
1880530 154
1880540 154
1880550 154
1880560 154
1880570 154
1880580 154
1880590 154
1880600 154
1880610 154
1880620 155
1880630 155
1880640 157
1880650 157
1880660 158
1880670 157
1880680 157
1880690 158
1880700 157
1880710 157
1880720 157
1880730 157
1880740 157
1880750 157
1880760 157
1880770 157
1880780 157
1880790 157
1880800 157
1880810 156
1880820 156
1880830 156
1880840 156
1880850 156
1880860 156
1880870 156
1880880 155
1880890 155
1880900 155
1880910 155
1880920 155
1880930 156
1880940 155
1880950 155
1880960 155
1880970 155
1880980 155
1880990 155
1881000 154
1881010 154
1881020 154
1881030 154
1881040 154
1881050 154
1881060 154
1881070 154
1881080 155
1881090 156
1881100 156
1881110 156
1881120 156
1881130 156
1881140 156
1881150 156
1881160 156
1881170 156
1881180 156
1881190 156
1881200 156
1881210 156
1881220 156
1881230 156
1881240 156
1881250 156
1881260 156
1881270 156
1881280 156
1881290 156
1881300 156
1881310 156
1881320 156
1881330 156
1881340 156
1881350 156
1881360 156
1881370 156
1881380 156
1881390 156
1881400 156
1881410 156
1881420 156
1881430 155
1881440 155
1881450 155
1881460 155
1881470 155
1881480 155
1881490 155
1881500 155
1881510 155
1881520 155
1881530 155
1881540 155
1881550 155
1881560 155
1881570 155
1881580 155
1881590 155
1881600 155
1881610 155
1881620 155
1881630 155
1881640 155
1881650 155
1881660 155
1881670 155
1881680 155
1881690 155
1881700 155
1881710 155
1881720 154
1881730 154
1881740 154
1881750 154
1881760 154
1881770 154
1881780 153
1881790 153
1881800 153
1881810 154
1881820 154
1881830 154
1881840 154
1881850 154
1881860 154
1881870 155
1881880 155
1881890 155
1881900 155
