1881210 155
1881220 155
1881230 155
1881240 155
1881250 155
1881260 155
1881270 155
1881280 155
1881290 154
1881300 154
1881310 154
1881320 154
1881330 154
1881340 154
1881350 154
1881360 154
1881370 154
1881380 154
1881390 154
1881400 155
1881410 155
1881420 155
1881430 155
1881440 155
1881450 155
1881460 155
1881470 155
1881480 155
1881490 155
1881500 155
1881510 155
1881520 155
1881530 155
1881540 155
1881550 154
1881560 154
1881570 154
1881580 154
1881590 154
1881600 154
1881210 155
1881220 155
1881230 155
1881240 155
1881250 155
1881260 155
1881270 155
1881280 155
1881290 154
1881300 154
1881310 154
1881320 154
1881330 154
1881340 154
1881350 154
1881360 154
1881370 154
1881380 154
1881390 154
1881400 155
1881410 155
1881420 155
1881430 155
1881440 155
1881450 155
1881460 155
1881470 155
1881480 155
1881490 155
1881500 155
1881510 155
1881520 155
1881530 155
1881540 155
1881550 154
1881560 154
1881570 154
1881580 154
1881590 154
1881600 154
